234000313 2020-12-11T00:00:44.800451+09:00
2020-12-12T11:11:54 0 0 경기77바3626 3 41 234000313 228002141 160 
2020-12-12T11:11:54 0 0 경기77바3628 3 20 234000313 234000053 51 
2020-12-12T11:11:54 0 0 경기77바3493 3 38 234000313 206000318 62 
2020-12-12T11:11:54 0 0 경기77바2164 3 38 234000313 234000430 125 
2020-12-12T11:11:54 0 0 경기77바3495 3 40 234000313 121000182 82 
2020-12-12T11:11:54 0 0 경기77바2384 3 41 234000313 228000338 145 
2020-12-12T11:11:54 0 0 경기77바3484 3 41 234000313 277103678 93 
2020-12-12T11:11:54 0 0 경기77바3496 3 45 234000313 228001427 24 
2020-12-12T11:11:54 0 0 경기77바3623 3 34 234000313 234000059 113 
2020-12-12T11:11:54 0 0 경기77바3627 3 34 234000313 234001007 35 
2020-12-12T11:11:54 0 0 경기77바2351 3 38 234000313 206000237 100 
2020-12-12T11:11:54 0 0 경기77바2273 3 43 234000313 121000181 80 
2020-12-12T11:11:54 0 0 경기77바2385 3 30 234000313 277103149 68 
2020-12-12T11:11:54 0 0 경기77바3494 3 44 234000313 228000394 6 
