229000072 2020-12-02T00:00:29.585923+09:00
2020-12-02T14:23:35.694383+09:00 0 0 경기76자1780 4 72 229000072 229001394 5 
2020-12-02T14:23:35.694447+09:00 0 0 경기76자1778 4 70 229000072 277103470 13 
2020-12-02T14:24:35.928509+09:00 0 0 경기76자1780 4 72 229000072 229001394 5 
2020-12-02T14:24:35.928572+09:00 0 0 경기76자1778 4 70 229000072 277103470 13 
2020-12-02T14:25:35.022588+09:00 0 0 경기76자1780 4 72 229000072 229001394 5 
2020-12-02T14:25:35.022651+09:00 0 0 경기76자1778 4 70 229000072 277103472 14 
2020-12-02T14:26:34.726689+09:00 0 0 경기76자1780 4 72 229000072 229001545 6 
2020-12-02T14:26:34.726753+09:00 0 0 경기76자1778 4 70 229000072 277103472 14 
2020-12-02T14:27:34.550609+09:00 0 0 경기76자1780 4 72 229000072 229001545 6 
2020-12-02T14:27:34.550657+09:00 0 0 경기76자1778 4 70 229000072 277103472 14 
2020-12-02T14:28:34.224878+09:00 0 0 경기76자1780 4 72 229000072 229001545 6 
2020-12-02T14:28:34.224944+09:00 0 0 경기76자1778 4 70 229000072 277103474 15 
2020-12-02T14:29:33.168980+09:00 0 0 경기76자1780 4 72 229000072 229001553 7 
2020-12-02T14:29:33.169044+09:00 0 0 경기76자1778 4 70 229000072 277103474 15 
2020-12-02T14:30:32.733014+09:00 0 0 경기76자1780 4 72 229000072 229001553 7 
2020-12-02T14:30:32.733113+09:00 0 0 경기76자1778 4 70 229000072 277103478 16 
2020-12-02T14:31:32.037148+09:00 0 0 경기76자1780 4 72 229000072 229001422 8 
2020-12-02T14:31:32.037211+09:00 0 0 경기76자1778 4 70 229000072 277103478 16 
2020-12-02T14:32:31.561210+09:00 0 0 경기76자1780 4 72 229000072 229001431 9 
2020-12-02T14:32:31.561273+09:00 0 0 경기76자1778 4 70 229000072 277103478 16 
2020-12-02T14:33:31.385326+09:00 0 0 경기76자1780 4 72 229000072 229001501 10 
2020-12-02T14:33:31.385400+09:00 0 0 경기76자1778 4 70 229000072 277103478 16 
2020-12-02T14:34:31.349476+09:00 0 0 경기76자1780 4 72 229000072 229001501 10 
2020-12-02T14:34:31.349542+09:00 0 0 경기76자1778 4 70 229000072 113000021 17 
2020-12-02T14:35:30.693700+09:00 0 0 경기76자1780 4 72 229000072 229001501 10 
2020-12-02T14:35:30.693762+09:00 0 0 경기76자1778 4 70 229000072 113000021 17 
2020-12-02T14:36:30.597580+09:00 0 0 경기76자1780 4 72 229000072 229001501 10 
2020-12-02T14:36:30.597640+09:00 0 0 경기76자1778 4 71 229000072 113000021 17 
2020-12-02T14:37:30.401712+09:00 0 0 경기76자1780 4 72 229000072 229001501 10 
2020-12-02T14:37:30.401776+09:00 0 0 경기76자1778 4 71 229000072 113000021 17 
2020-12-02T14:38:29.975817+09:00 0 0 경기76자1780 4 72 229000072 277103466 11 
2020-12-02T14:38:29.975883+09:00 0 0 경기76자1778 4 71 229000072 113000021 17 
2020-12-02T14:39:29.589919+09:00 0 0 경기76자1780 4 72 229000072 277103466 11 
2020-12-02T14:39:29.589982+09:00 0 0 경기76자1778 4 71 229000072 113000021 17 
2020-12-02T14:40:29.194069+09:00 0 0 경기76자1780 4 72 229000072 277103466 11 
2020-12-02T14:40:29.194134+09:00 0 0 경기76자1778 4 71 229000072 111000007 18 
2020-12-02T14:41:29.098168+09:00 0 0 경기76자1780 4 72 229000072 277103466 11 
2020-12-02T14:41:29.098232+09:00 0 0 경기76자1778 4 71 229000072 111000007 18 
2020-12-02T14:42:28.712389+09:00 0 0 경기76자1780 4 72 229000072 277103468 12 
2020-12-02T14:42:28.712452+09:00 0 0 경기76자1778 4 71 229000072 111000007 18 
2020-12-02T14:42:28.712472+09:00 0 0 경기76자1751 4 72 229000072 277102468 2 
2020-12-02T14:43:28.577085+09:00 0 0 경기76자1780 4 72 229000072 277103468 12 
2020-12-02T14:43:28.577149+09:00 0 0 경기76자1778 4 71 229000072 111000007 18 
2020-12-02T14:43:28.577169+09:00 0 0 경기76자1751 4 72 229000072 277102468 2 
2020-12-02T14:44:27.590774+09:00 0 0 경기76자1780 4 72 229000072 277103470 13 
2020-12-02T14:44:27.590836+09:00 0 0 경기76자1751 4 72 229000072 277103813 3 
2020-12-02T14:44:27.590857+09:00 0 0 경기76자1778 4 71 229000072 111000007 18 
2020-12-02T14:45:27.206304+09:00 0 0 경기76자1780 4 72 229000072 277103470 13 
2020-12-02T14:45:27.206365+09:00 0 0 경기76자1778 4 71 229000072 111000007 18 
2020-12-02T14:45:27.206390+09:00 0 0 경기76자1751 4 72 229000072 277103813 3 
2020-12-02T14:46:26.749290+09:00 0 0 경기76자1780 4 72 229000072 277103470 13 
2020-12-02T14:46:26.749353+09:00 0 0 경기76자1751 4 72 229000072 277103813 3 
2020-12-02T14:46:26.749373+09:00 0 0 경기76자1778 4 71 229000072 111000007 18 
2020-12-02T14:47:26.623501+09:00 0 0 경기76자1780 4 72 229000072 277103470 13 
2020-12-02T14:47:26.623562+09:00 0 0 경기76자1751 4 72 229000072 277103813 3 
2020-12-02T14:47:26.623583+09:00 0 0 경기76자1778 4 71 229000072 111000007 18 
2020-12-02T14:48:26.447551+09:00 0 0 경기76자1780 4 72 229000072 277103472 14 
2020-12-02T14:48:26.447613+09:00 0 0 경기76자1751 4 72 229000072 277103813 3 
2020-12-02T14:48:26.447633+09:00 0 0 경기76자1778 4 71 229000072 111000007 18 
2020-12-02T14:49:25.881762+09:00 0 0 경기76자1780 4 72 229000072 277103472 14 
2020-12-02T14:49:25.881827+09:00 0 0 경기76자1751 4 72 229000072 277102285 4 
2020-12-02T14:49:25.881848+09:00 0 0 경기76자1778 4 71 229000072 112000012 19 
2020-12-02T14:50:25.685954+09:00 0 0 경기76자1780 4 72 229000072 277103474 15 
2020-12-02T14:50:25.686017+09:00 0 0 경기76자1751 4 72 229000072 277102285 4 
2020-12-02T14:50:25.686038+09:00 0 0 경기76자1778 4 71 229000072 112000016 21 
2020-12-02T14:51:25.400131+09:00 0 0 경기76자1780 4 72 229000072 277103474 15 
2020-12-02T14:51:25.400192+09:00 0 0 경기76자1751 4 72 229000072 277102285 4 
2020-12-02T14:51:25.400212+09:00 0 0 경기76자1778 4 71 229000072 112000016 21 
2020-12-02T14:52:24.344193+09:00 0 0 경기76자1780 4 72 229000072 277103478 16 
2020-12-02T14:52:24.344266+09:00 0 0 경기76자1751 4 72 229000072 229001394 5 
2020-12-02T14:52:24.344286+09:00 0 0 경기76자1778 4 71 229000072 277104397 22 
2020-12-02T14:53:24.288412+09:00 0 0 경기76자1780 4 72 229000072 277103478 16 
2020-12-02T14:53:24.288476+09:00 0 0 경기76자1751 4 72 229000072 229001394 5 
2020-12-02T14:53:24.288496+09:00 0 0 경기76자1778 4 71 229000072 277104397 22 
2020-12-02T14:54:28.272837+09:00 0 0 경기76자1780 4 72 229000072 277103478 16 
2020-12-02T14:54:28.272898+09:00 0 0 경기76자1778 4 71 229000072 277104397 22 
2020-12-02T14:54:28.272919+09:00 0 0 경기76자1751 4 72 229000072 229001394 5 
2020-12-02T14:55:22.876666+09:00 0 0 경기76자1780 4 72 229000072 277103478 16 
2020-12-02T14:55:22.876728+09:00 0 0 경기76자1778 4 71 229000072 277103099 23 
2020-12-02T14:55:22.876748+09:00 0 0 경기76자1751 4 72 229000072 229001545 6 
2020-12-02T14:56:22.860798+09:00 0 0 경기76자1780 4 72 229000072 113000021 17 
2020-12-02T14:56:22.860860+09:00 0 0 경기76자1751 4 72 229000072 229001545 6 
2020-12-02T14:56:22.860881+09:00 0 0 경기76자1778 4 71 229000072 277103099 23 
2020-12-02T14:57:23.015003+09:00 0 0 경기76자1780 4 72 229000072 113000021 17 
2020-12-02T14:57:23.015070+09:00 0 0 경기76자1778 4 71 229000072 277103099 23 
2020-12-02T14:57:23.015090+09:00 0 0 경기76자1751 4 72 229000072 229001553 7 
2020-12-02T14:58:22.005679+09:00 0 0 경기76자1780 4 72 229000072 113000021 17 
2020-12-02T14:58:22.005740+09:00 0 0 경기76자1778 4 71 229000072 100000034 24 
2020-12-02T14:58:22.005763+09:00 0 0 경기76자1751 4 72 229000072 229001553 7 
2020-12-02T14:59:22.203331+09:00 0 0 경기76자1780 4 72 229000072 113000021 17 
2020-12-02T14:59:22.203393+09:00 0 0 경기76자1778 4 71 229000072 100000034 24 
2020-12-02T14:59:22.203414+09:00 0 0 경기76자1751 4 72 229000072 229001422 8 
2020-12-02T15:00:21.177352+09:00 0 0 경기76자1780 4 72 229000072 113000021 17 
2020-12-02T15:00:21.177419+09:00 0 0 경기76자1778 4 70 229000072 100000034 24 
2020-12-02T15:00:21.177439+09:00 0 0 경기76자1751 4 72 229000072 229001431 9 
2020-12-02T15:01:20.671449+09:00 0 0 경기76자1780 4 72 229000072 111000007 18 
2020-12-02T15:01:20.671509+09:00 0 0 경기76자1751 4 72 229000072 229001501 10 
2020-12-02T15:01:20.671529+09:00 0 0 경기76자1778 4 70 229000072 277104283 25 
2020-12-02T15:02:20.505734+09:00 0 0 경기76자1780 4 72 229000072 111000007 18 
2020-12-02T15:02:20.505795+09:00 0 0 경기76자1751 4 70 229000072 229001501 10 
2020-12-02T15:02:20.505815+09:00 0 0 경기76자1778 4 70 229000072 101000128 26 
2020-12-02T15:03:20.059743+09:00 0 0 경기76자1780 4 72 229000072 111000007 18 
2020-12-02T15:03:20.059818+09:00 0 0 경기76자1778 4 70 229000072 101000128 26 
2020-12-02T15:03:20.059838+09:00 0 0 경기76자1751 4 70 229000072 229001501 10 
2020-12-02T15:04:19.453876+09:00 0 0 경기76자1780 4 72 229000072 111000007 18 
2020-12-02T15:04:19.453936+09:00 0 0 경기76자1778 4 70 229000072 101000128 26 
2020-12-02T15:04:19.453957+09:00 0 0 경기76자1751 4 70 229000072 229001501 10 
2020-12-02T15:05:19.077949+09:00 0 0 경기76자1780 4 72 229000072 111000007 18 
2020-12-02T15:05:19.078011+09:00 0 0 경기76자1751 4 70 229000072 229001501 10 
2020-12-02T15:05:19.078031+09:00 0 0 경기76자1778 4 70 229000072 101000022 27 
2020-12-02T15:06:19.162188+09:00 0 0 경기76자1780 4 72 229000072 111000007 18 
2020-12-02T15:06:19.162252+09:00 0 0 경기76자1778 4 70 229000072 277101885 28 
2020-12-02T15:06:19.162271+09:00 0 0 경기76자1751 4 70 229000072 229001501 10 
2020-12-02T15:07:18.296353+09:00 0 0 경기76자1780 4 72 229000072 111000007 18 
2020-12-02T15:07:18.296415+09:00 0 0 경기76자1778 4 70 229000072 277101993 29 
2020-12-02T15:07:18.296437+09:00 0 0 경기76자1751 4 70 229000072 229001501 10 
2020-12-02T15:08:18.290364+09:00 0 0 경기76자1780 4 72 229000072 111000007 18 
2020-12-02T15:08:18.290425+09:00 0 0 경기76자1778 4 70 229000072 101000020 30 
2020-12-02T15:08:18.290444+09:00 0 0 경기76자1751 4 70 229000072 277103466 11 
2020-12-02T15:09:17.304583+09:00 0 0 경기76자1780 4 72 229000072 111000007 18 
2020-12-02T15:09:17.304647+09:00 0 0 경기76자1751 4 70 229000072 277103466 11 
2020-12-02T15:09:17.304667+09:00 0 0 경기76자1778 4 70 229000072 101000020 30 
2020-12-02T15:10:17.128694+09:00 0 0 경기76자1780 4 72 229000072 111000007 18 
2020-12-02T15:10:17.128755+09:00 0 0 경기76자1778 4 70 229000072 101000020 30 
2020-12-02T15:10:17.128775+09:00 0 0 경기76자1751 4 70 229000072 277103466 11 
2020-12-02T15:11:16.852769+09:00 0 0 경기76자1780 4 72 229000072 112000012 19 
2020-12-02T15:11:16.852831+09:00 0 0 경기76자1778 4 70 229000072 101000020 30 
2020-12-02T15:11:16.852851+09:00 0 0 경기76자1751 4 70 229000072 277103466 11 
2020-12-02T15:12:16.886959+09:00 0 0 경기76자1780 4 72 229000072 112000012 19 
2020-12-02T15:12:16.887022+09:00 0 0 경기76자1751 4 70 229000072 277103468 12 
2020-12-02T15:12:16.887042+09:00 0 0 경기76자1778 4 70 229000072 277102320 31 
2020-12-02T15:13:16.391143+09:00 0 0 경기76자1780 4 72 229000072 112000016 21 
2020-12-02T15:13:16.391204+09:00 0 0 경기76자1751 4 70 229000072 277103468 12 
2020-12-02T15:13:16.391224+09:00 0 0 경기76자1778 4 70 229000072 277102320 31 
2020-12-02T15:14:16.055116+09:00 0 0 경기76자1780 4 72 229000072 112000016 21 
2020-12-02T15:14:16.055179+09:00 0 0 경기76자1778 4 70 229000072 277102320 31 
2020-12-02T15:14:16.055201+09:00 0 0 경기76자1751 4 70 229000072 277103470 13 
2020-12-02T15:15:15.529285+09:00 0 0 경기76자1780 4 72 229000072 277104397 22 
2020-12-02T15:15:15.529345+09:00 0 0 경기76자1751 4 70 229000072 277103470 13 
2020-12-02T15:15:15.529365+09:00 0 0 경기76자1778 4 70 229000072 277104396 32 
2020-12-02T15:16:15.303227+09:00 0 0 경기76자1780 4 72 229000072 277104397 22 
2020-12-02T15:16:15.303270+09:00 0 0 경기76자1751 4 70 229000072 277103470 13 
2020-12-02T15:16:15.303291+09:00 0 0 경기76자1778 4 70 229000072 277104396 32 
2020-12-02T15:17:15.107614+09:00 0 0 경기76자1780 4 72 229000072 277104397 22 
2020-12-02T15:17:15.107678+09:00 0 0 경기76자1751 4 70 229000072 277103470 13 
2020-12-02T15:17:15.107698+09:00 0 0 경기76자1778 4 70 229000072 112000017 33 
2020-12-02T15:18:14.811638+09:00 0 0 경기76자1780 4 72 229000072 277103099 23 
2020-12-02T15:18:14.811704+09:00 0 0 경기76자1778 4 69 229000072 112000017 33 
2020-12-02T15:18:14.811724+09:00 0 0 경기76자1751 4 70 229000072 277103472 14 
2020-12-02T15:19:14.745913+09:00 0 0 경기76자1780 4 72 229000072 277103099 23 
2020-12-02T15:19:14.745976+09:00 0 0 경기76자1751 4 70 229000072 277103472 14 
2020-12-02T15:19:14.745995+09:00 0 0 경기76자1778 4 69 229000072 112000017 33 
2020-12-02T15:20:13.439873+09:00 0 0 경기76자1780 4 72 229000072 100000034 24 
2020-12-02T15:20:13.439940+09:00 0 0 경기76자1751 4 70 229000072 277103472 14 
2020-12-02T15:20:13.439961+09:00 0 0 경기76자1778 4 69 229000072 112000013 34 
2020-12-02T15:21:13.163992+09:00 0 0 경기76자1780 4 72 229000072 100000034 24 
2020-12-02T15:21:13.164056+09:00 0 0 경기76자1751 4 70 229000072 277103474 15 
2020-12-02T15:21:13.164077+09:00 0 0 경기76자1778 4 69 229000072 112000013 34 
2020-12-02T15:22:12.847996+09:00 0 0 경기76자1780 4 69 229000072 100000034 24 
2020-12-02T15:22:12.848058+09:00 0 0 경기76자1778 4 69 229000072 112000013 34 
2020-12-02T15:22:12.848078+09:00 0 0 경기76자1751 4 70 229000072 277103478 16 
2020-12-02T15:23:12.842151+09:00 0 0 경기76자1780 4 68 229000072 101000128 26 
2020-12-02T15:23:12.842212+09:00 0 0 경기76자1751 4 70 229000072 277103478 16 
2020-12-02T15:23:12.842232+09:00 0 0 경기76자1778 4 69 229000072 112000013 34 
2020-12-02T15:24:12.506244+09:00 0 0 경기76자1780 4 68 229000072 101000128 26 
2020-12-02T15:24:12.506305+09:00 0 0 경기76자1751 4 70 229000072 277103478 16 
2020-12-02T15:24:12.506326+09:00 0 0 경기76자1778 4 69 229000072 112000013 34 
2020-12-02T15:25:12.330433+09:00 0 0 경기76자1780 4 68 229000072 101000128 26 
2020-12-02T15:25:12.330493+09:00 0 0 경기76자1778 4 69 229000072 112000013 34 
2020-12-02T15:25:12.330516+09:00 0 0 경기76자1751 4 70 229000072 277103478 16 
2020-12-02T15:26:12.304623+09:00 0 0 경기76자1780 4 68 229000072 101000128 26 
2020-12-02T15:26:12.304686+09:00 0 0 경기76자1778 4 69 229000072 112000013 34 
2020-12-02T15:26:12.304707+09:00 0 0 경기76자1751 4 71 229000072 277103478 16 
2020-12-02T15:27:10.898669+09:00 0 0 경기76자1780 4 65 229000072 101000022 27 
2020-12-02T15:27:10.898733+09:00 0 0 경기76자1778 4 69 229000072 112000013 34 
2020-12-02T15:27:10.898754+09:00 0 0 경기76자1751 4 71 229000072 113000021 17 
2020-12-02T15:28:10.792785+09:00 0 0 경기76자1780 4 65 229000072 277101885 28 
2020-12-02T15:28:10.792848+09:00 0 0 경기76자1778 4 69 229000072 112000013 34 
2020-12-02T15:28:10.792868+09:00 0 0 경기76자1751 4 71 229000072 113000021 17 
2020-12-02T15:29:09.756836+09:00 0 0 경기76자1780 4 65 229000072 277101993 29 
2020-12-02T15:29:09.756901+09:00 0 0 경기76자1778 4 69 229000072 111000008 35 
2020-12-02T15:29:09.756920+09:00 0 0 경기76자1751 4 71 229000072 113000021 17 
2020-12-02T15:30:09.861187+09:00 0 0 경기76자1780 4 65 229000072 277101993 29 
2020-12-02T15:30:09.861248+09:00 0 0 경기76자1778 4 69 229000072 111000008 35 
2020-12-02T15:30:09.861268+09:00 0 0 경기76자1751 4 71 229000072 113000021 17 
2020-12-02T15:31:08.735084+09:00 0 0 경기76자1780 4 65 229000072 101000020 30 
2020-12-02T15:31:08.735148+09:00 0 0 경기76자1751 4 72 229000072 111000007 18 
2020-12-02T15:31:08.735168+09:00 0 0 경기76자1778 4 69 229000072 111000008 35 
2020-12-02T15:32:08.819287+09:00 0 0 경기76자1780 4 65 229000072 101000020 30 
2020-12-02T15:32:08.819348+09:00 0 0 경기76자1778 4 69 229000072 111000008 35 
2020-12-02T15:32:08.819368+09:00 0 0 경기76자1751 4 72 229000072 111000007 18 
2020-12-02T15:33:07.593343+09:00 0 0 경기76자1780 4 65 229000072 101000020 30 
2020-12-02T15:33:07.593413+09:00 0 0 경기76자1778 4 69 229000072 111000008 35 
2020-12-02T15:33:07.593433+09:00 0 0 경기76자1751 4 72 229000072 111000007 18 
2020-12-02T15:34:07.537348+09:00 0 0 경기76자1780 4 65 229000072 101000020 30 
2020-12-02T15:34:07.537410+09:00 0 0 경기76자1751 4 72 229000072 111000007 18 
2020-12-02T15:34:07.537431+09:00 0 0 경기76자1778 4 69 229000072 113000022 36 
2020-12-02T15:35:07.251467+09:00 0 0 경기76자1780 4 65 229000072 277102320 31 
2020-12-02T15:35:07.251535+09:00 0 0 경기76자1751 4 72 229000072 111000007 18 
2020-12-02T15:35:07.251556+09:00 0 0 경기76자1778 4 68 229000072 113000022 36 
2020-12-02T15:36:06.975789+09:00 0 0 경기76자1780 4 65 229000072 277102320 31 
2020-12-02T15:36:06.975851+09:00 0 0 경기76자1778 4 68 229000072 113000022 36 
2020-12-02T15:36:06.975871+09:00 0 0 경기76자1751 4 72 229000072 111000007 18 
2020-12-02T15:37:06.629834+09:00 0 0 경기76자1780 4 65 229000072 277102320 31 
2020-12-02T15:37:06.629897+09:00 0 0 경기76자1778 4 68 229000072 113000022 36 
2020-12-02T15:37:06.629918+09:00 0 0 경기76자1751 4 72 229000072 111000007 18 
2020-12-02T15:38:06.083956+09:00 0 0 경기76자1780 4 65 229000072 277102320 31 
2020-12-02T15:38:06.084021+09:00 0 0 경기76자1751 4 72 229000072 111000007 18 
2020-12-02T15:38:06.084041+09:00 0 0 경기76자1778 4 68 229000072 113000022 36 
2020-12-02T15:39:06.118131+09:00 0 0 경기76자1780 4 65 229000072 277104396 32 
2020-12-02T15:39:06.118192+09:00 0 0 경기76자1751 4 72 229000072 111000007 18 
2020-12-02T15:39:06.118212+09:00 0 0 경기76자1778 4 68 229000072 277103479 37 
2020-12-02T15:40:04.962190+09:00 0 0 경기76자1780 4 65 229000072 277104396 32 
2020-12-02T15:40:04.962252+09:00 0 0 경기76자1778 4 68 229000072 277103479 37 
2020-12-02T15:40:04.962273+09:00 0 0 경기76자1751 4 72 229000072 112000012 19 
2020-12-02T15:41:04.456243+09:00 0 0 경기76자1780 4 64 229000072 112000017 33 
2020-12-02T15:41:04.456307+09:00 0 0 경기76자1751 4 72 229000072 277101784 20 
2020-12-02T15:41:04.456327+09:00 0 0 경기76자1778 4 68 229000072 277103475 38 
2020-12-02T15:42:04.160464+09:00 0 0 경기76자1780 4 64 229000072 112000017 33 
2020-12-02T15:42:04.160527+09:00 0 0 경기76자1778 4 68 229000072 277103475 38 
2020-12-02T15:42:04.160559+09:00 0 0 경기76자1751 4 72 229000072 112000016 21 
2020-12-02T15:43:03.924506+09:00 0 0 경기76자1780 4 64 229000072 112000017 33 
2020-12-02T15:43:03.924568+09:00 0 0 경기76자1778 4 68 229000072 277103475 38 
2020-12-02T15:43:03.924588+09:00 0 0 경기76자1751 4 72 229000072 277104397 22 
2020-12-02T15:44:03.698436+09:00 0 0 경기76자1780 4 64 229000072 112000013 34 
2020-12-02T15:44:03.698482+09:00 0 0 경기76자1778 4 68 229000072 277103473 39 
2020-12-02T15:44:03.698502+09:00 0 0 경기76자1751 4 72 229000072 277104397 22 
2020-12-02T15:45:03.542703+09:00 0 0 경기76자1780 4 64 229000072 112000013 34 
2020-12-02T15:45:03.542764+09:00 0 0 경기76자1751 4 72 229000072 277104397 22 
2020-12-02T15:45:03.542784+09:00 0 0 경기76자1778 4 68 229000072 277103473 39 
2020-12-02T15:46:03.327014+09:00 0 0 경기76자1780 4 64 229000072 112000013 34 
2020-12-02T15:46:03.327078+09:00 0 0 경기76자1778 4 68 229000072 277103473 39 
2020-12-02T15:46:03.327098+09:00 0 0 경기76자1751 4 72 229000072 277103099 23 
2020-12-02T15:47:03.040961+09:00 0 0 경기76자1780 4 64 229000072 112000013 34 
2020-12-02T15:47:03.041022+09:00 0 0 경기76자1778 4 68 229000072 277103473 39 
2020-12-02T15:47:03.041078+09:00 0 0 경기76자1751 4 72 229000072 277103099 23 
2020-12-02T15:48:02.925123+09:00 0 0 경기76자1780 4 64 229000072 112000013 34 
2020-12-02T15:48:02.925187+09:00 0 0 경기76자1751 4 72 229000072 277103099 23 
2020-12-02T15:48:02.925209+09:00 0 0 경기76자1778 4 68 229000072 277103471 40 
2020-12-02T15:49:02.729282+09:00 0 0 경기76자1780 4 64 229000072 112000013 34 
2020-12-02T15:49:02.729352+09:00 0 0 경기76자1778 4 68 229000072 277103471 40 
2020-12-02T15:49:02.729372+09:00 0 0 경기76자1751 4 72 229000072 100000034 24 
2020-12-02T15:50:02.363248+09:00 0 0 경기76자1780 4 64 229000072 112000013 34 
2020-12-02T15:50:02.363310+09:00 0 0 경기76자1751 4 72 229000072 100000034 24 
2020-12-02T15:50:02.363330+09:00 0 0 경기76자1778 4 68 229000072 277103471 40 
2020-12-02T15:51:02.107317+09:00 0 0 경기76자1780 4 64 229000072 112000013 34 
2020-12-02T15:51:02.107383+09:00 0 0 경기76자1778 4 68 229000072 277103471 40 
2020-12-02T15:51:02.107403+09:00 0 0 경기76자1751 4 71 229000072 100000034 24 
2020-12-02T15:52:01.691348+09:00 0 0 경기76자1780 4 64 229000072 111000008 35 
2020-12-02T15:52:01.691413+09:00 0 0 경기76자1751 4 71 229000072 100000034 24 
2020-12-02T15:52:01.691434+09:00 0 0 경기76자1778 4 68 229000072 277103469 41 
2020-12-02T15:53:01.685495+09:00 0 0 경기76자1780 4 64 229000072 111000008 35 
2020-12-02T15:53:01.685564+09:00 0 0 경기76자1778 4 68 229000072 277103467 42 
2020-12-02T15:53:01.685585+09:00 0 0 경기76자1751 4 71 229000072 101000128 26 
2020-12-02T15:54:01.329279+09:00 0 0 경기76자1780 4 64 229000072 111000008 35 
2020-12-02T15:54:01.329341+09:00 0 0 경기76자1751 4 71 229000072 101000128 26 
2020-12-02T15:54:01.329361+09:00 0 0 경기76자1778 4 68 229000072 277103467 42 
2020-12-02T15:55:01.013385+09:00 0 0 경기76자1780 4 64 229000072 111000008 35 
2020-12-02T15:55:01.013447+09:00 0 0 경기76자1751 4 71 229000072 101000128 26 
2020-12-02T15:55:01.013468+09:00 0 0 경기76자1778 4 68 229000072 277103467 42 
2020-12-02T15:56:00.787564+09:00 0 0 경기76자1780 4 64 229000072 113000022 36 
2020-12-02T15:56:00.787626+09:00 0 0 경기76자1751 4 71 229000072 101000128 26 
2020-12-02T15:56:00.787646+09:00 0 0 경기76자1778 4 68 229000072 277103467 42 
2020-12-02T15:57:00.561596+09:00 0 0 경기76자1780 4 63 229000072 113000022 36 
2020-12-02T15:57:00.561660+09:00 0 0 경기76자1751 4 71 229000072 101000128 26 
2020-12-02T15:57:00.561681+09:00 0 0 경기76자1778 4 68 229000072 277103467 42 
2020-12-02T15:58:00.395536+09:00 0 0 경기76자1780 4 63 229000072 113000022 36 
2020-12-02T15:58:00.395598+09:00 0 0 경기76자1778 4 68 229000072 277103467 42 
2020-12-02T15:58:00.395617+09:00 0 0 경기76자1751 4 71 229000072 101000022 27 
2020-12-02T15:59:00.309600+09:00 0 0 경기76자1780 4 63 229000072 113000022 36 
2020-12-02T15:59:00.309664+09:00 0 0 경기76자1778 4 69 229000072 229001502 43 
2020-12-02T15:59:00.309684+09:00 0 0 경기76자1751 4 71 229000072 277101885 28 
2020-12-02T16:00:00.103860+09:00 0 0 경기76자1780 4 63 229000072 113000022 36 
2020-12-02T16:00:00.103923+09:00 0 0 경기76자1778 4 69 229000072 229001502 43 
2020-12-02T16:00:00.103944+09:00 0 0 경기76자1751 4 71 229000072 277101993 29 
2020-12-02T16:00:59.657743+09:00 0 0 경기76자1780 4 63 229000072 277103479 37 
2020-12-02T16:00:59.657803+09:00 0 0 경기76자1751 4 71 229000072 101000020 30 
2020-12-02T16:00:59.657824+09:00 0 0 경기76자1778 4 70 229000072 229001502 43 
2020-12-02T16:01:59.411800+09:00 0 0 경기76자1780 4 63 229000072 277103479 37 
2020-12-02T16:01:59.411860+09:00 0 0 경기76자1751 4 71 229000072 101000020 30 
2020-12-02T16:01:59.411880+09:00 0 0 경기76자1778 4 71 229000072 229001432 44 
2020-12-02T16:02:59.035902+09:00 0 0 경기76자1780 4 63 229000072 277103475 38 
2020-12-02T16:02:59.035965+09:00 0 0 경기76자1778 4 71 229000072 229001432 44 
2020-12-02T16:02:59.035985+09:00 0 0 경기76자1751 4 71 229000072 101000020 30 
2020-12-02T16:03:58.889992+09:00 0 0 경기76자1780 4 63 229000072 277103475 38 
2020-12-02T16:03:58.890052+09:00 0 0 경기76자1778 4 71 229000072 229001432 44 
2020-12-02T16:03:58.890073+09:00 0 0 경기76자1751 4 71 229000072 101000020 30 
2020-12-02T16:04:58.654131+09:00 0 0 경기76자1780 4 63 229000072 277103473 39 
2020-12-02T16:04:58.654191+09:00 0 0 경기76자1751 4 71 229000072 277102320 31 
2020-12-02T16:04:58.654211+09:00 0 0 경기76자1778 4 71 229000072 229001554 46 
2020-12-02T16:05:58.208115+09:00 0 0 경기76자1780 4 63 229000072 277103473 39 
2020-12-02T16:05:58.208181+09:00 0 0 경기76자1778 4 71 229000072 229001546 47 
2020-12-02T16:05:58.208202+09:00 0 0 경기76자1751 4 71 229000072 277102320 31 
2020-12-02T16:06:58.012204+09:00 0 0 경기76자1780 4 63 229000072 277103473 39 
2020-12-02T16:06:58.012268+09:00 0 0 경기76자1751 4 71 229000072 277102320 31 
2020-12-02T16:06:58.012289+09:00 0 0 경기76자1778 4 72 229000072 229001546 47 
2020-12-02T16:07:57.856331+09:00 0 0 경기76자1780 4 63 229000072 277103473 39 
2020-12-02T16:07:57.856392+09:00 0 0 경기76자1778 4 72 229000072 229001546 47 
2020-12-02T16:07:57.856424+09:00 0 0 경기76자1751 4 71 229000072 277104396 32 
2020-12-02T16:08:57.490502+09:00 0 0 경기76자1780 4 63 229000072 277103473 39 
2020-12-02T16:08:57.490582+09:00 0 0 경기76자1778 4 72 229000072 229001546 47 
2020-12-02T16:08:57.490603+09:00 0 0 경기76자1751 4 71 229000072 112000017 33 
2020-12-02T16:09:57.074583+09:00 0 0 경기76자1780 4 63 229000072 277103471 40 
2020-12-02T16:09:57.074646+09:00 0 0 경기76자1751 4 71 229000072 112000017 33 
2020-12-02T16:09:57.074666+09:00 0 0 경기76자1778 4 72 229000072 229000930 48 
2020-12-02T16:10:56.550953+09:00 0 0 경기76자1780 4 63 229000072 277103471 40 
2020-12-02T16:10:56.551015+09:00 0 0 경기76자1778 4 72 229000072 229000930 48 
2020-12-02T16:10:56.551035+09:00 0 0 경기76자1751 4 71 229000072 112000013 34 
2020-12-02T16:11:56.672689+09:00 0 0 경기76자1780 4 63 229000072 277103471 40 
2020-12-02T16:11:56.672754+09:00 0 0 경기76자1751 4 69 229000072 112000013 34 
2020-12-02T16:11:56.672775+09:00 0 0 경기76자1778 4 72 229000072 229000930 48 
2020-12-02T16:12:56.417083+09:00 0 0 경기76자1780 4 63 229000072 277103471 40 
2020-12-02T16:12:56.417152+09:00 0 0 경기76자1751 4 69 229000072 112000013 34 
2020-12-02T16:12:56.417171+09:00 0 0 경기76자1778 4 72 229000072 229000930 48 
2020-12-02T16:13:55.900787+09:00 0 0 경기76자1780 4 63 229000072 277103469 41 
2020-12-02T16:13:55.900857+09:00 0 0 경기76자1778 4 72 229000072 229000930 48 
2020-12-02T16:13:55.900877+09:00 0 0 경기76자1751 4 69 229000072 112000013 34 
2020-12-02T16:14:55.965083+09:00 0 0 경기76자1780 4 63 229000072 277103467 42 
2020-12-02T16:14:55.965145+09:00 0 0 경기76자1778 4 72 229000072 229000930 48 
2020-12-02T16:14:55.965165+09:00 0 0 경기76자1751 4 69 229000072 112000013 34 
2020-12-02T16:15:55.169734+09:00 0 0 경기76자1780 4 63 229000072 277103467 42 
2020-12-02T16:15:55.169796+09:00 0 0 경기76자1778 4 72 229000072 229000930 48 
2020-12-02T16:15:55.169816+09:00 0 0 경기76자1751 4 69 229000072 112000013 34 
2020-12-02T16:16:54.893232+09:00 0 0 경기76자1780 4 63 229000072 277103467 42 
2020-12-02T16:16:54.893294+09:00 0 0 경기76자1751 4 69 229000072 112000013 34 
2020-12-02T16:16:54.893314+09:00 0 0 경기76자1778 4 72 229000072 229000930 48 
2020-12-02T16:17:54.657307+09:00 0 0 경기76자1780 4 63 229000072 277103467 42 
2020-12-02T16:17:54.657370+09:00 0 0 경기76자1778 4 72 229000072 229000930 48 
2020-12-02T16:17:54.657391+09:00 0 0 경기76자1751 4 69 229000072 112000013 34 
2020-12-02T16:18:54.371426+09:00 0 0 경기76자1780 4 64 229000072 229001502 43 
2020-12-02T16:18:54.371489+09:00 0 0 경기76자1778 4 72 229000072 229000930 48 
2020-12-02T16:18:54.371510+09:00 0 0 경기76자1751 4 69 229000072 112000013 34 
2020-12-02T16:19:53.675801+09:00 0 0 경기76자1780 4 66 229000072 229001502 43 
2020-12-02T16:19:53.675864+09:00 0 0 경기76자1778 4 72 229000072 229000930 48 
2020-12-02T16:19:53.675883+09:00 0 0 경기76자1751 4 69 229000072 112000013 34 
2020-12-02T16:20:52.810195+09:00 0 0 경기76자1780 4 66 229000072 229001502 43 
2020-12-02T16:20:52.810256+09:00 0 0 경기76자1778 4 72 229000072 229000930 48 
2020-12-02T16:20:52.810276+09:00 0 0 경기76자1751 4 69 229000072 112000013 34 
2020-12-02T16:21:52.803764+09:00 0 0 경기76자1780 4 69 229000072 229001432 44 
2020-12-02T16:21:52.803828+09:00 0 0 경기76자1778 4 72 229000072 229000930 48 
2020-12-02T16:21:52.803849+09:00 0 0 경기76자1751 4 69 229000072 111000008 35 
2020-12-02T16:22:52.777792+09:00 0 0 경기76자1780 4 69 229000072 229001432 44 
2020-12-02T16:22:52.777853+09:00 0 0 경기76자1778 4 72 229000072 229000930 48 
2020-12-02T16:22:52.777873+09:00 0 0 경기76자1751 4 69 229000072 111000008 35 
2020-12-02T16:23:51.391731+09:00 0 0 경기76자1780 4 69 229000072 229001432 44 
2020-12-02T16:23:51.391791+09:00 0 0 경기76자1778 4 72 229000072 229000930 48 
2020-12-02T16:23:51.391810+09:00 0 0 경기76자1751 4 69 229000072 111000008 35 
2020-12-02T16:24:50.964369+09:00 0 0 경기76자1780 4 72 229000072 229001423 45 
2020-12-02T16:24:50.964429+09:00 0 0 경기76자1778 4 72 229000072 229000930 48 
2020-12-02T16:24:50.964452+09:00 0 0 경기76자1751 4 69 229000072 111000008 35 
2020-12-02T16:25:50.809085+09:00 0 0 경기76자1780 4 72 229000072 229001554 46 
2020-12-02T16:25:50.809135+09:00 0 0 경기76자1778 4 72 229000072 229000930 48 
2020-12-02T16:25:50.809158+09:00 0 0 경기76자1751 4 69 229000072 111000008 35 
2020-12-02T16:26:50.673659+09:00 0 0 경기76자1780 4 72 229000072 229001554 46 
2020-12-02T16:26:50.673727+09:00 0 0 경기76자1778 4 72 229000072 229000930 48 
2020-12-02T16:26:50.673748+09:00 0 0 경기76자1751 4 69 229000072 111000008 35 
2020-12-02T16:27:50.147159+09:00 0 0 경기76자1780 4 72 229000072 229001554 46 
2020-12-02T16:27:50.147220+09:00 0 0 경기76자1778 4 72 229000072 229000930 48 
2020-12-02T16:27:50.147239+09:00 0 0 경기76자1751 4 69 229000072 111000008 35 
2020-12-02T16:28:50.180653+09:00 0 0 경기76자1780 4 72 229000072 229001546 47 
2020-12-02T16:28:50.180717+09:00 0 0 경기76자1778 4 72 229000072 229000930 48 
2020-12-02T16:28:50.180737+09:00 0 0 경기76자1751 4 69 229000072 113000022 36 
2020-12-02T16:29:50.114479+09:00 0 0 경기76자1780 4 72 229000072 229001546 47 
2020-12-02T16:29:50.114541+09:00 0 0 경기76자1778 4 72 229000072 229000930 48 
2020-12-02T16:29:50.114562+09:00 0 0 경기76자1751 4 69 229000072 113000022 36 
2020-12-02T16:30:49.298394+09:00 0 0 경기76자1780 4 72 229000072 229001546 47 
2020-12-02T16:30:49.298456+09:00 0 0 경기76자1778 4 72 229000072 229000930 48 
2020-12-02T16:30:49.298476+09:00 0 0 경기76자1751 4 69 229000072 113000022 36 
2020-12-02T16:31:48.912225+09:00 0 0 경기76자1780 4 72 229000072 229000930 48 
2020-12-02T16:31:48.912284+09:00 0 0 경기76자1751 4 69 229000072 113000022 36 
2020-12-02T16:32:48.626127+09:00 0 0 경기76자1780 4 72 229000072 229000930 48 
2020-12-02T16:32:48.626191+09:00 0 0 경기76자1751 4 69 229000072 113000022 36 
2020-12-02T16:33:48.510016+09:00 0 0 경기76자1780 4 72 229000072 229000930 48 
2020-12-02T16:33:48.510077+09:00 0 0 경기76자1751 4 69 229000072 277103479 37 
2020-12-02T16:34:47.934042+09:00 0 0 경기76자1780 4 72 229000072 229000930 48 
2020-12-02T16:34:47.934105+09:00 0 0 경기76자1751 4 69 229000072 277103479 37 
2020-12-02T16:35:47.107907+09:00 0 0 경기76자1780 4 72 229000072 229000930 48 
2020-12-02T16:35:47.107967+09:00 0 0 경기76자1751 4 69 229000072 277103475 38 
2020-12-02T16:36:46.672001+09:00 0 0 경기76자1780 4 72 229000072 229000930 48 
2020-12-02T16:36:46.672063+09:00 0 0 경기76자1751 4 69 229000072 277103475 38 
2020-12-02T16:37:46.575964+09:00 0 0 경기76자1780 4 72 229000072 229000930 48 
2020-12-02T16:37:46.576030+09:00 0 0 경기76자1751 4 69 229000072 277103473 39 
2020-12-02T16:38:46.449865+09:00 0 0 경기76자1780 4 72 229000072 229000930 48 
2020-12-02T16:38:46.449926+09:00 0 0 경기76자1751 4 69 229000072 277103473 39 
2020-12-02T16:39:45.213818+09:00 0 0 경기76자1780 4 72 229000072 229000930 48 
2020-12-02T16:39:45.213877+09:00 0 0 경기76자1751 4 69 229000072 277103473 39 
2020-12-02T16:40:44.787831+09:00 0 0 경기76자1751 4 69 229000072 277103473 39 
2020-12-02T16:41:44.061736+09:00 0 0 경기76자1751 4 69 229000072 277103473 39 
2020-12-02T16:42:43.915678+09:00 0 0 경기76자1751 4 69 229000072 277103471 40 
2020-12-02T16:43:43.799730+09:00 0 0 경기76자1751 4 69 229000072 277103471 40 
2020-12-02T16:44:43.383819+09:00 0 0 경기76자1751 4 69 229000072 277103471 40 
2020-12-02T16:45:43.187739+09:00 0 0 경기76자1751 4 69 229000072 277103471 40 
2020-12-02T16:46:43.091748+09:00 0 0 경기76자1751 4 69 229000072 277103469 41 
2020-12-02T16:47:42.515816+09:00 0 0 경기76자1751 4 69 229000072 277103467 42 
2020-12-02T16:48:42.369760+09:00 0 0 경기76자1751 4 69 229000072 277103467 42 
2020-12-02T16:49:42.203903+09:00 0 0 경기76자1751 4 69 229000072 277103467 42 
2020-12-02T16:50:41.157770+09:00 0 0 경기76자1751 4 69 229000072 277103467 42 
2020-12-02T16:51:40.591930+09:00 0 0 경기76자1751 4 69 229000072 277103467 42 
2020-12-02T16:52:40.255841+09:00 0 0 경기76자1751 4 69 229000072 277103467 42 
2020-12-02T16:53:40.229880+09:00 0 0 경기76자1751 4 71 229000072 229001502 43 
2020-12-02T16:54:39.923951+09:00 0 0 경기76자1751 4 71 229000072 229001502 43 
2020-12-02T16:55:39.608066+09:00 0 0 경기76자1751 4 71 229000072 229001432 44 
2020-12-02T16:56:39.232113+09:00 0 0 경기76자1751 4 71 229000072 229001432 44 
2020-12-02T16:57:39.346110+09:00 0 0 경기76자1751 4 71 229000072 229001432 44 
2020-12-02T16:58:38.100045+09:00 0 0 경기76자1751 4 71 229000072 229001423 45 
2020-12-02T16:59:37.724117+09:00 0 0 경기76자1751 4 71 229000072 229001554 46 
2020-12-02T17:00:37.578213+09:00 0 0 경기76자1751 4 71 229000072 229001554 46 
2020-12-02T17:01:37.132089+09:00 0 0 경기76자1751 4 71 229000072 229001554 46 
2020-12-02T17:02:36.966251+09:00 0 0 경기76자1751 4 72 229000072 229001546 47 
2020-12-02T17:03:36.700183+09:00 0 0 경기76자1751 4 72 229000072 229001546 47 
2020-12-02T17:04:36.534209+09:00 0 0 경기76자1751 4 72 229000072 229001546 47 
2020-12-02T17:05:36.448465+09:00 0 0 경기76자1751 4 72 229000072 229001546 47 
2020-12-02T17:06:35.812293+09:00 0 0 경기76자1751 4 72 229000072 229001546 47 
2020-12-02T17:07:35.596376+09:00 0 0 경기76자1751 4 72 229000072 229000930 48 
2020-12-02T17:08:35.450435+09:00 0 0 경기76자1751 4 72 229000072 229000930 48 
2020-12-02T17:09:34.644404+09:00 0 0 경기76자1751 4 72 229000072 229000930 48 
2020-12-02T17:10:34.258602+09:00 0 0 경기76자1751 4 72 229000072 229000930 48 
2020-12-02T17:10:34.258664+09:00 0 0 경기76자1778 4 72 229000072 277102468 2 
2020-12-02T17:11:33.972581+09:00 0 0 경기76자1751 4 72 229000072 229000930 48 
2020-12-02T17:11:33.972665+09:00 0 0 경기76자1778 4 72 229000072 277102468 2 
2020-12-02T17:12:33.806646+09:00 0 0 경기76자1778 4 72 229000072 277102468 2 
2020-12-02T17:12:33.806709+09:00 0 0 경기76자1751 4 72 229000072 229000930 48 
2020-12-02T17:13:33.680692+09:00 0 0 경기76자1751 4 72 229000072 229000930 48 
2020-12-02T17:13:33.680755+09:00 0 0 경기76자1778 4 72 229000072 277103813 3 
2020-12-02T17:14:32.724603+09:00 0 0 경기76자1778 4 72 229000072 277103813 3 
2020-12-02T17:14:32.724665+09:00 0 0 경기76자1751 4 72 229000072 229000930 48 
2020-12-02T17:15:31.588654+09:00 0 0 경기76자1751 4 72 229000072 229000930 48 
2020-12-02T17:15:31.588716+09:00 0 0 경기76자1778 4 72 229000072 277103813 3 
2020-12-02T17:16:31.162757+09:00 0 0 경기76자1778 4 72 229000072 277103813 3 
2020-12-02T17:16:31.162819+09:00 0 0 경기76자1751 4 72 229000072 229000930 48 
2020-12-02T17:17:30.816657+09:00 0 0 경기76자1778 4 72 229000072 277102285 4 
2020-12-02T17:18:30.410760+09:00 0 0 경기76자1778 4 72 229000072 277102285 4 
2020-12-02T17:19:30.272607+09:00 0 0 경기76자1778 4 69 229000072 229001394 5 
2020-12-02T17:20:29.638839+09:00 0 0 경기76자1778 4 69 229000072 229001394 5 
2020-12-02T17:21:29.162873+09:00 0 0 경기76자1778 4 69 229000072 229001394 5 
2020-12-02T17:22:29.056813+09:00 0 0 경기76자1778 4 69 229000072 229001394 5 
2020-12-02T17:23:28.841144+09:00 0 0 경기76자1778 4 69 229000072 229001545 6 
2020-12-02T17:24:28.364943+09:00 0 0 경기76자1778 4 69 229000072 229001545 6 
2020-12-02T17:25:28.348893+09:00 0 0 경기76자1778 4 69 229000072 229001545 6 
2020-12-02T17:26:27.791296+09:00 0 0 경기76자1778 4 69 229000072 229001545 6 
2020-12-02T17:27:27.357086+09:00 0 0 경기76자1778 4 69 229000072 229001553 7 
2020-12-02T17:28:27.161100+09:00 0 0 경기76자1778 4 69 229000072 229001553 7 
2020-12-02T17:29:27.155241+09:00 0 0 경기76자1778 4 69 229000072 229001422 8 
2020-12-02T17:30:27.019299+09:00 0 0 경기76자1780 4 72 229000072 277102468 2 
2020-12-02T17:30:27.019361+09:00 0 0 경기76자1778 4 69 229000072 229001431 9 
2020-12-02T17:31:26.743275+09:00 0 0 경기76자1780 4 72 229000072 277102468 2 
2020-12-02T17:31:26.743337+09:00 0 0 경기76자1778 4 69 229000072 229001431 9 
2020-12-02T17:32:26.687861+09:00 0 0 경기76자1780 4 72 229000072 277103813 3 
2020-12-02T17:32:26.687917+09:00 0 0 경기76자1778 4 67 229000072 229001501 10 
2020-12-02T17:33:26.652759+09:00 0 0 경기76자1780 4 72 229000072 277103813 3 
2020-12-02T17:33:26.652822+09:00 0 0 경기76자1778 4 67 229000072 229001501 10 
2020-12-02T17:34:25.487405+09:00 0 0 경기76자1780 4 72 229000072 277103813 3 
2020-12-02T17:34:25.487479+09:00 0 0 경기76자1778 4 67 229000072 229001501 10 
2020-12-02T17:35:25.171976+09:00 0 0 경기76자1780 4 72 229000072 277103813 3 
2020-12-02T17:35:25.172047+09:00 0 0 경기76자1778 4 67 229000072 229001501 10 
2020-12-02T17:36:25.026484+09:00 0 0 경기76자1780 4 72 229000072 277103813 3 
2020-12-02T17:36:25.026543+09:00 0 0 경기76자1778 4 67 229000072 277103466 11 
2020-12-02T17:37:25.051077+09:00 0 0 경기76자1780 4 72 229000072 277103813 3 
2020-12-02T17:37:25.051138+09:00 0 0 경기76자1778 4 67 229000072 277103466 11 
2020-12-02T17:38:25.045613+09:00 0 0 경기76자1780 4 72 229000072 277102285 4 
2020-12-02T17:38:25.045671+09:00 0 0 경기76자1778 4 67 229000072 277103466 11 
2020-12-02T17:39:24.880192+09:00 0 0 경기76자1780 4 72 229000072 277102285 4 
2020-12-02T17:39:24.880255+09:00 0 0 경기76자1778 4 67 229000072 277103466 11 
2020-12-02T17:40:23.904420+09:00 0 0 경기76자1780 4 72 229000072 277102285 4 
2020-12-02T17:40:23.904481+09:00 0 0 경기76자1778 4 67 229000072 277103468 12 
2020-12-02T17:41:23.888895+09:00 0 0 경기76자1780 4 72 229000072 229001394 5 
2020-12-02T17:41:23.888958+09:00 0 0 경기76자1778 4 67 229000072 277103468 12 
2020-12-02T17:42:22.963260+09:00 0 0 경기76자1780 4 72 229000072 229001394 5 
2020-12-02T17:42:22.963334+09:00 0 0 경기76자1778 4 67 229000072 277103470 13 
2020-12-02T17:43:22.777669+09:00 0 0 경기76자1780 4 72 229000072 229001545 6 
2020-12-02T17:43:22.777734+09:00 0 0 경기76자1778 4 67 229000072 277103470 13 
2020-12-02T17:44:22.891939+09:00 0 0 경기76자1780 4 72 229000072 229001545 6 
2020-12-02T17:44:22.892002+09:00 0 0 경기76자1778 4 67 229000072 277103470 13 
2020-12-02T17:45:21.996283+09:00 0 0 경기76자1780 4 72 229000072 229001545 6 
2020-12-02T17:45:21.996349+09:00 0 0 경기76자1778 4 67 229000072 277103470 13 
2020-12-02T17:46:21.782869+09:00 0 0 경기76자1780 4 72 229000072 229001545 6 
2020-12-02T17:46:21.782927+09:00 0 0 경기76자1778 4 67 229000072 277103472 14 
2020-12-02T17:47:21.314756+09:00 0 0 경기76자1780 4 71 229000072 229001553 7 
2020-12-02T17:47:21.314830+09:00 0 0 경기76자1778 4 67 229000072 277103472 14 
2020-12-02T17:48:21.239012+09:00 0 0 경기76자1780 4 71 229000072 229001553 7 
2020-12-02T17:48:21.239076+09:00 0 0 경기76자1778 4 67 229000072 277103472 14 
2020-12-02T17:49:20.913321+09:00 0 0 경기76자1780 4 70 229000072 229001422 8 
2020-12-02T17:49:20.913385+09:00 0 0 경기76자1778 4 67 229000072 277103474 15 
2020-12-02T17:50:20.897569+09:00 0 0 경기76자1780 4 70 229000072 229001431 9 
2020-12-02T17:50:20.897629+09:00 0 0 경기76자1778 4 67 229000072 277103478 16 
2020-12-02T17:51:20.861824+09:00 0 0 경기76자1780 4 70 229000072 229001431 9 
2020-12-02T17:51:20.861889+09:00 0 0 경기76자1778 4 67 229000072 277103478 16 
2020-12-02T17:52:19.745932+09:00 0 0 경기76자1780 4 70 229000072 229001501 10 
2020-12-02T17:52:19.745993+09:00 0 0 경기76자1778 4 67 229000072 277103478 16 
2020-12-02T17:53:20.010261+09:00 0 0 경기76자1780 4 70 229000072 229001501 10 
2020-12-02T17:53:20.010328+09:00 0 0 경기76자1778 4 67 229000072 277103478 16 
2020-12-02T17:54:19.344436+09:00 0 0 경기76자1780 4 70 229000072 229001501 10 
2020-12-02T17:54:19.344497+09:00 0 0 경기76자1778 4 67 229000072 277103478 16 
2020-12-02T17:55:19.168584+09:00 0 0 경기76자1780 4 70 229000072 229001501 10 
2020-12-02T17:55:19.168646+09:00 0 0 경기76자1778 4 67 229000072 277103478 16 
2020-12-02T17:56:19.252748+09:00 0 0 경기76자1780 4 70 229000072 277103466 11 
2020-12-02T17:56:19.252809+09:00 0 0 경기76자1778 4 67 229000072 113000021 17 
2020-12-02T17:57:18.677096+09:00 0 0 경기76자1780 4 70 229000072 277103466 11 
2020-12-02T17:57:18.677160+09:00 0 0 경기76자1778 4 67 229000072 113000021 17 
2020-12-02T17:58:18.661115+09:00 0 0 경기76자1780 4 70 229000072 277103466 11 
2020-12-02T17:58:18.661174+09:00 0 0 경기76자1778 4 67 229000072 113000021 17 
2020-12-02T17:59:18.825413+09:00 0 0 경기76자1780 4 70 229000072 277103466 11 
2020-12-02T17:59:18.825473+09:00 0 0 경기76자1778 4 67 229000072 113000021 17 
2020-12-02T18:00:18.369573+09:00 0 0 경기76자1780 4 70 229000072 277103466 11 
2020-12-02T18:00:18.369639+09:00 0 0 경기76자1778 4 69 229000072 111000007 18 
2020-12-02T18:01:17.123740+09:00 0 0 경기76자1780 4 70 229000072 277103466 11 
2020-12-02T18:01:17.123805+09:00 0 0 경기76자1778 4 69 229000072 111000007 18 
2020-12-02T18:01:17.123828+09:00 0 0 경기76자1751 4 71 229000072 277102468 2 
2020-12-02T18:02:16.988118+09:00 0 0 경기76자1780 4 70 229000072 277103470 13 
2020-12-02T18:02:16.988178+09:00 0 0 경기76자1778 4 70 229000072 111000007 18 
2020-12-02T18:02:16.988198+09:00 0 0 경기76자1751 4 71 229000072 277102468 2 
2020-12-02T18:03:16.512032+09:00 0 0 경기76자1780 4 70 229000072 277103470 13 
2020-12-02T18:03:16.512094+09:00 0 0 경기76자1778 4 70 229000072 111000007 18 
2020-12-02T18:03:16.512115+09:00 0 0 경기76자1751 4 71 229000072 277103813 3 
2020-12-02T18:04:16.496286+09:00 0 0 경기76자1780 4 70 229000072 277103470 13 
2020-12-02T18:04:16.496346+09:00 0 0 경기76자1751 4 71 229000072 277103813 3 
2020-12-02T18:04:16.496366+09:00 0 0 경기76자1778 4 70 229000072 111000007 18 
2020-12-02T18:05:15.370204+09:00 0 0 경기76자1780 4 70 229000072 277103470 13 
2020-12-02T18:05:15.370253+09:00 0 0 경기76자1751 4 71 229000072 277103813 3 
2020-12-02T18:05:15.370272+09:00 0 0 경기76자1778 4 70 229000072 111000007 18 
2020-12-02T18:06:15.404591+09:00 0 0 경기76자1780 4 70 229000072 277103472 14 
2020-12-02T18:06:15.404656+09:00 0 0 경기76자1751 4 71 229000072 277103813 3 
2020-12-02T18:06:15.404676+09:00 0 0 경기76자1778 4 70 229000072 111000007 18 
2020-12-02T18:07:15.269257+09:00 0 0 경기76자1780 4 70 229000072 277103472 14 
2020-12-02T18:07:15.269319+09:00 0 0 경기76자1751 4 71 229000072 277103813 3 
2020-12-02T18:07:15.269340+09:00 0 0 경기76자1778 4 70 229000072 111000007 18 
2020-12-02T18:08:14.463478+09:00 0 0 경기76자1780 4 70 229000072 277103472 14 
2020-12-02T18:08:14.463540+09:00 0 0 경기76자1751 4 71 229000072 277103813 3 
2020-12-02T18:08:14.463560+09:00 0 0 경기76자1778 4 70 229000072 111000007 18 
2020-12-02T18:09:13.288021+09:00 0 0 경기76자1780 4 70 229000072 277103474 15 
2020-12-02T18:09:13.288081+09:00 0 0 경기76자1751 4 71 229000072 277103813 3 
2020-12-02T18:09:13.288102+09:00 0 0 경기76자1778 4 70 229000072 111000007 18 
2020-12-02T18:10:13.282352+09:00 0 0 경기76자1780 4 70 229000072 277103474 15 
2020-12-02T18:10:13.282414+09:00 0 0 경기76자1778 4 70 229000072 111000007 18 
2020-12-02T18:10:13.282433+09:00 0 0 경기76자1751 4 71 229000072 277102285 4 
2020-12-02T18:11:13.476764+09:00 0 0 경기76자1780 4 70 229000072 277103478 16 
2020-12-02T18:11:13.476826+09:00 0 0 경기76자1751 4 71 229000072 277102285 4 
2020-12-02T18:11:13.476847+09:00 0 0 경기76자1778 4 70 229000072 112000012 19 
2020-12-02T18:12:12.210997+09:00 0 0 경기76자1780 4 70 229000072 277103478 16 
2020-12-02T18:12:12.211058+09:00 0 0 경기76자1778 4 70 229000072 112000012 19 
2020-12-02T18:12:12.211078+09:00 0 0 경기76자1751 4 71 229000072 277102285 4 
2020-12-02T18:13:11.615334+09:00 0 0 경기76자1780 4 70 229000072 277103478 16 
2020-12-02T18:13:11.615394+09:00 0 0 경기76자1778 4 70 229000072 277101784 20 
2020-12-02T18:13:11.615413+09:00 0 0 경기76자1751 4 70 229000072 229001394 5 
2020-12-02T18:14:11.459598+09:00 0 0 경기76자1780 4 70 229000072 277103478 16 
2020-12-02T18:14:11.459643+09:00 0 0 경기76자1751 4 70 229000072 229001394 5 
2020-12-02T18:14:11.459663+09:00 0 0 경기76자1778 4 70 229000072 112000016 21 
2020-12-02T18:15:11.573998+09:00 0 0 경기76자1780 4 70 229000072 277103478 16 
2020-12-02T18:15:11.574062+09:00 0 0 경기76자1751 4 70 229000072 229001394 5 
2020-12-02T18:15:11.574083+09:00 0 0 경기76자1778 4 70 229000072 277104397 22 
2020-12-02T18:16:11.398322+09:00 0 0 경기76자1780 4 70 229000072 277103478 16 
2020-12-02T18:16:11.398383+09:00 0 0 경기76자1778 4 70 229000072 277104397 22 
2020-12-02T18:16:11.398403+09:00 0 0 경기76자1751 4 70 229000072 229001394 5 
2020-12-02T18:17:10.842492+09:00 0 0 경기76자1780 4 70 229000072 113000021 17 
2020-12-02T18:17:10.842553+09:00 0 0 경기76자1778 4 70 229000072 277104397 22 
2020-12-02T18:17:10.842573+09:00 0 0 경기76자1751 4 70 229000072 229001545 6 
2020-12-02T18:18:10.796765+09:00 0 0 경기76자1780 4 70 229000072 113000021 17 
2020-12-02T18:18:10.796826+09:00 0 0 경기76자1778 4 70 229000072 277104397 22 
2020-12-02T18:18:10.796857+09:00 0 0 경기76자1751 4 69 229000072 229001545 6 
2020-12-02T18:19:09.590995+09:00 0 0 경기76자1780 4 70 229000072 113000021 17 
2020-12-02T18:19:09.591057+09:00 0 0 경기76자1751 4 69 229000072 229001545 6 
2020-12-02T18:19:09.591077+09:00 0 0 경기76자1778 4 70 229000072 277103099 23 
2020-12-02T18:20:09.395298+09:00 0 0 경기76자1780 4 70 229000072 113000021 17 
2020-12-02T18:20:09.395361+09:00 0 0 경기76자1751 4 69 229000072 229001545 6 
2020-12-02T18:20:09.395382+09:00 0 0 경기76자1778 4 70 229000072 277103099 23 
2020-12-02T18:21:08.609406+09:00 0 0 경기76자1780 4 70 229000072 111000007 18 
2020-12-02T18:21:08.609463+09:00 0 0 경기76자1778 4 70 229000072 100000034 24 
2020-12-02T18:21:08.609496+09:00 0 0 경기76자1751 4 66 229000072 229001553 7 
2020-12-02T18:22:08.033640+09:00 0 0 경기76자1780 4 70 229000072 111000007 18 
2020-12-02T18:22:08.033694+09:00 0 0 경기76자1778 4 70 229000072 100000034 24 
2020-12-02T18:22:08.033714+09:00 0 0 경기76자1751 4 66 229000072 229001553 7 
2020-12-02T18:23:08.088006+09:00 0 0 경기76자1780 4 70 229000072 111000007 18 
2020-12-02T18:23:08.088069+09:00 0 0 경기76자1778 4 70 229000072 100000034 24 
2020-12-02T18:23:08.088088+09:00 0 0 경기76자1751 4 66 229000072 229001422 8 
2020-12-02T18:24:06.942138+09:00 0 0 경기76자1780 4 70 229000072 111000007 18 
2020-12-02T18:24:06.942203+09:00 0 0 경기76자1778 4 40 229000072 100000034 24 
2020-12-02T18:24:06.942224+09:00 0 0 경기76자1751 4 66 229000072 229001422 8 
2020-12-02T18:25:06.376330+09:00 0 0 경기76자1780 4 70 229000072 111000007 18 
2020-12-02T18:25:06.376391+09:00 0 0 경기76자1778 4 40 229000072 100000034 24 
2020-12-02T18:25:06.376411+09:00 0 0 경기76자1751 4 65 229000072 229001431 9 
2020-12-02T18:26:06.160550+09:00 0 0 경기76자1780 4 70 229000072 111000007 18 
2020-12-02T18:26:06.160611+09:00 0 0 경기76자1778 4 41 229000072 277104283 25 
2020-12-02T18:26:06.160631+09:00 0 0 경기76자1751 4 65 229000072 229001501 10 
2020-12-02T18:27:06.044857+09:00 0 0 경기76자1780 4 70 229000072 111000007 18 
2020-12-02T18:27:06.044918+09:00 0 0 경기76자1778 4 31 229000072 101000128 26 
2020-12-02T18:27:06.044938+09:00 0 0 경기76자1751 4 64 229000072 229001501 10 
2020-12-02T18:28:05.679007+09:00 0 0 경기76자1780 4 70 229000072 111000007 18 
2020-12-02T18:28:05.679081+09:00 0 0 경기76자1751 4 64 229000072 229001501 10 
2020-12-02T18:28:05.679101+09:00 0 0 경기76자1778 4 29 229000072 101000128 26 
2020-12-02T18:29:05.803235+09:00 0 0 경기76자1780 4 70 229000072 111000007 18 
2020-12-02T18:29:05.803296+09:00 0 0 경기76자1778 4 29 229000072 101000128 26 
2020-12-02T18:29:05.803315+09:00 0 0 경기76자1751 4 64 229000072 229001501 10 
2020-12-02T18:30:04.737457+09:00 0 0 경기76자1780 4 70 229000072 111000007 18 
2020-12-02T18:30:04.737519+09:00 0 0 경기76자1751 4 64 229000072 229001501 10 
2020-12-02T18:30:04.737540+09:00 0 0 경기76자1778 4 27 229000072 101000022 27 
2020-12-02T18:31:04.241668+09:00 0 0 경기76자1780 4 70 229000072 111000007 18 
2020-12-02T18:31:04.241732+09:00 0 0 경기76자1751 4 64 229000072 229001501 10 
2020-12-02T18:31:04.241753+09:00 0 0 경기76자1778 4 27 229000072 101000022 27 
2020-12-02T18:32:04.245797+09:00 0 0 경기76자1780 4 70 229000072 112000012 19 
2020-12-02T18:32:04.245857+09:00 0 0 경기76자1751 4 64 229000072 229001501 10 
2020-12-02T18:32:04.245877+09:00 0 0 경기76자1778 4 27 229000072 277101993 29 
2020-12-02T18:33:04.190071+09:00 0 0 경기76자1780 4 70 229000072 112000012 19 
2020-12-02T18:33:04.190132+09:00 0 0 경기76자1778 4 27 229000072 277101993 29 
2020-12-02T18:33:04.190152+09:00 0 0 경기76자1751 4 64 229000072 229001501 10 
2020-12-02T18:34:03.014226+09:00 0 0 경기76자1780 4 70 229000072 112000016 21 
2020-12-02T18:34:03.014294+09:00 0 0 경기76자1778 4 27 229000072 277101993 29 
2020-12-02T18:34:03.014315+09:00 0 0 경기76자1751 4 64 229000072 277103466 11 
2020-12-02T18:35:02.598374+09:00 0 0 경기76자1780 4 70 229000072 112000016 21 
2020-12-02T18:35:02.598455+09:00 0 0 경기76자1751 4 64 229000072 277103466 11 
2020-12-02T18:35:02.598476+09:00 0 0 경기76자1778 4 27 229000072 101000020 30 
2020-12-02T18:36:02.632676+09:00 0 0 경기76자1780 4 70 229000072 277104397 22 
2020-12-02T18:36:02.632740+09:00 0 0 경기76자1751 4 64 229000072 277103466 11 
2020-12-02T18:36:02.632760+09:00 0 0 경기76자1778 4 27 229000072 101000020 30 
2020-12-02T18:37:02.556818+09:00 0 0 경기76자1780 4 70 229000072 277104397 22 
2020-12-02T18:37:02.556878+09:00 0 0 경기76자1778 4 27 229000072 101000020 30 
2020-12-02T18:37:02.556898+09:00 0 0 경기76자1751 4 64 229000072 277103468 12 
2020-12-02T18:38:02.390904+09:00 0 0 경기76자1780 4 70 229000072 277103099 23 
2020-12-02T18:38:02.390943+09:00 0 0 경기76자1751 4 64 229000072 277103468 12 
2020-12-02T18:38:02.390962+09:00 0 0 경기76자1778 4 21 229000072 101000020 30 
2020-12-02T18:39:02.145185+09:00 0 0 경기76자1780 4 70 229000072 277103099 23 
2020-12-02T18:39:02.145252+09:00 0 0 경기76자1778 4 21 229000072 101000020 30 
2020-12-02T18:39:02.145275+09:00 0 0 경기76자1751 4 64 229000072 277103470 13 
2020-12-02T18:40:02.279620+09:00 0 0 경기76자1780 4 72 229000072 100000034 24 
2020-12-02T18:40:02.279686+09:00 0 0 경기76자1751 4 64 229000072 277103470 13 
2020-12-02T18:40:02.279709+09:00 0 0 경기76자1778 4 21 229000072 277102320 31 
2020-12-02T18:41:01.702903+09:00 0 0 경기76자1780 4 72 229000072 100000034 24 
2020-12-02T18:41:01.702964+09:00 0 0 경기76자1751 4 64 229000072 277103470 13 
2020-12-02T18:41:01.702985+09:00 0 0 경기76자1778 4 21 229000072 277102320 31 
2020-12-02T18:42:01.526577+09:00 0 0 경기76자1780 4 64 229000072 100000034 24 
2020-12-02T18:42:01.526643+09:00 0 0 경기76자1751 4 64 229000072 277103470 13 
2020-12-02T18:42:01.526664+09:00 0 0 경기76자1778 4 21 229000072 277102320 31 
2020-12-02T18:43:01.450148+09:00 0 0 경기76자1780 4 64 229000072 277104283 25 
2020-12-02T18:43:01.450208+09:00 0 0 경기76자1751 4 64 229000072 277103470 13 
2020-12-02T18:43:01.450228+09:00 0 0 경기76자1778 4 21 229000072 277102320 31 
2020-12-02T18:44:01.133858+09:00 0 0 경기76자1780 4 64 229000072 101000128 26 
2020-12-02T18:44:01.133921+09:00 0 0 경기76자1751 4 64 229000072 277103472 14 
2020-12-02T18:44:01.133942+09:00 0 0 경기76자1778 4 21 229000072 277102320 31 
2020-12-02T18:45:00.747556+09:00 0 0 경기76자1780 4 62 229000072 101000128 26 
2020-12-02T18:45:00.747620+09:00 0 0 경기76자1751 4 64 229000072 277103472 14 
2020-12-02T18:45:00.747640+09:00 0 0 경기76자1778 4 21 229000072 277102320 31 
2020-12-02T18:46:00.391283+09:00 0 0 경기76자1780 4 62 229000072 101000128 26 
2020-12-02T18:46:00.391344+09:00 0 0 경기76자1751 4 64 229000072 277103472 14 
2020-12-02T18:46:00.391364+09:00 0 0 경기76자1778 4 21 229000072 277104396 32 
2020-12-02T18:47:00.335197+09:00 0 0 경기76자1780 4 62 229000072 101000128 26 
2020-12-02T18:47:00.335260+09:00 0 0 경기76자1751 4 64 229000072 277103474 15 
2020-12-02T18:47:00.335280+09:00 0 0 경기76자1778 4 21 229000072 277104396 32 
2020-12-02T18:48:00.258951+09:00 0 0 경기76자1780 4 61 229000072 101000022 27 
2020-12-02T18:48:00.259015+09:00 0 0 경기76자1778 4 21 229000072 277104396 32 
2020-12-02T18:48:00.259035+09:00 0 0 경기76자1751 4 64 229000072 277103478 16 
2020-12-02T18:48:59.892837+09:00 0 0 경기76자1780 4 61 229000072 277101885 28 
2020-12-02T18:48:59.892910+09:00 0 0 경기76자1751 4 64 229000072 277103478 16 
2020-12-02T18:48:59.892930+09:00 0 0 경기76자1778 4 21 229000072 277104396 32 
2020-12-02T18:49:59.816732+09:00 0 0 경기76자1780 4 61 229000072 277101885 28 
2020-12-02T18:49:59.816794+09:00 0 0 경기76자1751 4 64 229000072 277103478 16 
2020-12-02T18:49:59.816814+09:00 0 0 경기76자1778 4 21 229000072 112000017 33 
2020-12-02T18:50:58.710537+09:00 0 0 경기76자1780 4 61 229000072 277101993 29 
2020-12-02T18:50:58.710599+09:00 0 0 경기76자1751 4 64 229000072 277103478 16 
2020-12-02T18:50:58.710620+09:00 0 0 경기76자1778 4 17 229000072 112000017 33 
2020-12-02T18:51:58.584473+09:00 0 0 경기76자1780 4 61 229000072 277101993 29 
2020-12-02T18:51:58.584536+09:00 0 0 경기76자1778 4 17 229000072 112000017 33 
2020-12-02T18:51:58.584556+09:00 0 0 경기76자1751 4 64 229000072 277103478 16 
2020-12-02T18:52:58.519839+09:00 0 0 경기76자1780 4 61 229000072 101000020 30 
2020-12-02T18:52:58.519905+09:00 0 0 경기76자1751 4 64 229000072 277103478 16 
2020-12-02T18:52:58.519925+09:00 0 0 경기76자1778 4 17 229000072 112000017 33 
2020-12-02T18:53:58.152351+09:00 0 0 경기76자1780 4 61 229000072 101000020 30 
2020-12-02T18:53:58.152412+09:00 0 0 경기76자1751 4 64 229000072 277103478 16 
2020-12-02T18:53:58.152432+09:00 0 0 경기76자1778 4 17 229000072 112000013 34 
2020-12-02T18:54:58.026418+09:00 0 0 경기76자1780 4 61 229000072 101000020 30 
2020-12-02T18:54:58.026484+09:00 0 0 경기76자1778 4 11 229000072 112000013 34 
2020-12-02T18:54:58.026504+09:00 0 0 경기76자1751 4 64 229000072 277103478 16 
2020-12-02T18:55:57.910300+09:00 0 0 경기76자1780 4 58 229000072 101000020 30 
2020-12-02T18:55:57.910363+09:00 0 0 경기76자1751 4 64 229000072 113000021 17 
2020-12-02T18:55:57.910383+09:00 0 0 경기76자1778 4 11 229000072 112000013 34 
2020-12-02T18:56:57.724305+09:00 0 0 경기76자1780 4 58 229000072 101000020 30 
2020-12-02T18:56:57.724367+09:00 0 0 경기76자1751 4 64 229000072 113000021 17 
2020-12-02T18:56:57.724388+09:00 0 0 경기76자1778 4 11 229000072 112000013 34 
2020-12-02T18:57:57.578324+09:00 0 0 경기76자1780 4 58 229000072 101000020 30 
2020-12-02T18:57:57.578382+09:00 0 0 경기76자1751 4 67 229000072 113000021 17 
2020-12-02T18:57:57.578401+09:00 0 0 경기76자1778 4 11 229000072 112000013 34 
2020-12-02T18:58:57.352242+09:00 0 0 경기76자1780 4 58 229000072 101000020 30 
2020-12-02T18:58:57.352302+09:00 0 0 경기76자1751 4 67 229000072 113000021 17 
2020-12-02T18:58:57.352322+09:00 0 0 경기76자1778 4 11 229000072 112000013 34 
2020-12-02T18:59:57.176393+09:00 0 0 경기76자1780 4 58 229000072 101000020 30 
2020-12-02T18:59:57.176456+09:00 0 0 경기76자1778 4 11 229000072 112000013 34 
2020-12-02T18:59:57.176476+09:00 0 0 경기76자1751 4 68 229000072 113000021 17 
2020-12-02T19:00:56.370264+09:00 0 0 경기76자1780 4 58 229000072 101000020 30 
2020-12-02T19:00:56.370324+09:00 0 0 경기76자1778 4 11 229000072 112000013 34 
2020-12-02T19:00:56.370344+09:00 0 0 경기76자1751 4 68 229000072 111000007 18 
2020-12-02T19:01:56.294340+09:00 0 0 경기76자1780 4 58 229000072 277102320 31 
2020-12-02T19:01:56.294403+09:00 0 0 경기76자1751 4 69 229000072 111000007 18 
2020-12-02T19:01:56.294422+09:00 0 0 경기76자1778 4 11 229000072 111000008 35 
2020-12-02T19:02:56.148404+09:00 0 0 경기76자1780 4 58 229000072 277102320 31 
2020-12-02T19:02:56.148468+09:00 0 0 경기76자1778 4 11 229000072 111000008 35 
2020-12-02T19:02:56.148489+09:00 0 0 경기76자1751 4 69 229000072 111000007 18 
2020-12-02T19:03:56.152429+09:00 0 0 경기76자1780 4 58 229000072 277102320 31 
2020-12-02T19:03:56.152491+09:00 0 0 경기76자1778 4 11 229000072 111000008 35 
2020-12-02T19:03:56.152512+09:00 0 0 경기76자1751 4 69 229000072 111000007 18 
2020-12-02T19:04:56.016541+09:00 0 0 경기76자1780 4 58 229000072 277102320 31 
2020-12-02T19:04:56.016599+09:00 0 0 경기76자1751 4 69 229000072 111000007 18 
2020-12-02T19:04:56.016619+09:00 0 0 경기76자1778 4 11 229000072 111000008 35 
2020-12-02T19:05:55.770589+09:00 0 0 경기76자1780 4 58 229000072 277102320 31 
2020-12-02T19:05:55.770651+09:00 0 0 경기76자1751 4 69 229000072 111000007 18 
2020-12-02T19:05:55.770671+09:00 0 0 경기76자1778 4 11 229000072 111000008 35 
2020-12-02T19:06:55.214658+09:00 0 0 경기76자1780 4 58 229000072 277102320 31 
2020-12-02T19:06:55.214722+09:00 0 0 경기76자1778 4 11 229000072 111000008 35 
2020-12-02T19:06:55.214742+09:00 0 0 경기76자1751 4 69 229000072 111000007 18 
2020-12-02T19:07:55.108663+09:00 0 0 경기76자1780 4 58 229000072 277104396 32 
2020-12-02T19:07:55.108726+09:00 0 0 경기76자1778 4 11 229000072 111000008 35 
2020-12-02T19:07:55.108747+09:00 0 0 경기76자1751 4 69 229000072 111000007 18 
2020-12-02T19:08:54.082728+09:00 0 0 경기76자1780 4 58 229000072 277104396 32 
2020-12-02T19:08:54.082784+09:00 0 0 경기76자1778 4 11 229000072 111000008 35 
2020-12-02T19:08:54.082805+09:00 0 0 경기76자1751 4 69 229000072 111000007 18 
2020-12-02T19:09:54.226756+09:00 0 0 경기76자1780 4 58 229000072 277104396 32 
2020-12-02T19:09:54.226816+09:00 0 0 경기76자1751 4 69 229000072 111000007 18 
2020-12-02T19:09:54.226836+09:00 0 0 경기76자1778 4 11 229000072 111000008 35 
2020-12-02T19:10:53.080774+09:00 0 0 경기76자1780 4 58 229000072 277104396 32 
2020-12-02T19:10:53.080834+09:00 0 0 경기76자1778 4 8 229000072 113000022 36 
2020-12-02T19:10:53.080854+09:00 0 0 경기76자1751 4 69 229000072 112000012 19 
2020-12-02T19:11:53.294929+09:00 0 0 경기76자1780 4 58 229000072 112000017 33 
2020-12-02T19:11:53.294989+09:00 0 0 경기76자1778 4 8 229000072 113000022 36 
2020-12-02T19:11:53.295009+09:00 0 0 경기76자1751 4 69 229000072 112000012 19 
2020-12-02T19:12:52.778879+09:00 0 0 경기76자1780 4 58 229000072 112000017 33 
2020-12-02T19:12:52.778939+09:00 0 0 경기76자1778 4 8 229000072 113000022 36 
2020-12-02T19:12:52.778959+09:00 0 0 경기76자1751 4 69 229000072 277101784 20 
2020-12-02T19:13:52.653007+09:00 0 0 경기76자1780 4 58 229000072 112000013 34 
2020-12-02T19:13:52.653094+09:00 0 0 경기76자1778 4 8 229000072 113000022 36 
2020-12-02T19:13:52.653115+09:00 0 0 경기76자1751 4 69 229000072 112000016 21 
2020-12-02T19:14:51.811167+09:00 0 0 경기76자1780 4 53 229000072 112000013 34 
2020-12-02T19:14:51.811223+09:00 0 0 경기76자1751 4 69 229000072 112000016 21 
2020-12-02T19:14:51.811243+09:00 0 0 경기76자1778 4 8 229000072 277103479 37 
2020-12-02T19:15:51.411151+09:00 0 0 경기76자1780 4 53 229000072 112000013 34 
2020-12-02T19:15:51.411211+09:00 0 0 경기76자1778 4 8 229000072 277103479 37 
2020-12-02T19:15:51.411231+09:00 0 0 경기76자1751 4 69 229000072 277104397 22 
2020-12-02T19:16:51.175030+09:00 0 0 경기76자1780 4 53 229000072 112000013 34 
2020-12-02T19:16:51.175067+09:00 0 0 경기76자1778 4 8 229000072 277103475 38 
2020-12-02T19:16:51.175087+09:00 0 0 경기76자1751 4 69 229000072 277103099 23 
2020-12-02T19:17:51.319329+09:00 0 0 경기76자1780 4 53 229000072 112000013 34 
2020-12-02T19:17:51.319392+09:00 0 0 경기76자1778 4 8 229000072 277103475 38 
2020-12-02T19:17:51.319413+09:00 0 0 경기76자1751 4 69 229000072 277103099 23 
2020-12-02T19:18:50.783251+09:00 0 0 경기76자1780 4 54 229000072 112000013 34 
2020-12-02T19:18:50.783299+09:00 0 0 경기76자1778 4 8 229000072 277103475 38 
2020-12-02T19:18:50.783319+09:00 0 0 경기76자1751 4 69 229000072 277103099 23 
2020-12-02T19:19:50.637349+09:00 0 0 경기76자1780 4 54 229000072 112000013 34 
2020-12-02T19:19:50.637410+09:00 0 0 경기76자1778 4 8 229000072 277103473 39 
2020-12-02T19:19:50.637430+09:00 0 0 경기76자1751 4 71 229000072 100000034 24 
2020-12-02T19:20:49.671477+09:00 0 0 경기76자1780 4 54 229000072 112000013 34 
2020-12-02T19:20:49.671541+09:00 0 0 경기76자1751 4 71 229000072 100000034 24 
2020-12-02T19:20:49.671561+09:00 0 0 경기76자1778 4 8 229000072 277103473 39 
2020-12-02T19:21:49.855556+09:00 0 0 경기76자1780 4 54 229000072 111000008 35 
2020-12-02T19:21:49.855623+09:00 0 0 경기76자1778 4 8 229000072 277103473 39 
2020-12-02T19:21:49.855643+09:00 0 0 경기76자1751 4 49 229000072 100000034 24 
2020-12-02T19:22:48.869544+09:00 0 0 경기76자1780 4 54 229000072 111000008 35 
2020-12-02T19:22:48.869607+09:00 0 0 경기76자1778 4 8 229000072 277103473 39 
2020-12-02T19:22:48.869627+09:00 0 0 경기76자1751 4 49 229000072 101000128 26 
2020-12-02T19:23:48.543681+09:00 0 0 경기76자1780 4 54 229000072 111000008 35 
2020-12-02T19:23:48.543738+09:00 0 0 경기76자1751 4 49 229000072 101000128 26 
2020-12-02T19:23:48.543758+09:00 0 0 경기76자1778 4 8 229000072 277103471 40 
2020-12-02T19:24:47.987699+09:00 0 0 경기76자1780 4 54 229000072 111000008 35 
2020-12-02T19:24:47.987761+09:00 0 0 경기76자1778 4 8 229000072 277103471 40 
2020-12-02T19:24:47.987782+09:00 0 0 경기76자1751 4 45 229000072 101000128 26 
2020-12-02T19:25:48.051893+09:00 0 0 경기76자1780 4 54 229000072 111000008 35 
2020-12-02T19:25:48.051955+09:00 0 0 경기76자1751 4 45 229000072 101000128 26 
2020-12-02T19:25:48.051975+09:00 0 0 경기76자1778 4 8 229000072 277103471 40 
2020-12-02T19:26:47.605847+09:00 0 0 경기76자1780 4 54 229000072 111000008 35 
2020-12-02T19:26:47.605908+09:00 0 0 경기76자1778 4 8 229000072 277103471 40 
2020-12-02T19:26:47.605928+09:00 0 0 경기76자1751 4 43 229000072 101000022 27 
2020-12-02T19:27:47.309970+09:00 0 0 경기76자1780 4 54 229000072 111000008 35 
2020-12-02T19:27:47.310034+09:00 0 0 경기76자1751 4 43 229000072 101000022 27 
2020-12-02T19:27:47.310055+09:00 0 0 경기76자1778 4 8 229000072 277103469 41 
2020-12-02T19:28:47.074022+09:00 0 0 경기76자1780 4 54 229000072 113000022 36 
2020-12-02T19:28:47.074085+09:00 0 0 경기76자1751 4 43 229000072 277101993 29 
2020-12-02T19:28:47.074105+09:00 0 0 경기76자1778 4 8 229000072 277103467 42 
2020-12-02T19:29:46.948074+09:00 0 0 경기76자1780 4 53 229000072 113000022 36 
2020-12-02T19:29:46.948135+09:00 0 0 경기76자1751 4 43 229000072 277101993 29 
2020-12-02T19:29:46.948155+09:00 0 0 경기76자1778 4 8 229000072 277103467 42 
2020-12-02T19:30:46.872136+09:00 0 0 경기76자1780 4 53 229000072 113000022 36 
2020-12-02T19:30:46.872198+09:00 0 0 경기76자1751 4 43 229000072 277101993 29 
2020-12-02T19:30:46.872218+09:00 0 0 경기76자1778 4 8 229000072 277103467 42 
2020-12-02T19:31:46.436060+09:00 0 0 경기76자1780 4 53 229000072 113000022 36 
2020-12-02T19:31:46.436123+09:00 0 0 경기76자1751 4 43 229000072 277101993 29 
2020-12-02T19:31:46.436144+09:00 0 0 경기76자1778 4 8 229000072 277103467 42 
2020-12-02T19:32:46.200365+09:00 0 0 경기76자1780 4 53 229000072 113000022 36 
2020-12-02T19:32:46.200430+09:00 0 0 경기76자1778 4 8 229000072 277103467 42 
2020-12-02T19:32:46.200450+09:00 0 0 경기76자1751 4 43 229000072 101000020 30 
2020-12-02T19:33:45.894371+09:00 0 0 경기76자1780 4 53 229000072 277103479 37 
2020-12-02T19:33:45.894434+09:00 0 0 경기76자1751 4 43 229000072 101000020 30 
2020-12-02T19:33:45.894454+09:00 0 0 경기76자1778 4 11 229000072 277103467 42 
2020-12-02T19:34:45.688397+09:00 0 0 경기76자1780 4 53 229000072 277103475 38 
2020-12-02T19:34:45.688454+09:00 0 0 경기76자1778 4 15 229000072 229001502 43 
2020-12-02T19:34:45.688475+09:00 0 0 경기76자1751 4 40 229000072 101000020 30 
2020-12-02T19:35:45.242475+09:00 0 0 경기76자1780 4 53 229000072 277103475 38 
2020-12-02T19:35:45.242536+09:00 0 0 경기76자1751 4 40 229000072 101000020 30 
2020-12-02T19:35:45.242556+09:00 0 0 경기76자1778 4 24 229000072 229001502 43 
2020-12-02T19:36:44.546583+09:00 0 0 경기76자1780 4 53 229000072 277103475 38 
2020-12-02T19:36:44.546645+09:00 0 0 경기76자1778 4 26 229000072 229001502 43 
2020-12-02T19:36:44.546676+09:00 0 0 경기76자1751 4 40 229000072 277102320 31 
2020-12-02T19:37:44.290723+09:00 0 0 경기76자1780 4 53 229000072 277103473 39 
2020-12-02T19:37:44.290786+09:00 0 0 경기76자1751 4 40 229000072 277102320 31 
2020-12-02T19:37:44.290806+09:00 0 0 경기76자1778 4 29 229000072 229001432 44 
2020-12-02T19:38:44.104763+09:00 0 0 경기76자1780 4 53 229000072 277103473 39 
2020-12-02T19:38:44.104826+09:00 0 0 경기76자1778 4 29 229000072 229001432 44 
2020-12-02T19:38:44.104846+09:00 0 0 경기76자1751 4 40 229000072 277104396 32 
2020-12-02T19:39:43.748808+09:00 0 0 경기76자1780 4 53 229000072 277103473 39 
2020-12-02T19:39:43.748869+09:00 0 0 경기76자1751 4 40 229000072 277104396 32 
2020-12-02T19:39:43.748889+09:00 0 0 경기76자1778 4 35 229000072 229001423 45 
2020-12-02T19:40:45.463137+09:00 0 0 경기76자1780 4 53 229000072 277103473 39 
2020-12-02T19:40:45.463198+09:00 0 0 경기76자1778 4 38 229000072 229001423 45 
2020-12-02T19:40:45.463218+09:00 0 0 경기76자1751 4 40 229000072 112000017 33 
2020-12-02T19:41:43.066897+09:00 0 0 경기76자1780 4 53 229000072 277103471 40 
2020-12-02T19:41:43.066959+09:00 0 0 경기76자1751 4 39 229000072 112000017 33 
2020-12-02T19:41:43.066979+09:00 0 0 경기76자1778 4 41 229000072 229001423 45 
2020-12-02T19:42:42.541087+09:00 0 0 경기76자1780 4 53 229000072 277103471 40 
2020-12-02T19:42:42.541159+09:00 0 0 경기76자1778 4 41 229000072 229001554 46 
2020-12-02T19:42:42.541180+09:00 0 0 경기76자1751 4 39 229000072 112000017 33 
2020-12-02T19:43:42.175032+09:00 0 0 경기76자1780 4 53 229000072 277103471 40 
2020-12-02T19:43:42.175101+09:00 0 0 경기76자1778 4 55 229000072 229001554 46 
2020-12-02T19:43:42.175122+09:00 0 0 경기76자1751 4 39 229000072 112000013 34 
2020-12-02T19:44:41.969222+09:00 0 0 경기76자1780 4 53 229000072 277103471 40 
2020-12-02T19:44:41.969284+09:00 0 0 경기76자1778 4 55 229000072 229001554 46 
2020-12-02T19:44:41.969304+09:00 0 0 경기76자1751 4 39 229000072 112000013 34 
2020-12-02T19:45:41.323350+09:00 0 0 경기76자1780 4 53 229000072 277103469 41 
2020-12-02T19:45:41.323410+09:00 0 0 경기76자1778 4 55 229000072 229001554 46 
2020-12-02T19:45:41.323430+09:00 0 0 경기76자1751 4 39 229000072 112000013 34 
2020-12-02T19:46:41.077346+09:00 0 0 경기76자1780 4 53 229000072 277103467 42 
2020-12-02T19:46:41.077418+09:00 0 0 경기76자1751 4 39 229000072 112000013 34 
2020-12-02T19:46:41.077439+09:00 0 0 경기76자1778 4 57 229000072 229001546 47 
2020-12-02T19:47:40.151265+09:00 0 0 경기76자1780 4 53 229000072 277103467 42 
2020-12-02T19:47:40.151327+09:00 0 0 경기76자1778 4 59 229000072 229001546 47 
2020-12-02T19:47:40.151348+09:00 0 0 경기76자1751 4 39 229000072 112000013 34 
2020-12-02T19:48:39.825460+09:00 0 0 경기76자1780 4 53 229000072 277103467 42 
2020-12-02T19:48:39.825521+09:00 0 0 경기76자1778 4 59 229000072 229001546 47 
2020-12-02T19:48:39.825541+09:00 0 0 경기76자1751 4 39 229000072 112000013 34 
2020-12-02T19:49:39.110100+09:00 0 0 경기76자1780 4 53 229000072 277103467 42 
2020-12-02T19:49:39.110163+09:00 0 0 경기76자1751 4 39 229000072 112000013 34 
2020-12-02T19:49:39.110184+09:00 0 0 경기76자1778 4 59 229000072 229001546 47 
2020-12-02T19:50:38.864882+09:00 0 0 경기76자1780 4 53 229000072 277103467 42 
2020-12-02T19:50:38.864946+09:00 0 0 경기76자1778 4 59 229000072 229001546 47 
2020-12-02T19:50:38.864971+09:00 0 0 경기76자1751 4 39 229000072 112000013 34 
2020-12-02T19:51:38.689569+09:00 0 0 경기76자1780 4 54 229000072 229001502 43 
2020-12-02T19:51:38.689629+09:00 0 0 경기76자1778 4 63 229000072 229000930 48 
2020-12-02T19:51:38.689650+09:00 0 0 경기76자1751 4 39 229000072 112000013 34 
2020-12-02T19:52:38.254313+09:00 0 0 경기76자1780 4 54 229000072 229001502 43 
2020-12-02T19:52:38.254375+09:00 0 0 경기76자1751 4 39 229000072 111000008 35 
2020-12-02T19:52:38.254396+09:00 0 0 경기76자1778 4 71 229000072 229000930 48 
2020-12-02T19:53:38.188951+09:00 0 0 경기76자1780 4 54 229000072 229001502 43 
2020-12-02T19:53:38.189012+09:00 0 0 경기76자1778 4 71 229000072 229000930 48 
2020-12-02T19:53:38.189060+09:00 0 0 경기76자1751 4 39 229000072 111000008 35 
2020-12-02T19:54:37.963648+09:00 0 0 경기76자1780 4 57 229000072 229001432 44 
2020-12-02T19:54:37.963711+09:00 0 0 경기76자1751 4 39 229000072 111000008 35 
2020-12-02T19:54:37.963732+09:00 0 0 경기76자1778 4 71 229000072 229000930 48 
2020-12-02T19:55:37.758156+09:00 0 0 경기76자1780 4 57 229000072 229001432 44 
2020-12-02T19:55:37.758216+09:00 0 0 경기76자1751 4 39 229000072 111000008 35 
2020-12-02T19:55:37.758236+09:00 0 0 경기76자1778 4 71 229000072 229000930 48 
2020-12-02T19:56:37.372592+09:00 0 0 경기76자1780 4 57 229000072 229001432 44 
2020-12-02T19:56:37.372654+09:00 0 0 경기76자1778 4 71 229000072 229000930 48 
2020-12-02T19:56:37.372675+09:00 0 0 경기76자1751 4 39 229000072 111000008 35 
2020-12-02T19:57:37.237083+09:00 0 0 경기76자1780 4 62 229000072 229001423 45 
2020-12-02T19:57:37.237146+09:00 0 0 경기76자1751 4 39 229000072 111000008 35 
2020-12-02T19:57:37.237166+09:00 0 0 경기76자1778 4 71 229000072 229000930 48 
2020-12-02T19:58:36.711572+09:00 0 0 경기76자1780 4 62 229000072 229001554 46 
2020-12-02T19:58:36.711634+09:00 0 0 경기76자1778 4 71 229000072 229000930 48 
2020-12-02T19:58:36.711654+09:00 0 0 경기76자1751 4 37 229000072 113000022 36 
2020-12-02T19:59:36.315877+09:00 0 0 경기76자1780 4 62 229000072 229001554 46 
2020-12-02T19:59:36.315941+09:00 0 0 경기76자1751 4 37 229000072 113000022 36 
2020-12-02T19:59:36.315962+09:00 0 0 경기76자1778 4 71 229000072 229000930 48 
2020-12-02T20:00:35.830310+09:00 0 0 경기76자1780 4 63 229000072 229001554 46 
2020-12-02T20:00:35.830373+09:00 0 0 경기76자1751 4 37 229000072 113000022 36 
2020-12-02T20:01:35.534635+09:00 0 0 경기76자1780 4 67 229000072 229001546 47 
2020-12-02T20:01:35.534699+09:00 0 0 경기76자1751 4 37 229000072 113000022 36 
2020-12-02T20:02:35.228949+09:00 0 0 경기76자1780 4 67 229000072 229001546 47 
2020-12-02T20:02:35.229016+09:00 0 0 경기76자1751 4 37 229000072 277103479 37 
2020-12-02T20:03:34.813340+09:00 0 0 경기76자1780 4 67 229000072 229001546 47 
2020-12-02T20:03:34.813405+09:00 0 0 경기76자1751 4 37 229000072 277103479 37 
2020-12-02T20:04:34.317686+09:00 0 0 경기76자1780 4 69 229000072 229000930 48 
2020-12-02T20:04:34.317758+09:00 0 0 경기76자1751 4 37 229000072 277103475 38 
2020-12-02T20:05:34.181950+09:00 0 0 경기76자1780 4 71 229000072 229000930 48 
2020-12-02T20:05:34.182012+09:00 0 0 경기76자1751 4 37 229000072 277103475 38 
2020-12-02T20:06:33.846326+09:00 0 0 경기76자1780 4 71 229000072 229000930 48 
2020-12-02T20:06:33.846388+09:00 0 0 경기76자1751 4 37 229000072 277103473 39 
2020-12-02T20:07:33.070361+09:00 0 0 경기76자1780 4 71 229000072 229000930 48 
2020-12-02T20:07:33.070412+09:00 0 0 경기76자1751 4 37 229000072 277103473 39 
2020-12-02T20:08:32.604632+09:00 0 0 경기76자1780 4 71 229000072 229000930 48 
2020-12-02T20:08:32.604674+09:00 0 0 경기76자1751 4 37 229000072 277103473 39 
2020-12-02T20:09:31.898973+09:00 0 0 경기76자1780 4 71 229000072 229000930 48 
2020-12-02T20:09:31.899035+09:00 0 0 경기76자1751 4 37 229000072 277103473 39 
2020-12-02T20:10:32.073396+09:00 0 0 경기76자1780 4 71 229000072 229000930 48 
2020-12-02T20:10:32.073460+09:00 0 0 경기76자1751 4 38 229000072 277103471 40 
2020-12-02T20:11:31.527487+09:00 0 0 경기76자1780 4 71 229000072 229000930 48 
2020-12-02T20:11:31.527549+09:00 0 0 경기76자1751 4 38 229000072 277103471 40 
2020-12-02T20:12:31.721836+09:00 0 0 경기76자1751 4 38 229000072 277103471 40 
2020-12-02T20:13:30.576029+09:00 0 0 경기76자1751 4 38 229000072 277103471 40 
2020-12-02T20:14:30.030307+09:00 0 0 경기76자1751 4 38 229000072 277103469 41 
2020-12-02T20:15:30.024524+09:00 0 0 경기76자1751 4 38 229000072 277103469 41 
2020-12-02T20:16:29.818741+09:00 0 0 경기76자1751 4 38 229000072 277103467 42 
2020-12-02T20:17:29.733018+09:00 0 0 경기76자1751 4 38 229000072 277103467 42 
2020-12-02T20:18:29.567233+09:00 0 0 경기76자1751 4 38 229000072 277103467 42 
2020-12-02T20:19:29.541483+09:00 0 0 경기76자1751 4 38 229000072 277103467 42 
2020-12-02T20:20:29.325763+09:00 0 0 경기76자1751 4 38 229000072 277103467 42 
2020-12-02T20:21:29.040012+09:00 0 0 경기76자1751 4 38 229000072 277103467 42 
2020-12-02T20:22:28.574745+09:00 0 0 경기76자1751 4 41 229000072 277103467 42 
2020-12-02T20:23:28.288276+09:00 0 0 경기76자1751 4 47 229000072 229001502 43 
2020-12-02T20:24:27.882100+09:00 0 0 경기76자1751 4 47 229000072 229001502 43 
2020-12-02T20:25:27.486318+09:00 0 0 경기76자1751 4 49 229000072 229001432 44 
2020-12-02T20:26:26.869906+09:00 0 0 경기76자1751 4 51 229000072 229001432 44 
2020-12-02T20:27:26.753791+09:00 0 0 경기76자1751 4 51 229000072 229001432 44 
2020-12-02T20:28:26.657756+09:00 0 0 경기76자1751 4 54 229000072 229001423 45 
2020-12-02T20:29:25.371776+09:00 0 0 경기76자1751 4 54 229000072 229001423 45 
2020-12-02T20:30:25.265885+09:00 0 0 경기76자1751 4 56 229000072 229001423 45 
2020-12-02T20:31:24.939778+09:00 0 0 경기76자1751 4 58 229000072 229001554 46 
2020-12-02T20:32:24.413758+09:00 0 0 경기76자1751 4 58 229000072 229001554 46 
2020-12-02T20:33:24.467809+09:00 0 0 경기76자1751 4 58 229000072 229001554 46 
2020-12-02T20:34:23.251796+09:00 0 0 경기76자1751 4 61 229000072 229001554 46 
2020-12-02T20:35:22.915974+09:00 0 0 경기76자1751 4 62 229000072 229001546 47 
2020-12-02T20:36:22.800131+09:00 0 0 경기76자1751 4 62 229000072 229001546 47 
2020-12-02T20:37:22.754202+09:00 0 0 경기76자1751 4 62 229000072 229001546 47 
2020-12-02T20:38:22.308179+09:00 0 0 경기76자1751 4 62 229000072 229001546 47 
2020-12-02T20:39:21.992288+09:00 0 0 경기76자1751 4 67 229000072 229000930 48 
2020-12-02T20:40:20.856324+09:00 0 0 경기76자1751 4 70 229000072 229000930 48 
2020-12-02T20:41:20.790514+09:00 0 0 경기76자1751 4 70 229000072 229000930 48 
2020-12-02T20:42:20.745370+09:00 0 0 경기76자1751 4 70 229000072 229000930 48 
2020-12-02T20:43:20.778728+09:00 0 0 경기76자1751 4 70 229000072 229000930 48 
2020-12-02T20:44:20.412928+09:00 0 0 경기76자1778 4 72 229000072 277102468 2 
2020-12-02T20:44:20.412988+09:00 0 0 경기76자1751 4 70 229000072 229000930 48 
2020-12-02T20:45:20.277071+09:00 0 0 경기76자1751 4 70 229000072 229000930 48 
2020-12-02T20:45:20.277135+09:00 0 0 경기76자1778 4 72 229000072 277103813 3 
2020-12-02T20:46:20.091303+09:00 0 0 경기76자1751 4 70 229000072 229000930 48 
2020-12-02T20:46:20.091366+09:00 0 0 경기76자1778 4 72 229000072 277103813 3 
2020-12-02T20:47:20.070554+09:00 0 0 경기76자1778 4 72 229000072 277103813 3 
2020-12-02T20:47:20.070616+09:00 0 0 경기76자1751 4 70 229000072 229000930 48 
2020-12-02T20:48:19.749427+09:00 0 0 경기76자1778 4 72 229000072 277103813 3 
2020-12-02T20:49:19.843586+09:00 0 0 경기76자1778 4 72 229000072 277102285 4 
2020-12-02T20:50:19.027711+09:00 0 0 경기76자1778 4 72 229000072 277102285 4 
2020-12-02T20:51:18.891824+09:00 0 0 경기76자1778 4 72 229000072 229001394 5 
2020-12-02T20:52:18.626176+09:00 0 0 경기76자1778 4 72 229000072 229001394 5 
2020-12-02T20:53:18.760293+09:00 0 0 경기76자1778 4 72 229000072 229001545 6 
