200000193 2020-12-27T20:15:39.801960+09:00
2020-12-28T07:06:06 0 0 경기76아8592 3 45 200000193 223000524 2 
2020-12-28T07:07:05 0 0 경기76아8592 3 45 200000193 223000524 2 
2020-12-28T07:08:05 0 0 경기76아8592 3 45 200000193 223000524 2 
2020-12-28T07:09:04 0 0 경기76아8592 3 45 200000193 223000524 2 
2020-12-28T07:10:04 0 0 경기76아8592 3 45 200000193 223000524 2 
2020-12-28T07:11:03 0 0 경기76아8592 3 40 200000193 223000127 4 
2020-12-28T07:12:03 0 0 경기76아8592 3 38 200000193 223000127 4 
2020-12-28T07:13:03 0 0 경기76아8592 3 38 200000193 223000127 4 
2020-12-28T07:14:02 0 0 경기76아8592 3 38 200000193 223000212 5 
2020-12-28T07:15:02 0 0 경기76아8592 3 33 200000193 223000212 5 
2020-12-28T07:16:01 0 0 경기76아8592 3 33 200000193 223000212 5 
2020-12-28T07:17:00 0 0 경기76아8592 3 33 200000193 223000212 5 
2020-12-28T07:18:00 0 0 경기76아8592 3 33 200000193 223000005 6 
2020-12-28T07:18:59 0 0 경기76아8592 3 25 200000193 223000005 6 
2020-12-28T07:19:59 0 0 경기76아8592 3 25 200000193 223000005 6 
2020-12-28T07:20:58 0 0 경기76아8592 3 25 200000193 223000005 6 
2020-12-28T07:21:57 0 0 경기76아8592 3 25 200000193 223000048 7 
2020-12-28T07:22:56 0 0 경기76아8592 3 25 200000193 223000048 7 
2020-12-28T07:23:56 0 0 경기76아8592 3 25 200000193 223000048 7 
2020-12-28T07:24:56 0 0 경기76아8592 3 22 200000193 223000048 7 
2020-12-28T07:25:55 0 0 경기76아8592 3 18 200000193 223000047 8 
2020-12-28T07:26:54 0 0 경기76아8592 3 18 200000193 223000047 8 
2020-12-28T07:27:53 0 0 경기76아8592 3 18 200000193 223000047 8 
2020-12-28T07:28:53 0 0 경기76아8592 3 18 200000193 223000047 8 
2020-12-28T07:29:53 0 0 경기76아8592 3 18 200000193 223000047 8 
2020-12-28T07:30:52 0 0 경기76아8592 3 18 200000193 223000047 8 
2020-12-28T07:31:52 0 0 경기76아8592 3 18 200000193 223000047 8 
2020-12-28T07:32:51 0 0 경기76아8592 3 18 200000193 223000047 8 
2020-12-28T07:33:51 0 0 경기76아8592 3 18 200000193 223000047 8 
2020-12-28T07:34:51 0 0 경기76아8592 3 18 200000193 223000047 8 
2020-12-28T07:35:50 0 0 경기76아8592 3 18 200000193 223000047 8 
2020-12-28T07:36:50 0 0 경기76아8592 3 18 200000193 223000047 8 
2020-12-28T07:37:49 0 0 경기76아8592 3 18 200000193 223000047 8 
2020-12-28T07:38:49 0 0 경기76아8592 3 18 200000193 223000047 8 
2020-12-28T07:39:49 0 0 경기76아8592 3 18 200000193 223000047 8 
2020-12-28T07:40:49 0 0 경기76아8592 3 18 200000193 223000047 8 
2020-12-28T07:41:49 0 0 경기76아8592 3 18 200000193 223000047 8 
2020-12-28T07:42:48 0 0 경기76아8592 3 18 200000193 223000047 8 
2020-12-28T07:43:48 0 0 경기76아8592 3 18 200000193 223000047 8 
2020-12-28T07:44:47 0 0 경기76아8592 3 18 200000193 223000047 8 
2020-12-28T07:45:46 0 0 경기76아8592 3 18 200000193 223000047 8 
2020-12-28T07:46:45 0 0 경기76아8592 3 18 200000193 223000047 8 
2020-12-28T07:47:45 0 0 경기76아8592 3 18 200000193 223000047 8 
2020-12-28T07:48:44 0 0 경기76아8592 3 18 200000193 223000047 8 
2020-12-28T07:49:44 0 0 경기76아8592 3 18 200000193 223000047 8 
2020-12-28T07:50:43 0 0 경기76아8592 3 18 200000193 223000047 8 
2020-12-28T07:51:43 0 0 경기76아8592 3 18 200000193 223000047 8 
2020-12-28T07:52:42 0 0 경기76아8592 3 18 200000193 277103448 9 
2020-12-28T07:52:42 0 0 경기78아7084 3 33 200000193 201000244 6 
2020-12-28T07:53:42 0 0 경기76아8592 3 18 200000193 277103448 9 
2020-12-28T07:54:41 0 0 경기76아8592 3 18 200000193 277103448 9 
2020-12-28T07:55:40 0 0 경기76아8592 3 18 200000193 277103448 9 
2020-12-28T07:56:39 0 0 경기76아8592 3 18 200000193 277103445 10 
2020-12-28T07:56:39 0 0 경기78아7084 3 42 200000193 223000523 54 
2020-12-28T07:57:38 0 0 경기76아8592 3 18 200000193 277103445 10 
2020-12-28T07:57:38 0 0 경기78아7084 3 38 200000193 223000127 4 
2020-12-28T07:58:38 0 0 경기78아7084 3 37 200000193 223000212 5 
2020-12-28T07:58:38 0 0 경기76아8592 3 18 200000193 277102247 11 
2020-12-28T07:59:38 0 0 경기78아7084 3 42 200000193 223000523 54 
2020-12-28T07:59:38 0 0 경기76아8592 3 18 200000193 277102247 11 
2020-12-28T08:00:37 0 0 경기76아8592 3 18 200000193 277102247 11 
2020-12-28T08:00:37 0 0 경기78아7084 3 37 200000193 223000212 5 
2020-12-28T08:01:36 0 0 경기76아8592 3 18 200000193 277102247 11 
2020-12-28T08:02:36 0 0 경기76아8592 3 18 200000193 277103363 12 
2020-12-28T08:03:36 0 0 경기76아8592 3 18 200000193 277103363 12 
2020-12-28T08:03:36 0 0 경기78아7084 3 28 200000193 201000029 9 
2020-12-28T08:04:35 0 0 경기76아8592 3 18 200000193 277103361 13 
2020-12-28T08:05:34 0 0 경기76아8592 3 18 200000193 277103361 13 
2020-12-28T08:06:34 0 0 경기76아8592 3 18 200000193 277103443 14 
2020-12-28T08:07:33 0 0 경기76아8592 3 18 200000193 277103443 14 
2020-12-28T08:08:32 0 0 경기76아8592 3 18 200000193 277103443 14 
2020-12-28T08:08:32 0 0 경기78아7084 3 32 200000193 223000537 49 
2020-12-28T08:09:32 0 0 경기76아8592 3 18 200000193 277103386 15 
2020-12-28T08:10:31 0 0 경기76아8592 3 18 200000193 277103386 15 
2020-12-28T08:11:30 0 0 경기76아8592 3 18 200000193 277103386 15 
2020-12-28T08:12:30 0 0 경기76아8592 3 18 200000193 277103151 16 
2020-12-28T08:13:29 0 0 경기76아8592 3 18 200000193 277103679 17 
2020-12-28T08:14:28 0 0 경기76아8592 3 18 200000193 277103679 17 
2020-12-28T08:15:28 0 0 경기76아8592 3 18 200000193 277103441 18 
2020-12-28T08:16:28 0 0 경기76아8592 3 18 200000193 277103441 18 
2020-12-28T08:17:27 0 0 경기76아8592 3 18 200000193 277104177 19 
2020-12-28T08:18:26 0 0 경기76아8592 3 18 200000193 277104177 19 
2020-12-28T08:19:26 0 0 경기76아8592 3 18 200000193 277104177 19 
2020-12-28T08:20:25 0 0 경기76아8592 3 18 200000193 277104177 19 
2020-12-28T08:21:24 0 0 경기76아8592 3 18 200000193 277103388 20 
2020-12-28T08:22:24 0 0 경기76아8592 3 18 200000193 277103388 20 
2020-12-28T08:23:24 0 0 경기76아8592 3 18 200000193 277103388 20 
2020-12-28T08:24:23 0 0 경기76아8592 3 18 200000193 277103390 21 
2020-12-28T08:25:23 0 0 경기78아7084 3 25 200000193 277103448 9 
2020-12-28T08:25:23 0 0 경기76아8592 3 18 200000193 121000034 22 
2020-12-28T08:26:23 0 0 경기78아7084 3 25 200000193 277103448 9 
2020-12-28T08:26:23 0 0 경기76아8592 3 20 200000193 121000034 22 
2020-12-28T08:27:22 0 0 경기78아7084 3 20 200000193 223000047 10 
2020-12-28T08:27:22 0 0 경기76아8592 3 20 200000193 121000033 23 
2020-12-28T08:28:21 0 0 경기76아8592 3 27 200000193 121000033 23 
2020-12-28T08:28:21 0 0 경기78아7084 3 28 200000193 277103312 16 
2020-12-28T08:29:20 0 0 경기76아8592 3 27 200000193 121000033 23 
2020-12-28T08:30:19 0 0 경기76아8592 3 27 200000193 121000033 23 
2020-12-28T08:30:19 0 0 경기78아7084 3 25 200000193 277102247 11 
2020-12-28T08:31:19 0 0 경기78아7084 3 25 200000193 277102247 11 
2020-12-28T08:31:19 0 0 경기76아8592 3 27 200000193 121000033 23 
2020-12-28T08:32:18 0 0 경기76아8592 3 27 200000193 121000033 23 
2020-12-28T08:32:18 0 0 경기78아7084 3 25 200000193 277102247 11 
2020-12-28T08:33:18 0 0 경기76아8592 3 44 200000193 121000929 24 
2020-12-28T08:34:18 0 0 경기76아8592 3 44 200000193 121000929 24 
2020-12-28T08:34:18 0 0 경기78아7084 3 20 200000193 277103448 11 
2020-12-28T08:35:17 0 0 경기78아7084 3 25 200000193 277103361 13 
2020-12-28T08:35:17 0 0 경기76아8592 3 44 200000193 277104257 25 
2020-12-28T08:36:18 0 0 경기78아7084 3 25 200000193 277103361 13 
2020-12-28T08:36:18 0 0 경기76아8592 3 44 200000193 277104257 25 
2020-12-28T08:37:17 0 0 경기76아8592 3 44 200000193 277104257 25 
2020-12-28T08:37:17 0 0 경기78아7084 3 25 200000193 277103443 14 
2020-12-28T08:38:16 0 0 경기78아7084 3 25 200000193 277103443 14 
2020-12-28T08:38:16 0 0 경기76아8592 3 44 200000193 277101612 27 
2020-12-28T08:39:16 0 0 경기78아7084 3 25 200000193 277103443 14 
2020-12-28T08:39:16 0 0 경기76아8592 3 44 200000193 277101612 27 
2020-12-28T08:40:15 0 0 경기78아7084 3 20 200000193 277102247 13 
2020-12-28T08:40:15 0 0 경기76아8592 3 44 200000193 121000920 28 
2020-12-28T08:41:14 0 0 경기76아8592 3 44 200000193 121000920 28 
2020-12-28T08:41:14 0 0 경기78아7084 3 20 200000193 277102247 13 
2020-12-28T08:42:14 0 0 경기76아8592 3 44 200000193 121000920 28 
2020-12-28T08:42:14 0 0 경기78아7084 3 25 200000193 277103151 16 
2020-12-28T08:43:14 0 0 경기76아8592 3 45 200000193 121000056 29 
2020-12-28T08:44:14 0 0 경기76아8592 3 45 200000193 121000056 29 
2020-12-28T08:45:14 0 0 경기76아8592 3 45 200000193 121000969 30 
2020-12-28T08:45:14 0 0 경기78아7084 3 25 200000193 277103441 18 
2020-12-28T08:46:14 0 0 경기76아8592 3 45 200000193 121000969 30 
2020-12-28T08:46:14 0 0 경기78아7084 3 25 200000193 277103441 18 
2020-12-28T08:47:13 0 0 경기76아8592 3 45 200000193 277104385 31 
2020-12-28T08:48:13 0 0 경기76아8592 3 45 200000193 121000220 32 
2020-12-28T08:49:12 0 0 경기78아7084 3 25 200000193 277103388 20 
2020-12-28T08:49:12 0 0 경기76아8592 3 45 200000193 121000220 32 
2020-12-28T08:50:11 0 0 경기76아8592 3 45 200000193 121000220 32 
2020-12-28T08:51:10 0 0 경기76아8592 3 45 200000193 121000220 32 
2020-12-28T08:51:10 0 0 경기78아7084 3 36 200000193 121000060 20 
2020-12-28T08:52:10 0 0 경기76아8592 3 45 200000193 121000220 32 
2020-12-28T08:53:10 0 0 경기76아8592 3 45 200000193 277103387 33 
2020-12-28T08:54:09 0 0 경기76아8592 3 45 200000193 277104178 34 
2020-12-28T08:54:09 0 0 경기78아7084 3 27 200000193 121000033 23 
2020-12-28T08:55:08 0 0 경기76아8592 3 45 200000193 277103440 35 
2020-12-28T08:56:07 0 0 경기76아8592 3 45 200000193 277103440 35 
2020-12-28T08:57:07 0 0 경기76아8592 3 45 200000193 277103678 36 
2020-12-28T08:58:06 0 0 경기76아8592 3 45 200000193 277103150 37 
2020-12-28T08:59:06 0 0 경기76아8592 3 45 200000193 277103150 37 
2020-12-28T09:00:06 0 0 경기76아8592 3 45 200000193 277103150 37 
2020-12-28T09:01:05 0 0 경기76아8592 3 45 200000193 277103385 38 
2020-12-28T09:02:04 0 0 경기76아8592 3 45 200000193 277103385 38 
2020-12-28T09:03:03 0 0 경기76아8592 3 45 200000193 277103385 38 
2020-12-28T09:03:03 0 0 경기78아7084 3 44 200000193 121000971 26 
2020-12-28T09:04:02 0 0 경기76아8592 3 45 200000193 277103442 39 
2020-12-28T09:04:02 0 0 경기78아7084 3 44 200000193 277101612 27 
2020-12-28T09:05:02 0 0 경기76아8592 3 45 200000193 277103442 39 
2020-12-28T09:06:02 0 0 경기76아8592 3 45 200000193 277103360 40 
2020-12-28T09:07:01 0 0 경기76아8592 3 45 200000193 277103360 40 
2020-12-28T09:07:01 0 0 경기78아7084 3 45 200000193 121000056 29 
2020-12-28T09:08:01 0 0 경기78아7084 3 45 200000193 121000056 29 
2020-12-28T09:08:01 0 0 경기76아8592 3 45 200000193 277103362 41 
2020-12-28T09:09:00 0 0 경기78아7084 3 45 200000193 121000056 29 
2020-12-28T09:09:00 0 0 경기76아8592 3 45 200000193 277103362 41 
2020-12-28T09:09:59 0 0 경기78아7084 3 21 200000193 121000086 24 
2020-12-28T09:09:59 0 0 경기76아8592 3 45 200000193 277103362 41 
2020-12-28T09:10:58 0 0 경기76아8592 3 45 200000193 277101636 42 
2020-12-28T09:11:58 0 0 경기76아8592 3 45 200000193 277101636 42 
2020-12-28T09:12:57 0 0 경기76아8592 3 45 200000193 277101636 42 
2020-12-28T09:13:57 0 0 경기76아8592 3 45 200000193 277103444 43 
2020-12-28T09:14:56 0 0 경기76아8592 3 45 200000193 277103444 43 
2020-12-28T09:15:55 0 0 경기76아8592 3 45 200000193 277103444 43 
2020-12-28T09:16:54 0 0 경기76아8592 3 45 200000193 277103444 43 
2020-12-28T09:16:54 0 0 경기78아7084 3 45 200000193 277104178 34 
2020-12-28T09:17:54 0 0 경기76아8592 3 45 200000193 277103449 44 
2020-12-28T09:17:54 0 0 경기78아7084 3 45 200000193 277103440 35 
2020-12-28T09:18:53 0 0 경기76아8592 3 45 200000193 277103449 44 
2020-12-28T09:18:53 0 0 경기78아7084 3 41 200000193 121000920 29 
2020-12-28T09:19:52 0 0 경기76아8592 3 45 200000193 277103449 44 
2020-12-28T09:19:52 0 0 경기78아7084 3 45 200000193 277103678 36 
2020-12-28T09:20:52 0 0 경기76아8592 3 45 200000193 277103449 44 
2020-12-28T09:20:52 0 0 경기78아7084 3 45 200000193 277103150 37 
2020-12-28T09:21:51 0 0 경기76아8592 3 45 200000193 277103449 44 
2020-12-28T09:22:50 0 0 경기76아8592 3 45 200000193 277103449 44 
2020-12-28T09:22:50 0 0 경기78아7084 3 45 200000193 277103385 38 
2020-12-28T09:23:50 0 0 경기76아8592 3 45 200000193 277103449 44 
2020-12-28T09:23:50 0 0 경기78아7084 3 45 200000193 277103385 38 
2020-12-28T09:24:49 0 0 경기76아8592 3 45 200000193 277103449 44 
2020-12-28T09:25:48 0 0 경기76아8592 3 45 200000193 277103449 44 
2020-12-28T09:26:48 0 0 경기76아8592 3 45 200000193 277103449 44 
2020-12-28T09:27:47 0 0 경기76아8592 3 45 200000193 277103449 44 
2020-12-28T09:28:47 0 0 경기76아8592 3 45 200000193 277103449 44 
2020-12-28T09:28:47 0 0 경기78아7084 3 43 200000193 121000220 33 
2020-12-28T09:29:46 0 0 경기76아8592 3 45 200000193 277103449 44 
2020-12-28T09:30:46 0 0 경기76아8592 3 45 200000193 277103449 44 
2020-12-28T09:31:45 0 0 경기76아8592 3 45 200000193 277103449 44 
2020-12-28T09:33:45 0 0 경기78아7084 3 45 200000193 277101636 42 
2020-12-28T09:34:45 0 0 경기78아7084 3 43 200000193 277103440 36 
2020-12-28T16:30:54 0 0 경기76아8592 3 45 200000193 223000524 2 
2020-12-28T16:31:53 0 0 경기76아8592 3 45 200000193 223000524 2 
2020-12-28T16:32:53 0 0 경기76아8592 3 45 200000193 223000128 3 
2020-12-28T16:33:53 0 0 경기76아8592 3 45 200000193 223000127 4 
2020-12-28T16:34:53 0 0 경기76아8592 3 45 200000193 223000127 4 
2020-12-28T16:35:53 0 0 경기76아8592 3 45 200000193 223000212 5 
2020-12-28T16:36:52 0 0 경기76아8592 3 45 200000193 223000212 5 
2020-12-28T16:37:52 0 0 경기76아8592 3 45 200000193 223000212 5 
2020-12-28T16:38:52 0 0 경기76아8592 3 45 200000193 223000212 5 
2020-12-28T16:39:52 0 0 경기76아8592 3 45 200000193 223000212 5 
2020-12-28T16:40:51 0 0 경기76아8592 3 43 200000193 223000005 6 
2020-12-28T16:41:51 0 0 경기76아8592 3 43 200000193 223000048 7 
2020-12-28T16:42:51 0 0 경기76아8592 3 43 200000193 223000048 7 
2020-12-28T16:43:50 0 0 경기76아8592 3 43 200000193 223000047 8 
2020-12-28T16:44:49 0 0 경기76아8592 3 43 200000193 223000047 8 
2020-12-28T16:45:49 0 0 경기76아8592 3 43 200000193 223000047 8 
2020-12-28T16:46:49 0 0 경기76아8592 3 43 200000193 223000047 8 
2020-12-28T16:47:49 0 0 경기76아8592 3 43 200000193 223000047 8 
2020-12-28T16:48:48 0 0 경기76아8592 3 43 200000193 223000047 8 
2020-12-28T16:49:48 0 0 경기76아8592 3 43 200000193 277103448 9 
2020-12-28T16:50:48 0 0 경기76아8592 3 43 200000193 277103448 9 
2020-12-28T16:51:47 0 0 경기76아8592 3 43 200000193 277103448 9 
2020-12-28T16:52:46 0 0 경기76아8592 3 43 200000193 277103448 9 
2020-12-28T16:53:46 0 0 경기76아8592 3 43 200000193 277103445 10 
2020-12-28T16:54:46 0 0 경기76아8592 3 43 200000193 277103445 10 
2020-12-28T16:55:46 0 0 경기76아8592 3 43 200000193 277103445 10 
2020-12-28T16:56:45 0 0 경기76아8592 3 43 200000193 277102247 11 
2020-12-28T16:57:45 0 0 경기76아8592 3 43 200000193 277102247 11 
2020-12-28T16:58:45 0 0 경기76아8592 3 43 200000193 277102247 11 
2020-12-28T16:59:44 0 0 경기76아8592 3 43 200000193 277102247 11 
2020-12-28T17:00:43 0 0 경기76아8592 3 43 200000193 277103363 12 
2020-12-28T17:01:43 0 0 경기76아8592 3 43 200000193 277103363 12 
2020-12-28T17:02:42 0 0 경기76아8592 3 43 200000193 277103361 13 
2020-12-28T17:03:42 0 0 경기76아8592 3 43 200000193 277103361 13 
2020-12-28T17:04:41 0 0 경기76아8592 3 43 200000193 277103361 13 
2020-12-28T17:05:40 0 0 경기76아8592 3 43 200000193 277103443 14 
2020-12-28T17:06:40 0 0 경기76아8592 3 43 200000193 277103443 14 
2020-12-28T17:07:39 0 0 경기76아8592 3 43 200000193 277103443 14 
2020-12-28T17:08:38 0 0 경기76아8592 3 43 200000193 277103386 15 
2020-12-28T17:09:37 0 0 경기76아8592 3 43 200000193 277103386 15 
2020-12-28T17:10:37 0 0 경기76아8592 3 43 200000193 277103151 16 
2020-12-28T17:11:36 0 0 경기76아8592 3 43 200000193 277103151 16 
2020-12-28T17:12:36 0 0 경기76아8592 3 43 200000193 277103679 17 
2020-12-28T17:13:35 0 0 경기76아8592 3 43 200000193 277103441 18 
2020-12-28T17:14:35 0 0 경기76아8592 3 43 200000193 277103441 18 
2020-12-28T17:15:34 0 0 경기76아8592 3 43 200000193 277104177 19 
2020-12-28T17:16:34 0 0 경기76아8592 3 43 200000193 277103388 20 
2020-12-28T17:17:34 0 0 경기76아8592 3 43 200000193 277103388 20 
2020-12-28T17:18:33 0 0 경기76아8592 3 43 200000193 277103388 20 
2020-12-28T17:19:33 0 0 경기76아8592 3 43 200000193 277103388 20 
2020-12-28T17:20:33 0 0 경기76아8592 3 43 200000193 277103388 20 
2020-12-28T17:21:32 0 0 경기76아8592 3 43 200000193 277103388 20 
2020-12-28T17:22:32 0 0 경기76아8592 3 43 200000193 277103388 20 
2020-12-28T17:23:32 0 0 경기76아8592 3 43 200000193 277103390 21 
2020-12-28T17:24:31 0 0 경기76아8592 3 43 200000193 277103390 21 
2020-12-28T17:25:32 0 0 경기76아8592 3 43 200000193 277103390 21 
2020-12-28T17:26:32 0 0 경기76아8592 3 43 200000193 277103390 21 
2020-12-28T17:27:31 0 0 경기76아8592 3 43 200000193 277103390 21 
2020-12-28T17:28:31 0 0 경기76아8592 3 43 200000193 277103390 21 
2020-12-28T17:29:30 0 0 경기76아8592 3 43 200000193 277103390 21 
2020-12-28T17:30:30 0 0 경기76아8592 3 43 200000193 121000034 22 
2020-12-28T17:31:29 0 0 경기76아8592 3 45 200000193 121000033 23 
2020-12-28T17:32:28 0 0 경기76아8592 3 45 200000193 121000033 23 
2020-12-28T17:33:27 0 0 경기76아8592 3 45 200000193 121000033 23 
2020-12-28T17:34:27 0 0 경기76아8592 3 45 200000193 121000033 23 
2020-12-28T17:35:26 0 0 경기76아8592 3 45 200000193 121000929 24 
2020-12-28T17:36:25 0 0 경기76아8592 3 44 200000193 121000929 24 
2020-12-28T17:37:24 0 0 경기76아8592 3 44 200000193 277104257 25 
2020-12-28T17:38:24 0 0 경기76아8592 3 44 200000193 277104257 25 
2020-12-28T17:39:24 0 0 경기76아8592 3 44 200000193 277104257 25 
2020-12-28T17:40:23 0 0 경기76아8592 3 44 200000193 277104257 25 
2020-12-28T17:41:23 0 0 경기76아8592 3 38 200000193 277101612 27 
2020-12-28T17:42:23 0 0 경기76아8592 3 38 200000193 277101612 27 
2020-12-28T17:43:22 0 0 경기76아8592 3 38 200000193 121000920 28 
2020-12-28T17:44:22 0 0 경기76아8592 3 38 200000193 121000920 28 
2020-12-28T17:45:21 0 0 경기76아8592 3 38 200000193 121000920 28 
2020-12-28T17:46:21 0 0 경기76아8592 3 38 200000193 121000056 29 
2020-12-28T17:47:21 0 0 경기76아8592 3 38 200000193 121000056 29 
2020-12-28T17:48:21 0 0 경기76아8592 3 36 200000193 121000969 30 
2020-12-28T17:49:21 0 0 경기76아8592 3 36 200000193 121000969 30 
2020-12-28T17:50:20 0 0 경기76아8592 3 36 200000193 121000969 30 
2020-12-28T17:51:19 0 0 경기76아8592 3 36 200000193 277104385 31 
2020-12-28T17:52:19 0 0 경기76아8592 3 36 200000193 277104385 31 
2020-12-28T17:53:19 0 0 경기76아8592 3 36 200000193 121000220 32 
2020-12-28T17:54:19 0 0 경기76아8592 3 34 200000193 121000220 32 
2020-12-28T17:55:18 0 0 경기76아8592 3 34 200000193 121000220 32 
2020-12-28T17:56:18 0 0 경기76아8592 3 34 200000193 277103387 33 
2020-12-28T17:57:18 0 0 경기76아8592 3 34 200000193 277104178 34 
2020-12-28T17:58:18 0 0 경기76아8592 3 34 200000193 277104178 34 
2020-12-28T17:59:18 0 0 경기76아8592 3 34 200000193 277103440 35 
2020-12-28T18:00:18 0 0 경기76아8592 3 34 200000193 277103678 36 
2020-12-28T18:01:18 0 0 경기76아8592 3 34 200000193 277103150 37 
2020-12-28T18:02:17 0 0 경기76아8592 3 34 200000193 277103150 37 
2020-12-28T18:03:17 0 0 경기76아8592 3 34 200000193 277103150 37 
2020-12-28T18:04:17 0 0 경기76아8592 3 34 200000193 277103385 38 
2020-12-28T18:05:17 0 0 경기76아8592 3 34 200000193 277103385 38 
2020-12-28T18:06:16 0 0 경기76아8592 3 34 200000193 277103385 38 
2020-12-28T18:07:16 0 0 경기76아8592 3 34 200000193 277103442 39 
2020-12-28T18:08:15 0 0 경기76아8592 3 34 200000193 277103442 39 
2020-12-28T18:09:15 0 0 경기76아8592 3 34 200000193 277103442 39 
2020-12-28T18:10:15 0 0 경기76아8592 3 34 200000193 277103360 40 
2020-12-28T18:11:14 0 0 경기76아8592 3 34 200000193 277103360 40 
2020-12-28T18:12:14 0 0 경기76아8592 3 34 200000193 277103362 41 
2020-12-28T18:13:14 0 0 경기76아8592 3 34 200000193 277103362 41 
2020-12-28T18:14:13 0 0 경기76아8592 3 34 200000193 277103362 41 
2020-12-28T18:15:13 0 0 경기76아8592 3 34 200000193 277101636 42 
2020-12-28T18:16:13 0 0 경기76아8592 3 34 200000193 277101636 42 
2020-12-28T18:17:13 0 0 경기76아8592 3 34 200000193 277101636 42 
2020-12-28T18:18:13 0 0 경기76아8592 3 34 200000193 277103444 43 
2020-12-28T18:19:12 0 0 경기76아8592 3 34 200000193 277103444 43 
2020-12-28T18:20:12 0 0 경기76아8592 3 34 200000193 277103444 43 
2020-12-28T18:21:12 0 0 경기76아8592 3 34 200000193 277103444 43 
2020-12-28T18:22:12 0 0 경기76아8592 3 34 200000193 277103449 44 
2020-12-28T18:23:11 0 0 경기76아8592 3 34 200000193 277103449 44 
2020-12-28T18:24:10 0 0 경기76아8592 3 34 200000193 277103449 44 
2020-12-28T18:25:09 0 0 경기76아8592 3 34 200000193 277103449 44 
2020-12-28T18:26:09 0 0 경기76아8592 3 34 200000193 277103449 44 
2020-12-28T18:27:08 0 0 경기76아8592 3 34 200000193 277103449 44 
2020-12-28T18:28:08 0 0 경기76아8592 3 34 200000193 277103449 44 
2020-12-28T18:29:07 0 0 경기76아8592 3 34 200000193 277103449 44 
2020-12-28T18:30:07 0 0 경기76아8592 3 34 200000193 277103449 44 
2020-12-28T18:31:07 0 0 경기76아8592 3 34 200000193 277103449 44 
2020-12-28T18:32:06 0 0 경기76아8592 3 34 200000193 277103449 44 
2020-12-28T18:33:06 0 0 경기76아8592 3 34 200000193 223000199 45 
2020-12-28T18:34:06 0 0 경기76아8592 3 37 200000193 223000199 45 
2020-12-28T18:35:05 0 0 경기76아8592 3 37 200000193 223000094 46 
2020-12-28T18:36:05 0 0 경기76아8592 3 37 200000193 223000094 46 
2020-12-28T18:37:04 0 0 경기76아8592 3 40 200000193 223000093 47 
2020-12-28T18:38:03 0 0 경기76아8592 3 40 200000193 223000093 47 
2020-12-28T18:39:03 0 0 경기76아8592 3 40 200000193 223000093 47 
2020-12-28T18:40:03 0 0 경기76아8592 3 43 200000193 223000537 48 
2020-12-28T18:41:02 0 0 경기76아8592 3 43 200000193 223000537 48 
2020-12-28T18:42:02 0 0 경기76아8592 3 43 200000193 223000537 48 
2020-12-28T18:43:02 0 0 경기76아8592 3 44 200000193 223000099 49 
2020-12-28T18:44:02 0 0 경기76아8592 3 44 200000193 223000098 50 
2020-12-28T18:45:01 0 0 경기76아8592 3 44 200000193 223000098 50 
2020-12-28T18:46:01 0 0 경기76아8592 3 44 200000193 223000097 51 
2020-12-28T18:47:01 0 0 경기76아8592 3 44 200000193 223000525 52 
2020-12-28T18:48:00 0 0 경기76아8592 3 44 200000193 223000525 52 
2020-12-28T18:49:00 0 0 경기76아8592 3 44 200000193 223000525 52 
2020-12-28T18:50:00 0 0 경기76아8592 3 44 200000193 223000525 52 
2020-12-28T18:50:59 0 0 경기76아8592 3 44 200000193 223000525 52 
2020-12-28T18:51:59 0 0 경기76아8592 3 44 200000193 223000525 52 
2020-12-28T18:52:59 0 0 경기76아8592 3 44 200000193 223000525 52 
2020-12-28T18:53:58 0 0 경기76아8592 3 44 200000193 223000525 52 
2020-12-28T18:54:57 0 0 경기76아8592 3 44 200000193 223000525 52 
2020-12-28T18:55:56 0 0 경기76아8592 3 44 200000193 223000525 52 
2020-12-28T18:56:56 0 0 경기76아8592 3 44 200000193 223000525 52 
2020-12-28T18:57:56 0 0 경기76아8592 3 44 200000193 223000525 52 
2020-12-28T18:58:56 0 0 경기76아8592 3 44 200000193 223000525 52 
2020-12-28T18:59:56 0 0 경기76아8592 3 44 200000193 223000525 52 
2020-12-28T19:00:55 0 0 경기76아8592 3 44 200000193 223000525 52 
2020-12-28T19:01:54 0 0 경기76아8592 3 44 200000193 223000525 52 
2020-12-28T19:32:43 0 0 경기76아8592 3 45 200000193 223000524 2 
2020-12-28T19:33:43 0 0 경기76아8592 3 45 200000193 223000524 2 
2020-12-28T19:34:43 0 0 경기76아8592 3 45 200000193 223000524 2 
2020-12-28T19:35:42 0 0 경기76아8592 3 45 200000193 223000127 4 
2020-12-28T19:36:42 0 0 경기76아8592 3 45 200000193 223000127 4 
2020-12-28T19:37:41 0 0 경기76아8592 3 45 200000193 223000212 5 
2020-12-28T19:38:41 0 0 경기76아8592 3 44 200000193 223000212 5 
2020-12-28T19:39:41 0 0 경기76아8592 3 44 200000193 223000212 5 
2020-12-28T19:40:41 0 0 경기76아8592 3 44 200000193 223000212 5 
2020-12-28T19:41:40 0 0 경기76아8592 3 44 200000193 223000005 6 
2020-12-28T19:42:40 0 0 경기76아8592 3 44 200000193 223000048 7 
2020-12-28T19:43:40 0 0 경기76아8592 3 44 200000193 223000048 7 
2020-12-28T19:44:39 0 0 경기76아8592 3 44 200000193 223000048 7 
2020-12-28T19:45:39 0 0 경기76아8592 3 44 200000193 223000047 8 
2020-12-28T19:46:38 0 0 경기76아8592 3 44 200000193 223000047 8 
2020-12-28T19:47:38 0 0 경기76아8592 3 44 200000193 223000047 8 
2020-12-28T19:48:38 0 0 경기76아8592 3 44 200000193 223000047 8 
2020-12-28T19:49:37 0 0 경기76아8592 3 44 200000193 277103448 9 
2020-12-28T19:50:37 0 0 경기76아8592 3 44 200000193 277103448 9 
2020-12-28T19:51:37 0 0 경기76아8592 3 44 200000193 277103448 9 
2020-12-28T19:52:36 0 0 경기76아8592 3 44 200000193 277103445 10 
2020-12-28T19:53:35 0 0 경기76아8592 3 44 200000193 277103445 10 
2020-12-28T19:54:35 0 0 경기76아8592 3 44 200000193 277103445 10 
2020-12-28T19:55:35 0 0 경기76아8592 3 44 200000193 277102247 11 
2020-12-28T19:56:35 0 0 경기76아8592 3 44 200000193 277102247 11 
2020-12-28T19:57:34 0 0 경기76아8592 3 44 200000193 277102247 11 
2020-12-28T19:58:34 0 0 경기76아8592 3 44 200000193 277102247 11 
2020-12-28T19:59:34 0 0 경기76아8592 3 44 200000193 277103363 12 
2020-12-28T20:00:33 0 0 경기76아8592 3 44 200000193 277103363 12 
2020-12-28T20:01:33 0 0 경기76아8592 3 44 200000193 277103361 13 
2020-12-28T20:02:32 0 0 경기76아8592 3 44 200000193 277103361 13 
2020-12-28T20:03:32 0 0 경기76아8592 3 44 200000193 277103443 14 
2020-12-28T20:04:32 0 0 경기76아8592 3 44 200000193 277103443 14 
2020-12-28T20:05:32 0 0 경기76아8592 3 44 200000193 277103443 14 
2020-12-28T20:06:31 0 0 경기76아8592 3 44 200000193 277103386 15 
2020-12-28T20:07:31 0 0 경기76아8592 3 44 200000193 277103386 15 
2020-12-28T20:08:31 0 0 경기76아8592 3 44 200000193 277103151 16 
2020-12-28T20:09:31 0 0 경기76아8592 3 44 200000193 277103151 16 
2020-12-28T20:10:30 0 0 경기76아8592 3 44 200000193 277103679 17 
2020-12-28T20:11:30 0 0 경기76아8592 3 44 200000193 277103441 18 
2020-12-28T20:12:29 0 0 경기76아8592 3 44 200000193 277103441 18 
2020-12-28T20:13:29 0 0 경기76아8592 3 44 200000193 277104177 19 
2020-12-28T20:14:29 0 0 경기76아8592 3 44 200000193 277103388 20 
2020-12-28T20:15:29 0 0 경기76아8592 3 44 200000193 277103388 20 
2020-12-28T20:16:29 0 0 경기76아8592 3 44 200000193 277103390 21 
2020-12-28T20:17:29 0 0 경기76아8592 3 44 200000193 121000034 22 
2020-12-28T20:18:28 0 0 경기76아8592 3 44 200000193 121000034 22 
2020-12-28T20:19:28 0 0 경기76아8592 3 44 200000193 121000033 23 
2020-12-28T20:20:27 0 0 경기76아8592 3 44 200000193 121000033 23 
2020-12-28T20:21:26 0 0 경기76아8592 3 44 200000193 121000033 23 
2020-12-28T20:22:26 0 0 경기76아8592 3 44 200000193 121000033 23 
2020-12-28T20:23:26 0 0 경기76아8592 3 43 200000193 121000929 24 
2020-12-28T20:24:26 0 0 경기76아8592 3 43 200000193 277104257 25 
2020-12-28T20:25:26 0 0 경기76아8592 3 43 200000193 277104257 25 
2020-12-28T20:26:25 0 0 경기76아8592 3 39 200000193 121000937 26 
2020-12-28T20:27:24 0 0 경기76아8592 3 39 200000193 277101612 27 
2020-12-28T20:28:24 0 0 경기76아8592 3 39 200000193 277101612 27 
2020-12-28T20:29:24 0 0 경기76아8592 3 37 200000193 121000920 28 
2020-12-28T20:30:23 0 0 경기76아8592 3 38 200000193 121000056 29 
2020-12-28T20:31:23 0 0 경기76아8592 3 38 200000193 121000969 30 
2020-12-28T20:32:23 0 0 경기76아8592 3 32 200000193 121000969 30 
2020-12-28T20:33:22 0 0 경기76아8592 3 32 200000193 277104385 31 
2020-12-28T20:34:22 0 0 경기76아8592 3 32 200000193 121000220 32 
2020-12-28T20:35:22 0 0 경기76아8592 3 32 200000193 121000220 32 
2020-12-28T20:36:21 0 0 경기76아8592 3 32 200000193 121000220 32 
2020-12-28T20:37:21 0 0 경기76아8592 3 32 200000193 121000220 32 
2020-12-28T20:38:20 0 0 경기76아8592 3 32 200000193 277103387 33 
2020-12-28T20:39:20 0 0 경기76아8592 3 32 200000193 277103387 33 
2020-12-28T20:40:20 0 0 경기76아8592 3 32 200000193 277104178 34 
2020-12-28T20:41:20 0 0 경기76아8592 3 32 200000193 277103440 35 
2020-12-28T20:42:20 0 0 경기76아8592 3 32 200000193 277103678 36 
2020-12-28T20:43:19 0 0 경기76아8592 3 32 200000193 277103678 36 
2020-12-28T20:44:19 0 0 경기76아8592 3 32 200000193 277103150 37 
2020-12-28T20:45:19 0 0 경기76아8592 3 32 200000193 277103150 37 
2020-12-28T20:46:18 0 0 경기76아8592 3 32 200000193 277103385 38 
2020-12-28T20:47:18 0 0 경기76아8592 3 32 200000193 277103385 38 
2020-12-28T20:48:18 0 0 경기76아8592 3 32 200000193 277103385 38 
2020-12-28T20:49:17 0 0 경기76아8592 3 32 200000193 277103442 39 
2020-12-28T20:50:17 0 0 경기76아8592 3 32 200000193 277103442 39 
2020-12-28T20:51:16 0 0 경기76아8592 3 32 200000193 277103360 40 
2020-12-28T20:52:16 0 0 경기76아8592 3 32 200000193 277103360 40 
2020-12-28T20:53:16 0 0 경기76아8592 3 32 200000193 277103362 41 
2020-12-28T20:54:15 0 0 경기76아8592 3 32 200000193 277103362 41 
2020-12-28T20:55:15 0 0 경기76아8592 3 32 200000193 277103362 41 
2020-12-28T20:56:15 0 0 경기76아8592 3 32 200000193 277101636 42 
2020-12-28T20:57:14 0 0 경기76아8592 3 32 200000193 277101636 42 
2020-12-28T20:58:14 0 0 경기76아8592 3 32 200000193 277101636 42 
2020-12-28T20:59:14 0 0 경기76아8592 3 32 200000193 277103444 43 
2020-12-28T21:00:13 0 0 경기76아8592 3 32 200000193 277103444 43 
2020-12-28T21:01:13 0 0 경기76아8592 3 32 200000193 277103444 43 
2020-12-28T21:02:13 0 0 경기76아8592 3 32 200000193 277103449 44 
2020-12-28T21:03:12 0 0 경기76아8592 3 32 200000193 277103449 44 
2020-12-28T21:04:12 0 0 경기76아8592 3 32 200000193 277103449 44 
2020-12-28T21:05:12 0 0 경기76아8592 3 32 200000193 277103449 44 
2020-12-28T21:06:11 0 0 경기76아8592 3 32 200000193 277103449 44 
2020-12-28T21:07:11 0 0 경기76아8592 3 32 200000193 277103449 44 
2020-12-28T21:08:10 0 0 경기76아8592 3 32 200000193 223000199 45 
2020-12-28T21:09:10 0 0 경기76아8592 3 36 200000193 223000199 45 
2020-12-28T21:10:10 0 0 경기76아8592 3 39 200000193 223000094 46 
2020-12-28T21:11:09 0 0 경기76아8592 3 39 200000193 223000093 47 
2020-12-28T21:12:09 0 0 경기76아8592 3 41 200000193 223000093 47 
2020-12-28T21:13:09 0 0 경기76아8592 3 41 200000193 223000093 47 
2020-12-28T21:14:08 0 0 경기76아8592 3 41 200000193 223000093 47 
2020-12-28T21:15:08 0 0 경기76아8592 3 43 200000193 223000537 48 
2020-12-28T21:16:08 0 0 경기76아8592 3 43 200000193 223000537 48 
2020-12-28T21:17:08 0 0 경기76아8592 3 44 200000193 223000099 49 
2020-12-28T21:18:07 0 0 경기76아8592 3 44 200000193 223000098 50 
2020-12-28T21:19:07 0 0 경기76아8592 3 45 200000193 223000097 51 
2020-12-28T21:20:07 0 0 경기76아8592 3 45 200000193 223000525 52 
