200000193 2020-11-29T20:15:14.158729+09:00
2020-11-30T07:06:09.745652+09:00 0 0 경기76아8592 3 39 200000193 223000524 2 
2020-11-30T07:07:09.119763+09:00 0 0 경기76아8592 3 39 200000193 223000524 2 
2020-11-30T07:08:08.393900+09:00 0 0 경기76아8592 3 35 200000193 223000128 3 
2020-11-30T07:09:07.508020+09:00 0 0 경기76아8592 3 35 200000193 223000127 4 
2020-11-30T07:10:06.562110+09:00 0 0 경기76아8592 3 32 200000193 223000127 4 
2020-11-30T07:11:06.036244+09:00 0 0 경기76아8592 3 32 200000193 223000127 4 
2020-11-30T07:12:05.480300+09:00 0 0 경기76아8592 3 32 200000193 223000212 5 
2020-11-30T07:13:05.394504+09:00 0 0 경기76아8592 3 20 200000193 223000212 5 
2020-11-30T07:14:05.008503+09:00 0 0 경기76아8592 3 20 200000193 223000212 5 
2020-11-30T07:15:04.472656+09:00 0 0 경기76아8592 3 20 200000193 223000005 6 
2020-11-30T07:16:03.766732+09:00 0 0 경기76아8592 3 14 200000193 223000005 6 
2020-11-30T07:17:03.730832+09:00 0 0 경기76아8592 3 14 200000193 223000005 6 
2020-11-30T07:18:02.894968+09:00 0 0 경기76아8592 3 14 200000193 223000005 6 
2020-11-30T07:19:02.099012+09:00 0 0 경기76아8592 3 14 200000193 223000005 6 
2020-11-30T07:20:01.083170+09:00 0 0 경기76아8592 3 4 200000193 223000048 7 
2020-11-30T07:21:00.847219+09:00 0 0 경기76아8592 3 4 200000193 223000048 7 
2020-11-30T07:22:00.191273+09:00 0 0 경기76아8592 3 4 200000193 223000048 7 
2020-11-30T07:22:59.635341+09:00 0 0 경기76아8592 3 4 200000193 223000047 8 
2020-11-30T07:23:58.789397+09:00 0 0 경기76아8592 3 0 200000193 223000047 8 
2020-11-30T07:24:58.003494+09:00 0 0 경기76아8592 3 0 200000193 223000047 8 
2020-11-30T07:25:57.817540+09:00 0 0 경기76아8592 3 0 200000193 223000047 8 
2020-11-30T07:26:57.081608+09:00 0 0 경기76아8592 3 0 200000193 223000047 8 
2020-11-30T07:27:57.035799+09:00 0 0 경기76아8592 3 0 200000193 223000047 8 
2020-11-30T07:28:56.659861+09:00 0 0 경기76아8592 3 0 200000193 223000047 8 
2020-11-30T07:29:55.984109+09:00 0 0 경기76아8592 3 0 200000193 223000047 8 
2020-11-30T07:30:55.358379+09:00 0 0 경기76아8592 3 0 200000193 223000047 8 
2020-11-30T07:31:54.502506+09:00 0 0 경기76아8592 3 0 200000193 223000047 8 
2020-11-30T07:32:54.526810+09:00 0 0 경기76아8592 3 0 200000193 223000047 8 
2020-11-30T07:33:53.570968+09:00 0 0 경기76아8592 3 0 200000193 223000047 8 
2020-11-30T07:34:52.785249+09:00 0 0 경기76아8592 3 0 200000193 277103448 9 
2020-11-30T07:35:51.809286+09:00 0 0 경기76아8592 3 0 200000193 277103448 9 
2020-11-30T07:36:50.913451+09:00 0 0 경기76아8592 3 0 200000193 277103448 9 
2020-11-30T07:37:50.247546+09:00 0 0 경기76아8592 3 0 200000193 277103445 10 
2020-11-30T07:38:49.451735+09:00 0 0 경기76아8592 3 0 200000193 277103445 10 
2020-11-30T07:39:48.655857+09:00 0 0 경기76아8592 3 0 200000193 277103445 10 
2020-11-30T07:40:48.710037+09:00 0 0 경기76아8592 3 0 200000193 277102247 11 
2020-11-30T07:41:47.944200+09:00 0 0 경기76아8592 3 0 200000193 277102247 11 
2020-11-30T07:42:47.528310+09:00 0 0 경기76아8592 3 0 200000193 277102247 11 
2020-11-30T07:43:46.772473+09:00 0 0 경기76아8592 3 0 200000193 277102247 11 
2020-11-30T07:44:46.016537+09:00 0 0 경기76아8592 3 0 200000193 277103363 12 
2020-11-30T07:45:45.780659+09:00 0 0 경기76아8592 3 0 200000193 277103363 12 
2020-11-30T07:46:45.884759+09:00 0 0 경기76아8592 3 0 200000193 277103361 13 
2020-11-30T07:47:45.178954+09:00 0 0 경기76아8592 3 0 200000193 277103361 13 
2020-11-30T07:48:45.013099+09:00 0 0 경기76아8592 3 0 200000193 277103361 13 
2020-11-30T07:49:44.407261+09:00 0 0 경기76아8592 3 0 200000193 277103443 14 
2020-11-30T07:50:44.151388+09:00 0 0 경기76아8592 3 0 200000193 277103443 14 
2020-11-30T07:51:44.105557+09:00 0 0 경기76아8592 3 0 200000193 277103443 14 
2020-11-30T07:52:43.249696+09:00 0 0 경기76아8592 3 0 200000193 277103386 15 
2020-11-30T07:52:43.249760+09:00 0 0 경기78아7084 3 40 200000193 223000524 2 
2020-11-30T07:53:42.363654+09:00 0 0 경기76아8592 3 0 200000193 277103386 15 
2020-11-30T07:53:42.363718+09:00 0 0 경기78아7084 3 40 200000193 223000524 2 
2020-11-30T07:54:42.478054+09:00 0 0 경기78아7084 3 40 200000193 223000524 2 
2020-11-30T07:54:42.478114+09:00 0 0 경기76아8592 3 0 200000193 277103386 15 
2020-11-30T07:55:41.621924+09:00 0 0 경기76아8592 3 0 200000193 277103151 16 
2020-11-30T07:55:41.621986+09:00 0 0 경기78아7084 3 39 200000193 223000128 3 
2020-11-30T07:56:41.386019+09:00 0 0 경기76아8592 3 0 200000193 277103151 16 
2020-11-30T07:56:41.386084+09:00 0 0 경기78아7084 3 42 200000193 223000523 54 
2020-11-30T07:57:40.540136+09:00 0 0 경기76아8592 3 0 200000193 277103151 16 
2020-11-30T07:57:40.540199+09:00 0 0 경기78아7084 3 38 200000193 223000127 4 
2020-11-30T07:58:39.534287+09:00 0 0 경기78아7084 3 35 200000193 223000212 5 
2020-11-30T07:58:39.534350+09:00 0 0 경기76아8592 3 0 200000193 277103679 17 
2020-11-30T07:59:38.758388+09:00 0 0 경기76아8592 3 0 200000193 277103679 17 
2020-11-30T07:59:38.758449+09:00 0 0 경기78아7084 3 35 200000193 223000212 5 
2020-11-30T08:00:37.922429+09:00 0 0 경기76아8592 3 0 200000193 277103679 17 
2020-11-30T08:00:37.922496+09:00 0 0 경기78아7084 3 35 200000193 223000212 5 
2020-11-30T08:01:37.636503+09:00 0 0 경기76아8592 3 0 200000193 277103679 17 
2020-11-30T08:01:37.636567+09:00 0 0 경기78아7084 3 33 200000193 223000005 6 
2020-11-30T08:02:37.000635+09:00 0 0 경기76아8592 3 0 200000193 277103679 17 
2020-11-30T08:02:37.000698+09:00 0 0 경기78아7084 3 33 200000193 223000005 6 
2020-11-30T08:03:36.124744+09:00 0 0 경기76아8592 3 0 200000193 277103679 17 
2020-11-30T08:03:36.124800+09:00 0 0 경기78아7084 3 33 200000193 223000005 6 
2020-11-30T08:04:35.578934+09:00 0 0 경기76아8592 3 0 200000193 277103679 17 
2020-11-30T08:04:35.578973+09:00 0 0 경기78아7084 3 33 200000193 223000048 7 
2020-11-30T08:05:35.693372+09:00 0 0 경기76아8592 3 0 200000193 277103679 17 
2020-11-30T08:05:35.693435+09:00 0 0 경기78아7084 3 42 200000193 223000523 54 
2020-11-30T08:06:35.277442+09:00 0 0 경기76아8592 3 0 200000193 277103441 18 
2020-11-30T08:06:35.277485+09:00 0 0 경기78아7084 3 42 200000193 223000527 1 
2020-11-30T08:07:34.501723+09:00 0 0 경기76아8592 3 0 200000193 277103441 18 
2020-11-30T08:07:34.501785+09:00 0 0 경기78아7084 3 26 200000193 223000048 7 
2020-11-30T08:08:33.635861+09:00 0 0 경기76아8592 3 0 200000193 277103441 18 
2020-11-30T08:08:33.635924+09:00 0 0 경기78아7084 3 19 200000193 223000047 8 
2020-11-30T08:09:32.700305+09:00 0 0 경기76아8592 3 0 200000193 277104177 19 
2020-11-30T08:09:32.700367+09:00 0 0 경기78아7084 3 42 200000193 223000523 54 
2020-11-30T08:10:32.654219+09:00 0 0 경기76아8592 3 0 200000193 277104177 19 
2020-11-30T08:11:31.818412+09:00 0 0 경기76아8592 3 0 200000193 277103388 20 
2020-11-30T08:12:31.882603+09:00 0 0 경기76아8592 3 0 200000193 277103388 20 
2020-11-30T08:13:31.256779+09:00 0 0 경기76아8592 3 0 200000193 277103388 20 
2020-11-30T08:14:30.320937+09:00 0 0 경기76아8592 3 0 200000193 277103390 21 
2020-11-30T08:15:29.505074+09:00 0 0 경기76아8592 3 0 200000193 277103390 21 
2020-11-30T08:16:29.459244+09:00 0 0 경기76아8592 3 4 200000193 121000034 22 
2020-11-30T08:17:29.133334+09:00 0 0 경기76아8592 3 4 200000193 121000034 22 
2020-11-30T08:18:28.387438+09:00 0 0 경기76아8592 3 4 200000193 121000033 23 
2020-11-30T08:19:27.601574+09:00 0 0 경기76아8592 3 13 200000193 121000033 23 
2020-11-30T08:20:26.555751+09:00 0 0 경기76아8592 3 13 200000193 121000033 23 
2020-11-30T08:20:26.555812+09:00 0 0 경기78아7084 3 33 200000193 223000094 47 
2020-11-30T08:21:25.779806+09:00 0 0 경기76아8592 3 13 200000193 121000033 23 
2020-11-30T08:21:25.779876+09:00 0 0 경기78아7084 3 19 200000193 277103448 9 
2020-11-30T08:22:25.103955+09:00 0 0 경기78아7084 3 19 200000193 277103448 9 
2020-11-30T08:22:25.104001+09:00 0 0 경기76아8592 3 13 200000193 121000033 23 
2020-11-30T08:23:25.158017+09:00 0 0 경기76아8592 3 13 200000193 121000929 24 
2020-11-30T08:24:24.382210+09:00 0 0 경기76아8592 3 13 200000193 121000929 24 
2020-11-30T08:25:23.606408+09:00 0 0 경기76아8592 3 41 200000193 121000929 24 
2020-11-30T08:25:23.606469+09:00 0 0 경기78아7084 3 19 200000193 277102247 11 
2020-11-30T08:26:22.770376+09:00 0 0 경기76아8592 3 41 200000193 277104257 25 
2020-11-30T08:27:21.984532+09:00 0 0 경기76아8592 3 41 200000193 277104257 25 
2020-11-30T08:28:21.938665+09:00 0 0 경기76아8592 3 41 200000193 277104257 25 
2020-11-30T08:29:21.432802+09:00 0 0 경기78아7084 3 30 200000193 277103449 45 
2020-11-30T08:29:21.432865+09:00 0 0 경기76아8592 3 41 200000193 277104257 25 
2020-11-30T08:30:20.856951+09:00 0 0 경기76아8592 3 41 200000193 277104257 25 
2020-11-30T08:30:20.857013+09:00 0 0 경기78아7084 3 19 200000193 277103361 13 
2020-11-30T08:31:20.011146+09:00 0 0 경기78아7084 3 19 200000193 277103361 13 
2020-11-30T08:31:20.011208+09:00 0 0 경기76아8592 3 42 200000193 277101612 27 
2020-11-30T08:32:19.325259+09:00 0 0 경기76아8592 3 42 200000193 277101612 27 
2020-11-30T08:32:19.325323+09:00 0 0 경기78아7084 3 30 200000193 277103449 45 
2020-11-30T08:33:18.859306+09:00 0 0 경기76아8592 3 44 200000193 121000920 28 
2020-11-30T08:33:18.859370+09:00 0 0 경기78아7084 3 19 200000193 277103443 14 
2020-11-30T08:34:18.253420+09:00 0 0 경기78아7084 3 19 200000193 277103443 14 
2020-11-30T08:34:18.253480+09:00 0 0 경기76아8592 3 44 200000193 121000920 28 
2020-11-30T08:35:17.997558+09:00 0 0 경기76아8592 3 44 200000193 121000056 29 
2020-11-30T08:35:17.997622+09:00 0 0 경기78아7084 3 19 200000193 277103386 15 
2020-11-30T08:36:17.741680+09:00 0 0 경기76아8592 3 44 200000193 121000056 29 
2020-11-30T08:36:17.741746+09:00 0 0 경기78아7084 3 19 200000193 277103386 15 
2020-11-30T08:37:17.155806+09:00 0 0 경기76아8592 3 44 200000193 121000056 29 
2020-11-30T08:37:17.155868+09:00 0 0 경기78아7084 3 19 200000193 277103386 15 
2020-11-30T08:38:16.500353+09:00 0 0 경기76아8592 3 44 200000193 121000056 29 
2020-11-30T08:38:16.500414+09:00 0 0 경기78아7084 3 19 200000193 277103151 16 
2020-11-30T08:39:16.463607+09:00 0 0 경기76아8592 3 44 200000193 121000056 29 
2020-11-30T08:39:16.463666+09:00 0 0 경기78아7084 3 19 200000193 277103679 17 
2020-11-30T08:40:15.677567+09:00 0 0 경기76아8592 3 44 200000193 121000056 29 
2020-11-30T08:41:15.701504+09:00 0 0 경기76아8592 3 44 200000193 121000056 29 
2020-11-30T08:41:15.701567+09:00 0 0 경기78아7084 3 19 200000193 277103441 18 
2020-11-30T08:42:15.195481+09:00 0 0 경기78아7084 3 19 200000193 277103441 18 
2020-11-30T08:42:15.195542+09:00 0 0 경기76아8592 3 44 200000193 121000969 30 
2020-11-30T08:43:14.359537+09:00 0 0 경기76아8592 3 44 200000193 121000969 30 
2020-11-30T08:44:13.433368+09:00 0 0 경기76아8592 3 44 200000193 277104385 31 
2020-11-30T08:45:12.817436+09:00 0 0 경기76아8592 3 44 200000193 121000220 32 
2020-11-30T08:45:12.817501+09:00 0 0 경기78아7084 3 19 200000193 277103388 20 
2020-11-30T08:46:11.931373+09:00 0 0 경기76아8592 3 45 200000193 121000220 32 
2020-11-30T08:47:10.956440+09:00 0 0 경기76아8592 3 45 200000193 121000220 32 
2020-11-30T08:48:10.189338+09:00 0 0 경기76아8592 3 45 200000193 121000220 32 
2020-11-30T08:49:09.813543+09:00 0 0 경기76아8592 3 45 200000193 277103387 33 
2020-11-30T08:49:09.813604+09:00 0 0 경기78아7084 3 19 200000193 277103390 21 
2020-11-30T08:50:09.767458+09:00 0 0 경기76아8592 3 45 200000193 277104178 34 
2020-11-30T08:51:08.922706+09:00 0 0 경기76아8592 3 45 200000193 277103440 35 
2020-11-30T08:52:08.695694+09:00 0 0 경기76아8592 3 45 200000193 277103440 35 
2020-11-30T08:53:07.779579+09:00 0 0 경기76아8592 3 45 200000193 277103678 36 
2020-11-30T08:53:07.779642+09:00 0 0 경기78아7084 3 30 200000193 277103443 16 
2020-11-30T08:54:06.753642+09:00 0 0 경기76아8592 3 45 200000193 277103678 36 
2020-11-30T08:54:06.753705+09:00 0 0 경기78아7084 3 20 200000193 121000034 22 
2020-11-30T08:55:05.928179+09:00 0 0 경기76아8592 3 45 200000193 277103150 37 
2020-11-30T08:55:05.928246+09:00 0 0 경기78아7084 3 30 200000193 121000033 23 
2020-11-30T08:56:05.081578+09:00 0 0 경기76아8592 3 45 200000193 277103150 37 
2020-11-30T08:57:04.385723+09:00 0 0 경기76아8592 3 45 200000193 277103385 38 
2020-11-30T08:58:04.269788+09:00 0 0 경기76아8592 3 45 200000193 277103385 38 
2020-11-30T08:59:03.713925+09:00 0 0 경기76아8592 3 45 200000193 277103385 38 
2020-11-30T08:59:03.713987+09:00 0 0 경기78아7084 3 30 200000193 121000929 24 
2020-11-30T09:00:03.187908+09:00 0 0 경기76아8592 3 45 200000193 277103442 39 
2020-11-30T09:01:02.421977+09:00 0 0 경기76아8592 3 45 200000193 277103442 39 
2020-11-30T09:01:02.422041+09:00 0 0 경기78아7084 3 38 200000193 277104257 25 
2020-11-30T09:02:01.826635+09:00 0 0 경기76아8592 3 45 200000193 277103360 40 
2020-11-30T09:03:01.370735+09:00 0 0 경기76아8592 3 45 200000193 277103360 40 
2020-11-30T09:04:00.514263+09:00 0 0 경기76아8592 3 45 200000193 277103362 41 
2020-11-30T09:04:00.514326+09:00 0 0 경기78아7084 3 42 200000193 121000937 26 
2020-11-30T09:05:00.598311+09:00 0 0 경기76아8592 3 45 200000193 277103362 41 
2020-11-30T09:06:00.112418+09:00 0 0 경기76아8592 3 45 200000193 277103362 41 
2020-11-30T09:06:59.646437+09:00 0 0 경기78아7084 3 42 200000193 121000920 28 
2020-11-30T09:06:59.646500+09:00 0 0 경기76아8592 3 45 200000193 277101636 42 
2020-11-30T09:07:58.780542+09:00 0 0 경기78아7084 3 42 200000193 121000920 28 
2020-11-30T09:07:58.780611+09:00 0 0 경기76아8592 3 45 200000193 277101636 42 
2020-11-30T09:08:57.844603+09:00 0 0 경기76아8592 3 45 200000193 277101636 42 
2020-11-30T09:08:57.844664+09:00 0 0 경기78아7084 3 42 200000193 121000920 28 
2020-11-30T09:09:57.228635+09:00 0 0 경기78아7084 3 43 200000193 121000056 29 
2020-11-30T09:09:57.228694+09:00 0 0 경기76아8592 3 45 200000193 277103444 43 
2020-11-30T09:10:56.402736+09:00 0 0 경기76아8592 3 45 200000193 277103444 43 
2020-11-30T09:10:56.402798+09:00 0 0 경기78아7084 3 43 200000193 121000056 29 
2020-11-30T09:11:55.577071+09:00 0 0 경기76아8592 3 45 200000193 277103444 43 
2020-11-30T09:11:55.577135+09:00 0 0 경기78아7084 3 43 200000193 121000056 29 
2020-11-30T09:12:55.381284+09:00 0 0 경기76아8592 3 45 200000193 277103449 44 
2020-11-30T09:13:55.115608+09:00 0 0 경기76아8592 3 45 200000193 277103449 44 
2020-11-30T09:13:55.115670+09:00 0 0 경기78아7084 3 45 200000193 121000969 30 
2020-11-30T09:14:54.119828+09:00 0 0 경기76아8592 3 45 200000193 277103449 44 
2020-11-30T09:14:54.119890+09:00 0 0 경기78아7084 3 45 200000193 121000969 30 
2020-11-30T09:15:53.708535+09:00 0 0 경기76아8592 3 45 200000193 277103449 44 
2020-11-30T09:16:52.618146+09:00 0 0 경기76아8592 3 45 200000193 277103449 44 
2020-11-30T09:17:51.972375+09:00 0 0 경기76아8592 3 45 200000193 277103449 44 
2020-11-30T09:18:52.076697+09:00 0 0 경기76아8592 3 45 200000193 277103449 44 
2020-11-30T09:19:51.300830+09:00 0 0 경기76아8592 3 45 200000193 277103449 44 
2020-11-30T09:20:50.872445+09:00 0 0 경기76아8592 3 45 200000193 277103449 44 
2020-11-30T09:21:50.189209+09:00 0 0 경기76아8592 3 45 200000193 277103449 44 
2020-11-30T09:22:49.573408+09:00 0 0 경기76아8592 3 45 200000193 277103449 44 
2020-11-30T09:23:48.757501+09:00 0 0 경기76아8592 3 45 200000193 277103449 44 
2020-11-30T09:24:48.281667+09:00 0 0 경기76아8592 3 45 200000193 277103449 44 
2020-11-30T09:24:48.281729+09:00 0 0 경기78아7084 3 45 200000193 277103678 36 
2020-11-30T09:25:47.715692+09:00 0 0 경기76아8592 3 45 200000193 277103449 44 
2020-11-30T09:26:47.149899+09:00 0 0 경기76아8592 3 45 200000193 277103449 44 
2020-11-30T09:26:47.149965+09:00 0 0 경기78아7084 3 45 200000193 277103150 37 
2020-11-30T09:27:46.333949+09:00 0 0 경기78아7084 3 45 200000193 277103150 37 
2020-11-30T09:28:46.498146+09:00 0 0 경기78아7084 3 45 200000193 277103385 38 
2020-11-30T09:29:45.942283+09:00 0 0 경기78아7084 3 45 200000193 277103385 38 
2020-11-30T09:31:44.360632+09:00 0 0 경기78아7084 3 45 200000193 277103442 39 
2020-11-30T09:34:43.552945+09:00 0 0 경기78아7084 3 43 200000193 121000220 33 
2020-11-30T09:35:42.847043+09:00 0 0 경기78아7084 3 45 200000193 277103362 41 
2020-11-30T09:39:41.493688+09:00 0 0 경기78아7084 3 45 200000193 277101636 42 
2020-11-30T16:27:58.240663+09:00 0 0 경기76아8592 3 45 200000193 223000524 2 
2020-11-30T16:28:58.114754+09:00 0 0 경기76아8592 3 45 200000193 223000524 2 
2020-11-30T16:29:57.518857+09:00 0 0 경기76아8592 3 45 200000193 223000524 2 
2020-11-30T16:30:57.403006+09:00 0 0 경기76아8592 3 45 200000193 223000128 3 
2020-11-30T16:31:57.197164+09:00 0 0 경기76아8592 3 45 200000193 223000127 4 
2020-11-30T16:32:56.971351+09:00 0 0 경기76아8592 3 45 200000193 223000127 4 
2020-11-30T16:33:56.255403+09:00 0 0 경기76아8592 3 44 200000193 223000212 5 
2020-11-30T16:34:56.249565+09:00 0 0 경기76아8592 3 44 200000193 223000212 5 
2020-11-30T16:35:56.173788+09:00 0 0 경기76아8592 3 44 200000193 223000212 5 
2020-11-30T16:36:55.727876+09:00 0 0 경기76아8592 3 44 200000193 223000212 5 
2020-11-30T16:37:55.532183+09:00 0 0 경기76아8592 3 43 200000193 223000005 6 
2020-11-30T16:38:55.426389+09:00 0 0 경기76아8592 3 43 200000193 223000005 6 
2020-11-30T16:39:54.470467+09:00 0 0 경기76아8592 3 43 200000193 223000005 6 
2020-11-30T16:40:53.964642+09:00 0 0 경기76아8592 3 43 200000193 223000048 7 
2020-11-30T16:41:52.898666+09:00 0 0 경기76아8592 3 43 200000193 223000048 7 
2020-11-30T16:42:52.802833+09:00 0 0 경기76아8592 3 43 200000193 223000048 7 
2020-11-30T16:43:52.377114+09:00 0 0 경기76아8592 3 43 200000193 223000047 8 
2020-11-30T16:44:52.081309+09:00 0 0 경기76아8592 3 43 200000193 223000047 8 
2020-11-30T16:45:51.715339+09:00 0 0 경기76아8592 3 43 200000193 223000047 8 
2020-11-30T16:46:51.329503+09:00 0 0 경기76아8592 3 43 200000193 223000047 8 
2020-11-30T16:47:50.523679+09:00 0 0 경기76아8592 3 43 200000193 223000047 8 
2020-11-30T16:48:50.307785+09:00 0 0 경기76아8592 3 43 200000193 223000047 8 
2020-11-30T16:49:49.451894+09:00 0 0 경기76아8592 3 43 200000193 223000047 8 
2020-11-30T16:50:48.626024+09:00 0 0 경기76아8592 3 43 200000193 277103448 9 
2020-11-30T16:51:48.320265+09:00 0 0 경기76아8592 3 43 200000193 277103448 9 
2020-11-30T16:52:47.994256+09:00 0 0 경기76아8592 3 43 200000193 277103448 9 
2020-11-30T16:53:47.928417+09:00 0 0 경기76아8592 3 43 200000193 277103448 9 
2020-11-30T16:54:47.052522+09:00 0 0 경기76아8592 3 43 200000193 277103445 10 
2020-11-30T16:55:46.777225+09:00 0 0 경기76아8592 3 43 200000193 277103445 10 
2020-11-30T16:56:46.400803+09:00 0 0 경기76아8592 3 43 200000193 277103445 10 
2020-11-30T16:57:46.205006+09:00 0 0 경기76아8592 3 43 200000193 277102247 11 
2020-11-30T16:58:45.609217+09:00 0 0 경기76아8592 3 43 200000193 277102247 11 
2020-11-30T16:59:45.333225+09:00 0 0 경기76아8592 3 43 200000193 277102247 11 
2020-11-30T17:00:44.907399+09:00 0 0 경기76아8592 3 43 200000193 277103363 12 
2020-11-30T17:01:44.671474+09:00 0 0 경기76아8592 3 43 200000193 277103363 12 
2020-11-30T17:02:44.615619+09:00 0 0 경기76아8592 3 43 200000193 277103361 13 
2020-11-30T17:03:44.069865+09:00 0 0 경기76아8592 3 43 200000193 277103361 13 
2020-11-30T17:04:43.853925+09:00 0 0 경기76아8592 3 43 200000193 277103361 13 
2020-11-30T17:05:43.468150+09:00 0 0 경기76아8592 3 43 200000193 277103361 13 
2020-11-30T17:06:43.352210+09:00 0 0 경기76아8592 3 43 200000193 277103443 14 
2020-11-30T17:07:43.056297+09:00 0 0 경기76아8592 3 43 200000193 277103443 14 
2020-11-30T17:08:42.820464+09:00 0 0 경기76아8592 3 43 200000193 277103386 15 
2020-11-30T17:09:42.754507+09:00 0 0 경기76아8592 3 43 200000193 277103386 15 
2020-11-30T17:10:42.298680+09:00 0 0 경기76아8592 3 43 200000193 277103386 15 
2020-11-30T17:11:41.662679+09:00 0 0 경기76아8592 3 43 200000193 277103151 16 
2020-11-30T17:12:41.356860+09:00 0 0 경기76아8592 3 43 200000193 277103151 16 
2020-11-30T17:13:41.160884+09:00 0 0 경기76아8592 3 43 200000193 277103151 16 
2020-11-30T17:14:40.905244+09:00 0 0 경기76아8592 3 43 200000193 277103679 17 
2020-11-30T17:15:39.859159+09:00 0 0 경기76아8592 3 43 200000193 277103441 18 
2020-11-30T17:16:39.823209+09:00 0 0 경기76아8592 3 43 200000193 277104177 19 
2020-11-30T17:17:39.447493+09:00 0 0 경기76아8592 3 43 200000193 277104177 19 
2020-11-30T17:18:39.271693+09:00 0 0 경기76아8592 3 43 200000193 277103388 20 
2020-11-30T17:19:38.195574+09:00 0 0 경기76아8592 3 43 200000193 277103388 20 
2020-11-30T17:20:37.269615+09:00 0 0 경기76아8592 3 43 200000193 277103388 20 
2020-11-30T17:21:36.853696+09:00 0 0 경기76아8592 3 43 200000193 277103390 21 
2020-11-30T17:22:36.557962+09:00 0 0 경기76아8592 3 43 200000193 277103390 21 
2020-11-30T17:23:36.082061+09:00 0 0 경기76아8592 3 43 200000193 277103390 21 
2020-11-30T17:24:35.946083+09:00 0 0 경기76아8592 3 43 200000193 277103390 21 
2020-11-30T17:25:35.530229+09:00 0 0 경기76아8592 3 43 200000193 277103390 21 
2020-11-30T17:26:34.574330+09:00 0 0 경기76아8592 3 43 200000193 121000034 22 
2020-11-30T17:27:34.578386+09:00 0 0 경기76아8592 3 43 200000193 121000034 22 
2020-11-30T17:28:34.192695+09:00 0 0 경기76아8592 3 44 200000193 121000033 23 
2020-11-30T17:29:33.206632+09:00 0 0 경기76아8592 3 44 200000193 121000033 23 
2020-11-30T17:30:33.230875+09:00 0 0 경기76아8592 3 44 200000193 121000033 23 
2020-11-30T17:31:31.944896+09:00 0 0 경기76아8592 3 44 200000193 121000033 23 
2020-11-30T17:32:31.568957+09:00 0 0 경기76아8592 3 44 200000193 121000033 23 
2020-11-30T17:33:31.503200+09:00 0 0 경기76아8592 3 41 200000193 121000929 24 
2020-11-30T17:34:31.437310+09:00 0 0 경기76아8592 3 41 200000193 121000929 24 
2020-11-30T17:35:31.001406+09:00 0 0 경기76아8592 3 41 200000193 277104257 25 
2020-11-30T17:36:30.505437+09:00 0 0 경기76아8592 3 41 200000193 277104257 25 
2020-11-30T17:37:30.119648+09:00 0 0 경기76아8592 3 41 200000193 277104257 25 
2020-11-30T17:38:29.873709+09:00 0 0 경기76아8592 3 41 200000193 277104257 25 
2020-11-30T17:39:29.678036+09:00 0 0 경기76아8592 3 41 200000193 277104257 25 
2020-11-30T17:40:29.362017+09:00 0 0 경기76아8592 3 41 200000193 121000937 26 
2020-11-30T17:41:28.336098+09:00 0 0 경기76아8592 3 41 200000193 121000937 26 
2020-11-30T17:42:27.870189+09:00 0 0 경기76아8592 3 41 200000193 277101612 27 
2020-11-30T17:43:27.314259+09:00 0 0 경기76아8592 3 41 200000193 277101612 27 
2020-11-30T17:44:26.888288+09:00 0 0 경기76아8592 3 41 200000193 121000920 28 
2020-11-30T17:45:25.822401+09:00 0 0 경기76아8592 3 41 200000193 121000920 28 
2020-11-30T17:46:25.256656+09:00 0 0 경기76아8592 3 41 200000193 121000056 29 
2020-11-30T17:47:25.230738+09:00 0 0 경기76아8592 3 40 200000193 121000056 29 
2020-11-30T17:48:24.804801+09:00 0 0 경기76아8592 3 40 200000193 121000056 29 
2020-11-30T17:49:24.338912+09:00 0 0 경기76아8592 3 40 200000193 121000969 30 
2020-11-30T17:50:24.032960+09:00 0 0 경기76아8592 3 40 200000193 121000969 30 
2020-11-30T17:51:23.667033+09:00 0 0 경기76아8592 3 40 200000193 277104385 31 
2020-11-30T17:52:23.611106+09:00 0 0 경기76아8592 3 40 200000193 277104385 31 
2020-11-30T17:53:23.464064+09:00 0 0 경기76아8592 3 40 200000193 277104385 31 
2020-11-30T17:54:23.109409+09:00 0 0 경기76아8592 3 40 200000193 121000220 32 
2020-11-30T17:55:22.833579+09:00 0 0 경기76아8592 3 40 200000193 121000220 32 
2020-11-30T17:56:21.967546+09:00 0 0 경기76아8592 3 40 200000193 121000220 32 
2020-11-30T17:57:21.111698+09:00 0 0 경기76아8592 3 40 200000193 121000220 32 
2020-11-30T17:58:20.795826+09:00 0 0 경기76아8592 3 40 200000193 121000220 32 
2020-11-30T17:59:20.359868+09:00 0 0 경기76아8592 3 40 200000193 121000220 32 
2020-11-30T18:00:19.883983+09:00 0 0 경기76아8592 3 40 200000193 121000220 32 
2020-11-30T18:01:19.488227+09:00 0 0 경기76아8592 3 40 200000193 121000220 32 
2020-11-30T18:02:19.533299+09:00 0 0 경기76아8592 3 40 200000193 121000220 32 
2020-11-30T18:03:19.126278+09:00 0 0 경기76아8592 3 40 200000193 121000220 32 
2020-11-30T18:04:18.650443+09:00 0 0 경기76아8592 3 40 200000193 121000220 32 
2020-11-30T18:05:17.805659+09:00 0 0 경기76아8592 3 40 200000193 121000220 32 
2020-11-30T18:06:17.658661+09:00 0 0 경기76아8592 3 40 200000193 121000220 32 
2020-11-30T18:07:16.872766+09:00 0 0 경기76아8592 3 40 200000193 277103387 33 
2020-11-30T18:08:16.396884+09:00 0 0 경기76아8592 3 40 200000193 277104178 34 
2020-11-30T18:09:16.071147+09:00 0 0 경기76아8592 3 40 200000193 277103440 35 
2020-11-30T18:10:15.045129+09:00 0 0 경기76아8592 3 40 200000193 277103678 36 
2020-11-30T18:11:14.669237+09:00 0 0 경기76아8592 3 40 200000193 277103678 36 
2020-11-30T18:12:14.713511+09:00 0 0 경기76아8592 3 40 200000193 277103150 37 
2020-11-30T18:13:14.467473+09:00 0 0 경기76아8592 3 40 200000193 277103150 37 
2020-11-30T18:14:13.701572+09:00 0 0 경기76아8592 3 40 200000193 277103150 37 
2020-11-30T18:15:13.485744+09:00 0 0 경기76아8592 3 40 200000193 277103385 38 
2020-11-30T18:16:12.539817+09:00 0 0 경기76아8592 3 40 200000193 277103385 38 
2020-11-30T18:17:12.186536+09:00 0 0 경기76아8592 3 40 200000193 277103385 38 
2020-11-30T18:18:12.087800+09:00 0 0 경기76아8592 3 40 200000193 277103442 39 
2020-11-30T18:19:11.091457+09:00 0 0 경기76아8592 3 40 200000193 277103442 39 
2020-11-30T18:20:11.165286+09:00 0 0 경기76아8592 3 40 200000193 277103442 39 
2020-11-30T18:21:10.268897+09:00 0 0 경기76아8592 3 40 200000193 277103360 40 
2020-11-30T18:22:09.152661+09:00 0 0 경기76아8592 3 40 200000193 277103360 40 
2020-11-30T18:23:08.456596+09:00 0 0 경기76아8592 3 40 200000193 277103360 40 
2020-11-30T18:24:08.350253+09:00 0 0 경기76아8592 3 40 200000193 277103362 41 
2020-11-30T18:25:07.944197+09:00 0 0 경기76아8592 3 40 200000193 277103362 41 
2020-11-30T18:26:07.758243+09:00 0 0 경기76아8592 3 40 200000193 277103362 41 
2020-11-30T18:27:07.562096+09:00 0 0 경기76아8592 3 40 200000193 277101636 42 
2020-11-30T18:28:07.676141+09:00 0 0 경기76아8592 3 40 200000193 277101636 42 
2020-11-30T18:29:07.539861+09:00 0 0 경기76아8592 3 40 200000193 277101636 42 
2020-11-30T18:30:07.254067+09:00 0 0 경기76아8592 3 40 200000193 277103444 43 
2020-11-30T18:31:06.847836+09:00 0 0 경기76아8592 3 40 200000193 277103444 43 
2020-11-30T18:32:06.761856+09:00 0 0 경기76아8592 3 40 200000193 277103444 43 
2020-11-30T18:33:05.705842+09:00 0 0 경기76아8592 3 40 200000193 277103444 43 
2020-11-30T18:34:04.879751+09:00 0 0 경기76아8592 3 40 200000193 277103449 44 
2020-11-30T18:35:04.643767+09:00 0 0 경기76아8592 3 40 200000193 277103449 44 
2020-11-30T18:36:04.347816+09:00 0 0 경기76아8592 3 40 200000193 277103449 44 
2020-11-30T18:37:03.981987+09:00 0 0 경기76아8592 3 40 200000193 277103449 44 
2020-11-30T18:38:03.526012+09:00 0 0 경기76아8592 3 40 200000193 277103449 44 
2020-11-30T18:39:03.490388+09:00 0 0 경기76아8592 3 40 200000193 277103449 44 
2020-11-30T18:40:02.994008+09:00 0 0 경기76아8592 3 40 200000193 277103449 44 
2020-11-30T18:41:02.957954+09:00 0 0 경기76아8592 3 40 200000193 277103449 44 
2020-11-30T18:42:02.762160+09:00 0 0 경기76아8592 3 40 200000193 277103449 44 
2020-11-30T18:43:02.236146+09:00 0 0 경기76아8592 3 40 200000193 277103449 44 
2020-11-30T18:44:02.480209+09:00 0 0 경기76아8592 3 40 200000193 277103449 44 
2020-11-30T18:45:01.554238+09:00 0 0 경기76아8592 3 40 200000193 277103449 44 
2020-11-30T18:46:00.928253+09:00 0 0 경기76아8592 3 40 200000193 223000199 45 
2020-11-30T18:47:00.702316+09:00 0 0 경기76아8592 3 41 200000193 223000199 45 
2020-11-30T18:48:00.096389+09:00 0 0 경기76아8592 3 41 200000193 223000094 46 
2020-11-30T18:48:59.740410+09:00 0 0 경기76아8592 3 41 200000193 223000094 46 
2020-11-30T18:49:59.654540+09:00 0 0 경기76아8592 3 41 200000193 223000093 47 
2020-11-30T18:50:59.348493+09:00 0 0 경기76아8592 3 41 200000193 223000093 47 
2020-11-30T18:51:59.093111+09:00 0 0 경기76아8592 3 41 200000193 223000093 47 
2020-11-30T18:52:58.677613+09:00 0 0 경기76아8592 3 41 200000193 223000093 47 
2020-11-30T18:53:57.602343+09:00 0 0 경기76아8592 3 41 200000193 223000537 48 
2020-11-30T18:54:57.477065+09:00 0 0 경기76아8592 3 41 200000193 223000537 48 
2020-11-30T18:55:57.041689+09:00 0 0 경기76아8592 3 42 200000193 223000537 48 
2020-11-30T18:56:56.316111+09:00 0 0 경기76아8592 3 42 200000193 223000537 48 
2020-11-30T18:57:55.720596+09:00 0 0 경기76아8592 3 42 200000193 223000099 49 
2020-11-30T18:58:55.585260+09:00 0 0 경기76아8592 3 42 200000193 223000098 50 
2020-11-30T18:59:54.689447+09:00 0 0 경기76아8592 3 42 200000193 223000098 50 
2020-11-30T19:00:54.693967+09:00 0 0 경기76아8592 3 42 200000193 223000098 50 
2020-11-30T19:01:54.058342+09:00 0 0 경기76아8592 3 44 200000193 223000097 51 
2020-11-30T19:02:52.862707+09:00 0 0 경기76아8592 3 44 200000193 223000525 52 
2020-11-30T19:03:52.567127+09:00 0 0 경기76아8592 3 44 200000193 223000525 52 
2020-11-30T19:04:52.611496+09:00 0 0 경기76아8592 3 44 200000193 223000525 52 
2020-11-30T19:05:52.305628+09:00 0 0 경기76아8592 3 44 200000193 223000525 52 
2020-11-30T19:06:52.119968+09:00 0 0 경기76아8592 3 44 200000193 223000525 52 
2020-11-30T19:07:51.644371+09:00 0 0 경기76아8592 3 44 200000193 223000525 52 
2020-11-30T19:08:51.508656+09:00 0 0 경기76아8592 3 44 200000193 223000525 52 
2020-11-30T19:09:50.512822+09:00 0 0 경기76아8592 3 44 200000193 223000525 52 
2020-11-30T19:10:50.367118+09:00 0 0 경기76아8592 3 44 200000193 223000525 52 
2020-11-30T19:11:49.991474+09:00 0 0 경기76아8592 3 44 200000193 223000525 52 
2020-11-30T19:12:49.385686+09:00 0 0 경기76아8592 3 44 200000193 223000525 52 
2020-11-30T19:13:48.379924+09:00 0 0 경기76아8592 3 44 200000193 223000525 52 
2020-11-30T19:14:48.064075+09:00 0 0 경기76아8592 3 44 200000193 223000525 52 
2020-11-30T19:15:47.998327+09:00 0 0 경기76아8592 3 44 200000193 223000525 52 
2020-11-30T19:16:47.622686+09:00 0 0 경기76아8592 3 44 200000193 223000525 52 
2020-11-30T19:30:42.847335+09:00 0 0 경기76아8592 3 45 200000193 223000524 2 
2020-11-30T19:31:42.550962+09:00 0 0 경기76아8592 3 45 200000193 223000524 2 
2020-11-30T19:32:42.224552+09:00 0 0 경기76아8592 3 45 200000193 223000524 2 
2020-11-30T19:33:41.338163+09:00 0 0 경기76아8592 3 44 200000193 223000128 3 
2020-11-30T19:34:40.982166+09:00 0 0 경기76아8592 3 44 200000193 223000128 3 
2020-11-30T19:35:40.575654+09:00 0 0 경기76아8592 3 44 200000193 223000128 3 
2020-11-30T19:36:40.069685+09:00 0 0 경기76아8592 3 44 200000193 223000127 4 
2020-11-30T19:37:39.783373+09:00 0 0 경기76아8592 3 44 200000193 223000212 5 
2020-11-30T19:38:39.717150+09:00 0 0 경기76아8592 3 44 200000193 223000212 5 
2020-11-30T19:39:39.491014+09:00 0 0 경기76아8592 3 42 200000193 223000212 5 
2020-11-30T19:40:39.064980+09:00 0 0 경기76아8592 3 42 200000193 223000212 5 
2020-11-30T19:41:38.678894+09:00 0 0 경기76아8592 3 42 200000193 223000212 5 
2020-11-30T19:42:38.082864+09:00 0 0 경기76아8592 3 42 200000193 223000005 6 
2020-11-30T19:43:37.596672+09:00 0 0 경기76아8592 3 42 200000193 223000005 6 
2020-11-30T19:44:37.640743+09:00 0 0 경기76아8592 3 42 200000193 223000005 6 
2020-11-30T19:45:37.334840+09:00 0 0 경기76아8592 3 42 200000193 223000048 7 
2020-11-30T19:46:36.668898+09:00 0 0 경기76아8592 3 42 200000193 223000048 7 
2020-11-30T19:47:36.102695+09:00 0 0 경기76아8592 3 42 200000193 223000048 7 
2020-11-30T19:48:35.626738+09:00 0 0 경기76아8592 3 42 200000193 223000047 8 
2020-11-30T19:49:35.440787+09:00 0 0 경기76아8592 3 42 200000193 223000047 8 
2020-11-30T19:50:34.914780+09:00 0 0 경기76아8592 3 42 200000193 223000047 8 
2020-11-30T19:51:34.228860+09:00 0 0 경기76아8592 3 42 200000193 223000047 8 
2020-11-30T19:52:34.032861+09:00 0 0 경기76아8592 3 42 200000193 277103448 9 
2020-11-30T19:53:33.746915+09:00 0 0 경기76아8592 3 42 200000193 277103448 9 
2020-11-30T19:54:33.670975+09:00 0 0 경기76아8592 3 42 200000193 277103448 9 
2020-11-30T19:55:33.354895+09:00 0 0 경기76아8592 3 42 200000193 277103448 9 
2020-11-30T19:56:33.079092+09:00 0 0 경기76아8592 3 42 200000193 277103445 10 
2020-11-30T19:57:33.183056+09:00 0 0 경기76아8592 3 42 200000193 277103445 10 
2020-11-30T19:58:32.837274+09:00 0 0 경기76아8592 3 42 200000193 277102247 11 
2020-11-30T19:59:32.411190+09:00 0 0 경기76아8592 3 42 200000193 277102247 11 
2020-11-30T20:00:31.395843+09:00 0 0 경기76아8592 3 42 200000193 277102247 11 
2020-11-30T20:01:30.680893+09:00 0 0 경기76아8592 3 42 200000193 277102247 11 
2020-11-30T20:02:30.516000+09:00 0 0 경기76아8592 3 42 200000193 277102247 11 
2020-11-30T20:03:30.130530+09:00 0 0 경기76아8592 3 42 200000193 277103363 12 
2020-11-30T20:04:29.765318+09:00 0 0 경기76아8592 3 42 200000193 277103361 13 
2020-11-30T20:05:29.770114+09:00 0 0 경기76아8592 3 42 200000193 277103361 13 
2020-11-30T20:06:29.744982+09:00 0 0 경기76아8592 3 42 200000193 277103443 14 
2020-11-30T20:07:28.779569+09:00 0 0 경기76아8592 3 42 200000193 277103443 14 
2020-11-30T20:08:28.463965+09:00 0 0 경기76아8592 3 42 200000193 277103443 14 
2020-11-30T20:09:28.308381+09:00 0 0 경기76아8592 3 42 200000193 277103443 14 
2020-11-30T20:10:28.193088+09:00 0 0 경기76아8592 3 42 200000193 277103386 15 
2020-11-30T20:11:27.777566+09:00 0 0 경기76아8592 3 42 200000193 277103386 15 
2020-11-30T20:12:27.642028+09:00 0 0 경기76아8592 3 42 200000193 277103151 16 
2020-11-30T20:13:27.336383+09:00 0 0 경기76아8592 3 42 200000193 277103151 16 
2020-11-30T20:14:26.930764+09:00 0 0 경기76아8592 3 42 200000193 277103679 17 
2020-11-30T20:15:26.655295+09:00 0 0 경기76아8592 3 42 200000193 277103441 18 
2020-11-30T20:16:26.179548+09:00 0 0 경기76아8592 3 42 200000193 277103441 18 
2020-11-30T20:17:25.863937+09:00 0 0 경기76아8592 3 42 200000193 277104177 19 
2020-11-30T20:18:24.948228+09:00 0 0 경기76아8592 3 42 200000193 277103388 20 
2020-11-30T20:19:24.592541+09:00 0 0 경기76아8592 3 42 200000193 277103388 20 
2020-11-30T20:20:24.146888+09:00 0 0 경기76아8592 3 42 200000193 277103390 21 
2020-11-30T20:21:24.011166+09:00 0 0 경기76아8592 3 42 200000193 277103390 21 
2020-11-30T20:22:23.115500+09:00 0 0 경기76아8592 3 42 200000193 121000034 22 
2020-11-30T20:23:22.779777+09:00 0 0 경기76아8592 3 42 200000193 121000033 23 
2020-11-30T20:24:21.863993+09:00 0 0 경기76아8592 3 42 200000193 121000033 23 
2020-11-30T20:25:21.908334+09:00 0 0 경기76아8592 3 42 200000193 121000033 23 
2020-11-30T20:26:21.202564+09:00 0 0 경기76아8592 3 42 200000193 121000033 23 
2020-11-30T20:27:21.096826+09:00 0 0 경기76아8592 3 42 200000193 121000033 23 
2020-11-30T20:28:20.961241+09:00 0 0 경기76아8592 3 42 200000193 121000929 24 
2020-11-30T20:29:20.815600+09:00 0 0 경기76아8592 3 42 200000193 277104257 25 
2020-11-30T20:30:19.919732+09:00 0 0 경기76아8592 3 42 200000193 121000937 26 
2020-11-30T20:31:19.763848+09:00 0 0 경기76아8592 3 39 200000193 121000937 26 
2020-11-30T20:32:19.678200+09:00 0 0 경기76아8592 3 39 200000193 121000920 28 
2020-11-30T20:33:19.662607+09:00 0 0 경기76아8592 3 40 200000193 121000056 29 
2020-11-30T20:34:19.706658+09:00 0 0 경기76아8592 3 40 200000193 121000056 29 
2020-11-30T20:35:19.500453+09:00 0 0 경기76아8592 3 40 200000193 121000969 30 
2020-11-30T20:36:19.034168+09:00 0 0 경기76아8592 3 40 200000193 277104385 31 
2020-11-30T20:37:18.727961+09:00 0 0 경기76아8592 3 40 200000193 121000220 32 
2020-11-30T20:38:18.841950+09:00 0 0 경기76아8592 3 40 200000193 121000220 32 
2020-11-30T20:39:17.805761+09:00 0 0 경기76아8592 3 40 200000193 121000220 32 
2020-11-30T20:40:17.009642+09:00 0 0 경기76아8592 3 40 200000193 121000220 32 
2020-11-30T20:41:16.503655+09:00 0 0 경기76아8592 3 40 200000193 277103387 33 
2020-11-30T20:42:15.968614+09:00 0 0 경기76아8592 3 40 200000193 277104178 34 
2020-11-30T20:43:15.371557+09:00 0 0 경기76아8592 3 40 200000193 277104178 34 
2020-11-30T20:44:14.795661+09:00 0 0 경기76아8592 3 40 200000193 277103440 35 
2020-11-30T20:45:13.970616+09:00 0 0 경기76아8592 3 40 200000193 277103440 35 
2020-11-30T20:46:12.823616+09:00 0 0 경기76아8592 3 40 200000193 277103678 36 
2020-11-30T20:47:12.477688+09:00 0 0 경기76아8592 3 40 200000193 277103150 37 
2020-11-30T20:48:11.812648+09:00 0 0 경기76아8592 3 40 200000193 277103150 37 
2020-11-30T20:49:11.665902+09:00 0 0 경기76아8592 3 40 200000193 277103150 37 
2020-11-30T20:50:11.390097+09:00 0 0 경기76아8592 3 40 200000193 277103385 38 
2020-11-30T20:51:10.434129+09:00 0 0 경기76아8592 3 40 200000193 277103385 38 
2020-11-30T20:52:09.968288+09:00 0 0 경기76아8592 3 40 200000193 277103442 39 
2020-11-30T20:53:09.922360+09:00 0 0 경기76아8592 3 40 200000193 277103442 39 
2020-11-30T20:54:09.806534+09:00 0 0 경기76아8592 3 40 200000193 277103360 40 
2020-11-30T20:55:09.760596+09:00 0 0 경기76아8592 3 40 200000193 277103360 40 
2020-11-30T20:56:09.684781+09:00 0 0 경기76아8592 3 40 200000193 277103362 41 
2020-11-30T20:57:09.358892+09:00 0 0 경기76아8592 3 40 200000193 277103362 41 
2020-11-30T20:58:08.583218+09:00 0 0 경기76아8592 3 40 200000193 277103362 41 
2020-11-30T20:59:08.357359+09:00 0 0 경기76아8592 3 40 200000193 277101636 42 
2020-11-30T21:00:07.301308+09:00 0 0 경기76아8592 3 40 200000193 277101636 42 
2020-11-30T21:01:07.225530+09:00 0 0 경기76아8592 3 40 200000193 277101636 42 
2020-11-30T21:02:07.139964+09:00 0 0 경기76아8592 3 40 200000193 277103444 43 
2020-11-30T21:03:06.786452+09:00 0 0 경기76아8592 3 40 200000193 277103444 43 
2020-11-30T21:04:05.938005+09:00 0 0 경기76아8592 3 40 200000193 277103444 43 
2020-11-30T21:05:05.912188+09:00 0 0 경기76아8592 3 40 200000193 277103449 44 
2020-11-30T21:06:05.116356+09:00 0 0 경기76아8592 3 40 200000193 277103449 44 
2020-11-30T21:07:04.400510+09:00 0 0 경기76아8592 3 40 200000193 277103449 44 
2020-11-30T21:08:04.566109+09:00 0 0 경기76아8592 3 40 200000193 277103449 44 
2020-11-30T21:09:04.268701+09:00 0 0 경기76아8592 3 40 200000193 277103449 44 
2020-11-30T21:10:03.992790+09:00 0 0 경기76아8592 3 40 200000193 223000199 45 
2020-11-30T21:11:03.086692+09:00 0 0 경기76아8592 3 40 200000193 223000199 45 
2020-11-30T21:12:02.870633+09:00 0 0 경기76아8592 3 40 200000193 223000199 45 
2020-11-30T21:13:02.474557+09:00 0 0 경기76아8592 3 41 200000193 223000094 46 
2020-11-30T21:14:01.668671+09:00 0 0 경기76아8592 3 41 200000193 223000093 47 
2020-11-30T21:15:00.612416+09:00 0 0 경기76아8592 3 41 200000193 223000093 47 
2020-11-30T21:16:00.656593+09:00 0 0 경기76아8592 3 41 200000193 223000093 47 
2020-11-30T21:17:00.002795+09:00 0 0 경기76아8592 3 41 200000193 223000537 48 
2020-11-30T21:18:00.084788+09:00 0 0 경기76아8592 3 42 200000193 223000537 48 
2020-11-30T21:18:59.488981+09:00 0 0 경기76아8592 3 42 200000193 223000537 48 
2020-11-30T21:19:58.942890+09:00 0 0 경기76아8592 3 42 200000193 223000098 50 
2020-11-30T21:20:58.856788+09:00 0 0 경기76아8592 3 42 200000193 223000097 51 
2020-11-30T21:21:58.801102+09:00 0 0 경기76아8592 3 43 200000193 223000097 51 
