200000193 2020-12-06T20:15:25.184075+09:00
2020-12-07T07:05:14 0 0 경기76아8592 3 43 200000193 223000524 2 
2020-12-07T07:06:13 0 0 경기76아8592 3 40 200000193 223000524 2 
2020-12-07T07:07:13 0 0 경기76아8592 3 40 200000193 223000524 2 
2020-12-07T07:08:13 0 0 경기76아8592 3 34 200000193 223000128 3 
2020-12-07T07:09:13 0 0 경기76아8592 3 34 200000193 223000128 3 
2020-12-07T07:10:13 0 0 경기76아8592 3 30 200000193 223000127 4 
2020-12-07T07:11:12 0 0 경기76아8592 3 30 200000193 223000127 4 
2020-12-07T07:12:12 0 0 경기76아8592 3 30 200000193 223000212 5 
2020-12-07T07:13:11 0 0 경기76아8592 3 23 200000193 223000212 5 
2020-12-07T07:14:10 0 0 경기76아8592 3 23 200000193 223000212 5 
2020-12-07T07:15:10 0 0 경기76아8592 3 23 200000193 223000005 6 
2020-12-07T07:16:09 0 0 경기76아8592 3 18 200000193 223000005 6 
2020-12-07T07:17:08 0 0 경기76아8592 3 18 200000193 223000005 6 
2020-12-07T07:18:08 0 0 경기76아8592 3 18 200000193 223000005 6 
2020-12-07T07:19:08 0 0 경기76아8592 3 18 200000193 223000048 7 
2020-12-07T07:20:07 0 0 경기76아8592 3 12 200000193 223000048 7 
2020-12-07T07:21:07 0 0 경기76아8592 3 12 200000193 223000048 7 
2020-12-07T07:22:07 0 0 경기76아8592 3 12 200000193 223000048 7 
2020-12-07T07:23:06 0 0 경기76아8592 3 12 200000193 223000047 8 
2020-12-07T07:24:06 0 0 경기76아8592 3 9 200000193 223000047 8 
2020-12-07T07:25:05 0 0 경기76아8592 3 9 200000193 223000047 8 
2020-12-07T07:26:05 0 0 경기76아8592 3 9 200000193 223000047 8 
2020-12-07T07:27:04 0 0 경기76아8592 3 9 200000193 223000047 8 
2020-12-07T07:28:03 0 0 경기76아8592 3 9 200000193 223000047 8 
2020-12-07T07:29:03 0 0 경기76아8592 3 9 200000193 223000047 8 
2020-12-07T07:30:02 0 0 경기76아8592 3 9 200000193 223000047 8 
2020-12-07T07:31:02 0 0 경기76아8592 3 9 200000193 223000047 8 
2020-12-07T07:32:01 0 0 경기76아8592 3 9 200000193 277103448 9 
2020-12-07T07:33:01 0 0 경기76아8592 3 9 200000193 277103448 9 
2020-12-07T07:34:00 0 0 경기76아8592 3 9 200000193 277103448 9 
2020-12-07T07:35:00 0 0 경기76아8592 3 9 200000193 277103448 9 
2020-12-07T07:35:59 0 0 경기76아8592 3 9 200000193 277103445 10 
2020-12-07T07:36:58 0 0 경기76아8592 3 9 200000193 277103445 10 
2020-12-07T07:37:58 0 0 경기76아8592 3 9 200000193 277103445 10 
2020-12-07T07:38:58 0 0 경기76아8592 3 9 200000193 277102247 11 
2020-12-07T07:39:58 0 0 경기76아8592 3 9 200000193 277102247 11 
2020-12-07T07:40:57 0 0 경기76아8592 3 9 200000193 277102247 11 
2020-12-07T07:41:56 0 0 경기76아8592 3 9 200000193 277102247 11 
2020-12-07T07:42:56 0 0 경기76아8592 3 9 200000193 277103363 12 
2020-12-07T07:43:56 0 0 경기76아8592 3 9 200000193 277103363 12 
2020-12-07T07:44:55 0 0 경기76아8592 3 9 200000193 277103361 13 
2020-12-07T07:45:55 0 0 경기76아8592 3 9 200000193 277103361 13 
2020-12-07T07:46:55 0 0 경기76아8592 3 9 200000193 277103361 13 
2020-12-07T07:47:54 0 0 경기76아8592 3 9 200000193 277103443 14 
2020-12-07T07:48:54 0 0 경기76아8592 3 9 200000193 277103443 14 
2020-12-07T07:49:53 0 0 경기76아8592 3 9 200000193 277103386 15 
2020-12-07T07:50:53 0 0 경기76아8592 3 9 200000193 277103386 15 
2020-12-07T07:51:53 0 0 경기78아7084 3 41 200000193 223000524 2 
2020-12-07T07:51:53 0 0 경기76아8592 3 9 200000193 277103386 15 
2020-12-07T07:52:52 0 0 경기76아8592 3 9 200000193 277103151 16 
2020-12-07T07:52:52 0 0 경기78아7084 3 29 200000193 201000244 6 
2020-12-07T07:53:52 0 0 경기76아8592 3 9 200000193 277103151 16 
2020-12-07T07:54:51 0 0 경기76아8592 3 9 200000193 277103151 16 
2020-12-07T07:55:50 0 0 경기76아8592 3 9 200000193 277103151 16 
2020-12-07T07:56:50 0 0 경기76아8592 3 9 200000193 277103151 16 
2020-12-07T07:57:49 0 0 경기76아8592 3 9 200000193 277103151 16 
2020-12-07T07:58:49 0 0 경기76아8592 3 9 200000193 277103151 16 
2020-12-07T07:58:49 0 0 경기78아7084 3 39 200000193 223000212 5 
2020-12-07T07:59:48 0 0 경기76아8592 3 9 200000193 277103151 16 
2020-12-07T07:59:48 0 0 경기78아7084 3 39 200000193 223000212 5 
2020-12-07T08:00:47 0 0 경기76아8592 3 9 200000193 277103679 17 
2020-12-07T08:00:47 0 0 경기78아7084 3 27 200000193 201000359 8 
2020-12-07T08:01:47 0 0 경기76아8592 3 9 200000193 277103679 17 
2020-12-07T08:01:47 0 0 경기78아7084 3 27 200000193 201000359 8 
2020-12-07T08:02:46 0 0 경기76아8592 3 9 200000193 277103679 17 
2020-12-07T08:02:46 0 0 경기78아7084 3 36 200000193 223000005 6 
2020-12-07T08:03:46 0 0 경기76아8592 3 9 200000193 277103679 17 
2020-12-07T08:03:46 0 0 경기78아7084 3 27 200000193 201000029 9 
2020-12-07T08:04:45 0 0 경기78아7084 3 36 200000193 223000048 7 
2020-12-07T08:04:45 0 0 경기76아8592 3 9 200000193 277103441 18 
2020-12-07T08:05:45 0 0 경기78아7084 3 27 200000193 201000029 9 
2020-12-07T08:05:45 0 0 경기76아8592 3 9 200000193 277103441 18 
2020-12-07T08:06:45 0 0 경기76아8592 3 9 200000193 277103441 18 
2020-12-07T08:06:45 0 0 경기78아7084 3 27 200000193 201000029 9 
2020-12-07T08:07:44 0 0 경기76아8592 3 9 200000193 277103441 18 
2020-12-07T08:07:44 0 0 경기78아7084 3 29 200000193 223000047 8 
2020-12-07T08:08:43 0 0 경기76아8592 3 9 200000193 277103441 18 
2020-12-07T08:08:43 0 0 경기78아7084 3 27 200000193 277103317 10 
2020-12-07T08:09:43 0 0 경기76아8592 3 9 200000193 277103441 18 
2020-12-07T08:09:43 0 0 경기78아7084 3 43 200000193 223000523 54 
2020-12-07T08:10:42 0 0 경기78아7084 3 26 200000193 223000047 8 
2020-12-07T08:10:42 0 0 경기76아8592 3 9 200000193 277104177 19 
2020-12-07T08:11:42 0 0 경기76아8592 3 9 200000193 277104177 19 
2020-12-07T08:12:41 0 0 경기76아8592 3 9 200000193 277104177 19 
2020-12-07T08:13:40 0 0 경기76아8592 3 9 200000193 277104177 19 
2020-12-07T08:14:40 0 0 경기76아8592 3 9 200000193 277103388 20 
2020-12-07T08:15:39 0 0 경기76아8592 3 9 200000193 277103388 20 
2020-12-07T08:16:39 0 0 경기76아8592 3 9 200000193 277103388 20 
2020-12-07T08:17:39 0 0 경기76아8592 3 9 200000193 277103390 21 
2020-12-07T08:18:38 0 0 경기76아8592 3 9 200000193 277103390 21 
2020-12-07T08:19:37 0 0 경기76아8592 3 9 200000193 121000034 22 
2020-12-07T08:20:37 0 0 경기76아8592 3 11 200000193 121000034 22 
2020-12-07T08:21:37 0 0 경기76아8592 3 11 200000193 121000033 23 
2020-12-07T08:22:36 0 0 경기76아8592 3 11 200000193 121000033 23 
2020-12-07T08:23:36 0 0 경기76아8592 3 11 200000193 121000033 23 
2020-12-07T08:23:36 0 0 경기78아7084 3 26 200000193 277103444 43 
2020-12-07T08:24:36 0 0 경기76아8592 3 24 200000193 121000033 23 
2020-12-07T08:25:36 0 0 경기76아8592 3 24 200000193 121000033 23 
2020-12-07T08:26:35 0 0 경기76아8592 3 24 200000193 121000033 23 
2020-12-07T08:27:35 0 0 경기76아8592 3 24 200000193 121000929 24 
2020-12-07T08:28:34 0 0 경기76아8592 3 24 200000193 121000929 24 
2020-12-07T08:29:34 0 0 경기76아8592 3 40 200000193 277104257 25 
2020-12-07T08:29:34 0 0 경기78아7084 3 26 200000193 277102247 11 
2020-12-07T08:30:33 0 0 경기76아8592 3 40 200000193 277104257 25 
2020-12-07T08:31:33 0 0 경기76아8592 3 40 200000193 277104257 25 
2020-12-07T08:32:33 0 0 경기78아7084 3 26 200000193 277103363 12 
2020-12-07T08:32:33 0 0 경기76아8592 3 40 200000193 277104257 25 
2020-12-07T08:33:33 0 0 경기76아8592 3 41 200000193 121000937 26 
2020-12-07T08:33:33 0 0 경기78아7084 3 27 200000193 277103312 16 
2020-12-07T08:34:32 0 0 경기76아8592 3 41 200000193 277101612 27 
2020-12-07T08:35:31 0 0 경기76아8592 3 42 200000193 121000920 28 
2020-12-07T08:36:30 0 0 경기76아8592 3 42 200000193 121000920 28 
2020-12-07T08:36:30 0 0 경기78아7084 3 26 200000193 277103443 14 
2020-12-07T08:37:30 0 0 경기78아7084 3 6 200000193 277103449 45 
2020-12-07T08:37:30 0 0 경기76아8592 3 42 200000193 121000056 29 
2020-12-07T08:38:30 0 0 경기76아8592 3 42 200000193 121000056 29 
2020-12-07T08:38:30 0 0 경기78아7084 3 26 200000193 277103386 15 
2020-12-07T08:39:30 0 0 경기76아8592 3 42 200000193 121000056 29 
2020-12-07T08:39:30 0 0 경기78아7084 3 26 200000193 277103386 15 
2020-12-07T08:40:29 0 0 경기76아8592 3 42 200000193 121000056 29 
2020-12-07T08:41:28 0 0 경기76아8592 3 42 200000193 121000969 30 
2020-12-07T08:41:28 0 0 경기78아7084 3 26 200000193 277103151 16 
2020-12-07T08:42:28 0 0 경기78아7084 3 26 200000193 277103151 16 
2020-12-07T08:42:28 0 0 경기76아8592 3 42 200000193 277104385 31 
2020-12-07T08:43:27 0 0 경기76아8592 3 42 200000193 277104385 31 
2020-12-07T08:44:26 0 0 경기76아8592 3 43 200000193 121000220 32 
2020-12-07T08:45:25 0 0 경기76아8592 3 42 200000193 121000220 32 
2020-12-07T08:45:25 0 0 경기78아7084 3 26 200000193 277103441 18 
2020-12-07T08:46:25 0 0 경기76아8592 3 42 200000193 121000220 32 
2020-12-07T08:47:25 0 0 경기76아8592 3 42 200000193 121000220 32 
2020-12-07T08:48:24 0 0 경기76아8592 3 42 200000193 121000220 32 
2020-12-07T08:49:24 0 0 경기76아8592 3 42 200000193 277103387 33 
2020-12-07T08:50:23 0 0 경기76아8592 3 42 200000193 277104178 34 
2020-12-07T08:51:23 0 0 경기76아8592 3 42 200000193 277103440 35 
2020-12-07T08:52:22 0 0 경기76아8592 3 42 200000193 277103440 35 
2020-12-07T08:53:23 0 0 경기76아8592 3 42 200000193 277103678 36 
2020-12-07T08:54:22 0 0 경기76아8592 3 42 200000193 277103150 37 
2020-12-07T08:55:21 0 0 경기76아8592 3 42 200000193 277103150 37 
2020-12-07T08:55:21 0 0 경기78아7084 3 26 200000193 277103390 21 
2020-12-07T08:56:21 0 0 경기76아8592 3 42 200000193 277103150 37 
2020-12-07T08:57:20 0 0 경기76아8592 3 42 200000193 277103385 38 
2020-12-07T08:57:20 0 0 경기78아7084 3 26 200000193 121000034 22 
2020-12-07T08:58:20 0 0 경기76아8592 3 42 200000193 277103385 38 
2020-12-07T08:59:19 0 0 경기76아8592 3 42 200000193 277103442 39 
2020-12-07T09:00:18 0 0 경기76아8592 3 42 200000193 277103442 39 
2020-12-07T09:01:18 0 0 경기76아8592 3 42 200000193 277103442 39 
2020-12-07T09:02:17 0 0 경기76아8592 3 42 200000193 277103360 40 
2020-12-07T09:03:17 0 0 경기76아8592 3 42 200000193 277103360 40 
2020-12-07T09:04:16 0 0 경기76아8592 3 42 200000193 277103362 41 
2020-12-07T09:05:16 0 0 경기76아8592 3 42 200000193 277103362 41 
2020-12-07T09:06:15 0 0 경기76아8592 3 42 200000193 277103362 41 
2020-12-07T09:06:15 0 0 경기78아7084 3 40 200000193 121000971 26 
2020-12-07T09:07:15 0 0 경기76아8592 3 42 200000193 277103362 41 
2020-12-07T09:08:14 0 0 경기76아8592 3 42 200000193 277101636 42 
2020-12-07T09:08:14 0 0 경기78아7084 3 43 200000193 121000937 26 
2020-12-07T09:09:14 0 0 경기76아8592 3 42 200000193 277101636 42 
2020-12-07T09:09:14 0 0 경기78아7084 3 43 200000193 121000937 26 
2020-12-07T09:10:13 0 0 경기76아8592 3 42 200000193 277103444 43 
2020-12-07T09:10:13 0 0 경기78아7084 3 44 200000193 121000920 28 
2020-12-07T09:11:13 0 0 경기76아8592 3 42 200000193 277103444 43 
2020-12-07T09:11:13 0 0 경기78아7084 3 6 200000193 277103390 23 
2020-12-07T09:12:13 0 0 경기76아8592 3 42 200000193 277103444 43 
2020-12-07T09:12:13 0 0 경기78아7084 3 44 200000193 121000920 28 
2020-12-07T09:13:13 0 0 경기76아8592 3 42 200000193 277103444 43 
2020-12-07T09:13:13 0 0 경기78아7084 3 45 200000193 121000056 29 
2020-12-07T09:14:12 0 0 경기76아8592 3 42 200000193 277103449 44 
2020-12-07T09:15:12 0 0 경기76아8592 3 42 200000193 277103449 44 
2020-12-07T09:16:11 0 0 경기76아8592 3 42 200000193 277103449 44 
2020-12-07T09:17:11 0 0 경기76아8592 3 42 200000193 277103449 44 
2020-12-07T09:18:10 0 0 경기76아8592 3 42 200000193 277103449 44 
2020-12-07T09:19:09 0 0 경기76아8592 3 42 200000193 277103449 44 
2020-12-07T09:20:09 0 0 경기76아8592 3 42 200000193 223000199 45 
2020-12-07T09:21:08 0 0 경기76아8592 3 42 200000193 223000199 45 
2020-12-07T09:22:08 0 0 경기76아8592 3 43 200000193 223000199 45 
2020-12-07T09:23:07 0 0 경기76아8592 3 44 200000193 223000094 46 
2020-12-07T09:24:07 0 0 경기78아7084 3 45 200000193 277103440 35 
2020-12-07T09:24:07 0 0 경기76아8592 3 44 200000193 223000094 46 
2020-12-07T09:25:07 0 0 경기76아8592 3 44 200000193 223000093 47 
2020-12-07T09:25:07 0 0 경기78아7084 3 40 200000193 121000920 29 
2020-12-07T09:26:06 0 0 경기76아8592 3 44 200000193 223000093 47 
2020-12-07T09:27:06 0 0 경기76아8592 3 44 200000193 223000537 48 
2020-12-07T09:27:06 0 0 경기78아7084 3 45 200000193 277103150 37 
2020-12-07T09:28:05 0 0 경기76아8592 3 45 200000193 223000537 48 
2020-12-07T09:29:04 0 0 경기78아7084 3 45 200000193 277103385 38 
2020-12-07T09:29:04 0 0 경기76아8592 3 45 200000193 223000098 50 
2020-12-07T09:30:03 0 0 경기76아8592 3 45 200000193 223000098 50 
2020-12-07T09:31:03 0 0 경기76아8592 3 45 200000193 223000097 51 
2020-12-07T09:32:03 0 0 경기76아8592 3 45 200000193 223000525 52 
2020-12-07T09:35:01 0 0 경기78아7084 3 45 200000193 277103360 40 
2020-12-07T09:36:00 0 0 경기78아7084 3 45 200000193 277103360 40 
2020-12-07T09:37:00 0 0 경기78아7084 3 45 200000193 277103362 41 
2020-12-07T09:38:00 0 0 경기78아7084 3 41 200000193 121000220 33 
2020-12-07T09:38:59 0 0 경기78아7084 3 45 200000193 277103362 41 
2020-12-07T09:39:58 0 0 경기78아7084 3 41 200000193 121000220 33 
2020-12-07T16:27:43 0 0 경기76아8592 3 44 200000193 223000524 2 
2020-12-07T16:28:42 0 0 경기76아8592 3 44 200000193 223000524 2 
2020-12-07T16:29:42 0 0 경기76아8592 3 44 200000193 223000524 2 
2020-12-07T16:30:41 0 0 경기76아8592 3 44 200000193 223000128 3 
2020-12-07T16:31:40 0 0 경기76아8592 3 44 200000193 223000127 4 
2020-12-07T16:32:40 0 0 경기76아8592 3 44 200000193 223000127 4 
2020-12-07T16:33:40 0 0 경기76아8592 3 44 200000193 223000127 4 
2020-12-07T16:34:39 0 0 경기76아8592 3 44 200000193 223000212 5 
2020-12-07T16:35:38 0 0 경기76아8592 3 44 200000193 223000212 5 
2020-12-07T16:36:38 0 0 경기76아8592 3 44 200000193 223000212 5 
2020-12-07T16:37:37 0 0 경기76아8592 3 44 200000193 223000005 6 
2020-12-07T16:38:37 0 0 경기76아8592 3 43 200000193 223000005 6 
2020-12-07T16:39:36 0 0 경기76아8592 3 43 200000193 223000005 6 
2020-12-07T16:40:36 0 0 경기76아8592 3 43 200000193 223000005 6 
2020-12-07T16:41:35 0 0 경기76아8592 3 43 200000193 223000048 7 
2020-12-07T16:42:35 0 0 경기76아8592 3 43 200000193 223000048 7 
2020-12-07T16:43:35 0 0 경기76아8592 3 43 200000193 223000047 8 
2020-12-07T16:44:34 0 0 경기76아8592 3 43 200000193 223000047 8 
2020-12-07T16:45:34 0 0 경기76아8592 3 43 200000193 223000047 8 
2020-12-07T16:46:33 0 0 경기76아8592 3 43 200000193 223000047 8 
2020-12-07T16:47:33 0 0 경기76아8592 3 43 200000193 223000047 8 
2020-12-07T16:48:33 0 0 경기76아8592 3 43 200000193 223000047 8 
2020-12-07T16:49:33 0 0 경기76아8592 3 43 200000193 223000047 8 
2020-12-07T16:50:33 0 0 경기76아8592 3 43 200000193 223000047 8 
2020-12-07T16:51:33 0 0 경기76아8592 3 43 200000193 223000047 8 
2020-12-07T16:52:32 0 0 경기76아8592 3 43 200000193 277103448 9 
2020-12-07T16:53:32 0 0 경기76아8592 3 43 200000193 277103448 9 
2020-12-07T16:54:32 0 0 경기76아8592 3 43 200000193 277103448 9 
2020-12-07T16:55:32 0 0 경기76아8592 3 43 200000193 277103448 9 
2020-12-07T16:56:31 0 0 경기76아8592 3 43 200000193 277103445 10 
2020-12-07T16:57:31 0 0 경기76아8592 3 43 200000193 277103445 10 
2020-12-07T16:58:30 0 0 경기76아8592 3 43 200000193 277103445 10 
2020-12-07T16:59:30 0 0 경기76아8592 3 43 200000193 277102247 11 
2020-12-07T17:00:29 0 0 경기76아8592 3 43 200000193 277102247 11 
2020-12-07T17:01:29 0 0 경기76아8592 3 43 200000193 277102247 11 
2020-12-07T17:02:29 0 0 경기76아8592 3 43 200000193 277102247 11 
2020-12-07T17:03:29 0 0 경기76아8592 3 43 200000193 277102247 11 
2020-12-07T17:04:28 0 0 경기76아8592 3 43 200000193 277103363 12 
2020-12-07T17:05:28 0 0 경기76아8592 3 43 200000193 277103363 12 
2020-12-07T17:06:27 0 0 경기76아8592 3 43 200000193 277103361 13 
2020-12-07T17:07:27 0 0 경기76아8592 3 43 200000193 277103361 13 
2020-12-07T17:08:26 0 0 경기76아8592 3 43 200000193 277103361 13 
2020-12-07T17:09:26 0 0 경기76아8592 3 43 200000193 277103443 14 
2020-12-07T17:10:26 0 0 경기76아8592 3 43 200000193 277103443 14 
2020-12-07T17:11:25 0 0 경기76아8592 3 43 200000193 277103443 14 
2020-12-07T17:12:25 0 0 경기76아8592 3 43 200000193 277103386 15 
2020-12-07T17:13:25 0 0 경기76아8592 3 43 200000193 277103386 15 
2020-12-07T17:14:24 0 0 경기76아8592 3 43 200000193 277103386 15 
2020-12-07T17:15:23 0 0 경기76아8592 3 43 200000193 277103151 16 
2020-12-07T17:16:23 0 0 경기76아8592 3 43 200000193 277103151 16 
2020-12-07T17:17:23 0 0 경기76아8592 3 43 200000193 277103679 17 
2020-12-07T17:18:23 0 0 경기76아8592 3 43 200000193 277103441 18 
2020-12-07T17:19:22 0 0 경기76아8592 3 43 200000193 277103441 18 
2020-12-07T17:20:22 0 0 경기76아8592 3 43 200000193 277104177 19 
2020-12-07T17:21:21 0 0 경기76아8592 3 43 200000193 277103388 20 
2020-12-07T17:22:21 0 0 경기76아8592 3 43 200000193 277103388 20 
2020-12-07T17:23:20 0 0 경기76아8592 3 43 200000193 277103388 20 
2020-12-07T17:24:20 0 0 경기76아8592 3 43 200000193 277103388 20 
2020-12-07T17:25:20 0 0 경기76아8592 3 43 200000193 277103388 20 
2020-12-07T17:26:20 0 0 경기76아8592 3 43 200000193 277103390 21 
2020-12-07T17:27:20 0 0 경기76아8592 3 43 200000193 277103390 21 
2020-12-07T17:28:20 0 0 경기76아8592 3 43 200000193 277103390 21 
2020-12-07T17:29:19 0 0 경기76아8592 3 43 200000193 277103390 21 
2020-12-07T17:30:19 0 0 경기76아8592 3 43 200000193 121000034 22 
2020-12-07T17:31:18 0 0 경기76아8592 3 43 200000193 121000034 22 
2020-12-07T17:32:18 0 0 경기76아8592 3 43 200000193 121000033 23 
2020-12-07T17:33:17 0 0 경기76아8592 3 44 200000193 121000033 23 
2020-12-07T17:34:17 0 0 경기76아8592 3 44 200000193 121000033 23 
2020-12-07T17:35:17 0 0 경기76아8592 3 44 200000193 121000033 23 
2020-12-07T17:36:17 0 0 경기76아8592 3 44 200000193 121000033 23 
2020-12-07T17:37:16 0 0 경기76아8592 3 44 200000193 121000033 23 
2020-12-07T17:38:15 0 0 경기76아8592 3 44 200000193 121000033 23 
2020-12-07T17:39:15 0 0 경기76아8592 3 44 200000193 121000929 24 
2020-12-07T17:40:14 0 0 경기76아8592 3 42 200000193 121000929 24 
2020-12-07T17:41:13 0 0 경기76아8592 3 42 200000193 277104257 25 
2020-12-07T17:42:12 0 0 경기76아8592 3 42 200000193 277104257 25 
2020-12-07T17:43:12 0 0 경기76아8592 3 42 200000193 277104257 25 
2020-12-07T17:44:12 0 0 경기76아8592 3 42 200000193 277104257 25 
2020-12-07T17:45:11 0 0 경기76아8592 3 42 200000193 121000937 26 
2020-12-07T17:46:10 0 0 경기76아8592 3 42 200000193 277101612 27 
2020-12-07T17:47:09 0 0 경기76아8592 3 42 200000193 121000920 28 
2020-12-07T17:48:09 0 0 경기76아8592 3 42 200000193 121000920 28 
2020-12-07T17:49:08 0 0 경기76아8592 3 42 200000193 121000920 28 
2020-12-07T17:50:07 0 0 경기76아8592 3 42 200000193 121000056 29 
2020-12-07T17:51:06 0 0 경기76아8592 3 41 200000193 121000056 29 
2020-12-07T17:52:06 0 0 경기76아8592 3 41 200000193 121000056 29 
2020-12-07T17:53:05 0 0 경기76아8592 3 38 200000193 121000969 30 
2020-12-07T17:54:05 0 0 경기76아8592 3 38 200000193 277104385 31 
2020-12-07T17:55:04 0 0 경기76아8592 3 38 200000193 277104385 31 
2020-12-07T17:56:03 0 0 경기76아8592 3 38 200000193 277104385 31 
2020-12-07T17:57:03 0 0 경기76아8592 3 38 200000193 121000220 32 
2020-12-07T17:58:03 0 0 경기76아8592 3 38 200000193 121000220 32 
2020-12-07T17:59:02 0 0 경기76아8592 3 38 200000193 121000220 32 
2020-12-07T18:00:02 0 0 경기76아8592 3 38 200000193 121000220 32 
2020-12-07T18:01:01 0 0 경기76아8592 3 38 200000193 121000220 32 
2020-12-07T18:02:01 0 0 경기76아8592 3 38 200000193 121000220 32 
2020-12-07T18:03:00 0 0 경기76아8592 3 38 200000193 121000220 32 
2020-12-07T18:04:00 0 0 경기76아8592 3 38 200000193 121000220 32 
2020-12-07T18:05:00 0 0 경기76아8592 3 38 200000193 121000220 32 
2020-12-07T18:06:00 0 0 경기76아8592 3 38 200000193 121000220 32 
2020-12-07T18:06:59 0 0 경기76아8592 3 38 200000193 121000220 32 
2020-12-07T18:07:59 0 0 경기76아8592 3 38 200000193 121000220 32 
2020-12-07T18:08:58 0 0 경기76아8592 3 38 200000193 121000220 32 
2020-12-07T18:09:58 0 0 경기76아8592 3 38 200000193 121000220 32 
2020-12-07T18:10:58 0 0 경기76아8592 3 38 200000193 121000220 32 
2020-12-07T18:11:57 0 0 경기76아8592 3 38 200000193 121000220 32 
2020-12-07T18:12:57 0 0 경기76아8592 3 38 200000193 277103387 33 
2020-12-07T18:13:56 0 0 경기76아8592 3 38 200000193 277104178 34 
2020-12-07T18:14:55 0 0 경기76아8592 3 38 200000193 277104178 34 
2020-12-07T18:15:55 0 0 경기76아8592 3 38 200000193 277103440 35 
2020-12-07T18:16:54 0 0 경기76아8592 3 38 200000193 277103678 36 
2020-12-07T18:17:54 0 0 경기76아8592 3 38 200000193 277103678 36 
2020-12-07T18:18:53 0 0 경기76아8592 3 38 200000193 277103150 37 
2020-12-07T18:19:53 0 0 경기76아8592 3 38 200000193 277103150 37 
2020-12-07T18:20:52 0 0 경기76아8592 3 38 200000193 277103385 38 
2020-12-07T18:21:52 0 0 경기76아8592 3 38 200000193 277103385 38 
2020-12-07T18:22:52 0 0 경기76아8592 3 38 200000193 277103385 38 
2020-12-07T18:23:52 0 0 경기76아8592 3 38 200000193 277103442 39 
2020-12-07T18:24:51 0 0 경기76아8592 3 38 200000193 277103442 39 
2020-12-07T18:25:51 0 0 경기76아8592 3 38 200000193 277103442 39 
2020-12-07T18:26:51 0 0 경기76아8592 3 38 200000193 277103360 40 
2020-12-07T18:27:51 0 0 경기76아8592 3 38 200000193 277103360 40 
2020-12-07T18:28:50 0 0 경기76아8592 3 38 200000193 277103362 41 
2020-12-07T18:29:49 0 0 경기76아8592 3 38 200000193 277103362 41 
2020-12-07T18:30:49 0 0 경기76아8592 3 38 200000193 277103362 41 
2020-12-07T18:31:49 0 0 경기76아8592 3 38 200000193 277101636 42 
2020-12-07T18:32:49 0 0 경기76아8592 3 38 200000193 277101636 42 
2020-12-07T18:33:48 0 0 경기76아8592 3 38 200000193 277101636 42 
2020-12-07T18:34:48 0 0 경기76아8592 3 38 200000193 277103444 43 
2020-12-07T18:35:48 0 0 경기76아8592 3 38 200000193 277103444 43 
2020-12-07T18:36:47 0 0 경기76아8592 3 38 200000193 277103444 43 
2020-12-07T18:37:47 0 0 경기76아8592 3 38 200000193 277103449 44 
2020-12-07T18:38:46 0 0 경기76아8592 3 38 200000193 277103449 44 
2020-12-07T18:39:46 0 0 경기76아8592 3 38 200000193 277103449 44 
2020-12-07T18:40:45 0 0 경기76아8592 3 38 200000193 277103449 44 
2020-12-07T18:41:45 0 0 경기76아8592 3 38 200000193 277103449 44 
2020-12-07T18:42:44 0 0 경기76아8592 3 38 200000193 277103449 44 
2020-12-07T18:43:44 0 0 경기76아8592 3 38 200000193 277103449 44 
2020-12-07T18:44:43 0 0 경기76아8592 3 38 200000193 277103449 44 
2020-12-07T18:45:42 0 0 경기76아8592 3 38 200000193 277103449 44 
2020-12-07T18:46:42 0 0 경기76아8592 3 38 200000193 277103449 44 
2020-12-07T18:47:41 0 0 경기76아8592 3 38 200000193 223000199 45 
2020-12-07T18:48:41 0 0 경기76아8592 3 39 200000193 223000199 45 
2020-12-07T18:49:40 0 0 경기76아8592 3 39 200000193 223000094 46 
2020-12-07T18:50:40 0 0 경기76아8592 3 39 200000193 223000094 46 
2020-12-07T18:51:40 0 0 경기76아8592 3 39 200000193 223000094 46 
2020-12-07T18:52:40 0 0 경기76아8592 3 39 200000193 223000093 47 
2020-12-07T18:53:40 0 0 경기76아8592 3 39 200000193 223000093 47 
2020-12-07T18:54:39 0 0 경기76아8592 3 39 200000193 223000093 47 
2020-12-07T18:55:38 0 0 경기76아8592 3 39 200000193 223000093 47 
2020-12-07T18:56:38 0 0 경기76아8592 3 39 200000193 223000093 47 
2020-12-07T18:57:38 0 0 경기76아8592 3 41 200000193 223000537 48 
2020-12-07T18:58:37 0 0 경기76아8592 3 41 200000193 223000537 48 
2020-12-07T18:59:37 0 0 경기76아8592 3 42 200000193 223000099 49 
2020-12-07T19:00:37 0 0 경기76아8592 3 44 200000193 223000098 50 
2020-12-07T19:01:37 0 0 경기76아8592 3 44 200000193 223000097 51 
2020-12-07T19:02:37 0 0 경기76아8592 3 45 200000193 223000525 52 
2020-12-07T19:03:36 0 0 경기76아8592 3 45 200000193 223000525 52 
2020-12-07T19:04:35 0 0 경기76아8592 3 45 200000193 223000525 52 
2020-12-07T19:05:35 0 0 경기76아8592 3 45 200000193 223000525 52 
2020-12-07T19:06:35 0 0 경기76아8592 3 45 200000193 223000525 52 
2020-12-07T19:07:35 0 0 경기76아8592 3 45 200000193 223000525 52 
2020-12-07T19:08:34 0 0 경기76아8592 3 45 200000193 223000525 52 
2020-12-07T19:09:34 0 0 경기76아8592 3 45 200000193 223000525 52 
2020-12-07T19:10:34 0 0 경기76아8592 3 45 200000193 223000525 52 
2020-12-07T19:11:34 0 0 경기76아8592 3 45 200000193 223000525 52 
2020-12-07T19:12:33 0 0 경기76아8592 3 45 200000193 223000525 52 
2020-12-07T19:13:33 0 0 경기76아8592 3 45 200000193 223000525 52 
2020-12-07T19:14:33 0 0 경기76아8592 3 45 200000193 223000525 52 
2020-12-07T19:15:33 0 0 경기76아8592 3 45 200000193 223000525 52 
2020-12-07T19:16:32 0 0 경기76아8592 3 45 200000193 223000525 52 
2020-12-07T19:31:27 0 0 경기76아8592 3 45 200000193 223000524 2 
2020-12-07T19:32:27 0 0 경기76아8592 3 45 200000193 223000524 2 
2020-12-07T19:33:27 0 0 경기76아8592 3 45 200000193 223000128 3 
2020-12-07T19:34:27 0 0 경기76아8592 3 45 200000193 223000127 4 
2020-12-07T19:35:26 0 0 경기76아8592 3 45 200000193 223000127 4 
2020-12-07T19:36:26 0 0 경기76아8592 3 45 200000193 223000212 5 
2020-12-07T19:37:26 0 0 경기76아8592 3 45 200000193 223000212 5 
2020-12-07T19:38:26 0 0 경기76아8592 3 45 200000193 223000212 5 
2020-12-07T19:39:26 0 0 경기76아8592 3 45 200000193 223000005 6 
2020-12-07T19:40:26 0 0 경기76아8592 3 45 200000193 223000005 6 
2020-12-07T19:41:25 0 0 경기76아8592 3 45 200000193 223000005 6 
2020-12-07T19:42:25 0 0 경기76아8592 3 45 200000193 223000048 7 
2020-12-07T19:43:25 0 0 경기76아8592 3 44 200000193 223000048 7 
2020-12-07T19:44:24 0 0 경기76아8592 3 44 200000193 223000048 7 
2020-12-07T19:45:24 0 0 경기76아8592 3 44 200000193 223000047 8 
2020-12-07T19:46:23 0 0 경기76아8592 3 44 200000193 223000047 8 
2020-12-07T19:47:23 0 0 경기76아8592 3 44 200000193 223000047 8 
2020-12-07T19:48:23 0 0 경기76아8592 3 44 200000193 223000047 8 
2020-12-07T19:49:23 0 0 경기76아8592 3 44 200000193 223000047 8 
2020-12-07T19:50:22 0 0 경기76아8592 3 44 200000193 223000047 8 
2020-12-07T19:51:22 0 0 경기76아8592 3 44 200000193 277103448 9 
2020-12-07T19:52:21 0 0 경기76아8592 3 44 200000193 277103448 9 
2020-12-07T19:53:21 0 0 경기76아8592 3 44 200000193 277103448 9 
2020-12-07T19:54:20 0 0 경기76아8592 3 44 200000193 277103448 9 
2020-12-07T19:55:20 0 0 경기76아8592 3 44 200000193 277103445 10 
2020-12-07T19:56:19 0 0 경기76아8592 3 44 200000193 277103445 10 
2020-12-07T19:57:19 0 0 경기76아8592 3 44 200000193 277103445 10 
2020-12-07T19:58:18 0 0 경기76아8592 3 44 200000193 277102247 11 
2020-12-07T19:59:18 0 0 경기76아8592 3 44 200000193 277102247 11 
2020-12-07T20:00:18 0 0 경기76아8592 3 44 200000193 277102247 11 
2020-12-07T20:01:18 0 0 경기76아8592 3 44 200000193 277102247 11 
2020-12-07T20:02:17 0 0 경기76아8592 3 44 200000193 277103363 12 
2020-12-07T20:03:16 0 0 경기76아8592 3 44 200000193 277103361 13 
2020-12-07T20:04:16 0 0 경기76아8592 3 44 200000193 277103361 13 
2020-12-07T20:05:16 0 0 경기76아8592 3 44 200000193 277103361 13 
2020-12-07T20:06:15 0 0 경기76아8592 3 44 200000193 277103443 14 
2020-12-07T20:07:15 0 0 경기76아8592 3 44 200000193 277103443 14 
2020-12-07T20:08:15 0 0 경기76아8592 3 44 200000193 277103443 14 
2020-12-07T20:09:15 0 0 경기76아8592 3 44 200000193 277103386 15 
2020-12-07T20:10:14 0 0 경기76아8592 3 44 200000193 277103386 15 
2020-12-07T20:11:13 0 0 경기76아8592 3 44 200000193 277103386 15 
2020-12-07T20:12:13 0 0 경기76아8592 3 44 200000193 277103151 16 
2020-12-07T20:13:12 0 0 경기76아8592 3 44 200000193 277103679 17 
2020-12-07T20:14:12 0 0 경기76아8592 3 44 200000193 277103679 17 
2020-12-07T20:15:12 0 0 경기76아8592 3 44 200000193 277103441 18 
2020-12-07T20:16:11 0 0 경기76아8592 3 44 200000193 277104177 19 
2020-12-07T20:17:11 0 0 경기76아8592 3 44 200000193 277103388 20 
2020-12-07T20:18:10 0 0 경기76아8592 3 44 200000193 277103388 20 
2020-12-07T20:19:10 0 0 경기76아8592 3 44 200000193 277103390 21 
2020-12-07T20:20:10 0 0 경기76아8592 3 44 200000193 121000034 22 
2020-12-07T20:21:10 0 0 경기76아8592 3 44 200000193 121000034 22 
2020-12-07T20:22:10 0 0 경기76아8592 3 44 200000193 121000033 23 
2020-12-07T20:23:09 0 0 경기76아8592 3 44 200000193 121000033 23 
2020-12-07T20:24:09 0 0 경기76아8592 3 44 200000193 121000033 23 
2020-12-07T20:25:08 0 0 경기76아8592 3 44 200000193 121000033 23 
2020-12-07T20:26:08 0 0 경기76아8592 3 44 200000193 121000033 23 
2020-12-07T20:27:07 0 0 경기76아8592 3 44 200000193 121000033 23 
2020-12-07T20:28:07 0 0 경기76아8592 3 42 200000193 121000929 24 
2020-12-07T20:29:06 0 0 경기76아8592 3 42 200000193 277104257 25 
2020-12-07T20:30:06 0 0 경기76아8592 3 42 200000193 121000937 26 
2020-12-07T20:31:06 0 0 경기76아8592 3 34 200000193 121000937 26 
2020-12-07T20:32:05 0 0 경기76아8592 3 34 200000193 121000920 28 
2020-12-07T20:33:04 0 0 경기76아8592 3 34 200000193 121000920 28 
2020-12-07T20:34:04 0 0 경기76아8592 3 33 200000193 121000056 29 
2020-12-07T20:35:04 0 0 경기76아8592 3 33 200000193 121000056 29 
2020-12-07T20:36:04 0 0 경기76아8592 3 33 200000193 121000056 29 
2020-12-07T20:37:03 0 0 경기76아8592 3 33 200000193 121000056 29 
2020-12-07T20:38:02 0 0 경기76아8592 3 31 200000193 121000969 30 
2020-12-07T20:39:02 0 0 경기76아8592 3 31 200000193 277104385 31 
2020-12-07T20:40:02 0 0 경기76아8592 3 31 200000193 277104385 31 
2020-12-07T20:41:02 0 0 경기76아8592 3 31 200000193 121000220 32 
2020-12-07T20:42:02 0 0 경기76아8592 3 31 200000193 121000220 32 
2020-12-07T20:43:01 0 0 경기76아8592 3 31 200000193 121000220 32 
2020-12-07T20:44:01 0 0 경기76아8592 3 31 200000193 277103387 33 
2020-12-07T20:45:01 0 0 경기76아8592 3 31 200000193 277103387 33 
2020-12-07T20:46:01 0 0 경기76아8592 3 31 200000193 277104178 34 
2020-12-07T20:47:01 0 0 경기76아8592 3 31 200000193 277103440 35 
2020-12-07T20:48:00 0 0 경기76아8592 3 31 200000193 277103440 35 
2020-12-07T20:49:00 0 0 경기76아8592 3 31 200000193 277103678 36 
2020-12-07T20:50:00 0 0 경기76아8592 3 31 200000193 277103150 37 
2020-12-07T20:51:00 0 0 경기76아8592 3 31 200000193 277103150 37 
2020-12-07T20:51:59 0 0 경기76아8592 3 31 200000193 277103385 38 
2020-12-07T20:52:59 0 0 경기76아8592 3 31 200000193 277103385 38 
2020-12-07T20:53:58 0 0 경기76아8592 3 31 200000193 277103385 38 
2020-12-07T20:54:58 0 0 경기76아8592 3 31 200000193 277103442 39 
2020-12-07T20:55:57 0 0 경기76아8592 3 31 200000193 277103442 39 
2020-12-07T20:56:56 0 0 경기76아8592 3 31 200000193 277103360 40 
2020-12-07T20:57:56 0 0 경기76아8592 3 31 200000193 277103360 40 
2020-12-07T20:58:56 0 0 경기76아8592 3 31 200000193 277103362 41 
2020-12-07T20:59:55 0 0 경기76아8592 3 31 200000193 277103362 41 
2020-12-07T21:00:55 0 0 경기76아8592 3 31 200000193 277103362 41 
2020-12-07T21:01:54 0 0 경기76아8592 3 31 200000193 277101636 42 
2020-12-07T21:02:53 0 0 경기76아8592 3 31 200000193 277101636 42 
2020-12-07T21:03:53 0 0 경기76아8592 3 31 200000193 277101636 42 
2020-12-07T21:04:52 0 0 경기76아8592 3 31 200000193 277103444 43 
2020-12-07T21:05:53 0 0 경기76아8592 3 31 200000193 277103444 43 
2020-12-07T21:06:51 0 0 경기76아8592 3 31 200000193 277103444 43 
2020-12-07T21:07:51 0 0 경기76아8592 3 31 200000193 277103449 44 
2020-12-07T21:08:51 0 0 경기76아8592 3 31 200000193 277103449 44 
2020-12-07T21:09:50 0 0 경기76아8592 3 31 200000193 277103449 44 
2020-12-07T21:10:49 0 0 경기76아8592 3 31 200000193 277103449 44 
2020-12-07T21:11:49 0 0 경기76아8592 3 31 200000193 277103449 44 
2020-12-07T21:12:48 0 0 경기76아8592 3 33 200000193 223000199 45 
2020-12-07T21:13:48 0 0 경기76아8592 3 33 200000193 223000199 45 
2020-12-07T21:14:48 0 0 경기76아8592 3 33 200000193 223000094 46 
2020-12-07T21:15:48 0 0 경기76아8592 3 35 200000193 223000094 46 
2020-12-07T21:16:48 0 0 경기76아8592 3 39 200000193 223000093 47 
2020-12-07T21:17:48 0 0 경기76아8592 3 39 200000193 223000093 47 
2020-12-07T21:18:47 0 0 경기76아8592 3 39 200000193 223000537 48 
2020-12-07T21:19:46 0 0 경기76아8592 3 39 200000193 223000537 48 
2020-12-07T21:20:45 0 0 경기76아8592 3 39 200000193 223000099 49 
2020-12-07T21:21:45 0 0 경기76아8592 3 40 200000193 223000098 50 
2020-12-07T21:22:44 0 0 경기76아8592 3 40 200000193 223000098 50 
2020-12-07T21:23:43 0 0 경기76아8592 3 40 200000193 223000097 51 
2020-12-07T21:24:42 0 0 경기76아8592 3 45 200000193 223000525 52 
