200000193 2020-12-28T21:21:07.370089+09:00
2020-12-29T07:04:53 0 0 경기76아8592 3 43 200000193 223000524 2 
2020-12-29T07:05:52 0 0 경기76아8592 3 38 200000193 223000524 2 
2020-12-29T07:06:52 0 0 경기76아8592 3 38 200000193 223000524 2 
2020-12-29T07:07:52 0 0 경기76아8592 3 38 200000193 223000128 3 
2020-12-29T07:08:52 0 0 경기76아8592 3 35 200000193 223000128 3 
2020-12-29T07:09:52 0 0 경기76아8592 3 35 200000193 223000127 4 
2020-12-29T07:10:51 0 0 경기76아8592 3 35 200000193 223000127 4 
2020-12-29T07:11:50 0 0 경기76아8592 3 35 200000193 223000212 5 
2020-12-29T07:12:49 0 0 경기76아8592 3 35 200000193 223000212 5 
2020-12-29T07:13:49 0 0 경기76아8592 3 31 200000193 223000212 5 
2020-12-29T07:14:49 0 0 경기76아8592 3 31 200000193 223000212 5 
2020-12-29T07:15:48 0 0 경기76아8592 3 31 200000193 223000212 5 
2020-12-29T07:16:47 0 0 경기76아8592 3 31 200000193 223000212 5 
2020-12-29T07:17:47 0 0 경기76아8592 3 31 200000193 223000005 6 
2020-12-29T07:18:46 0 0 경기76아8592 3 22 200000193 223000005 6 
2020-12-29T07:19:46 0 0 경기76아8592 3 22 200000193 223000048 7 
2020-12-29T07:20:45 0 0 경기76아8592 3 20 200000193 223000048 7 
2020-12-29T07:21:44 0 0 경기76아8592 3 20 200000193 223000048 7 
2020-12-29T07:22:43 0 0 경기76아8592 3 20 200000193 223000047 8 
2020-12-29T07:23:43 0 0 경기76아8592 3 17 200000193 223000047 8 
2020-12-29T07:24:43 0 0 경기76아8592 3 17 200000193 223000047 8 
2020-12-29T07:25:42 0 0 경기76아8592 3 17 200000193 223000047 8 
2020-12-29T07:26:42 0 0 경기76아8592 3 17 200000193 223000047 8 
2020-12-29T07:27:41 0 0 경기76아8592 3 17 200000193 223000047 8 
2020-12-29T07:28:41 0 0 경기76아8592 3 17 200000193 223000047 8 
2020-12-29T07:29:40 0 0 경기76아8592 3 17 200000193 277103448 9 
2020-12-29T07:30:40 0 0 경기76아8592 3 17 200000193 277103448 9 
2020-12-29T07:31:39 0 0 경기76아8592 3 17 200000193 277103448 9 
2020-12-29T07:32:39 0 0 경기76아8592 3 17 200000193 277103448 9 
2020-12-29T07:33:39 0 0 경기76아8592 3 17 200000193 277103445 10 
2020-12-29T07:34:38 0 0 경기76아8592 3 17 200000193 277103445 10 
2020-12-29T07:35:37 0 0 경기76아8592 3 17 200000193 277103445 10 
2020-12-29T07:36:37 0 0 경기76아8592 3 17 200000193 277102247 11 
2020-12-29T07:37:36 0 0 경기76아8592 3 17 200000193 277102247 11 
2020-12-29T07:38:36 0 0 경기76아8592 3 17 200000193 277102247 11 
2020-12-29T07:39:36 0 0 경기76아8592 3 17 200000193 277102247 11 
2020-12-29T07:40:36 0 0 경기76아8592 3 17 200000193 277103363 12 
2020-12-29T07:41:36 0 0 경기76아8592 3 17 200000193 277103363 12 
2020-12-29T07:42:35 0 0 경기76아8592 3 17 200000193 277103361 13 
2020-12-29T07:43:35 0 0 경기76아8592 3 17 200000193 277103361 13 
2020-12-29T07:44:34 0 0 경기76아8592 3 17 200000193 277103443 14 
2020-12-29T07:45:33 0 0 경기76아8592 3 17 200000193 277103443 14 
2020-12-29T07:46:33 0 0 경기76아8592 3 17 200000193 277103443 14 
2020-12-29T07:47:32 0 0 경기76아8592 3 17 200000193 277103386 15 
2020-12-29T07:48:32 0 0 경기76아8592 3 17 200000193 277103386 15 
2020-12-29T07:49:31 0 0 경기76아8592 3 17 200000193 277103151 16 
2020-12-29T07:50:31 0 0 경기76아8592 3 17 200000193 277103151 16 
2020-12-29T07:51:30 0 0 경기76아8592 3 17 200000193 277103679 17 
2020-12-29T07:52:29 0 0 경기76아8592 3 17 200000193 277103441 18 
2020-12-29T07:52:29 0 0 경기78아7084 3 29 200000193 201000149 7 
2020-12-29T07:53:29 0 0 경기76아8592 3 17 200000193 277103441 18 
2020-12-29T07:54:28 0 0 경기76아8592 3 17 200000193 277104177 19 
2020-12-29T07:55:27 0 0 경기76아8592 3 17 200000193 277104177 19 
2020-12-29T07:55:27 0 0 경기78아7084 3 41 200000193 223000128 3 
2020-12-29T07:56:26 0 0 경기78아7084 3 40 200000193 223000127 4 
2020-12-29T07:56:26 0 0 경기76아8592 3 17 200000193 277103388 20 
2020-12-29T07:57:25 0 0 경기76아8592 3 17 200000193 277103388 20 
2020-12-29T07:57:25 0 0 경기78아7084 3 27 200000193 201000359 8 
2020-12-29T07:58:24 0 0 경기76아8592 3 17 200000193 277103388 20 
2020-12-29T07:59:24 0 0 경기76아8592 3 17 200000193 277103390 21 
2020-12-29T07:59:24 0 0 경기78아7084 3 38 200000193 223000093 47 
2020-12-29T08:00:23 0 0 경기78아7084 3 38 200000193 223000212 5 
2020-12-29T08:00:23 0 0 경기76아8592 3 17 200000193 121000034 22 
2020-12-29T08:01:23 0 0 경기76아8592 3 19 200000193 121000034 22 
2020-12-29T08:01:23 0 0 경기78아7084 3 43 200000193 223000523 54 
2020-12-29T08:02:23 0 0 경기76아8592 3 19 200000193 121000034 22 
2020-12-29T08:02:23 0 0 경기78아7084 3 37 200000193 223000005 6 
2020-12-29T08:03:22 0 0 경기78아7084 3 37 200000193 223000005 6 
2020-12-29T08:03:22 0 0 경기76아8592 3 20 200000193 121000033 23 
2020-12-29T08:04:22 0 0 경기76아8592 3 26 200000193 121000033 23 
2020-12-29T08:05:22 0 0 경기76아8592 3 26 200000193 121000033 23 
2020-12-29T08:05:22 0 0 경기78아7084 3 30 200000193 223000048 7 
2020-12-29T08:06:21 0 0 경기76아8592 3 26 200000193 121000033 23 
2020-12-29T08:07:20 0 0 경기76아8592 3 26 200000193 121000929 24 
2020-12-29T08:08:19 0 0 경기76아8592 3 26 200000193 121000929 24 
2020-12-29T08:08:19 0 0 경기78아7084 3 29 200000193 223000047 8 
2020-12-29T08:09:19 0 0 경기76아8592 3 40 200000193 121000929 24 
2020-12-29T08:10:18 0 0 경기76아8592 3 40 200000193 277104257 25 
2020-12-29T08:11:17 0 0 경기76아8592 3 40 200000193 277104257 25 
2020-12-29T08:12:17 0 0 경기76아8592 3 40 200000193 277104257 25 
2020-12-29T08:13:16 0 0 경기76아8592 3 40 200000193 277104257 25 
2020-12-29T08:14:16 0 0 경기76아8592 3 43 200000193 277101612 27 
2020-12-29T08:15:15 0 0 경기76아8592 3 43 200000193 277101612 27 
2020-12-29T08:16:14 0 0 경기76아8592 3 43 200000193 277101612 27 
2020-12-29T08:17:14 0 0 경기76아8592 3 43 200000193 121000920 28 
2020-12-29T08:18:14 0 0 경기76아8592 3 43 200000193 121000920 28 
2020-12-29T08:19:13 0 0 경기76아8592 3 43 200000193 121000056 29 
2020-12-29T08:20:12 0 0 경기76아8592 3 43 200000193 121000056 29 
2020-12-29T08:21:11 0 0 경기76아8592 3 43 200000193 121000056 29 
2020-12-29T08:22:11 0 0 경기76아8592 3 43 200000193 121000969 30 
2020-12-29T08:23:11 0 0 경기76아8592 3 45 200000193 121000969 30 
2020-12-29T08:24:10 0 0 경기76아8592 3 43 200000193 277104385 31 
2020-12-29T08:25:10 0 0 경기78아7084 3 29 200000193 277103445 10 
2020-12-29T08:25:10 0 0 경기76아8592 3 43 200000193 121000220 32 
2020-12-29T08:26:09 0 0 경기76아8592 3 43 200000193 121000220 32 
2020-12-29T08:26:09 0 0 경기78아7084 3 26 200000193 223000047 10 
2020-12-29T08:27:08 0 0 경기76아8592 3 43 200000193 121000220 32 
2020-12-29T08:27:08 0 0 경기78아7084 3 29 200000193 277102247 11 
2020-12-29T08:28:08 0 0 경기76아8592 3 43 200000193 121000220 32 
2020-12-29T08:28:08 0 0 경기78아7084 3 29 200000193 277102247 11 
2020-12-29T08:29:08 0 0 경기78아7084 3 26 200000193 277103449 45 
2020-12-29T08:29:08 0 0 경기76아8592 3 43 200000193 277103387 33 
2020-12-29T08:30:07 0 0 경기78아7084 3 29 200000193 277103363 12 
2020-12-29T08:30:07 0 0 경기76아8592 3 43 200000193 277104178 34 
2020-12-29T08:31:07 0 0 경기78아7084 3 29 200000193 277103363 12 
2020-12-29T08:31:07 0 0 경기76아8592 3 43 200000193 277104178 34 
2020-12-29T08:32:06 0 0 경기76아8592 3 43 200000193 277103440 35 
2020-12-29T08:32:06 0 0 경기78아7084 3 29 200000193 277103361 13 
2020-12-29T08:33:05 0 0 경기78아7084 3 29 200000193 277103361 13 
2020-12-29T08:33:05 0 0 경기76아8592 3 43 200000193 277103678 36 
2020-12-29T08:34:04 0 0 경기76아8592 3 43 200000193 277103678 36 
2020-12-29T08:35:04 0 0 경기76아8592 3 43 200000193 277103150 37 
2020-12-29T08:35:04 0 0 경기78아7084 3 26 200000193 277103448 11 
2020-12-29T08:36:03 0 0 경기76아8592 3 43 200000193 277103150 37 
2020-12-29T08:37:03 0 0 경기76아8592 3 43 200000193 277103385 38 
2020-12-29T08:37:03 0 0 경기78아7084 3 30 200000193 121000520 19 
2020-12-29T08:38:02 0 0 경기76아8592 3 43 200000193 277103385 38 
2020-12-29T08:39:01 0 0 경기76아8592 3 43 200000193 277103385 38 
2020-12-29T08:39:01 0 0 경기78아7084 3 29 200000193 277103151 16 
2020-12-29T08:40:01 0 0 경기76아8592 3 43 200000193 277103442 39 
2020-12-29T08:41:01 0 0 경기76아8592 3 43 200000193 277103442 39 
2020-12-29T08:41:01 0 0 경기78아7084 3 34 200000193 121000060 20 
2020-12-29T08:42:01 0 0 경기76아8592 3 43 200000193 277103442 39 
2020-12-29T08:43:01 0 0 경기76아8592 3 43 200000193 277103360 40 
2020-12-29T08:44:00 0 0 경기76아8592 3 43 200000193 277103360 40 
2020-12-29T08:44:00 0 0 경기78아7084 3 26 200000193 277103363 14 
2020-12-29T08:44:59 0 0 경기76아8592 3 43 200000193 277103362 41 
2020-12-29T08:44:59 0 0 경기78아7084 3 29 200000193 277103388 20 
2020-12-29T08:45:59 0 0 경기76아8592 3 43 200000193 277103362 41 
2020-12-29T08:46:58 0 0 경기76아8592 3 43 200000193 277103362 41 
2020-12-29T08:47:58 0 0 경기76아8592 3 43 200000193 277101636 42 
2020-12-29T08:48:57 0 0 경기76아8592 3 43 200000193 277101636 42 
2020-12-29T08:48:57 0 0 경기78아7084 3 26 200000193 277103443 16 
2020-12-29T08:49:56 0 0 경기76아8592 3 43 200000193 277101636 42 
2020-12-29T08:50:56 0 0 경기76아8592 3 43 200000193 277103444 43 
2020-12-29T08:51:56 0 0 경기76아8592 3 43 200000193 277103444 43 
2020-12-29T08:52:55 0 0 경기76아8592 3 43 200000193 277103444 43 
2020-12-29T08:53:55 0 0 경기76아8592 3 43 200000193 277103444 43 
2020-12-29T08:54:54 0 0 경기76아8592 3 43 200000193 277103449 44 
2020-12-29T08:54:54 0 0 경기78아7084 3 35 200000193 121000929 24 
2020-12-29T08:55:54 0 0 경기76아8592 3 43 200000193 277103449 44 
2020-12-29T08:55:54 0 0 경기78아7084 3 41 200000193 121000929 24 
2020-12-29T08:56:53 0 0 경기76아8592 3 43 200000193 277103449 44 
2020-12-29T08:57:52 0 0 경기76아8592 3 43 200000193 277103449 44 
2020-12-29T08:58:52 0 0 경기76아8592 3 43 200000193 277103449 44 
2020-12-29T08:59:51 0 0 경기76아8592 3 43 200000193 277103449 44 
2020-12-29T08:59:51 0 0 경기78아7084 3 44 200000193 277101612 27 
2020-12-29T09:00:50 0 0 경기76아8592 3 43 200000193 277103449 44 
2020-12-29T09:01:50 0 0 경기76아8592 3 43 200000193 277103449 44 
2020-12-29T09:01:50 0 0 경기78아7084 3 44 200000193 121000920 28 
2020-12-29T09:02:49 0 0 경기76아8592 3 43 200000193 277103449 44 
2020-12-29T09:02:49 0 0 경기78아7084 3 44 200000193 121000920 28 
2020-12-29T09:03:49 0 0 경기76아8592 3 43 200000193 277103449 44 
2020-12-29T09:03:49 0 0 경기78아7084 3 44 200000193 121000920 28 
2020-12-29T09:04:49 0 0 경기76아8592 3 43 200000193 277103449 44 
2020-12-29T09:04:49 0 0 경기78아7084 3 45 200000193 121000056 29 
2020-12-29T09:05:49 0 0 경기76아8592 3 43 200000193 277103449 44 
2020-12-29T09:05:49 0 0 경기78아7084 3 45 200000193 121000056 29 
2020-12-29T09:06:48 0 0 경기76아8592 3 43 200000193 277103449 44 
2020-12-29T09:06:48 0 0 경기78아7084 3 33 200000193 121000086 24 
2020-12-29T09:07:48 0 0 경기76아8592 3 43 200000193 277103449 44 
2020-12-29T09:08:47 0 0 경기76아8592 3 43 200000193 277103449 44 
2020-12-29T09:10:46 0 0 경기78아7084 3 45 200000193 277103387 33 
2020-12-29T09:11:46 0 0 경기78아7084 3 45 200000193 277104178 34 
2020-12-29T09:13:44 0 0 경기78아7084 3 45 200000193 277103440 35 
2020-12-29T09:16:41 0 0 경기78아7084 3 45 200000193 277103150 37 
2020-12-29T09:18:40 0 0 경기78아7084 3 45 200000193 277103385 38 
2020-12-29T09:19:39 0 0 경기78아7084 3 45 200000193 277103385 38 
2020-12-29T09:20:39 0 0 경기78아7084 3 45 200000193 277103442 39 
2020-12-29T09:24:36 0 0 경기78아7084 3 45 200000193 277103362 41 
2020-12-29T09:25:36 0 0 경기78아7084 3 45 200000193 277103362 41 
2020-12-29T09:26:36 0 0 경기78아7084 3 45 200000193 277103362 41 
2020-12-29T09:27:36 0 0 경기78아7084 3 42 200000193 121000220 33 
2020-12-29T16:28:45 0 0 경기76아8592 3 45 200000193 223000524 2 
2020-12-29T16:29:45 0 0 경기76아8592 3 45 200000193 223000524 2 
2020-12-29T16:30:45 0 0 경기76아8592 3 45 200000193 223000128 3 
2020-12-29T16:31:44 0 0 경기76아8592 3 45 200000193 223000127 4 
2020-12-29T16:32:43 0 0 경기76아8592 3 45 200000193 223000127 4 
2020-12-29T16:33:43 0 0 경기76아8592 3 45 200000193 223000127 4 
2020-12-29T16:34:43 0 0 경기76아8592 3 45 200000193 223000127 4 
2020-12-29T16:35:43 0 0 경기76아8592 3 45 200000193 223000212 5 
2020-12-29T16:36:43 0 0 경기76아8592 3 45 200000193 223000212 5 
2020-12-29T16:37:43 0 0 경기76아8592 3 45 200000193 223000212 5 
2020-12-29T16:38:42 0 0 경기76아8592 3 45 200000193 223000212 5 
2020-12-29T16:39:42 0 0 경기76아8592 3 45 200000193 223000212 5 
2020-12-29T16:40:42 0 0 경기76아8592 3 45 200000193 223000005 6 
2020-12-29T16:41:42 0 0 경기76아8592 3 44 200000193 223000005 6 
2020-12-29T16:42:41 0 0 경기76아8592 3 44 200000193 223000005 6 
2020-12-29T16:43:41 0 0 경기76아8592 3 44 200000193 223000005 6 
2020-12-29T16:44:41 0 0 경기76아8592 3 44 200000193 223000048 7 
2020-12-29T16:45:41 0 0 경기76아8592 3 44 200000193 223000047 8 
2020-12-29T16:46:40 0 0 경기76아8592 3 44 200000193 223000047 8 
2020-12-29T16:47:40 0 0 경기76아8592 3 44 200000193 223000047 8 
2020-12-29T16:48:40 0 0 경기76아8592 3 44 200000193 223000047 8 
2020-12-29T16:49:39 0 0 경기76아8592 3 44 200000193 223000047 8 
2020-12-29T16:50:39 0 0 경기76아8592 3 44 200000193 223000047 8 
2020-12-29T16:51:39 0 0 경기76아8592 3 44 200000193 223000047 8 
2020-12-29T16:52:39 0 0 경기76아8592 3 44 200000193 223000047 8 
2020-12-29T16:53:38 0 0 경기76아8592 3 44 200000193 223000047 8 
2020-12-29T16:54:38 0 0 경기76아8592 3 44 200000193 223000047 8 
2020-12-29T16:55:38 0 0 경기76아8592 3 44 200000193 277103448 9 
2020-12-29T16:56:38 0 0 경기76아8592 3 44 200000193 277103448 9 
2020-12-29T16:57:37 0 0 경기76아8592 3 44 200000193 277103448 9 
2020-12-29T16:58:37 0 0 경기76아8592 3 44 200000193 277103448 9 
2020-12-29T16:59:37 0 0 경기76아8592 3 44 200000193 277103445 10 
2020-12-29T17:00:36 0 0 경기76아8592 3 44 200000193 277103445 10 
2020-12-29T17:01:35 0 0 경기76아8592 3 44 200000193 277103445 10 
2020-12-29T17:02:34 0 0 경기76아8592 3 44 200000193 277102247 11 
2020-12-29T17:03:33 0 0 경기76아8592 3 44 200000193 277102247 11 
2020-12-29T17:04:33 0 0 경기76아8592 3 44 200000193 277102247 11 
2020-12-29T17:05:32 0 0 경기76아8592 3 44 200000193 277102247 11 
2020-12-29T17:06:32 0 0 경기76아8592 3 44 200000193 277102247 11 
2020-12-29T17:07:32 0 0 경기76아8592 3 44 200000193 277103363 12 
2020-12-29T17:08:32 0 0 경기76아8592 3 44 200000193 277103363 12 
2020-12-29T17:09:31 0 0 경기76아8592 3 44 200000193 277103361 13 
2020-12-29T17:10:30 0 0 경기76아8592 3 44 200000193 277103361 13 
2020-12-29T17:11:30 0 0 경기76아8592 3 44 200000193 277103361 13 
2020-12-29T17:12:30 0 0 경기76아8592 3 44 200000193 277103443 14 
2020-12-29T17:13:30 0 0 경기76아8592 3 44 200000193 277103443 14 
2020-12-29T17:14:29 0 0 경기76아8592 3 44 200000193 277103443 14 
2020-12-29T17:15:29 0 0 경기76아8592 3 44 200000193 277103386 15 
2020-12-29T17:16:29 0 0 경기76아8592 3 44 200000193 277103386 15 
2020-12-29T17:17:28 0 0 경기76아8592 3 44 200000193 277103386 15 
2020-12-29T17:18:27 0 0 경기76아8592 3 44 200000193 277103151 16 
2020-12-29T17:19:27 0 0 경기76아8592 3 44 200000193 277103679 17 
2020-12-29T17:20:26 0 0 경기76아8592 3 44 200000193 277103679 17 
2020-12-29T17:21:26 0 0 경기76아8592 3 44 200000193 277103441 18 
2020-12-29T17:22:25 0 0 경기76아8592 3 44 200000193 277103441 18 
2020-12-29T17:23:24 0 0 경기76아8592 3 44 200000193 277104177 19 
2020-12-29T17:24:23 0 0 경기76아8592 3 44 200000193 277103388 20 
2020-12-29T17:25:22 0 0 경기76아8592 3 44 200000193 277103388 20 
2020-12-29T17:26:22 0 0 경기76아8592 3 44 200000193 277103388 20 
2020-12-29T17:27:22 0 0 경기76아8592 3 44 200000193 277103388 20 
2020-12-29T17:28:22 0 0 경기76아8592 3 44 200000193 277103390 21 
2020-12-29T17:29:22 0 0 경기76아8592 3 44 200000193 277103390 21 
2020-12-29T17:30:21 0 0 경기76아8592 3 44 200000193 121000034 22 
2020-12-29T17:31:20 0 0 경기76아8592 3 44 200000193 121000034 22 
2020-12-29T17:32:20 0 0 경기76아8592 3 44 200000193 121000033 23 
2020-12-29T17:33:20 0 0 경기76아8592 3 44 200000193 121000033 23 
2020-12-29T17:34:20 0 0 경기76아8592 3 45 200000193 121000033 23 
2020-12-29T17:35:19 0 0 경기76아8592 3 45 200000193 121000033 23 
2020-12-29T17:36:19 0 0 경기76아8592 3 45 200000193 121000033 23 
2020-12-29T17:37:19 0 0 경기76아8592 3 45 200000193 121000033 23 
2020-12-29T17:38:19 0 0 경기76아8592 3 45 200000193 121000033 23 
2020-12-29T17:39:19 0 0 경기76아8592 3 45 200000193 121000033 23 
2020-12-29T17:40:18 0 0 경기76아8592 3 43 200000193 121000929 24 
2020-12-29T17:41:18 0 0 경기76아8592 3 43 200000193 121000929 24 
2020-12-29T17:42:18 0 0 경기76아8592 3 43 200000193 277104257 25 
2020-12-29T17:43:18 0 0 경기76아8592 3 43 200000193 277104257 25 
2020-12-29T17:44:17 0 0 경기76아8592 3 43 200000193 277104257 25 
2020-12-29T17:45:17 0 0 경기76아8592 3 43 200000193 277104257 25 
2020-12-29T17:46:17 0 0 경기76아8592 3 43 200000193 277104257 25 
2020-12-29T17:47:17 0 0 경기76아8592 3 43 200000193 121000937 26 
2020-12-29T17:48:17 0 0 경기76아8592 3 43 200000193 121000937 26 
2020-12-29T17:49:16 0 0 경기76아8592 3 43 200000193 277101612 27 
2020-12-29T17:50:16 0 0 경기76아8592 3 43 200000193 121000920 28 
2020-12-29T17:51:16 0 0 경기76아8592 3 43 200000193 121000920 28 
2020-12-29T17:52:16 0 0 경기76아8592 3 43 200000193 121000920 28 
2020-12-29T17:53:15 0 0 경기76아8592 3 43 200000193 121000920 28 
2020-12-29T17:54:16 0 0 경기76아8592 3 43 200000193 121000056 29 
2020-12-29T17:55:15 0 0 경기76아8592 3 43 200000193 121000056 29 
2020-12-29T17:56:15 0 0 경기76아8592 3 43 200000193 121000056 29 
2020-12-29T17:57:14 0 0 경기76아8592 3 43 200000193 121000056 29 
2020-12-29T17:58:14 0 0 경기76아8592 3 43 200000193 121000969 30 
2020-12-29T17:59:13 0 0 경기76아8592 3 42 200000193 121000969 30 
2020-12-29T18:00:13 0 0 경기76아8592 3 42 200000193 121000969 30 
2020-12-29T18:01:13 0 0 경기76아8592 3 42 200000193 277104385 31 
2020-12-29T18:02:13 0 0 경기76아8592 3 42 200000193 121000220 32 
2020-12-29T18:03:12 0 0 경기76아8592 3 42 200000193 121000220 32 
2020-12-29T18:04:11 0 0 경기76아8592 3 42 200000193 121000220 32 
2020-12-29T18:05:11 0 0 경기76아8592 3 42 200000193 121000220 32 
2020-12-29T18:06:11 0 0 경기76아8592 3 42 200000193 121000220 32 
2020-12-29T18:07:11 0 0 경기76아8592 3 42 200000193 277103387 33 
2020-12-29T18:08:11 0 0 경기76아8592 3 42 200000193 277103387 33 
2020-12-29T18:09:10 0 0 경기76아8592 3 42 200000193 277104178 34 
2020-12-29T18:10:09 0 0 경기76아8592 3 42 200000193 277103440 35 
2020-12-29T18:11:09 0 0 경기76아8592 3 42 200000193 277103440 35 
2020-12-29T18:12:09 0 0 경기76아8592 3 42 200000193 277103678 36 
2020-12-29T18:13:09 0 0 경기76아8592 3 42 200000193 277103150 37 
2020-12-29T18:14:08 0 0 경기76아8592 3 42 200000193 277103150 37 
2020-12-29T18:15:08 0 0 경기76아8592 3 42 200000193 277103150 37 
2020-12-29T18:16:08 0 0 경기76아8592 3 42 200000193 277103385 38 
2020-12-29T18:17:08 0 0 경기76아8592 3 42 200000193 277103385 38 
2020-12-29T18:18:07 0 0 경기76아8592 3 42 200000193 277103385 38 
2020-12-29T18:19:07 0 0 경기76아8592 3 42 200000193 277103442 39 
2020-12-29T18:20:07 0 0 경기76아8592 3 42 200000193 277103442 39 
2020-12-29T18:21:06 0 0 경기76아8592 3 42 200000193 277103442 39 
2020-12-29T18:22:06 0 0 경기76아8592 3 42 200000193 277103360 40 
2020-12-29T18:23:05 0 0 경기76아8592 3 42 200000193 277103360 40 
2020-12-29T18:24:05 0 0 경기76아8592 3 42 200000193 277103362 41 
2020-12-29T18:25:05 0 0 경기76아8592 3 42 200000193 277103362 41 
2020-12-29T18:26:04 0 0 경기76아8592 3 42 200000193 277103362 41 
2020-12-29T18:27:04 0 0 경기76아8592 3 42 200000193 277103362 41 
2020-12-29T18:28:04 0 0 경기76아8592 3 42 200000193 277101636 42 
2020-12-29T18:29:04 0 0 경기76아8592 3 42 200000193 277101636 42 
2020-12-29T18:30:03 0 0 경기76아8592 3 42 200000193 277103444 43 
2020-12-29T18:31:03 0 0 경기76아8592 3 42 200000193 277103444 43 
2020-12-29T18:32:02 0 0 경기76아8592 3 42 200000193 277103444 43 
2020-12-29T18:33:02 0 0 경기76아8592 3 42 200000193 277103444 43 
2020-12-29T18:34:02 0 0 경기76아8592 3 42 200000193 277103449 44 
2020-12-29T18:35:02 0 0 경기76아8592 3 42 200000193 277103449 44 
2020-12-29T18:36:01 0 0 경기76아8592 3 42 200000193 277103449 44 
2020-12-29T18:37:01 0 0 경기76아8592 3 42 200000193 277103449 44 
2020-12-29T18:38:00 0 0 경기76아8592 3 42 200000193 277103449 44 
2020-12-29T18:39:00 0 0 경기76아8592 3 42 200000193 277103449 44 
2020-12-29T18:40:00 0 0 경기76아8592 3 42 200000193 277103449 44 
2020-12-29T18:41:00 0 0 경기76아8592 3 42 200000193 277103449 44 
2020-12-29T18:42:00 0 0 경기76아8592 3 42 200000193 277103449 44 
2020-12-29T18:42:59 0 0 경기76아8592 3 42 200000193 277103449 44 
2020-12-29T18:43:59 0 0 경기76아8592 3 42 200000193 277103449 44 
2020-12-29T18:44:59 0 0 경기76아8592 3 42 200000193 277103449 44 
2020-12-29T18:45:58 0 0 경기76아8592 3 42 200000193 277103449 44 
2020-12-29T18:46:58 0 0 경기76아8592 3 42 200000193 277103449 44 
2020-12-29T18:47:58 0 0 경기76아8592 3 42 200000193 223000199 45 
2020-12-29T18:48:57 0 0 경기76아8592 3 43 200000193 223000199 45 
2020-12-29T18:49:56 0 0 경기76아8592 3 43 200000193 223000094 46 
2020-12-29T18:50:56 0 0 경기76아8592 3 43 200000193 223000094 46 
2020-12-29T18:51:55 0 0 경기76아8592 3 43 200000193 223000094 46 
2020-12-29T18:52:54 0 0 경기76아8592 3 43 200000193 223000093 47 
2020-12-29T18:53:54 0 0 경기76아8592 3 43 200000193 223000093 47 
2020-12-29T18:54:54 0 0 경기76아8592 3 43 200000193 223000537 48 
2020-12-29T18:55:54 0 0 경기76아8592 3 44 200000193 223000537 48 
2020-12-29T18:56:54 0 0 경기76아8592 3 44 200000193 223000537 48 
2020-12-29T18:57:54 0 0 경기76아8592 3 44 200000193 223000098 50 
2020-12-29T18:58:53 0 0 경기76아8592 3 45 200000193 223000097 51 
2020-12-29T18:59:52 0 0 경기76아8592 3 45 200000193 223000525 52 
2020-12-29T19:00:51 0 0 경기76아8592 3 45 200000193 223000525 52 
2020-12-29T19:01:50 0 0 경기76아8592 3 45 200000193 223000525 52 
2020-12-29T19:02:49 0 0 경기76아8592 3 45 200000193 223000525 52 
2020-12-29T19:03:49 0 0 경기76아8592 3 45 200000193 223000525 52 
2020-12-29T19:04:49 0 0 경기76아8592 3 45 200000193 223000525 52 
2020-12-29T19:05:49 0 0 경기76아8592 3 45 200000193 223000525 52 
2020-12-29T19:06:48 0 0 경기76아8592 3 45 200000193 223000525 52 
2020-12-29T19:07:47 0 0 경기76아8592 3 45 200000193 223000525 52 
2020-12-29T19:08:47 0 0 경기76아8592 3 45 200000193 223000525 52 
2020-12-29T19:09:47 0 0 경기76아8592 3 45 200000193 223000525 52 
2020-12-29T19:10:47 0 0 경기76아8592 3 45 200000193 223000525 52 
2020-12-29T19:11:47 0 0 경기76아8592 3 45 200000193 223000525 52 
2020-12-29T19:12:46 0 0 경기76아8592 3 45 200000193 223000525 52 
2020-12-29T19:13:46 0 0 경기76아8592 3 45 200000193 223000525 52 
2020-12-29T19:14:45 0 0 경기76아8592 3 45 200000193 223000525 52 
2020-12-29T19:32:37 0 0 경기76아8592 3 45 200000193 223000524 2 
2020-12-29T19:33:36 0 0 경기76아8592 3 45 200000193 223000127 4 
2020-12-29T19:34:35 0 0 경기76아8592 3 45 200000193 223000127 4 
2020-12-29T19:35:35 0 0 경기76아8592 3 45 200000193 223000127 4 
2020-12-29T19:36:35 0 0 경기76아8592 3 45 200000193 223000212 5 
2020-12-29T19:37:34 0 0 경기76아8592 3 45 200000193 223000212 5 
2020-12-29T19:38:34 0 0 경기76아8592 3 45 200000193 223000212 5 
2020-12-29T19:39:34 0 0 경기76아8592 3 45 200000193 223000005 6 
2020-12-29T19:40:34 0 0 경기76아8592 3 45 200000193 223000005 6 
2020-12-29T19:41:34 0 0 경기76아8592 3 45 200000193 223000005 6 
2020-12-29T19:42:34 0 0 경기76아8592 3 45 200000193 223000048 7 
2020-12-29T19:43:33 0 0 경기76아8592 3 45 200000193 223000048 7 
2020-12-29T19:44:33 0 0 경기76아8592 3 45 200000193 223000048 7 
2020-12-29T19:45:33 0 0 경기76아8592 3 43 200000193 223000047 8 
2020-12-29T19:46:32 0 0 경기76아8592 3 43 200000193 223000047 8 
2020-12-29T19:47:32 0 0 경기76아8592 3 43 200000193 223000047 8 
2020-12-29T19:48:32 0 0 경기76아8592 3 43 200000193 223000047 8 
2020-12-29T19:49:31 0 0 경기76아8592 3 43 200000193 223000047 8 
2020-12-29T19:50:31 0 0 경기76아8592 3 43 200000193 223000047 8 
2020-12-29T19:51:31 0 0 경기76아8592 3 43 200000193 223000047 8 
2020-12-29T19:52:31 0 0 경기76아8592 3 43 200000193 277103448 9 
2020-12-29T19:53:31 0 0 경기76아8592 3 43 200000193 277103448 9 
2020-12-29T19:54:30 0 0 경기76아8592 3 43 200000193 277103448 9 
2020-12-29T19:55:29 0 0 경기76아8592 3 43 200000193 277103448 9 
2020-12-29T19:56:29 0 0 경기76아8592 3 43 200000193 277103445 10 
2020-12-29T19:57:29 0 0 경기76아8592 3 43 200000193 277103445 10 
2020-12-29T19:58:29 0 0 경기76아8592 3 43 200000193 277102247 11 
2020-12-29T19:59:29 0 0 경기76아8592 3 43 200000193 277102247 11 
2020-12-29T20:00:28 0 0 경기76아8592 3 43 200000193 277102247 11 
2020-12-29T20:01:28 0 0 경기76아8592 3 43 200000193 277102247 11 
2020-12-29T20:02:27 0 0 경기76아8592 3 43 200000193 277102247 11 
2020-12-29T20:03:27 0 0 경기76아8592 3 43 200000193 277103363 12 
2020-12-29T20:04:27 0 0 경기76아8592 3 43 200000193 277103363 12 
2020-12-29T20:05:26 0 0 경기76아8592 3 43 200000193 277103361 13 
2020-12-29T20:06:26 0 0 경기76아8592 3 43 200000193 277103361 13 
2020-12-29T20:07:26 0 0 경기76아8592 3 43 200000193 277103361 13 
2020-12-29T20:08:26 0 0 경기76아8592 3 43 200000193 277103443 14 
2020-12-29T20:09:26 0 0 경기76아8592 3 43 200000193 277103443 14 
2020-12-29T20:10:26 0 0 경기76아8592 3 43 200000193 277103443 14 
2020-12-29T20:11:26 0 0 경기76아8592 3 43 200000193 277103386 15 
2020-12-29T20:12:25 0 0 경기76아8592 3 43 200000193 277103386 15 
2020-12-29T20:13:25 0 0 경기76아8592 3 43 200000193 277103151 16 
2020-12-29T20:14:25 0 0 경기76아8592 3 43 200000193 277103151 16 
2020-12-29T20:15:24 0 0 경기76아8592 3 43 200000193 277103679 17 
2020-12-29T20:16:24 0 0 경기76아8592 3 43 200000193 277103679 17 
2020-12-29T20:17:23 0 0 경기76아8592 3 43 200000193 277103441 18 
2020-12-29T20:18:23 0 0 경기76아8592 3 43 200000193 277104177 19 
2020-12-29T20:19:23 0 0 경기76아8592 3 43 200000193 277103388 20 
2020-12-29T20:20:23 0 0 경기76아8592 3 43 200000193 277103388 20 
2020-12-29T20:21:22 0 0 경기76아8592 3 43 200000193 277103390 21 
2020-12-29T20:22:22 0 0 경기76아8592 3 43 200000193 277103390 21 
2020-12-29T20:23:22 0 0 경기76아8592 3 43 200000193 121000034 22 
2020-12-29T20:24:22 0 0 경기76아8592 3 43 200000193 121000033 23 
2020-12-29T20:25:22 0 0 경기76아8592 3 43 200000193 121000033 23 
2020-12-29T20:26:21 0 0 경기76아8592 3 43 200000193 121000033 23 
2020-12-29T20:27:21 0 0 경기76아8592 3 43 200000193 121000033 23 
2020-12-29T20:28:21 0 0 경기76아8592 3 43 200000193 121000033 23 
2020-12-29T20:29:21 0 0 경기76아8592 3 43 200000193 121000033 23 
2020-12-29T20:30:20 0 0 경기76아8592 3 43 200000193 121000033 23 
2020-12-29T20:31:20 0 0 경기76아8592 3 41 200000193 121000929 24 
2020-12-29T20:32:20 0 0 경기76아8592 3 41 200000193 121000929 24 
2020-12-29T20:33:20 0 0 경기76아8592 3 41 200000193 277104257 25 
2020-12-29T20:34:19 0 0 경기76아8592 3 41 200000193 277104257 25 
2020-12-29T20:35:19 0 0 경기76아8592 3 41 200000193 277104257 25 
2020-12-29T20:36:19 0 0 경기76아8592 3 42 200000193 121000937 26 
2020-12-29T20:37:19 0 0 경기76아8592 3 42 200000193 277101612 27 
2020-12-29T20:38:18 0 0 경기76아8592 3 42 200000193 121000920 28 
2020-12-29T20:39:17 0 0 경기76아8592 3 42 200000193 121000056 29 
2020-12-29T20:40:17 0 0 경기76아8592 3 42 200000193 121000056 29 
2020-12-29T20:41:16 0 0 경기76아8592 3 42 200000193 121000056 29 
2020-12-29T20:42:15 0 0 경기76아8592 3 42 200000193 121000969 30 
2020-12-29T20:43:15 0 0 경기76아8592 3 42 200000193 121000969 30 
2020-12-29T20:44:14 0 0 경기76아8592 3 42 200000193 277104385 31 
2020-12-29T20:45:14 0 0 경기76아8592 3 42 200000193 121000220 32 
2020-12-29T20:46:14 0 0 경기76아8592 3 42 200000193 121000220 32 
2020-12-29T20:47:14 0 0 경기76아8592 3 42 200000193 121000220 32 
2020-12-29T20:48:13 0 0 경기76아8592 3 42 200000193 277103387 33 
2020-12-29T20:49:12 0 0 경기76아8592 3 42 200000193 277103387 33 
2020-12-29T20:50:12 0 0 경기76아8592 3 42 200000193 277104178 34 
2020-12-29T20:51:12 0 0 경기76아8592 3 42 200000193 277103440 35 
2020-12-29T20:52:12 0 0 경기76아8592 3 42 200000193 277103440 35 
2020-12-29T20:53:12 0 0 경기76아8592 3 42 200000193 277103678 36 
2020-12-29T20:54:11 0 0 경기76아8592 3 42 200000193 277103150 37 
2020-12-29T20:55:11 0 0 경기76아8592 3 42 200000193 277103150 37 
2020-12-29T20:56:11 0 0 경기76아8592 3 42 200000193 277103150 37 
2020-12-29T20:57:10 0 0 경기76아8592 3 42 200000193 277103385 38 
2020-12-29T20:58:10 0 0 경기76아8592 3 42 200000193 277103385 38 
2020-12-29T20:59:09 0 0 경기76아8592 3 42 200000193 277103442 39 
2020-12-29T21:00:09 0 0 경기76아8592 3 42 200000193 277103442 39 
2020-12-29T21:01:09 0 0 경기76아8592 3 42 200000193 277103442 39 
2020-12-29T21:02:08 0 0 경기76아8592 3 42 200000193 277103360 40 
2020-12-29T21:03:08 0 0 경기76아8592 3 42 200000193 277103362 41 
2020-12-29T21:04:08 0 0 경기76아8592 3 42 200000193 277103362 41 
2020-12-29T21:05:08 0 0 경기76아8592 3 42 200000193 277103362 41 
2020-12-29T21:06:08 0 0 경기76아8592 3 42 200000193 277103362 41 
2020-12-29T21:07:07 0 0 경기76아8592 3 42 200000193 277101636 42 
2020-12-29T21:08:07 0 0 경기76아8592 3 42 200000193 277101636 42 
2020-12-29T21:09:06 0 0 경기76아8592 3 42 200000193 277101636 42 
2020-12-29T21:10:06 0 0 경기76아8592 3 42 200000193 277103444 43 
2020-12-29T21:11:06 0 0 경기76아8592 3 42 200000193 277103444 43 
2020-12-29T21:12:06 0 0 경기76아8592 3 42 200000193 277103444 43 
2020-12-29T21:13:05 0 0 경기76아8592 3 42 200000193 277103449 44 
2020-12-29T21:14:05 0 0 경기76아8592 3 42 200000193 277103449 44 
2020-12-29T21:15:04 0 0 경기76아8592 3 42 200000193 277103449 44 
2020-12-29T21:16:04 0 0 경기76아8592 3 42 200000193 277103449 44 
2020-12-29T21:17:04 0 0 경기76아8592 3 42 200000193 277103449 44 
2020-12-29T21:18:04 0 0 경기76아8592 3 43 200000193 223000199 45 
2020-12-29T21:19:04 0 0 경기76아8592 3 43 200000193 223000199 45 
2020-12-29T21:20:03 0 0 경기76아8592 3 44 200000193 223000094 46 
2020-12-29T21:21:02 0 0 경기76아8592 3 44 200000193 223000094 46 
2020-12-29T21:22:02 0 0 경기76아8592 3 44 200000193 223000093 47 
2020-12-29T21:23:02 0 0 경기76아8592 3 44 200000193 223000093 47 
2020-12-29T21:24:01 0 0 경기76아8592 3 44 200000193 223000093 47 
2020-12-29T21:25:01 0 0 경기76아8592 3 44 200000193 223000537 48 
2020-12-29T21:26:01 0 0 경기76아8592 3 44 200000193 223000537 48 
2020-12-29T21:27:00 0 0 경기76아8592 3 44 200000193 223000537 48 
2020-12-29T21:28:00 0 0 경기76아8592 3 44 200000193 223000098 50 
2020-12-29T21:29:00 0 0 경기76아8592 3 44 200000193 223000097 51 
