234000050 2020-12-08T00:00:42.177637+09:00
2020-12-08T13:17:25 0 0 경기74사1079 3 42 234000050 208000156 47 
2020-12-08T13:17:25 0 0 경기74사1089 3 38 234000050 277103157 30 
2020-12-08T13:17:25 0 0 경기74사1081 3 40 234000050 209000018 35 
2020-12-08T13:17:25 0 0 경기74사1075 3 41 234000050 104000069 75 
2020-12-08T13:17:25 0 0 경기74사1065 3 40 234000050 226000190 29 
2020-12-08T13:17:25 0 0 경기74사1073 3 45 234000050 221000073 83 
2020-12-08T13:17:25 0 0 경기74사1059 3 39 234000050 277102674 11 
2020-12-08T13:17:25 0 0 경기74사1091 3 41 234000050 123000016 23 
2020-12-08T13:17:25 0 0 경기74사1080 3 34 234000050 204000091 64 
2020-12-08T13:17:25 0 0 경기74사1090 3 45 234000050 208000069 43 
2020-12-08T13:17:25 0 0 경기74사1062 3 34 234000050 204000092 25 
2020-12-08T13:17:25 0 0 경기74사1074 3 44 234000050 123000012 21 
2020-12-08T13:17:25 0 0 경기74사1066 3 44 234000050 221000026 8 
2020-12-08T13:17:25 0 0 경기74사1070 3 43 234000050 123000002 16 
2020-12-08T13:17:25 0 0 경기74사1082 3 28 234000050 277103156 59 
2020-12-08T13:17:25 0 0 경기74사1086 3 31 234000050 209000016 54 
2020-12-08T13:17:25 0 0 경기74사1076 3 40 234000050 123000009 70 
