233000142 2020-12-16T09:25:52.531976+09:00
2020-12-17T06:50:47 0 0 경기76아3376 3 45 233000142 233002438 1 
2020-12-17T06:51:47 0 0 경기76아3376 3 45 233000142 233002419 2 
2020-12-17T06:52:46 0 0 경기76아3376 3 45 233000142 233002419 2 
2020-12-17T06:53:46 0 0 경기76아3376 3 45 233000142 233002419 2 
2020-12-17T06:54:45 0 0 경기76아3376 3 45 233000142 233002420 3 
2020-12-17T06:55:45 0 0 경기76아3376 3 39 233000142 233002420 3 
2020-12-17T06:56:44 0 0 경기76아3376 3 39 233000142 233002420 3 
2020-12-17T06:57:43 0 0 경기76아3376 3 39 233000142 233002420 3 
2020-12-17T06:58:42 0 0 경기76아3376 3 37 233000142 233001167 4 
2020-12-17T06:59:42 0 0 경기76아3376 3 37 233000142 233001167 4 
2020-12-17T07:00:41 0 0 경기76아3376 3 37 233000142 233001167 4 
2020-12-17T07:01:40 0 0 경기76아3376 3 37 233000142 233002428 5 
2020-12-17T07:02:39 0 0 경기76아3376 3 37 233000142 233002428 5 
2020-12-17T07:03:38 0 0 경기76아3376 3 37 233000142 233002428 5 
2020-12-17T07:04:37 0 0 경기76아3376 3 37 233000142 233002423 6 
2020-12-17T07:05:37 0 0 경기76아3376 3 35 233000142 233002423 6 
2020-12-17T07:06:37 0 0 경기76아3376 3 35 233000142 233002423 6 
2020-12-17T07:07:37 0 0 경기76아3376 3 35 233000142 233002423 6 
2020-12-17T07:08:36 0 0 경기76아3376 3 35 233000142 233000960 7 
2020-12-17T07:09:36 0 0 경기76아3376 3 34 233000142 233000960 7 
2020-12-17T07:10:35 0 0 경기76아3376 3 32 233000142 233002435 8 
2020-12-17T07:11:34 0 0 경기76아3376 3 30 233000142 233000961 9 
2020-12-17T07:12:34 0 0 경기76아3541 3 45 233000142 233002419 2 
2020-12-17T07:12:34 0 0 경기76아3376 3 30 233000142 233000127 10 
2020-12-17T07:13:34 0 0 경기76아3541 3 45 233000142 233002419 2 
2020-12-17T07:13:34 0 0 경기76아3376 3 30 233000142 233000127 10 
2020-12-17T07:14:33 0 0 경기76아3541 3 45 233000142 233002419 2 
2020-12-17T07:14:33 0 0 경기76아3376 3 30 233000142 233000127 10 
2020-12-17T07:15:32 0 0 경기76아3541 3 45 233000142 233002419 2 
2020-12-17T07:15:32 0 0 경기76아3376 3 30 233000142 233000127 10 
2020-12-17T07:16:32 0 0 경기76아3376 3 30 233000142 233000121 11 
2020-12-17T07:16:32 0 0 경기76아3541 3 42 233000142 233002420 3 
2020-12-17T07:17:32 0 0 경기76아3541 3 42 233000142 233002420 3 
2020-12-17T07:17:32 0 0 경기76아3376 3 28 233000142 233000121 11 
2020-12-17T07:18:32 0 0 경기76아3541 3 42 233000142 233002420 3 
2020-12-17T07:18:32 0 0 경기76아3376 3 28 233000142 233000122 12 
2020-12-17T07:19:32 0 0 경기76아3376 3 28 233000142 233000122 12 
2020-12-17T07:19:32 0 0 경기76아3541 3 42 233000142 233001167 4 
2020-12-17T07:20:32 0 0 경기76아3541 3 41 233000142 233002428 5 
2020-12-17T07:20:32 0 0 경기76아3376 3 28 233000142 233000063 13 
2020-12-17T07:21:31 0 0 경기76아3541 3 41 233000142 233002428 5 
2020-12-17T07:21:31 0 0 경기76아3376 3 28 233000142 233000063 13 
2020-12-17T07:22:29 0 0 경기76아3541 3 41 233000142 233002428 5 
2020-12-17T07:22:29 0 0 경기76아3376 3 28 233000142 233002017 14 
2020-12-17T07:23:29 0 0 경기76아3541 3 41 233000142 233002428 5 
2020-12-17T07:23:29 0 0 경기76아3376 3 28 233000142 233002017 14 
2020-12-17T07:24:30 0 0 경기76아3541 3 41 233000142 233002428 5 
2020-12-17T07:24:30 0 0 경기76아3376 3 28 233000142 233000145 15 
2020-12-17T07:25:30 0 0 경기76아3541 3 41 233000142 233002428 5 
2020-12-17T07:25:30 0 0 경기76아3376 3 28 233000142 228001145 16 
2020-12-17T07:26:28 0 0 경기76아3376 3 28 233000142 277102516 17 
2020-12-17T07:26:28 0 0 경기76아3541 3 41 233000142 233002423 6 
2020-12-17T07:27:28 0 0 경기76아3376 3 28 233000142 277102516 17 
2020-12-17T07:27:28 0 0 경기76아3541 3 40 233000142 233000960 7 
2020-12-17T07:28:27 0 0 경기76아3376 3 28 233000142 277102516 17 
2020-12-17T07:28:27 0 0 경기76아3541 3 40 233000142 233000960 7 
2020-12-17T07:29:27 0 0 경기76아3541 3 40 233000142 233000960 7 
2020-12-17T07:29:27 0 0 경기76아3376 3 28 233000142 277102516 17 
2020-12-17T07:30:27 0 0 경기76아3376 3 28 233000142 277103363 18 
2020-12-17T07:30:27 0 0 경기76아3541 3 38 233000142 233002435 8 
2020-12-17T07:31:26 0 0 경기76아3541 3 35 233000142 233000961 9 
2020-12-17T07:31:26 0 0 경기76아3376 3 28 233000142 277103363 18 
2020-12-17T07:32:25 0 0 경기76아3541 3 35 233000142 233000961 9 
2020-12-17T07:32:25 0 0 경기76아3376 3 28 233000142 277103361 19 
2020-12-17T07:33:25 0 0 경기76아3376 3 28 233000142 277103361 19 
2020-12-17T07:33:25 0 0 경기76아3541 3 35 233000142 233000127 10 
2020-12-17T07:34:25 0 0 경기76아3376 3 28 233000142 277103361 19 
2020-12-17T07:34:25 0 0 경기76아3541 3 33 233000142 233000127 10 
2020-12-17T07:35:24 0 0 경기76아3541 3 33 233000142 233000127 10 
2020-12-17T07:35:24 0 0 경기76아3376 3 28 233000142 277103443 20 
2020-12-17T07:36:24 0 0 경기76아3541 3 33 233000142 233000127 10 
2020-12-17T07:36:24 0 0 경기76아3376 3 28 233000142 277103443 20 
2020-12-17T07:37:23 0 0 경기76아3376 3 28 233000142 277103443 20 
2020-12-17T07:37:23 0 0 경기76아3541 3 33 233000142 233000121 11 
2020-12-17T07:38:22 0 0 경기76아3376 3 28 233000142 277103443 20 
2020-12-17T07:38:22 0 0 경기76아3541 3 29 233000142 233000122 12 
2020-12-17T07:39:23 0 0 경기76아3541 3 29 233000142 233000122 12 
2020-12-17T07:39:23 0 0 경기76아3376 3 28 233000142 277103386 21 
2020-12-17T07:40:21 0 0 경기76아3376 3 28 233000142 277103386 21 
2020-12-17T07:40:21 0 0 경기76아3541 3 29 233000142 233000122 12 
2020-12-17T07:41:22 0 0 경기76아3541 3 29 233000142 233000122 12 
2020-12-17T07:41:22 0 0 경기76아3376 3 28 233000142 277103386 21 
2020-12-17T07:42:21 0 0 경기76아3541 3 29 233000142 233000122 12 
2020-12-17T07:42:21 0 0 경기76아3376 3 28 233000142 277103151 22 
2020-12-17T07:43:20 0 0 경기76아3541 3 29 233000142 233000063 13 
2020-12-17T07:43:20 0 0 경기76아3376 3 28 233000142 277103679 23 
2020-12-17T07:44:19 0 0 경기76아3376 3 28 233000142 277103679 23 
2020-12-17T07:44:19 0 0 경기76아3541 3 29 233000142 233002017 14 
2020-12-17T07:45:19 0 0 경기76아3376 3 28 233000142 277103679 23 
2020-12-17T07:45:19 0 0 경기76아3541 3 26 233000142 233002017 14 
2020-12-17T07:46:19 0 0 경기76아3376 3 28 233000142 277103441 24 
2020-12-17T07:46:19 0 0 경기76아3541 3 26 233000142 228001145 16 
2020-12-17T07:47:18 0 0 경기76아3376 3 28 233000142 277103441 24 
2020-12-17T07:47:18 0 0 경기76아3541 3 26 233000142 228001145 16 
2020-12-17T07:48:17 0 0 경기76아3541 3 26 233000142 277102516 17 
2020-12-17T07:48:17 0 0 경기76아3376 3 28 233000142 277104177 25 
2020-12-17T07:49:17 0 0 경기76아3376 3 28 233000142 277104177 25 
2020-12-17T07:49:17 0 0 경기76아3541 3 26 233000142 277102516 17 
2020-12-17T07:50:16 0 0 경기76아3541 3 26 233000142 277102516 17 
2020-12-17T07:50:16 0 0 경기76아3376 3 28 233000142 277103388 26 
2020-12-17T07:51:16 0 0 경기76아3376 3 28 233000142 277103388 26 
2020-12-17T07:51:16 0 0 경기76아3541 3 26 233000142 277103363 18 
2020-12-17T07:52:15 0 0 경기76아3376 3 28 233000142 277103388 26 
2020-12-17T07:52:15 0 0 경기76아3541 3 26 233000142 277103363 18 
2020-12-17T07:53:14 0 0 경기76아3376 3 28 233000142 277103390 27 
2020-12-17T07:53:14 0 0 경기76아3541 3 26 233000142 277103361 19 
2020-12-17T07:54:15 0 0 경기76아3376 3 28 233000142 277103390 27 
2020-12-17T07:54:15 0 0 경기76아3541 3 26 233000142 277103361 19 
2020-12-17T07:55:14 0 0 경기76아3541 3 26 233000142 277103361 19 
2020-12-17T07:55:14 0 0 경기76아3376 3 28 233000142 277103390 27 
2020-12-17T07:56:13 0 0 경기76아3376 3 28 233000142 121000086 28 
2020-12-17T07:56:13 0 0 경기76아3541 3 26 233000142 277103443 20 
2020-12-17T07:57:12 0 0 경기76아3541 3 26 233000142 277103443 20 
2020-12-17T07:57:12 0 0 경기76아3376 3 28 233000142 121000086 28 
2020-12-17T07:58:11 0 0 경기76아3541 3 26 233000142 277103443 20 
2020-12-17T07:58:11 0 0 경기76아3376 3 29 233000142 121000941 29 
2020-12-17T07:59:10 0 0 경기76아3376 3 29 233000142 121000941 29 
2020-12-17T07:59:10 0 0 경기76아3541 3 26 233000142 277103386 21 
2020-12-17T08:00:10 0 0 경기76아3541 3 26 233000142 277103386 21 
2020-12-17T08:00:10 0 0 경기76아3376 3 38 233000142 121000941 29 
2020-12-17T08:01:09 0 0 경기76아3541 3 26 233000142 277103386 21 
2020-12-17T08:01:09 0 0 경기76아3376 3 37 233000142 277102911 30 
2020-12-17T08:02:08 0 0 경기76아3376 3 37 233000142 277102911 30 
2020-12-17T08:02:08 0 0 경기76아3541 3 26 233000142 277103151 22 
2020-12-17T08:03:08 0 0 경기76아3376 3 37 233000142 277102911 30 
2020-12-17T08:03:08 0 0 경기76아3541 3 26 233000142 277103679 23 
2020-12-17T08:04:09 0 0 경기76아3541 3 26 233000142 277103679 23 
2020-12-17T08:04:09 0 0 경기76아3376 3 37 233000142 121000009 31 
2020-12-17T08:05:07 0 0 경기76아3376 3 37 233000142 121000009 31 
2020-12-17T08:05:07 0 0 경기76아3541 3 26 233000142 277103441 24 
2020-12-17T08:06:07 0 0 경기76아3541 3 26 233000142 277103441 24 
2020-12-17T08:06:07 0 0 경기76아3376 3 39 233000142 277101612 32 
2020-12-17T08:07:06 0 0 경기76아3376 3 39 233000142 277101612 32 
2020-12-17T08:07:06 0 0 경기76아3541 3 26 233000142 277104177 25 
2020-12-17T08:08:05 0 0 경기76아3541 3 26 233000142 277103388 26 
2020-12-17T08:08:05 0 0 경기76아3376 3 39 233000142 121000007 33 
2020-12-17T08:09:05 0 0 경기76아3376 3 39 233000142 121000007 33 
2020-12-17T08:09:05 0 0 경기76아3541 3 26 233000142 277103388 26 
2020-12-17T08:10:04 0 0 경기76아3376 3 38 233000142 121000007 33 
2020-12-17T08:10:04 0 0 경기76아3541 3 27 233000142 277103390 27 
2020-12-17T08:11:05 0 0 경기76아3541 3 27 233000142 277103390 27 
2020-12-17T08:11:05 0 0 경기76아3376 3 37 233000142 121000005 34 
2020-12-17T08:12:04 0 0 경기76아3541 3 27 233000142 277103390 27 
2020-12-17T08:12:04 0 0 경기76아3376 3 37 233000142 121000005 34 
2020-12-17T08:13:04 0 0 경기76아3376 3 37 233000142 121000005 34 
2020-12-17T08:13:04 0 0 경기76아3541 3 27 233000142 121000086 28 
2020-12-17T08:14:03 0 0 경기76아3541 3 27 233000142 121000086 28 
2020-12-17T08:14:03 0 0 경기76아3376 3 37 233000142 121000003 35 
2020-12-17T08:15:03 0 0 경기76아3541 3 27 233000142 121000086 28 
2020-12-17T08:15:03 0 0 경기76아3376 3 37 233000142 121000003 35 
2020-12-17T08:16:02 0 0 경기76아3376 3 36 233000142 121000001 36 
2020-12-17T08:16:02 0 0 경기76아3541 3 29 233000142 121000086 28 
2020-12-17T08:17:02 0 0 경기76아3376 3 36 233000142 121000001 36 
2020-12-17T08:17:02 0 0 경기76아3541 3 32 233000142 121000941 29 
2020-12-17T08:18:01 0 0 경기76아3376 3 36 233000142 121000001 36 
2020-12-17T08:18:01 0 0 경기76아3541 3 32 233000142 121000941 29 
2020-12-17T08:19:01 0 0 경기76아3376 3 36 233000142 121000001 36 
2020-12-17T08:19:01 0 0 경기76아3541 3 32 233000142 277102911 30 
2020-12-17T08:20:01 0 0 경기76아3541 3 33 233000142 121000009 31 
2020-12-17T08:20:01 0 0 경기76아3376 3 36 233000142 121000220 37 
2020-12-17T08:21:00 0 0 경기76아3541 3 33 233000142 121000009 31 
2020-12-17T08:21:00 0 0 경기76아3376 3 36 233000142 121000220 37 
2020-12-17T08:21:59 0 0 경기76아3376 3 36 233000142 121000220 37 
2020-12-17T08:21:59 0 0 경기76아3541 3 36 233000142 277101612 32 
2020-12-17T08:22:59 0 0 경기76아3541 3 36 233000142 277101612 32 
2020-12-17T08:22:59 0 0 경기76아3376 3 36 233000142 121000220 37 
2020-12-17T08:23:58 0 0 경기76아3376 3 36 233000142 121000220 37 
2020-12-17T08:23:58 0 0 경기76아3541 3 37 233000142 277101612 32 
2020-12-17T08:24:58 0 0 경기76아3541 3 38 233000142 121000007 33 
2020-12-17T08:24:58 0 0 경기76아3376 3 36 233000142 277103387 38 
2020-12-17T08:25:57 0 0 경기76아3541 3 38 233000142 121000007 33 
2020-12-17T08:25:57 0 0 경기76아3376 3 36 233000142 277103387 38 
2020-12-17T08:26:56 0 0 경기76아3376 3 36 233000142 277104178 39 
2020-12-17T08:26:56 0 0 경기76아3541 3 38 233000142 121000005 34 
2020-12-17T08:27:56 0 0 경기76아3376 3 36 233000142 277104178 39 
2020-12-17T08:27:56 0 0 경기76아3541 3 38 233000142 121000005 34 
2020-12-17T08:28:56 0 0 경기76아3376 3 36 233000142 277103440 40 
2020-12-17T08:28:56 0 0 경기76아3541 3 38 233000142 121000005 34 
2020-12-17T08:29:56 0 0 경기76아3376 3 36 233000142 277103440 40 
2020-12-17T08:29:56 0 0 경기76아3541 3 38 233000142 121000005 34 
2020-12-17T08:30:55 0 0 경기76아3376 3 36 233000142 277103678 41 
2020-12-17T08:30:55 0 0 경기76아3541 3 39 233000142 121000003 35 
2020-12-17T08:31:54 0 0 경기76아3541 3 40 233000142 121000003 35 
2020-12-17T08:31:54 0 0 경기76아3376 3 36 233000142 277103678 41 
2020-12-17T08:32:53 0 0 경기76아3541 3 40 233000142 121000003 35 
2020-12-17T08:32:53 0 0 경기76아3376 3 36 233000142 277103150 42 
2020-12-17T08:33:52 0 0 경기76아3376 3 36 233000142 277103150 42 
2020-12-17T08:33:52 0 0 경기76아3541 3 40 233000142 121000001 36 
2020-12-17T08:34:52 0 0 경기76아3376 3 36 233000142 277103150 42 
2020-12-17T08:34:52 0 0 경기76아3541 3 40 233000142 121000001 36 
2020-12-17T08:35:51 0 0 경기76아3541 3 40 233000142 121000001 36 
2020-12-17T08:35:51 0 0 경기76아3376 3 36 233000142 277103385 43 
2020-12-17T08:36:50 0 0 경기76아3376 3 36 233000142 277103385 43 
2020-12-17T08:36:50 0 0 경기76아3541 3 41 233000142 121000220 37 
2020-12-17T08:37:49 0 0 경기76아3376 3 36 233000142 277103385 43 
2020-12-17T08:37:49 0 0 경기76아3541 3 42 233000142 121000220 37 
2020-12-17T08:38:48 0 0 경기76아3541 3 42 233000142 121000220 37 
2020-12-17T08:38:48 0 0 경기76아3376 3 36 233000142 277103442 44 
2020-12-17T08:39:47 0 0 경기76아3376 3 36 233000142 277103442 44 
2020-12-17T08:39:47 0 0 경기76아3541 3 42 233000142 121000220 37 
2020-12-17T08:40:46 0 0 경기76아3376 3 36 233000142 277103442 44 
2020-12-17T08:40:46 0 0 경기76아3541 3 42 233000142 277103387 38 
2020-12-17T08:41:45 0 0 경기76아3541 3 42 233000142 277103387 38 
2020-12-17T08:41:45 0 0 경기76아3376 3 36 233000142 277103442 44 
2020-12-17T08:42:45 0 0 경기76아3541 3 42 233000142 277104178 39 
2020-12-17T08:42:45 0 0 경기76아3376 3 36 233000142 277103360 45 
2020-12-17T08:43:45 0 0 경기76아3376 3 36 233000142 277103360 45 
2020-12-17T08:43:45 0 0 경기76아3541 3 42 233000142 277103440 40 
2020-12-17T08:44:44 0 0 경기76아3541 3 42 233000142 277103440 40 
2020-12-17T08:44:44 0 0 경기76아3376 3 36 233000142 277103362 46 
2020-12-17T08:45:44 0 0 경기76아3376 3 36 233000142 277103362 46 
2020-12-17T08:45:44 0 0 경기76아3541 3 42 233000142 277103678 41 
2020-12-17T08:46:43 0 0 경기76아3376 3 36 233000142 277103362 46 
2020-12-17T08:46:43 0 0 경기76아3541 3 42 233000142 277103678 41 
2020-12-17T08:47:42 0 0 경기76아3376 3 36 233000142 277103362 46 
2020-12-17T08:47:42 0 0 경기76아3541 3 42 233000142 277103150 42 
2020-12-17T08:48:42 0 0 경기76아3541 3 42 233000142 277103150 42 
2020-12-17T08:48:42 0 0 경기76아3376 3 36 233000142 277103362 46 
2020-12-17T08:49:41 0 0 경기76아3376 3 36 233000142 277103362 46 
2020-12-17T08:49:41 0 0 경기76아3541 3 42 233000142 277103385 43 
2020-12-17T08:50:41 0 0 경기76아3541 3 42 233000142 277103385 43 
2020-12-17T08:50:41 0 0 경기76아3376 3 39 233000142 233000140 48 
2020-12-17T08:51:40 0 0 경기76아3541 3 42 233000142 277103385 43 
2020-12-17T08:51:40 0 0 경기76아3376 3 40 233000142 233002165 49 
2020-12-17T08:52:39 0 0 경기76아3376 3 40 233000142 233002165 49 
2020-12-17T08:52:39 0 0 경기76아3541 3 42 233000142 277103442 44 
2020-12-17T08:53:38 0 0 경기76아3376 3 40 233000142 233002165 49 
2020-12-17T08:53:38 0 0 경기76아3541 3 42 233000142 277103442 44 
2020-12-17T08:54:39 0 0 경기76아3541 3 42 233000142 277103442 44 
2020-12-17T08:54:39 0 0 경기76아3376 3 40 233000142 233002165 49 
2020-12-17T08:55:38 0 0 경기76아3376 3 40 233000142 233002165 49 
2020-12-17T08:55:38 0 0 경기76아3541 3 42 233000142 277103360 45 
2020-12-17T08:56:38 0 0 경기76아3541 3 42 233000142 277103360 45 
2020-12-17T08:56:38 0 0 경기76아3376 3 40 233000142 233001902 50 
2020-12-17T08:57:37 0 0 경기76아3376 3 40 233000142 233001902 50 
2020-12-17T08:57:37 0 0 경기76아3541 3 42 233000142 277103362 46 
2020-12-17T08:58:37 0 0 경기76아3541 3 42 233000142 277103362 46 
2020-12-17T08:58:37 0 0 경기76아3376 3 40 233000142 233001166 51 
2020-12-17T08:59:36 0 0 경기76아3541 3 42 233000142 277103362 46 
2020-12-17T08:59:36 0 0 경기76아3376 3 40 233000142 233001166 51 
2020-12-17T09:00:36 0 0 경기76아3541 3 42 233000142 277103362 46 
2020-12-17T09:00:36 0 0 경기76아3376 3 40 233000142 233001493 52 
2020-12-17T09:01:35 0 0 경기76아3541 3 42 233000142 277103362 46 
2020-12-17T09:01:35 0 0 경기76아3376 3 40 233000142 233001492 53 
2020-12-17T09:02:35 0 0 경기76아3376 3 40 233000142 233001492 53 
2020-12-17T09:02:35 0 0 경기76아3541 3 42 233000142 277103362 46 
2020-12-17T09:03:35 0 0 경기76아3541 3 42 233000142 233002165 49 
2020-12-17T09:03:35 0 0 경기76아3376 3 40 233000142 233001492 53 
2020-12-17T09:04:34 0 0 경기76아3541 3 42 233000142 233002165 49 
2020-12-17T09:04:34 0 0 경기76아3376 3 41 233000142 233001491 54 
2020-12-17T09:05:33 0 0 경기76아3376 3 41 233000142 233000430 55 
2020-12-17T09:05:33 0 0 경기76아3541 3 43 233000142 233002165 49 
2020-12-17T09:06:34 0 0 경기76아3376 3 41 233000142 233000430 55 
2020-12-17T09:06:34 0 0 경기76아3541 3 43 233000142 233002165 49 
2020-12-17T09:07:33 0 0 경기76아3541 3 43 233000142 233001902 50 
2020-12-17T09:07:33 0 0 경기76아3376 3 41 233000142 233001168 56 
2020-12-17T09:08:32 0 0 경기76아3541 3 43 233000142 233001902 50 
2020-12-17T09:09:31 0 0 경기76아3541 3 43 233000142 233001166 51 
2020-12-17T09:10:30 0 0 경기76아3541 3 43 233000142 233001166 51 
2020-12-17T09:11:30 0 0 경기76아3541 3 43 233000142 233001493 52 
2020-12-17T09:12:29 0 0 경기76아3541 3 44 233000142 233001492 53 
2020-12-17T09:13:28 0 0 경기76아3541 3 44 233000142 233001492 53 
2020-12-17T09:14:28 0 0 경기76아3541 3 44 233000142 233001492 53 
2020-12-17T09:15:28 0 0 경기76아3541 3 44 233000142 233001491 54 
2020-12-17T09:16:27 0 0 경기76아3541 3 44 233000142 233000430 55 
2020-12-17T09:17:26 0 0 경기76아3541 3 44 233000142 233000430 55 
2020-12-17T09:18:26 0 0 경기76아3541 3 44 233000142 233001168 56 
