233000142 2020-12-20T07:10:02.439500+09:00
2020-12-21T06:51:14 0 0 경기76아3541 3 45 233000142 233002438 1 
2020-12-21T06:52:14 0 0 경기76아3541 3 45 233000142 233002438 1 
2020-12-21T06:53:13 0 0 경기76아3541 3 45 233000142 233002438 1 
2020-12-21T06:54:12 0 0 경기76아3541 3 44 233000142 233002419 2 
2020-12-21T06:55:12 0 0 경기76아3541 3 44 233000142 233002419 2 
2020-12-21T06:56:11 0 0 경기76아3541 3 44 233000142 233002419 2 
2020-12-21T06:57:11 0 0 경기76아3541 3 44 233000142 233002419 2 
2020-12-21T06:58:11 0 0 경기76아3541 3 36 233000142 233002420 3 
2020-12-21T06:59:11 0 0 경기76아3541 3 36 233000142 233002420 3 
2020-12-21T07:00:10 0 0 경기76아3541 3 36 233000142 233002420 3 
2020-12-21T07:01:09 0 0 경기76아3541 3 36 233000142 233001167 4 
2020-12-21T07:02:09 0 0 경기76아3541 3 36 233000142 233001167 4 
2020-12-21T07:03:09 0 0 경기76아3541 3 33 233000142 233001167 4 
2020-12-21T07:04:08 0 0 경기76아3541 3 33 233000142 233001167 4 
2020-12-21T07:05:08 0 0 경기76아3541 3 33 233000142 233002428 5 
2020-12-21T07:06:08 0 0 경기76아3541 3 33 233000142 233002428 5 
2020-12-21T07:07:07 0 0 경기76아3541 3 33 233000142 233002428 5 
2020-12-21T07:08:06 0 0 경기76아3541 3 33 233000142 233002423 6 
2020-12-21T07:09:06 0 0 경기76아3541 3 33 233000142 233002423 6 
2020-12-21T07:10:05 0 0 경기76아3541 3 31 233000142 233002423 6 
2020-12-21T07:11:04 0 0 경기76아3364 3 45 233000142 233002438 1 
2020-12-21T07:11:04 0 0 경기76아3541 3 31 233000142 233002423 6 
2020-12-21T07:12:04 0 0 경기76아3364 3 45 233000142 233002438 1 
2020-12-21T07:12:04 0 0 경기76아3541 3 31 233000142 233000960 7 
2020-12-21T07:13:03 0 0 경기76아3364 3 45 233000142 233002419 2 
2020-12-21T07:13:03 0 0 경기76아3541 3 28 233000142 233002435 8 
2020-12-21T07:14:03 0 0 경기76아3364 3 45 233000142 233002419 2 
2020-12-21T07:14:03 0 0 경기76아3541 3 26 233000142 233000961 9 
2020-12-21T07:15:02 0 0 경기76아3364 3 45 233000142 233002419 2 
2020-12-21T07:15:02 0 0 경기76아3541 3 26 233000142 233000127 10 
2020-12-21T07:16:02 0 0 경기76아3364 3 45 233000142 233002420 3 
2020-12-21T07:16:02 0 0 경기76아3541 3 26 233000142 233000127 10 
2020-12-21T07:17:01 0 0 경기76아3364 3 41 233000142 233002420 3 
2020-12-21T07:17:01 0 0 경기76아3541 3 26 233000142 233000121 11 
2020-12-21T07:18:01 0 0 경기76아3364 3 41 233000142 233002420 3 
2020-12-21T07:18:01 0 0 경기76아3541 3 26 233000142 233000122 12 
2020-12-21T07:19:00 0 0 경기76아3364 3 41 233000142 233002420 3 
2020-12-21T07:19:00 0 0 경기76아3541 3 26 233000142 233000122 12 
2020-12-21T07:20:00 0 0 경기76아3364 3 41 233000142 233002428 5 
2020-12-21T07:20:00 0 0 경기76아3541 3 26 233000142 233000122 12 
2020-12-21T07:21:00 0 0 경기76아3364 3 41 233000142 233002428 5 
2020-12-21T07:21:00 0 0 경기76아3541 3 26 233000142 233000063 13 
2020-12-21T07:21:59 0 0 경기76아3364 3 41 233000142 233002428 5 
2020-12-21T07:21:59 0 0 경기76아3541 3 26 233000142 233002017 14 
2020-12-21T07:22:59 0 0 경기76아3364 3 41 233000142 233002428 5 
2020-12-21T07:22:59 0 0 경기76아3541 3 26 233000142 233002017 14 
2020-12-21T07:23:59 0 0 경기76아3364 3 41 233000142 233002428 5 
2020-12-21T07:23:59 0 0 경기76아3541 3 26 233000142 233000145 15 
2020-12-21T07:24:58 0 0 경기76아3364 3 41 233000142 233002428 5 
2020-12-21T07:24:58 0 0 경기76아3541 3 26 233000142 233000145 15 
2020-12-21T07:25:57 0 0 경기76아3364 3 41 233000142 233002428 5 
2020-12-21T07:25:57 0 0 경기76아3541 3 26 233000142 228001145 16 
2020-12-21T07:26:57 0 0 경기76아3364 3 40 233000142 233002423 6 
2020-12-21T07:26:57 0 0 경기76아3541 3 26 233000142 277102516 17 
2020-12-21T07:27:56 0 0 경기76아3364 3 40 233000142 233000960 7 
2020-12-21T07:27:56 0 0 경기76아3541 3 26 233000142 277102516 17 
2020-12-21T07:28:55 0 0 경기76아3364 3 40 233000142 233000960 7 
2020-12-21T07:28:55 0 0 경기76아3541 3 26 233000142 277102516 17 
2020-12-21T07:29:55 0 0 경기76아3364 3 40 233000142 233000960 7 
2020-12-21T07:29:55 0 0 경기76아3541 3 26 233000142 277102516 17 
2020-12-21T07:30:54 0 0 경기76아3364 3 38 233000142 233000961 9 
2020-12-21T07:30:54 0 0 경기76아3541 3 26 233000142 277103363 18 
2020-12-21T07:31:53 0 0 경기76아3364 3 38 233000142 233000961 9 
2020-12-21T07:31:53 0 0 경기76아3541 3 26 233000142 277103363 18 
2020-12-21T07:32:53 0 0 경기76아3364 3 38 233000142 233000961 9 
2020-12-21T07:32:53 0 0 경기76아3541 3 26 233000142 277103363 18 
2020-12-21T07:33:53 0 0 경기76아3364 3 37 233000142 233000127 10 
2020-12-21T07:33:53 0 0 경기76아3541 3 26 233000142 277103361 19 
2020-12-21T07:34:53 0 0 경기76아3364 3 37 233000142 233000127 10 
2020-12-21T07:34:53 0 0 경기76아3541 3 26 233000142 277103361 19 
2020-12-21T07:35:53 0 0 경기76아3364 3 37 233000142 233000127 10 
2020-12-21T07:35:53 0 0 경기76아3541 3 26 233000142 277103361 19 
2020-12-21T07:36:53 0 0 경기76아3364 3 37 233000142 233000127 10 
2020-12-21T07:36:53 0 0 경기76아3541 3 26 233000142 277103443 20 
2020-12-21T07:37:52 0 0 경기76아3364 3 33 233000142 233000121 11 
2020-12-21T07:37:52 0 0 경기76아3541 3 26 233000142 277103443 20 
2020-12-21T07:38:52 0 0 경기76아3364 3 33 233000142 233000122 12 
2020-12-21T07:38:52 0 0 경기76아3541 3 26 233000142 277103443 20 
2020-12-21T07:39:52 0 0 경기76아3364 3 33 233000142 233000122 12 
2020-12-21T07:39:52 0 0 경기76아3541 3 26 233000142 277103386 21 
2020-12-21T07:40:52 0 0 경기76아3364 3 33 233000142 233000122 12 
2020-12-21T07:40:52 0 0 경기76아3541 3 26 233000142 277103386 21 
2020-12-21T07:41:51 0 0 경기76아3364 3 33 233000142 233000122 12 
2020-12-21T07:41:51 0 0 경기76아3541 3 26 233000142 277103386 21 
2020-12-21T07:42:51 0 0 경기76아3364 3 28 233000142 233000063 13 
2020-12-21T07:42:51 0 0 경기76아3541 3 26 233000142 277103151 22 
2020-12-21T07:43:50 0 0 경기76아3364 3 28 233000142 233002017 14 
2020-12-21T07:43:50 0 0 경기76아3541 3 26 233000142 277103151 22 
2020-12-21T07:44:50 0 0 경기76아3364 3 28 233000142 233002017 14 
2020-12-21T07:44:50 0 0 경기76아3541 3 26 233000142 277103151 22 
2020-12-21T07:45:49 0 0 경기76아3364 3 22 233000142 233002017 14 
2020-12-21T07:45:49 0 0 경기76아3541 3 26 233000142 277103151 22 
2020-12-21T07:46:49 0 0 경기76아3364 3 21 233000142 228001145 16 
2020-12-21T07:46:49 0 0 경기76아3541 3 26 233000142 277103151 22 
2020-12-21T07:47:49 0 0 경기76아3364 3 21 233000142 277102516 17 
2020-12-21T07:47:49 0 0 경기76아3541 3 26 233000142 277103151 22 
2020-12-21T07:48:49 0 0 경기76아3364 3 21 233000142 277102516 17 
2020-12-21T07:48:49 0 0 경기76아3541 3 26 233000142 277103151 22 
2020-12-21T07:49:48 0 0 경기76아3364 3 21 233000142 277102516 17 
2020-12-21T07:49:48 0 0 경기76아3541 3 26 233000142 277103151 22 
2020-12-21T07:50:48 0 0 경기76아3364 3 21 233000142 277102516 17 
2020-12-21T07:50:48 0 0 경기76아3541 3 26 233000142 277103151 22 
2020-12-21T07:51:48 0 0 경기76아3364 3 21 233000142 277102516 17 
2020-12-21T07:51:48 0 0 경기76아3541 3 26 233000142 277103151 22 
2020-12-21T07:52:47 0 0 경기76아3364 3 21 233000142 277103363 18 
2020-12-21T07:52:47 0 0 경기76아3541 3 26 233000142 277103679 23 
2020-12-21T07:53:47 0 0 경기76아3364 3 21 233000142 277103363 18 
2020-12-21T07:53:47 0 0 경기76아3541 3 26 233000142 277103679 23 
2020-12-21T07:54:47 0 0 경기76아3364 3 21 233000142 277103361 19 
2020-12-21T07:54:47 0 0 경기76아3541 3 26 233000142 277103679 23 
2020-12-21T07:55:46 0 0 경기76아3364 3 21 233000142 277103361 19 
2020-12-21T07:55:46 0 0 경기76아3541 3 26 233000142 277103679 23 
2020-12-21T07:56:46 0 0 경기76아3364 3 21 233000142 277103443 20 
2020-12-21T07:56:46 0 0 경기76아3541 3 26 233000142 277103679 23 
2020-12-21T07:57:45 0 0 경기76아3364 3 21 233000142 277103443 20 
2020-12-21T07:57:45 0 0 경기76아3541 3 26 233000142 277103679 23 
2020-12-21T07:58:45 0 0 경기76아3364 3 21 233000142 277103443 20 
2020-12-21T07:58:45 0 0 경기76아3541 3 26 233000142 277103679 23 
2020-12-21T07:59:44 0 0 경기76아3364 3 21 233000142 277103386 21 
2020-12-21T07:59:44 0 0 경기76아3541 3 26 233000142 277103679 23 
2020-12-21T08:00:43 0 0 경기76아3364 3 21 233000142 277103386 21 
2020-12-21T08:00:43 0 0 경기76아3541 3 26 233000142 277103441 24 
2020-12-21T08:01:44 0 0 경기76아3364 3 21 233000142 277103386 21 
2020-12-21T08:01:44 0 0 경기76아3541 3 26 233000142 277103441 24 
2020-12-21T08:02:43 0 0 경기76아3364 3 21 233000142 277103151 22 
2020-12-21T08:02:43 0 0 경기76아3541 3 26 233000142 277103441 24 
2020-12-21T08:03:44 0 0 경기76아3364 3 21 233000142 277103151 22 
2020-12-21T08:03:44 0 0 경기76아3541 3 26 233000142 277103441 24 
2020-12-21T08:04:43 0 0 경기76아3364 3 21 233000142 277103151 22 
2020-12-21T08:04:43 0 0 경기76아3541 3 26 233000142 277104177 25 
2020-12-21T08:05:43 0 0 경기76아3364 3 21 233000142 277103151 22 
2020-12-21T08:05:43 0 0 경기76아3541 3 26 233000142 277104177 25 
2020-12-21T08:06:42 0 0 경기76아3364 3 21 233000142 277103151 22 
2020-12-21T08:06:42 0 0 경기76아3541 3 26 233000142 277104177 25 
2020-12-21T08:07:42 0 0 경기76아3364 3 21 233000142 277103151 22 
2020-12-21T08:07:42 0 0 경기76아3541 3 26 233000142 277104177 25 
2020-12-21T08:08:43 0 0 경기76아3364 3 21 233000142 277103679 23 
2020-12-21T08:08:43 0 0 경기76아3541 3 26 233000142 277103388 26 
2020-12-21T08:09:41 0 0 경기76아3364 3 21 233000142 277103679 23 
2020-12-21T08:09:41 0 0 경기76아3541 3 26 233000142 277103388 26 
2020-12-21T08:10:41 0 0 경기76아3364 3 21 233000142 277103679 23 
2020-12-21T08:10:41 0 0 경기76아3541 3 26 233000142 277103388 26 
2020-12-21T08:11:42 0 0 경기76아3364 3 21 233000142 277103679 23 
2020-12-21T08:11:42 0 0 경기76아3541 3 26 233000142 277103390 27 
2020-12-21T08:12:41 0 0 경기76아3364 3 21 233000142 277103679 23 
2020-12-21T08:12:41 0 0 경기76아3541 3 26 233000142 277103390 27 
2020-12-21T08:13:40 0 0 경기76아3364 3 21 233000142 277103679 23 
2020-12-21T08:13:40 0 0 경기76아3541 3 26 233000142 277103390 27 
2020-12-21T08:14:40 0 0 경기76아3364 3 21 233000142 277103679 23 
2020-12-21T08:14:40 0 0 경기76아3541 3 26 233000142 121000086 28 
2020-12-21T08:15:39 0 0 경기76아3364 3 21 233000142 277103679 23 
2020-12-21T08:15:39 0 0 경기76아3541 3 26 233000142 121000086 28 
2020-12-21T08:16:38 0 0 경기76아3364 3 21 233000142 277103441 24 
2020-12-21T08:16:38 0 0 경기76아3541 3 26 233000142 121000086 28 
2020-12-21T08:17:38 0 0 경기76아3364 3 21 233000142 277103441 24 
2020-12-21T08:17:38 0 0 경기76아3541 3 26 233000142 121000086 28 
2020-12-21T08:18:37 0 0 경기76아3364 3 21 233000142 277103441 24 
2020-12-21T08:18:37 0 0 경기76아3541 3 27 233000142 121000941 29 
2020-12-21T08:19:38 0 0 경기76아3364 3 21 233000142 277104177 25 
2020-12-21T08:19:38 0 0 경기76아3541 3 37 233000142 121000941 29 
2020-12-21T08:20:37 0 0 경기76아3364 3 21 233000142 277104177 25 
2020-12-21T08:20:37 0 0 경기76아3541 3 37 233000142 277102911 30 
2020-12-21T08:21:36 0 0 경기76아3364 3 21 233000142 277104177 25 
2020-12-21T08:21:36 0 0 경기76아3541 3 37 233000142 277102911 30 
2020-12-21T08:22:35 0 0 경기76아3364 3 21 233000142 277104177 25 
2020-12-21T08:22:35 0 0 경기76아3541 3 38 233000142 121000009 31 
2020-12-21T08:23:34 0 0 경기76아3364 3 21 233000142 277103388 26 
2020-12-21T08:23:34 0 0 경기76아3541 3 38 233000142 121000009 31 
2020-12-21T08:24:33 0 0 경기76아3364 3 21 233000142 277103388 26 
2020-12-21T08:24:33 0 0 경기76아3541 3 42 233000142 277101612 32 
2020-12-21T08:25:33 0 0 경기76아3364 3 21 233000142 277103388 26 
2020-12-21T08:25:33 0 0 경기76아3541 3 42 233000142 121000007 33 
2020-12-21T08:26:34 0 0 경기76아3364 3 21 233000142 277103390 27 
2020-12-21T08:26:34 0 0 경기76아3541 3 43 233000142 121000007 33 
2020-12-21T08:27:33 0 0 경기76아3364 3 21 233000142 277103390 27 
2020-12-21T08:27:33 0 0 경기76아3541 3 44 233000142 121000007 33 
2020-12-21T08:28:32 0 0 경기76아3364 3 21 233000142 277103390 27 
2020-12-21T08:28:32 0 0 경기76아3541 3 44 233000142 121000005 34 
2020-12-21T08:29:31 0 0 경기76아3364 3 21 233000142 277103390 27 
2020-12-21T08:29:31 0 0 경기76아3541 3 44 233000142 121000005 34 
2020-12-21T08:30:31 0 0 경기76아3364 3 22 233000142 277103390 27 
2020-12-21T08:30:31 0 0 경기76아3541 3 44 233000142 121000005 34 
2020-12-21T08:31:31 0 0 경기76아3364 3 22 233000142 277103390 27 
2020-12-21T08:31:31 0 0 경기76아3541 3 43 233000142 121000003 35 
2020-12-21T08:32:30 0 0 경기76아3364 3 22 233000142 121000086 28 
2020-12-21T08:32:30 0 0 경기76아3541 3 42 233000142 121000003 35 
2020-12-21T08:33:29 0 0 경기76아3364 3 23 233000142 121000086 28 
2020-12-21T08:33:29 0 0 경기76아3541 3 42 233000142 121000003 35 
2020-12-21T08:34:29 0 0 경기76아3364 3 23 233000142 121000086 28 
2020-12-21T08:34:29 0 0 경기76아3541 3 43 233000142 121000001 36 
2020-12-21T08:35:28 0 0 경기76아3364 3 23 233000142 121000086 28 
2020-12-21T08:35:28 0 0 경기76아3541 3 43 233000142 121000001 36 
2020-12-21T08:36:28 0 0 경기76아3364 3 23 233000142 121000086 28 
2020-12-21T08:36:28 0 0 경기76아3541 3 43 233000142 121000220 37 
2020-12-21T08:37:27 0 0 경기76아3364 3 23 233000142 121000086 28 
2020-12-21T08:37:27 0 0 경기76아3541 3 43 233000142 121000220 37 
2020-12-21T08:38:27 0 0 경기76아3364 3 36 233000142 121000941 29 
2020-12-21T08:38:27 0 0 경기76아3541 3 43 233000142 121000220 37 
2020-12-21T08:39:26 0 0 경기76아3364 3 36 233000142 277102911 30 
2020-12-21T08:39:26 0 0 경기76아3541 3 43 233000142 121000220 37 
2020-12-21T08:40:25 0 0 경기76아3364 3 36 233000142 277102911 30 
2020-12-21T08:40:25 0 0 경기76아3541 3 43 233000142 121000220 37 
2020-12-21T08:41:24 0 0 경기76아3364 3 36 233000142 277102911 30 
2020-12-21T08:41:24 0 0 경기76아3541 3 43 233000142 121000220 37 
2020-12-21T08:42:24 0 0 경기76아3364 3 37 233000142 121000009 31 
2020-12-21T08:42:24 0 0 경기76아3541 3 43 233000142 121000220 37 
2020-12-21T08:43:24 0 0 경기76아3364 3 37 233000142 121000009 31 
2020-12-21T08:43:24 0 0 경기76아3541 3 43 233000142 121000220 37 
2020-12-21T08:44:24 0 0 경기76아3364 3 40 233000142 277101612 32 
2020-12-21T08:44:24 0 0 경기76아3541 3 43 233000142 121000220 37 
2020-12-21T08:45:23 0 0 경기76아3364 3 40 233000142 277101612 32 
2020-12-21T08:45:23 0 0 경기76아3541 3 43 233000142 121000220 37 
2020-12-21T08:46:23 0 0 경기76아3364 3 41 233000142 121000007 33 
2020-12-21T08:46:23 0 0 경기76아3541 3 43 233000142 121000220 37 
2020-12-21T08:47:22 0 0 경기76아3364 3 41 233000142 121000007 33 
2020-12-21T08:47:22 0 0 경기76아3541 3 43 233000142 121000220 37 
2020-12-21T08:48:21 0 0 경기76아3364 3 41 233000142 121000007 33 
2020-12-21T08:48:21 0 0 경기76아3541 3 43 233000142 121000220 37 
2020-12-21T08:49:20 0 0 경기76아3364 3 41 233000142 121000005 34 
2020-12-21T08:49:20 0 0 경기76아3541 3 43 233000142 121000220 37 
2020-12-21T08:50:20 0 0 경기76아3364 3 39 233000142 121000005 34 
2020-12-21T08:50:20 0 0 경기76아3541 3 43 233000142 277103387 38 
2020-12-21T08:51:20 0 0 경기76아3364 3 39 233000142 121000005 34 
2020-12-21T08:51:20 0 0 경기76아3541 3 43 233000142 277104178 39 
2020-12-21T08:52:20 0 0 경기76아3364 3 41 233000142 121000003 35 
2020-12-21T08:52:20 0 0 경기76아3541 3 43 233000142 277104178 39 
2020-12-21T08:53:19 0 0 경기76아3364 3 41 233000142 121000001 36 
2020-12-21T08:53:19 0 0 경기76아3541 3 43 233000142 277103440 40 
2020-12-21T08:54:18 0 0 경기76아3364 3 41 233000142 121000001 36 
2020-12-21T08:54:18 0 0 경기76아3541 3 43 233000142 277103678 41 
2020-12-21T08:55:17 0 0 경기76아3364 3 41 233000142 121000001 36 
2020-12-21T08:55:17 0 0 경기76아3541 3 43 233000142 277103678 41 
2020-12-21T08:56:17 0 0 경기76아3364 3 41 233000142 121000001 36 
2020-12-21T08:56:17 0 0 경기76아3541 3 43 233000142 277103150 42 
2020-12-21T08:57:17 0 0 경기76아3364 3 41 233000142 121000220 37 
2020-12-21T08:57:17 0 0 경기76아3541 3 43 233000142 277103150 42 
2020-12-21T08:58:16 0 0 경기76아3364 3 41 233000142 121000220 37 
2020-12-21T08:58:16 0 0 경기76아3541 3 43 233000142 277103150 42 
2020-12-21T08:59:15 0 0 경기76아3364 3 41 233000142 121000220 37 
2020-12-21T08:59:15 0 0 경기76아3541 3 43 233000142 277103385 43 
2020-12-21T09:00:14 0 0 경기76아3364 3 41 233000142 121000220 37 
2020-12-21T09:00:14 0 0 경기76아3541 3 43 233000142 277103385 43 
2020-12-21T09:01:15 0 0 경기76아3364 3 41 233000142 121000220 37 
2020-12-21T09:01:15 0 0 경기76아3541 3 43 233000142 277103385 43 
2020-12-21T09:02:14 0 0 경기76아3364 3 41 233000142 121000220 37 
2020-12-21T09:02:14 0 0 경기76아3541 3 43 233000142 277103442 44 
2020-12-21T09:03:13 0 0 경기76아3364 3 41 233000142 121000220 37 
2020-12-21T09:03:13 0 0 경기76아3541 3 43 233000142 277103442 44 
2020-12-21T09:04:12 0 0 경기76아3364 3 41 233000142 121000220 37 
2020-12-21T09:04:12 0 0 경기76아3541 3 43 233000142 277103360 45 
2020-12-21T09:05:13 0 0 경기76아3364 3 41 233000142 277103387 38 
2020-12-21T09:05:13 0 0 경기76아3541 3 43 233000142 277103360 45 
2020-12-21T09:06:12 0 0 경기76아3364 3 41 233000142 277103387 38 
2020-12-21T09:06:12 0 0 경기76아3541 3 43 233000142 277103362 46 
2020-12-21T09:07:11 0 0 경기76아3364 3 41 233000142 277104178 39 
2020-12-21T09:07:11 0 0 경기76아3541 3 43 233000142 277103362 46 
2020-12-21T09:08:11 0 0 경기76아3364 3 41 233000142 277103440 40 
2020-12-21T09:08:11 0 0 경기76아3541 3 43 233000142 277103362 46 
2020-12-21T09:09:10 0 0 경기76아3364 3 41 233000142 277103440 40 
2020-12-21T09:09:10 0 0 경기76아3541 3 43 233000142 277103362 46 
2020-12-21T09:10:10 0 0 경기76아3364 3 41 233000142 277103678 41 
2020-12-21T09:10:10 0 0 경기76아3541 3 43 233000142 277103362 46 
2020-12-21T09:11:09 0 0 경기76아3364 3 41 233000142 277103678 41 
2020-12-21T09:11:09 0 0 경기76아3541 3 44 233000142 228001189 47 
2020-12-21T09:12:09 0 0 경기76아3364 3 41 233000142 277103150 42 
2020-12-21T09:12:09 0 0 경기76아3541 3 45 233000142 233002165 49 
2020-12-21T09:13:08 0 0 경기76아3364 3 41 233000142 277103150 42 
2020-12-21T09:13:08 0 0 경기76아3541 3 45 233000142 233002165 49 
2020-12-21T09:14:07 0 0 경기76아3364 3 41 233000142 277103150 42 
2020-12-21T09:14:07 0 0 경기76아3541 3 45 233000142 233002165 49 
2020-12-21T09:15:07 0 0 경기76아3364 3 41 233000142 277103385 43 
2020-12-21T09:15:07 0 0 경기76아3541 3 45 233000142 233001902 50 
2020-12-21T09:16:05 0 0 경기76아3364 3 41 233000142 277103385 43 
2020-12-21T09:16:05 0 0 경기76아3541 3 45 233000142 233001902 50 
2020-12-21T09:17:05 0 0 경기76아3364 3 41 233000142 277103385 43 
2020-12-21T09:17:05 0 0 경기76아3541 3 45 233000142 233001166 51 
2020-12-21T09:18:04 0 0 경기76아3364 3 41 233000142 277103442 44 
2020-12-21T09:18:04 0 0 경기76아3541 3 45 233000142 233001166 51 
2020-12-21T09:19:03 0 0 경기76아3364 3 41 233000142 277103442 44 
2020-12-21T09:19:03 0 0 경기76아3541 3 45 233000142 233001492 53 
2020-12-21T09:20:03 0 0 경기76아3364 3 41 233000142 277103442 44 
2020-12-21T09:20:03 0 0 경기76아3541 3 45 233000142 233001492 53 
2020-12-21T09:21:03 0 0 경기76아3364 3 41 233000142 277103360 45 
2020-12-21T09:21:03 0 0 경기76아3541 3 45 233000142 233001492 53 
2020-12-21T09:22:04 0 0 경기76아3364 3 41 233000142 277103360 45 
2020-12-21T09:22:04 0 0 경기76아3541 3 45 233000142 233000430 55 
2020-12-21T09:23:03 0 0 경기76아3364 3 41 233000142 277103362 46 
2020-12-21T09:24:02 0 0 경기76아3364 3 41 233000142 277103362 46 
2020-12-21T09:25:02 0 0 경기76아3364 3 41 233000142 277103362 46 
2020-12-21T09:26:01 0 0 경기76아3364 3 41 233000142 277103362 46 
2020-12-21T09:27:01 0 0 경기76아3364 3 41 233000142 277103362 46 
2020-12-21T09:28:00 0 0 경기76아3364 3 41 233000142 228001189 47 
2020-12-21T09:29:00 0 0 경기76아3364 3 42 233000142 233002165 49 
2020-12-21T09:29:59 0 0 경기76아3364 3 43 233000142 233002165 49 
2020-12-21T09:30:58 0 0 경기76아3364 3 43 233000142 233002165 49 
2020-12-21T09:31:57 0 0 경기76아3364 3 43 233000142 233002165 49 
2020-12-21T09:32:57 0 0 경기76아3364 3 44 233000142 233001902 50 
2020-12-21T09:33:56 0 0 경기76아3364 3 44 233000142 233001902 50 
2020-12-21T09:34:56 0 0 경기76아3364 3 44 233000142 233001902 50 
2020-12-21T09:35:55 0 0 경기76아3364 3 44 233000142 233001166 51 
2020-12-21T09:36:54 0 0 경기76아3364 3 44 233000142 233001493 52 
2020-12-21T09:37:55 0 0 경기76아3364 3 44 233000142 233001492 53 
2020-12-21T09:38:54 0 0 경기76아3364 3 44 233000142 233001492 53 
2020-12-21T09:39:54 0 0 경기76아3364 3 44 233000142 233001492 53 
2020-12-21T09:40:54 0 0 경기76아3364 3 44 233000142 233001168 56 
