200000175 2020-12-02T00:00:29.571971+09:00
2020-12-02T14:23:32.674189+09:00 0 0 경기70사6401 3 49 200000175 223000527 1 
2020-12-02T14:23:32.674253+09:00 0 0 경기70사6536 3 41 200000175 121000220 33 
2020-12-02T14:23:32.674281+09:00 0 0 경기70사6574 4 50 200000175 223000047 10 
2020-12-02T14:23:32.674299+09:00 0 0 경기70사6571 4 56 200000175 277103679 19 
2020-12-02T14:23:32.674316+09:00 0 0 경기70바6985 3 47 200000175 223000098 51 
2020-12-02T14:23:32.674331+09:00 0 0 경기70사6537 3 38 200000175 277103444 44 
2020-12-02T14:24:32.548444+09:00 0 0 경기70사6401 3 49 200000175 223000527 1 
2020-12-02T14:24:32.548509+09:00 0 0 경기70사6574 4 50 200000175 223000047 10 
2020-12-02T14:24:32.548528+09:00 0 0 경기70사6536 3 41 200000175 121000220 33 
2020-12-02T14:24:32.548544+09:00 0 0 경기70사6537 3 38 200000175 277103444 44 
2020-12-02T14:24:32.548559+09:00 0 0 경기70바6985 3 47 200000175 223000097 52 
2020-12-02T14:24:32.548574+09:00 0 0 경기70사6571 4 56 200000175 277103441 20 
2020-12-02T14:25:31.912341+09:00 0 0 경기70사6574 4 50 200000175 223000047 10 
2020-12-02T14:25:31.912404+09:00 0 0 경기70사6536 3 41 200000175 121000220 33 
2020-12-02T14:25:31.912424+09:00 0 0 경기70사6401 3 49 200000175 223000527 1 
2020-12-02T14:25:31.912441+09:00 0 0 경기70사6537 3 38 200000175 277103444 44 
2020-12-02T14:25:31.912457+09:00 0 0 경기70사6571 4 56 200000175 277104177 21 
2020-12-02T14:25:31.912472+09:00 0 0 경기70바6985 3 47 200000175 223000097 52 
2020-12-02T14:26:31.726502+09:00 0 0 경기70사6401 3 49 200000175 223000527 1 
2020-12-02T14:26:31.726564+09:00 0 0 경기70사6574 4 50 200000175 223000047 10 
2020-12-02T14:26:31.726585+09:00 0 0 경기70사6536 3 41 200000175 277103387 34 
2020-12-02T14:26:31.726600+09:00 0 0 경기70바6985 3 47 200000175 223000525 53 
2020-12-02T14:26:31.726616+09:00 0 0 경기70사6571 4 56 200000175 277104177 21 
2020-12-02T14:26:31.726630+09:00 0 0 경기70사6537 3 38 200000175 277103449 45 
2020-12-02T14:27:31.500569+09:00 0 0 경기70사6401 3 49 200000175 223000527 1 
2020-12-02T14:27:31.500630+09:00 0 0 경기70사6536 3 41 200000175 277103387 34 
2020-12-02T14:27:31.500651+09:00 0 0 경기70사6574 4 50 200000175 223000047 10 
2020-12-02T14:27:31.500666+09:00 0 0 경기70사6571 4 56 200000175 277103388 22 
2020-12-02T14:27:31.500682+09:00 0 0 경기70사6537 3 38 200000175 277103449 45 
2020-12-02T14:27:31.500697+09:00 0 0 경기70바6985 3 47 200000175 223000523 54 
2020-12-02T14:28:31.094742+09:00 0 0 경기70사6401 3 49 200000175 223000527 1 
2020-12-02T14:28:31.094806+09:00 0 0 경기70사6536 3 41 200000175 277104178 35 
2020-12-02T14:28:31.094826+09:00 0 0 경기70사6574 4 50 200000175 277103448 11 
2020-12-02T14:28:31.094843+09:00 0 0 경기70사6537 3 38 200000175 277103449 45 
2020-12-02T14:28:31.094861+09:00 0 0 경기70바6985 3 47 200000175 223000523 54 
2020-12-02T14:28:31.094876+09:00 0 0 경기70사6571 4 56 200000175 277103390 23 
2020-12-02T14:29:30.128756+09:00 0 0 경기70사6574 4 50 200000175 277103448 11 
2020-12-02T14:29:30.128820+09:00 0 0 경기70사6536 3 41 200000175 277103440 36 
2020-12-02T14:29:30.128840+09:00 0 0 경기70사6401 3 49 200000175 223000522 3 
2020-12-02T14:29:30.128856+09:00 0 0 경기70바6985 3 47 200000175 223000523 54 
2020-12-02T14:29:30.128872+09:00 0 0 경기70사6571 4 56 200000175 277103390 23 
2020-12-02T14:29:30.128887+09:00 0 0 경기70사6537 3 38 200000175 277103449 45 
2020-12-02T14:30:29.742906+09:00 0 0 경기70사6574 4 50 200000175 277103448 11 
2020-12-02T14:30:29.742970+09:00 0 0 경기70사6536 3 41 200000175 277103440 36 
2020-12-02T14:30:29.742990+09:00 0 0 경기70사6401 3 48 200000175 223000524 4 
2020-12-02T14:30:29.743006+09:00 0 0 경기70사6571 4 56 200000175 277103390 23 
2020-12-02T14:30:29.743023+09:00 0 0 경기70사6537 3 38 200000175 277103449 45 
2020-12-02T14:30:29.743037+09:00 0 0 경기70바6985 3 47 200000175 223000523 54 
2020-12-02T14:31:28.906891+09:00 0 0 경기70사6574 4 50 200000175 277103448 11 
2020-12-02T14:31:28.906950+09:00 0 0 경기70사6401 3 48 200000175 223000524 4 
2020-12-02T14:31:28.906969+09:00 0 0 경기70사6536 3 41 200000175 277103678 37 
2020-12-02T14:31:28.906985+09:00 0 0 경기70사6537 3 38 200000175 277103449 45 
2020-12-02T14:31:28.907006+09:00 0 0 경기70바6985 3 47 200000175 223000523 54 
2020-12-02T14:31:28.907021+09:00 0 0 경기70사6571 4 56 200000175 121000086 24 
2020-12-02T14:32:28.760960+09:00 0 0 경기70사6401 3 48 200000175 223000524 4 
2020-12-02T14:32:28.761024+09:00 0 0 경기70사6574 4 50 200000175 277103445 12 
2020-12-02T14:32:28.761080+09:00 0 0 경기70사6536 3 41 200000175 277103150 38 
2020-12-02T14:32:28.761099+09:00 0 0 경기70바6985 3 47 200000175 223000523 54 
2020-12-02T14:32:28.761117+09:00 0 0 경기70사6537 3 38 200000175 223000199 46 
2020-12-02T14:32:28.761132+09:00 0 0 경기70사6571 4 56 200000175 121000086 24 
2020-12-02T14:33:28.265167+09:00 0 0 경기70사6574 4 50 200000175 277103445 12 
2020-12-02T14:33:28.265230+09:00 0 0 경기70사6536 3 41 200000175 277103150 38 
2020-12-02T14:33:28.265251+09:00 0 0 경기70사6401 3 48 200000175 223000128 5 
2020-12-02T14:33:28.265267+09:00 0 0 경기70사6571 4 57 200000175 121000942 25 
2020-12-02T14:33:28.265284+09:00 0 0 경기70사6537 3 39 200000175 223000199 46 
2020-12-02T14:33:28.265298+09:00 0 0 경기70바6985 3 47 200000175 223000523 54 
2020-12-02T14:34:28.289328+09:00 0 0 경기70사6574 4 50 200000175 277103445 12 
2020-12-02T14:34:28.289392+09:00 0 0 경기70사6536 3 41 200000175 277103150 38 
2020-12-02T14:34:28.289416+09:00 0 0 경기70사6401 3 48 200000175 223000127 6 
2020-12-02T14:34:28.289434+09:00 0 0 경기70바6985 3 47 200000175 223000523 54 
2020-12-02T14:34:28.289452+09:00 0 0 경기70사6537 3 39 200000175 223000199 46 
2020-12-02T14:34:28.289467+09:00 0 0 경기70사6571 4 59 200000175 121000942 25 
2020-12-02T14:35:28.063391+09:00 0 0 경기70사6536 3 41 200000175 277103385 39 
2020-12-02T14:35:28.063455+09:00 0 0 경기70사6401 3 48 200000175 223000127 6 
2020-12-02T14:35:28.063476+09:00 0 0 경기70사6574 4 50 200000175 277102247 13 
2020-12-02T14:35:28.063493+09:00 0 0 경기70사6537 3 40 200000175 223000094 47 
2020-12-02T14:35:28.063510+09:00 0 0 경기70사6571 4 59 200000175 277102911 26 
2020-12-02T14:36:27.617652+09:00 0 0 경기70사6536 3 41 200000175 277103385 39 
2020-12-02T14:36:27.617713+09:00 0 0 경기70사6574 4 50 200000175 277102247 13 
2020-12-02T14:36:27.617734+09:00 0 0 경기70사6401 3 46 200000175 223000212 7 
2020-12-02T14:36:27.617750+09:00 0 0 경기70사6571 4 60 200000175 121000937 27 
2020-12-02T14:36:27.617766+09:00 0 0 경기70사6537 3 40 200000175 223000094 47 
2020-12-02T14:37:27.511453+09:00 0 0 경기70사6536 3 41 200000175 277103385 39 
2020-12-02T14:37:27.511516+09:00 0 0 경기70사6574 4 50 200000175 277102247 13 
2020-12-02T14:37:27.511537+09:00 0 0 경기70사6401 3 46 200000175 223000212 7 
2020-12-02T14:37:27.511554+09:00 0 0 경기70사6571 4 55 200000175 121000937 27 
2020-12-02T14:37:27.511570+09:00 0 0 경기70사6537 3 43 200000175 223000093 48 
2020-12-02T14:38:26.985551+09:00 0 0 경기70사6574 4 50 200000175 277102247 13 
2020-12-02T14:38:26.985598+09:00 0 0 경기70사6536 3 41 200000175 277103442 40 
2020-12-02T14:38:26.985618+09:00 0 0 경기70사6401 3 45 200000175 223000005 8 
2020-12-02T14:38:26.985634+09:00 0 0 경기70사6571 4 55 200000175 121000937 27 
2020-12-02T14:38:26.985650+09:00 0 0 경기70사6537 3 43 200000175 223000093 48 
2020-12-02T14:39:26.599900+09:00 0 0 경기70사6536 3 41 200000175 277103442 40 
2020-12-02T14:39:26.599965+09:00 0 0 경기70사6401 3 45 200000175 223000005 8 
2020-12-02T14:39:26.599987+09:00 0 0 경기70사6574 4 50 200000175 277103363 14 
2020-12-02T14:39:26.600003+09:00 0 0 경기70사6537 3 43 200000175 223000093 48 
2020-12-02T14:39:26.600019+09:00 0 0 경기70사6571 4 55 200000175 121000920 29 
2020-12-02T14:40:26.123833+09:00 0 0 경기70사6401 3 45 200000175 223000005 8 
2020-12-02T14:40:26.123895+09:00 0 0 경기70사6574 4 50 200000175 277103363 14 
2020-12-02T14:40:26.123915+09:00 0 0 경기70사6536 3 41 200000175 277103360 41 
2020-12-02T14:40:26.123931+09:00 0 0 경기70사6571 4 57 200000175 121000920 29 
2020-12-02T14:40:26.123948+09:00 0 0 경기70사6537 3 43 200000175 223000093 48 
2020-12-02T14:41:26.117956+09:00 0 0 경기70사6536 3 41 200000175 277103360 41 
2020-12-02T14:41:26.118023+09:00 0 0 경기70사6574 4 50 200000175 277103361 15 
2020-12-02T14:41:26.118044+09:00 0 0 경기70사6401 3 45 200000175 223000048 9 
2020-12-02T14:41:26.118060+09:00 0 0 경기70사6537 3 45 200000175 223000537 49 
2020-12-02T14:41:26.118078+09:00 0 0 경기70사6571 4 57 200000175 121000920 29 
2020-12-02T14:41:26.118093+09:00 0 0 경기70사6573 4 73 200000175 223000527 1 
2020-12-02T14:42:25.772173+09:00 0 0 경기70사6574 4 50 200000175 277103361 15 
2020-12-02T14:42:25.772248+09:00 0 0 경기70사6536 3 41 200000175 277103362 42 
2020-12-02T14:42:25.772267+09:00 0 0 경기70사6401 3 42 200000175 223000048 9 
2020-12-02T14:42:25.772283+09:00 0 0 경기70사6573 4 73 200000175 223000527 1 
2020-12-02T14:42:25.772298+09:00 0 0 경기70사6571 4 57 200000175 121000056 30 
2020-12-02T14:42:25.772312+09:00 0 0 경기70사6537 3 45 200000175 223000537 49 
2020-12-02T14:43:25.516527+09:00 0 0 경기70사6574 4 50 200000175 277103361 15 
2020-12-02T14:43:25.516591+09:00 0 0 경기70사6536 3 41 200000175 277103362 42 
2020-12-02T14:43:25.516612+09:00 0 0 경기70사6401 3 40 200000175 223000047 10 
2020-12-02T14:43:25.516628+09:00 0 0 경기70사6571 4 57 200000175 121000056 30 
2020-12-02T14:43:25.516644+09:00 0 0 경기70사6573 4 73 200000175 223000527 1 
2020-12-02T14:43:25.516659+09:00 0 0 경기70사6537 3 45 200000175 223000099 50 
2020-12-02T14:44:24.700514+09:00 0 0 경기70사6536 3 41 200000175 277103362 42 
2020-12-02T14:44:24.700563+09:00 0 0 경기70사6401 3 40 200000175 223000047 10 
2020-12-02T14:44:24.700584+09:00 0 0 경기70사6574 4 50 200000175 277103443 16 
2020-12-02T14:44:24.700600+09:00 0 0 경기70사6573 4 73 200000175 223000527 1 
2020-12-02T14:44:24.700617+09:00 0 0 경기70사6537 3 45 200000175 223000098 51 
2020-12-02T14:44:24.700632+09:00 0 0 경기70사6571 4 58 200000175 121000969 31 
2020-12-02T14:45:24.364835+09:00 0 0 경기70사6574 4 50 200000175 277103443 16 
2020-12-02T14:45:24.364899+09:00 0 0 경기70사6536 3 41 200000175 277103362 42 
2020-12-02T14:45:24.364919+09:00 0 0 경기70사6401 3 40 200000175 223000047 10 
2020-12-02T14:45:24.364934+09:00 0 0 경기70사6571 4 58 200000175 121000969 31 
2020-12-02T14:45:24.364950+09:00 0 0 경기70사6573 4 73 200000175 277102407 2 
2020-12-02T14:45:24.364965+09:00 0 0 경기70사6537 3 45 200000175 223000098 51 
2020-12-02T14:46:23.709063+09:00 0 0 경기70사6401 3 40 200000175 223000047 10 
2020-12-02T14:46:23.709128+09:00 0 0 경기70사6536 3 41 200000175 277101636 43 
2020-12-02T14:46:23.709148+09:00 0 0 경기70사6574 4 50 200000175 277103386 17 
2020-12-02T14:46:23.709164+09:00 0 0 경기70사6571 4 53 200000175 121000969 31 
2020-12-02T14:46:23.709181+09:00 0 0 경기70사6537 3 47 200000175 223000097 52 
2020-12-02T14:46:23.709195+09:00 0 0 경기70사6573 4 73 200000175 223000522 3 
2020-12-02T14:47:23.573251+09:00 0 0 경기70사6401 3 40 200000175 223000047 10 
2020-12-02T14:47:23.573318+09:00 0 0 경기70사6536 3 41 200000175 277101636 43 
2020-12-02T14:47:23.573338+09:00 0 0 경기70사6574 4 50 200000175 277103386 17 
2020-12-02T14:47:23.573354+09:00 0 0 경기70사6571 4 53 200000175 277104385 32 
2020-12-02T14:47:23.573371+09:00 0 0 경기70사6537 3 47 200000175 223000525 53 
2020-12-02T14:47:23.573385+09:00 0 0 경기70사6573 4 72 200000175 223000522 3 
2020-12-02T14:48:23.517441+09:00 0 0 경기70사6536 3 41 200000175 277101636 43 
2020-12-02T14:48:23.517506+09:00 0 0 경기70사6574 4 50 200000175 277103386 17 
2020-12-02T14:48:23.517527+09:00 0 0 경기70사6401 3 40 200000175 277103448 11 
2020-12-02T14:48:23.517543+09:00 0 0 경기70사6573 4 71 200000175 223000524 4 
2020-12-02T14:48:23.517560+09:00 0 0 경기70사6571 4 53 200000175 277104385 32 
2020-12-02T14:48:23.517574+09:00 0 0 경기70사6537 3 49 200000175 223000525 53 
2020-12-02T14:49:22.891580+09:00 0 0 경기70사6401 3 40 200000175 277103448 11 
2020-12-02T14:49:22.891643+09:00 0 0 경기70사6536 3 41 200000175 277103444 44 
2020-12-02T14:49:22.891663+09:00 0 0 경기70사6574 4 50 200000175 277103151 18 
2020-12-02T14:49:22.891678+09:00 0 0 경기70사6537 3 49 200000175 223000523 54 
2020-12-02T14:49:22.891694+09:00 0 0 경기70사6573 4 71 200000175 223000524 4 
2020-12-02T14:49:22.891709+09:00 0 0 경기70사6571 4 52 200000175 121000220 33 
2020-12-02T14:50:22.715779+09:00 0 0 경기70사6401 3 40 200000175 277103448 11 
2020-12-02T14:50:22.715839+09:00 0 0 경기70사6536 3 41 200000175 277103444 44 
2020-12-02T14:50:22.715860+09:00 0 0 경기70사6574 4 50 200000175 277103151 18 
2020-12-02T14:50:22.715876+09:00 0 0 경기70사6537 3 49 200000175 223000523 54 
2020-12-02T14:50:22.715893+09:00 0 0 경기70사6573 4 71 200000175 223000128 5 
2020-12-02T14:50:22.715907+09:00 0 0 경기70사6571 4 52 200000175 121000220 33 
2020-12-02T14:51:22.360005+09:00 0 0 경기70사6401 3 40 200000175 277103448 11 
2020-12-02T14:51:22.360067+09:00 0 0 경기70사6574 4 50 200000175 277103679 19 
2020-12-02T14:51:22.360087+09:00 0 0 경기70사6536 3 41 200000175 277103444 44 
2020-12-02T14:51:22.360103+09:00 0 0 경기70사6537 3 49 200000175 223000523 54 
2020-12-02T14:51:22.360119+09:00 0 0 경기70사6573 4 70 200000175 223000127 6 
2020-12-02T14:51:22.360134+09:00 0 0 경기70사6571 4 52 200000175 121000220 33 
2020-12-02T14:52:21.254050+09:00 0 0 경기70사6401 3 40 200000175 277103445 12 
2020-12-02T14:52:21.254143+09:00 0 0 경기70사6536 3 41 200000175 277103449 45 
2020-12-02T14:52:21.254164+09:00 0 0 경기70사6574 4 50 200000175 277103441 20 
2020-12-02T14:52:21.254181+09:00 0 0 경기70사6537 3 49 200000175 223000523 54 
2020-12-02T14:52:21.254197+09:00 0 0 경기70사6573 4 70 200000175 223000127 6 
2020-12-02T14:52:21.254211+09:00 0 0 경기70사6571 4 52 200000175 121000220 33 
2020-12-02T14:53:21.058318+09:00 0 0 경기70사6401 3 40 200000175 277103445 12 
2020-12-02T14:53:21.058382+09:00 0 0 경기70사6574 4 50 200000175 277103441 20 
2020-12-02T14:53:21.058402+09:00 0 0 경기70사6536 3 41 200000175 277103449 45 
2020-12-02T14:53:21.058418+09:00 0 0 경기70사6537 3 49 200000175 223000523 54 
2020-12-02T14:53:21.058434+09:00 0 0 경기70사6573 4 70 200000175 223000127 6 
2020-12-02T14:53:21.058449+09:00 0 0 경기70사6571 4 52 200000175 277103387 34 
2020-12-02T14:54:20.352339+09:00 0 0 경기70사6401 3 40 200000175 277103445 12 
2020-12-02T14:54:20.352400+09:00 0 0 경기70사6574 4 50 200000175 277104177 21 
2020-12-02T14:54:20.352419+09:00 0 0 경기70사6536 3 41 200000175 277103449 45 
2020-12-02T14:54:20.352435+09:00 0 0 경기70사6537 3 49 200000175 223000523 54 
2020-12-02T14:54:20.352451+09:00 0 0 경기70사6571 4 52 200000175 277104178 35 
2020-12-02T14:54:20.352465+09:00 0 0 경기70사6573 4 69 200000175 223000212 7 
2020-12-02T14:55:19.666465+09:00 0 0 경기70사6536 3 41 200000175 277103449 45 
2020-12-02T14:55:19.666527+09:00 0 0 경기70사6401 3 40 200000175 277102247 13 
2020-12-02T14:55:19.666547+09:00 0 0 경기70사6574 4 50 200000175 277103388 22 
2020-12-02T14:55:19.666563+09:00 0 0 경기70사6571 4 52 200000175 277104178 35 
2020-12-02T14:55:19.666579+09:00 0 0 경기70사6573 4 69 200000175 223000212 7 
2020-12-02T14:55:19.666594+09:00 0 0 경기70사6537 3 49 200000175 223000523 54 
2020-12-02T14:56:19.680595+09:00 0 0 경기70사6574 4 50 200000175 277103388 22 
2020-12-02T14:56:19.680659+09:00 0 0 경기70사6536 3 41 200000175 277103449 45 
2020-12-02T14:56:19.680679+09:00 0 0 경기70사6401 3 40 200000175 277102247 13 
2020-12-02T14:56:19.680695+09:00 0 0 경기70사6537 3 49 200000175 223000523 54 
2020-12-02T14:56:19.680711+09:00 0 0 경기70사6571 4 52 200000175 277103440 36 
2020-12-02T14:56:19.680725+09:00 0 0 경기70사6573 4 69 200000175 223000212 7 
2020-12-02T14:57:19.634888+09:00 0 0 경기70사6401 3 40 200000175 277102247 13 
2020-12-02T14:57:19.634951+09:00 0 0 경기70사6536 3 42 200000175 277103449 45 
2020-12-02T14:57:19.634972+09:00 0 0 경기70사6574 4 50 200000175 277103390 23 
2020-12-02T14:57:19.634989+09:00 0 0 경기70사6573 4 69 200000175 223000212 7 
2020-12-02T14:57:19.635005+09:00 0 0 경기70사6571 4 52 200000175 277103440 36 
2020-12-02T14:58:18.938899+09:00 0 0 경기70사6536 3 42 200000175 277103449 45 
2020-12-02T14:58:18.938961+09:00 0 0 경기70사6574 4 50 200000175 277103390 23 
2020-12-02T14:58:18.938982+09:00 0 0 경기70사6401 3 40 200000175 277102247 13 
2020-12-02T14:58:18.938998+09:00 0 0 경기70사6573 4 69 200000175 223000212 7 
2020-12-02T14:58:18.939014+09:00 0 0 경기70사6571 4 52 200000175 277103678 37 
2020-12-02T14:59:18.943185+09:00 0 0 경기70사6574 4 50 200000175 277103390 23 
2020-12-02T14:59:18.943246+09:00 0 0 경기70사6401 3 40 200000175 277103363 14 
2020-12-02T14:59:18.943266+09:00 0 0 경기70사6536 3 42 200000175 277103449 45 
2020-12-02T14:59:18.943281+09:00 0 0 경기70사6573 4 67 200000175 223000005 8 
2020-12-02T14:59:18.943297+09:00 0 0 경기70사6571 4 52 200000175 277103150 38 
2020-12-02T15:00:18.167149+09:00 0 0 경기70사6536 3 42 200000175 223000199 46 
2020-12-02T15:00:18.167214+09:00 0 0 경기70사6574 4 50 200000175 121000086 24 
2020-12-02T15:00:18.167235+09:00 0 0 경기70사6401 3 40 200000175 277103361 15 
2020-12-02T15:00:18.167252+09:00 0 0 경기70사6571 4 52 200000175 277103150 38 
2020-12-02T15:00:18.167268+09:00 0 0 경기70사6573 4 67 200000175 223000005 8 
2020-12-02T15:01:18.141460+09:00 0 0 경기70사6401 3 40 200000175 277103361 15 
2020-12-02T15:01:18.141527+09:00 0 0 경기70사6574 4 50 200000175 121000086 24 
2020-12-02T15:01:18.141548+09:00 0 0 경기70사6533 3 49 200000175 223000527 1 
2020-12-02T15:01:18.141564+09:00 0 0 경기70사6536 3 45 200000175 223000199 46 
2020-12-02T15:01:18.141580+09:00 0 0 경기70사6571 4 52 200000175 277103150 38 
2020-12-02T15:01:18.141595+09:00 0 0 경기70사6573 4 67 200000175 223000005 8 
2020-12-02T15:02:17.405945+09:00 0 0 경기70사6401 3 40 200000175 277103361 15 
2020-12-02T15:02:17.406007+09:00 0 0 경기70사6533 3 49 200000175 223000527 1 
2020-12-02T15:02:17.406028+09:00 0 0 경기70사6574 4 50 200000175 121000086 24 
2020-12-02T15:02:17.406050+09:00 0 0 경기70사6536 3 45 200000175 223000094 47 
2020-12-02T15:02:17.406068+09:00 0 0 경기70사6573 4 67 200000175 223000005 8 
2020-12-02T15:02:17.406084+09:00 0 0 경기70사6571 4 52 200000175 277103385 39 
2020-12-02T15:03:17.019679+09:00 0 0 경기70사6574 4 52 200000175 121000942 25 
2020-12-02T15:03:17.019742+09:00 0 0 경기70사6536 3 45 200000175 223000094 47 
2020-12-02T15:03:17.019762+09:00 0 0 경기70사6533 3 49 200000175 223000527 1 
2020-12-02T15:03:17.019779+09:00 0 0 경기70사6401 3 40 200000175 277103443 16 
2020-12-02T15:03:17.019795+09:00 0 0 경기70사6571 4 52 200000175 277103385 39 
2020-12-02T15:03:17.019809+09:00 0 0 경기70사6573 4 67 200000175 223000048 9 
2020-12-02T15:04:16.794136+09:00 0 0 경기70사6533 3 49 200000175 223000527 1 
2020-12-02T15:04:16.794199+09:00 0 0 경기70사6574 4 58 200000175 121000942 25 
2020-12-02T15:04:16.794220+09:00 0 0 경기70사6536 3 45 200000175 223000093 48 
2020-12-02T15:04:16.794236+09:00 0 0 경기70사6401 3 40 200000175 277103443 16 
2020-12-02T15:04:16.794252+09:00 0 0 경기70사6571 4 52 200000175 277103385 39 
2020-12-02T15:04:16.794266+09:00 0 0 경기70사6573 4 67 200000175 223000048 9 
2020-12-02T15:05:16.227852+09:00 0 0 경기70사6533 3 49 200000175 223000527 1 
2020-12-02T15:05:16.227914+09:00 0 0 경기70사6401 3 40 200000175 277103443 16 
2020-12-02T15:05:16.227936+09:00 0 0 경기70사6536 3 45 200000175 223000093 48 
2020-12-02T15:05:16.227952+09:00 0 0 경기70사6574 4 58 200000175 277102911 26 
2020-12-02T15:05:16.227969+09:00 0 0 경기70사6571 4 52 200000175 277103442 40 
2020-12-02T15:05:16.227984+09:00 0 0 경기70사6573 4 67 200000175 223000047 10 
2020-12-02T15:06:16.062066+09:00 0 0 경기70사6574 4 58 200000175 277102911 26 
2020-12-02T15:06:16.062128+09:00 0 0 경기70사6401 3 40 200000175 277103386 17 
2020-12-02T15:06:16.062149+09:00 0 0 경기70사6536 3 46 200000175 223000093 48 
2020-12-02T15:06:16.062165+09:00 0 0 경기70사6533 3 49 200000175 277102407 2 
2020-12-02T15:06:16.062182+09:00 0 0 경기70사6571 4 52 200000175 277103442 40 
2020-12-02T15:06:16.062197+09:00 0 0 경기70사6573 4 63 200000175 223000047 10 
2020-12-02T15:07:15.376142+09:00 0 0 경기70사6401 3 40 200000175 277103386 17 
2020-12-02T15:07:15.376203+09:00 0 0 경기70사6536 3 46 200000175 223000537 49 
2020-12-02T15:07:15.376224+09:00 0 0 경기70사6574 4 60 200000175 121000937 27 
2020-12-02T15:07:15.376240+09:00 0 0 경기70사6533 3 49 200000175 223000524 4 
2020-12-02T15:07:15.376257+09:00 0 0 경기70사6573 4 63 200000175 223000047 10 
2020-12-02T15:07:15.376284+09:00 0 0 경기70사6571 4 52 200000175 277103360 41 
2020-12-02T15:08:15.070150+09:00 0 0 경기70사6401 3 40 200000175 277103386 17 
2020-12-02T15:08:15.070210+09:00 0 0 경기70사6536 3 46 200000175 223000537 49 
2020-12-02T15:08:15.070230+09:00 0 0 경기70사6533 3 48 200000175 223000524 4 
2020-12-02T15:08:15.070245+09:00 0 0 경기70사6574 4 61 200000175 121000937 27 
2020-12-02T15:08:15.070276+09:00 0 0 경기70사6573 4 63 200000175 223000047 10 
2020-12-02T15:08:15.070294+09:00 0 0 경기70사6571 4 52 200000175 277103360 41 
2020-12-02T15:09:14.264377+09:00 0 0 경기70사6536 3 46 200000175 223000537 49 
2020-12-02T15:09:14.264440+09:00 0 0 경기70사6401 3 40 200000175 277103151 18 
2020-12-02T15:09:14.264461+09:00 0 0 경기70사6574 4 61 200000175 121000920 29 
2020-12-02T15:09:14.264477+09:00 0 0 경기70사6533 3 48 200000175 223000524 4 
2020-12-02T15:09:14.264494+09:00 0 0 경기70사6571 4 52 200000175 277103362 42 
2020-12-02T15:09:14.264509+09:00 0 0 경기70사6573 4 63 200000175 223000047 10 
2020-12-02T15:10:13.998489+09:00 0 0 경기70사6574 4 61 200000175 121000920 29 
2020-12-02T15:10:13.998555+09:00 0 0 경기70사6401 3 40 200000175 277103151 18 
2020-12-02T15:10:13.998575+09:00 0 0 경기70사6533 3 48 200000175 223000128 5 
2020-12-02T15:10:13.998591+09:00 0 0 경기70사6536 3 48 200000175 223000537 49 
2020-12-02T15:10:13.998606+09:00 0 0 경기70사6573 4 63 200000175 223000047 10 
2020-12-02T15:10:13.998620+09:00 0 0 경기70사6571 4 52 200000175 277103362 42 
2020-12-02T15:11:13.822592+09:00 0 0 경기70사6574 4 61 200000175 121000920 29 
2020-12-02T15:11:13.822654+09:00 0 0 경기70사6401 3 40 200000175 277103679 19 
2020-12-02T15:11:13.822675+09:00 0 0 경기70사6536 3 48 200000175 223000537 49 
2020-12-02T15:11:13.822692+09:00 0 0 경기70사6533 3 47 200000175 223000127 6 
2020-12-02T15:11:13.822708+09:00 0 0 경기70사6571 4 52 200000175 277103362 42 
2020-12-02T15:11:13.822723+09:00 0 0 경기70사6573 4 63 200000175 277103448 11 
2020-12-02T15:12:13.726766+09:00 0 0 경기70사6401 3 40 200000175 277103679 19 
2020-12-02T15:12:13.726836+09:00 0 0 경기70사6536 3 48 200000175 223000099 50 
2020-12-02T15:12:13.726856+09:00 0 0 경기70사6533 3 46 200000175 223000127 6 
2020-12-02T15:12:13.726872+09:00 0 0 경기70사6574 4 59 200000175 121000056 30 
2020-12-02T15:12:13.726888+09:00 0 0 경기70사6571 4 52 200000175 277103362 42 
2020-12-02T15:12:13.727014+09:00 0 0 경기70사6573 4 63 200000175 277103448 11 
2020-12-02T15:13:13.440908+09:00 0 0 경기70사6401 3 40 200000175 277103441 20 
2020-12-02T15:13:13.440972+09:00 0 0 경기70사6574 4 59 200000175 121000056 30 
2020-12-02T15:13:13.440992+09:00 0 0 경기70사6533 3 46 200000175 223000127 6 
2020-12-02T15:13:13.441008+09:00 0 0 경기70사6536 3 48 200000175 223000098 51 
2020-12-02T15:13:13.441024+09:00 0 0 경기70사6571 4 52 200000175 277101636 43 
2020-12-02T15:13:13.441071+09:00 0 0 경기70사6573 4 63 200000175 277103448 11 
2020-12-02T15:14:13.165193+09:00 0 0 경기70사6574 4 59 200000175 121000056 30 
2020-12-02T15:14:13.165256+09:00 0 0 경기70사6401 3 40 200000175 277104177 21 
2020-12-02T15:14:13.165276+09:00 0 0 경기70사6536 3 48 200000175 223000097 52 
2020-12-02T15:14:13.165292+09:00 0 0 경기70사6533 3 43 200000175 223000212 7 
2020-12-02T15:14:13.165308+09:00 0 0 경기70사6571 4 52 200000175 277101636 43 
2020-12-02T15:14:13.165323+09:00 0 0 경기70사6573 4 63 200000175 277103448 11 
2020-12-02T15:15:12.589288+09:00 0 0 경기70사6574 4 59 200000175 121000056 30 
2020-12-02T15:15:12.589349+09:00 0 0 경기70사6533 3 43 200000175 223000212 7 
2020-12-02T15:15:12.589369+09:00 0 0 경기70사6536 3 48 200000175 223000523 54 
2020-12-02T15:15:12.589385+09:00 0 0 경기70사6401 3 40 200000175 277103388 22 
2020-12-02T15:15:12.589401+09:00 0 0 경기70사6571 4 52 200000175 277101636 43 
2020-12-02T15:15:12.589416+09:00 0 0 경기70사6573 4 63 200000175 277103445 12 
2020-12-02T15:16:12.283270+09:00 0 0 경기70사6533 3 43 200000175 223000212 7 
2020-12-02T15:16:12.283335+09:00 0 0 경기70사6536 3 48 200000175 223000523 54 
2020-12-02T15:16:12.283359+09:00 0 0 경기70사6401 3 40 200000175 277103388 22 
2020-12-02T15:16:12.283377+09:00 0 0 경기70사6574 4 57 200000175 121000969 31 
2020-12-02T15:16:12.283394+09:00 0 0 경기70사6571 4 52 200000175 277103444 44 
2020-12-02T15:16:12.283409+09:00 0 0 경기70사6573 4 63 200000175 277103445 12 
2020-12-02T15:17:12.167446+09:00 0 0 경기70사6574 4 57 200000175 121000969 31 
2020-12-02T15:17:12.167509+09:00 0 0 경기70사6533 3 43 200000175 223000212 7 
2020-12-02T15:17:12.167529+09:00 0 0 경기70사6536 3 48 200000175 223000523 54 
2020-12-02T15:17:12.167545+09:00 0 0 경기70사6401 3 40 200000175 277103388 22 
2020-12-02T15:17:12.167561+09:00 0 0 경기70사6571 4 52 200000175 277103444 44 
2020-12-02T15:17:12.167576+09:00 0 0 경기70사6573 4 63 200000175 277103445 12 
2020-12-02T15:18:11.881479+09:00 0 0 경기70사6574 4 57 200000175 121000969 31 
2020-12-02T15:18:11.881540+09:00 0 0 경기70사6401 3 40 200000175 277103390 23 
2020-12-02T15:18:11.881561+09:00 0 0 경기70사6533 3 43 200000175 223000005 8 
2020-12-02T15:18:11.881576+09:00 0 0 경기70사6536 3 48 200000175 223000523 54 
2020-12-02T15:18:11.881592+09:00 0 0 경기70사6573 4 63 200000175 277102247 13 
2020-12-02T15:18:11.881607+09:00 0 0 경기70사6571 4 52 200000175 277103444 44 
2020-12-02T15:19:11.685661+09:00 0 0 경기70사6536 3 48 200000175 223000523 54 
2020-12-02T15:19:11.685723+09:00 0 0 경기70사6574 4 57 200000175 277104385 32 
2020-12-02T15:19:11.685744+09:00 0 0 경기70사6533 3 43 200000175 223000048 9 
2020-12-02T15:19:11.685759+09:00 0 0 경기70사6401 3 40 200000175 277103390 23 
2020-12-02T15:19:11.685776+09:00 0 0 경기70사6573 4 63 200000175 277102247 13 
2020-12-02T15:19:11.685791+09:00 0 0 경기70사6571 4 52 200000175 277103449 45 
2020-12-02T15:20:10.679768+09:00 0 0 경기70사6536 3 48 200000175 223000523 54 
2020-12-02T15:20:10.679843+09:00 0 0 경기70사6574 4 57 200000175 277104385 32 
2020-12-02T15:20:10.679863+09:00 0 0 경기70사6401 3 40 200000175 277103390 23 
2020-12-02T15:20:10.679879+09:00 0 0 경기70사6533 3 43 200000175 223000048 9 
2020-12-02T15:20:10.679894+09:00 0 0 경기70사6573 4 63 200000175 277102247 13 
2020-12-02T15:20:10.679909+09:00 0 0 경기70사6571 4 52 200000175 277103449 45 
2020-12-02T15:21:10.313746+09:00 0 0 경기70사6401 3 40 200000175 277103390 23 
2020-12-02T15:21:10.313807+09:00 0 0 경기70사6574 4 58 200000175 121000220 33 
2020-12-02T15:21:10.313827+09:00 0 0 경기70사6533 3 42 200000175 223000047 10 
2020-12-02T15:21:10.313842+09:00 0 0 경기70사6536 3 48 200000175 223000523 54 
2020-12-02T15:21:10.313870+09:00 0 0 경기70사6571 4 52 200000175 277103449 45 
2020-12-02T15:21:10.313884+09:00 0 0 경기70사6573 4 63 200000175 277102247 13 
2020-12-02T15:22:09.677860+09:00 0 0 경기70사6401 3 40 200000175 277103390 23 
2020-12-02T15:22:09.677925+09:00 0 0 경기70사6574 4 58 200000175 121000220 33 
2020-12-02T15:22:09.677946+09:00 0 0 경기70사6533 3 42 200000175 223000047 10 
2020-12-02T15:22:09.677962+09:00 0 0 경기70사6536 3 48 200000175 223000523 54 
2020-12-02T15:22:09.677978+09:00 0 0 경기70사6571 4 52 200000175 277103449 45 
2020-12-02T15:22:09.677993+09:00 0 0 경기70사6573 4 63 200000175 277103363 14 
2020-12-02T15:23:09.571955+09:00 0 0 경기70사6533 3 42 200000175 223000047 10 
2020-12-02T15:23:09.572022+09:00 0 0 경기70사6574 4 57 200000175 121000220 33 
2020-12-02T15:23:09.572043+09:00 0 0 경기70사6401 3 41 200000175 121000086 24 
2020-12-02T15:23:09.572059+09:00 0 0 경기70사6573 4 63 200000175 277103361 15 
2020-12-02T15:23:09.572075+09:00 0 0 경기70사6571 4 52 200000175 277103449 45 
2020-12-02T15:24:09.576093+09:00 0 0 경기70사6401 3 41 200000175 121000086 24 
2020-12-02T15:24:09.576156+09:00 0 0 경기70사6574 4 57 200000175 121000220 33 
2020-12-02T15:24:09.576177+09:00 0 0 경기70사6533 3 42 200000175 223000047 10 
2020-12-02T15:24:09.576193+09:00 0 0 경기70사6571 4 52 200000175 277103449 45 
2020-12-02T15:24:09.576209+09:00 0 0 경기70사6573 4 63 200000175 277103361 15 
2020-12-02T15:25:09.340232+09:00 0 0 경기70사6401 3 41 200000175 121000086 24 
2020-12-02T15:25:09.340293+09:00 0 0 경기70사6574 4 57 200000175 277103387 34 
2020-12-02T15:25:09.340313+09:00 0 0 경기70사6533 3 42 200000175 223000047 10 
2020-12-02T15:25:09.340329+09:00 0 0 경기70사6571 4 52 200000175 223000199 46 
2020-12-02T15:25:09.340345+09:00 0 0 경기70사6573 4 63 200000175 277103361 15 
2020-12-02T15:26:08.974371+09:00 0 0 경기70사6574 4 57 200000175 277103387 34 
2020-12-02T15:26:08.974458+09:00 0 0 경기70사6533 3 42 200000175 223000047 10 
2020-12-02T15:26:08.974479+09:00 0 0 경기70사6401 3 41 200000175 121000942 25 
2020-12-02T15:26:08.974496+09:00 0 0 경기70사6571 4 52 200000175 223000199 46 
2020-12-02T15:26:08.974512+09:00 0 0 경기70사6573 4 63 200000175 277103443 16 
2020-12-02T15:27:07.988406+09:00 0 0 경기70사6574 4 57 200000175 277104178 35 
2020-12-02T15:27:07.988470+09:00 0 0 경기70사6401 3 41 200000175 277102911 26 
2020-12-02T15:27:07.988494+09:00 0 0 경기70사6533 3 42 200000175 223000047 10 
2020-12-02T15:27:07.988513+09:00 0 0 경기70사6571 4 58 200000175 223000094 47 
2020-12-02T15:27:07.988532+09:00 0 0 경기70사6573 4 63 200000175 277103443 16 
2020-12-02T15:28:07.672608+09:00 0 0 경기70사6401 3 41 200000175 277102911 26 
2020-12-02T15:28:07.672670+09:00 0 0 경기70사6533 3 42 200000175 277103448 11 
2020-12-02T15:28:07.672701+09:00 0 0 경기70사6574 4 57 200000175 277103440 36 
2020-12-02T15:28:07.672717+09:00 0 0 경기70사6573 4 63 200000175 277103443 16 
2020-12-02T15:28:07.672733+09:00 0 0 경기70사6571 4 58 200000175 223000094 47 
2020-12-02T15:29:06.756588+09:00 0 0 경기70사6574 4 57 200000175 277103440 36 
2020-12-02T15:29:06.756642+09:00 0 0 경기70사6533 3 42 200000175 277103448 11 
2020-12-02T15:29:06.756663+09:00 0 0 경기70사6401 3 41 200000175 277102911 26 
2020-12-02T15:29:06.756679+09:00 0 0 경기70사6571 4 58 200000175 223000094 47 
2020-12-02T15:29:06.756695+09:00 0 0 경기70사6573 4 63 200000175 277103386 17 
2020-12-02T15:30:06.700799+09:00 0 0 경기70사6533 3 42 200000175 277103448 11 
2020-12-02T15:30:06.700894+09:00 0 0 경기70사6401 3 41 200000175 277102911 26 
2020-12-02T15:30:06.700915+09:00 0 0 경기70사6574 4 57 200000175 277103678 37 
2020-12-02T15:30:06.700931+09:00 0 0 경기70사6571 4 61 200000175 223000094 47 
2020-12-02T15:30:06.700948+09:00 0 0 경기70사6573 4 63 200000175 277103386 17 
2020-12-02T15:31:05.824824+09:00 0 0 경기70사6574 4 57 200000175 277103678 37 
2020-12-02T15:31:05.824884+09:00 0 0 경기70사6401 3 41 200000175 121000937 27 
2020-12-02T15:31:05.824904+09:00 0 0 경기70사6533 3 42 200000175 277103445 12 
2020-12-02T15:31:05.824921+09:00 0 0 경기70사6573 4 63 200000175 277103386 17 
2020-12-02T15:31:05.824937+09:00 0 0 경기70사6571 4 62 200000175 223000093 48 
2020-12-02T15:32:05.768994+09:00 0 0 경기70사6401 3 41 200000175 121000937 27 
2020-12-02T15:32:05.769092+09:00 0 0 경기70사6533 3 42 200000175 277103445 12 
2020-12-02T15:32:05.769113+09:00 0 0 경기70사6574 4 57 200000175 277103150 38 
2020-12-02T15:32:05.769129+09:00 0 0 경기70사6572 4 73 200000175 223000523 54 
2020-12-02T15:32:05.769146+09:00 0 0 경기70사6571 4 62 200000175 223000093 48 
2020-12-02T15:32:05.769160+09:00 0 0 경기70사6573 4 63 200000175 277103151 18 
2020-12-02T15:33:04.793196+09:00 0 0 경기70사6533 3 42 200000175 277103445 12 
2020-12-02T15:33:04.793258+09:00 0 0 경기70사6574 4 57 200000175 277103150 38 
2020-12-02T15:33:04.793278+09:00 0 0 경기70사6401 3 39 200000175 277101612 28 
2020-12-02T15:33:04.793294+09:00 0 0 경기70사6572 4 73 200000175 223000527 1 
2020-12-02T15:33:04.793310+09:00 0 0 경기70사6573 4 63 200000175 277103151 18 
2020-12-02T15:33:04.793325+09:00 0 0 경기70사6571 4 64 200000175 223000537 49 
2020-12-02T15:34:04.337511+09:00 0 0 경기70사6572 4 73 200000175 223000527 1 
2020-12-02T15:34:04.337573+09:00 0 0 경기70사6401 3 39 200000175 277101612 28 
2020-12-02T15:34:04.337593+09:00 0 0 경기70사6574 4 57 200000175 277103385 39 
2020-12-02T15:34:04.337610+09:00 0 0 경기70사6533 3 42 200000175 277102247 13 
2020-12-02T15:34:04.337627+09:00 0 0 경기70사6571 4 66 200000175 223000537 49 
2020-12-02T15:34:04.337642+09:00 0 0 경기70사6573 4 63 200000175 277103679 19 
2020-12-02T15:35:04.281497+09:00 0 0 경기70사6401 3 39 200000175 277101612 28 
2020-12-02T15:35:04.281559+09:00 0 0 경기70사6574 4 57 200000175 277103385 39 
2020-12-02T15:35:04.281579+09:00 0 0 경기70사6572 4 73 200000175 223000527 1 
2020-12-02T15:35:04.281595+09:00 0 0 경기70사6533 3 42 200000175 277102247 13 
2020-12-02T15:35:04.281614+09:00 0 0 경기70사6573 4 63 200000175 277103441 20 
2020-12-02T15:35:04.281630+09:00 0 0 경기70사6571 4 66 200000175 223000537 49 
2020-12-02T15:36:03.985500+09:00 0 0 경기70사6574 4 57 200000175 277103385 39 
2020-12-02T15:36:03.985563+09:00 0 0 경기70사6572 4 73 200000175 223000527 1 
2020-12-02T15:36:03.985583+09:00 0 0 경기70사6401 3 38 200000175 121000920 29 
2020-12-02T15:36:03.985599+09:00 0 0 경기70사6533 3 42 200000175 277102247 13 
2020-12-02T15:36:03.985614+09:00 0 0 경기70사6573 4 63 200000175 277103441 20 
2020-12-02T15:36:03.985629+09:00 0 0 경기70사6571 4 67 200000175 223000099 50 
2020-12-02T15:37:03.729600+09:00 0 0 경기70사6572 4 73 200000175 223000527 1 
2020-12-02T15:37:03.729670+09:00 0 0 경기70사6401 3 38 200000175 121000056 30 
2020-12-02T15:37:03.729690+09:00 0 0 경기70사6533 3 42 200000175 277102247 13 
2020-12-02T15:37:03.729707+09:00 0 0 경기70사6574 4 57 200000175 277103442 40 
2020-12-02T15:37:03.729723+09:00 0 0 경기70사6573 4 63 200000175 277104177 21 
2020-12-02T15:37:03.729738+09:00 0 0 경기70사6571 4 69 200000175 223000098 51 
2020-12-02T15:38:03.223882+09:00 0 0 경기70사6572 4 73 200000175 223000527 1 
2020-12-02T15:38:03.223944+09:00 0 0 경기70사6574 4 57 200000175 277103442 40 
2020-12-02T15:38:03.223964+09:00 0 0 경기70사6533 3 42 200000175 277103363 14 
2020-12-02T15:38:03.223980+09:00 0 0 경기70사6401 3 39 200000175 121000969 31 
2020-12-02T15:38:03.223996+09:00 0 0 경기70사6571 4 71 200000175 223000098 51 
2020-12-02T15:38:03.224011+09:00 0 0 경기70사6573 4 63 200000175 277103388 22 
2020-12-02T15:39:02.957922+09:00 0 0 경기70사6574 4 57 200000175 277103442 40 
2020-12-02T15:39:02.957984+09:00 0 0 경기70사6533 3 42 200000175 277103361 15 
2020-12-02T15:39:02.958004+09:00 0 0 경기70사6401 3 38 200000175 121000969 31 
2020-12-02T15:39:02.958020+09:00 0 0 경기70사6572 4 73 200000175 223000522 3 
2020-12-02T15:39:02.958036+09:00 0 0 경기70사6573 4 63 200000175 277103388 22 
2020-12-02T15:39:02.958050+09:00 0 0 경기70사6571 4 71 200000175 223000097 52 
2020-12-02T15:40:02.082000+09:00 0 0 경기70사6533 3 42 200000175 277103361 15 
2020-12-02T15:40:02.082067+09:00 0 0 경기70사6572 4 71 200000175 223000522 3 
2020-12-02T15:40:02.082088+09:00 0 0 경기70사6574 4 57 200000175 277103360 41 
2020-12-02T15:40:02.082104+09:00 0 0 경기70사6401 3 38 200000175 277104385 32 
2020-12-02T15:40:02.082120+09:00 0 0 경기70사6573 4 63 200000175 277103390 23 
2020-12-02T15:40:02.082135+09:00 0 0 경기70사6571 4 73 200000175 223000523 54 
2020-12-02T15:41:01.556027+09:00 0 0 경기70사6533 3 42 200000175 277103361 15 
2020-12-02T15:41:01.556091+09:00 0 0 경기70사6574 4 57 200000175 277103360 41 
2020-12-02T15:41:01.556111+09:00 0 0 경기70사6572 4 71 200000175 223000522 3 
2020-12-02T15:41:01.556127+09:00 0 0 경기70사6401 3 38 200000175 277104385 32 
2020-12-02T15:41:01.556143+09:00 0 0 경기70사6573 4 63 200000175 277103390 23 
2020-12-02T15:41:01.556158+09:00 0 0 경기70사6571 4 73 200000175 223000523 54 
2020-12-02T15:42:01.200497+09:00 0 0 경기70사6574 4 57 200000175 277103362 42 
2020-12-02T15:42:01.200560+09:00 0 0 경기70사6401 3 38 200000175 277104385 32 
2020-12-02T15:42:01.200580+09:00 0 0 경기70사6533 3 42 200000175 277103443 16 
2020-12-02T15:42:01.200602+09:00 0 0 경기70사6572 4 71 200000175 223000524 4 
2020-12-02T15:42:01.200618+09:00 0 0 경기70사6571 4 73 200000175 223000523 54 
2020-12-02T15:42:01.200633+09:00 0 0 경기70사6573 4 63 200000175 121000086 24 
2020-12-02T15:43:00.954352+09:00 0 0 경기70사6574 4 57 200000175 277103362 42 
2020-12-02T15:43:00.954415+09:00 0 0 경기70사6533 3 42 200000175 277103443 16 
2020-12-02T15:43:00.954435+09:00 0 0 경기70사6401 3 38 200000175 121000220 33 
2020-12-02T15:43:00.954451+09:00 0 0 경기70사6572 4 71 200000175 223000128 5 
2020-12-02T15:43:00.954467+09:00 0 0 경기70사6573 4 63 200000175 121000086 24 
2020-12-02T15:43:00.954481+09:00 0 0 경기70사6571 4 73 200000175 223000523 54 
2020-12-02T15:44:00.868440+09:00 0 0 경기70사6533 3 42 200000175 277103443 16 
2020-12-02T15:44:00.868502+09:00 0 0 경기70사6574 4 57 200000175 277103362 42 
2020-12-02T15:44:00.868522+09:00 0 0 경기70사6401 3 38 200000175 121000220 33 
2020-12-02T15:44:00.868539+09:00 0 0 경기70사6572 4 70 200000175 223000127 6 
2020-12-02T15:44:00.868555+09:00 0 0 경기70사6573 4 63 200000175 121000086 24 
2020-12-02T15:44:00.868570+09:00 0 0 경기70사6571 4 73 200000175 223000523 54 
2020-12-02T15:45:00.472570+09:00 0 0 경기70사6401 3 38 200000175 121000220 33 
2020-12-02T15:45:00.472630+09:00 0 0 경기70사6533 3 42 200000175 277103386 17 
2020-12-02T15:45:00.472648+09:00 0 0 경기70사6572 4 70 200000175 223000127 6 
2020-12-02T15:45:00.472664+09:00 0 0 경기70사6574 4 57 200000175 277103362 42 
2020-12-02T15:45:00.472680+09:00 0 0 경기70사6573 4 63 200000175 121000086 24 
2020-12-02T15:45:00.472694+09:00 0 0 경기70사6571 4 73 200000175 223000523 54 
2020-12-02T15:46:00.286662+09:00 0 0 경기70사6533 3 42 200000175 277103386 17 
2020-12-02T15:46:00.286725+09:00 0 0 경기70사6401 3 38 200000175 121000220 33 
2020-12-02T15:46:00.286745+09:00 0 0 경기70사6574 4 57 200000175 277101636 43 
2020-12-02T15:46:00.286761+09:00 0 0 경기70사6572 4 68 200000175 223000212 7 
2020-12-02T15:46:00.286777+09:00 0 0 경기70사6571 4 73 200000175 223000523 54 
2020-12-02T15:46:00.286791+09:00 0 0 경기70사6573 4 62 200000175 121000942 25 
2020-12-02T15:46:59.970776+09:00 0 0 경기70사6574 4 57 200000175 277101636 43 
2020-12-02T15:46:59.970839+09:00 0 0 경기70사6401 3 38 200000175 121000220 33 
2020-12-02T15:46:59.970859+09:00 0 0 경기70사6533 3 42 200000175 277103151 18 
2020-12-02T15:46:59.970879+09:00 0 0 경기70사6572 4 68 200000175 223000212 7 
2020-12-02T15:46:59.970896+09:00 0 0 경기70사6573 4 62 200000175 121000942 25 
2020-12-02T15:47:59.924980+09:00 0 0 경기70사6572 4 68 200000175 223000212 7 
2020-12-02T15:47:59.925072+09:00 0 0 경기70사6401 3 38 200000175 277103387 34 
2020-12-02T15:47:59.925096+09:00 0 0 경기70사6574 4 57 200000175 277101636 43 
2020-12-02T15:47:59.925113+09:00 0 0 경기70사6533 3 42 200000175 277103679 19 
2020-12-02T15:47:59.925129+09:00 0 0 경기70사6573 4 63 200000175 277102911 26 
2020-12-02T15:48:59.779150+09:00 0 0 경기70사6572 4 68 200000175 223000212 7 
2020-12-02T15:48:59.779213+09:00 0 0 경기70사6533 3 42 200000175 277103679 19 
2020-12-02T15:48:59.779234+09:00 0 0 경기70사6574 4 57 200000175 277103444 44 
2020-12-02T15:48:59.779250+09:00 0 0 경기70사6401 3 38 200000175 277104178 35 
2020-12-02T15:48:59.779266+09:00 0 0 경기70사6573 4 63 200000175 121000937 27 
2020-12-02T15:49:59.253214+09:00 0 0 경기70사6574 4 57 200000175 277103444 44 
2020-12-02T15:49:59.253278+09:00 0 0 경기70사6401 3 38 200000175 277104178 35 
2020-12-02T15:49:59.253298+09:00 0 0 경기70사6533 3 42 200000175 277103441 20 
2020-12-02T15:49:59.253315+09:00 0 0 경기70사6572 4 68 200000175 223000005 8 
2020-12-02T15:49:59.253331+09:00 0 0 경기70사6573 4 63 200000175 121000937 27 
2020-12-02T15:50:59.167060+09:00 0 0 경기70사6401 3 38 200000175 277103440 36 
2020-12-02T15:50:59.167121+09:00 0 0 경기70사6572 4 65 200000175 223000005 8 
2020-12-02T15:50:59.167140+09:00 0 0 경기70사6533 3 42 200000175 277104177 21 
2020-12-02T15:50:59.167156+09:00 0 0 경기70사6574 4 57 200000175 277103444 44 
2020-12-02T15:50:59.167172+09:00 0 0 경기70사6538 3 49 200000175 223000527 1 
2020-12-02T15:50:59.167187+09:00 0 0 경기70사6573 4 62 200000175 277101612 28 
2020-12-02T15:51:58.671069+09:00 0 0 경기70사6572 4 65 200000175 223000005 8 
2020-12-02T15:51:58.671130+09:00 0 0 경기70사6538 3 49 200000175 223000527 1 
2020-12-02T15:51:58.671150+09:00 0 0 경기70사6574 4 57 200000175 277103449 45 
2020-12-02T15:51:58.671165+09:00 0 0 경기70사6533 3 42 200000175 277104177 21 
2020-12-02T15:51:58.671181+09:00 0 0 경기70사6401 3 38 200000175 277103678 37 
2020-12-02T15:51:58.671197+09:00 0 0 경기70사6573 4 62 200000175 277101612 28 
2020-12-02T15:52:58.765182+09:00 0 0 경기70사6574 4 57 200000175 277103449 45 
2020-12-02T15:52:58.765245+09:00 0 0 경기70사6401 3 38 200000175 277103678 37 
2020-12-02T15:52:58.765264+09:00 0 0 경기70사6572 4 65 200000175 223000005 8 
2020-12-02T15:52:58.765280+09:00 0 0 경기70사6538 3 49 200000175 223000527 1 
2020-12-02T15:52:58.765296+09:00 0 0 경기70사6533 3 42 200000175 277103388 22 
2020-12-02T15:52:58.765311+09:00 0 0 경기70사6573 4 62 200000175 277101612 28 
2020-12-02T15:53:58.289258+09:00 0 0 경기70사6574 4 57 200000175 277103449 45 
2020-12-02T15:53:58.289321+09:00 0 0 경기70사6538 3 49 200000175 223000527 1 
2020-12-02T15:53:58.289342+09:00 0 0 경기70사6533 3 42 200000175 277103388 22 
2020-12-02T15:53:58.289358+09:00 0 0 경기70사6572 4 60 200000175 223000048 9 
2020-12-02T15:53:58.289375+09:00 0 0 경기70사6401 3 38 200000175 277103150 38 
2020-12-02T15:53:58.289389+09:00 0 0 경기70사6573 4 60 200000175 121000920 29 
2020-12-02T15:54:58.103199+09:00 0 0 경기70사6401 3 38 200000175 277103150 38 
2020-12-02T15:54:58.103261+09:00 0 0 경기70사6574 4 57 200000175 277103449 45 
2020-12-02T15:54:58.103285+09:00 0 0 경기70사6538 3 49 200000175 223000522 3 
2020-12-02T15:54:58.103301+09:00 0 0 경기70사6572 4 60 200000175 223000048 9 
2020-12-02T15:54:58.103318+09:00 0 0 경기70사6533 3 42 200000175 277103390 23 
2020-12-02T15:54:58.103332+09:00 0 0 경기70사6573 4 60 200000175 121000920 29 
2020-12-02T15:55:57.717180+09:00 0 0 경기70사6401 3 38 200000175 277103150 38 
2020-12-02T15:55:57.717241+09:00 0 0 경기70사6533 3 42 200000175 277103390 23 
2020-12-02T15:55:57.717261+09:00 0 0 경기70사6574 4 57 200000175 277103449 45 
2020-12-02T15:55:57.717276+09:00 0 0 경기70사6538 3 48 200000175 223000524 4 
2020-12-02T15:55:57.717292+09:00 0 0 경기70사6572 4 56 200000175 223000047 10 
2020-12-02T15:55:57.717306+09:00 0 0 경기70사6573 4 60 200000175 121000920 29 
2020-12-02T15:56:57.551281+09:00 0 0 경기70사6533 3 42 200000175 277103390 23 
2020-12-02T15:56:57.551343+09:00 0 0 경기70사6574 4 57 200000175 277103449 45 
2020-12-02T15:56:57.551364+09:00 0 0 경기70사6572 4 56 200000175 223000047 10 
2020-12-02T15:56:57.551380+09:00 0 0 경기70사6538 3 48 200000175 223000524 4 
2020-12-02T15:56:57.551397+09:00 0 0 경기70사6401 3 38 200000175 277103385 39 
2020-12-02T15:56:57.551412+09:00 0 0 경기70사6573 4 61 200000175 121000056 30 
2020-12-02T15:57:57.465292+09:00 0 0 경기70사6401 3 38 200000175 277103385 39 
2020-12-02T15:57:57.465351+09:00 0 0 경기70사6533 3 42 200000175 277103390 23 
2020-12-02T15:57:57.465371+09:00 0 0 경기70사6572 4 56 200000175 223000047 10 
2020-12-02T15:57:57.465387+09:00 0 0 경기70사6574 4 58 200000175 223000199 46 
2020-12-02T15:57:57.465404+09:00 0 0 경기70사6538 3 48 200000175 223000128 5 
2020-12-02T15:57:57.465419+09:00 0 0 경기70사6573 4 61 200000175 121000056 30 
2020-12-02T15:58:57.419381+09:00 0 0 경기70사6401 3 38 200000175 277103385 39 
2020-12-02T15:58:57.419441+09:00 0 0 경기70사6538 3 48 200000175 223000128 5 
2020-12-02T15:58:57.419460+09:00 0 0 경기70사6574 4 58 200000175 223000199 46 
2020-12-02T15:58:57.419476+09:00 0 0 경기70사6572 4 56 200000175 223000047 10 
2020-12-02T15:58:57.419492+09:00 0 0 경기70사6533 3 42 200000175 121000086 24 
2020-12-02T15:58:57.419507+09:00 0 0 경기70사6573 4 59 200000175 121000969 31 
2020-12-02T15:59:57.133543+09:00 0 0 경기70사6572 4 56 200000175 277103448 11 
2020-12-02T15:59:57.133603+09:00 0 0 경기70사6401 3 38 200000175 277103442 40 
2020-12-02T15:59:57.133623+09:00 0 0 경기70사6574 4 59 200000175 223000094 47 
2020-12-02T15:59:57.133640+09:00 0 0 경기70사6538 3 48 200000175 223000127 6 
2020-12-02T15:59:57.133656+09:00 0 0 경기70사6533 3 41 200000175 121000086 24 
2020-12-02T15:59:57.133671+09:00 0 0 경기70사6573 4 59 200000175 121000969 31 
2020-12-02T16:00:56.917532+09:00 0 0 경기70사6401 3 38 200000175 277103442 40 
2020-12-02T16:00:56.917594+09:00 0 0 경기70사6538 3 48 200000175 223000127 6 
2020-12-02T16:00:56.917613+09:00 0 0 경기70사6533 3 41 200000175 121000086 24 
2020-12-02T16:00:56.917630+09:00 0 0 경기70사6574 4 62 200000175 223000094 47 
2020-12-02T16:00:56.917646+09:00 0 0 경기70사6572 4 56 200000175 277103448 11 
2020-12-02T16:00:56.917660+09:00 0 0 경기70사6573 4 59 200000175 121000969 31 
2020-12-02T16:01:56.331654+09:00 0 0 경기70사6401 3 38 200000175 277103442 40 
2020-12-02T16:01:56.331715+09:00 0 0 경기70사6533 3 41 200000175 121000086 24 
2020-12-02T16:01:56.331734+09:00 0 0 경기70사6572 4 56 200000175 277103448 11 
2020-12-02T16:01:56.331750+09:00 0 0 경기70사6574 4 63 200000175 223000094 47 
2020-12-02T16:01:56.331765+09:00 0 0 경기70사6538 3 48 200000175 223000212 7 
2020-12-02T16:01:56.331780+09:00 0 0 경기70사6573 4 59 200000175 277104385 32 
2020-12-02T16:02:56.115789+09:00 0 0 경기70사6533 3 41 200000175 121000086 24 
2020-12-02T16:02:56.115852+09:00 0 0 경기70사6574 4 63 200000175 223000093 48 
2020-12-02T16:02:56.115872+09:00 0 0 경기70사6401 3 38 200000175 277103360 41 
2020-12-02T16:02:56.115888+09:00 0 0 경기70사6538 3 46 200000175 223000212 7 
2020-12-02T16:02:56.115904+09:00 0 0 경기70사6572 4 56 200000175 277103448 11 
2020-12-02T16:02:56.115919+09:00 0 0 경기70사6573 4 59 200000175 121000220 33 
2020-12-02T16:03:55.919728+09:00 0 0 경기70사6401 3 38 200000175 277103360 41 
2020-12-02T16:03:55.919790+09:00 0 0 경기70사6533 3 41 200000175 121000942 25 
2020-12-02T16:03:55.919810+09:00 0 0 경기70사6572 4 56 200000175 277103445 12 
2020-12-02T16:03:55.919829+09:00 0 0 경기70사6538 3 46 200000175 223000212 7 
2020-12-02T16:03:55.919845+09:00 0 0 경기70사6574 4 67 200000175 223000093 48 
2020-12-02T16:03:55.919860+09:00 0 0 경기70사6573 4 57 200000175 121000220 33 
2020-12-02T16:04:55.763887+09:00 0 0 경기70사6572 4 56 200000175 277103445 12 
2020-12-02T16:04:55.763947+09:00 0 0 경기70사6574 4 67 200000175 223000093 48 
2020-12-02T16:04:55.763970+09:00 0 0 경기70사6538 3 46 200000175 223000212 7 
2020-12-02T16:04:55.763986+09:00 0 0 경기70사6533 3 38 200000175 277102911 26 
2020-12-02T16:04:55.764002+09:00 0 0 경기70사6401 3 38 200000175 277103362 42 
2020-12-02T16:04:55.764016+09:00 0 0 경기70사6573 4 57 200000175 121000220 33 
2020-12-02T16:05:55.398020+09:00 0 0 경기70사6572 4 56 200000175 277103445 12 
2020-12-02T16:05:55.398084+09:00 0 0 경기70사6401 3 38 200000175 277103362 42 
2020-12-02T16:05:55.398104+09:00 0 0 경기70사6533 3 38 200000175 277102911 26 
2020-12-02T16:05:55.398124+09:00 0 0 경기70사6538 3 46 200000175 223000005 8 
2020-12-02T16:05:55.398142+09:00 0 0 경기70사6574 4 67 200000175 223000093 48 
2020-12-02T16:05:55.398157+09:00 0 0 경기70사6573 4 57 200000175 121000220 33 
2020-12-02T16:06:54.902087+09:00 0 0 경기70사6538 3 44 200000175 223000005 8 
2020-12-02T16:06:54.902150+09:00 0 0 경기70사6533 3 38 200000175 277102911 26 
2020-12-02T16:06:54.902170+09:00 0 0 경기70사6401 3 38 200000175 277103362 42 
2020-12-02T16:06:54.902186+09:00 0 0 경기70사6572 4 56 200000175 277102247 13 
2020-12-02T16:06:54.902203+09:00 0 0 경기70사6574 4 67 200000175 223000537 49 
2020-12-02T16:06:54.902219+09:00 0 0 경기70사6573 4 57 200000175 121000220 33 
2020-12-02T16:07:54.796098+09:00 0 0 경기70사6533 3 38 200000175 121000937 27 
2020-12-02T16:07:54.796160+09:00 0 0 경기70사6572 4 56 200000175 277102247 13 
2020-12-02T16:07:54.796179+09:00 0 0 경기70사6538 3 44 200000175 223000005 8 
2020-12-02T16:07:54.796196+09:00 0 0 경기70사6574 4 69 200000175 223000537 49 
2020-12-02T16:07:54.796213+09:00 0 0 경기70사6401 3 38 200000175 277103362 42 
2020-12-02T16:07:54.796228+09:00 0 0 경기70사6573 4 57 200000175 277103387 34 
2020-12-02T16:08:54.560280+09:00 0 0 경기70사6401 3 38 200000175 277101636 43 
2020-12-02T16:08:54.560341+09:00 0 0 경기70사6574 4 69 200000175 223000537 49 
2020-12-02T16:08:54.560366+09:00 0 0 경기70사6538 3 44 200000175 223000005 8 
2020-12-02T16:08:54.560382+09:00 0 0 경기70사6533 3 35 200000175 277101612 28 
2020-12-02T16:08:54.560401+09:00 0 0 경기70사6572 4 56 200000175 277102247 13 
2020-12-02T16:08:54.560416+09:00 0 0 경기70사6573 4 57 200000175 277104178 35 
2020-12-02T16:09:54.154383+09:00 0 0 경기70사6401 3 38 200000175 277101636 43 
2020-12-02T16:09:54.154446+09:00 0 0 경기70사6572 4 56 200000175 277102247 13 
2020-12-02T16:09:54.154466+09:00 0 0 경기70사6538 3 43 200000175 223000048 9 
2020-12-02T16:09:54.154483+09:00 0 0 경기70사6574 4 71 200000175 223000099 50 
2020-12-02T16:09:54.154499+09:00 0 0 경기70사6533 3 35 200000175 121000920 29 
2020-12-02T16:09:54.154514+09:00 0 0 경기70사6573 4 57 200000175 277104178 35 
2020-12-02T16:10:53.708447+09:00 0 0 경기70사6572 4 56 200000175 277102247 13 
2020-12-02T16:10:53.708511+09:00 0 0 경기70사6533 3 35 200000175 121000920 29 
2020-12-02T16:10:53.708534+09:00 0 0 경기70사6538 3 43 200000175 223000047 10 
2020-12-02T16:10:53.708550+09:00 0 0 경기70사6574 4 71 200000175 223000099 50 
2020-12-02T16:10:53.708567+09:00 0 0 경기70사6401 3 38 200000175 277103444 44 
2020-12-02T16:10:53.708582+09:00 0 0 경기70사6573 4 57 200000175 277103440 36 
2020-12-02T16:11:53.542623+09:00 0 0 경기70사6538 3 38 200000175 223000047 10 
2020-12-02T16:11:53.542681+09:00 0 0 경기70사6401 3 38 200000175 277103444 44 
2020-12-02T16:11:53.542701+09:00 0 0 경기70사6572 4 56 200000175 277103363 14 
2020-12-02T16:11:53.542716+09:00 0 0 경기70사6533 3 35 200000175 121000056 30 
2020-12-02T16:11:53.542732+09:00 0 0 경기70사6574 4 72 200000175 223000098 51 
2020-12-02T16:11:53.542747+09:00 0 0 경기70사6573 4 57 200000175 277103678 37 
2020-12-02T16:12:53.536907+09:00 0 0 경기70사6401 3 38 200000175 277103444 44 
2020-12-02T16:12:53.536972+09:00 0 0 경기70사6533 3 35 200000175 121000056 30 
2020-12-02T16:12:53.536992+09:00 0 0 경기70사6574 4 72 200000175 223000098 51 
2020-12-02T16:12:53.537008+09:00 0 0 경기70사6572 4 56 200000175 277103363 14 
2020-12-02T16:12:53.537024+09:00 0 0 경기70사6538 3 38 200000175 223000047 10 
2020-12-02T16:12:53.537085+09:00 0 0 경기70바6985 3 49 200000175 223000527 1 
2020-12-02T16:12:53.537102+09:00 0 0 경기70사6573 4 57 200000175 277103678 37 
2020-12-02T16:13:52.940737+09:00 0 0 경기70사6401 3 38 200000175 277103444 44 
2020-12-02T16:13:52.940798+09:00 0 0 경기70사6574 4 72 200000175 223000097 52 
2020-12-02T16:13:52.940818+09:00 0 0 경기70사6572 4 56 200000175 277103361 15 
2020-12-02T16:13:52.940834+09:00 0 0 경기70사6538 3 38 200000175 223000047 10 
2020-12-02T16:13:52.940849+09:00 0 0 경기70사6533 3 35 200000175 121000056 30 
2020-12-02T16:13:52.940864+09:00 0 0 경기70바6985 3 49 200000175 223000527 1 
2020-12-02T16:13:52.940878+09:00 0 0 경기70사6573 4 57 200000175 277103150 38 
2020-12-02T16:14:52.774803+09:00 0 0 경기70사6572 4 56 200000175 277103361 15 
2020-12-02T16:14:52.774868+09:00 0 0 경기70사6533 3 35 200000175 121000969 31 
2020-12-02T16:14:52.774888+09:00 0 0 경기70사6538 3 38 200000175 223000047 10 
2020-12-02T16:14:52.774904+09:00 0 0 경기70사6401 3 38 200000175 277103444 44 
2020-12-02T16:14:52.774920+09:00 0 0 경기70사6574 4 72 200000175 223000525 53 
2020-12-02T16:14:52.774934+09:00 0 0 경기70사6573 4 57 200000175 277103150 38 
2020-12-02T16:14:52.774949+09:00 0 0 경기70바6985 3 49 200000175 223000527 1 
2020-12-02T16:15:52.058886+09:00 0 0 경기70사6572 4 56 200000175 277103361 15 
2020-12-02T16:15:52.058949+09:00 0 0 경기70사6574 4 73 200000175 223000525 53 
2020-12-02T16:15:52.058969+09:00 0 0 경기70사6533 3 34 200000175 121000969 31 
2020-12-02T16:15:52.058985+09:00 0 0 경기70사6538 3 38 200000175 277103448 11 
2020-12-02T16:15:52.059001+09:00 0 0 경기70사6401 3 38 200000175 277103449 45 
2020-12-02T16:15:52.059016+09:00 0 0 경기70바6985 3 49 200000175 223000527 1 
2020-12-02T16:15:52.059030+09:00 0 0 경기70사6573 4 57 200000175 277103150 38 
2020-12-02T16:16:51.882947+09:00 0 0 경기70사6533 3 34 200000175 121000969 31 
2020-12-02T16:16:51.883010+09:00 0 0 경기70사6574 4 73 200000175 223000523 54 
2020-12-02T16:16:51.883034+09:00 0 0 경기70사6538 3 38 200000175 277103448 11 
2020-12-02T16:16:51.883051+09:00 0 0 경기70사6401 3 38 200000175 277103449 45 
2020-12-02T16:16:51.883068+09:00 0 0 경기70사6572 4 56 200000175 277103443 16 
2020-12-02T16:16:51.883083+09:00 0 0 경기70사6573 4 57 200000175 277103385 39 
2020-12-02T16:16:51.883097+09:00 0 0 경기70바6985 3 49 200000175 223000527 1 
2020-12-02T16:17:51.932464+09:00 0 0 경기70사6574 4 73 200000175 223000523 54 
2020-12-02T16:17:51.932522+09:00 0 0 경기70사6538 3 38 200000175 277103448 11 
2020-12-02T16:17:51.932543+09:00 0 0 경기70사6572 4 56 200000175 277103443 16 
2020-12-02T16:17:51.932559+09:00 0 0 경기70사6401 3 38 200000175 277103449 45 
2020-12-02T16:17:51.932575+09:00 0 0 경기70사6533 3 34 200000175 277104385 32 
2020-12-02T16:17:51.932591+09:00 0 0 경기70바6985 3 49 200000175 223000527 1 
2020-12-02T16:17:51.932605+09:00 0 0 경기70사6573 4 57 200000175 277103385 39 
2020-12-02T16:18:51.091219+09:00 0 0 경기70사6538 3 38 200000175 277103448 11 
2020-12-02T16:18:51.091280+09:00 0 0 경기70사6572 4 56 200000175 277103443 16 
2020-12-02T16:18:51.091300+09:00 0 0 경기70사6401 3 38 200000175 277103449 45 
2020-12-02T16:18:51.091316+09:00 0 0 경기70사6533 3 34 200000175 277104385 32 
2020-12-02T16:18:51.091332+09:00 0 0 경기70사6574 4 73 200000175 223000523 54 
2020-12-02T16:18:51.091346+09:00 0 0 경기70바6985 3 49 200000175 223000527 1 
2020-12-02T16:18:51.091360+09:00 0 0 경기70사6573 4 57 200000175 277103385 39 
2020-12-02T16:19:50.345310+09:00 0 0 경기70사6574 4 73 200000175 223000523 54 
2020-12-02T16:19:50.345371+09:00 0 0 경기70사6401 3 38 200000175 277103449 45 
2020-12-02T16:19:50.345392+09:00 0 0 경기70사6533 3 34 200000175 277104385 32 
2020-12-02T16:19:50.345408+09:00 0 0 경기70사6538 3 38 200000175 277103445 12 
2020-12-02T16:19:50.345425+09:00 0 0 경기70사6572 4 56 200000175 277103386 17 
2020-12-02T16:19:50.345440+09:00 0 0 경기70사6573 4 57 200000175 277103442 40 
2020-12-02T16:19:50.345454+09:00 0 0 경기70바6985 3 49 200000175 277102407 2 
2020-12-02T16:20:49.619465+09:00 0 0 경기70사6538 3 38 200000175 277103445 12 
2020-12-02T16:20:49.619528+09:00 0 0 경기70사6572 4 56 200000175 277103386 17 
2020-12-02T16:20:49.619548+09:00 0 0 경기70사6401 3 38 200000175 277103449 45 
2020-12-02T16:20:49.619564+09:00 0 0 경기76아6475 3 45 200000175 223000527 1 
2020-12-02T16:20:49.619580+09:00 0 0 경기70사6533 3 34 200000175 121000220 33 
2020-12-02T16:20:49.619595+09:00 0 0 경기70사6574 4 73 200000175 223000523 54 
2020-12-02T16:20:49.619609+09:00 0 0 경기70바6985 3 49 200000175 223000524 4 
2020-12-02T16:20:49.619622+09:00 0 0 경기70사6573 4 57 200000175 277103442 40 
2020-12-02T16:21:49.483298+09:00 0 0 경기70사6538 3 38 200000175 277103445 12 
2020-12-02T16:21:49.483338+09:00 0 0 경기70사6572 4 56 200000175 277103386 17 
2020-12-02T16:21:49.483358+09:00 0 0 경기70사6401 3 38 200000175 277103449 45 
2020-12-02T16:21:49.483374+09:00 0 0 경기70사6533 3 34 200000175 121000220 33 
2020-12-02T16:21:49.483393+09:00 0 0 경기70사6574 4 73 200000175 223000523 54 
2020-12-02T16:21:49.483409+09:00 0 0 경기76아6475 3 45 200000175 223000527 1 
2020-12-02T16:21:49.483423+09:00 0 0 경기70사6573 4 57 200000175 277103360 41 
2020-12-02T16:21:49.483436+09:00 0 0 경기70바6985 3 49 200000175 223000524 4 
2020-12-02T16:22:49.407633+09:00 0 0 경기70사6538 3 38 200000175 277103445 12 
2020-12-02T16:22:49.407704+09:00 0 0 경기70사6574 4 73 200000175 223000523 54 
2020-12-02T16:22:49.407724+09:00 0 0 경기76아6475 3 45 200000175 223000527 1 
2020-12-02T16:22:49.407739+09:00 0 0 경기70사6572 4 56 200000175 277103151 18 
2020-12-02T16:22:49.407755+09:00 0 0 경기70사6533 3 34 200000175 121000220 33 
2020-12-02T16:22:49.407769+09:00 0 0 경기70사6401 3 41 200000175 223000199 46 
2020-12-02T16:22:49.407782+09:00 0 0 경기70바6985 3 48 200000175 223000524 4 
2020-12-02T16:22:49.407795+09:00 0 0 경기70사6573 4 57 200000175 277103360 41 
2020-12-02T16:23:48.671466+09:00 0 0 경기70사6574 4 73 200000175 223000523 54 
2020-12-02T16:23:48.671524+09:00 0 0 경기70사6401 3 41 200000175 223000199 46 
2020-12-02T16:23:48.671544+09:00 0 0 경기76아6475 3 45 200000175 223000527 1 
2020-12-02T16:23:48.671559+09:00 0 0 경기70사6572 4 56 200000175 277103151 18 
2020-12-02T16:23:48.671575+09:00 0 0 경기70사6533 3 34 200000175 121000220 33 
2020-12-02T16:23:48.671589+09:00 0 0 경기70사6538 3 38 200000175 277102247 13 
2020-12-02T16:23:48.671602+09:00 0 0 경기70사6573 4 57 200000175 277103362 42 
2020-12-02T16:23:48.671614+09:00 0 0 경기70바6985 3 48 200000175 223000128 5 
2020-12-02T16:24:48.135307+09:00 0 0 경기70사6574 4 73 200000175 223000523 54 
2020-12-02T16:24:48.135372+09:00 0 0 경기76아6475 3 45 200000175 223000527 1 
2020-12-02T16:24:48.135393+09:00 0 0 경기70사6572 4 56 200000175 277103679 19 
2020-12-02T16:24:48.135408+09:00 0 0 경기70사6538 3 38 200000175 277102247 13 
2020-12-02T16:24:48.135425+09:00 0 0 경기70사6533 3 34 200000175 277103387 34 
2020-12-02T16:24:48.135439+09:00 0 0 경기70사6401 3 41 200000175 223000094 47 
2020-12-02T16:24:48.135454+09:00 0 0 경기70바6985 3 45 200000175 223000127 6 
2020-12-02T16:24:48.135480+09:00 0 0 경기70사6573 4 57 200000175 277103362 42 
2020-12-02T16:25:47.979043+09:00 0 0 경기70사6574 4 73 200000175 223000523 54 
2020-12-02T16:25:47.979107+09:00 0 0 경기76아6475 3 45 200000175 223000527 1 
2020-12-02T16:25:47.979128+09:00 0 0 경기70사6572 4 56 200000175 277103679 19 
2020-12-02T16:25:47.979144+09:00 0 0 경기70사6533 3 34 200000175 277103387 34 
2020-12-02T16:25:47.979160+09:00 0 0 경기70사6401 3 41 200000175 223000093 48 
2020-12-02T16:25:47.979176+09:00 0 0 경기70사6538 3 38 200000175 277102247 13 
2020-12-02T16:25:47.979189+09:00 0 0 경기70사6573 4 57 200000175 277103362 42 
2020-12-02T16:25:47.979202+09:00 0 0 경기70바6985 3 45 200000175 223000127 6 
2020-12-02T16:26:47.612757+09:00 0 0 경기70사6574 4 73 200000175 223000523 54 
2020-12-02T16:26:47.612818+09:00 0 0 경기70사6538 3 38 200000175 277102247 13 
2020-12-02T16:26:47.612838+09:00 0 0 경기70사6533 3 34 200000175 277104178 35 
2020-12-02T16:26:47.612854+09:00 0 0 경기70사6572 4 56 200000175 277103441 20 
2020-12-02T16:26:47.612870+09:00 0 0 경기70사6401 3 43 200000175 223000093 48 
2020-12-02T16:26:47.612885+09:00 0 0 경기76아6475 3 45 200000175 277102407 2 
2020-12-02T16:26:47.612898+09:00 0 0 경기70바6985 3 44 200000175 223000212 7 
2020-12-02T16:26:47.612912+09:00 0 0 경기70사6573 4 57 200000175 277103362 42 
2020-12-02T16:27:47.306573+09:00 0 0 경기70사6572 4 56 200000175 277103441 20 
2020-12-02T16:27:47.306635+09:00 0 0 경기70사6533 3 34 200000175 277103440 36 
2020-12-02T16:27:47.306656+09:00 0 0 경기70사6538 3 38 200000175 277103363 14 
2020-12-02T16:27:47.306673+09:00 0 0 경기70사6574 4 73 200000175 223000523 54 
2020-12-02T16:27:47.306690+09:00 0 0 경기70사6401 3 43 200000175 223000093 48 
2020-12-02T16:27:47.306708+09:00 0 0 경기76아6475 3 45 200000175 223000524 4 
2020-12-02T16:27:47.306723+09:00 0 0 경기70바6985 3 44 200000175 223000212 7 
2020-12-02T16:27:47.306737+09:00 0 0 경기70사6573 4 57 200000175 277101636 43 
2020-12-02T16:28:47.140525+09:00 0 0 경기70사6574 4 73 200000175 223000523 54 
2020-12-02T16:28:47.140594+09:00 0 0 경기70사6572 4 56 200000175 277104177 21 
2020-12-02T16:28:47.140615+09:00 0 0 경기76아6475 3 45 200000175 223000524 4 
2020-12-02T16:28:47.140631+09:00 0 0 경기70사6538 3 38 200000175 277103363 14 
2020-12-02T16:28:47.140648+09:00 0 0 경기70사6401 3 44 200000175 223000537 49 
2020-12-02T16:28:47.140663+09:00 0 0 경기70사6533 3 34 200000175 277103440 36 
2020-12-02T16:28:47.140676+09:00 0 0 경기70바6985 3 44 200000175 223000212 7 
2020-12-02T16:28:47.140690+09:00 0 0 경기70사6573 4 57 200000175 277101636 43 
2020-12-02T16:29:47.104321+09:00 0 0 경기70사6538 3 38 200000175 277103361 15 
2020-12-02T16:29:47.104383+09:00 0 0 경기70사6574 4 73 200000175 223000523 54 
2020-12-02T16:29:47.104404+09:00 0 0 경기76아6475 3 45 200000175 223000524 4 
2020-12-02T16:29:47.104419+09:00 0 0 경기70사6572 4 56 200000175 277104177 21 
2020-12-02T16:29:47.104436+09:00 0 0 경기70사6401 3 46 200000175 223000537 49 
2020-12-02T16:29:47.104450+09:00 0 0 경기70사6533 3 34 200000175 277103678 37 
2020-12-02T16:29:47.104464+09:00 0 0 경기70사6573 4 57 200000175 277101636 43 
2020-12-02T16:29:47.104477+09:00 0 0 경기70바6985 3 42 200000175 223000005 8 
2020-12-02T16:30:46.418238+09:00 0 0 경기70사6538 3 38 200000175 277103361 15 
2020-12-02T16:30:46.418297+09:00 0 0 경기70사6572 4 56 200000175 277103388 22 
2020-12-02T16:30:46.418320+09:00 0 0 경기70사6401 3 46 200000175 223000537 49 
2020-12-02T16:30:46.418338+09:00 0 0 경기76아6475 3 45 200000175 223000128 5 
2020-12-02T16:30:46.418354+09:00 0 0 경기70사6533 3 34 200000175 277103150 38 
2020-12-02T16:30:46.418370+09:00 0 0 경기70바6985 3 42 200000175 223000005 8 
2020-12-02T16:30:46.418388+09:00 0 0 경기70사6573 4 57 200000175 277103444 44 
2020-12-02T16:31:46.174346+09:00 0 0 경기70사6533 3 34 200000175 277103150 38 
2020-12-02T16:31:46.174407+09:00 0 0 경기70사6401 3 48 200000175 223000099 50 
2020-12-02T16:31:46.174426+09:00 0 0 경기76아6475 3 45 200000175 223000127 6 
2020-12-02T16:31:46.174446+09:00 0 0 경기70사6538 3 38 200000175 277103443 16 
2020-12-02T16:31:46.174463+09:00 0 0 경기70사6572 4 56 200000175 277103388 22 
2020-12-02T16:31:46.174478+09:00 0 0 경기70바6985 3 42 200000175 223000005 8 
2020-12-02T16:31:46.174492+09:00 0 0 경기70사6573 4 57 200000175 277103444 44 
2020-12-02T16:31:46.174505+09:00 0 0 경기70사6535 3 49 200000175 223000527 1 
2020-12-02T16:32:45.816005+09:00 0 0 경기70사6572 4 56 200000175 277103390 23 
2020-12-02T16:32:45.816066+09:00 0 0 경기76아6475 3 45 200000175 223000127 6 
2020-12-02T16:32:45.816085+09:00 0 0 경기70사6533 3 34 200000175 277103385 39 
2020-12-02T16:32:45.816102+09:00 0 0 경기70사6538 3 38 200000175 277103443 16 
2020-12-02T16:32:45.816118+09:00 0 0 경기70사6401 3 48 200000175 223000099 50 
2020-12-02T16:32:45.816133+09:00 0 0 경기70바6985 3 42 200000175 223000005 8 
2020-12-02T16:32:45.816147+09:00 0 0 경기70사6535 3 49 200000175 223000527 1 
2020-12-02T16:32:45.816161+09:00 0 0 경기70사6573 4 57 200000175 277103444 44 
2020-12-02T16:33:45.460101+09:00 0 0 경기70사6572 4 56 200000175 277103390 23 
2020-12-02T16:33:45.460163+09:00 0 0 경기70사6538 3 38 200000175 277103443 16 
2020-12-02T16:33:45.460182+09:00 0 0 경기70사6401 3 48 200000175 223000097 52 
2020-12-02T16:33:45.460199+09:00 0 0 경기70사6533 3 34 200000175 277103385 39 
2020-12-02T16:33:45.460215+09:00 0 0 경기76아6475 3 45 200000175 223000127 6 
2020-12-02T16:33:45.460230+09:00 0 0 경기70사6573 4 57 200000175 277103449 45 
2020-12-02T16:33:45.460255+09:00 0 0 경기70사6535 3 49 200000175 223000527 1 
2020-12-02T16:33:45.460268+09:00 0 0 경기70바6985 3 42 200000175 223000048 9 
2020-12-02T16:34:45.313846+09:00 0 0 경기70사6572 4 56 200000175 277103390 23 
2020-12-02T16:34:45.313908+09:00 0 0 경기70사6533 3 34 200000175 277103385 39 
2020-12-02T16:34:45.313927+09:00 0 0 경기76아6475 3 43 200000175 223000212 7 
2020-12-02T16:34:45.313943+09:00 0 0 경기70사6401 3 48 200000175 223000097 52 
2020-12-02T16:34:45.313960+09:00 0 0 경기70사6538 3 38 200000175 277103386 17 
2020-12-02T16:34:45.313974+09:00 0 0 경기70사6535 3 49 200000175 223000527 1 
2020-12-02T16:34:45.313988+09:00 0 0 경기70바6985 3 42 200000175 223000048 9 
2020-12-02T16:34:45.314002+09:00 0 0 경기70사6573 4 57 200000175 277103449 45 
2020-12-02T16:35:44.517780+09:00 0 0 경기70사6401 3 48 200000175 223000097 52 
2020-12-02T16:35:44.517842+09:00 0 0 경기70사6538 3 38 200000175 277103386 17 
2020-12-02T16:35:44.517862+09:00 0 0 경기70사6572 4 56 200000175 121000086 24 
2020-12-02T16:35:44.517878+09:00 0 0 경기76아6475 3 43 200000175 223000212 7 
2020-12-02T16:35:44.517894+09:00 0 0 경기70사6533 3 34 200000175 277103442 40 
2020-12-02T16:35:44.517909+09:00 0 0 경기70사6535 3 49 200000175 277102407 2 
2020-12-02T16:35:44.517923+09:00 0 0 경기70바6985 3 42 200000175 223000047 10 
2020-12-02T16:35:44.517936+09:00 0 0 경기70사6573 4 57 200000175 277103449 45 
2020-12-02T16:36:43.781714+09:00 0 0 경기70사6538 3 38 200000175 277103386 17 
2020-12-02T16:36:43.781776+09:00 0 0 경기76아6475 3 43 200000175 223000212 7 
2020-12-02T16:36:43.781795+09:00 0 0 경기70사6533 3 34 200000175 277103442 40 
2020-12-02T16:36:43.781811+09:00 0 0 경기70사6572 4 56 200000175 121000086 24 
2020-12-02T16:36:43.781828+09:00 0 0 경기70사6401 3 48 200000175 223000525 53 
2020-12-02T16:36:43.781843+09:00 0 0 경기70사6535 3 48 200000175 223000522 3 
2020-12-02T16:36:43.781856+09:00 0 0 경기70사6573 4 57 200000175 277103449 45 
2020-12-02T16:36:43.781870+09:00 0 0 경기70바6985 3 42 200000175 223000047 10 
2020-12-02T16:37:43.455689+09:00 0 0 경기76아6475 3 43 200000175 223000212 7 
2020-12-02T16:37:43.455747+09:00 0 0 경기70사6572 4 56 200000175 121000086 24 
2020-12-02T16:37:43.455767+09:00 0 0 경기70사6533 3 34 200000175 277103360 41 
2020-12-02T16:37:43.455783+09:00 0 0 경기70사6401 3 48 200000175 223000523 54 
2020-12-02T16:37:43.455800+09:00 0 0 경기70사6538 3 38 200000175 277103151 18 
2020-12-02T16:37:43.455815+09:00 0 0 경기70사6573 4 57 200000175 277103449 45 
2020-12-02T16:37:43.455829+09:00 0 0 경기70바6985 3 42 200000175 223000047 10 
2020-12-02T16:37:43.455842+09:00 0 0 경기70사6535 3 48 200000175 223000524 4 
2020-12-02T16:38:43.349653+09:00 0 0 경기76아6475 3 43 200000175 223000212 7 
2020-12-02T16:38:43.349730+09:00 0 0 경기70사6572 4 56 200000175 121000086 24 
2020-12-02T16:38:43.349751+09:00 0 0 경기70사6401 3 48 200000175 223000523 54 
2020-12-02T16:38:43.349767+09:00 0 0 경기70사6538 3 38 200000175 277103679 19 
2020-12-02T16:38:43.349784+09:00 0 0 경기70사6533 3 34 200000175 277103360 41 
2020-12-02T16:38:43.349799+09:00 0 0 경기70바6985 3 42 200000175 223000047 10 
2020-12-02T16:38:43.349812+09:00 0 0 경기70사6535 3 48 200000175 223000524 4 
2020-12-02T16:38:43.349826+09:00 0 0 경기70사6573 4 57 200000175 277103449 45 
2020-12-02T16:39:42.333590+09:00 0 0 경기70사6401 3 48 200000175 223000523 54 
2020-12-02T16:39:42.333651+09:00 0 0 경기70사6538 3 38 200000175 277103679 19 
2020-12-02T16:39:42.333671+09:00 0 0 경기70사6572 4 59 200000175 121000086 24 
2020-12-02T16:39:42.333687+09:00 0 0 경기76아6475 3 43 200000175 223000212 7 
2020-12-02T16:39:42.333704+09:00 0 0 경기70사6533 3 34 200000175 277103362 42 
2020-12-02T16:39:42.333718+09:00 0 0 경기70바6985 3 42 200000175 223000047 10 
2020-12-02T16:39:42.333732+09:00 0 0 경기70사6535 3 48 200000175 223000524 4 
2020-12-02T16:39:42.333746+09:00 0 0 경기70사6573 4 60 200000175 223000199 46 
2020-12-02T16:40:41.927574+09:00 0 0 경기70사6533 3 34 200000175 277103362 42 
2020-12-02T16:40:41.927638+09:00 0 0 경기70사6401 3 48 200000175 223000523 54 
2020-12-02T16:40:41.927658+09:00 0 0 경기70사6572 4 59 200000175 121000942 25 
2020-12-02T16:40:41.927674+09:00 0 0 경기76아6475 3 43 200000175 223000005 8 
2020-12-02T16:40:41.927690+09:00 0 0 경기70사6538 3 38 200000175 277103441 20 
2020-12-02T16:40:41.927705+09:00 0 0 경기70바6985 3 42 200000175 223000047 10 
2020-12-02T16:40:41.927719+09:00 0 0 경기70사6573 4 62 200000175 223000199 46 
2020-12-02T16:40:41.927734+09:00 0 0 경기70사6535 3 48 200000175 223000128 5 
2020-12-02T16:41:41.121421+09:00 0 0 경기76아6475 3 43 200000175 223000005 8 
2020-12-02T16:41:41.121476+09:00 0 0 경기70사6538 3 38 200000175 277103441 20 
2020-12-02T16:41:41.121495+09:00 0 0 경기70사6401 3 48 200000175 223000523 54 
2020-12-02T16:41:41.121522+09:00 0 0 경기70사6533 3 34 200000175 277103362 42 
2020-12-02T16:41:41.121538+09:00 0 0 경기70사6572 4 55 200000175 277102911 26 
2020-12-02T16:41:41.121552+09:00 0 0 경기70바6985 3 42 200000175 277103448 11 
2020-12-02T16:41:41.121565+09:00 0 0 경기70사6573 4 62 200000175 223000199 46 
2020-12-02T16:41:41.121578+09:00 0 0 경기70사6535 3 47 200000175 223000127 6 
2020-12-02T16:42:40.905593+09:00 0 0 경기70사6401 3 48 200000175 223000523 54 
2020-12-02T16:42:40.905651+09:00 0 0 경기70사6572 4 55 200000175 277102911 26 
2020-12-02T16:42:40.905669+09:00 0 0 경기76아6475 3 43 200000175 223000005 8 
2020-12-02T16:42:40.905684+09:00 0 0 경기70사6538 3 38 200000175 277104177 21 
2020-12-02T16:42:40.905711+09:00 0 0 경기70사6533 3 34 200000175 277103362 42 
2020-12-02T16:42:40.905726+09:00 0 0 경기70사6535 3 47 200000175 223000127 6 
2020-12-02T16:42:40.905739+09:00 0 0 경기70바6985 3 42 200000175 277103448 11 
2020-12-02T16:42:40.905753+09:00 0 0 경기70사6573 4 65 200000175 223000094 47 
2020-12-02T16:43:40.859577+09:00 0 0 경기70사6533 3 34 200000175 277101636 43 
2020-12-02T16:43:40.859638+09:00 0 0 경기70사6401 3 48 200000175 223000523 54 
2020-12-02T16:43:40.859658+09:00 0 0 경기76아6475 3 43 200000175 223000005 8 
2020-12-02T16:43:40.859674+09:00 0 0 경기70사6572 4 56 200000175 277102911 26 
2020-12-02T16:43:40.859691+09:00 0 0 경기70사6538 3 38 200000175 277103388 22 
2020-12-02T16:43:40.859705+09:00 0 0 경기70바6985 3 42 200000175 277103448 11 
2020-12-02T16:43:40.859719+09:00 0 0 경기70사6573 4 65 200000175 223000094 47 
2020-12-02T16:43:40.859734+09:00 0 0 경기70사6535 3 47 200000175 223000127 6 
2020-12-02T16:44:40.333578+09:00 0 0 경기70사6533 3 34 200000175 277101636 43 
2020-12-02T16:44:40.333641+09:00 0 0 경기70사6401 3 48 200000175 223000523 54 
2020-12-02T16:44:40.333662+09:00 0 0 경기70사6538 3 38 200000175 277103388 22 
2020-12-02T16:44:40.333678+09:00 0 0 경기76아6475 3 41 200000175 223000048 9 
2020-12-02T16:44:40.333695+09:00 0 0 경기70사6572 4 57 200000175 121000937 27 
2020-12-02T16:44:40.333710+09:00 0 0 경기70사6535 3 47 200000175 223000212 7 
2020-12-02T16:44:40.333724+09:00 0 0 경기70사6573 4 66 200000175 223000093 48 
2020-12-02T16:44:40.333739+09:00 0 0 경기70바6985 3 42 200000175 277103445 12 
2020-12-02T16:45:40.117709+09:00 0 0 경기70사6572 4 51 200000175 121000937 27 
2020-12-02T16:45:40.117770+09:00 0 0 경기70사6401 3 48 200000175 223000523 54 
2020-12-02T16:45:40.117790+09:00 0 0 경기70사6533 3 34 200000175 277103444 44 
2020-12-02T16:45:40.117804+09:00 0 0 경기76아6475 3 41 200000175 223000047 10 
2020-12-02T16:45:40.117820+09:00 0 0 경기70사6538 3 38 200000175 277103390 23 
2020-12-02T16:45:40.117834+09:00 0 0 경기70바6985 3 42 200000175 277103445 12 
2020-12-02T16:45:40.117848+09:00 0 0 경기70사6573 4 66 200000175 223000093 48 
2020-12-02T16:45:40.117862+09:00 0 0 경기70사6535 3 46 200000175 223000212 7 
