218000010 2020-12-11T00:00:44.775673+09:00
2020-12-12T11:11:49 0 0 경기73아1409 3 39 218000010 219000003 21 
2020-12-12T11:11:49 0 0 경기73아1413 3 39 218000010 229001539 14 
2020-12-12T11:11:49 0 0 경기73아1405 3 32 218000010 118000524 46 
2020-12-12T11:11:49 0 0 경기73아1256 3 41 218000010 229000855 87 
2020-12-12T11:11:49 0 0 경기73아1258 3 37 218000010 219000124 68 
2020-12-12T11:11:49 0 0 경기73아1407 3 14 218000010 277103383 37 
2020-12-12T11:11:49 0 0 경기73아1259 3 9 218000010 219000386 57 
2020-12-12T11:11:49 0 0 경기73아1410 3 41 218000010 229001505 20 
2020-12-12T11:11:49 0 0 경기73아1257 3 35 218000010 229001540 79 
2020-12-12T11:11:49 0 0 경기73아1279 3 17 218000010 277103427 52 
2020-12-12T11:11:49 0 0 경기73아1414 3 41 218000010 229000849 7 
2020-12-12T11:11:49 0 0 경기73아1406 3 19 218000010 277103515 42 
2020-12-12T11:11:49 0 0 경기73아1408 3 32 218000010 219000365 27 
