234001609 2020-12-29T03:24:48.694659+09:00
2020-12-29T23:01:27 2 0 경기77바2005 3 45 234001609 277101661 2 
2020-12-29T23:02:27 2 0 경기77바2005 3 45 234001609 234000946 3 
2020-12-29T23:03:26 2 0 경기77바2005 3 45 234001609 234000348 4 
2020-12-29T23:04:26 2 0 경기77바2005 3 45 234001609 234000346 6 
2020-12-29T23:05:26 2 0 경기77바2005 3 45 234001609 234000345 7 
2020-12-29T23:06:26 2 0 경기77바2005 3 45 234001609 234001068 8 
2020-12-29T23:07:26 2 0 경기77바2005 3 45 234001609 234000343 10 
2020-12-29T23:08:25 2 0 경기77바2005 3 45 234001609 234000343 10 
2020-12-29T23:09:25 2 0 경기77바2005 3 45 234001609 234000089 13 
2020-12-29T23:10:25 2 0 경기77바2005 3 45 234001609 234000089 13 
2020-12-29T23:11:24 2 0 경기77바2005 3 45 234001609 234000089 13 
2020-12-29T23:12:24 2 0 경기77바2005 3 45 234001609 234000341 15 
2020-12-29T23:13:23 2 0 경기77바2005 3 45 234001609 234000341 15 
2020-12-29T23:14:23 2 0 경기77바2005 3 45 234001609 234000340 16 
2020-12-29T23:15:22 2 0 경기77바2005 3 45 234001609 234000339 17 
2020-12-29T23:16:22 2 0 경기77바2005 3 45 234001609 234000338 18 
2020-12-29T23:17:22 2 0 경기77바2005 3 45 234001609 234000337 19 
2020-12-29T23:18:22 2 0 경기77바2005 3 45 234001609 234000336 20 
2020-12-29T23:19:21 2 0 경기77바2005 3 45 234001609 234000336 20 
2020-12-29T23:20:20 2 0 경기77바2005 3 45 234001609 234000335 21 
2020-12-29T23:21:20 2 0 경기77바2005 3 45 234001609 234000334 22 
2020-12-29T23:22:20 2 0 경기77바2005 3 44 234001609 234000334 22 
2020-12-29T23:23:19 2 0 경기77바2005 3 44 234001609 234000333 23 
2020-12-29T23:24:18 2 0 경기77바2005 3 44 234001609 234000643 25 
2020-12-29T23:25:18 2 0 경기77바2005 3 44 234001609 234000643 25 
2020-12-29T23:26:18 2 0 경기77바2005 3 44 234001609 234000643 25 
2020-12-29T23:27:17 2 0 경기77바2005 3 44 234001609 234000269 26 
2020-12-29T23:28:17 2 0 경기77바2005 3 43 234001609 234000267 28 
2020-12-29T23:29:17 2 0 경기77바2005 3 43 234001609 234000251 29 
2020-12-29T23:30:17 2 0 경기77바2005 3 43 234001609 234000271 30 
2020-12-29T23:31:16 2 0 경기77바2005 3 43 234001609 234000271 30 
2020-12-29T23:32:17 2 0 경기77바2005 3 42 234001609 234000270 31 
2020-12-29T23:32:17 0 0 경기77바3445 3 45 234001609 234000946 3 
2020-12-29T23:33:15 0 0 경기77바3445 3 45 234001609 234000348 4 
2020-12-29T23:33:15 2 0 경기77바2005 3 42 234001609 234000270 31 
2020-12-29T23:34:15 0 0 경기77바3445 3 45 234001609 234000348 4 
2020-12-29T23:34:15 2 0 경기77바2005 3 42 234001609 234001077 32 
2020-12-29T23:35:15 2 0 경기77바2005 3 42 234001609 234000330 33 
2020-12-29T23:35:15 0 0 경기77바3445 3 45 234001609 234000346 6 
2020-12-29T23:36:15 0 0 경기77바3445 3 45 234001609 234000346 6 
2020-12-29T23:36:15 2 0 경기77바2005 3 41 234001609 234000330 33 
2020-12-29T23:37:14 0 0 경기77바3445 3 45 234001609 234000345 7 
2020-12-29T23:37:14 2 0 경기77바2005 3 41 234001609 234001004 35 
2020-12-29T23:38:14 0 0 경기77바3445 3 45 234001609 234000345 7 
2020-12-29T23:38:14 2 0 경기77바2005 3 41 234001609 234000434 37 
2020-12-29T23:39:13 0 0 경기77바3445 3 45 234001609 234000344 9 
2020-12-29T23:39:13 2 0 경기77바2005 3 40 234001609 234000064 38 
2020-12-29T23:40:13 0 0 경기77바3445 3 45 234001609 234000343 10 
2020-12-29T23:40:13 2 0 경기77바2005 3 40 234001609 234001169 39 
2020-12-29T23:41:13 2 0 경기77바2005 3 40 234001609 234000063 40 
2020-12-29T23:41:13 0 0 경기77바3445 3 45 234001609 234000343 10 
2020-12-29T23:42:12 2 0 경기77바2005 3 40 234001609 234000063 40 
2020-12-29T23:42:12 0 0 경기77바3445 3 44 234001609 234000089 13 
2020-12-29T23:43:12 0 0 경기77바3445 3 44 234001609 234000089 13 
2020-12-29T23:43:12 2 0 경기77바2005 3 40 234001609 205000078 42 
2020-12-29T23:44:12 0 0 경기77바3445 3 44 234001609 234000089 13 
2020-12-29T23:44:12 2 0 경기77바2005 3 40 234001609 205000078 42 
2020-12-29T23:45:12 2 0 경기77바2005 3 40 234001609 205000074 43 
2020-12-29T23:45:12 0 0 경기77바3445 3 44 234001609 234000341 15 
2020-12-29T23:46:12 0 0 경기77바3445 3 44 234001609 234000341 15 
2020-12-29T23:46:12 2 0 경기77바2005 3 40 234001609 205000074 43 
2020-12-29T23:47:10 2 0 경기77바2005 3 40 234001609 205000074 43 
2020-12-29T23:47:10 0 0 경기77바3445 3 44 234001609 234000339 17 
2020-12-29T23:48:10 2 0 경기77바2005 3 40 234001609 205000074 43 
2020-12-29T23:48:10 0 0 경기77바3445 3 44 234001609 234000339 17 
2020-12-29T23:49:10 2 0 경기77바2005 3 40 234001609 205000074 43 
2020-12-29T23:49:10 0 0 경기77바3445 3 44 234001609 234000338 18 
2020-12-29T23:50:10 0 0 경기77바3445 3 44 234001609 234000337 19 
2020-12-29T23:50:10 2 0 경기77바2005 3 42 234001609 205000069 44 
2020-12-29T23:51:10 2 0 경기77바2005 3 42 234001609 205000069 44 
2020-12-29T23:51:10 0 0 경기77바3445 3 44 234001609 234000336 20 
2020-12-29T23:52:09 2 0 경기77바2005 3 42 234001609 205000069 44 
2020-12-29T23:52:09 0 0 경기77바3445 3 44 234001609 234000336 20 
2020-12-29T23:53:09 0 0 경기77바3445 3 44 234001609 234000335 21 
2020-12-29T23:53:09 2 0 경기77바2005 3 42 234001609 204000087 45 
2020-12-29T23:54:09 2 0 경기77바2005 3 42 234001609 204000019 46 
2020-12-29T23:54:09 0 0 경기77바3445 3 44 234001609 234000334 22 
2020-12-29T23:55:09 2 0 경기77바2005 3 42 234001609 204000019 46 
2020-12-29T23:55:09 0 0 경기77바3445 3 44 234001609 234000333 23 
2020-12-29T23:56:09 0 0 경기77바3445 3 44 234001609 234000332 24 
2020-12-29T23:56:09 2 0 경기77바2005 3 42 234001609 204000022 47 
2020-12-29T23:57:08 0 0 경기77바3445 3 44 234001609 234000643 25 
2020-12-29T23:57:08 2 0 경기77바2005 3 42 234001609 204000020 49 
2020-12-29T23:58:08 2 0 경기77바2005 3 42 234001609 204000020 49 
2020-12-29T23:58:08 0 0 경기77바3445 3 44 234001609 234000643 25 
2020-12-29T23:59:08 0 0 경기77바3445 3 44 234001609 234000269 26 
2020-12-29T23:59:08 2 0 경기77바2005 3 42 234001609 204000116 50 
2020-12-30T00:00:08 2 0 경기77바2005 3 42 234001609 204000114 52 
2020-12-30T00:00:08 0 0 경기77바3445 3 44 234001609 234000267 28 
2020-12-30T00:01:08 2 0 경기77바2005 3 42 234001609 123000329 53 
2020-12-30T00:01:08 1 0 경기77바2447 3 45 234001609 277101661 2 
2020-12-30T00:01:08 0 0 경기77바3445 3 44 234001609 234000251 29 
2020-12-30T00:02:08 0 0 경기77바3445 3 44 234001609 234000271 30 
2020-12-30T00:02:08 0 0 경기77바2447 3 45 234001609 234000946 3 
2020-12-30T00:02:08 2 0 경기77바2005 3 42 234001609 123000015 54 
2020-12-30T00:03:08 2 0 경기77바2005 3 42 234001609 123000013 55 
2020-12-30T00:03:08 0 0 경기77바2447 3 45 234001609 234000348 4 
2020-12-30T00:03:08 0 0 경기77바3445 3 44 234001609 234000271 30 
2020-12-30T00:04:07 0 0 경기77바3445 3 43 234001609 234000270 31 
2020-12-30T00:04:07 2 0 경기77바2005 3 42 234001609 123000013 55 
2020-12-30T00:04:07 0 0 경기77바2447 3 45 234001609 234000347 5 
2020-12-30T00:05:07 2 0 경기77바2005 3 43 234001609 123000011 56 
2020-12-30T00:05:07 0 0 경기77바2447 3 45 234001609 234000346 6 
2020-12-30T00:05:07 0 0 경기77바3445 3 43 234001609 234001077 32 
2020-12-30T00:06:07 0 0 경기77바2447 3 45 234001609 234000346 6 
2020-12-30T00:06:07 2 0 경기77바2005 3 43 234001609 123000011 56 
2020-12-30T00:06:07 0 0 경기77바3445 3 43 234001609 234000330 33 
2020-12-30T00:07:06 0 0 경기77바3445 3 42 234001609 234000330 33 
2020-12-30T00:07:06 0 0 경기77바2447 3 45 234001609 234000345 7 
2020-12-30T00:07:06 2 0 경기77바2005 3 44 234001609 123000009 57 
2020-12-30T00:08:06 0 0 경기77바3445 3 42 234001609 234000436 34 
2020-12-30T00:08:06 2 0 경기77바2005 3 44 234001609 123000009 57 
2020-12-30T00:08:06 0 0 경기77바2447 3 45 234001609 234001068 8 
2020-12-30T00:09:06 2 0 경기77바2005 3 44 234001609 123000007 58 
2020-12-30T00:09:06 0 0 경기77바2447 3 45 234001609 234000344 9 
2020-12-30T00:09:06 0 0 경기77바3445 3 42 234001609 234001004 35 
2020-12-30T00:10:06 2 0 경기77바2005 3 44 234001609 123000007 58 
2020-12-30T00:10:06 0 0 경기77바2447 3 45 234001609 234000343 10 
2020-12-30T00:10:06 0 0 경기77바3445 3 42 234001609 234000434 37 
2020-12-30T00:11:05 2 0 경기77바2005 3 44 234001609 123000005 59 
2020-12-30T00:11:05 0 0 경기77바2447 3 45 234001609 234000943 12 
2020-12-30T00:11:05 0 0 경기77바3445 3 42 234001609 234000064 38 
2020-12-30T00:12:04 0 0 경기77바3445 3 40 234001609 234000064 38 
2020-12-30T00:12:04 2 0 경기77바2005 3 44 234001609 123000003 60 
2020-12-30T00:12:04 0 0 경기77바2447 3 45 234001609 234000089 13 
2020-12-30T00:13:04 2 0 경기77바2005 3 44 234001609 123000611 62 
2020-12-30T00:13:04 0 0 경기77바2447 3 45 234001609 234000089 13 
2020-12-30T00:13:04 0 0 경기77바3445 3 40 234001609 234000063 40 
2020-12-30T00:14:03 2 0 경기77바2005 3 44 234001609 123000611 62 
2020-12-30T00:14:03 0 0 경기77바2447 3 45 234001609 234000089 13 
2020-12-30T00:14:03 0 0 경기77바3445 3 39 234001609 234000063 40 
2020-12-30T00:15:03 2 0 경기77바2005 3 44 234001609 123000611 62 
2020-12-30T00:15:03 0 0 경기77바3445 3 39 234001609 234000063 40 
2020-12-30T00:15:03 0 0 경기77바2447 3 44 234001609 234000342 14 
2020-12-30T00:16:02 2 0 경기77바2005 3 44 234001609 123000611 62 
2020-12-30T00:16:02 0 0 경기77바2447 3 44 234001609 234000342 14 
2020-12-30T00:16:02 0 0 경기77바3445 3 39 234001609 277103681 41 
2020-12-30T00:17:02 0 0 경기77바3445 3 39 234001609 205000078 42 
2020-12-30T00:17:02 0 0 경기77바2447 3 44 234001609 234000341 15 
2020-12-30T00:17:02 2 0 경기77바2005 3 42 234001609 123000004 65 
2020-12-30T00:18:01 2 0 경기77바2005 3 42 234001609 123000006 66 
2020-12-30T00:18:01 0 0 경기77바3445 3 39 234001609 205000078 42 
2020-12-30T00:18:01 0 0 경기77바2447 3 43 234001609 234000340 16 
2020-12-30T00:19:01 2 0 경기77바2005 3 42 234001609 123000006 66 
2020-12-30T00:19:01 0 0 경기77바2447 3 43 234001609 234000340 16 
2020-12-30T00:19:01 0 0 경기77바3445 3 39 234001609 205000074 43 
2020-12-30T00:20:01 0 0 경기77바3445 3 39 234001609 205000074 43 
2020-12-30T00:20:01 0 0 경기77바2447 3 43 234001609 234000339 17 
2020-12-30T00:20:01 2 0 경기77바2005 3 42 234001609 123000006 66 
2020-12-30T00:21:01 0 0 경기77바2447 3 43 234001609 234000339 17 
2020-12-30T00:21:01 0 0 경기77바3445 3 39 234001609 205000074 43 
2020-12-30T00:21:01 2 0 경기77바2005 3 42 234001609 123000008 67 
2020-12-30T00:21:59 0 0 경기77바3445 3 39 234001609 205000074 43 
2020-12-30T00:21:59 0 0 경기77바2447 3 43 234001609 234000338 18 
2020-12-30T00:21:59 2 0 경기77바2005 3 42 234001609 123000010 68 
2020-12-30T00:22:58 0 0 경기77바2447 3 43 234001609 234000336 20 
2020-12-30T00:22:58 2 0 경기77바2005 3 42 234001609 123000010 68 
2020-12-30T00:22:58 0 0 경기77바3445 3 41 234001609 205000069 44 
2020-12-30T00:23:58 0 0 경기77바3445 3 41 234001609 205000069 44 
2020-12-30T00:23:58 0 0 경기77바2447 3 43 234001609 234000336 20 
2020-12-30T00:23:58 2 0 경기77바2005 3 42 234001609 123000012 69 
2020-12-30T00:24:57 0 0 경기77바3445 3 41 234001609 205000069 44 
2020-12-30T00:24:57 2 0 경기77바2005 3 42 234001609 123000012 69 
2020-12-30T00:24:57 0 0 경기77바2447 3 43 234001609 234000336 20 
2020-12-30T00:25:56 0 0 경기77바2447 3 44 234001609 234000335 21 
2020-12-30T00:25:56 2 0 경기77바2005 3 42 234001609 123000012 69 
2020-12-30T00:25:56 0 0 경기77바3445 3 41 234001609 204000087 45 
2020-12-30T00:26:56 0 0 경기77바3445 3 41 234001609 204000087 45 
2020-12-30T00:26:56 0 0 경기77바2447 3 44 234001609 234000334 22 
2020-12-30T00:26:56 2 0 경기77바2005 3 42 234001609 123000014 70 
2020-12-30T00:27:56 0 0 경기77바3445 3 41 234001609 204000087 45 
2020-12-30T00:27:56 0 0 경기77바2447 3 43 234001609 234000333 23 
2020-12-30T00:27:56 2 0 경기77바2005 3 42 234001609 123000016 71 
2020-12-30T00:28:54 2 0 경기77바2005 3 42 234001609 123000016 71 
2020-12-30T00:28:54 0 0 경기77바2447 3 43 234001609 234000332 24 
2020-12-30T00:28:54 0 0 경기77바3445 3 41 234001609 204000019 46 
2020-12-30T00:29:54 2 0 경기77바2005 3 42 234001609 123000016 71 
2020-12-30T00:29:54 0 0 경기77바2447 3 42 234001609 234000643 25 
2020-12-30T00:29:54 0 0 경기77바3445 3 42 234001609 204000021 48 
2020-12-30T00:30:53 0 0 경기77바3445 3 42 234001609 204000021 48 
2020-12-30T00:30:53 2 0 경기77바2005 3 42 234001609 123000016 71 
2020-12-30T00:30:53 0 0 경기77바2447 3 42 234001609 234000269 26 
2020-12-30T00:31:52 0 0 경기77바3445 3 42 234001609 204000021 48 
2020-12-30T00:31:52 0 0 경기77바2447 3 42 234001609 234000268 27 
2020-12-30T00:31:52 2 0 경기77바2005 3 42 234001609 123000016 71 
2020-12-30T00:32:51 2 0 경기77바2005 3 42 234001609 204000112 73 
2020-12-30T00:32:51 0 0 경기77바3445 3 42 234001609 204000116 50 
2020-12-30T00:32:51 0 0 경기77바2447 3 41 234001609 234000251 29 
2020-12-30T00:33:50 2 0 경기77바2005 3 42 234001609 204000112 73 
2020-12-30T00:33:50 0 0 경기77바3445 3 42 234001609 204000115 51 
2020-12-30T00:33:50 0 0 경기77바2447 3 40 234001609 234000271 30 
2020-12-30T00:34:49 0 0 경기77바2447 3 40 234001609 234000271 30 
2020-12-30T00:34:49 2 0 경기77바2005 3 42 234001609 204000112 73 
2020-12-30T00:34:49 0 0 경기77바3445 3 42 234001609 204000114 52 
2020-12-30T00:35:48 0 0 경기77바3445 3 42 234001609 123000329 53 
2020-12-30T00:35:48 2 0 경기77바2005 3 42 234001609 204000111 74 
2020-12-30T00:35:48 0 0 경기77바2447 3 40 234001609 234000270 31 
2020-12-30T00:36:48 0 0 경기77바3445 3 42 234001609 123000329 53 
2020-12-30T00:36:48 0 0 경기77바2447 3 35 234001609 234000270 31 
2020-12-30T00:36:48 2 0 경기77바2005 3 42 234001609 204000023 76 
2020-12-30T00:37:48 2 0 경기77바2005 3 42 234001609 204000023 76 
2020-12-30T00:37:48 0 0 경기77바2447 3 35 234001609 234000270 31 
2020-12-30T00:37:48 0 0 경기77바3445 3 43 234001609 123000329 53 
2020-12-30T00:38:47 0 0 경기77바2447 3 35 234001609 234001077 32 
2020-12-30T00:38:47 2 0 경기77바2005 3 41 234001609 204000011 77 
2020-12-30T00:38:47 0 0 경기77바3445 3 43 234001609 123000015 54 
2020-12-30T00:39:47 0 0 경기77바2447 3 35 234001609 234000330 33 
2020-12-30T00:39:47 0 0 경기77바3445 3 43 234001609 123000013 55 
2020-12-30T00:39:47 2 0 경기77바2005 3 41 234001609 204000088 78 
2020-12-30T00:40:46 0 0 경기77바3445 3 43 234001609 123000011 56 
2020-12-30T00:40:46 2 0 경기77바2005 3 41 234001609 205000207 79 
2020-12-30T00:40:46 0 0 경기77바2447 3 34 234001609 234000436 34 
2020-12-30T00:41:46 2 0 경기77바2005 3 41 234001609 205000207 79 
2020-12-30T00:41:46 0 0 경기77바2447 3 34 234001609 234001004 35 
2020-12-30T00:41:46 0 0 경기77바3445 3 43 234001609 123000011 56 
2020-12-30T00:42:45 0 0 경기77바3445 3 43 234001609 123000011 56 
2020-12-30T00:42:45 0 0 경기77바2447 3 34 234001609 234000435 36 
2020-12-30T00:42:45 2 0 경기77바2005 3 37 234001609 205000207 79 
2020-12-30T00:43:46 0 0 경기77바3445 3 43 234001609 123000009 57 
2020-12-30T00:43:46 0 0 경기77바2447 3 34 234001609 234000434 37 
2020-12-30T00:43:46 2 0 경기77바2005 3 37 234001609 205000207 79 
2020-12-30T00:44:43 0 0 경기77바2447 3 34 234001609 234000064 38 
2020-12-30T00:44:43 2 0 경기77바2005 3 37 234001609 205000207 79 
2020-12-30T00:44:43 0 0 경기77바3445 3 45 234001609 123000009 57 
2020-12-30T00:45:44 2 0 경기77바2005 3 37 234001609 205000207 79 
2020-12-30T00:45:44 0 0 경기77바3445 3 45 234001609 123000007 58 
2020-12-30T00:45:44 0 0 경기77바2447 3 35 234001609 234000063 40 
2020-12-30T00:46:43 0 0 경기77바3445 3 45 234001609 123000005 59 
2020-12-30T00:46:43 0 0 경기77바2447 3 34 234001609 234000063 40 
2020-12-30T00:46:43 2 0 경기77바2005 3 37 234001609 205000073 80 
2020-12-30T00:47:42 0 0 경기77바3445 3 45 234001609 123000005 59 
2020-12-30T00:47:42 0 0 경기77바2447 3 34 234001609 234000063 40 
2020-12-30T00:47:42 2 0 경기77바2005 3 37 234001609 205000079 81 
2020-12-30T00:48:42 0 0 경기77바3445 3 45 234001609 123000005 59 
2020-12-30T00:48:42 2 0 경기77바2005 3 37 234001609 205000267 82 
2020-12-30T00:48:42 0 0 경기77바2447 3 34 234001609 277103681 41 
2020-12-30T00:49:41 2 0 경기77바2005 3 37 234001609 205000267 82 
2020-12-30T00:49:41 0 0 경기77바3445 3 45 234001609 123000003 60 
2020-12-30T00:49:41 0 0 경기77바2447 3 34 234001609 205000078 42 
2020-12-30T00:50:40 2 0 경기77바2005 3 38 234001609 234000066 83 
2020-12-30T00:50:40 0 0 경기77바3445 3 45 234001609 123000611 62 
2020-12-30T00:50:40 0 0 경기77바2447 3 34 234001609 205000074 43 
2020-12-30T00:51:40 0 0 경기77바3445 3 45 234001609 123000611 62 
2020-12-30T00:51:40 2 0 경기77바2005 3 38 234001609 234001168 84 
2020-12-30T00:51:40 0 0 경기77바2447 3 34 234001609 205000074 43 
2020-12-30T00:52:40 2 0 경기77바2005 3 38 234001609 234000065 85 
2020-12-30T00:52:40 0 0 경기77바2447 3 34 234001609 205000074 43 
2020-12-30T00:52:40 0 0 경기77바3445 3 45 234001609 277102843 63 
2020-12-30T00:53:40 0 0 경기77바2447 3 34 234001609 205000074 43 
2020-12-30T00:53:40 2 0 경기77바2005 3 38 234001609 234000439 86 
2020-12-30T00:53:40 0 0 경기77바3445 3 45 234001609 277102180 64 
2020-12-30T00:54:39 0 0 경기77바2447 3 34 234001609 205000074 43 
2020-12-30T00:54:39 0 0 경기77바3445 3 45 234001609 123000006 66 
2020-12-30T00:54:39 2 0 경기77바2005 3 39 234001609 234000438 87 
2020-12-30T00:55:39 0 0 경기77바3445 3 44 234001609 123000006 66 
2020-12-30T00:55:39 2 0 경기77바2005 3 40 234001609 234000437 88 
2020-12-30T00:55:39 0 0 경기77바2447 3 34 234001609 205000069 44 
2020-12-30T00:56:38 0 0 경기77바2447 3 34 234001609 205000069 44 
2020-12-30T00:56:38 2 0 경기77바2005 3 40 234001609 234000372 89 
2020-12-30T00:56:38 0 0 경기77바3445 3 44 234001609 123000006 66 
2020-12-30T00:57:37 0 0 경기77바2447 3 34 234001609 205000069 44 
2020-12-30T00:57:37 0 0 경기77바3445 3 44 234001609 123000008 67 
2020-12-30T00:57:37 2 0 경기77바2005 3 41 234001609 234000372 89 
2020-12-30T00:58:37 0 0 경기77바2447 3 34 234001609 205000069 44 
2020-12-30T00:58:37 0 0 경기77바3445 3 43 234001609 123000010 68 
2020-12-30T00:58:37 2 0 경기77바2005 3 41 234001609 234000372 89 
2020-12-30T00:59:37 0 0 경기77바3445 3 43 234001609 123000010 68 
2020-12-30T00:59:37 0 0 경기77바2447 3 36 234001609 204000087 45 
2020-12-30T00:59:37 2 0 경기77바2005 3 41 234001609 234000372 89 
2020-12-30T01:00:36 0 0 경기77바2447 3 36 234001609 204000087 45 
2020-12-30T01:00:36 2 0 경기77바2005 3 41 234001609 234000372 89 
2020-12-30T01:00:36 0 0 경기77바3445 3 43 234001609 123000012 69 
2020-12-30T01:01:36 0 0 경기77바3445 3 43 234001609 123000014 70 
2020-12-30T01:01:36 0 0 경기77바2447 3 37 234001609 204000087 45 
2020-12-30T01:01:36 2 0 경기77바2005 3 41 234001609 234000269 90 
2020-12-30T01:02:36 0 0 경기77바3445 3 42 234001609 123000016 71 
2020-12-30T01:02:36 0 0 경기77바2447 3 37 234001609 204000019 46 
2020-12-30T01:02:36 2 0 경기77바2005 3 41 234001609 234000268 91 
2020-12-30T01:03:36 0 0 경기77바3445 3 42 234001609 123000016 71 
2020-12-30T01:03:36 2 0 경기77바2005 3 41 234001609 234000267 92 
2020-12-30T01:03:36 0 0 경기77바2447 3 37 234001609 204000022 47 
2020-12-30T01:04:35 0 0 경기77바2447 3 37 234001609 204000022 47 
2020-12-30T01:04:35 0 0 경기77바3445 3 42 234001609 123000016 71 
2020-12-30T01:04:35 2 0 경기77바2005 3 41 234001609 234000251 93 
2020-12-30T01:05:35 0 0 경기77바3445 3 42 234001609 123000016 71 
2020-12-30T01:05:35 0 0 경기77바2447 3 38 234001609 204000020 49 
2020-12-30T01:05:35 2 0 경기77바2005 3 41 234001609 234000270 95 
2020-12-30T01:06:35 0 0 경기77바3445 3 42 234001609 123000016 71 
2020-12-30T01:06:35 2 0 경기77바2005 3 41 234001609 234000270 95 
2020-12-30T01:06:35 0 0 경기77바2447 3 37 234001609 204000116 50 
2020-12-30T01:07:35 0 0 경기77바2447 3 37 234001609 204000116 50 
2020-12-30T01:07:35 0 0 경기77바3445 3 42 234001609 204000112 73 
2020-12-30T01:07:35 2 0 경기77바2005 3 41 234001609 234000371 96 
2020-12-30T01:08:34 2 0 경기77바2005 3 42 234001609 234000371 96 
2020-12-30T01:08:34 0 0 경기77바3445 3 42 234001609 204000111 74 
2020-12-30T01:08:34 0 0 경기77바2447 3 38 234001609 204000114 52 
2020-12-30T01:09:43 0 0 경기77바3445 3 42 234001609 204000110 75 
2020-12-30T01:09:43 2 0 경기77바2005 3 42 234001609 234000369 98 
2020-12-30T01:09:43 0 0 경기77바2447 3 38 234001609 123000329 53 
2020-12-30T01:10:33 0 0 경기77바3445 3 42 234001609 204000023 76 
2020-12-30T01:10:33 0 0 경기77바2447 3 40 234001609 123000015 54 
2020-12-30T01:10:33 2 0 경기77바2005 3 42 234001609 234000368 99 
2020-12-30T01:11:32 0 0 경기77바2447 3 40 234001609 123000013 55 
2020-12-30T01:11:32 2 0 경기77바2005 3 42 234001609 234000366 100 
2020-12-30T01:11:32 0 0 경기77바3445 3 42 234001609 204000011 77 
2020-12-30T01:12:32 2 0 경기77바2005 3 41 234001609 234000366 100 
2020-12-30T01:12:32 0 0 경기77바3445 3 42 234001609 204000088 78 
2020-12-30T01:12:32 0 0 경기77바2447 3 39 234001609 123000011 56 
2020-12-30T01:13:31 0 0 경기77바2447 3 39 234001609 123000011 56 
2020-12-30T01:13:31 2 0 경기77바2005 3 42 234001609 234000365 101 
2020-12-30T01:13:31 0 0 경기77바3445 3 42 234001609 204000088 78 
2020-12-30T01:14:31 0 0 경기77바3445 3 40 234001609 205000207 79 
2020-12-30T01:14:31 2 0 경기77바2005 3 42 234001609 234000365 101 
2020-12-30T01:14:31 0 0 경기77바2447 3 39 234001609 123000009 57 
2020-12-30T01:15:30 0 0 경기77바3445 3 40 234001609 205000207 79 
2020-12-30T01:15:30 2 0 경기77바2005 3 42 234001609 234000363 103 
2020-12-30T01:15:30 0 0 경기77바2447 3 40 234001609 123000009 57 
2020-12-30T01:16:29 2 0 경기77바2005 3 42 234001609 234000363 103 
2020-12-30T01:16:29 0 0 경기77바3445 3 40 234001609 205000207 79 
2020-12-30T01:16:29 0 0 경기77바2447 3 40 234001609 123000007 58 
2020-12-30T01:17:28 0 0 경기77바3445 3 40 234001609 205000207 79 
2020-12-30T01:17:28 0 0 경기77바2447 3 41 234001609 123000005 59 
2020-12-30T01:17:28 2 0 경기77바2005 3 43 234001609 234000362 104 
2020-12-30T01:18:28 0 0 경기77바2447 3 41 234001609 123000005 59 
2020-12-30T01:18:28 0 0 경기77바3445 3 40 234001609 205000207 79 
2020-12-30T01:18:28 2 0 경기77바2005 3 43 234001609 234000360 106 
2020-12-30T01:19:28 0 0 경기77바2447 3 41 234001609 123000005 59 
2020-12-30T01:19:28 0 0 경기77바3445 3 40 234001609 205000207 79 
2020-12-30T01:19:28 2 0 경기77바2005 3 43 234001609 234000360 106 
2020-12-30T01:20:27 2 0 경기77바2005 3 43 234001609 234000360 106 
2020-12-30T01:20:27 0 0 경기77바3445 3 40 234001609 205000073 80 
2020-12-30T01:20:27 0 0 경기77바2447 3 42 234001609 123000003 60 
2020-12-30T01:21:27 0 0 경기77바2447 3 42 234001609 123000003 60 
2020-12-30T01:21:27 0 0 경기77바3445 3 40 234001609 205000079 81 
2020-12-30T01:21:27 2 0 경기77바2005 3 43 234001609 234000359 107 
2020-12-30T01:22:27 0 0 경기77바2447 3 42 234001609 123000611 62 
2020-12-30T01:22:27 2 0 경기77바2005 3 44 234001609 234000358 108 
2020-12-30T01:22:27 0 0 경기77바3445 3 40 234001609 205000267 82 
2020-12-30T01:23:26 0 0 경기77바2447 3 42 234001609 123000611 62 
2020-12-30T01:23:26 0 0 경기77바3445 3 40 234001609 205000267 82 
2020-12-30T01:23:26 2 0 경기77바2005 3 44 234001609 234000358 108 
2020-12-30T01:24:26 0 0 경기77바2447 3 42 234001609 123000611 62 
2020-12-30T01:24:26 0 0 경기77바3445 3 40 234001609 205000267 82 
2020-12-30T01:24:26 2 0 경기77바2005 3 45 234001609 234001005 109 
2020-12-30T01:25:25 0 0 경기77바3445 3 40 234001609 234001168 84 
2020-12-30T01:25:25 2 0 경기77바2005 3 45 234001609 234000357 110 
2020-12-30T01:25:25 0 0 경기77바2447 3 45 234001609 277102180 64 
2020-12-30T01:26:25 2 0 경기77바2005 3 45 234001609 234000355 112 
2020-12-30T01:26:25 0 0 경기77바3445 3 40 234001609 234000065 85 
2020-12-30T01:26:25 0 0 경기77바2447 3 45 234001609 123000006 66 
2020-12-30T01:27:24 0 0 경기77바3445 3 40 234001609 234000065 85 
2020-12-30T01:27:24 0 0 경기77바2447 3 45 234001609 123000006 66 
2020-12-30T01:27:24 2 0 경기77바2005 3 45 234001609 234001061 113 
2020-12-30T01:28:23 2 0 경기77바2005 3 45 234001609 234001061 113 
2020-12-30T01:28:23 0 0 경기77바2447 3 45 234001609 123000008 67 
2020-12-30T01:28:23 0 0 경기77바3445 3 40 234001609 234000439 86 
2020-12-30T01:29:22 0 0 경기77바2447 3 45 234001609 123000010 68 
2020-12-30T01:29:22 2 0 경기77바2005 3 45 234001609 234000354 114 
2020-12-30T01:29:22 0 0 경기77바3445 3 40 234001609 234000438 87 
2020-12-30T01:30:21 2 0 경기77바2005 3 45 234001609 234000354 114 
2020-12-30T01:30:21 0 0 경기77바2447 3 45 234001609 123000010 68 
2020-12-30T01:30:21 0 0 경기77바3445 3 40 234001609 234000437 88 
2020-12-30T01:31:21 0 0 경기77바2447 3 45 234001609 123000010 68 
2020-12-30T01:31:21 0 0 경기77바3445 3 40 234001609 234000372 89 
2020-12-30T01:31:21 2 0 경기77바2005 3 45 234001609 234000354 114 
2020-12-30T01:32:21 0 0 경기77바3445 3 40 234001609 234000372 89 
2020-12-30T01:32:21 2 0 경기77바2005 3 45 234001609 234000353 115 
2020-12-30T01:32:21 0 0 경기77바2447 3 45 234001609 123000012 69 
2020-12-30T01:33:20 0 0 경기77바3445 3 40 234001609 234000372 89 
2020-12-30T01:33:20 2 0 경기77바2005 3 45 234001609 234000352 116 
2020-12-30T01:33:20 0 0 경기77바2447 3 45 234001609 123000014 70 
2020-12-30T01:34:20 2 0 경기77바2005 3 45 234001609 234000352 116 
2020-12-30T01:34:20 0 0 경기77바3445 3 40 234001609 234000372 89 
2020-12-30T01:34:20 0 0 경기77바2447 3 43 234001609 123000016 71 
2020-12-30T01:35:20 0 0 경기77바2447 3 43 234001609 123000016 71 
2020-12-30T01:35:20 2 0 경기77바2005 3 45 234001609 234000350 118 
2020-12-30T01:35:20 0 0 경기77바3445 3 40 234001609 234000269 90 
2020-12-30T01:36:19 2 0 경기77바2005 3 45 234001609 234000350 118 
2020-12-30T01:36:19 0 0 경기77바3445 3 41 234001609 234000268 91 
2020-12-30T01:36:19 0 0 경기77바2447 3 43 234001609 123000016 71 
2020-12-30T01:37:19 2 0 경기77바2005 3 45 234001609 234000350 118 
2020-12-30T01:37:19 0 0 경기77바3445 3 42 234001609 234000267 92 
2020-12-30T01:37:19 0 0 경기77바2447 3 43 234001609 123000016 71 
2020-12-30T01:38:18 2 0 경기77바2005 3 45 234001609 234000350 118 
2020-12-30T01:38:18 0 0 경기77바3445 3 42 234001609 234000271 94 
2020-12-30T01:38:18 0 0 경기77바2447 3 43 234001609 204000113 72 
2020-12-30T01:39:17 2 0 경기77바2005 3 45 234001609 234000350 118 
2020-12-30T01:39:17 0 0 경기77바2447 3 43 234001609 204000112 73 
2020-12-30T01:39:17 0 0 경기77바3445 3 42 234001609 234000271 94 
2020-12-30T01:40:17 0 0 경기77바2447 3 43 234001609 204000112 73 
2020-12-30T01:40:17 0 0 경기77바3445 3 42 234001609 234000270 95 
2020-12-30T01:41:16 0 0 경기77바3445 3 42 234001609 234000270 95 
2020-12-30T01:41:16 0 0 경기77바2447 3 43 234001609 204000112 73 
2020-12-30T01:42:16 0 0 경기77바2447 3 43 234001609 204000111 74 
2020-12-30T01:42:16 0 0 경기77바3445 3 43 234001609 234000371 96 
2020-12-30T01:43:15 0 0 경기77바2447 3 43 234001609 204000111 74 
2020-12-30T01:43:15 0 0 경기77바3445 3 43 234001609 234000370 97 
2020-12-30T01:44:14 0 0 경기77바2447 3 43 234001609 204000110 75 
2020-12-30T01:44:14 0 0 경기77바3445 3 44 234001609 234000369 98 
2020-12-30T01:45:14 0 0 경기77바3445 3 44 234001609 234000369 98 
2020-12-30T01:45:14 0 0 경기77바2447 3 43 234001609 204000023 76 
2020-12-30T01:46:13 0 0 경기77바2447 3 43 234001609 204000023 76 
2020-12-30T01:46:13 0 0 경기77바3445 3 44 234001609 234000368 99 
2020-12-30T01:47:12 0 0 경기77바3445 3 44 234001609 234000366 100 
2020-12-30T01:47:12 0 0 경기77바2447 3 43 234001609 204000011 77 
2020-12-30T01:48:12 0 0 경기77바2447 3 43 234001609 204000011 77 
2020-12-30T01:48:12 0 0 경기77바3445 3 44 234001609 234000366 100 
2020-12-30T01:49:11 0 0 경기77바3445 3 44 234001609 234000365 101 
2020-12-30T01:49:11 0 0 경기77바2447 3 43 234001609 204000088 78 
2020-12-30T01:50:10 0 0 경기77바2447 3 42 234001609 205000207 79 
2020-12-30T01:50:10 0 0 경기77바3445 3 44 234001609 234000363 103 
2020-12-30T01:51:09 0 0 경기77바2447 3 42 234001609 205000207 79 
2020-12-30T01:51:09 0 0 경기77바3445 3 44 234001609 234000363 103 
2020-12-30T01:52:08 0 0 경기77바3445 3 44 234001609 234000363 103 
2020-12-30T01:52:08 0 0 경기77바2447 3 42 234001609 205000207 79 
2020-12-30T01:53:09 0 0 경기77바2447 3 42 234001609 205000207 79 
2020-12-30T01:53:09 0 0 경기77바3445 3 44 234001609 234000361 105 
2020-12-30T01:54:08 0 0 경기77바2447 3 42 234001609 205000207 79 
2020-12-30T01:54:08 0 0 경기77바3445 3 44 234001609 234000360 106 
2020-12-30T01:55:07 0 0 경기77바2447 3 42 234001609 205000207 79 
2020-12-30T01:55:07 0 0 경기77바3445 3 44 234001609 234000360 106 
2020-12-30T01:56:06 0 0 경기77바3445 3 44 234001609 234000360 106 
2020-12-30T01:56:06 0 0 경기77바2447 3 42 234001609 205000073 80 
2020-12-30T01:57:10 0 0 경기77바2447 3 42 234001609 205000079 81 
2020-12-30T01:57:10 0 0 경기77바3445 3 44 234001609 234000358 108 
2020-12-30T01:58:05 0 0 경기77바3445 3 44 234001609 234000358 108 
2020-12-30T01:58:05 0 0 경기77바2447 3 42 234001609 205000267 82 
2020-12-30T01:59:04 0 0 경기77바2447 3 42 234001609 205000267 82 
2020-12-30T01:59:04 0 0 경기77바3445 3 44 234001609 234001005 109 
2020-12-30T02:00:13 0 0 경기77바3445 3 44 234001609 234000357 110 
2020-12-30T02:00:13 0 0 경기77바2447 3 42 234001609 234001168 84 
2020-12-30T02:01:03 0 0 경기77바2447 3 42 234001609 234001168 84 
2020-12-30T02:01:03 0 0 경기77바3445 3 44 234001609 234000356 111 
2020-12-30T02:02:03 0 0 경기77바2447 3 42 234001609 234000065 85 
2020-12-30T02:02:03 0 0 경기77바3445 3 44 234001609 234000355 112 
2020-12-30T02:03:03 0 0 경기77바3445 3 44 234001609 234001061 113 
2020-12-30T02:03:03 0 0 경기77바2447 3 42 234001609 234000439 86 
2020-12-30T02:04:02 0 0 경기77바3445 3 44 234001609 234001061 113 
2020-12-30T02:04:02 0 0 경기77바2447 3 42 234001609 234000438 87 
2020-12-30T02:05:02 0 0 경기77바3445 3 44 234001609 234001061 113 
2020-12-30T02:05:02 0 0 경기77바2447 3 43 234001609 234000437 88 
2020-12-30T02:06:12 0 0 경기77바3445 3 44 234001609 234000353 115 
2020-12-30T02:06:12 0 0 경기77바2447 3 43 234001609 234000372 89 
2020-12-30T02:07:02 0 0 경기77바3445 3 44 234001609 234000353 115 
2020-12-30T02:07:02 0 0 경기77바2447 3 43 234001609 234000372 89 
2020-12-30T02:08:12 0 0 경기77바3445 3 44 234001609 234000352 116 
2020-12-30T02:08:12 0 0 경기77바2447 3 43 234001609 234000372 89 
2020-12-30T02:09:01 0 0 경기77바3445 3 44 234001609 234000351 117 
2020-12-30T02:09:01 0 0 경기77바2447 3 43 234001609 234000372 89 
2020-12-30T02:10:05 0 0 경기77바3445 3 44 234001609 234000350 118 
2020-12-30T02:10:05 0 0 경기77바2447 3 43 234001609 234000268 91 
2020-12-30T02:11:09 0 0 경기77바3445 3 45 234001609 234000350 118 
2020-12-30T02:11:09 0 0 경기77바2447 3 44 234001609 234000267 92 
2020-12-30T02:11:59 0 0 경기77바3445 3 45 234001609 234000350 118 
2020-12-30T02:11:59 0 0 경기77바2447 3 44 234001609 234000271 94 
2020-12-30T02:12:59 0 0 경기77바3445 3 45 234001609 234000350 118 
2020-12-30T02:12:59 0 0 경기77바2447 3 44 234001609 234000271 94 
2020-12-30T02:13:59 0 0 경기77바3445 3 45 234001609 234000350 118 
2020-12-30T02:13:59 0 0 경기77바2447 3 44 234001609 234000270 95 
2020-12-30T02:14:59 0 0 경기77바2447 3 44 234001609 234000270 95 
2020-12-30T02:15:58 0 0 경기77바2447 3 44 234001609 234000371 96 
2020-12-30T02:16:58 0 0 경기77바2447 3 44 234001609 234000369 98 
2020-12-30T02:17:58 0 0 경기77바2447 3 44 234001609 234000368 99 
2020-12-30T02:18:58 0 0 경기77바2447 3 44 234001609 234000366 100 
2020-12-30T02:19:58 0 0 경기77바2447 3 44 234001609 234000366 100 
2020-12-30T02:20:57 0 0 경기77바2447 3 44 234001609 234000365 101 
2020-12-30T02:21:57 0 0 경기77바2447 3 45 234001609 234000364 102 
2020-12-30T02:22:57 0 0 경기77바2447 3 45 234001609 234000363 103 
2020-12-30T02:23:56 0 0 경기77바2447 3 45 234001609 234000362 104 
2020-12-30T02:24:56 0 0 경기77바2447 3 45 234001609 234000360 106 
2020-12-30T02:25:56 0 0 경기77바2447 3 45 234001609 234000360 106 
2020-12-30T02:26:55 0 0 경기77바2447 3 45 234001609 234000358 108 
2020-12-30T02:27:55 0 0 경기77바2447 3 45 234001609 234000358 108 
2020-12-30T02:28:54 0 0 경기77바2447 3 45 234001609 234001005 109 
2020-12-30T02:29:54 0 0 경기77바2447 3 45 234001609 234000357 110 
2020-12-30T02:30:54 0 0 경기77바2447 3 45 234001609 234000356 111 
2020-12-30T02:31:53 0 0 경기77바2447 3 45 234001609 234000355 112 
2020-12-30T02:32:53 0 0 경기77바2447 3 45 234001609 234001061 113 
2020-12-30T02:33:52 0 0 경기77바2447 3 45 234001609 234001061 113 
2020-12-30T02:34:52 0 0 경기77바2447 3 45 234001609 234001061 113 
2020-12-30T02:35:51 0 0 경기77바2447 3 45 234001609 234000353 115 
2020-12-30T02:36:51 0 0 경기77바2447 3 45 234001609 234000353 115 
2020-12-30T02:37:50 0 0 경기77바2447 3 45 234001609 234000351 117 
2020-12-30T02:38:50 0 0 경기77바2447 3 45 234001609 234000350 118 
2020-12-30T02:39:49 0 0 경기77바2447 3 45 234001609 234000350 118 
