234001609 2020-12-03T00:00:54.133684+09:00
2020-12-03T23:01:47 2 0 경기77바3445 3 45 234001609 234000946 3 
2020-12-03T23:02:47 2 0 경기77바3445 3 45 234001609 234000348 4 
2020-12-03T23:03:46 2 0 경기77바3445 3 45 234001609 234000346 6 
2020-12-03T23:04:46 2 0 경기77바3445 3 45 234001609 234000345 7 
2020-12-03T23:05:47 2 0 경기77바3445 3 45 234001609 234001068 8 
2020-12-03T23:06:45 2 0 경기77바3445 3 45 234001609 234000344 9 
2020-12-03T23:07:45 2 0 경기77바3445 3 45 234001609 234000343 10 
2020-12-03T23:08:45 2 0 경기77바3445 3 45 234001609 234000673 11 
2020-12-03T23:09:44 2 0 경기77바3445 3 45 234001609 234000089 13 
2020-12-03T23:10:44 2 0 경기77바3445 3 45 234001609 234000089 13 
2020-12-03T23:11:44 2 0 경기77바3445 3 45 234001609 234000089 13 
2020-12-03T23:12:44 2 0 경기77바3445 3 45 234001609 234000341 15 
2020-12-03T23:13:43 2 0 경기77바3445 3 45 234001609 234000341 15 
2020-12-03T23:14:43 2 0 경기77바3445 3 45 234001609 234000339 17 
2020-12-03T23:15:42 2 0 경기77바3445 3 45 234001609 234000339 17 
2020-12-03T23:16:42 2 0 경기77바3445 3 45 234001609 234000338 18 
2020-12-03T23:17:42 2 0 경기77바3445 3 45 234001609 234000336 20 
2020-12-03T23:18:41 2 0 경기77바3445 3 44 234001609 234000336 20 
2020-12-03T23:19:41 2 0 경기77바3445 3 44 234001609 234000336 20 
2020-12-03T23:20:41 2 0 경기77바3445 3 44 234001609 234000335 21 
2020-12-03T23:21:40 2 0 경기77바3445 3 44 234001609 234000334 22 
2020-12-03T23:22:40 2 0 경기77바3445 3 44 234001609 234000333 23 
2020-12-03T23:23:40 2 0 경기77바3445 3 43 234001609 234000332 24 
2020-12-03T23:24:39 2 0 경기77바3445 3 43 234001609 234000643 25 
2020-12-03T23:25:38 2 0 경기77바3445 3 43 234001609 234000643 25 
2020-12-03T23:26:39 2 0 경기77바3445 3 43 234001609 234000643 25 
2020-12-03T23:27:38 2 0 경기77바3445 3 43 234001609 234000268 27 
2020-12-03T23:28:38 2 0 경기77바3445 3 44 234001609 234000251 29 
2020-12-03T23:29:38 2 0 경기77바3445 3 44 234001609 234000271 30 
2020-12-03T23:30:37 2 0 경기77바3445 3 44 234001609 234000271 30 
2020-12-03T23:30:37 0 0 경기77바2357 3 45 234001609 277101661 2 
2020-12-03T23:31:37 0 0 경기77바2357 3 45 234001609 234000946 3 
2020-12-03T23:31:37 2 0 경기77바3445 3 44 234001609 234000270 31 
2020-12-03T23:32:36 0 0 경기77바2357 3 45 234001609 234000348 4 
2020-12-03T23:32:36 2 0 경기77바3445 3 44 234001609 234001077 32 
2020-12-03T23:33:36 0 0 경기77바2357 3 45 234001609 234000347 5 
2020-12-03T23:33:36 2 0 경기77바3445 3 44 234001609 234000330 33 
2020-12-03T23:34:36 0 0 경기77바2357 3 45 234001609 234000346 6 
2020-12-03T23:34:36 2 0 경기77바3445 3 44 234001609 234000436 34 
2020-12-03T23:35:35 0 0 경기77바2357 3 45 234001609 234000346 6 
2020-12-03T23:35:35 2 0 경기77바3445 3 44 234001609 234001004 35 
2020-12-03T23:36:35 2 0 경기77바3445 3 44 234001609 234000435 36 
2020-12-03T23:36:35 0 0 경기77바2357 3 45 234001609 234000345 7 
2020-12-03T23:37:34 2 0 경기77바3445 3 44 234001609 234000434 37 
2020-12-03T23:37:34 0 0 경기77바2357 3 45 234001609 234001068 8 
2020-12-03T23:38:34 0 0 경기77바2357 3 45 234001609 234000344 9 
2020-12-03T23:38:34 2 0 경기77바3445 3 43 234001609 234000064 38 
2020-12-03T23:39:33 0 0 경기77바2357 3 45 234001609 234000343 10 
2020-12-03T23:39:33 2 0 경기77바3445 3 43 234001609 234000063 40 
2020-12-03T23:40:33 0 0 경기77바2357 3 45 234001609 234000343 10 
2020-12-03T23:40:33 2 0 경기77바3445 3 41 234001609 234000063 40 
2020-12-03T23:41:33 2 0 경기77바3445 3 41 234001609 234000063 40 
2020-12-03T23:41:33 0 0 경기77바2357 3 45 234001609 234000673 11 
2020-12-03T23:42:32 2 0 경기77바3445 3 41 234001609 277103681 41 
2020-12-03T23:42:32 0 0 경기77바2357 3 43 234001609 234000089 13 
2020-12-03T23:43:32 2 0 경기77바3445 3 41 234001609 205000078 42 
2020-12-03T23:43:32 0 0 경기77바2357 3 43 234001609 234000089 13 
2020-12-03T23:44:31 2 0 경기77바3445 3 41 234001609 205000074 43 
2020-12-03T23:44:31 0 0 경기77바2357 3 44 234001609 234000342 14 
2020-12-03T23:45:31 0 0 경기77바2357 3 44 234001609 234000342 14 
2020-12-03T23:45:31 2 0 경기77바3445 3 41 234001609 205000074 43 
2020-12-03T23:46:30 2 0 경기77바3445 3 41 234001609 205000074 43 
2020-12-03T23:46:30 0 0 경기77바2357 3 45 234001609 234000342 14 
2020-12-03T23:47:30 0 0 경기77바2357 3 45 234001609 234000341 15 
2020-12-03T23:47:30 2 0 경기77바3445 3 41 234001609 205000069 44 
2020-12-03T23:48:29 2 0 경기77바3445 3 41 234001609 205000069 44 
2020-12-03T23:48:29 0 0 경기77바2357 3 45 234001609 234000339 17 
2020-12-03T23:49:29 0 0 경기77바2357 3 45 234001609 234000339 17 
2020-12-03T23:49:29 2 0 경기77바3445 3 41 234001609 205000069 44 
2020-12-03T23:50:28 0 0 경기77바2357 3 45 234001609 234000339 17 
2020-12-03T23:50:28 2 0 경기77바3445 3 42 234001609 204000087 45 
2020-12-03T23:51:28 2 0 경기77바3445 3 42 234001609 204000087 45 
2020-12-03T23:51:28 0 0 경기77바2357 3 45 234001609 234000338 18 
2020-12-03T23:52:27 2 0 경기77바3445 3 42 234001609 204000087 45 
2020-12-03T23:52:27 0 0 경기77바2357 3 45 234001609 234000337 19 
2020-12-03T23:53:27 0 0 경기77바2357 3 45 234001609 234000336 20 
2020-12-03T23:53:27 2 0 경기77바3445 3 41 234001609 204000019 46 
2020-12-03T23:54:27 0 0 경기77바2357 3 45 234001609 234000336 20 
2020-12-03T23:54:27 2 0 경기77바3445 3 41 234001609 204000022 47 
2020-12-03T23:55:26 2 0 경기77바3445 3 41 234001609 204000022 47 
2020-12-03T23:55:26 0 0 경기77바2357 3 45 234001609 234000335 21 
2020-12-03T23:56:26 2 0 경기77바3445 3 41 234001609 204000020 49 
2020-12-03T23:56:26 0 0 경기77바2357 3 44 234001609 234000334 22 
2020-12-03T23:57:26 2 0 경기77바3445 3 41 234001609 204000116 50 
2020-12-03T23:57:26 0 0 경기77바2357 3 44 234001609 234000334 22 
2020-12-03T23:58:26 2 0 경기77바3445 3 41 234001609 204000116 50 
2020-12-03T23:58:26 0 0 경기77바2357 3 43 234001609 234000332 24 
2020-12-03T23:59:26 2 0 경기77바3445 3 40 234001609 204000115 51 
2020-12-03T23:59:26 0 0 경기77바2357 3 43 234001609 234000643 25 
2020-12-04T00:00:26 0 0 경기77바2357 3 43 234001609 234000643 25 
2020-12-04T00:00:26 2 0 경기77바3445 3 41 234001609 123000329 53 
2020-12-04T00:01:25 0 0 경기77바2357 3 40 234001609 234000269 26 
2020-12-04T00:01:25 2 0 경기77바3445 3 41 234001609 123000329 53 
2020-12-04T00:01:25 0 0 경기77바2176 3 45 234001609 277101661 2 
2020-12-04T00:02:25 0 0 경기77바2357 3 40 234001609 234000267 28 
2020-12-04T00:02:25 0 0 경기77바2176 3 45 234001609 234000348 4 
2020-12-04T00:02:25 2 0 경기77바3445 3 40 234001609 123000013 55 
2020-12-04T00:03:25 2 0 경기77바3445 3 40 234001609 123000013 55 
2020-12-04T00:03:25 0 0 경기77바2176 3 45 234001609 234000348 4 
2020-12-04T00:03:25 0 0 경기77바2357 3 40 234001609 234000271 30 
2020-12-04T00:04:24 0 0 경기77바2357 3 40 234001609 234000271 30 
2020-12-04T00:04:24 0 0 경기77바2176 3 45 234001609 234000346 6 
2020-12-04T00:04:24 2 0 경기77바3445 3 40 234001609 123000013 55 
2020-12-04T00:05:24 0 0 경기77바2176 3 45 234001609 234000346 6 
2020-12-04T00:05:24 2 0 경기77바3445 3 40 234001609 123000011 56 
2020-12-04T00:05:24 0 0 경기77바2357 3 40 234001609 234000271 30 
2020-12-04T00:06:24 0 0 경기77바2176 3 45 234001609 234000345 7 
2020-12-04T00:06:24 2 0 경기77바3445 3 40 234001609 123000011 56 
2020-12-04T00:06:24 0 0 경기77바2357 3 38 234001609 234000270 31 
2020-12-04T00:07:24 0 0 경기77바2176 3 45 234001609 234001068 8 
2020-12-04T00:07:24 0 0 경기77바2357 3 37 234001609 234001077 32 
2020-12-04T00:07:24 2 0 경기77바3445 3 42 234001609 123000009 57 
2020-12-04T00:08:23 0 0 경기77바2357 3 37 234001609 234000330 33 
2020-12-04T00:08:23 2 0 경기77바3445 3 42 234001609 123000009 57 
2020-12-04T00:08:23 0 0 경기77바2176 3 45 234001609 234000344 9 
2020-12-04T00:09:23 2 0 경기77바3445 3 42 234001609 123000007 58 
2020-12-04T00:09:23 0 0 경기77바2357 3 37 234001609 234000436 34 
2020-12-04T00:09:23 0 0 경기77바2176 3 44 234001609 234000343 10 
2020-12-04T00:10:23 2 0 경기77바3445 3 42 234001609 123000007 58 
2020-12-04T00:10:23 0 0 경기77바2357 3 37 234001609 234000435 36 
2020-12-04T00:10:23 0 0 경기77바2176 3 44 234001609 234000673 11 
2020-12-04T00:11:23 2 0 경기77바3445 3 44 234001609 123000005 59 
2020-12-04T00:11:23 0 0 경기77바2357 3 37 234001609 234000435 36 
2020-12-04T00:11:23 0 0 경기77바2176 3 44 234001609 234000089 13 
2020-12-04T00:12:23 0 0 경기77바2176 3 44 234001609 234000089 13 
2020-12-04T00:12:23 2 0 경기77바3445 3 44 234001609 123000003 60 
2020-12-04T00:12:23 0 0 경기77바2357 3 37 234001609 234000064 38 
2020-12-04T00:13:21 0 0 경기77바2176 3 44 234001609 234000089 13 
2020-12-04T00:13:21 2 0 경기77바3445 3 44 234001609 123000611 62 
2020-12-04T00:13:21 0 0 경기77바2357 3 36 234001609 234001169 39 
2020-12-04T00:14:21 2 0 경기77바3445 3 44 234001609 123000611 62 
2020-12-04T00:14:21 0 0 경기77바2357 3 36 234001609 234000063 40 
2020-12-04T00:14:21 0 0 경기77바2176 3 44 234001609 234000089 13 
2020-12-04T00:15:21 2 0 경기77바3445 3 44 234001609 123000611 62 
2020-12-04T00:15:21 0 0 경기77바2357 3 34 234001609 234000063 40 
2020-12-04T00:15:21 0 0 경기77바2176 3 43 234001609 234000342 14 
2020-12-04T00:16:21 2 0 경기77바3445 3 44 234001609 123000611 62 
2020-12-04T00:16:21 0 0 경기77바2176 3 43 234001609 234000342 14 
2020-12-04T00:16:21 0 0 경기77바2357 3 34 234001609 277103681 41 
2020-12-04T00:17:21 2 0 경기77바3445 3 44 234001609 123000611 62 
2020-12-04T00:17:21 0 0 경기77바2357 3 34 234001609 205000078 42 
2020-12-04T00:17:21 0 0 경기77바2176 3 43 234001609 234000341 15 
2020-12-04T00:18:21 2 0 경기77바3445 3 44 234001609 123000611 62 
2020-12-04T00:18:21 0 0 경기77바2176 3 43 234001609 234000339 17 
2020-12-04T00:18:21 0 0 경기77바2357 3 34 234001609 205000078 42 
2020-12-04T00:19:20 2 0 경기77바3445 3 44 234001609 123000611 62 
2020-12-04T00:19:20 0 0 경기77바2176 3 43 234001609 234000339 17 
2020-12-04T00:19:20 0 0 경기77바2357 3 34 234001609 205000074 43 
2020-12-04T00:20:20 2 0 경기77바3445 3 44 234001609 123000611 62 
2020-12-04T00:20:20 0 0 경기77바2176 3 43 234001609 234000339 17 
2020-12-04T00:20:20 0 0 경기77바2357 3 34 234001609 205000074 43 
2020-12-04T00:21:19 2 0 경기77바3445 3 42 234001609 277102843 63 
2020-12-04T00:21:19 0 0 경기77바2357 3 34 234001609 205000074 43 
2020-12-04T00:21:19 0 0 경기77바2176 3 43 234001609 234000338 18 
2020-12-04T00:22:19 0 0 경기77바2357 3 34 234001609 205000074 43 
2020-12-04T00:22:19 0 0 경기77바2176 3 43 234001609 234000337 19 
2020-12-04T00:22:19 2 0 경기77바3445 3 42 234001609 277102180 64 
2020-12-04T00:23:19 0 0 경기77바2176 3 43 234001609 234000336 20 
2020-12-04T00:23:19 2 0 경기77바3445 3 42 234001609 123000004 65 
2020-12-04T00:23:19 0 0 경기77바2357 3 37 234001609 205000069 44 
2020-12-04T00:24:19 0 0 경기77바2357 3 37 234001609 205000069 44 
2020-12-04T00:24:19 2 0 경기77바3445 3 41 234001609 123000006 66 
2020-12-04T00:24:19 0 0 경기77바2176 3 42 234001609 234000335 21 
2020-12-04T00:25:18 2 0 경기77바3445 3 41 234001609 123000006 66 
2020-12-04T00:25:18 0 0 경기77바2176 3 42 234001609 234000334 22 
2020-12-04T00:25:18 0 0 경기77바2357 3 37 234001609 205000069 44 
2020-12-04T00:26:19 0 0 경기77바2176 3 42 234001609 234000334 22 
2020-12-04T00:26:19 0 0 경기77바2357 3 38 234001609 204000087 45 
2020-12-04T00:26:19 2 0 경기77바3445 3 41 234001609 123000008 67 
2020-12-04T00:27:18 0 0 경기77바2357 3 38 234001609 204000087 45 
2020-12-04T00:27:18 2 0 경기77바3445 3 41 234001609 123000010 68 
2020-12-04T00:27:18 0 0 경기77바2176 3 42 234001609 234000333 23 
2020-12-04T00:28:17 0 0 경기77바2357 3 38 234001609 204000087 45 
2020-12-04T00:28:17 0 0 경기77바2176 3 42 234001609 234000332 24 
2020-12-04T00:28:17 2 0 경기77바3445 3 41 234001609 123000010 68 
2020-12-04T00:29:17 2 0 경기77바3445 3 41 234001609 123000010 68 
2020-12-04T00:29:17 0 0 경기77바2357 3 38 234001609 204000022 47 
2020-12-04T00:29:17 0 0 경기77바2176 3 41 234001609 234000643 25 
2020-12-04T00:30:17 0 0 경기77바2176 3 41 234001609 234000643 25 
2020-12-04T00:30:17 2 0 경기77바3445 3 41 234001609 123000012 69 
2020-12-04T00:30:17 0 0 경기77바2357 3 39 234001609 204000020 49 
2020-12-04T00:31:17 2 0 경기77바3445 3 41 234001609 123000014 70 
2020-12-04T00:31:17 0 0 경기77바2357 3 39 234001609 204000020 49 
2020-12-04T00:31:17 0 0 경기77바2176 3 39 234001609 234000269 26 
2020-12-04T00:32:17 2 0 경기77바3445 3 41 234001609 123000016 71 
2020-12-04T00:32:17 0 0 경기77바2176 3 39 234001609 234000268 27 
2020-12-04T00:32:17 0 0 경기77바2357 3 39 234001609 204000115 51 
2020-12-04T00:33:16 2 0 경기77바3445 3 41 234001609 123000016 71 
2020-12-04T00:33:16 0 0 경기77바2357 3 39 234001609 123000329 53 
2020-12-04T00:33:16 0 0 경기77바2176 3 40 234001609 234000251 29 
2020-12-04T00:34:16 2 0 경기77바3445 3 41 234001609 123000016 71 
2020-12-04T00:34:16 0 0 경기77바2357 3 38 234001609 123000329 53 
2020-12-04T00:34:16 0 0 경기77바2176 3 40 234001609 234000271 30 
2020-12-04T00:35:15 0 0 경기77바2357 3 38 234001609 123000329 53 
2020-12-04T00:35:15 2 0 경기77바3445 3 41 234001609 123000016 71 
2020-12-04T00:35:15 0 0 경기77바2176 3 40 234001609 234000271 30 
2020-12-04T00:36:15 0 0 경기77바2357 3 38 234001609 123000329 53 
2020-12-04T00:36:15 0 0 경기77바2176 3 36 234001609 234000270 31 
2020-12-04T00:36:15 2 0 경기77바3445 3 41 234001609 204000113 72 
2020-12-04T00:37:15 0 0 경기77바2176 3 36 234001609 234000270 31 
2020-12-04T00:37:15 2 0 경기77바3445 3 41 234001609 204000113 72 
2020-12-04T00:37:15 0 0 경기77바2357 3 38 234001609 123000329 53 
2020-12-04T00:38:15 0 0 경기77바2357 3 38 234001609 123000015 54 
2020-12-04T00:38:15 2 0 경기77바3445 3 41 234001609 204000112 73 
2020-12-04T00:38:15 0 0 경기77바2176 3 36 234001609 234001077 32 
2020-12-04T00:39:15 2 0 경기77바3445 3 41 234001609 204000111 74 
2020-12-04T00:39:15 0 0 경기77바2357 3 38 234001609 123000015 54 
2020-12-04T00:39:15 0 0 경기77바2176 3 36 234001609 234000330 33 
2020-12-04T00:40:14 2 0 경기77바3445 3 41 234001609 204000110 75 
2020-12-04T00:40:14 0 0 경기77바2357 3 38 234001609 123000013 55 
2020-12-04T00:40:14 0 0 경기77바2176 3 36 234001609 234000436 34 
2020-12-04T00:41:14 0 0 경기77바2357 3 39 234001609 123000011 56 
2020-12-04T00:41:14 2 0 경기77바3445 3 41 234001609 204000110 75 
2020-12-04T00:41:14 0 0 경기77바2176 3 36 234001609 234000435 36 
2020-12-04T00:42:14 0 0 경기77바2176 3 36 234001609 234000434 37 
2020-12-04T00:42:14 2 0 경기77바3445 3 41 234001609 204000023 76 
2020-12-04T00:42:14 0 0 경기77바2357 3 39 234001609 123000011 56 
2020-12-04T00:43:14 2 0 경기77바3445 3 41 234001609 204000023 76 
2020-12-04T00:43:14 0 0 경기77바2357 3 39 234001609 123000009 57 
2020-12-04T00:43:14 0 0 경기77바2176 3 36 234001609 234001169 39 
2020-12-04T00:44:14 0 0 경기77바2176 3 37 234001609 234000063 40 
2020-12-04T00:44:14 2 0 경기77바3445 3 41 234001609 204000011 77 
2020-12-04T00:44:14 0 0 경기77바2357 3 40 234001609 123000009 57 
2020-12-04T00:45:13 0 0 경기77바2357 3 40 234001609 123000009 57 
2020-12-04T00:45:13 0 0 경기77바2176 3 36 234001609 234000063 40 
2020-12-04T00:45:13 2 0 경기77바3445 3 40 234001609 204000011 77 
2020-12-04T00:46:13 2 0 경기77바3445 3 40 234001609 204000088 78 
2020-12-04T00:46:13 0 0 경기77바2357 3 42 234001609 123000005 59 
2020-12-04T00:46:13 0 0 경기77바2176 3 36 234001609 277103681 41 
2020-12-04T00:47:13 0 0 경기77바2357 3 42 234001609 123000005 59 
2020-12-04T00:47:13 2 0 경기77바3445 3 40 234001609 205000207 79 
2020-12-04T00:47:13 0 0 경기77바2176 3 36 234001609 205000078 42 
2020-12-04T00:48:13 0 0 경기77바2357 3 42 234001609 123000005 59 
2020-12-04T00:48:13 2 0 경기77바3445 3 36 234001609 205000207 79 
2020-12-04T00:48:13 0 0 경기77바2176 3 36 234001609 205000074 43 
2020-12-04T00:49:13 2 0 경기77바3445 3 36 234001609 205000207 79 
2020-12-04T00:49:13 0 0 경기77바2357 3 43 234001609 123000003 60 
2020-12-04T00:49:13 0 0 경기77바2176 3 36 234001609 205000074 43 
2020-12-04T00:50:13 0 0 경기77바2357 3 43 234001609 123000003 60 
2020-12-04T00:50:13 0 0 경기77바2176 3 36 234001609 205000074 43 
2020-12-04T00:50:13 2 0 경기77바3445 3 36 234001609 205000207 79 
2020-12-04T00:51:13 0 0 경기77바2357 3 43 234001609 123000611 62 
2020-12-04T00:51:13 2 0 경기77바3445 3 36 234001609 205000207 79 
2020-12-04T00:51:13 0 0 경기77바2176 3 36 234001609 205000074 43 
2020-12-04T00:52:13 0 0 경기77바2357 3 43 234001609 123000611 62 
2020-12-04T00:52:13 0 0 경기77바2176 3 36 234001609 205000074 43 
2020-12-04T00:52:13 2 0 경기77바3445 3 36 234001609 205000207 79 
2020-12-04T00:53:13 0 0 경기77바2357 3 43 234001609 123000611 62 
2020-12-04T00:53:13 2 0 경기77바3445 3 36 234001609 205000073 80 
2020-12-04T00:53:13 0 0 경기77바2176 3 39 234001609 205000069 44 
2020-12-04T00:54:13 0 0 경기77바2176 3 39 234001609 205000069 44 
2020-12-04T00:54:13 0 0 경기77바2357 3 43 234001609 123000004 65 
2020-12-04T00:54:13 2 0 경기77바3445 3 36 234001609 205000073 80 
2020-12-04T00:55:13 0 0 경기77바2176 3 39 234001609 205000069 44 
2020-12-04T00:55:13 2 0 경기77바3445 3 35 234001609 205000079 81 
2020-12-04T00:55:13 0 0 경기77바2357 3 42 234001609 123000006 66 
2020-12-04T00:56:13 0 0 경기77바2357 3 42 234001609 123000006 66 
2020-12-04T00:56:13 0 0 경기77바2176 3 40 234001609 204000087 45 
2020-12-04T00:56:13 2 0 경기77바3445 3 35 234001609 205000267 82 
2020-12-04T00:57:12 2 0 경기77바3445 3 35 234001609 205000267 82 
2020-12-04T00:57:12 0 0 경기77바2176 3 40 234001609 204000087 45 
2020-12-04T00:57:12 0 0 경기77바2357 3 42 234001609 123000008 67 
2020-12-04T00:58:12 2 0 경기77바3445 3 35 234001609 205000267 82 
2020-12-04T00:58:12 0 0 경기77바2357 3 42 234001609 123000008 67 
2020-12-04T00:58:12 0 0 경기77바2176 3 40 234001609 204000087 45 
2020-12-04T00:59:12 0 0 경기77바2357 3 42 234001609 123000010 68 
2020-12-04T00:59:12 0 0 경기77바2176 3 40 234001609 204000019 46 
2020-12-04T00:59:12 2 0 경기77바3445 3 35 234001609 234001168 84 
2020-12-04T01:00:12 2 0 경기77바3445 3 35 234001609 234000065 85 
2020-12-04T01:00:12 0 0 경기77바2176 3 39 234001609 204000022 47 
2020-12-04T01:00:12 0 0 경기77바2357 3 39 234001609 123000010 68 
2020-12-04T01:01:12 2 0 경기77바3445 3 35 234001609 234000065 85 
2020-12-04T01:01:12 0 0 경기77바2357 3 39 234001609 123000012 69 
2020-12-04T01:01:12 0 0 경기77바2176 3 39 234001609 204000022 47 
2020-12-04T01:02:11 0 0 경기77바2357 3 39 234001609 123000014 70 
2020-12-04T01:02:11 2 0 경기77바3445 3 35 234001609 234000439 86 
2020-12-04T01:02:11 0 0 경기77바2176 3 39 234001609 204000020 49 
2020-12-04T01:03:11 0 0 경기77바2357 3 38 234001609 123000016 71 
2020-12-04T01:03:11 0 0 경기77바2176 3 38 234001609 204000116 50 
2020-12-04T01:03:11 2 0 경기77바3445 3 36 234001609 234000437 88 
2020-12-04T01:04:10 0 0 경기77바2357 3 38 234001609 123000016 71 
2020-12-04T01:04:10 0 0 경기77바2176 3 39 234001609 204000116 50 
2020-12-04T01:04:10 2 0 경기77바3445 3 37 234001609 234000437 88 
2020-12-04T01:05:10 0 0 경기77바2357 3 38 234001609 123000016 71 
2020-12-04T01:05:10 0 0 경기77바2176 3 39 234001609 204000115 51 
2020-12-04T01:05:10 2 0 경기77바3445 3 37 234001609 234000372 89 
2020-12-04T01:06:10 0 0 경기77바2176 3 39 234001609 123000329 53 
2020-12-04T01:06:10 2 0 경기77바3445 3 37 234001609 234000372 89 
2020-12-04T01:06:10 0 0 경기77바2357 3 38 234001609 123000016 71 
2020-12-04T01:07:10 0 0 경기77바2357 3 38 234001609 204000113 72 
2020-12-04T01:07:10 0 0 경기77바2176 3 40 234001609 123000015 54 
2020-12-04T01:07:10 2 0 경기77바3445 3 37 234001609 234000372 89 
2020-12-04T01:08:09 2 0 경기77바3445 3 37 234001609 234000372 89 
2020-12-04T01:08:09 0 0 경기77바2357 3 38 234001609 204000112 73 
2020-12-04T01:08:09 0 0 경기77바2176 3 41 234001609 123000013 55 
2020-12-04T01:09:09 0 0 경기77바2357 3 38 234001609 204000110 75 
2020-12-04T01:09:09 0 0 경기77바2176 3 41 234001609 123000011 56 
2020-12-04T01:09:09 2 0 경기77바3445 3 38 234001609 234000372 89 
2020-12-04T01:10:08 0 0 경기77바2357 3 38 234001609 204000110 75 
2020-12-04T01:10:08 0 0 경기77바2176 3 41 234001609 123000011 56 
2020-12-04T01:10:08 2 0 경기77바3445 3 38 234001609 234000269 90 
2020-12-04T01:11:08 0 0 경기77바2176 3 42 234001609 123000011 56 
2020-12-04T01:11:08 0 0 경기77바2357 3 37 234001609 204000023 76 
2020-12-04T01:11:08 2 0 경기77바3445 3 37 234001609 234000267 92 
2020-12-04T01:12:08 0 0 경기77바2357 3 37 234001609 204000023 76 
2020-12-04T01:12:08 0 0 경기77바2176 3 45 234001609 123000009 57 
2020-12-04T01:12:08 2 0 경기77바3445 3 37 234001609 234000251 93 
2020-12-04T01:13:07 0 0 경기77바2357 3 37 234001609 204000023 76 
2020-12-04T01:13:07 0 0 경기77바2176 3 45 234001609 123000009 57 
2020-12-04T01:13:07 2 0 경기77바3445 3 36 234001609 234000271 94 
2020-12-04T01:14:07 2 0 경기77바3445 3 37 234001609 234000270 95 
2020-12-04T01:14:07 0 0 경기77바2357 3 37 234001609 204000011 77 
2020-12-04T01:14:07 0 0 경기77바2176 3 45 234001609 123000007 58 
2020-12-04T01:15:06 2 0 경기77바3445 3 37 234001609 234000270 95 
2020-12-04T01:15:06 0 0 경기77바2357 3 37 234001609 204000011 77 
2020-12-04T01:15:06 0 0 경기77바2176 3 45 234001609 123000003 60 
2020-12-04T01:16:06 0 0 경기77바2176 3 45 234001609 123000611 62 
2020-12-04T01:16:06 0 0 경기77바2357 3 36 234001609 204000088 78 
2020-12-04T01:16:06 2 0 경기77바3445 3 37 234001609 234000371 96 
2020-12-04T01:17:06 0 0 경기77바2176 3 45 234001609 123000611 62 
2020-12-04T01:17:06 2 0 경기77바3445 3 38 234001609 234000369 98 
2020-12-04T01:17:06 0 0 경기77바2357 3 36 234001609 205000207 79 
2020-12-04T01:18:06 0 0 경기77바2176 3 45 234001609 123000611 62 
2020-12-04T01:18:06 0 0 경기77바2357 3 36 234001609 205000207 79 
2020-12-04T01:18:06 2 0 경기77바3445 3 38 234001609 234000369 98 
2020-12-04T01:19:06 0 0 경기77바2176 3 45 234001609 123000004 65 
2020-12-04T01:19:06 0 0 경기77바2357 3 34 234001609 205000207 79 
2020-12-04T01:19:06 2 0 경기77바3445 3 38 234001609 234000366 100 
2020-12-04T01:20:05 2 0 경기77바3445 3 38 234001609 234000366 100 
2020-12-04T01:20:05 0 0 경기77바2357 3 34 234001609 205000207 79 
2020-12-04T01:20:05 0 0 경기77바2176 3 45 234001609 123000006 66 
2020-12-04T01:21:04 0 0 경기77바2357 3 34 234001609 205000207 79 
2020-12-04T01:21:04 2 0 경기77바3445 3 38 234001609 234000365 101 
2020-12-04T01:21:04 0 0 경기77바2176 3 45 234001609 123000008 67 
2020-12-04T01:22:04 0 0 경기77바2357 3 34 234001609 205000207 79 
2020-12-04T01:22:04 0 0 경기77바2176 3 45 234001609 123000010 68 
2020-12-04T01:22:04 2 0 경기77바3445 3 38 234001609 234000364 102 
2020-12-04T01:23:04 0 0 경기77바2357 3 34 234001609 205000073 80 
2020-12-04T01:23:04 0 0 경기77바2176 3 45 234001609 123000010 68 
2020-12-04T01:23:04 2 0 경기77바3445 3 38 234001609 234000363 103 
2020-12-04T01:24:04 0 0 경기77바2176 3 45 234001609 123000012 69 
2020-12-04T01:24:04 2 0 경기77바3445 3 38 234001609 234000363 103 
2020-12-04T01:24:04 0 0 경기77바2357 3 34 234001609 205000079 81 
2020-12-04T01:25:03 0 0 경기77바2176 3 45 234001609 123000012 69 
2020-12-04T01:25:03 0 0 경기77바2357 3 34 234001609 205000267 82 
2020-12-04T01:25:03 2 0 경기77바3445 3 39 234001609 234000362 104 
2020-12-04T01:26:03 2 0 경기77바3445 3 39 234001609 234000360 106 
2020-12-04T01:26:03 0 0 경기77바2357 3 34 234001609 205000267 82 
2020-12-04T01:26:03 0 0 경기77바2176 3 45 234001609 123000012 69 
2020-12-04T01:28:11 2 0 경기77바3445 3 39 234001609 234000360 106 
2020-12-04T01:28:11 0 0 경기77바2176 3 45 234001609 123000016 71 
2020-12-04T01:28:11 0 0 경기77바2357 3 34 234001609 234000065 85 
2020-12-04T01:29:11 0 0 경기77바2176 3 41 234001609 123000016 71 
2020-12-04T01:29:11 2 0 경기77바3445 3 40 234001609 234000359 107 
2020-12-04T01:29:11 0 0 경기77바2357 3 35 234001609 234000439 86 
2020-12-04T01:30:11 0 0 경기77바2176 3 41 234001609 123000016 71 
2020-12-04T01:30:11 2 0 경기77바3445 3 40 234001609 234000358 108 
2020-12-04T01:30:11 0 0 경기77바2357 3 35 234001609 234000438 87 
2020-12-04T01:31:11 2 0 경기77바3445 3 40 234001609 234000358 108 
2020-12-04T01:31:11 0 0 경기77바2176 3 41 234001609 123000016 71 
2020-12-04T01:31:11 0 0 경기77바2357 3 34 234001609 234000437 88 
2020-12-04T01:32:09 2 0 경기77바3445 3 40 234001609 234000357 110 
2020-12-04T01:32:09 0 0 경기77바2357 3 35 234001609 234000372 89 
2020-12-04T01:32:09 0 0 경기77바2176 3 41 234001609 204000113 72 
2020-12-04T01:33:09 0 0 경기77바2176 3 41 234001609 204000112 73 
2020-12-04T01:33:09 2 0 경기77바3445 3 43 234001609 234000356 111 
2020-12-04T01:33:09 0 0 경기77바2357 3 35 234001609 234000372 89 
2020-12-04T01:34:09 0 0 경기77바2176 3 41 234001609 204000112 73 
2020-12-04T01:34:09 2 0 경기77바3445 3 43 234001609 234000355 112 
2020-12-04T01:34:09 0 0 경기77바2357 3 35 234001609 234000372 89 
2020-12-04T01:35:09 0 0 경기77바2357 3 35 234001609 234000372 89 
2020-12-04T01:35:09 2 0 경기77바3445 3 43 234001609 234001061 113 
2020-12-04T01:35:09 0 0 경기77바2176 3 41 234001609 204000112 73 
2020-12-04T01:36:09 2 0 경기77바3445 3 43 234001609 234001061 113 
2020-12-04T01:36:09 0 0 경기77바2357 3 35 234001609 234000372 89 
2020-12-04T01:36:09 0 0 경기77바2176 3 41 234001609 204000110 75 
2020-12-04T01:37:09 0 0 경기77바2176 3 41 234001609 204000023 76 
2020-12-04T01:37:09 2 0 경기77바3445 3 43 234001609 234000353 115 
2020-12-04T01:37:09 0 0 경기77바2357 3 36 234001609 234000372 89 
2020-12-04T01:38:08 2 0 경기77바3445 3 43 234001609 234000352 116 
2020-12-04T01:38:08 0 0 경기77바2357 3 36 234001609 234000269 90 
2020-12-04T01:38:08 0 0 경기77바2176 3 42 234001609 204000023 76 
2020-12-04T01:39:08 0 0 경기77바2357 3 38 234001609 234000267 92 
2020-12-04T01:39:08 2 0 경기77바3445 3 43 234001609 234000350 118 
2020-12-04T01:39:08 0 0 경기77바2176 3 40 234001609 204000011 77 
2020-12-04T01:40:08 2 0 경기77바3445 3 43 234001609 234000350 118 
2020-12-04T01:40:08 0 0 경기77바2176 3 40 234001609 204000088 78 
2020-12-04T01:40:08 0 0 경기77바2357 3 40 234001609 234000251 93 
2020-12-04T01:41:07 2 0 경기77바3445 3 43 234001609 234000350 118 
2020-12-04T01:41:07 0 0 경기77바2357 3 40 234001609 234000271 94 
2020-12-04T01:41:07 0 0 경기77바2176 3 38 234001609 205000207 79 
2020-12-04T01:42:07 2 0 경기77바3445 3 43 234001609 234000350 118 
2020-12-04T01:42:07 0 0 경기77바2176 3 38 234001609 205000207 79 
2020-12-04T01:42:07 0 0 경기77바2357 3 40 234001609 234000270 95 
2020-12-04T01:43:07 0 0 경기77바2357 3 40 234001609 234000371 96 
2020-12-04T01:43:07 0 0 경기77바2176 3 37 234001609 205000207 79 
2020-12-04T01:44:07 0 0 경기77바2176 3 37 234001609 205000207 79 
2020-12-04T01:44:07 0 0 경기77바2357 3 42 234001609 234000370 97 
2020-12-04T01:45:07 0 0 경기77바2176 3 37 234001609 205000207 79 
2020-12-04T01:45:07 0 0 경기77바2357 3 42 234001609 234000369 98 
2020-12-04T01:46:07 0 0 경기77바2357 3 43 234001609 234000368 99 
2020-12-04T01:46:07 0 0 경기77바2176 3 37 234001609 205000073 80 
