234001609 2020-12-04T00:00:19.530221+09:00
2020-12-04T23:00:52 2 0 경기77바2123 3 45 234001609 277101661 2 
2020-12-04T23:01:51 2 0 경기77바2123 3 45 234001609 234000946 3 
2020-12-04T23:02:51 2 0 경기77바2123 3 44 234001609 234000348 4 
2020-12-04T23:03:51 2 0 경기77바2123 3 42 234001609 234000347 5 
2020-12-04T23:04:51 2 0 경기77바2123 3 42 234001609 234000346 6 
2020-12-04T23:05:51 2 0 경기77바2123 3 42 234001609 234000345 7 
2020-12-04T23:06:51 2 0 경기77바2123 3 42 234001609 234000345 7 
2020-12-04T23:07:51 2 0 경기77바2123 3 42 234001609 234000344 9 
2020-12-04T23:08:50 2 0 경기77바2123 3 42 234001609 234000344 9 
2020-12-04T23:09:50 2 0 경기77바2123 3 42 234001609 234000343 10 
2020-12-04T23:10:50 2 0 경기77바2123 3 42 234001609 234000673 11 
2020-12-04T23:11:48 2 0 경기77바2123 3 42 234001609 234000089 13 
2020-12-04T23:12:48 2 0 경기77바2123 3 42 234001609 234000089 13 
2020-12-04T23:13:48 2 0 경기77바2123 3 42 234001609 234000089 13 
2020-12-04T23:14:48 2 0 경기77바2123 3 44 234001609 234000341 15 
2020-12-04T23:15:47 2 0 경기77바2123 3 43 234001609 234000341 15 
2020-12-04T23:16:47 2 0 경기77바2123 3 43 234001609 234000340 16 
2020-12-04T23:17:46 2 0 경기77바2123 3 43 234001609 234000339 17 
2020-12-04T23:18:46 2 0 경기77바2123 3 43 234001609 234000339 17 
2020-12-04T23:19:45 2 0 경기77바2123 3 43 234001609 234000337 19 
2020-12-04T23:20:44 2 0 경기77바2123 3 43 234001609 234000336 20 
2020-12-04T23:21:44 2 0 경기77바2123 3 43 234001609 234000336 20 
2020-12-04T23:22:44 2 0 경기77바2123 3 43 234001609 234000335 21 
2020-12-04T23:23:44 2 0 경기77바2123 3 43 234001609 234000334 22 
2020-12-04T23:24:43 2 0 경기77바2123 3 43 234001609 234000333 23 
2020-12-04T23:25:42 2 0 경기77바2123 3 43 234001609 234000332 24 
2020-12-04T23:26:42 2 0 경기77바2123 3 43 234001609 234000643 25 
2020-12-04T23:27:41 2 0 경기77바2123 3 43 234001609 234000643 25 
2020-12-04T23:28:41 2 0 경기77바2123 3 43 234001609 234000643 25 
2020-12-04T23:29:40 2 0 경기77바2123 3 43 234001609 234000269 26 
2020-12-04T23:30:40 2 0 경기77바2123 3 43 234001609 234000267 28 
2020-12-04T23:31:39 0 0 경기77바2092 3 45 234001609 234000946 3 
2020-12-04T23:31:39 2 0 경기77바2123 3 42 234001609 234000271 30 
2020-12-04T23:32:39 2 0 경기77바2123 3 42 234001609 234000271 30 
2020-12-04T23:32:39 0 0 경기77바2092 3 45 234001609 234000348 4 
2020-12-04T23:33:39 0 0 경기77바2092 3 45 234001609 234000346 6 
2020-12-04T23:33:39 2 0 경기77바2123 3 42 234001609 234000270 31 
2020-12-04T23:34:38 0 0 경기77바2092 3 45 234001609 234000345 7 
2020-12-04T23:34:38 2 0 경기77바2123 3 42 234001609 234001077 32 
2020-12-04T23:35:38 2 0 경기77바2123 3 41 234001609 234000330 33 
2020-12-04T23:35:38 0 0 경기77바2092 3 45 234001609 234001068 8 
2020-12-04T23:36:37 0 0 경기77바2092 3 45 234001609 234000344 9 
2020-12-04T23:36:37 2 0 경기77바2123 3 41 234001609 234000436 34 
2020-12-04T23:37:36 0 0 경기77바2092 3 45 234001609 234000343 10 
2020-12-04T23:37:36 2 0 경기77바2123 3 41 234001609 234000435 36 
2020-12-04T23:38:37 0 0 경기77바2092 3 45 234001609 234000343 10 
2020-12-04T23:38:37 2 0 경기77바2123 3 41 234001609 234000434 37 
2020-12-04T23:39:36 0 0 경기77바2092 3 45 234001609 234000089 13 
2020-12-04T23:39:36 2 0 경기77바2123 3 41 234001609 234001169 39 
2020-12-04T23:40:36 2 0 경기77바2123 3 41 234001609 234000063 40 
2020-12-04T23:40:36 0 0 경기77바2092 3 45 234001609 234000089 13 
2020-12-04T23:41:35 0 0 경기77바2092 3 45 234001609 234000089 13 
2020-12-04T23:41:35 2 0 경기77바2123 3 39 234001609 234000063 40 
2020-12-04T23:42:35 0 0 경기77바2092 3 45 234001609 234000341 15 
2020-12-04T23:42:35 2 0 경기77바2123 3 39 234001609 277103681 41 
2020-12-04T23:43:34 2 0 경기77바2123 3 39 234001609 205000078 42 
2020-12-04T23:43:34 0 0 경기77바2092 3 45 234001609 234000341 15 
2020-12-04T23:44:34 0 0 경기77바2092 3 45 234001609 234000340 16 
2020-12-04T23:44:34 2 0 경기77바2123 3 39 234001609 205000078 42 
2020-12-04T23:45:34 0 0 경기77바2092 3 45 234001609 234000339 17 
2020-12-04T23:45:34 2 0 경기77바2123 3 39 234001609 205000074 43 
2020-12-04T23:46:33 0 0 경기77바2092 3 45 234001609 234000339 17 
2020-12-04T23:46:33 2 0 경기77바2123 3 39 234001609 205000074 43 
2020-12-04T23:47:33 0 0 경기77바2092 3 45 234001609 234000337 19 
2020-12-04T23:47:33 2 0 경기77바2123 3 40 234001609 205000069 44 
2020-12-04T23:48:32 2 0 경기77바2123 3 41 234001609 205000069 44 
2020-12-04T23:48:32 0 0 경기77바2092 3 44 234001609 234000336 20 
2020-12-04T23:49:32 0 0 경기77바2092 3 44 234001609 234000336 20 
2020-12-04T23:49:32 2 0 경기77바2123 3 41 234001609 205000069 44 
2020-12-04T23:50:31 0 0 경기77바2092 3 44 234001609 234000335 21 
2020-12-04T23:50:31 2 0 경기77바2123 3 41 234001609 204000087 45 
2020-12-04T23:51:31 2 0 경기77바2123 3 41 234001609 204000087 45 
2020-12-04T23:51:31 0 0 경기77바2092 3 42 234001609 234000334 22 
2020-12-04T23:52:31 2 0 경기77바2123 3 41 234001609 204000087 45 
2020-12-04T23:52:31 0 0 경기77바2092 3 42 234001609 234000333 23 
2020-12-04T23:53:30 0 0 경기77바2092 3 42 234001609 234000332 24 
2020-12-04T23:53:30 2 0 경기77바2123 3 42 234001609 204000022 47 
2020-12-04T23:54:29 2 0 경기77바2123 3 42 234001609 204000021 48 
2020-12-04T23:54:29 0 0 경기77바2092 3 42 234001609 234000643 25 
2020-12-04T23:55:29 2 0 경기77바2123 3 42 234001609 204000020 49 
2020-12-04T23:55:29 0 0 경기77바2092 3 42 234001609 234000643 25 
2020-12-04T23:56:28 0 0 경기77바2092 3 42 234001609 234000643 25 
2020-12-04T23:56:28 2 0 경기77바2123 3 42 234001609 204000115 51 
2020-12-04T23:57:28 0 0 경기77바2092 3 41 234001609 234000269 26 
2020-12-04T23:57:28 2 0 경기77바2123 3 42 234001609 123000329 53 
2020-12-04T23:58:27 2 0 경기77바2123 3 43 234001609 123000015 54 
2020-12-04T23:58:27 0 0 경기77바2092 3 41 234001609 234000267 28 
2020-12-04T23:59:27 2 0 경기77바2123 3 43 234001609 123000013 55 
2020-12-04T23:59:27 0 0 경기77바2092 3 41 234001609 234000251 29 
2020-12-05T00:01:26 0 0 경기77바2005 3 45 234001609 277101661 2 
2020-12-05T00:01:26 2 0 경기77바2123 3 43 234001609 123000011 56 
2020-12-05T00:01:26 0 0 경기77바2092 3 41 234001609 234000270 31 
2020-12-05T00:02:25 0 0 경기77바2005 3 44 234001609 234000946 3 
2020-12-05T00:02:25 2 0 경기77바2123 3 44 234001609 123000011 56 
2020-12-05T00:02:25 0 0 경기77바2092 3 36 234001609 234000270 31 
2020-12-05T00:03:25 0 0 경기77바2005 3 44 234001609 234000348 4 
2020-12-05T00:03:25 2 0 경기77바2123 3 44 234001609 123000011 56 
2020-12-05T00:03:25 0 0 경기77바2092 3 36 234001609 234000270 31 
2020-12-05T00:04:25 0 0 경기77바2005 3 44 234001609 234000347 5 
2020-12-05T00:04:25 0 0 경기77바2092 3 36 234001609 234001077 32 
2020-12-05T00:04:25 2 0 경기77바2123 3 45 234001609 123000009 57 
2020-12-05T00:05:24 0 0 경기77바2005 3 44 234001609 234000346 6 
2020-12-05T00:05:24 2 0 경기77바2123 3 45 234001609 123000009 57 
2020-12-05T00:05:24 0 0 경기77바2092 3 36 234001609 234000330 33 
2020-12-05T00:06:24 0 0 경기77바2005 3 44 234001609 234000345 7 
2020-12-05T00:06:24 0 0 경기77바2092 3 37 234001609 234000436 34 
2020-12-05T00:06:24 2 0 경기77바2123 3 45 234001609 123000005 59 
2020-12-05T00:07:24 0 0 경기77바2005 3 44 234001609 234001068 8 
2020-12-05T00:07:24 0 0 경기77바2092 3 37 234001609 234000436 34 
2020-12-05T00:07:24 2 0 경기77바2123 3 45 234001609 123000003 60 
2020-12-05T00:08:24 0 0 경기77바2005 3 44 234001609 234000344 9 
2020-12-05T00:08:24 0 0 경기77바2092 3 37 234001609 234000435 36 
2020-12-05T00:08:24 2 0 경기77바2123 3 45 234001609 123000003 60 
2020-12-05T00:09:23 0 0 경기77바2005 3 43 234001609 234000343 10 
2020-12-05T00:09:23 2 0 경기77바2123 3 45 234001609 123000611 62 
2020-12-05T00:09:23 0 0 경기77바2092 3 37 234001609 234000434 37 
2020-12-05T00:10:23 0 0 경기77바2005 3 43 234001609 234000673 11 
2020-12-05T00:10:23 2 0 경기77바2123 3 45 234001609 123000611 62 
2020-12-05T00:10:23 0 0 경기77바2092 3 37 234001609 234001169 39 
2020-12-05T00:11:22 0 0 경기77바2005 3 43 234001609 234000089 13 
2020-12-05T00:11:22 2 0 경기77바2123 3 43 234001609 277102843 63 
2020-12-05T00:11:22 0 0 경기77바2092 3 37 234001609 234000063 40 
2020-12-05T00:12:22 0 0 경기77바2005 3 43 234001609 234000089 13 
2020-12-05T00:12:22 0 0 경기77바2092 3 37 234001609 234000063 40 
2020-12-05T00:12:22 2 0 경기77바2123 3 43 234001609 123000004 65 
2020-12-05T00:13:22 0 0 경기77바2005 3 43 234001609 234000089 13 
2020-12-05T00:13:22 2 0 경기77바2123 3 43 234001609 123000006 66 
2020-12-05T00:13:22 0 0 경기77바2092 3 37 234001609 205000078 42 
2020-12-05T00:14:22 0 0 경기77바2005 3 43 234001609 234000342 14 
2020-12-05T00:14:22 2 0 경기77바2123 3 43 234001609 123000008 67 
2020-12-05T00:14:22 0 0 경기77바2092 3 37 234001609 205000078 42 
2020-12-05T00:15:21 0 0 경기77바2005 3 42 234001609 234000342 14 
2020-12-05T00:15:21 2 0 경기77바2123 3 43 234001609 123000010 68 
2020-12-05T00:15:21 0 0 경기77바2092 3 37 234001609 205000074 43 
2020-12-05T00:16:21 0 0 경기77바2005 3 42 234001609 234000342 14 
2020-12-05T00:16:21 2 0 경기77바2123 3 42 234001609 123000010 68 
2020-12-05T00:16:21 0 0 경기77바2092 3 37 234001609 205000074 43 
2020-12-05T00:17:21 0 0 경기77바2005 3 41 234001609 234000341 15 
2020-12-05T00:17:21 2 0 경기77바2123 3 42 234001609 123000012 69 
2020-12-05T00:17:21 0 0 경기77바2092 3 37 234001609 205000074 43 
2020-12-05T00:18:21 0 0 경기77바2005 3 41 234001609 234000339 17 
2020-12-05T00:18:21 0 0 경기77바2092 3 38 234001609 205000074 43 
2020-12-05T00:18:21 2 0 경기77바2123 3 42 234001609 123000014 70 
2020-12-05T00:19:21 0 0 경기77바2005 3 41 234001609 234000339 17 
2020-12-05T00:19:21 0 0 경기77바2092 3 38 234001609 205000074 43 
2020-12-05T00:19:21 2 0 경기77바2123 3 42 234001609 123000014 70 
2020-12-05T00:20:20 0 0 경기77바2005 3 41 234001609 234000338 18 
2020-12-05T00:20:20 2 0 경기77바2123 3 42 234001609 123000016 71 
2020-12-05T00:20:20 0 0 경기77바2092 3 40 234001609 205000069 44 
2020-12-05T00:21:20 0 0 경기77바2005 3 41 234001609 234000337 19 
2020-12-05T00:21:20 0 0 경기77바2092 3 40 234001609 205000069 44 
2020-12-05T00:21:20 2 0 경기77바2123 3 42 234001609 123000016 71 
2020-12-05T00:22:20 0 0 경기77바2005 3 41 234001609 234000336 20 
2020-12-05T00:22:20 2 0 경기77바2123 3 42 234001609 123000016 71 
2020-12-05T00:22:20 0 0 경기77바2092 3 40 234001609 205000069 44 
2020-12-05T00:23:21 0 0 경기77바2005 3 41 234001609 234000335 21 
2020-12-05T00:23:21 2 0 경기77바2123 3 42 234001609 204000113 72 
2020-12-05T00:23:21 0 0 경기77바2092 3 40 234001609 204000087 45 
2020-12-05T00:24:19 0 0 경기77바2005 3 40 234001609 234000334 22 
2020-12-05T00:24:19 2 0 경기77바2123 3 42 234001609 204000112 73 
2020-12-05T00:24:19 0 0 경기77바2092 3 40 234001609 204000087 45 
2020-12-05T00:25:19 0 0 경기77바2005 3 40 234001609 234000333 23 
2020-12-05T00:25:19 2 0 경기77바2123 3 42 234001609 204000111 74 
2020-12-05T00:25:19 0 0 경기77바2092 3 40 234001609 204000019 46 
2020-12-05T00:26:18 0 0 경기77바2005 3 40 234001609 234000332 24 
2020-12-05T00:26:18 0 0 경기77바2092 3 41 234001609 204000019 46 
2020-12-05T00:26:18 2 0 경기77바2123 3 43 234001609 204000110 75 
2020-12-05T00:27:17 0 0 경기77바2005 3 40 234001609 234000643 25 
2020-12-05T00:27:17 2 0 경기77바2123 3 43 234001609 204000023 76 
2020-12-05T00:27:17 0 0 경기77바2092 3 42 234001609 204000021 48 
2020-12-05T00:28:17 0 0 경기77바2005 3 40 234001609 234000643 25 
2020-12-05T00:28:17 0 0 경기77바2092 3 42 234001609 204000021 48 
2020-12-05T00:28:17 2 0 경기77바2123 3 43 234001609 204000023 76 
2020-12-05T00:29:17 0 0 경기77바2005 3 40 234001609 234000269 26 
2020-12-05T00:29:17 0 0 경기77바2092 3 42 234001609 204000020 49 
2020-12-05T00:29:17 2 0 경기77바2123 3 43 234001609 204000088 78 
2020-12-05T00:30:16 0 0 경기77바2005 3 39 234001609 234000268 27 
2020-12-05T00:30:16 2 0 경기77바2123 3 43 234001609 204000088 78 
2020-12-05T00:30:16 0 0 경기77바2092 3 42 234001609 204000115 51 
2020-12-05T00:31:16 0 0 경기77바2005 3 39 234001609 234000251 29 
2020-12-05T00:31:16 0 0 경기77바2092 3 42 234001609 204000115 51 
2020-12-05T00:31:16 2 0 경기77바2123 3 43 234001609 205000207 79 
2020-12-05T00:32:16 0 0 경기77바2005 3 39 234001609 234000271 30 
2020-12-05T00:32:16 2 0 경기77바2123 3 40 234001609 205000207 79 
2020-12-05T00:32:16 0 0 경기77바2092 3 43 234001609 123000329 53 
2020-12-05T00:33:15 0 0 경기77바2005 3 39 234001609 234000271 30 
2020-12-05T00:33:15 0 0 경기77바2092 3 43 234001609 123000329 53 
2020-12-05T00:33:15 2 0 경기77바2123 3 40 234001609 205000207 79 
2020-12-05T00:34:15 0 0 경기77바2005 3 38 234001609 234000270 31 
2020-12-05T00:34:15 0 0 경기77바2092 3 43 234001609 123000329 53 
2020-12-05T00:34:15 2 0 경기77바2123 3 40 234001609 205000207 79 
2020-12-05T00:35:14 0 0 경기77바2005 3 38 234001609 234001077 32 
2020-12-05T00:35:14 0 0 경기77바2092 3 43 234001609 123000015 54 
2020-12-05T00:35:14 2 0 경기77바2123 3 40 234001609 205000073 80 
2020-12-05T00:36:13 0 0 경기77바2005 3 37 234001609 234000330 33 
2020-12-05T00:36:13 0 0 경기77바2092 3 43 234001609 123000013 55 
2020-12-05T00:36:13 2 0 경기77바2123 3 40 234001609 205000073 80 
2020-12-05T00:37:13 0 0 경기77바2005 3 37 234001609 234000436 34 
2020-12-05T00:37:13 0 0 경기77바2092 3 43 234001609 123000011 56 
2020-12-05T00:37:13 2 0 경기77바2123 3 40 234001609 205000267 82 
2020-12-05T00:38:13 0 0 경기77바2005 3 37 234001609 234000435 36 
2020-12-05T00:38:13 0 0 경기77바2092 3 43 234001609 123000011 56 
2020-12-05T00:38:13 2 0 경기77바2123 3 40 234001609 205000267 82 
2020-12-05T00:39:13 0 0 경기77바2005 3 37 234001609 234000064 38 
2020-12-05T00:39:13 0 0 경기77바2092 3 43 234001609 123000011 56 
2020-12-05T00:39:13 2 0 경기77바2123 3 40 234001609 234000066 83 
2020-12-05T00:40:11 0 0 경기77바2005 3 38 234001609 234000063 40 
2020-12-05T00:40:11 0 0 경기77바2092 3 43 234001609 123000011 56 
2020-12-05T00:40:11 2 0 경기77바2123 3 40 234001609 234001168 84 
2020-12-05T00:41:11 0 0 경기77바2005 3 37 234001609 234000063 40 
2020-12-05T00:41:11 2 0 경기77바2123 3 40 234001609 234000065 85 
2020-12-05T00:41:11 0 0 경기77바2092 3 43 234001609 123000009 57 
2020-12-05T00:42:11 0 0 경기77바2005 3 37 234001609 234000063 40 
2020-12-05T00:42:11 0 0 경기77바2092 3 43 234001609 123000009 57 
2020-12-05T00:42:11 2 0 경기77바2123 3 40 234001609 234000438 87 
2020-12-05T00:43:11 0 0 경기77바2005 3 37 234001609 205000078 42 
2020-12-05T00:43:11 2 0 경기77바2123 3 40 234001609 234000437 88 
2020-12-05T00:43:11 0 0 경기77바2092 3 43 234001609 123000005 59 
2020-12-05T00:44:10 0 0 경기77바2005 3 37 234001609 205000078 42 
2020-12-05T00:44:10 2 0 경기77바2123 3 40 234001609 234000372 89 
2020-12-05T00:44:10 0 0 경기77바2092 3 44 234001609 123000003 60 
2020-12-05T00:45:09 0 0 경기77바2005 3 37 234001609 205000074 43 
2020-12-05T00:45:09 0 0 경기77바2092 3 44 234001609 123000611 62 
2020-12-05T00:45:09 2 0 경기77바2123 3 40 234001609 234000372 89 
2020-12-05T00:46:09 0 0 경기77바2005 3 37 234001609 205000074 43 
2020-12-05T00:46:09 2 0 경기77바2123 3 40 234001609 234000372 89 
2020-12-05T00:46:09 0 0 경기77바2092 3 44 234001609 123000611 62 
2020-12-05T00:47:08 0 0 경기77바2005 3 37 234001609 205000074 43 
2020-12-05T00:47:08 0 0 경기77바2092 3 45 234001609 123000611 62 
2020-12-05T00:47:08 2 0 경기77바2123 3 41 234001609 234000372 89 
2020-12-05T00:48:08 0 0 경기77바2005 3 38 234001609 205000069 44 
2020-12-05T00:48:08 0 0 경기77바2092 3 45 234001609 123000004 65 
2020-12-05T00:48:08 2 0 경기77바2123 3 42 234001609 234000269 90 
2020-12-05T00:49:07 0 0 경기77바2005 3 38 234001609 205000069 44 
2020-12-05T00:49:07 0 0 경기77바2092 3 45 234001609 123000006 66 
2020-12-05T00:49:07 2 0 경기77바2123 3 42 234001609 234000251 93 
2020-12-05T00:50:07 0 0 경기77바2005 3 39 234001609 204000087 45 
2020-12-05T00:50:07 0 0 경기77바2092 3 43 234001609 123000006 66 
2020-12-05T00:50:07 2 0 경기77바2123 3 42 234001609 234000271 94 
2020-12-05T00:51:06 0 0 경기77바2005 3 38 234001609 204000087 45 
2020-12-05T00:51:06 0 0 경기77바2092 3 43 234001609 123000006 66 
2020-12-05T00:51:06 2 0 경기77바2123 3 42 234001609 234000271 94 
2020-12-05T00:52:06 0 0 경기77바2005 3 38 234001609 204000087 45 
2020-12-05T00:52:06 0 0 경기77바2092 3 43 234001609 123000008 67 
2020-12-05T00:52:06 2 0 경기77바2123 3 42 234001609 234000270 95 
2020-12-05T00:53:06 0 0 경기77바2005 3 37 234001609 204000019 46 
2020-12-05T00:53:06 0 0 경기77바2092 3 43 234001609 123000010 68 
2020-12-05T00:53:06 2 0 경기77바2123 3 42 234001609 234000270 95 
2020-12-05T00:54:05 0 0 경기77바2005 3 37 234001609 204000019 46 
2020-12-05T00:54:05 0 0 경기77바2092 3 42 234001609 123000010 68 
2020-12-05T00:54:05 2 0 경기77바2123 3 42 234001609 234000370 97 
2020-12-05T00:55:05 0 0 경기77바2005 3 37 234001609 204000022 47 
2020-12-05T00:55:05 2 0 경기77바2123 3 43 234001609 234000369 98 
2020-12-05T00:55:05 0 0 경기77바2092 3 42 234001609 123000012 69 
2020-12-05T00:56:05 0 0 경기77바2005 3 38 234001609 204000021 48 
2020-12-05T00:56:05 2 0 경기77바2123 3 43 234001609 234000368 99 
2020-12-05T00:56:05 0 0 경기77바2092 3 42 234001609 123000016 71 
2020-12-05T00:57:04 0 0 경기77바2005 3 39 234001609 204000020 49 
2020-12-05T00:57:04 0 0 경기77바2092 3 42 234001609 123000016 71 
2020-12-05T00:57:04 2 0 경기77바2123 3 43 234001609 234000366 100 
2020-12-05T00:58:04 0 0 경기77바2005 3 39 234001609 204000020 49 
2020-12-05T00:58:04 0 0 경기77바2092 3 42 234001609 123000016 71 
2020-12-05T00:58:04 2 0 경기77바2123 3 43 234001609 234000365 101 
2020-12-05T00:59:03 0 0 경기77바2005 3 39 234001609 204000116 50 
2020-12-05T00:59:03 0 0 경기77바2092 3 42 234001609 123000016 71 
2020-12-05T00:59:03 2 0 경기77바2123 3 43 234001609 234000364 102 
2020-12-05T01:00:03 0 0 경기77바2005 3 40 234001609 204000115 51 
2020-12-05T01:00:03 2 0 경기77바2123 3 43 234001609 234000363 103 
2020-12-05T01:00:03 0 0 경기77바2092 3 42 234001609 123000016 71 
2020-12-05T01:01:03 0 0 경기77바2005 3 41 234001609 204000115 51 
2020-12-05T01:01:03 2 0 경기77바2123 3 43 234001609 234000363 103 
2020-12-05T01:01:03 0 0 경기77바2092 3 42 234001609 204000112 73 
2020-12-05T01:02:03 0 0 경기77바2005 3 40 234001609 204000114 52 
2020-12-05T01:02:03 0 0 경기77바2092 3 42 234001609 204000112 73 
2020-12-05T01:02:03 2 0 경기77바2123 3 44 234001609 234000361 105 
2020-12-05T01:03:05 0 0 경기77바2005 3 40 234001609 123000329 53 
2020-12-05T01:03:05 2 0 경기77바2123 3 44 234001609 234000360 106 
2020-12-05T01:03:05 0 0 경기77바2092 3 42 234001609 204000110 75 
2020-12-05T01:04:01 0 0 경기77바2005 3 40 234001609 123000015 54 
2020-12-05T01:04:01 0 0 경기77바2092 3 42 234001609 204000110 75 
2020-12-05T01:04:01 2 0 경기77바2123 3 44 234001609 234000359 107 
2020-12-05T01:05:01 0 0 경기77바2005 3 39 234001609 123000013 55 
2020-12-05T01:05:01 2 0 경기77바2123 3 44 234001609 234000358 108 
2020-12-05T01:05:01 0 0 경기77바2092 3 42 234001609 204000023 76 
2020-12-05T01:06:00 0 0 경기77바2005 3 39 234001609 123000011 56 
2020-12-05T01:06:00 2 0 경기77바2123 3 44 234001609 234000358 108 
2020-12-05T01:06:00 0 0 경기77바2092 3 40 234001609 204000011 77 
2020-12-05T01:07:00 0 0 경기77바2005 3 39 234001609 123000011 56 
2020-12-05T01:07:00 0 0 경기77바2092 3 40 234001609 204000011 77 
2020-12-05T01:07:00 2 0 경기77바2123 3 44 234001609 234000357 110 
2020-12-05T01:07:59 0 0 경기77바2005 3 39 234001609 123000009 57 
2020-12-05T01:07:59 0 0 경기77바2092 3 40 234001609 204000011 77 
2020-12-05T01:07:59 2 0 경기77바2123 3 44 234001609 234000355 112 
2020-12-05T01:08:59 0 0 경기77바2005 3 41 234001609 123000007 58 
2020-12-05T01:08:59 0 0 경기77바2092 3 40 234001609 204000088 78 
2020-12-05T01:08:59 2 0 경기77바2123 3 44 234001609 234000355 112 
2020-12-05T01:09:59 0 0 경기77바2005 3 41 234001609 123000007 58 
2020-12-05T01:09:59 2 0 경기77바2123 3 44 234001609 234001061 113 
2020-12-05T01:09:59 0 0 경기77바2092 3 40 234001609 204000088 78 
2020-12-05T01:10:58 0 0 경기77바2005 3 42 234001609 123000005 59 
2020-12-05T01:10:58 0 0 경기77바2092 3 36 234001609 205000207 79 
2020-12-05T01:10:58 2 0 경기77바2123 3 44 234001609 234000353 115 
2020-12-05T01:12:07 0 0 경기77바2005 3 43 234001609 123000003 60 
2020-12-05T01:12:07 0 0 경기77바2092 3 36 234001609 205000207 79 
2020-12-05T01:12:07 2 0 경기77바2123 3 44 234001609 234000352 116 
2020-12-05T01:12:57 1 0 경기77바2005 3 43 234001609 123000611 62 
2020-12-05T01:12:57 2 0 경기77바2123 3 45 234001609 234000350 118 
2020-12-05T01:12:57 0 0 경기77바2092 3 36 234001609 205000207 79 
2020-12-05T01:13:57 1 0 경기77바2005 3 43 234001609 123000611 62 
2020-12-05T01:13:57 2 0 경기77바2123 3 45 234001609 234000350 118 
2020-12-05T01:13:57 0 0 경기77바2092 3 36 234001609 205000207 79 
2020-12-05T01:14:58 0 0 경기77바2005 3 43 234001609 123000611 62 
2020-12-05T01:14:58 2 0 경기77바2123 3 45 234001609 234000350 118 
2020-12-05T01:14:58 0 0 경기77바2092 3 36 234001609 205000207 79 
2020-12-05T01:15:56 0 0 경기77바2005 3 43 234001609 123000004 65 
2020-12-05T01:15:56 0 0 경기77바2092 3 36 234001609 205000207 79 
2020-12-05T01:16:55 0 0 경기77바2005 3 42 234001609 123000004 65 
2020-12-05T01:16:55 0 0 경기77바2092 3 36 234001609 205000073 80 
2020-12-05T01:18:07 0 0 경기77바2005 3 41 234001609 123000006 66 
2020-12-05T01:18:07 0 0 경기77바2092 3 36 234001609 205000073 80 
2020-12-05T01:18:55 0 0 경기77바2005 3 41 234001609 123000006 66 
2020-12-05T01:18:55 0 0 경기77바2092 3 36 234001609 205000267 82 
2020-12-05T01:19:55 0 0 경기77바2005 3 41 234001609 123000008 67 
2020-12-05T01:19:55 0 0 경기77바2092 3 36 234001609 205000267 82 
2020-12-05T01:20:54 0 0 경기77바2005 3 41 234001609 123000008 67 
2020-12-05T01:20:54 0 0 경기77바2092 3 36 234001609 205000267 82 
2020-12-05T01:21:54 0 0 경기77바2005 3 41 234001609 123000010 68 
2020-12-05T01:21:54 0 0 경기77바2092 3 37 234001609 234001168 84 
2020-12-05T01:22:54 0 0 경기77바2005 3 41 234001609 123000010 68 
2020-12-05T01:22:54 0 0 경기77바2092 3 37 234001609 234000065 85 
2020-12-05T01:23:53 0 0 경기77바2005 3 41 234001609 123000012 69 
2020-12-05T01:23:53 0 0 경기77바2092 3 37 234001609 234000439 86 
2020-12-05T01:24:53 0 0 경기77바2005 3 41 234001609 123000012 69 
2020-12-05T01:24:53 0 0 경기77바2092 3 37 234001609 234000438 87 
2020-12-05T01:25:52 0 0 경기77바2005 3 41 234001609 123000012 69 
2020-12-05T01:25:52 0 0 경기77바2092 3 37 234001609 234000437 88 
2020-12-05T01:26:52 0 0 경기77바2005 3 41 234001609 123000012 69 
2020-12-05T01:26:52 0 0 경기77바2092 3 37 234001609 234000372 89 
2020-12-05T01:27:52 0 0 경기77바2005 3 41 234001609 123000016 71 
2020-12-05T01:27:52 0 0 경기77바2092 3 37 234001609 234000372 89 
2020-12-05T01:28:51 0 0 경기77바2005 3 40 234001609 123000016 71 
2020-12-05T01:28:51 0 0 경기77바2092 3 37 234001609 234000372 89 
2020-12-05T01:29:51 0 0 경기77바2005 3 40 234001609 123000016 71 
2020-12-05T01:29:51 0 0 경기77바2092 3 37 234001609 234000372 89 
2020-12-05T01:30:51 0 0 경기77바2005 3 40 234001609 123000016 71 
2020-12-05T01:30:51 0 0 경기77바2092 3 37 234001609 234000372 89 
2020-12-05T01:31:50 0 0 경기77바2005 3 40 234001609 204000113 72 
2020-12-05T01:31:50 0 0 경기77바2092 3 37 234001609 234000269 90 
2020-12-05T01:32:50 0 0 경기77바2005 3 40 234001609 204000112 73 
2020-12-05T01:32:50 0 0 경기77바2092 3 37 234001609 234000267 92 
2020-12-05T01:33:50 0 0 경기77바2005 3 40 234001609 204000111 74 
2020-12-05T01:33:50 0 0 경기77바2092 3 39 234001609 234000251 93 
2020-12-05T01:34:50 0 0 경기77바2005 3 40 234001609 204000110 75 
2020-12-05T01:34:50 0 0 경기77바2092 3 39 234001609 234000271 94 
2020-12-05T01:35:49 0 0 경기77바2005 3 40 234001609 204000023 76 
2020-12-05T01:35:49 0 0 경기77바2092 3 38 234001609 234000270 95 
2020-12-05T01:36:48 0 0 경기77바2005 3 41 234001609 204000023 76 
2020-12-05T01:36:48 0 0 경기77바2092 3 38 234001609 234000270 95 
2020-12-05T01:37:48 0 0 경기77바2005 3 41 234001609 204000011 77 
2020-12-05T01:37:48 0 0 경기77바2092 3 39 234001609 234000371 96 
2020-12-05T01:38:48 0 0 경기77바2005 3 41 234001609 204000088 78 
2020-12-05T01:38:48 0 0 경기77바2092 3 39 234001609 234000370 97 
2020-12-05T01:39:47 0 0 경기77바2005 3 41 234001609 204000088 78 
2020-12-05T01:39:47 0 0 경기77바2092 3 41 234001609 234000369 98 
2020-12-05T01:40:47 0 0 경기77바2005 3 39 234001609 205000207 79 
2020-12-05T01:40:47 0 0 경기77바2092 3 41 234001609 234000368 99 
2020-12-05T01:41:46 0 0 경기77바2005 3 39 234001609 205000207 79 
2020-12-05T01:41:46 0 0 경기77바2092 3 41 234001609 234000366 100 
2020-12-05T01:42:46 0 0 경기77바2005 3 39 234001609 205000207 79 
2020-12-05T01:42:46 0 0 경기77바2092 3 41 234001609 234000366 100 
2020-12-05T01:43:45 0 0 경기77바2005 3 39 234001609 205000207 79 
2020-12-05T01:43:45 0 0 경기77바2092 3 43 234001609 234000365 101 
2020-12-05T01:44:45 0 0 경기77바2005 3 39 234001609 205000073 80 
2020-12-05T01:44:45 0 0 경기77바2092 3 43 234001609 234000364 102 
2020-12-05T01:45:44 0 0 경기77바2005 3 39 234001609 205000079 81 
2020-12-05T01:45:44 0 0 경기77바2092 3 44 234001609 234000363 103 
2020-12-05T01:46:44 0 0 경기77바2005 3 39 234001609 205000267 82 
2020-12-05T01:46:44 0 0 경기77바2092 3 44 234001609 234000363 103 
2020-12-05T01:47:44 0 0 경기77바2005 3 39 234001609 205000267 82 
2020-12-05T01:47:44 0 0 경기77바2092 3 44 234001609 234000361 105 
2020-12-05T01:48:43 0 0 경기77바2005 3 39 234001609 234001168 84 
2020-12-05T01:48:43 0 0 경기77바2092 3 44 234001609 234000360 106 
2020-12-05T01:49:43 0 0 경기77바2005 3 39 234001609 234000065 85 
2020-12-05T01:49:43 0 0 경기77바2092 3 44 234001609 234000358 108 
2020-12-05T01:50:42 0 0 경기77바2005 3 39 234001609 234000439 86 
2020-12-05T01:50:42 0 0 경기77바2092 3 44 234001609 234000358 108 
2020-12-05T01:51:42 0 0 경기77바2005 3 39 234001609 234000437 88 
2020-12-05T01:51:42 0 0 경기77바2092 3 44 234001609 234001005 109 
2020-12-05T01:52:41 0 0 경기77바2005 3 39 234001609 234000372 89 
2020-12-05T01:52:41 0 0 경기77바2092 3 45 234001609 234000356 111 
2020-12-05T01:53:40 0 0 경기77바2005 3 39 234001609 234000372 89 
2020-12-05T01:53:40 0 0 경기77바2092 3 45 234001609 234000355 112 
2020-12-05T01:54:40 0 0 경기77바2005 3 39 234001609 234000372 89 
2020-12-05T01:54:40 0 0 경기77바2092 3 45 234001609 234000355 112 
2020-12-05T01:55:39 0 0 경기77바2005 3 39 234001609 234000372 89 
2020-12-05T01:55:39 0 0 경기77바2092 3 45 234001609 234001061 113 
2020-12-05T01:56:39 0 0 경기77바2005 3 39 234001609 234000372 89 
2020-12-05T01:56:39 0 0 경기77바2092 3 45 234001609 234001061 113 
2020-12-05T01:57:38 0 0 경기77바2005 3 39 234001609 234000269 90 
2020-12-05T01:57:38 0 0 경기77바2092 3 45 234001609 234000353 115 
2020-12-05T01:58:38 0 0 경기77바2005 3 39 234001609 234000267 92 
2020-12-05T01:58:38 0 0 경기77바2092 3 45 234001609 234000352 116 
2020-12-05T01:59:38 0 0 경기77바2005 3 40 234001609 234000271 94 
2020-12-05T01:59:38 0 0 경기77바2092 3 45 234001609 234000351 117 
2020-12-05T02:00:37 0 0 경기77바2005 3 40 234001609 234000271 94 
2020-12-05T02:00:37 0 0 경기77바2092 3 45 234001609 234000350 118 
2020-12-05T02:01:37 0 0 경기77바2005 3 40 234001609 234000270 95 
2020-12-05T02:02:36 0 0 경기77바2005 3 40 234001609 234000270 95 
2020-12-05T02:03:36 0 0 경기77바2005 3 40 234001609 234000371 96 
2020-12-05T02:04:35 0 0 경기77바2005 3 41 234001609 234000370 97 
2020-12-05T02:05:35 0 0 경기77바2005 3 41 234001609 234000368 99 
2020-12-05T02:06:35 0 0 경기77바2005 3 41 234001609 234000366 100 
2020-12-05T02:07:34 0 0 경기77바2005 3 41 234001609 234000366 100 
2020-12-05T02:08:34 0 0 경기77바2005 3 41 234001609 234000365 101 
2020-12-05T02:09:33 0 0 경기77바2005 3 42 234001609 234000364 102 
2020-12-05T02:10:33 0 0 경기77바2005 3 42 234001609 234000363 103 
2020-12-05T02:11:32 0 0 경기77바2005 3 42 234001609 234000362 104 
2020-12-05T02:12:32 0 0 경기77바2005 3 42 234001609 234000360 106 
2020-12-05T02:13:31 0 0 경기77바2005 3 42 234001609 234000360 106 
2020-12-05T02:14:31 0 0 경기77바2005 3 43 234001609 234000359 107 
2020-12-05T02:15:31 0 0 경기77바2005 3 44 234001609 234000358 108 
2020-12-05T02:16:30 0 0 경기77바2005 3 44 234001609 234001005 109 
2020-12-05T02:17:35 0 0 경기77바2005 3 45 234001609 234000357 110 
2020-12-05T02:18:30 0 0 경기77바2005 3 45 234001609 234000356 111 
2020-12-05T02:19:29 0 0 경기77바2005 3 45 234001609 234001061 113 
2020-12-05T02:20:28 0 0 경기77바2005 3 45 234001609 234000354 114 
2020-12-05T02:21:28 0 0 경기77바2005 3 45 234001609 234000352 116 
2020-12-05T02:22:27 0 0 경기77바2005 3 45 234001609 234000351 117 
2020-12-05T02:23:31 0 0 경기77바2005 3 45 234001609 234000350 118 
2020-12-05T02:24:27 0 0 경기77바2005 3 45 234001609 234000350 118 
