234001609 2020-12-01T00:00:57.351744+09:00
2020-12-01T23:01:03.306893+09:00 2 0 경기77바2125 3 45 234001609 277101661 2 
2020-12-01T23:02:01.620895+09:00 2 0 경기77바2125 3 44 234001609 234000946 3 
2020-12-01T23:03:01.205111+09:00 2 0 경기77바2125 3 44 234001609 234000348 4 
2020-12-01T23:04:01.449254+09:00 2 0 경기77바2125 3 44 234001609 234000347 5 
2020-12-01T23:05:01.383505+09:00 2 0 경기77바2125 3 44 234001609 234000346 6 
2020-12-01T23:06:00.227390+09:00 2 0 경기77바2125 3 44 234001609 234000345 7 
2020-12-01T23:07:00.941937+09:00 2 0 경기77바2125 3 44 234001609 234001068 8 
2020-12-01T23:08:00.265636+09:00 2 0 경기77바2125 3 44 234001609 234000344 9 
2020-12-01T23:08:59.559959+09:00 2 0 경기77바2125 3 44 234001609 234000343 10 
2020-12-01T23:09:58.983856+09:00 2 0 경기77바2125 3 44 234001609 234000343 10 
2020-12-01T23:10:58.357952+09:00 2 0 경기77바2125 3 44 234001609 234000673 11 
2020-12-01T23:11:57.621948+09:00 2 0 경기77바2125 3 44 234001609 234000089 13 
2020-12-01T23:12:57.556127+09:00 2 0 경기77바2125 3 44 234001609 234000089 13 
2020-12-01T23:13:58.010320+09:00 2 0 경기77바2125 3 44 234001609 234000089 13 
2020-12-01T23:14:56.624326+09:00 2 0 경기77바2125 3 45 234001609 234000341 15 
2020-12-01T23:15:56.408535+09:00 2 0 경기77바2125 3 45 234001609 234000341 15 
2020-12-01T23:16:56.372516+09:00 2 0 경기77바2125 3 45 234001609 234000340 16 
2020-12-01T23:17:55.386582+09:00 2 0 경기77바2125 3 45 234001609 234000339 17 
2020-12-01T23:18:55.150675+09:00 2 0 경기77바2125 3 45 234001609 234000339 17 
2020-12-01T23:19:55.455144+09:00 2 0 경기77바2125 3 45 234001609 234000337 19 
2020-12-01T23:20:55.029903+09:00 2 0 경기77바2125 3 45 234001609 234000336 20 
2020-12-01T23:21:54.834197+09:00 2 0 경기77바2125 3 45 234001609 234000336 20 
2020-12-01T23:22:54.078636+09:00 2 0 경기77바2125 3 45 234001609 234000336 20 
2020-12-01T23:23:53.823155+09:00 2 0 경기77바2125 3 44 234001609 234000334 22 
2020-12-01T23:24:55.417775+09:00 2 0 경기77바2125 3 44 234001609 234000333 23 
2020-12-01T23:25:53.032004+09:00 2 0 경기77바2125 3 44 234001609 234000333 23 
2020-12-01T23:26:52.666366+09:00 2 0 경기77바2125 3 43 234001609 234000643 25 
2020-12-01T23:27:52.740705+09:00 2 0 경기77바2125 3 43 234001609 234000643 25 
2020-12-01T23:28:51.684968+09:00 2 0 경기77바2125 3 43 234001609 234000643 25 
2020-12-01T23:29:51.229328+09:00 2 0 경기77바2125 3 43 234001609 234000268 27 
2020-12-01T23:30:52.173927+09:00 2 0 경기77바2125 3 43 234001609 234000268 27 
2020-12-01T23:31:50.218085+09:00 2 0 경기77바2125 3 43 234001609 234000270 31 
2020-12-01T23:32:49.502298+09:00 2 0 경기77바2125 3 42 234001609 234000270 31 
2020-12-01T23:32:49.502362+09:00 0 0 경기77바2358 3 44 234001609 234000946 3 
2020-12-01T23:33:48.456350+09:00 0 0 경기77바2358 3 44 234001609 234000946 3 
2020-12-01T23:33:48.456412+09:00 2 0 경기77바2125 3 42 234001609 234000270 31 
2020-12-01T23:34:48.270606+09:00 0 0 경기77바2358 3 44 234001609 234000946 3 
2020-12-01T23:34:48.270667+09:00 2 0 경기77바2125 3 42 234001609 234000270 31 
2020-12-01T23:35:48.164870+09:00 2 0 경기77바2125 3 42 234001609 234001077 32 
2020-12-01T23:35:48.164938+09:00 0 0 경기77바2358 3 44 234001609 234000347 5 
2020-12-01T23:36:47.559065+09:00 0 0 경기77바2358 3 44 234001609 234000345 7 
2020-12-01T23:36:47.559127+09:00 2 0 경기77바2125 3 42 234001609 234000436 34 
2020-12-01T23:37:47.313329+09:00 0 0 경기77바2358 3 44 234001609 234000345 7 
2020-12-01T23:37:47.313391+09:00 2 0 경기77바2125 3 42 234001609 234001004 35 
2020-12-01T23:38:46.937592+09:00 0 0 경기77바2358 3 44 234001609 234000344 9 
2020-12-01T23:38:46.937654+09:00 2 0 경기77바2125 3 42 234001609 234000434 37 
2020-12-01T23:39:46.491751+09:00 2 0 경기77바2125 3 42 234001609 234000064 38 
2020-12-01T23:39:46.491811+09:00 0 0 경기77바2358 3 43 234001609 234000343 10 
2020-12-01T23:40:45.905949+09:00 0 0 경기77바2358 3 43 234001609 234000343 10 
2020-12-01T23:40:45.906014+09:00 2 0 경기77바2125 3 42 234001609 234000063 40 
2020-12-01T23:41:45.960257+09:00 0 0 경기77바2358 3 43 234001609 234000343 10 
2020-12-01T23:41:45.960318+09:00 2 0 경기77바2125 3 41 234001609 234000063 40 
2020-12-01T23:42:44.284352+09:00 0 0 경기77바2358 3 43 234001609 234000089 13 
2020-12-01T23:42:44.284414+09:00 2 0 경기77바2125 3 41 234001609 277103681 41 
2020-12-01T23:43:44.068524+09:00 0 0 경기77바2358 3 43 234001609 234000089 13 
2020-12-01T23:43:44.068586+09:00 2 0 경기77바2125 3 41 234001609 277103681 41 
2020-12-01T23:44:43.552697+09:00 2 0 경기77바2125 3 41 234001609 205000078 42 
2020-12-01T23:44:43.552757+09:00 0 0 경기77바2358 3 43 234001609 234000342 14 
2020-12-01T23:45:43.336918+09:00 2 0 경기77바2125 3 41 234001609 205000074 43 
2020-12-01T23:45:43.336986+09:00 0 0 경기77바2358 3 43 234001609 234000340 16 
2020-12-01T23:46:42.941186+09:00 0 0 경기77바2358 3 43 234001609 234000340 16 
2020-12-01T23:46:42.941250+09:00 2 0 경기77바2125 3 41 234001609 205000074 43 
2020-12-01T23:47:42.525313+09:00 2 0 경기77바2125 3 41 234001609 205000074 43 
2020-12-01T23:47:42.525374+09:00 0 0 경기77바2358 3 44 234001609 234000339 17 
2020-12-01T23:48:41.649503+09:00 0 0 경기77바2358 3 44 234001609 234000339 17 
2020-12-01T23:48:41.649563+09:00 2 0 경기77바2125 3 42 234001609 205000074 43 
2020-12-01T23:49:41.233638+09:00 0 0 경기77바2358 3 44 234001609 234000337 19 
2020-12-01T23:49:41.233700+09:00 2 0 경기77바2125 3 42 234001609 205000069 44 
2020-12-01T23:50:40.747829+09:00 2 0 경기77바2125 3 42 234001609 205000069 44 
2020-12-01T23:50:40.747915+09:00 0 0 경기77바2358 3 44 234001609 234000337 19 
2020-12-01T23:51:40.352266+09:00 2 0 경기77바2125 3 41 234001609 205000069 44 
2020-12-01T23:51:40.352327+09:00 0 0 경기77바2358 3 44 234001609 234000336 20 
2020-12-01T23:52:39.866117+09:00 2 0 경기77바2125 3 41 234001609 205000069 44 
2020-12-01T23:52:39.866183+09:00 0 0 경기77바2358 3 44 234001609 234000336 20 
2020-12-01T23:53:39.470197+09:00 2 0 경기77바2125 3 42 234001609 204000087 45 
2020-12-01T23:53:39.470258+09:00 0 0 경기77바2358 3 43 234001609 234000334 22 
2020-12-01T23:54:38.843765+09:00 2 0 경기77바2125 3 42 234001609 204000087 45 
2020-12-01T23:54:38.843826+09:00 0 0 경기77바2358 3 43 234001609 234000334 22 
2020-12-01T23:55:38.077425+09:00 2 0 경기77바2125 3 42 234001609 204000087 45 
2020-12-01T23:55:38.077502+09:00 0 0 경기77바2358 3 43 234001609 234000333 23 
2020-12-01T23:56:37.531158+09:00 0 0 경기77바2358 3 42 234001609 234000332 24 
2020-12-01T23:56:37.531220+09:00 2 0 경기77바2125 3 42 234001609 204000022 47 
2020-12-01T23:57:37.014951+09:00 2 0 경기77바2125 3 42 234001609 204000021 48 
2020-12-01T23:57:37.015020+09:00 0 0 경기77바2358 3 42 234001609 234000643 25 
2020-12-01T23:58:36.558670+09:00 2 0 경기77바2125 3 42 234001609 204000021 48 
2020-12-01T23:58:36.558732+09:00 0 0 경기77바2358 3 42 234001609 234000643 25 
2020-12-01T23:59:35.982446+09:00 0 0 경기77바2358 3 42 234001609 234000269 26 
2020-12-01T23:59:35.982522+09:00 2 0 경기77바2125 3 42 234001609 204000020 49 
2020-12-02T00:06:42.630561+09:00 0 0 경기77바2447 3 45 234001609 234000345 7 
2020-12-02T00:06:42.630624+09:00 2 0 경기77바2125 3 40 234001609 123000013 55 
2020-12-02T00:06:42.630649+09:00 0 0 경기77바2358 3 37 234001609 234000330 33 
2020-12-02T00:07:42.194586+09:00 0 0 경기77바2447 3 45 234001609 234000345 7 
2020-12-02T00:07:42.194647+09:00 2 0 경기77바2125 3 40 234001609 123000013 55 
2020-12-02T00:07:42.194666+09:00 0 0 경기77바2358 3 37 234001609 234000436 34 
2020-12-02T00:08:41.608653+09:00 0 0 경기77바2447 3 45 234001609 234000344 9 
2020-12-02T00:08:41.608714+09:00 0 0 경기77바2358 3 37 234001609 234001004 35 
2020-12-02T00:08:41.608735+09:00 2 0 경기77바2125 3 40 234001609 123000011 56 
2020-12-02T00:09:41.122596+09:00 0 0 경기77바2447 3 45 234001609 234000343 10 
2020-12-02T00:09:41.122656+09:00 2 0 경기77바2125 3 40 234001609 123000011 56 
2020-12-02T00:09:41.122676+09:00 0 0 경기77바2358 3 37 234001609 234000434 37 
2020-12-02T00:10:40.886553+09:00 0 0 경기77바2447 3 45 234001609 234000673 11 
2020-12-02T00:10:40.886615+09:00 2 0 경기77바2125 3 44 234001609 123000009 57 
2020-12-02T00:10:40.886636+09:00 0 0 경기77바2358 3 37 234001609 234001169 39 
2020-12-02T00:11:40.550659+09:00 0 0 경기77바2447 3 44 234001609 234000089 13 
2020-12-02T00:11:40.550720+09:00 0 0 경기77바2358 3 37 234001609 234000063 40 
2020-12-02T00:11:40.550740+09:00 2 0 경기77바2125 3 44 234001609 123000007 58 
2020-12-02T00:12:40.344669+09:00 0 0 경기77바2447 3 43 234001609 234000089 13 
2020-12-02T00:12:40.344729+09:00 2 0 경기77바2125 3 45 234001609 123000005 59 
2020-12-02T00:12:40.344747+09:00 0 0 경기77바2358 3 37 234001609 277103681 41 
2020-12-02T00:13:39.968653+09:00 0 0 경기77바2447 3 43 234001609 234000089 13 
2020-12-02T00:13:39.968712+09:00 2 0 경기77바2125 3 45 234001609 123000005 59 
2020-12-02T00:13:39.968731+09:00 0 0 경기77바2358 3 37 234001609 205000078 42 
2020-12-02T00:14:39.492819+09:00 0 0 경기77바2447 3 43 234001609 234000342 14 
2020-12-02T00:14:39.492880+09:00 0 0 경기77바2358 3 37 234001609 205000074 43 
2020-12-02T00:14:39.492900+09:00 2 0 경기77바2125 3 45 234001609 123000005 59 
2020-12-02T00:15:39.046926+09:00 0 0 경기77바2447 3 42 234001609 234000342 14 
2020-12-02T00:15:39.046984+09:00 0 0 경기77바2358 3 37 234001609 205000074 43 
2020-12-02T00:15:39.047004+09:00 2 0 경기77바2125 3 45 234001609 123000005 59 
2020-12-02T00:16:38.770891+09:00 0 0 경기77바2447 3 42 234001609 234000341 15 
2020-12-02T00:16:38.770951+09:00 2 0 경기77바2125 3 45 234001609 123000611 62 
2020-12-02T00:16:38.770972+09:00 0 0 경기77바2358 3 37 234001609 205000074 43 
2020-12-02T00:17:38.465016+09:00 0 0 경기77바2447 3 42 234001609 234000341 15 
2020-12-02T00:17:38.465126+09:00 2 0 경기77바2125 3 45 234001609 123000611 62 
2020-12-02T00:17:38.465147+09:00 0 0 경기77바2358 3 37 234001609 205000074 43 
2020-12-02T00:18:37.639078+09:00 0 0 경기77바2447 3 41 234001609 234000340 16 
2020-12-02T00:18:37.639150+09:00 2 0 경기77바2125 3 45 234001609 123000611 62 
2020-12-02T00:18:37.639169+09:00 0 0 경기77바2358 3 38 234001609 205000069 44 
2020-12-02T00:19:36.983129+09:00 0 0 경기77바2447 3 41 234001609 234000340 16 
2020-12-02T00:19:36.983184+09:00 2 0 경기77바2125 3 45 234001609 123000611 62 
2020-12-02T00:19:36.983203+09:00 0 0 경기77바2358 3 38 234001609 205000069 44 
2020-12-02T00:20:36.557220+09:00 0 0 경기77바2447 3 41 234001609 234000339 17 
2020-12-02T00:20:36.557281+09:00 0 0 경기77바2358 3 38 234001609 204000087 45 
2020-12-02T00:20:36.557302+09:00 2 0 경기77바2125 3 44 234001609 123000611 62 
2020-12-02T00:21:36.251393+09:00 0 0 경기77바2447 3 41 234001609 234000338 18 
2020-12-02T00:21:36.251456+09:00 2 0 경기77바2125 3 44 234001609 277102843 63 
2020-12-02T00:21:36.251477+09:00 0 0 경기77바2358 3 40 234001609 204000087 45 
2020-12-02T00:22:35.655462+09:00 0 0 경기77바2447 3 41 234001609 234000337 19 
2020-12-02T00:22:35.655527+09:00 2 0 경기77바2125 3 44 234001609 277102843 63 
2020-12-02T00:22:35.655548+09:00 0 0 경기77바2358 3 40 234001609 204000087 45 
2020-12-02T00:23:34.899444+09:00 0 0 경기77바2447 3 41 234001609 234000336 20 
2020-12-02T00:23:34.899517+09:00 0 0 경기77바2358 3 41 234001609 204000019 46 
2020-12-02T00:23:34.899537+09:00 2 0 경기77바2125 3 44 234001609 123000006 66 
2020-12-02T00:24:34.563510+09:00 0 0 경기77바2447 3 41 234001609 234000334 22 
2020-12-02T00:24:34.563570+09:00 0 0 경기77바2358 3 41 234001609 204000019 46 
2020-12-02T00:24:34.563590+09:00 2 0 경기77바2125 3 44 234001609 123000006 66 
2020-12-02T00:25:34.237578+09:00 0 0 경기77바2447 3 41 234001609 234000334 22 
2020-12-02T00:25:34.237640+09:00 2 0 경기77바2125 3 44 234001609 123000006 66 
2020-12-02T00:25:34.237661+09:00 0 0 경기77바2358 3 41 234001609 204000022 47 
2020-12-02T00:26:33.811706+09:00 0 0 경기77바2447 3 41 234001609 234000334 22 
2020-12-02T00:26:33.811767+09:00 0 0 경기77바2358 3 41 234001609 204000021 48 
2020-12-02T00:26:33.811787+09:00 2 0 경기77바2125 3 44 234001609 123000008 67 
2020-12-02T00:27:33.515888+09:00 0 0 경기77바2447 3 42 234001609 234000333 23 
2020-12-02T00:27:33.515950+09:00 0 0 경기77바2358 3 41 234001609 204000020 49 
2020-12-02T00:27:33.515970+09:00 2 0 경기77바2125 3 44 234001609 123000010 68 
2020-12-02T00:28:33.160483+09:00 0 0 경기77바2447 3 42 234001609 234000332 24 
2020-12-02T00:28:33.160546+09:00 0 0 경기77바2358 3 41 234001609 204000020 49 
2020-12-02T00:28:33.160567+09:00 2 0 경기77바2125 3 44 234001609 123000010 68 
2020-12-02T00:29:32.615113+09:00 0 0 경기77바2447 3 42 234001609 234000332 24 
2020-12-02T00:29:32.615176+09:00 2 0 경기77바2125 3 44 234001609 123000010 68 
2020-12-02T00:29:32.615196+09:00 0 0 경기77바2358 3 40 234001609 204000116 50 
2020-12-02T00:30:31.939600+09:00 0 0 경기77바2447 3 42 234001609 234000643 25 
2020-12-02T00:30:31.939662+09:00 2 0 경기77바2125 3 44 234001609 123000012 69 
2020-12-02T00:30:31.939682+09:00 0 0 경기77바2358 3 40 234001609 204000114 52 
2020-12-02T00:31:31.464076+09:00 0 0 경기77바2447 3 42 234001609 234000269 26 
2020-12-02T00:31:31.464163+09:00 0 0 경기77바2358 3 40 234001609 123000329 53 
2020-12-02T00:31:31.464187+09:00 2 0 경기77바2125 3 44 234001609 123000014 70 
2020-12-02T00:32:31.228772+09:00 0 0 경기77바2447 3 42 234001609 234000268 27 
2020-12-02T00:32:31.228833+09:00 2 0 경기77바2125 3 44 234001609 123000014 70 
2020-12-02T00:32:31.228853+09:00 0 0 경기77바2358 3 41 234001609 123000015 54 
2020-12-02T00:33:30.613013+09:00 0 0 경기77바2447 3 41 234001609 234000251 29 
2020-12-02T00:33:30.613106+09:00 2 0 경기77바2125 3 44 234001609 123000014 70 
2020-12-02T00:33:30.613127+09:00 0 0 경기77바2358 3 42 234001609 123000015 54 
2020-12-02T00:34:30.187348+09:00 0 0 경기77바2447 3 40 234001609 234000271 30 
2020-12-02T00:34:30.187411+09:00 0 0 경기77바2358 3 42 234001609 123000013 55 
2020-12-02T00:34:30.187432+09:00 2 0 경기77바2125 3 43 234001609 123000016 71 
2020-12-02T00:35:29.671876+09:00 0 0 경기77바2447 3 40 234001609 234000271 30 
2020-12-02T00:35:29.671939+09:00 0 0 경기77바2358 3 42 234001609 123000013 55 
2020-12-02T00:35:29.671959+09:00 2 0 경기77바2125 3 43 234001609 123000016 71 
2020-12-02T00:36:29.306282+09:00 0 0 경기77바2447 3 40 234001609 234000270 31 
2020-12-02T00:36:29.306343+09:00 0 0 경기77바2358 3 42 234001609 123000011 56 
2020-12-02T00:36:29.306375+09:00 2 0 경기77바2125 3 43 234001609 123000016 71 
2020-12-02T00:37:29.800698+09:00 0 0 경기77바2447 3 40 234001609 234001077 32 
2020-12-02T00:37:29.800760+09:00 0 0 경기77바2358 3 42 234001609 123000011 56 
2020-12-02T00:37:29.800780+09:00 2 0 경기77바2125 3 43 234001609 123000016 71 
2020-12-02T00:38:28.614937+09:00 0 0 경기77바2447 3 40 234001609 234000330 33 
2020-12-02T00:38:28.614996+09:00 0 0 경기77바2358 3 42 234001609 123000011 56 
2020-12-02T00:38:28.615016+09:00 2 0 경기77바2125 3 43 234001609 123000016 71 
2020-12-02T00:39:28.339288+09:00 0 0 경기77바2447 3 40 234001609 234001004 35 
2020-12-02T00:39:28.339350+09:00 0 0 경기77바2358 3 42 234001609 123000011 56 
2020-12-02T00:39:28.339370+09:00 2 0 경기77바2125 3 43 234001609 204000112 73 
2020-12-02T00:40:28.263557+09:00 0 0 경기77바2447 3 40 234001609 234000435 36 
2020-12-02T00:40:28.263618+09:00 2 0 경기77바2125 3 43 234001609 204000112 73 
2020-12-02T00:40:28.263638+09:00 0 0 경기77바2358 3 44 234001609 123000009 57 
2020-12-02T00:41:28.167925+09:00 0 0 경기77바2447 3 40 234001609 234000434 37 
2020-12-02T00:41:28.168007+09:00 2 0 경기77바2125 3 43 234001609 204000112 73 
2020-12-02T00:41:28.168028+09:00 0 0 경기77바2358 3 45 234001609 123000009 57 
2020-12-02T00:42:27.692196+09:00 0 0 경기77바2447 3 40 234001609 234000064 38 
2020-12-02T00:42:27.692258+09:00 0 0 경기77바2358 3 45 234001609 123000009 57 
2020-12-02T00:42:27.692277+09:00 2 0 경기77바2125 3 42 234001609 204000111 74 
2020-12-02T00:43:27.446420+09:00 0 0 경기77바2447 3 40 234001609 234000063 40 
2020-12-02T00:43:27.446481+09:00 0 0 경기77바2358 3 45 234001609 123000005 59 
2020-12-02T00:43:27.446500+09:00 2 0 경기77바2125 3 42 234001609 204000110 75 
2020-12-02T00:44:27.210766+09:00 0 0 경기77바2447 3 40 234001609 234000063 40 
2020-12-02T00:44:27.210838+09:00 0 0 경기77바2358 3 45 234001609 123000005 59 
2020-12-02T00:44:27.210857+09:00 2 0 경기77바2125 3 42 234001609 204000110 75 
2020-12-02T00:45:27.175073+09:00 0 0 경기77바2447 3 39 234001609 234000063 40 
2020-12-02T00:45:27.175134+09:00 0 0 경기77바2358 3 45 234001609 123000005 59 
2020-12-02T00:45:27.175154+09:00 2 0 경기77바2125 3 42 234001609 204000023 76 
2020-12-02T00:46:26.769268+09:00 0 0 경기77바2447 3 39 234001609 277103681 41 
2020-12-02T00:46:26.769329+09:00 2 0 경기77바2125 3 42 234001609 204000023 76 
2020-12-02T00:46:26.769348+09:00 0 0 경기77바2358 3 45 234001609 123000003 60 
2020-12-02T00:47:26.583523+09:00 0 0 경기77바2447 3 39 234001609 205000078 42 
2020-12-02T00:47:26.583585+09:00 0 0 경기77바2358 3 45 234001609 277102839 61 
2020-12-02T00:47:26.583605+09:00 2 0 경기77바2125 3 42 234001609 204000011 77 
2020-12-02T00:48:26.387794+09:00 0 0 경기77바2447 3 39 234001609 205000074 43 
2020-12-02T00:48:26.387855+09:00 0 0 경기77바2358 3 45 234001609 123000611 62 
2020-12-02T00:48:26.387874+09:00 2 0 경기77바2125 3 42 234001609 204000011 77 
2020-12-02T00:49:26.072163+09:00 0 0 경기77바2447 3 39 234001609 205000074 43 
2020-12-02T00:49:26.072224+09:00 0 0 경기77바2358 3 45 234001609 123000611 62 
2020-12-02T00:49:26.072243+09:00 2 0 경기77바2125 3 42 234001609 204000088 78 
2020-12-02T00:50:26.126271+09:00 0 0 경기77바2447 3 39 234001609 205000074 43 
2020-12-02T00:50:26.126344+09:00 0 0 경기77바2358 3 45 234001609 123000611 62 
2020-12-02T00:50:26.126364+09:00 2 0 경기77바2125 3 42 234001609 204000088 78 
2020-12-02T00:51:24.960438+09:00 0 0 경기77바2447 3 39 234001609 205000074 43 
2020-12-02T00:51:24.960500+09:00 2 0 경기77바2125 3 42 234001609 204000088 78 
2020-12-02T00:51:24.960520+09:00 0 0 경기77바2358 3 45 234001609 277102843 63 
2020-12-02T00:52:25.044780+09:00 0 0 경기77바2447 3 39 234001609 205000074 43 
2020-12-02T00:52:25.044842+09:00 2 0 경기77바2125 3 42 234001609 204000088 78 
2020-12-02T00:52:25.044861+09:00 0 0 경기77바2358 3 45 234001609 123000006 66 
2020-12-02T00:53:24.108915+09:00 0 0 경기77바2447 3 35 234001609 205000069 44 
2020-12-02T00:53:24.108978+09:00 0 0 경기77바2358 3 44 234001609 123000006 66 
2020-12-02T00:53:24.108998+09:00 2 0 경기77바2125 3 36 234001609 205000207 79 
2020-12-02T00:54:24.743142+09:00 0 0 경기77바2447 3 35 234001609 205000069 44 
2020-12-02T00:54:24.743204+09:00 2 0 경기77바2125 3 36 234001609 205000207 79 
2020-12-02T00:54:24.743224+09:00 0 0 경기77바2358 3 44 234001609 123000006 66 
2020-12-02T00:55:23.437317+09:00 0 0 경기77바2447 3 35 234001609 205000069 44 
2020-12-02T00:55:23.437381+09:00 2 0 경기77바2125 3 36 234001609 205000207 79 
2020-12-02T00:55:23.437400+09:00 0 0 경기77바2358 3 44 234001609 123000008 67 
2020-12-02T00:56:23.321663+09:00 0 0 경기77바2447 3 35 234001609 204000087 45 
2020-12-02T00:56:23.321732+09:00 0 0 경기77바2358 3 41 234001609 123000010 68 
2020-12-02T00:56:23.321753+09:00 2 0 경기77바2125 3 36 234001609 205000207 79 
2020-12-02T00:57:22.885824+09:00 0 0 경기77바2447 3 35 234001609 204000087 45 
2020-12-02T00:57:22.885885+09:00 0 0 경기77바2358 3 41 234001609 123000010 68 
2020-12-02T00:57:22.885905+09:00 2 0 경기77바2125 3 36 234001609 205000207 79 
2020-12-02T00:58:22.660016+09:00 0 0 경기77바2447 3 35 234001609 204000087 45 
2020-12-02T00:58:22.660076+09:00 2 0 경기77바2125 3 36 234001609 205000207 79 
2020-12-02T00:58:22.660095+09:00 0 0 경기77바2358 3 41 234001609 123000012 69 
2020-12-02T00:59:22.354329+09:00 0 0 경기77바2447 3 35 234001609 204000022 47 
2020-12-02T00:59:22.354384+09:00 2 0 경기77바2125 3 36 234001609 205000073 80 
2020-12-02T00:59:22.354403+09:00 0 0 경기77바2358 3 41 234001609 123000016 71 
2020-12-02T01:00:21.718546+09:00 0 0 경기77바2447 3 36 234001609 204000022 47 
2020-12-02T01:00:21.718609+09:00 0 0 경기77바2358 3 41 234001609 123000016 71 
2020-12-02T01:00:21.718630+09:00 2 0 경기77바2125 3 36 234001609 205000073 80 
2020-12-02T01:01:21.662759+09:00 0 0 경기77바2447 3 36 234001609 204000021 48 
2020-12-02T01:01:21.662820+09:00 0 0 경기77바2358 3 40 234001609 123000016 71 
2020-12-02T01:01:21.662840+09:00 2 0 경기77바2125 3 36 234001609 205000267 82 
2020-12-02T01:02:21.466708+09:00 0 0 경기77바2447 3 36 234001609 204000116 50 
2020-12-02T01:02:21.466768+09:00 2 0 경기77바2125 3 36 234001609 205000267 82 
2020-12-02T01:02:21.466788+09:00 0 0 경기77바2358 3 40 234001609 123000016 71 
2020-12-02T01:03:21.150697+09:00 0 0 경기77바2447 3 36 234001609 204000115 51 
2020-12-02T01:03:21.150758+09:00 2 0 경기77바2125 3 36 234001609 205000267 82 
2020-12-02T01:03:21.150778+09:00 0 0 경기77바2358 3 40 234001609 123000016 71 
2020-12-02T01:04:20.714628+09:00 0 0 경기77바2447 3 36 234001609 123000329 53 
2020-12-02T01:04:20.714694+09:00 0 0 경기77바2358 3 40 234001609 204000113 72 
2020-12-02T01:04:20.714715+09:00 2 0 경기77바2125 3 36 234001609 234001168 84 
2020-12-02T01:05:20.318672+09:00 0 0 경기77바2447 3 36 234001609 123000329 53 
2020-12-02T01:05:20.318734+09:00 0 0 경기77바2358 3 40 234001609 204000113 72 
2020-12-02T01:05:20.318754+09:00 2 0 경기77바2125 3 36 234001609 234000065 85 
2020-12-02T01:06:20.142585+09:00 0 0 경기77바2447 3 36 234001609 123000329 53 
2020-12-02T01:06:20.142645+09:00 2 0 경기77바2125 3 36 234001609 234000065 85 
2020-12-02T01:06:20.142664+09:00 0 0 경기77바2358 3 40 234001609 204000112 73 
2020-12-02T01:07:19.856632+09:00 0 0 경기77바2447 3 37 234001609 123000015 54 
2020-12-02T01:07:19.856693+09:00 2 0 경기77바2125 3 36 234001609 234000065 85 
2020-12-02T01:07:19.856713+09:00 0 0 경기77바2358 3 40 234001609 204000111 74 
2020-12-02T01:08:19.610626+09:00 0 0 경기77바2447 3 37 234001609 123000013 55 
2020-12-02T01:08:19.610694+09:00 2 0 경기77바2125 3 37 234001609 234000439 86 
2020-12-02T01:08:19.610716+09:00 0 0 경기77바2358 3 40 234001609 204000110 75 
2020-12-02T01:09:19.094917+09:00 0 0 경기77바2447 3 38 234001609 123000011 56 
2020-12-02T01:09:19.094977+09:00 0 0 경기77바2358 3 40 234001609 204000023 76 
2020-12-02T01:09:19.094996+09:00 2 0 경기77바2125 3 38 234001609 234000437 88 
2020-12-02T01:10:18.598755+09:00 0 0 경기77바2447 3 38 234001609 123000011 56 
2020-12-02T01:10:18.598817+09:00 0 0 경기77바2358 3 40 234001609 204000023 76 
2020-12-02T01:10:18.598838+09:00 2 0 경기77바2125 3 39 234001609 234000437 88 
2020-12-02T01:11:18.332931+09:00 0 0 경기77바2447 3 38 234001609 123000011 56 
2020-12-02T01:11:18.332992+09:00 2 0 경기77바2125 3 38 234001609 234000372 89 
2020-12-02T01:11:18.333011+09:00 0 0 경기77바2358 3 39 234001609 204000011 77 
2020-12-02T01:12:17.786881+09:00 0 0 경기77바2447 3 41 234001609 123000009 57 
2020-12-02T01:12:17.786941+09:00 0 0 경기77바2358 3 39 234001609 204000088 78 
2020-12-02T01:12:17.786961+09:00 2 0 경기77바2125 3 38 234001609 234000372 89 
2020-12-02T01:13:17.591078+09:00 0 0 경기77바2447 3 41 234001609 123000009 57 
2020-12-02T01:13:17.591139+09:00 0 0 경기77바2358 3 39 234001609 204000088 78 
2020-12-02T01:13:17.591159+09:00 2 0 경기77바2125 3 38 234001609 234000372 89 
2020-12-02T01:14:17.155183+09:00 0 0 경기77바2447 3 41 234001609 123000005 59 
2020-12-02T01:14:17.155255+09:00 2 0 경기77바2125 3 38 234001609 234000372 89 
2020-12-02T01:14:17.155274+09:00 0 0 경기77바2358 3 39 234001609 205000207 79 
2020-12-02T01:15:17.242256+09:00 0 0 경기77바2447 3 41 234001609 123000005 59 
2020-12-02T01:15:17.242312+09:00 2 0 경기77바2125 3 38 234001609 234000372 89 
2020-12-02T01:15:17.242333+09:00 0 0 경기77바2358 3 39 234001609 205000207 79 
2020-12-02T01:16:15.873335+09:00 0 0 경기77바2447 3 41 234001609 123000611 62 
2020-12-02T01:16:15.873397+09:00 2 0 경기77바2125 3 38 234001609 234000268 91 
2020-12-02T01:16:15.873417+09:00 0 0 경기77바2358 3 36 234001609 205000207 79 
2020-12-02T01:17:15.717522+09:00 0 0 경기77바2447 3 41 234001609 123000611 62 
2020-12-02T01:17:15.717583+09:00 0 0 경기77바2358 3 36 234001609 205000207 79 
2020-12-02T01:17:15.717615+09:00 2 0 경기77바2125 3 39 234001609 234000267 92 
2020-12-02T01:18:15.641627+09:00 0 0 경기77바2447 3 41 234001609 123000611 62 
2020-12-02T01:18:15.641690+09:00 0 0 경기77바2358 3 36 234001609 205000207 79 
2020-12-02T01:18:15.641709+09:00 2 0 경기77바2125 3 39 234001609 234000251 93 
2020-12-02T01:19:15.605795+09:00 0 0 경기77바2447 3 41 234001609 123000611 62 
2020-12-02T01:19:15.605857+09:00 0 0 경기77바2358 3 36 234001609 205000207 79 
2020-12-02T01:19:15.605877+09:00 2 0 경기77바2125 3 39 234001609 234000271 94 
2020-12-02T01:20:15.529981+09:00 0 0 경기77바2447 3 44 234001609 277102843 63 
2020-12-02T01:20:15.530042+09:00 0 0 경기77바2358 3 36 234001609 205000073 80 
2020-12-02T01:20:15.530061+09:00 2 0 경기77바2125 3 37 234001609 234000270 95 
2020-12-02T01:21:15.064192+09:00 0 0 경기77바2447 3 44 234001609 277102843 63 
2020-12-02T01:21:15.064254+09:00 2 0 경기77바2125 3 37 234001609 234000270 95 
2020-12-02T01:21:15.064273+09:00 0 0 경기77바2358 3 36 234001609 205000073 80 
2020-12-02T01:22:15.238402+09:00 0 0 경기77바2447 3 44 234001609 277102180 64 
2020-12-02T01:22:15.238480+09:00 2 0 경기77바2125 3 37 234001609 234000270 95 
2020-12-02T01:22:15.238501+09:00 0 0 경기77바2358 3 36 234001609 205000267 82 
2020-12-02T01:23:15.112553+09:00 0 0 경기77바2447 3 44 234001609 123000006 66 
2020-12-02T01:23:15.112616+09:00 0 0 경기77바2358 3 36 234001609 205000267 82 
2020-12-02T01:23:15.112635+09:00 2 0 경기77바2125 3 37 234001609 234000371 96 
2020-12-02T01:24:14.696521+09:00 0 0 경기77바2447 3 44 234001609 123000008 67 
2020-12-02T01:24:14.696584+09:00 2 0 경기77바2125 3 38 234001609 234000370 97 
2020-12-02T01:24:14.696605+09:00 0 0 경기77바2358 3 36 234001609 234001168 84 
2020-12-02T01:25:14.520819+09:00 0 0 경기77바2447 3 44 234001609 123000010 68 
2020-12-02T01:25:14.520868+09:00 0 0 경기77바2358 3 36 234001609 234001168 84 
2020-12-02T01:25:14.520886+09:00 2 0 경기77바2125 3 38 234001609 234000369 98 
2020-12-02T01:26:13.614849+09:00 0 0 경기77바2447 3 44 234001609 123000012 69 
2020-12-02T01:26:13.614915+09:00 0 0 경기77바2358 3 36 234001609 234000065 85 
2020-12-02T01:26:13.614935+09:00 2 0 경기77바2125 3 37 234001609 234000368 99 
2020-12-02T01:27:13.328983+09:00 0 0 경기77바2447 3 44 234001609 123000014 70 
2020-12-02T01:27:13.329084+09:00 2 0 경기77바2125 3 38 234001609 234000366 100 
2020-12-02T01:27:13.329108+09:00 0 0 경기77바2358 3 36 234001609 234000438 87 
2020-12-02T01:28:13.183152+09:00 0 0 경기77바2447 3 44 234001609 123000016 71 
2020-12-02T01:28:13.183213+09:00 0 0 경기77바2358 3 36 234001609 234000437 88 
2020-12-02T01:28:13.183233+09:00 2 0 경기77바2125 3 37 234001609 234000366 100 
2020-12-02T01:29:12.857281+09:00 0 0 경기77바2447 3 42 234001609 123000016 71 
2020-12-02T01:29:12.857341+09:00 0 0 경기77바2358 3 36 234001609 234000372 89 
2020-12-02T01:29:12.857360+09:00 2 0 경기77바2125 3 37 234001609 234000365 101 
2020-12-02T01:30:12.541510+09:00 0 0 경기77바2447 3 41 234001609 123000016 71 
2020-12-02T01:30:12.541574+09:00 2 0 경기77바2125 3 39 234001609 234000363 103 
2020-12-02T01:30:12.541594+09:00 0 0 경기77바2358 3 36 234001609 234000372 89 
2020-12-02T01:31:12.225702+09:00 0 0 경기77바2447 3 41 234001609 123000016 71 
2020-12-02T01:31:12.225761+09:00 0 0 경기77바2358 3 36 234001609 234000372 89 
2020-12-02T01:31:12.225782+09:00 2 0 경기77바2125 3 39 234001609 234000363 103 
2020-12-02T01:32:12.199823+09:00 0 0 경기77바2447 3 41 234001609 123000016 71 
2020-12-02T01:32:12.199884+09:00 0 0 경기77바2358 3 36 234001609 234000372 89 
2020-12-02T01:32:12.199902+09:00 2 0 경기77바2125 3 39 234001609 234000363 103 
2020-12-02T01:33:11.854043+09:00 0 0 경기77바2447 3 39 234001609 204000112 73 
2020-12-02T01:33:11.854103+09:00 0 0 경기77바2358 3 37 234001609 234000372 89 
2020-12-02T01:33:11.854123+09:00 2 0 경기77바2125 3 41 234001609 234000361 105 
2020-12-02T01:34:11.818290+09:00 0 0 경기77바2447 3 39 234001609 204000112 73 
2020-12-02T01:34:11.818351+09:00 0 0 경기77바2358 3 37 234001609 234000269 90 
2020-12-02T01:34:11.818371+09:00 2 0 경기77바2125 3 41 234001609 234000360 106 
2020-12-02T01:35:11.672441+09:00 0 0 경기77바2447 3 39 234001609 204000112 73 
2020-12-02T01:35:11.672506+09:00 0 0 경기77바2358 3 37 234001609 234000267 92 
2020-12-02T01:35:11.672526+09:00 2 0 경기77바2125 3 41 234001609 234000360 106 
2020-12-02T01:36:11.566308+09:00 0 0 경기77바2447 3 39 234001609 204000111 74 
2020-12-02T01:36:11.566371+09:00 2 0 경기77바2125 3 41 234001609 234000360 106 
2020-12-02T01:36:11.566390+09:00 0 0 경기77바2358 3 39 234001609 234000267 92 
2020-12-02T01:37:11.299845+09:00 0 0 경기77바2447 3 39 234001609 204000110 75 
2020-12-02T01:37:11.299907+09:00 0 0 경기77바2358 3 40 234001609 234000251 93 
2020-12-02T01:37:11.299927+09:00 2 0 경기77바2125 3 41 234001609 234000358 108 
2020-12-02T01:38:11.113344+09:00 0 0 경기77바2447 3 39 234001609 204000023 76 
2020-12-02T01:38:11.113408+09:00 2 0 경기77바2125 3 41 234001609 234000358 108 
2020-12-02T01:38:11.113428+09:00 0 0 경기77바2358 3 41 234001609 234000271 94 
2020-12-02T01:39:10.947061+09:00 0 0 경기77바2447 3 39 234001609 204000011 77 
2020-12-02T01:39:10.947122+09:00 0 0 경기77바2358 3 41 234001609 234000271 94 
2020-12-02T01:39:10.947141+09:00 2 0 경기77바2125 3 42 234001609 234000358 108 
2020-12-02T01:40:10.640642+09:00 0 0 경기77바2447 3 37 234001609 204000011 77 
2020-12-02T01:40:10.640703+09:00 2 0 경기77바2125 3 43 234001609 234000357 110 
2020-12-02T01:40:10.640724+09:00 0 0 경기77바2358 3 41 234001609 234000270 95 
2020-12-02T01:41:10.454427+09:00 0 0 경기77바2447 3 37 234001609 204000011 77 
2020-12-02T01:41:10.454488+09:00 0 0 경기77바2358 3 41 234001609 234000270 95 
2020-12-02T01:41:10.454508+09:00 2 0 경기77바2125 3 43 234001609 234000356 111 
2020-12-02T01:42:10.328200+09:00 0 0 경기77바2447 3 38 234001609 204000088 78 
2020-12-02T01:42:10.328264+09:00 2 0 경기77바2125 3 43 234001609 234000355 112 
2020-12-02T01:42:10.328284+09:00 0 0 경기77바2358 3 42 234001609 234000370 97 
2020-12-02T01:43:09.861940+09:00 0 0 경기77바2447 3 38 234001609 204000088 78 
2020-12-02T01:43:09.862003+09:00 0 0 경기77바2358 3 43 234001609 234000370 97 
2020-12-02T01:43:09.862023+09:00 2 0 경기77바2125 3 43 234001609 234001061 113 
2020-12-02T01:44:09.775793+09:00 0 0 경기77바2447 3 38 234001609 205000207 79 
2020-12-02T01:44:09.775856+09:00 2 0 경기77바2125 3 43 234001609 234001061 113 
2020-12-02T01:44:09.775877+09:00 0 0 경기77바2358 3 43 234001609 234000369 98 
2020-12-02T01:45:09.419679+09:00 0 0 경기77바2447 3 37 234001609 205000207 79 
2020-12-02T01:45:09.419746+09:00 0 0 경기77바2358 3 43 234001609 234000368 99 
2020-12-02T01:45:09.419766+09:00 2 0 경기77바2125 3 43 234001609 234000353 115 
2020-12-02T01:46:09.023557+09:00 0 0 경기77바2447 3 37 234001609 205000207 79 
2020-12-02T01:46:09.023618+09:00 2 0 경기77바2125 3 43 234001609 234000352 116 
2020-12-02T01:46:09.023638+09:00 0 0 경기77바2358 3 43 234001609 234000366 100 
2020-12-02T01:47:08.917482+09:00 0 0 경기77바2447 3 37 234001609 205000207 79 
2020-12-02T01:47:08.917546+09:00 0 0 경기77바2358 3 43 234001609 234000365 101 
2020-12-02T01:47:08.917565+09:00 2 0 경기77바2125 3 43 234001609 234000350 118 
2020-12-02T01:48:08.531393+09:00 0 0 경기77바2447 3 37 234001609 205000207 79 
2020-12-02T01:48:08.531467+09:00 2 0 경기77바2125 3 43 234001609 234000350 118 
2020-12-02T01:48:08.531487+09:00 0 0 경기77바2358 3 43 234001609 234000363 103 
2020-12-02T01:49:08.515233+09:00 0 0 경기77바2447 3 37 234001609 205000207 79 
2020-12-02T01:49:08.515296+09:00 2 0 경기77바2125 3 45 234001609 234000350 118 
2020-12-02T01:49:08.515316+09:00 0 0 경기77바2358 3 43 234001609 234000363 103 
2020-12-02T01:50:10.949398+09:00 0 0 경기77바2447 3 37 234001609 205000073 80 
2020-12-02T01:50:10.949460+09:00 0 0 경기77바2358 3 43 234001609 234000361 105 
2020-12-02T01:51:07.743116+09:00 0 0 경기77바2447 3 37 234001609 205000073 80 
2020-12-02T01:51:07.743179+09:00 0 0 경기77바2358 3 43 234001609 234000360 106 
2020-12-02T01:52:07.547093+09:00 0 0 경기77바2447 3 37 234001609 205000079 81 
2020-12-02T01:52:07.547156+09:00 0 0 경기77바2358 3 43 234001609 234000359 107 
2020-12-02T01:53:07.411038+09:00 0 0 경기77바2447 3 37 234001609 205000267 82 
2020-12-02T01:53:07.411098+09:00 0 0 경기77바2358 3 43 234001609 234000358 108 
2020-12-02T01:54:07.244991+09:00 0 0 경기77바2447 3 37 234001609 205000267 82 
2020-12-02T01:54:07.245079+09:00 0 0 경기77바2358 3 43 234001609 234001005 109 
2020-12-02T01:55:06.819060+09:00 0 0 경기77바2447 3 38 234001609 234001168 84 
2020-12-02T01:55:06.819124+09:00 0 0 경기77바2358 3 43 234001609 234000357 110 
2020-12-02T01:56:06.652948+09:00 0 0 경기77바2447 3 38 234001609 234000065 85 
2020-12-02T01:56:06.653040+09:00 0 0 경기77바2358 3 43 234001609 234000356 111 
2020-12-02T01:57:06.297059+09:00 0 0 경기77바2447 3 38 234001609 234000065 85 
2020-12-02T01:57:06.297123+09:00 0 0 경기77바2358 3 43 234001609 234000355 112 
2020-12-02T01:58:05.800990+09:00 0 0 경기77바2447 3 38 234001609 234000439 86 
2020-12-02T01:58:05.801090+09:00 0 0 경기77바2358 3 43 234001609 234001061 113 
2020-12-02T01:59:05.655096+09:00 0 0 경기77바2447 3 38 234001609 234000438 87 
2020-12-02T01:59:05.655157+09:00 0 0 경기77바2358 3 43 234001609 234000353 115 
2020-12-02T02:00:05.802090+09:00 0 0 경기77바2447 3 39 234001609 234000437 88 
2020-12-02T02:00:05.802153+09:00 0 0 경기77바2358 3 43 234001609 234000352 116 
2020-12-02T02:01:04.653014+09:00 0 0 경기77바2447 3 40 234001609 234000372 89 
2020-12-02T02:01:04.653109+09:00 0 0 경기77바2358 3 44 234001609 234000350 118 
2020-12-02T02:02:04.367022+09:00 0 0 경기77바2447 3 40 234001609 234000372 89 
2020-12-02T02:02:04.367086+09:00 0 0 경기77바2358 3 45 234001609 234000350 118 
2020-12-02T02:03:04.141161+09:00 0 0 경기77바2447 3 40 234001609 234000372 89 
2020-12-02T02:03:04.141223+09:00 0 0 경기77바2358 3 45 234001609 234000350 118 
2020-12-02T02:04:03.895184+09:00 0 0 경기77바2447 3 40 234001609 234000372 89 
2020-12-02T02:05:03.889269+09:00 0 0 경기77바2447 3 40 234001609 234000372 89 
2020-12-02T02:06:03.583360+09:00 0 0 경기77바2447 3 40 234001609 234000268 91 
2020-12-02T02:07:09.457865+09:00 0 0 경기77바2447 3 41 234001609 234000251 93 
2020-12-02T02:08:03.271385+09:00 0 0 경기77바2447 3 41 234001609 234000271 94 
2020-12-02T02:09:02.985884+09:00 0 0 경기77바2447 3 41 234001609 234000271 94 
2020-12-02T02:10:04.019785+09:00 0 0 경기77바2447 3 40 234001609 234000270 95 
2020-12-02T02:11:02.834439+09:00 0 0 경기77바2447 3 40 234001609 234000270 95 
2020-12-02T02:12:02.859101+09:00 0 0 경기77바2447 3 41 234001609 234000371 96 
2020-12-02T02:13:02.523785+09:00 0 0 경기77바2447 3 41 234001609 234000369 98 
2020-12-02T02:14:02.248513+09:00 0 0 경기77바2447 3 41 234001609 234000368 99 
2020-12-02T02:15:01.773061+09:00 0 0 경기77바2447 3 41 234001609 234000366 100 
2020-12-02T02:16:03.177620+09:00 0 0 경기77바2447 3 42 234001609 234000365 101 
2020-12-02T02:17:05.502304+09:00 0 0 경기77바2447 3 43 234001609 234000364 102 
2020-12-02T02:18:04.806625+09:00 0 0 경기77바2447 3 44 234001609 234000363 103 
2020-12-02T02:18:59.580685+09:00 0 0 경기77바2447 3 44 234001609 234000363 103 
2020-12-02T02:19:59.695019+09:00 0 0 경기77바2447 3 44 234001609 234000362 104 
2020-12-02T02:20:58.649356+09:00 0 0 경기77바2447 3 44 234001609 234000360 106 
2020-12-02T02:21:58.563720+09:00 0 0 경기77바2447 3 44 234001609 234000359 107 
2020-12-02T02:22:58.508075+09:00 0 0 경기77바2447 3 44 234001609 234000358 108 
2020-12-02T02:23:58.332376+09:00 0 0 경기77바2447 3 44 234001609 234001005 109 
2020-12-02T02:24:58.326627+09:00 0 0 경기77바2447 3 45 234001609 234000357 110 
2020-12-02T02:25:58.400963+09:00 0 0 경기77바2447 3 45 234001609 234000356 111 
2020-12-02T02:26:57.415135+09:00 0 0 경기77바2447 3 45 234001609 234000355 112 
2020-12-02T02:27:57.269302+09:00 0 0 경기77바2447 3 45 234001609 234001061 113 
2020-12-02T02:28:57.313618+09:00 0 0 경기77바2447 3 45 234001609 234000354 114 
2020-12-02T02:29:57.367921+09:00 0 0 경기77바2447 3 45 234001609 234000352 116 
2020-12-02T02:30:56.172050+09:00 0 0 경기77바2447 3 45 234001609 234000351 117 
2020-12-02T02:31:56.006170+09:00 0 0 경기77바2447 3 45 234001609 234000350 118 
2020-12-02T02:32:55.990412+09:00 0 0 경기77바2447 3 45 234001609 234000350 118 
