234001609 2020-12-22T02:26:55.735157+09:00
2020-12-22T23:09:29 0 0 경기77바2005 3 45 234001609 234000943 12 
2020-12-22T23:10:29 0 0 경기77바2005 3 45 234001609 234000089 13 
2020-12-22T23:11:28 0 0 경기77바2005 3 45 234001609 234000089 13 
2020-12-22T23:12:28 0 0 경기77바2005 3 45 234001609 234000089 13 
2020-12-22T23:13:27 0 0 경기77바2005 3 45 234001609 234000089 13 
2020-12-22T23:14:26 0 0 경기77바2005 3 45 234001609 234000342 14 
2020-12-22T23:15:26 0 0 경기77바2005 3 43 234001609 234000341 15 
2020-12-22T23:16:25 0 0 경기77바2005 3 43 234001609 234000340 16 
2020-12-22T23:17:25 0 0 경기77바2005 3 43 234001609 234000339 17 
2020-12-22T23:18:24 0 0 경기77바2005 3 43 234001609 234000339 17 
2020-12-22T23:19:24 0 0 경기77바2005 3 43 234001609 234000338 18 
2020-12-22T23:20:23 0 0 경기77바2005 3 43 234001609 234000336 20 
2020-12-22T23:21:23 0 0 경기77바2005 3 43 234001609 234000336 20 
2020-12-22T23:22:22 0 0 경기77바2005 3 43 234001609 234000336 20 
2020-12-22T23:23:22 0 0 경기77바2005 3 43 234001609 234000334 22 
2020-12-22T23:24:21 0 0 경기77바2005 3 43 234001609 234000333 23 
2020-12-22T23:25:21 0 0 경기77바2005 3 43 234001609 234000332 24 
2020-12-22T23:26:20 0 0 경기77바2005 3 42 234001609 234000332 24 
2020-12-22T23:27:19 0 0 경기77바2005 3 42 234001609 234000643 25 
2020-12-22T23:28:19 0 0 경기77바2005 3 42 234001609 234000643 25 
2020-12-22T23:29:18 0 0 경기77바2005 3 42 234001609 234000269 26 
2020-12-22T23:30:17 0 0 경기77바2005 3 41 234001609 234000267 28 
2020-12-22T23:31:18 0 0 경기77바2005 3 40 234001609 234000251 29 
2020-12-22T23:32:17 0 0 경기77바2005 3 40 234001609 234000271 30 
2020-12-22T23:32:17 0 0 경기77바2125 3 44 234001609 234000946 3 
2020-12-22T23:33:17 0 0 경기77바2005 3 40 234001609 234000271 30 
2020-12-22T23:33:17 0 0 경기77바2125 3 44 234001609 234000348 4 
2020-12-22T23:34:16 0 0 경기77바2005 3 40 234001609 234000270 31 
2020-12-22T23:34:16 0 0 경기77바2125 3 44 234001609 234000347 5 
2020-12-22T23:35:16 0 0 경기77바2005 3 40 234001609 234001077 32 
2020-12-22T23:35:16 0 0 경기77바2125 3 44 234001609 234000345 7 
2020-12-22T23:36:15 0 0 경기77바2005 3 40 234001609 234000330 33 
2020-12-22T23:36:15 0 0 경기77바2125 3 44 234001609 234001068 8 
2020-12-22T23:37:14 0 0 경기77바2005 3 40 234001609 234001004 35 
2020-12-22T23:37:14 0 0 경기77바2125 3 44 234001609 234000343 10 
2020-12-22T23:38:14 0 0 경기77바2005 3 40 234001609 234000434 37 
2020-12-22T23:38:14 0 0 경기77바2125 3 44 234001609 234000343 10 
2020-12-22T23:39:14 0 0 경기77바2005 3 40 234001609 234000064 38 
2020-12-22T23:39:14 0 0 경기77바2125 3 44 234001609 234000943 12 
2020-12-22T23:40:13 0 0 경기77바2005 3 41 234001609 234000063 40 
2020-12-22T23:40:13 0 0 경기77바2125 3 43 234001609 234000089 13 
2020-12-22T23:41:13 0 0 경기77바2005 3 40 234001609 234000063 40 
2020-12-22T23:41:13 0 0 경기77바2125 3 43 234001609 234000089 13 
2020-12-22T23:42:13 0 0 경기77바2005 3 40 234001609 234000063 40 
2020-12-22T23:42:13 0 0 경기77바2125 3 43 234001609 234000089 13 
2020-12-22T23:43:13 0 0 경기77바2005 3 40 234001609 205000078 42 
2020-12-22T23:43:13 0 0 경기77바2125 3 43 234001609 234000089 13 
2020-12-22T23:44:12 0 0 경기77바2005 3 40 234001609 205000078 42 
2020-12-22T23:44:12 0 0 경기77바2125 3 43 234001609 234000089 13 
2020-12-22T23:45:12 0 0 경기77바2005 3 40 234001609 205000074 43 
2020-12-22T23:45:12 0 0 경기77바2125 3 43 234001609 234000341 15 
2020-12-22T23:46:12 0 0 경기77바2005 3 40 234001609 205000074 43 
2020-12-22T23:46:12 0 0 경기77바2125 3 43 234001609 234000340 16 
2020-12-22T23:47:12 0 0 경기77바2005 3 40 234001609 205000074 43 
2020-12-22T23:47:12 0 0 경기77바2125 3 43 234001609 234000339 17 
2020-12-22T23:48:11 0 0 경기77바2005 3 40 234001609 205000074 43 
2020-12-22T23:48:11 0 0 경기77바2125 3 43 234001609 234000339 17 
2020-12-22T23:49:11 0 0 경기77바2005 3 40 234001609 205000074 43 
2020-12-22T23:49:11 0 0 경기77바2125 3 43 234001609 234000338 18 
2020-12-22T23:50:11 0 0 경기77바2005 3 42 234001609 205000069 44 
2020-12-22T23:50:11 0 0 경기77바2125 3 42 234001609 234000336 20 
2020-12-22T23:51:11 0 0 경기77바2005 3 42 234001609 205000069 44 
2020-12-22T23:51:11 0 0 경기77바2125 3 42 234001609 234000336 20 
2020-12-22T23:52:10 0 0 경기77바2005 3 42 234001609 204000087 45 
2020-12-22T23:52:10 0 0 경기77바2125 3 42 234001609 234000336 20 
2020-12-22T23:53:10 0 0 경기77바2005 3 42 234001609 204000019 46 
2020-12-22T23:53:10 0 0 경기77바2125 3 42 234001609 234000335 21 
2020-12-22T23:54:10 0 0 경기77바2005 3 43 234001609 204000021 48 
2020-12-22T23:54:10 0 0 경기77바2125 3 42 234001609 234000334 22 
2020-12-22T23:55:10 0 0 경기77바2005 3 43 234001609 204000021 48 
2020-12-22T23:55:10 0 0 경기77바2125 3 43 234001609 234000333 23 
2020-12-22T23:56:09 0 0 경기77바2005 3 43 234001609 204000020 49 
2020-12-22T23:56:09 0 0 경기77바2125 3 43 234001609 234000332 24 
2020-12-22T23:57:09 0 0 경기77바2005 3 43 234001609 204000114 52 
2020-12-22T23:57:09 0 0 경기77바2125 3 43 234001609 234000643 25 
2020-12-22T23:58:08 0 0 경기77바2005 3 43 234001609 123000329 53 
2020-12-22T23:58:08 0 0 경기77바2125 3 43 234001609 234000643 25 
2020-12-22T23:59:08 0 0 경기77바2005 3 43 234001609 123000329 53 
2020-12-22T23:59:08 0 0 경기77바2125 3 43 234001609 234000269 26 
2020-12-23T00:00:08 0 0 경기77바2005 3 43 234001609 123000329 53 
2020-12-23T00:00:08 0 0 경기77바2125 3 40 234001609 234000267 28 
2020-12-23T00:01:08 0 0 경기77바2005 3 43 234001609 123000015 54 
2020-12-23T00:01:08 0 0 경기77바2125 3 40 234001609 234000271 30 
2020-12-23T00:02:07 0 0 경기77바2089 3 45 234001609 234000946 3 
2020-12-23T00:02:07 0 0 경기77바2005 3 43 234001609 123000013 55 
2020-12-23T00:02:07 0 0 경기77바2125 3 39 234001609 234000270 31 
2020-12-23T00:03:07 0 0 경기77바2005 3 44 234001609 123000013 55 
2020-12-23T00:03:07 0 0 경기77바2089 3 45 234001609 234000348 4 
2020-12-23T00:03:07 0 0 경기77바2125 3 39 234001609 234001077 32 
2020-12-23T00:04:06 0 0 경기77바2089 3 45 234001609 234000347 5 
2020-12-23T00:04:06 0 0 경기77바2005 3 44 234001609 123000013 55 
2020-12-23T00:04:06 0 0 경기77바2125 3 39 234001609 234000330 33 
2020-12-23T00:05:06 0 0 경기77바2089 3 45 234001609 234000346 6 
2020-12-23T00:05:06 0 0 경기77바2005 3 44 234001609 123000011 56 
2020-12-23T00:05:06 0 0 경기77바2125 3 39 234001609 234000436 34 
2020-12-23T00:06:06 0 0 경기77바2089 3 45 234001609 234000345 7 
2020-12-23T00:06:06 0 0 경기77바2005 3 44 234001609 123000011 56 
2020-12-23T00:06:06 0 0 경기77바2125 3 39 234001609 234000434 37 
2020-12-23T00:07:05 0 0 경기77바2005 3 44 234001609 123000011 56 
2020-12-23T00:07:05 0 0 경기77바2089 3 45 234001609 234000344 9 
2020-12-23T00:07:05 0 0 경기77바2125 3 39 234001609 234000064 38 
2020-12-23T00:08:05 0 0 경기77바2089 3 45 234001609 234000673 11 
2020-12-23T00:08:05 0 0 경기77바2005 3 44 234001609 123000009 57 
2020-12-23T00:08:05 0 0 경기77바2125 3 38 234001609 234001169 39 
2020-12-23T00:09:04 0 0 경기77바2005 3 44 234001609 123000007 58 
2020-12-23T00:09:04 0 0 경기77바2089 3 45 234001609 234000089 13 
2020-12-23T00:09:04 0 0 경기77바2125 3 37 234001609 234000063 40 
2020-12-23T00:10:04 0 0 경기77바2089 3 45 234001609 234000089 13 
2020-12-23T00:10:04 0 0 경기77바2005 3 44 234001609 123000005 59 
2020-12-23T00:10:04 0 0 경기77바2125 3 37 234001609 234000063 40 
2020-12-23T00:11:03 0 0 경기77바2005 3 45 234001609 123000005 59 
2020-12-23T00:11:03 0 0 경기77바2089 3 45 234001609 234000089 13 
2020-12-23T00:11:03 0 0 경기77바2125 3 37 234001609 277103681 41 
2020-12-23T00:12:02 0 0 경기77바2089 3 45 234001609 234000342 14 
2020-12-23T00:12:02 0 0 경기77바2005 3 45 234001609 123000003 60 
2020-12-23T00:12:02 0 0 경기77바2125 3 37 234001609 205000078 42 
2020-12-23T00:13:02 0 0 경기77바2089 3 44 234001609 234000342 14 
2020-12-23T00:13:02 2 0 경기77바2005 3 45 234001609 123000611 62 
2020-12-23T00:13:02 0 0 경기77바2125 3 37 234001609 205000074 43 
2020-12-23T00:14:01 0 0 경기77바2089 3 44 234001609 234000341 15 
2020-12-23T00:14:01 2 0 경기77바2005 3 45 234001609 123000611 62 
2020-12-23T00:14:01 0 0 경기77바2125 3 37 234001609 205000074 43 
2020-12-23T00:15:01 0 0 경기77바2005 3 45 234001609 277102843 63 
2020-12-23T00:15:01 0 0 경기77바2089 3 43 234001609 234000341 15 
2020-12-23T00:15:01 0 0 경기77바2125 3 37 234001609 205000074 43 
2020-12-23T00:16:00 0 0 경기77바2089 3 43 234001609 234000339 17 
2020-12-23T00:16:00 0 0 경기77바2005 3 45 234001609 123000004 65 
2020-12-23T00:16:00 0 0 경기77바2125 3 37 234001609 205000074 43 
2020-12-23T00:16:59 0 0 경기77바2005 3 45 234001609 123000004 65 
2020-12-23T00:16:59 0 0 경기77바2089 3 44 234001609 234000339 17 
2020-12-23T00:16:59 0 0 경기77바2125 3 37 234001609 205000069 44 
2020-12-23T00:17:58 0 0 경기77바2089 3 44 234001609 234000338 18 
2020-12-23T00:17:58 0 0 경기77바2005 3 45 234001609 123000006 66 
2020-12-23T00:17:58 0 0 경기77바2125 3 39 234001609 205000069 44 
2020-12-23T00:18:57 0 0 경기77바2089 3 44 234001609 234000337 19 
2020-12-23T00:18:57 0 0 경기77바2005 3 45 234001609 123000008 67 
2020-12-23T00:18:57 0 0 경기77바2125 3 39 234001609 205000069 44 
2020-12-23T00:19:57 0 0 경기77바2005 3 45 234001609 123000010 68 
2020-12-23T00:19:57 0 0 경기77바2089 3 44 234001609 234000336 20 
2020-12-23T00:19:57 0 0 경기77바2125 3 40 234001609 204000087 45 
2020-12-23T00:20:56 0 0 경기77바2005 3 44 234001609 123000010 68 
2020-12-23T00:20:56 0 0 경기77바2089 3 44 234001609 234000335 21 
2020-12-23T00:20:56 0 0 경기77바2125 3 39 234001609 204000087 45 
2020-12-23T00:21:55 0 0 경기77바2005 3 44 234001609 123000012 69 
2020-12-23T00:21:55 0 0 경기77바2089 3 44 234001609 234000334 22 
2020-12-23T00:21:55 0 0 경기77바2125 3 39 234001609 204000087 45 
2020-12-23T00:22:54 0 0 경기77바2089 3 44 234001609 234000333 23 
2020-12-23T00:22:54 0 0 경기77바2005 3 44 234001609 123000012 69 
2020-12-23T00:22:54 0 0 경기77바2125 3 40 234001609 204000019 46 
2020-12-23T00:23:53 0 0 경기77바2089 3 44 234001609 234000332 24 
2020-12-23T00:23:53 0 0 경기77바2005 3 44 234001609 123000014 70 
2020-12-23T00:23:53 0 0 경기77바2125 3 40 234001609 204000022 47 
2020-12-23T00:24:53 0 0 경기77바2089 3 44 234001609 234000643 25 
2020-12-23T00:24:53 0 0 경기77바2005 3 43 234001609 123000016 71 
2020-12-23T00:24:53 0 0 경기77바2125 3 40 234001609 204000020 49 
2020-12-23T00:25:52 0 0 경기77바2005 3 43 234001609 123000016 71 
2020-12-23T00:25:52 0 0 경기77바2089 3 44 234001609 234000643 25 
2020-12-23T00:25:52 0 0 경기77바2125 3 40 234001609 204000115 51 
2020-12-23T00:26:51 0 0 경기77바2005 3 43 234001609 123000016 71 
2020-12-23T00:26:51 0 0 경기77바2089 3 44 234001609 234000269 26 
2020-12-23T00:26:51 0 0 경기77바2125 3 40 234001609 123000329 53 
2020-12-23T00:27:50 0 0 경기77바2005 3 43 234001609 123000016 71 
2020-12-23T00:27:50 0 0 경기77바2089 3 42 234001609 234000268 27 
2020-12-23T00:27:50 0 0 경기77바2125 3 40 234001609 123000329 53 
2020-12-23T00:28:50 0 0 경기77바2089 3 42 234001609 234000251 29 
2020-12-23T00:28:50 0 0 경기77바2005 3 43 234001609 204000113 72 
2020-12-23T00:28:50 0 0 경기77바2125 3 40 234001609 123000015 54 
2020-12-23T00:29:50 0 0 경기77바2089 3 42 234001609 234000270 31 
2020-12-23T00:29:50 0 0 경기77바2005 3 42 234001609 204000112 73 
2020-12-23T00:29:50 0 0 경기77바2125 3 39 234001609 123000013 55 
2020-12-23T00:30:49 0 0 경기77바2089 3 38 234001609 234000270 31 
2020-12-23T00:30:49 0 0 경기77바2005 3 42 234001609 204000111 74 
2020-12-23T00:30:49 0 0 경기77바2125 3 41 234001609 123000011 56 
2020-12-23T00:31:50 0 0 경기77바2005 3 42 234001609 204000110 75 
2020-12-23T00:31:50 0 0 경기77바2089 3 38 234001609 234000270 31 
2020-12-23T00:31:50 0 0 경기77바2125 3 41 234001609 123000011 56 
2020-12-23T00:32:48 0 0 경기77바2005 3 42 234001609 204000023 76 
2020-12-23T00:32:48 0 0 경기77바2089 3 37 234001609 234001077 32 
2020-12-23T00:32:48 0 0 경기77바2125 3 41 234001609 123000011 56 
2020-12-23T00:33:48 0 0 경기77바2005 3 42 234001609 204000023 76 
2020-12-23T00:33:48 0 0 경기77바2089 3 37 234001609 234000330 33 
2020-12-23T00:33:48 0 0 경기77바2125 3 41 234001609 123000011 56 
2020-12-23T00:34:47 0 0 경기77바2005 3 42 234001609 204000011 77 
2020-12-23T00:34:47 0 0 경기77바2089 3 38 234001609 234000436 34 
2020-12-23T00:34:47 0 0 경기77바2125 3 42 234001609 123000011 56 
2020-12-23T00:35:47 0 0 경기77바2005 3 42 234001609 204000088 78 
2020-12-23T00:35:47 0 0 경기77바2089 3 38 234001609 234001004 35 
2020-12-23T00:35:47 0 0 경기77바2125 3 43 234001609 123000009 57 
2020-12-23T00:36:46 0 0 경기77바2005 3 42 234001609 204000088 78 
2020-12-23T00:36:46 0 0 경기77바2089 3 37 234001609 234000434 37 
2020-12-23T00:36:46 0 0 경기77바2125 3 43 234001609 123000009 57 
2020-12-23T00:37:49 0 0 경기77바2005 3 42 234001609 205000207 79 
2020-12-23T00:37:49 0 0 경기77바2089 3 37 234001609 234000064 38 
2020-12-23T00:37:49 0 0 경기77바2125 3 44 234001609 123000005 59 
2020-12-23T00:38:46 0 0 경기77바2005 3 41 234001609 205000207 79 
2020-12-23T00:38:46 0 0 경기77바2089 3 37 234001609 234000063 40 
2020-12-23T00:38:46 0 0 경기77바2125 3 44 234001609 123000005 59 
2020-12-23T00:39:45 0 0 경기77바2005 3 41 234001609 205000207 79 
2020-12-23T00:39:45 0 0 경기77바2089 3 35 234001609 234000063 40 
2020-12-23T00:39:45 0 0 경기77바2125 3 44 234001609 123000005 59 
2020-12-23T00:40:44 0 0 경기77바2089 3 35 234001609 234000063 40 
2020-12-23T00:40:44 0 0 경기77바2005 3 41 234001609 205000207 79 
2020-12-23T00:40:44 0 0 경기77바2125 3 44 234001609 277102839 61 
2020-12-23T00:41:43 0 0 경기77바2005 3 41 234001609 205000207 79 
2020-12-23T00:41:43 0 0 경기77바2089 3 35 234001609 205000078 42 
2020-12-23T00:41:43 0 0 경기77바2125 3 44 234001609 123000611 62 
2020-12-23T00:42:42 0 0 경기77바2089 3 35 234001609 205000078 42 
2020-12-23T00:42:42 0 0 경기77바2005 3 41 234001609 205000207 79 
2020-12-23T00:42:42 0 0 경기77바2125 3 44 234001609 123000611 62 
2020-12-23T00:43:51 0 0 경기77바2089 3 35 234001609 205000074 43 
2020-12-23T00:43:51 0 0 경기77바2005 3 41 234001609 205000073 80 
2020-12-23T00:43:51 0 0 경기77바2125 3 43 234001609 123000004 65 
2020-12-23T00:44:41 0 0 경기77바2089 3 35 234001609 205000074 43 
2020-12-23T00:44:41 0 0 경기77바2005 3 41 234001609 205000073 80 
2020-12-23T00:44:41 0 0 경기77바2125 3 43 234001609 123000004 65 
2020-12-23T00:45:41 0 0 경기77바2005 3 41 234001609 205000079 81 
2020-12-23T00:45:41 0 0 경기77바2089 3 35 234001609 205000074 43 
2020-12-23T00:45:41 0 0 경기77바2125 3 43 234001609 123000004 65 
2020-12-23T00:46:40 0 0 경기77바2005 3 41 234001609 205000267 82 
2020-12-23T00:46:40 0 0 경기77바2089 3 37 234001609 205000074 43 
2020-12-23T00:46:40 0 0 경기77바2125 3 43 234001609 123000008 67 
2020-12-23T00:47:40 0 0 경기77바2005 3 41 234001609 205000267 82 
2020-12-23T00:47:40 0 0 경기77바2089 3 34 234001609 205000069 44 
2020-12-23T00:47:40 0 0 경기77바2125 3 43 234001609 123000010 68 
2020-12-23T00:48:40 0 0 경기77바2089 3 34 234001609 205000069 44 
2020-12-23T00:48:40 0 0 경기77바2005 3 41 234001609 234001168 84 
2020-12-23T00:48:40 0 0 경기77바2125 3 43 234001609 123000010 68 
2020-12-23T00:49:39 0 0 경기77바2089 3 35 234001609 205000069 44 
2020-12-23T00:49:39 0 0 경기77바2005 3 41 234001609 234000065 85 
2020-12-23T00:49:39 0 0 경기77바2125 3 43 234001609 123000012 69 
2020-12-23T00:50:39 0 0 경기77바2005 3 41 234001609 234000065 85 
2020-12-23T00:50:39 0 0 경기77바2089 3 36 234001609 204000087 45 
2020-12-23T00:50:39 0 0 경기77바2125 3 43 234001609 123000012 69 
2020-12-23T00:51:39 0 0 경기77바2005 3 41 234001609 234000439 86 
2020-12-23T00:51:39 0 0 경기77바2089 3 36 234001609 204000087 45 
2020-12-23T00:51:39 0 0 경기77바2125 3 43 234001609 123000012 69 
2020-12-23T00:52:39 0 0 경기77바2005 3 41 234001609 234000437 88 
2020-12-23T00:52:39 0 0 경기77바2089 3 38 234001609 204000019 46 
2020-12-23T00:52:39 0 0 경기77바2125 3 43 234001609 123000014 70 
2020-12-23T00:53:39 0 0 경기77바2089 3 37 234001609 204000019 46 
2020-12-23T00:53:39 0 0 경기77바2005 3 41 234001609 234000372 89 
2020-12-23T00:53:39 0 0 경기77바2125 3 43 234001609 123000016 71 
2020-12-23T00:54:39 0 0 경기77바2089 3 37 234001609 204000019 46 
2020-12-23T00:54:39 0 0 경기77바2005 3 41 234001609 234000372 89 
2020-12-23T00:54:39 0 0 경기77바2125 3 43 234001609 123000016 71 
2020-12-23T00:55:39 0 0 경기77바2005 3 41 234001609 234000372 89 
2020-12-23T00:55:39 0 0 경기77바2089 3 37 234001609 204000022 47 
2020-12-23T00:55:39 0 0 경기77바2125 3 43 234001609 123000016 71 
2020-12-23T00:56:38 0 0 경기77바2005 3 41 234001609 234000372 89 
2020-12-23T00:56:38 0 0 경기77바2089 3 36 234001609 204000020 49 
2020-12-23T00:56:38 0 0 경기77바2125 3 43 234001609 123000016 71 
2020-12-23T00:57:38 0 0 경기77바2089 3 36 234001609 204000116 50 
2020-12-23T00:57:38 0 0 경기77바2005 3 41 234001609 234000269 90 
2020-12-23T00:57:38 0 0 경기77바2125 3 43 234001609 204000112 73 
2020-12-23T00:58:38 0 0 경기77바2089 3 36 234001609 204000116 50 
2020-12-23T00:58:38 0 0 경기77바2005 3 41 234001609 234000267 92 
2020-12-23T00:58:38 0 0 경기77바2125 3 43 234001609 204000112 73 
2020-12-23T00:59:37 0 0 경기77바2005 3 41 234001609 234000271 94 
2020-12-23T00:59:37 0 0 경기77바2089 3 36 234001609 204000114 52 
2020-12-23T00:59:37 0 0 경기77바2125 3 43 234001609 204000111 74 
2020-12-23T01:00:36 0 0 경기77바2005 3 41 234001609 234000271 94 
2020-12-23T01:00:36 0 0 경기77바2089 3 36 234001609 123000329 53 
2020-12-23T01:00:36 0 0 경기77바2125 3 43 234001609 204000023 76 
2020-12-23T01:01:35 0 0 경기77바2089 3 36 234001609 123000329 53 
2020-12-23T01:01:35 0 0 경기77바2005 3 41 234001609 234000270 95 
2020-12-23T01:01:35 0 0 경기77바2125 3 43 234001609 204000023 76 
2020-12-23T01:02:35 0 0 경기77바2005 3 41 234001609 234000270 95 
2020-12-23T01:02:35 0 0 경기77바2089 3 36 234001609 123000015 54 
2020-12-23T01:02:35 0 0 경기77바2125 3 43 234001609 204000011 77 
2020-12-23T01:03:34 0 0 경기77바2089 3 36 234001609 123000015 54 
2020-12-23T01:03:34 0 0 경기77바2005 3 42 234001609 234000371 96 
2020-12-23T01:03:34 0 0 경기77바2125 3 43 234001609 204000088 78 
2020-12-23T01:04:34 0 0 경기77바2005 3 43 234001609 234000370 97 
2020-12-23T01:04:34 0 0 경기77바2089 3 38 234001609 123000013 55 
2020-12-23T01:04:34 0 0 경기77바2125 3 41 234001609 205000207 79 
2020-12-23T01:05:33 0 0 경기77바2005 3 43 234001609 234000369 98 
2020-12-23T01:05:33 0 0 경기77바2089 3 37 234001609 123000011 56 
2020-12-23T01:05:33 0 0 경기77바2125 3 41 234001609 205000207 79 
2020-12-23T01:06:33 0 0 경기77바2089 3 37 234001609 123000011 56 
2020-12-23T01:06:33 0 0 경기77바2005 3 43 234001609 234000368 99 
2020-12-23T01:06:33 0 0 경기77바2125 3 41 234001609 205000207 79 
2020-12-23T01:07:32 0 0 경기77바2089 3 37 234001609 123000011 56 
2020-12-23T01:07:32 0 0 경기77바2005 3 42 234001609 234000366 100 
2020-12-23T01:07:32 0 0 경기77바2125 3 41 234001609 205000207 79 
2020-12-23T01:08:32 0 0 경기77바2005 3 42 234001609 234000366 100 
2020-12-23T01:08:32 0 0 경기77바2089 3 38 234001609 123000011 56 
2020-12-23T01:08:32 0 0 경기77바2125 3 41 234001609 205000073 80 
2020-12-23T01:09:31 0 0 경기77바2005 3 42 234001609 234000365 101 
2020-12-23T01:09:31 0 0 경기77바2089 3 42 234001609 123000009 57 
2020-12-23T01:09:31 0 0 경기77바2125 3 41 234001609 205000079 81 
2020-12-23T01:10:31 0 0 경기77바2089 3 42 234001609 123000009 57 
2020-12-23T01:10:31 0 0 경기77바2005 3 43 234001609 234000364 102 
2020-12-23T01:10:31 0 0 경기77바2125 3 41 234001609 205000267 82 
2020-12-23T01:11:30 0 0 경기77바2005 3 43 234001609 234000363 103 
2020-12-23T01:11:30 0 0 경기77바2089 3 42 234001609 123000005 59 
2020-12-23T01:11:30 0 0 경기77바2125 3 41 234001609 205000267 82 
2020-12-23T01:12:29 0 0 경기77바2005 3 43 234001609 234000362 104 
2020-12-23T01:12:29 0 0 경기77바2089 3 43 234001609 277102839 61 
2020-12-23T01:12:29 0 0 경기77바2125 3 41 234001609 234000066 83 
2020-12-23T01:13:28 1 0 경기77바2089 3 43 234001609 123000611 62 
2020-12-23T01:13:28 0 0 경기77바2005 3 43 234001609 234000361 105 
2020-12-23T01:13:28 0 0 경기77바2125 3 41 234001609 234001168 84 
2020-12-23T01:14:27 1 0 경기77바2089 3 43 234001609 123000611 62 
2020-12-23T01:14:27 0 0 경기77바2005 3 43 234001609 234000360 106 
2020-12-23T01:14:27 0 0 경기77바2125 3 41 234001609 234000065 85 
2020-12-23T01:15:27 1 0 경기77바2089 3 43 234001609 123000611 62 
2020-12-23T01:15:27 0 0 경기77바2005 3 43 234001609 234000360 106 
2020-12-23T01:15:27 0 0 경기77바2125 3 41 234001609 234000439 86 
2020-12-23T01:16:27 0 0 경기77바2089 3 44 234001609 123000611 62 
2020-12-23T01:16:27 0 0 경기77바2005 3 43 234001609 234000359 107 
2020-12-23T01:16:27 0 0 경기77바2125 3 41 234001609 234000437 88 
2020-12-23T01:17:27 0 0 경기77바2089 3 44 234001609 123000611 62 
2020-12-23T01:17:27 0 0 경기77바2005 3 43 234001609 234000358 108 
2020-12-23T01:17:27 0 0 경기77바2125 3 41 234001609 234000372 89 
2020-12-23T01:18:26 0 0 경기77바2089 3 44 234001609 123000611 62 
2020-12-23T01:18:26 0 0 경기77바2005 3 43 234001609 234000358 108 
2020-12-23T01:18:26 0 0 경기77바2125 3 42 234001609 234000372 89 
2020-12-23T01:19:26 0 0 경기77바2089 3 44 234001609 123000004 65 
2020-12-23T01:19:26 0 0 경기77바2005 3 44 234001609 234001005 109 
2020-12-23T01:19:26 0 0 경기77바2125 3 42 234001609 234000372 89 
2020-12-23T01:20:25 0 0 경기77바2005 3 45 234001609 234000357 110 
2020-12-23T01:20:25 0 0 경기77바2089 3 44 234001609 123000008 67 
2020-12-23T01:20:25 0 0 경기77바2125 3 42 234001609 234000372 89 
2020-12-23T01:21:25 0 0 경기77바2005 3 45 234001609 234000356 111 
2020-12-23T01:21:25 0 0 경기77바2089 3 44 234001609 123000010 68 
2020-12-23T01:21:25 0 0 경기77바2125 3 42 234001609 234000269 90 
2020-12-23T01:22:24 0 0 경기77바2089 3 44 234001609 123000010 68 
2020-12-23T01:22:24 0 0 경기77바2005 3 45 234001609 234000355 112 
2020-12-23T01:22:24 0 0 경기77바2125 3 42 234001609 234000267 92 
2020-12-23T01:23:23 0 0 경기77바2005 3 45 234001609 234000355 112 
2020-12-23T01:23:23 0 0 경기77바2089 3 44 234001609 123000012 69 
2020-12-23T01:23:23 0 0 경기77바2125 3 42 234001609 234000251 93 
2020-12-23T01:24:23 0 0 경기77바2005 3 45 234001609 234000355 112 
2020-12-23T01:24:23 0 0 경기77바2089 3 44 234001609 123000014 70 
2020-12-23T01:24:23 0 0 경기77바2125 3 42 234001609 234000271 94 
2020-12-23T01:25:22 0 0 경기77바2005 3 45 234001609 234000355 112 
2020-12-23T01:25:22 0 0 경기77바2089 3 44 234001609 123000016 71 
2020-12-23T01:25:22 0 0 경기77바2125 3 42 234001609 234000270 95 
2020-12-23T01:26:21 0 0 경기77바2005 3 45 234001609 234000355 112 
2020-12-23T01:26:21 0 0 경기77바2089 3 43 234001609 123000016 71 
2020-12-23T01:26:21 0 0 경기77바2125 3 42 234001609 234000270 95 
2020-12-23T01:27:20 0 0 경기77바2005 3 45 234001609 234001061 113 
2020-12-23T01:27:20 0 0 경기77바2089 3 43 234001609 123000016 71 
2020-12-23T01:27:20 0 0 경기77바2125 3 42 234001609 234000371 96 
2020-12-23T01:28:20 0 0 경기77바2005 3 45 234001609 234001061 113 
2020-12-23T01:28:20 0 0 경기77바2089 3 43 234001609 123000016 71 
2020-12-23T01:28:20 0 0 경기77바2125 3 42 234001609 234000371 96 
2020-12-23T01:29:19 0 0 경기77바2089 3 42 234001609 204000113 72 
2020-12-23T01:29:19 0 0 경기77바2005 3 45 234001609 234000354 114 
2020-12-23T01:29:19 0 0 경기77바2125 3 42 234001609 234000369 98 
2020-12-23T01:30:18 0 0 경기77바2005 3 45 234001609 234000353 115 
2020-12-23T01:30:18 0 0 경기77바2089 3 42 234001609 204000111 74 
2020-12-23T01:30:18 0 0 경기77바2125 3 42 234001609 234000368 99 
2020-12-23T01:31:17 0 0 경기77바2089 3 42 234001609 204000111 74 
2020-12-23T01:31:17 0 0 경기77바2005 3 45 234001609 234000352 116 
2020-12-23T01:31:17 0 0 경기77바2125 3 43 234001609 234000366 100 
2020-12-23T01:32:17 0 0 경기77바2089 3 42 234001609 204000023 76 
2020-12-23T01:32:17 0 0 경기77바2005 3 45 234001609 234000351 117 
2020-12-23T01:32:17 0 0 경기77바2125 3 43 234001609 234000366 100 
2020-12-23T01:33:19 0 0 경기77바2089 3 41 234001609 204000023 76 
2020-12-23T01:33:19 0 0 경기77바2005 3 45 234001609 234000350 118 
2020-12-23T01:33:19 0 0 경기77바2125 3 43 234001609 234000365 101 
2020-12-23T01:34:15 0 0 경기77바2089 3 41 234001609 204000023 76 
2020-12-23T01:34:15 0 0 경기77바2005 3 45 234001609 234000350 118 
2020-12-23T01:34:15 0 0 경기77바2125 3 43 234001609 234000364 102 
2020-12-23T01:35:15 0 0 경기77바2089 3 40 234001609 204000011 77 
2020-12-23T01:35:15 0 0 경기77바2125 3 43 234001609 234000363 103 
2020-12-23T01:36:15 0 0 경기77바2089 3 40 234001609 204000088 78 
2020-12-23T01:36:15 0 0 경기77바2125 3 43 234001609 234000363 103 
2020-12-23T01:37:17 0 0 경기77바2089 3 40 234001609 204000088 78 
2020-12-23T01:37:17 0 0 경기77바2125 3 44 234001609 234000361 105 
2020-12-23T01:38:14 0 0 경기77바2089 3 39 234001609 205000207 79 
2020-12-23T01:38:14 0 0 경기77바2125 3 44 234001609 234000360 106 
2020-12-23T01:39:14 0 0 경기77바2089 3 39 234001609 205000207 79 
2020-12-23T01:39:14 0 0 경기77바2125 3 44 234001609 234000359 107 
2020-12-23T01:40:14 0 0 경기77바2089 3 39 234001609 205000207 79 
2020-12-23T01:40:14 0 0 경기77바2125 3 44 234001609 234000359 107 
2020-12-23T01:41:13 0 0 경기77바2089 3 39 234001609 205000073 80 
2020-12-23T01:41:13 0 0 경기77바2125 3 44 234001609 234000359 107 
2020-12-23T01:42:13 0 0 경기77바2089 3 39 234001609 205000073 80 
2020-12-23T01:42:13 0 0 경기77바2125 3 44 234001609 234000358 108 
2020-12-23T01:43:13 0 0 경기77바2089 3 39 234001609 205000267 82 
2020-12-23T01:43:13 0 0 경기77바2125 3 44 234001609 234000357 110 
2020-12-23T01:44:12 0 0 경기77바2089 3 39 234001609 205000267 82 
2020-12-23T01:44:12 0 0 경기77바2125 3 44 234001609 234000355 112 
2020-12-23T01:45:12 0 0 경기77바2089 3 39 234001609 234000066 83 
2020-12-23T01:45:12 0 0 경기77바2125 3 44 234001609 234000355 112 
2020-12-23T01:46:11 0 0 경기77바2089 3 40 234001609 234001168 84 
2020-12-23T01:46:11 0 0 경기77바2125 3 44 234001609 234000355 112 
2020-12-23T01:47:10 0 0 경기77바2089 3 40 234001609 234000065 85 
2020-12-23T01:47:10 0 0 경기77바2125 3 44 234001609 234000355 112 
2020-12-23T01:48:10 0 0 경기77바2089 3 40 234001609 234000439 86 
2020-12-23T01:48:10 0 0 경기77바2125 3 44 234001609 234000355 112 
2020-12-23T01:49:09 0 0 경기77바2089 3 40 234001609 234000437 88 
2020-12-23T01:49:09 0 0 경기77바2125 3 44 234001609 234001061 113 
2020-12-23T01:50:08 0 0 경기77바2089 3 40 234001609 234000372 89 
2020-12-23T01:50:08 0 0 경기77바2125 3 44 234001609 234000354 114 
2020-12-23T01:51:07 0 0 경기77바2089 3 40 234001609 234000372 89 
2020-12-23T01:51:07 0 0 경기77바2125 3 44 234001609 234000352 116 
2020-12-23T01:52:07 0 0 경기77바2089 3 40 234001609 234000372 89 
2020-12-23T01:52:07 0 0 경기77바2125 3 44 234001609 234000351 117 
2020-12-23T01:53:06 0 0 경기77바2089 3 40 234001609 234000372 89 
2020-12-23T01:53:06 0 0 경기77바2125 3 44 234001609 234000350 118 
2020-12-23T01:54:06 0 0 경기77바2089 3 40 234001609 234000372 89 
2020-12-23T01:55:05 0 0 경기77바2089 3 40 234001609 234000372 89 
2020-12-23T01:56:05 0 0 경기77바2089 3 41 234001609 234000268 91 
2020-12-23T01:57:04 0 0 경기77바2089 3 41 234001609 234000251 93 
2020-12-23T01:58:03 0 0 경기77바2089 3 41 234001609 234000271 94 
2020-12-23T01:59:03 0 0 경기77바2089 3 41 234001609 234000271 94 
2020-12-23T02:00:02 0 0 경기77바2089 3 41 234001609 234000270 95 
2020-12-23T02:01:01 0 0 경기77바2089 3 41 234001609 234000371 96 
2020-12-23T02:02:01 0 0 경기77바2089 3 42 234001609 234000370 97 
2020-12-23T02:03:01 0 0 경기77바2089 3 42 234001609 234000369 98 
2020-12-23T02:04:00 0 0 경기77바2089 3 42 234001609 234000368 99 
2020-12-23T02:05:00 0 0 경기77바2089 3 42 234001609 234000366 100 
2020-12-23T02:06:00 0 0 경기77바2089 3 43 234001609 234000365 101 
2020-12-23T02:07:00 0 0 경기77바2089 3 43 234001609 234000363 103 
2020-12-23T02:08:00 0 0 경기77바2089 3 43 234001609 234000363 103 
2020-12-23T02:09:00 0 0 경기77바2089 3 43 234001609 234000362 104 
2020-12-23T02:09:59 0 0 경기77바2089 3 43 234001609 234000360 106 
2020-12-23T02:10:59 0 0 경기77바2089 3 43 234001609 234000360 106 
2020-12-23T02:11:59 0 0 경기77바2089 3 43 234001609 234000358 108 
2020-12-23T02:12:58 0 0 경기77바2089 3 43 234001609 234000358 108 
2020-12-23T02:13:58 0 0 경기77바2089 3 43 234001609 234001005 109 
2020-12-23T02:14:58 0 0 경기77바2089 3 43 234001609 234000357 110 
2020-12-23T02:15:57 0 0 경기77바2089 3 44 234001609 234000356 111 
2020-12-23T02:16:57 0 0 경기77바2089 3 44 234001609 234000355 112 
2020-12-23T02:17:56 0 0 경기77바2089 3 44 234001609 234001061 113 
2020-12-23T02:18:56 0 0 경기77바2089 3 44 234001609 234001061 113 
2020-12-23T02:19:55 0 0 경기77바2089 3 44 234001609 234000353 115 
2020-12-23T02:20:55 0 0 경기77바2089 3 44 234001609 234000353 115 
2020-12-23T02:21:55 0 0 경기77바2089 3 44 234001609 234000352 116 
2020-12-23T02:22:54 0 0 경기77바2089 3 45 234001609 234000350 118 
2020-12-23T02:23:54 0 0 경기77바2089 3 45 234001609 234000350 118 
2020-12-23T02:24:53 0 0 경기77바2089 3 45 234001609 234000350 118 
