234001609 2020-11-25T03:29:21.664936+09:00
2020-11-25T23:01:21.830675+09:00 2 0 경기77바2447 3 45 234001609 234000946 3 
2020-11-25T23:02:19.895023+09:00 2 0 경기77바2447 3 45 234001609 234000348 4 
2020-11-25T23:03:18.238984+09:00 2 0 경기77바2447 3 45 234001609 234000347 5 
2020-11-25T23:04:16.933236+09:00 2 0 경기77바2447 3 45 234001609 234000346 6 
2020-11-25T23:05:15.567520+09:00 2 0 경기77바2447 3 45 234001609 234000346 6 
2020-11-25T23:06:14.041639+09:00 2 0 경기77바2447 3 45 234001609 234000345 7 
2020-11-25T23:07:12.565745+09:00 2 0 경기77바2447 3 45 234001609 234001068 8 
2020-11-25T23:08:10.959970+09:00 2 0 경기77바2447 3 45 234001609 234000344 9 
2020-11-25T23:09:09.644123+09:00 2 0 경기77바2447 3 45 234001609 234000343 10 
2020-11-25T23:10:08.198260+09:00 2 0 경기77바2447 3 45 234001609 234000343 10 
2020-11-25T23:11:06.702496+09:00 2 0 경기77바2447 3 45 234001609 234000673 11 
2020-11-25T23:12:05.436674+09:00 2 0 경기77바2447 3 45 234001609 234000089 13 
2020-11-25T23:13:04.130736+09:00 2 0 경기77바2447 3 45 234001609 234000089 13 
2020-11-25T23:14:02.734903+09:00 2 0 경기77바2447 3 45 234001609 234000089 13 
2020-11-25T23:15:01.779176+09:00 2 0 경기77바2447 3 45 234001609 234000341 15 
2020-11-25T23:15:59.793487+09:00 2 0 경기77바2447 3 45 234001609 234000340 16 
2020-11-25T23:16:58.497298+09:00 2 0 경기77바2447 3 45 234001609 234000340 16 
2020-11-25T23:17:56.801535+09:00 2 0 경기77바2447 3 45 234001609 234000339 17 
2020-11-25T23:18:55.365351+09:00 2 0 경기77바2447 3 45 234001609 234000338 18 
2020-11-25T23:19:53.989167+09:00 2 0 경기77바2447 3 45 234001609 234000337 19 
2020-11-25T23:20:52.123179+09:00 2 0 경기77바2447 3 44 234001609 234000336 20 
2020-11-25T23:21:50.487049+09:00 2 0 경기77바2447 3 44 234001609 234000336 20 
2020-11-25T23:22:48.830984+09:00 2 0 경기77바2447 3 44 234001609 234000335 21 
2020-11-25T23:23:47.274849+09:00 2 0 경기77바2447 3 44 234001609 234000334 22 
2020-11-25T23:24:45.808882+09:00 2 0 경기77바2447 3 44 234001609 234000333 23 
2020-11-25T23:25:44.402791+09:00 2 0 경기77바2447 3 44 234001609 234000332 24 
2020-11-25T23:26:42.826839+09:00 2 0 경기77바2447 3 44 234001609 234000643 25 
2020-11-25T23:27:41.380786+09:00 2 0 경기77바2447 3 44 234001609 234000643 25 
2020-11-25T23:28:40.054786+09:00 2 0 경기77바2447 3 44 234001609 234000643 25 
2020-11-25T23:29:38.738761+09:00 2 0 경기77바2447 3 44 234001609 234000268 27 
2020-11-25T23:30:37.254283+09:00 2 0 경기77바2447 3 44 234001609 234000267 28 
2020-11-25T23:31:35.696839+09:00 0 0 경기77바3409 3 45 234001609 277101661 2 
2020-11-25T23:31:35.696905+09:00 2 0 경기77바2447 3 43 234001609 234000251 29 
2020-11-25T23:32:34.180910+09:00 2 0 경기77바2447 3 43 234001609 234000271 30 
2020-11-25T23:32:34.180972+09:00 0 0 경기77바3409 3 45 234001609 234000946 3 
2020-11-25T23:33:32.784899+09:00 0 0 경기77바3409 3 45 234001609 234000347 5 
2020-11-25T23:33:32.784972+09:00 2 0 경기77바2447 3 43 234001609 234000270 31 
2020-11-25T23:34:31.398972+09:00 2 0 경기77바2447 3 42 234001609 234000270 31 
2020-11-25T23:34:31.399034+09:00 0 0 경기77바3409 3 45 234001609 234000346 6 
2020-11-25T23:35:30.143128+09:00 0 0 경기77바3409 3 45 234001609 234000346 6 
2020-11-25T23:35:30.143190+09:00 2 0 경기77바2447 3 42 234001609 234000270 31 
2020-11-25T23:36:28.507240+09:00 0 0 경기77바3409 3 45 234001609 234000345 7 
2020-11-25T23:36:28.507301+09:00 2 0 경기77바2447 3 42 234001609 234001077 32 
2020-11-25T23:37:26.901205+09:00 0 0 경기77바3409 3 45 234001609 234001068 8 
2020-11-25T23:37:26.901268+09:00 2 0 경기77바2447 3 43 234001609 234000330 33 
2020-11-25T23:38:25.655184+09:00 0 0 경기77바3409 3 45 234001609 234000344 9 
2020-11-25T23:38:25.655247+09:00 2 0 경기77바2447 3 43 234001609 234000436 34 
2020-11-25T23:39:24.299282+09:00 0 0 경기77바3409 3 44 234001609 234000343 10 
2020-11-25T23:39:24.299346+09:00 2 0 경기77바2447 3 43 234001609 234001004 35 
2020-11-25T23:40:22.633286+09:00 0 0 경기77바3409 3 44 234001609 234000343 10 
2020-11-25T23:40:22.633349+09:00 2 0 경기77바2447 3 43 234001609 234000434 37 
2020-11-25T23:41:21.257281+09:00 2 0 경기77바2447 3 43 234001609 234001169 39 
2020-11-25T23:41:21.257343+09:00 0 0 경기77바3409 3 44 234001609 234000673 11 
2020-11-25T23:42:19.781391+09:00 2 0 경기77바2447 3 43 234001609 234000063 40 
2020-11-25T23:42:19.781451+09:00 0 0 경기77바3409 3 44 234001609 234000089 13 
2020-11-25T23:43:18.125405+09:00 2 0 경기77바2447 3 42 234001609 234000063 40 
2020-11-25T23:43:18.125467+09:00 0 0 경기77바3409 3 44 234001609 234000089 13 
2020-11-25T23:44:16.709535+09:00 0 0 경기77바3409 3 44 234001609 234000089 13 
2020-11-25T23:44:16.709596+09:00 2 0 경기77바2447 3 42 234001609 277103681 41 
2020-11-25T23:45:15.103607+09:00 2 0 경기77바2447 3 42 234001609 205000078 42 
2020-11-25T23:45:15.103671+09:00 0 0 경기77바3409 3 44 234001609 234000341 15 
2020-11-25T23:46:13.737671+09:00 0 0 경기77바3409 3 44 234001609 234000341 15 
2020-11-25T23:46:13.737729+09:00 2 0 경기77바2447 3 42 234001609 205000078 42 
2020-11-25T23:47:12.501766+09:00 2 0 경기77바2447 3 42 234001609 205000074 43 
2020-11-25T23:47:12.501827+09:00 0 0 경기77바3409 3 44 234001609 234000340 16 
2020-11-25T23:48:11.115822+09:00 0 0 경기77바3409 3 44 234001609 234000339 17 
2020-11-25T23:48:11.115884+09:00 2 0 경기77바2447 3 42 234001609 205000074 43 
2020-11-25T23:49:09.659872+09:00 0 0 경기77바3409 3 44 234001609 234000339 17 
2020-11-25T23:49:09.659953+09:00 2 0 경기77바2447 3 42 234001609 205000074 43 
2020-11-25T23:50:08.373957+09:00 2 0 경기77바2447 3 42 234001609 205000069 44 
2020-11-25T23:50:08.374022+09:00 0 0 경기77바3409 3 44 234001609 234000337 19 
2020-11-25T23:51:06.988044+09:00 2 0 경기77바2447 3 42 234001609 205000069 44 
2020-11-25T23:51:06.988104+09:00 0 0 경기77바3409 3 44 234001609 234000336 20 
2020-11-25T23:52:05.682125+09:00 2 0 경기77바2447 3 42 234001609 205000069 44 
2020-11-25T23:52:05.682188+09:00 0 0 경기77바3409 3 44 234001609 234000336 20 
2020-11-25T23:53:04.236388+09:00 0 0 경기77바3409 3 44 234001609 234000335 21 
2020-11-25T23:53:04.236453+09:00 2 0 경기77바2447 3 43 234001609 204000087 45 
2020-11-25T23:54:02.760089+09:00 0 0 경기77바3409 3 44 234001609 234000334 22 
2020-11-25T23:54:02.760152+09:00 2 0 경기77바2447 3 43 234001609 204000087 45 
2020-11-25T23:55:01.624267+09:00 2 0 경기77바2447 3 43 234001609 204000087 45 
2020-11-25T23:55:01.624336+09:00 0 0 경기77바3409 3 44 234001609 234000332 24 
2020-11-25T23:55:59.918300+09:00 2 0 경기77바2447 3 43 234001609 204000019 46 
2020-11-25T23:55:59.918364+09:00 0 0 경기77바3409 3 44 234001609 234000332 24 
2020-11-25T23:56:58.552112+09:00 0 0 경기77바3409 3 44 234001609 234000643 25 
2020-11-25T23:56:58.552172+09:00 2 0 경기77바2447 3 44 234001609 204000022 47 
2020-11-25T23:57:56.986086+09:00 2 0 경기77바2447 3 44 234001609 204000022 47 
2020-11-25T23:57:56.986151+09:00 0 0 경기77바3409 3 44 234001609 234000643 25 
2020-11-25T23:58:55.300129+09:00 2 0 경기77바2447 3 44 234001609 204000021 48 
2020-11-25T23:58:55.300189+09:00 0 0 경기77바3409 3 44 234001609 234000269 26 
2020-11-25T23:59:53.864107+09:00 0 0 경기77바3409 3 44 234001609 234000268 27 
2020-11-25T23:59:53.864164+09:00 2 0 경기77바2447 3 43 234001609 204000020 49 
2020-11-26T00:00:52.468163+09:00 2 0 경기77바2447 3 43 234001609 204000116 50 
2020-11-26T00:00:52.468228+09:00 0 0 경기77바3409 3 44 234001609 234000267 28 
2020-11-26T00:01:50.892308+09:00 2 0 경기77바2447 3 43 234001609 204000116 50 
2020-11-26T00:01:50.892370+09:00 0 0 경기77바3409 3 44 234001609 234000251 29 
2020-11-26T00:01:50.892391+09:00 0 0 경기77바2089 3 45 234001609 234000946 3 
2020-11-26T00:02:49.456333+09:00 0 0 경기77바3409 3 44 234001609 234000271 30 
2020-11-26T00:02:49.456404+09:00 0 0 경기77바2089 3 44 234001609 234000348 4 
2020-11-26T00:02:49.456425+09:00 2 0 경기77바2447 3 42 234001609 204000114 52 
2020-11-26T00:03:47.370275+09:00 0 0 경기77바3409 3 44 234001609 234000270 31 
2020-11-26T00:03:47.370340+09:00 2 0 경기77바2447 3 42 234001609 123000329 53 
2020-11-26T00:03:47.370362+09:00 0 0 경기77바2089 3 44 234001609 234000347 5 
2020-11-26T00:04:46.594365+09:00 0 0 경기77바3409 3 39 234001609 234000270 31 
2020-11-26T00:04:46.594431+09:00 0 0 경기77바2089 3 44 234001609 234000346 6 
2020-11-26T00:04:46.594451+09:00 2 0 경기77바2447 3 42 234001609 123000329 53 
2020-11-26T00:05:45.038440+09:00 0 0 경기77바3409 3 39 234001609 234000270 31 
2020-11-26T00:05:45.038504+09:00 0 0 경기77바2089 3 44 234001609 234000345 7 
2020-11-26T00:05:45.038526+09:00 2 0 경기77바2447 3 42 234001609 123000015 54 
2020-11-26T00:06:43.452516+09:00 0 0 경기77바2089 3 44 234001609 234000345 7 
2020-11-26T00:06:43.452579+09:00 2 0 경기77바2447 3 42 234001609 123000013 55 
2020-11-26T00:06:43.452598+09:00 0 0 경기77바3409 3 37 234001609 234001077 32 
2020-11-26T00:07:41.996504+09:00 2 0 경기77바2447 3 42 234001609 123000013 55 
2020-11-26T00:07:41.996568+09:00 0 0 경기77바2089 3 44 234001609 234000344 9 
2020-11-26T00:07:41.996589+09:00 0 0 경기77바3409 3 37 234001609 234000330 33 
2020-11-26T00:08:40.510524+09:00 0 0 경기77바2089 3 44 234001609 234000344 9 
2020-11-26T00:08:40.510589+09:00 0 0 경기77바3409 3 37 234001609 234000436 34 
2020-11-26T00:08:40.510610+09:00 2 0 경기77바2447 3 43 234001609 123000011 56 
2020-11-26T00:09:39.194680+09:00 2 0 경기77바2447 3 43 234001609 123000011 56 
2020-11-26T00:09:39.194742+09:00 0 0 경기77바2089 3 43 234001609 234000343 10 
2020-11-26T00:09:39.194763+09:00 0 0 경기77바3409 3 36 234001609 234001004 35 
2020-11-26T00:10:37.618634+09:00 2 0 경기77바2447 3 43 234001609 123000011 56 
2020-11-26T00:10:37.618696+09:00 0 0 경기77바3409 3 36 234001609 234000435 36 
2020-11-26T00:10:37.618716+09:00 0 0 경기77바2089 3 43 234001609 234000089 13 
2020-11-26T00:11:36.172731+09:00 2 0 경기77바2447 3 43 234001609 123000011 56 
2020-11-26T00:11:36.172792+09:00 0 0 경기77바2089 3 43 234001609 234000089 13 
2020-11-26T00:11:36.172812+09:00 0 0 경기77바3409 3 35 234001609 234000434 37 
2020-11-26T00:12:34.716684+09:00 0 0 경기77바2089 3 43 234001609 234000089 13 
2020-11-26T00:12:34.716746+09:00 0 0 경기77바3409 3 35 234001609 234000064 38 
2020-11-26T00:12:34.716767+09:00 2 0 경기77바2447 3 45 234001609 123000009 57 
2020-11-26T00:13:32.990825+09:00 0 0 경기77바2089 3 43 234001609 234000089 13 
2020-11-26T00:13:32.990898+09:00 0 0 경기77바3409 3 35 234001609 234000063 40 
2020-11-26T00:13:32.990919+09:00 2 0 경기77바2447 3 45 234001609 123000009 57 
2020-11-26T00:14:31.585006+09:00 0 0 경기77바3409 3 35 234001609 234000063 40 
2020-11-26T00:14:31.585099+09:00 0 0 경기77바2089 3 45 234001609 234000342 14 
2020-11-26T00:14:31.585121+09:00 2 0 경기77바2447 3 45 234001609 123000007 58 
2020-11-26T00:15:30.008769+09:00 2 0 경기77바2447 3 45 234001609 123000005 59 
2020-11-26T00:15:30.008825+09:00 0 0 경기77바3409 3 35 234001609 277103681 41 
2020-11-26T00:15:30.008846+09:00 0 0 경기77바2089 3 45 234001609 234000341 15 
2020-11-26T00:16:28.532985+09:00 2 0 경기77바2447 3 45 234001609 123000005 59 
2020-11-26T00:16:28.533093+09:00 0 0 경기77바3409 3 35 234001609 205000078 42 
2020-11-26T00:16:28.533118+09:00 0 0 경기77바2089 3 44 234001609 234000340 16 
2020-11-26T00:17:26.506959+09:00 0 0 경기77바3409 3 35 234001609 205000074 43 
2020-11-26T00:17:26.507025+09:00 0 0 경기77바2089 3 44 234001609 234000339 17 
2020-11-26T00:17:26.507046+09:00 2 0 경기77바2447 3 45 234001609 123000005 59 
2020-11-26T00:18:25.541018+09:00 0 0 경기77바2089 3 44 234001609 234000339 17 
2020-11-26T00:18:25.541110+09:00 2 0 경기77바2447 3 45 234001609 123000003 60 
2020-11-26T00:18:25.541133+09:00 0 0 경기77바3409 3 35 234001609 205000074 43 
2020-11-26T00:19:23.955152+09:00 2 0 경기77바2447 3 45 234001609 123000611 62 
2020-11-26T00:19:23.955215+09:00 0 0 경기77바2089 3 44 234001609 234000337 19 
2020-11-26T00:19:23.955236+09:00 0 0 경기77바3409 3 35 234001609 205000074 43 
2020-11-26T00:20:22.129223+09:00 2 0 경기77바2447 3 45 234001609 123000611 62 
2020-11-26T00:20:22.129287+09:00 0 0 경기77바2089 3 44 234001609 234000336 20 
2020-11-26T00:20:22.129308+09:00 0 0 경기77바3409 3 35 234001609 205000069 44 
2020-11-26T00:21:20.033224+09:00 2 0 경기77바2447 3 45 234001609 123000611 62 
2020-11-26T00:21:20.033286+09:00 0 0 경기77바3409 3 35 234001609 205000069 44 
2020-11-26T00:21:20.033308+09:00 0 0 경기77바2089 3 44 234001609 234000336 20 
2020-11-26T00:22:18.747295+09:00 2 0 경기77바2447 3 45 234001609 123000611 62 
2020-11-26T00:22:18.747357+09:00 0 0 경기77바2089 3 44 234001609 234000336 20 
2020-11-26T00:22:18.747378+09:00 0 0 경기77바3409 3 35 234001609 205000069 44 
2020-11-26T00:23:17.741389+09:00 0 0 경기77바3409 3 36 234001609 204000087 45 
2020-11-26T00:23:17.741453+09:00 2 0 경기77바2447 3 43 234001609 123000004 65 
2020-11-26T00:23:17.741473+09:00 0 0 경기77바2089 3 43 234001609 234000335 21 
2020-11-26T00:24:16.605413+09:00 0 0 경기77바3409 3 37 234001609 204000087 45 
2020-11-26T00:24:16.605483+09:00 2 0 경기77바2447 3 42 234001609 123000006 66 
2020-11-26T00:24:16.605504+09:00 0 0 경기77바2089 3 41 234001609 234000334 22 
2020-11-26T00:25:15.609530+09:00 2 0 경기77바2447 3 42 234001609 123000006 66 
2020-11-26T00:25:15.609593+09:00 0 0 경기77바2089 3 40 234001609 234000333 23 
2020-11-26T00:25:15.609613+09:00 0 0 경기77바3409 3 37 234001609 204000019 46 
2020-11-26T00:26:14.443611+09:00 0 0 경기77바2089 3 40 234001609 234000332 24 
2020-11-26T00:26:14.443673+09:00 2 0 경기77바2447 3 42 234001609 123000008 67 
2020-11-26T00:26:14.443694+09:00 0 0 경기77바3409 3 37 234001609 204000022 47 
2020-11-26T00:27:13.657200+09:00 0 0 경기77바3409 3 37 234001609 204000021 48 
2020-11-26T00:27:13.657263+09:00 0 0 경기77바2089 3 40 234001609 234000643 25 
2020-11-26T00:27:13.657283+09:00 2 0 경기77바2447 3 42 234001609 123000010 68 
2020-11-26T00:28:11.380692+09:00 2 0 경기77바2447 3 42 234001609 123000010 68 
2020-11-26T00:28:11.380757+09:00 0 0 경기77바2089 3 40 234001609 234000643 25 
2020-11-26T00:28:11.380777+09:00 0 0 경기77바3409 3 37 234001609 204000020 49 
2020-11-26T00:29:10.384159+09:00 2 0 경기77바2447 3 42 234001609 123000010 68 
2020-11-26T00:29:10.384217+09:00 0 0 경기77바2089 3 40 234001609 234000269 26 
2020-11-26T00:29:10.384237+09:00 0 0 경기77바3409 3 37 234001609 204000115 51 
2020-11-26T00:30:09.337775+09:00 0 0 경기77바3409 3 37 234001609 123000329 53 
2020-11-26T00:30:09.337839+09:00 2 0 경기77바2447 3 42 234001609 123000012 69 
2020-11-26T00:30:09.337860+09:00 0 0 경기77바2089 3 40 234001609 234000267 28 
2020-11-26T00:31:08.141494+09:00 0 0 경기77바2089 3 40 234001609 234000271 30 
2020-11-26T00:31:08.141562+09:00 0 0 경기77바3409 3 38 234001609 123000329 53 
2020-11-26T00:31:08.141584+09:00 2 0 경기77바2447 3 42 234001609 123000016 71 
2020-11-26T00:32:07.035160+09:00 2 0 경기77바2447 3 42 234001609 123000016 71 
2020-11-26T00:32:07.035226+09:00 0 0 경기77바3409 3 38 234001609 123000015 54 
2020-11-26T00:32:07.035247+09:00 0 0 경기77바2089 3 38 234001609 234000270 31 
2020-11-26T00:33:05.668833+09:00 2 0 경기77바2447 3 42 234001609 123000016 71 
2020-11-26T00:33:05.668897+09:00 0 0 경기77바3409 3 39 234001609 123000015 54 
2020-11-26T00:33:05.668917+09:00 0 0 경기77바2089 3 38 234001609 234001077 32 
2020-11-26T00:34:04.112470+09:00 0 0 경기77바2089 3 38 234001609 234000330 33 
2020-11-26T00:34:04.112528+09:00 0 0 경기77바3409 3 39 234001609 123000011 56 
2020-11-26T00:34:04.112550+09:00 2 0 경기77바2447 3 42 234001609 123000016 71 
2020-11-26T00:35:02.566404+09:00 0 0 경기77바3409 3 40 234001609 123000011 56 
2020-11-26T00:35:02.566471+09:00 2 0 경기77바2447 3 42 234001609 123000016 71 
2020-11-26T00:35:02.566492+09:00 0 0 경기77바2089 3 37 234001609 234000436 34 
2020-11-26T00:36:01.030077+09:00 0 0 경기77바2089 3 37 234001609 234000436 34 
2020-11-26T00:36:01.030145+09:00 0 0 경기77바3409 3 40 234001609 123000011 56 
2020-11-26T00:36:01.030166+09:00 2 0 경기77바2447 3 42 234001609 204000112 73 
2020-11-26T00:36:59.433791+09:00 0 0 경기77바3409 3 40 234001609 123000011 56 
2020-11-26T00:36:59.433852+09:00 2 0 경기77바2447 3 42 234001609 204000112 73 
2020-11-26T00:36:59.433871+09:00 0 0 경기77바2089 3 37 234001609 234000435 36 
2020-11-26T00:37:58.087632+09:00 0 0 경기77바3409 3 40 234001609 123000009 57 
2020-11-26T00:37:58.087697+09:00 2 0 경기77바2447 3 42 234001609 204000112 73 
2020-11-26T00:37:58.087717+09:00 0 0 경기77바2089 3 37 234001609 234000434 37 
2020-11-26T00:38:56.481342+09:00 0 0 경기77바2089 3 37 234001609 234000064 38 
2020-11-26T00:38:56.481405+09:00 0 0 경기77바3409 3 42 234001609 123000009 57 
2020-11-26T00:38:56.481426+09:00 2 0 경기77바2447 3 42 234001609 204000110 75 
2020-11-26T00:39:54.825326+09:00 2 0 경기77바2447 3 42 234001609 204000110 75 
2020-11-26T00:39:54.825389+09:00 0 0 경기77바3409 3 42 234001609 123000007 58 
2020-11-26T00:39:54.825409+09:00 0 0 경기77바2089 3 37 234001609 234000063 40 
2020-11-26T00:40:52.859120+09:00 0 0 경기77바2089 3 36 234001609 234000063 40 
2020-11-26T00:40:52.859183+09:00 0 0 경기77바3409 3 43 234001609 123000005 59 
2020-11-26T00:40:52.859207+09:00 2 0 경기77바2447 3 42 234001609 204000110 75 
2020-11-26T00:41:51.212851+09:00 0 0 경기77바2089 3 36 234001609 234000063 40 
2020-11-26T00:41:51.212912+09:00 0 0 경기77바3409 3 43 234001609 123000005 59 
2020-11-26T00:41:51.212933+09:00 2 0 경기77바2447 3 42 234001609 204000023 76 
2020-11-26T00:42:49.286736+09:00 0 0 경기77바3409 3 43 234001609 123000005 59 
2020-11-26T00:42:49.286801+09:00 2 0 경기77바2447 3 42 234001609 204000023 76 
2020-11-26T00:42:49.286821+09:00 0 0 경기77바2089 3 36 234001609 205000078 42 
2020-11-26T00:43:47.570552+09:00 2 0 경기77바2447 3 42 234001609 204000023 76 
2020-11-26T00:43:47.570617+09:00 0 0 경기77바2089 3 36 234001609 205000078 42 
2020-11-26T00:43:47.570638+09:00 0 0 경기77바3409 3 45 234001609 123000003 60 
2020-11-26T00:44:45.764516+09:00 0 0 경기77바2089 3 36 234001609 205000074 43 
2020-11-26T00:44:45.764580+09:00 0 0 경기77바3409 3 45 234001609 123000611 62 
2020-11-26T00:44:45.764601+09:00 2 0 경기77바2447 3 42 234001609 204000011 77 
2020-11-26T00:45:43.978364+09:00 0 0 경기77바3409 3 45 234001609 123000611 62 
2020-11-26T00:45:43.978432+09:00 2 0 경기77바2447 3 42 234001609 204000088 78 
2020-11-26T00:45:43.978451+09:00 0 0 경기77바2089 3 36 234001609 205000074 43 
2020-11-26T00:46:41.882210+09:00 0 0 경기77바3409 3 45 234001609 123000611 62 
2020-11-26T00:46:41.882272+09:00 2 0 경기77바2447 3 41 234001609 204000088 78 
2020-11-26T00:46:41.882292+09:00 0 0 경기77바2089 3 37 234001609 205000074 43 
2020-11-26T00:47:40.766165+09:00 2 0 경기77바2447 3 39 234001609 205000207 79 
2020-11-26T00:47:40.766226+09:00 0 0 경기77바3409 3 43 234001609 123000611 62 
2020-11-26T00:47:40.766246+09:00 0 0 경기77바2089 3 39 234001609 205000069 44 
2020-11-26T00:48:39.750157+09:00 2 0 경기77바2447 3 39 234001609 205000207 79 
2020-11-26T00:48:39.750219+09:00 0 0 경기77바2089 3 39 234001609 205000069 44 
2020-11-26T00:48:39.750240+09:00 0 0 경기77바3409 3 43 234001609 123000004 65 
2020-11-26T00:49:38.644161+09:00 0 0 경기77바3409 3 43 234001609 123000006 66 
2020-11-26T00:49:38.644223+09:00 0 0 경기77바2089 3 39 234001609 205000069 44 
2020-11-26T00:49:38.644243+09:00 2 0 경기77바2447 3 39 234001609 205000207 79 
2020-11-26T00:50:37.527991+09:00 0 0 경기77바3409 3 42 234001609 123000006 66 
2020-11-26T00:50:37.528069+09:00 0 0 경기77바2089 3 40 234001609 204000087 45 
2020-11-26T00:50:37.528090+09:00 2 0 경기77바2447 3 39 234001609 205000207 79 
2020-11-26T00:51:36.331947+09:00 0 0 경기77바2089 3 40 234001609 204000087 45 
2020-11-26T00:51:36.332017+09:00 2 0 경기77바2447 3 39 234001609 205000207 79 
2020-11-26T00:51:36.332040+09:00 0 0 경기77바3409 3 42 234001609 123000008 67 
2020-11-26T00:52:34.945891+09:00 0 0 경기77바2089 3 40 234001609 204000087 45 
2020-11-26T00:52:34.945959+09:00 0 0 경기77바3409 3 42 234001609 123000008 67 
2020-11-26T00:52:34.945980+09:00 2 0 경기77바2447 3 39 234001609 205000073 80 
2020-11-26T00:53:33.659795+09:00 0 0 경기77바3409 3 42 234001609 123000010 68 
2020-11-26T00:53:33.659857+09:00 0 0 경기77바2089 3 41 234001609 204000022 47 
2020-11-26T00:53:33.659876+09:00 2 0 경기77바2447 3 39 234001609 205000073 80 
2020-11-26T00:54:32.263745+09:00 0 0 경기77바2089 3 41 234001609 204000021 48 
2020-11-26T00:54:32.263809+09:00 2 0 경기77바2447 3 39 234001609 205000267 82 
2020-11-26T00:54:32.263830+09:00 0 0 경기77바3409 3 42 234001609 123000010 68 
2020-11-26T00:55:30.897750+09:00 0 0 경기77바2089 3 41 234001609 204000021 48 
2020-11-26T00:55:30.897815+09:00 2 0 경기77바2447 3 39 234001609 205000267 82 
2020-11-26T00:55:30.897836+09:00 0 0 경기77바3409 3 42 234001609 123000012 69 
2020-11-26T00:56:29.231677+09:00 0 0 경기77바3409 3 42 234001609 123000012 69 
2020-11-26T00:56:29.231743+09:00 2 0 경기77바2447 3 39 234001609 234000066 83 
2020-11-26T00:56:29.231763+09:00 0 0 경기77바2089 3 41 234001609 204000115 51 
2020-11-26T00:57:27.475570+09:00 0 0 경기77바3409 3 42 234001609 123000012 69 
2020-11-26T00:57:27.475633+09:00 0 0 경기77바2089 3 41 234001609 204000115 51 
2020-11-26T00:57:27.475654+09:00 2 0 경기77바2447 3 39 234001609 234001168 84 
2020-11-26T00:58:26.089622+09:00 2 0 경기77바2447 3 39 234001609 234000065 85 
2020-11-26T00:58:26.089685+09:00 0 0 경기77바3409 3 41 234001609 123000012 69 
2020-11-26T00:58:26.089705+09:00 0 0 경기77바2089 3 41 234001609 204000114 52 
2020-11-26T00:59:24.083497+09:00 0 0 경기77바2089 3 39 234001609 123000329 53 
2020-11-26T00:59:24.083561+09:00 2 0 경기77바2447 3 39 234001609 234000439 86 
2020-11-26T00:59:24.083581+09:00 0 0 경기77바3409 3 41 234001609 123000016 71 
2020-11-26T01:00:23.077842+09:00 0 0 경기77바3409 3 41 234001609 123000016 71 
2020-11-26T01:00:23.077904+09:00 2 0 경기77바2447 3 39 234001609 234000439 86 
2020-11-26T01:00:23.077924+09:00 0 0 경기77바2089 3 39 234001609 123000015 54 
2020-11-26T01:01:22.151794+09:00 0 0 경기77바3409 3 41 234001609 123000016 71 
2020-11-26T01:01:22.151855+09:00 0 0 경기77바2089 3 40 234001609 123000013 55 
2020-11-26T01:01:22.151875+09:00 2 0 경기77바2447 3 38 234001609 234000437 88 
2020-11-26T01:02:20.076204+09:00 0 0 경기77바3409 3 41 234001609 123000016 71 
2020-11-26T01:02:20.076271+09:00 2 0 경기77바2447 3 39 234001609 234000372 89 
2020-11-26T01:02:20.076291+09:00 0 0 경기77바2089 3 40 234001609 123000011 56 
2020-11-26T01:03:18.730528+09:00 0 0 경기77바2089 3 41 234001609 123000011 56 
2020-11-26T01:03:18.730594+09:00 0 0 경기77바3409 3 41 234001609 123000016 71 
2020-11-26T01:03:18.730616+09:00 2 0 경기77바2447 3 39 234001609 234000372 89 
2020-11-26T01:04:17.374735+09:00 0 0 경기77바2089 3 41 234001609 123000011 56 
2020-11-26T01:04:17.374778+09:00 2 0 경기77바2447 3 39 234001609 234000372 89 
2020-11-26T01:04:17.374798+09:00 0 0 경기77바3409 3 41 234001609 204000112 73 
2020-11-26T01:05:16.109289+09:00 0 0 경기77바2089 3 41 234001609 123000011 56 
2020-11-26T01:05:16.109355+09:00 2 0 경기77바2447 3 40 234001609 234000372 89 
2020-11-26T01:05:16.109376+09:00 0 0 경기77바3409 3 41 234001609 204000112 73 
2020-11-26T01:06:15.013565+09:00 2 0 경기77바2447 3 40 234001609 234000372 89 
2020-11-26T01:06:15.013628+09:00 0 0 경기77바2089 3 42 234001609 123000009 57 
2020-11-26T01:06:15.013648+09:00 0 0 경기77바3409 3 41 234001609 204000110 75 
2020-11-26T01:07:13.667691+09:00 0 0 경기77바3409 3 41 234001609 204000110 75 
2020-11-26T01:07:13.667754+09:00 0 0 경기77바2089 3 45 234001609 123000009 57 
2020-11-26T01:07:13.667775+09:00 2 0 경기77바2447 3 40 234001609 234000372 89 
2020-11-26T01:08:12.041910+09:00 0 0 경기77바2089 3 45 234001609 123000009 57 
2020-11-26T01:08:12.041972+09:00 0 0 경기77바3409 3 39 234001609 204000110 75 
2020-11-26T01:08:12.041992+09:00 2 0 경기77바2447 3 42 234001609 234000269 90 
2020-11-26T01:09:10.646168+09:00 2 0 경기77바2447 3 42 234001609 234000268 91 
2020-11-26T01:09:10.646231+09:00 0 0 경기77바3409 3 38 234001609 204000023 76 
2020-11-26T01:09:10.646252+09:00 0 0 경기77바2089 3 45 234001609 123000005 59 
2020-11-26T01:10:09.050231+09:00 0 0 경기77바3409 3 38 234001609 204000023 76 
2020-11-26T01:10:09.050292+09:00 0 0 경기77바2089 3 45 234001609 123000003 60 
2020-11-26T01:10:09.050312+09:00 2 0 경기77바2447 3 43 234001609 234000251 93 
2020-11-26T01:11:07.474395+09:00 0 0 경기77바2089 3 45 234001609 123000003 60 
2020-11-26T01:11:07.474457+09:00 2 0 경기77바2447 3 43 234001609 234000271 94 
2020-11-26T01:11:07.474478+09:00 0 0 경기77바3409 3 38 234001609 204000011 77 
2020-11-26T01:12:05.698522+09:00 1 0 경기77바2089 3 45 234001609 123000611 62 
2020-11-26T01:12:05.698597+09:00 2 0 경기77바2447 3 41 234001609 234000270 95 
2020-11-26T01:12:05.698618+09:00 0 0 경기77바3409 3 39 234001609 204000088 78 
2020-11-26T01:13:03.742582+09:00 1 0 경기77바2089 3 45 234001609 123000611 62 
2020-11-26T01:13:03.742644+09:00 2 0 경기77바2447 3 41 234001609 234000270 95 
2020-11-26T01:13:03.742666+09:00 0 0 경기77바3409 3 39 234001609 204000088 78 
2020-11-26T01:14:01.866789+09:00 1 0 경기77바2089 3 44 234001609 277102843 63 
2020-11-26T01:14:01.866852+09:00 2 0 경기77바2447 3 41 234001609 234000371 96 
2020-11-26T01:14:01.866873+09:00 0 0 경기77바3409 3 39 234001609 205000207 79 
2020-11-26T01:14:59.610735+09:00 0 0 경기77바3409 3 39 234001609 205000207 79 
2020-11-26T01:14:59.610798+09:00 2 0 경기77바2447 3 40 234001609 234000370 97 
2020-11-26T01:14:59.610818+09:00 1 0 경기77바2089 3 44 234001609 123000004 65 
2020-11-26T01:15:58.614920+09:00 1 0 경기77바2089 3 44 234001609 123000004 65 
2020-11-26T01:15:58.614984+09:00 2 0 경기77바2447 3 40 234001609 234000369 98 
2020-11-26T01:15:58.615004+09:00 0 0 경기77바3409 3 27 234001609 205000207 79 
2020-11-26T01:16:57.218863+09:00 2 0 경기77바2447 3 41 234001609 234000368 99 
2020-11-26T01:16:57.218923+09:00 0 0 경기77바3409 3 27 234001609 205000207 79 
2020-11-26T01:16:57.218944+09:00 0 0 경기77바2089 3 44 234001609 123000004 65 
2020-11-26T01:17:55.673008+09:00 0 0 경기77바3409 3 27 234001609 205000207 79 
2020-11-26T01:17:55.673098+09:00 2 0 경기77바2447 3 40 234001609 234000366 100 
2020-11-26T01:17:55.673119+09:00 0 0 경기77바2089 3 44 234001609 123000008 67 
2020-11-26T01:18:54.317009+09:00 0 0 경기77바3409 3 27 234001609 205000207 79 
2020-11-26T01:18:54.317101+09:00 0 0 경기77바2089 3 44 234001609 123000010 68 
2020-11-26T01:18:54.317123+09:00 2 0 경기77바2447 3 40 234001609 234000366 100 
2020-11-26T01:19:52.961264+09:00 0 0 경기77바3409 3 27 234001609 205000073 80 
2020-11-26T01:19:52.961328+09:00 2 0 경기77바2447 3 41 234001609 234000365 101 
2020-11-26T01:19:52.961349+09:00 0 0 경기77바2089 3 42 234001609 123000010 68 
2020-11-26T01:20:51.465170+09:00 2 0 경기77바2447 3 42 234001609 234000365 101 
2020-11-26T01:20:51.465232+09:00 0 0 경기77바3409 3 27 234001609 205000267 82 
2020-11-26T01:20:51.465253+09:00 0 0 경기77바2089 3 42 234001609 123000014 70 
2020-11-26T01:21:49.939282+09:00 0 0 경기77바3409 3 27 234001609 205000267 82 
2020-11-26T01:21:49.939343+09:00 2 0 경기77바2447 3 42 234001609 234000364 102 
2020-11-26T01:21:49.939364+09:00 0 0 경기77바2089 3 40 234001609 123000016 71 
2020-11-26T01:22:48.383305+09:00 0 0 경기77바2089 3 40 234001609 123000016 71 
2020-11-26T01:22:48.383369+09:00 2 0 경기77바2447 3 42 234001609 234000363 103 
2020-11-26T01:22:48.383390+09:00 0 0 경기77바3409 3 27 234001609 234000066 83 
2020-11-26T01:23:46.807421+09:00 2 0 경기77바2447 3 42 234001609 234000363 103 
2020-11-26T01:23:46.807485+09:00 0 0 경기77바2089 3 38 234001609 123000016 71 
2020-11-26T01:23:46.807506+09:00 0 0 경기77바3409 3 27 234001609 234001168 84 
2020-11-26T01:24:45.241401+09:00 0 0 경기77바3409 3 28 234001609 234000065 85 
2020-11-26T01:24:45.241463+09:00 2 0 경기77바2447 3 44 234001609 234000361 105 
2020-11-26T01:24:45.241484+09:00 0 0 경기77바2089 3 38 234001609 123000016 71 
2020-11-26T01:25:43.625565+09:00 0 0 경기77바3409 3 27 234001609 234000065 85 
2020-11-26T01:25:43.625632+09:00 2 0 경기77바2447 3 44 234001609 234000360 106 
2020-11-26T01:25:43.625653+09:00 0 0 경기77바2089 3 38 234001609 204000113 72 
2020-11-26T01:26:42.019550+09:00 0 0 경기77바3409 3 27 234001609 234000439 86 
2020-11-26T01:26:42.019614+09:00 2 0 경기77바2447 3 44 234001609 234000359 107 
2020-11-26T01:26:42.019635+09:00 0 0 경기77바2089 3 37 234001609 204000112 73 
2020-11-26T01:27:40.533472+09:00 0 0 경기77바2089 3 37 234001609 204000112 73 
2020-11-26T01:27:40.533536+09:00 2 0 경기77바2447 3 44 234001609 234000358 108 
2020-11-26T01:27:40.533558+09:00 0 0 경기77바3409 3 29 234001609 234000437 88 
2020-11-26T01:28:38.818174+09:00 2 0 경기77바2447 3 44 234001609 234000358 108 
2020-11-26T01:28:38.818236+09:00 0 0 경기77바2089 3 37 234001609 204000111 74 
2020-11-26T01:28:38.818258+09:00 0 0 경기77바3409 3 29 234001609 234000372 89 
2020-11-26T01:29:37.111462+09:00 2 0 경기77바2447 3 44 234001609 234000357 110 
2020-11-26T01:29:37.111527+09:00 0 0 경기77바3409 3 30 234001609 234000372 89 
2020-11-26T01:29:37.111548+09:00 0 0 경기77바2089 3 38 234001609 204000023 76 
2020-11-26T01:30:35.345502+09:00 0 0 경기77바2089 3 38 234001609 204000023 76 
2020-11-26T01:30:35.345562+09:00 0 0 경기77바3409 3 30 234001609 234000372 89 
2020-11-26T01:30:35.345582+09:00 2 0 경기77바2447 3 45 234001609 234000356 111 
2020-11-26T01:31:33.579538+09:00 0 0 경기77바2089 3 38 234001609 204000023 76 
2020-11-26T01:31:33.579600+09:00 0 0 경기77바3409 3 30 234001609 234000372 89 
2020-11-26T01:31:33.579620+09:00 2 0 경기77바2447 3 45 234001609 234000355 112 
2020-11-26T01:32:31.853557+09:00 0 0 경기77바3409 3 30 234001609 234000372 89 
2020-11-26T01:32:31.853619+09:00 2 0 경기77바2447 3 45 234001609 234000355 112 
2020-11-26T01:32:31.853640+09:00 0 0 경기77바2089 3 37 234001609 204000011 77 
2020-11-26T01:33:29.927415+09:00 0 0 경기77바2089 3 37 234001609 204000088 78 
2020-11-26T01:33:29.927469+09:00 2 0 경기77바2447 3 45 234001609 234001061 113 
2020-11-26T01:33:29.927488+09:00 0 0 경기77바3409 3 31 234001609 234000269 90 
2020-11-26T01:34:37.222019+09:00 2 0 경기77바2447 3 45 234001609 234001061 113 
2020-11-26T01:34:37.222092+09:00 0 0 경기77바2089 3 37 234001609 205000207 79 
2020-11-26T01:34:37.222112+09:00 0 0 경기77바3409 3 31 234001609 234000268 91 
2020-11-26T01:35:26.105415+09:00 0 0 경기77바3409 3 31 234001609 234000267 92 
2020-11-26T01:35:26.105479+09:00 2 0 경기77바2447 3 45 234001609 234000354 114 
2020-11-26T01:35:26.105499+09:00 0 0 경기77바2089 3 36 234001609 205000207 79 
2020-11-26T01:36:24.949171+09:00 0 0 경기77바2089 3 36 234001609 205000207 79 
2020-11-26T01:36:24.949233+09:00 2 0 경기77바2447 3 45 234001609 234000353 115 
2020-11-26T01:36:24.949253+09:00 0 0 경기77바3409 3 34 234001609 234000251 93 
2020-11-26T01:37:23.713132+09:00 0 0 경기77바2089 3 36 234001609 205000207 79 
2020-11-26T01:37:23.713192+09:00 2 0 경기77바2447 3 45 234001609 234000352 116 
2020-11-26T01:37:23.713212+09:00 0 0 경기77바3409 3 34 234001609 234000271 94 
2020-11-26T01:38:22.457056+09:00 0 0 경기77바2089 3 36 234001609 205000207 79 
2020-11-26T01:38:22.457121+09:00 0 0 경기77바3409 3 34 234001609 234000270 95 
2020-11-26T01:38:22.457142+09:00 2 0 경기77바2447 3 45 234001609 234000351 117 
2020-11-26T01:39:21.120964+09:00 0 0 경기77바3409 3 34 234001609 234000270 95 
2020-11-26T01:39:21.121021+09:00 2 0 경기77바2447 3 45 234001609 234000350 118 
2020-11-26T01:39:21.121070+09:00 0 0 경기77바2089 3 36 234001609 205000073 80 
2020-11-26T01:40:19.904821+09:00 0 0 경기77바2089 3 36 234001609 205000073 80 
2020-11-26T01:40:19.904885+09:00 0 0 경기77바3409 3 33 234001609 234000371 96 
2020-11-26T01:40:19.904906+09:00 2 0 경기77바2447 3 45 234001609 234000350 118 
2020-11-26T01:41:18.538799+09:00 2 0 경기77바2447 3 45 234001609 234000350 118 
2020-11-26T01:41:18.538861+09:00 0 0 경기77바2089 3 36 234001609 205000079 81 
2020-11-26T01:41:18.538882+09:00 0 0 경기77바3409 3 34 234001609 234000370 97 
2020-11-26T01:42:17.032655+09:00 0 0 경기77바3409 3 35 234001609 234000370 97 
2020-11-26T01:42:17.032717+09:00 0 0 경기77바2089 3 36 234001609 205000267 82 
2020-11-26T01:43:15.516588+09:00 0 0 경기77바3409 3 35 234001609 234000369 98 
2020-11-26T01:43:15.516651+09:00 0 0 경기77바2089 3 36 234001609 205000267 82 
2020-11-26T01:44:14.050596+09:00 0 0 경기77바3409 3 35 234001609 234000366 100 
2020-11-26T01:44:14.050659+09:00 0 0 경기77바2089 3 36 234001609 234001168 84 
2020-11-26T01:45:12.484444+09:00 0 0 경기77바3409 3 37 234001609 234000366 100 
2020-11-26T01:45:12.484508+09:00 0 0 경기77바2089 3 36 234001609 234000065 85 
2020-11-26T01:46:10.848383+09:00 0 0 경기77바2089 3 36 234001609 234000065 85 
2020-11-26T01:46:10.848446+09:00 0 0 경기77바3409 3 37 234001609 234000365 101 
2020-11-26T01:47:09.162313+09:00 0 0 경기77바2089 3 36 234001609 234000439 86 
2020-11-26T01:47:09.162378+09:00 0 0 경기77바3409 3 37 234001609 234000363 103 
2020-11-26T01:48:07.526308+09:00 0 0 경기77바3409 3 37 234001609 234000363 103 
2020-11-26T01:48:07.526372+09:00 0 0 경기77바2089 3 36 234001609 234000438 87 
2020-11-26T01:49:05.780282+09:00 0 0 경기77바2089 3 36 234001609 234000437 88 
2020-11-26T01:49:05.780363+09:00 0 0 경기77바3409 3 38 234001609 234000362 104 
2020-11-26T01:50:03.974164+09:00 0 0 경기77바2089 3 36 234001609 234000372 89 
2020-11-26T01:50:03.974226+09:00 0 0 경기77바3409 3 39 234001609 234000361 105 
2020-11-26T01:51:02.248053+09:00 0 0 경기77바3409 3 39 234001609 234000360 106 
2020-11-26T01:51:02.248114+09:00 0 0 경기77바2089 3 36 234001609 234000372 89 
2020-11-26T01:52:09.652524+09:00 0 0 경기77바2089 3 36 234001609 234000372 89 
2020-11-26T01:52:09.652590+09:00 0 0 경기77바3409 3 39 234001609 234000358 108 
2020-11-26T01:52:58.765971+09:00 0 0 경기77바3409 3 39 234001609 234000358 108 
2020-11-26T01:52:58.766033+09:00 0 0 경기77바2089 3 36 234001609 234000372 89 
2020-11-26T01:53:56.909877+09:00 0 0 경기77바2089 3 37 234001609 234000269 90 
2020-11-26T01:53:56.909938+09:00 0 0 경기77바3409 3 39 234001609 234001005 109 
2020-11-26T01:54:55.193875+09:00 0 0 경기77바3409 3 41 234001609 234000357 110 
2020-11-26T01:54:55.193936+09:00 0 0 경기77바2089 3 39 234001609 234000267 92 
2020-11-26T01:55:53.297806+09:00 0 0 경기77바3409 3 43 234001609 234000356 111 
2020-11-26T01:55:53.297874+09:00 0 0 경기77바2089 3 39 234001609 234000251 93 
2020-11-26T01:56:51.411743+09:00 0 0 경기77바2089 3 39 234001609 234000271 94 
2020-11-26T01:56:51.411804+09:00 0 0 경기77바3409 3 44 234001609 234000355 112 
2020-11-26T01:57:49.455663+09:00 0 0 경기77바3409 3 44 234001609 234001061 113 
2020-11-26T01:57:49.455732+09:00 0 0 경기77바2089 3 39 234001609 234000270 95 
2020-11-26T01:58:48.489803+09:00 0 0 경기77바2089 3 39 234001609 234000270 95 
2020-11-26T01:58:48.489866+09:00 0 0 경기77바3409 3 44 234001609 234000353 115 
2020-11-26T01:59:47.483644+09:00 0 0 경기77바3409 3 44 234001609 234000352 116 
2020-11-26T01:59:47.483706+09:00 0 0 경기77바2089 3 40 234001609 234000370 97 
2020-11-26T02:00:46.517694+09:00 0 0 경기77바3409 3 44 234001609 234000350 118 
2020-11-26T02:00:46.517755+09:00 0 0 경기77바2089 3 41 234001609 234000369 98 
2020-11-26T02:01:45.511713+09:00 0 0 경기77바2089 3 41 234001609 234000369 98 
2020-11-26T02:01:45.511776+09:00 0 0 경기77바3409 3 45 234001609 234000350 118 
2020-11-26T02:02:44.445755+09:00 0 0 경기77바2089 3 42 234001609 234000368 99 
2020-11-26T02:03:43.439629+09:00 0 0 경기77바2089 3 42 234001609 234000366 100 
2020-11-26T02:04:42.323819+09:00 0 0 경기77바2089 3 42 234001609 234000365 101 
2020-11-26T02:05:41.137694+09:00 0 0 경기77바2089 3 43 234001609 234000363 103 
2020-11-26T02:06:39.861682+09:00 0 0 경기77바2089 3 43 234001609 234000363 103 
2020-11-26T02:07:38.555713+09:00 0 0 경기77바2089 3 44 234001609 234000361 105 
2020-11-26T02:08:37.179741+09:00 0 0 경기77바2089 3 44 234001609 234000360 106 
2020-11-26T02:09:35.824500+09:00 0 0 경기77바2089 3 44 234001609 234000358 108 
2020-11-26T02:10:34.379498+09:00 0 0 경기77바2089 3 44 234001609 234000358 108 
2020-11-26T02:11:34.744465+09:00 0 0 경기77바2089 3 44 234001609 234001005 109 
2020-11-26T02:12:31.329142+09:00 0 0 경기77바2089 3 45 234001609 234000357 110 
2020-11-26T02:13:29.993721+09:00 0 0 경기77바2089 3 45 234001609 234000355 112 
2020-11-26T02:14:28.668454+09:00 0 0 경기77바2089 3 45 234001609 234000355 112 
2020-11-26T02:15:27.493089+09:00 0 0 경기77바2089 3 45 234001609 234001061 113 
2020-11-26T02:16:26.187557+09:00 0 0 경기77바2089 3 45 234001609 234000354 114 
2020-11-26T02:17:24.862035+09:00 0 0 경기77바2089 3 45 234001609 234000352 116 
2020-11-26T02:18:23.456559+09:00 0 0 경기77바2089 3 45 234001609 234000351 117 
2020-11-26T02:19:22.030938+09:00 0 0 경기77바2089 3 45 234001609 234000350 118 
2020-11-26T02:20:20.565246+09:00 0 0 경기77바2089 3 45 234001609 234000350 118 
2020-11-26T02:21:19.139652+09:00 0 0 경기77바2089 3 45 234001609 234000350 118 
