213000019 2020-12-05T00:00:20.746150+09:00
2020-12-05T13:27:18 0 0 경기72사1182 3 38 213000019 164000396 35 
2020-12-05T13:27:18 0 0 경기72사1253 3 32 213000019 208000037 53 
2020-12-05T13:27:18 0 0 경기72사1173 3 34 213000019 277103193 11 
2020-12-05T13:28:18 0 0 경기72사1182 3 38 213000019 164000390 36 
2020-12-05T13:28:18 0 0 경기72사1173 3 34 213000019 277103193 11 
2020-12-05T13:28:18 0 0 경기72사1253 3 32 213000019 208000037 53 
2020-12-05T13:29:18 0 0 경기72사1182 3 37 213000019 164000491 37 
2020-12-05T13:29:18 0 0 경기72사1253 3 34 213000019 213000303 54 
2020-12-05T13:29:18 0 0 경기72사1173 3 34 213000019 277102918 12 
2020-12-05T13:29:40 0 0 경기72사1182 3 37 213000019 164000491 37 
2020-12-05T13:29:40 0 0 경기72사1253 3 34 213000019 213000303 54 
2020-12-05T13:29:40 0 0 경기72사1173 3 34 213000019 277102918 12 
2020-12-05T13:30:39 0 0 경기72사1182 3 37 213000019 164000491 37 
2020-12-05T13:30:39 0 0 경기72사1173 3 34 213000019 277102918 12 
2020-12-05T13:30:39 0 0 경기72사1253 3 34 213000019 213000303 54 
2020-12-05T13:31:39 0 0 경기72사1182 3 37 213000019 164000425 38 
2020-12-05T13:31:39 0 0 경기72사1253 3 34 213000019 213000303 54 
2020-12-05T13:31:39 0 0 경기72사1173 3 34 213000019 277103197 13 
2020-12-05T13:32:38 0 0 경기72사1182 3 37 213000019 164000425 38 
2020-12-05T13:32:38 0 0 경기72사1173 3 34 213000019 277103197 13 
2020-12-05T13:32:38 0 0 경기72사1253 3 34 213000019 213000366 55 
2020-12-05T13:33:37 0 0 경기72사1182 3 37 213000019 164000425 38 
2020-12-05T13:33:37 0 0 경기72사1173 3 34 213000019 277103197 13 
2020-12-05T13:33:37 0 0 경기72사1253 3 34 213000019 213000366 55 
2020-12-05T13:34:37 0 0 경기72사1182 3 35 213000019 164000411 39 
2020-12-05T13:34:37 0 0 경기72사1173 3 34 213000019 277102920 14 
2020-12-05T13:34:37 0 0 경기72사1253 3 34 213000019 213000366 55 
2020-12-05T13:35:36 0 0 경기72사1182 3 35 213000019 164000411 39 
2020-12-05T13:35:36 0 0 경기72사1173 3 34 213000019 277102920 14 
2020-12-05T13:35:36 0 0 경기72사1253 3 35 213000019 213000200 56 
2020-12-05T13:36:36 0 0 경기72사1182 3 35 213000019 164000411 39 
2020-12-05T13:36:36 0 0 경기72사1173 3 34 213000019 277102920 14 
2020-12-05T13:36:36 0 0 경기72사1253 3 35 213000019 213000200 56 
2020-12-05T13:37:35 0 0 경기72사1182 3 33 213000019 164000409 40 
2020-12-05T13:37:35 0 0 경기72사1173 3 34 213000019 277102920 14 
2020-12-05T13:37:35 0 0 경기72사1253 3 35 213000019 213000106 57 
2020-12-05T13:38:35 0 0 경기72사1182 3 33 213000019 164000409 40 
2020-12-05T13:38:35 0 0 경기72사1253 3 35 213000019 213000106 57 
2020-12-05T13:38:35 0 0 경기72사1173 3 34 213000019 277103045 15 
2020-12-05T13:39:35 0 0 경기72사1182 3 33 213000019 164000409 40 
2020-12-05T13:39:35 0 0 경기72사1173 3 34 213000019 277103045 15 
2020-12-05T13:39:35 0 0 경기72사1253 3 35 213000019 213000106 57 
2020-12-05T13:40:34 0 0 경기72사1182 3 33 213000019 164000409 40 
2020-12-05T13:40:34 0 0 경기72사1173 3 34 213000019 277103045 15 
2020-12-05T13:40:34 0 0 경기72사1253 3 35 213000019 213000106 57 
2020-12-05T13:41:34 0 0 경기72사1182 3 32 213000019 164000340 41 
2020-12-05T13:41:34 0 0 경기72사1173 3 34 213000019 277103045 15 
2020-12-05T13:41:34 0 0 경기72사1253 3 35 213000019 213000106 57 
2020-12-05T13:42:34 0 0 경기72사1182 3 32 213000019 164000340 41 
2020-12-05T13:42:34 0 0 경기72사1253 3 35 213000019 213000106 57 
2020-12-05T13:42:34 0 0 경기72사1181 3 39 213000019 213000231 1 
2020-12-05T13:42:34 0 0 경기72사1173 3 35 213000019 277103045 15 
2020-12-05T13:43:33 0 0 경기72사1182 3 31 213000019 164000260 42 
2020-12-05T13:43:33 0 0 경기72사1181 3 39 213000019 213000231 1 
2020-12-05T13:43:33 0 0 경기72사1173 3 36 213000019 164000296 16 
2020-12-05T13:44:33 0 0 경기72사1182 3 31 213000019 164000280 43 
2020-12-05T13:44:33 0 0 경기72사1181 3 39 213000019 277101976 2 
2020-12-05T13:44:33 0 0 경기72사1173 3 36 213000019 164000314 18 
2020-12-05T13:45:33 0 0 경기72사1182 3 29 213000019 164000280 43 
2020-12-05T13:45:33 0 0 경기72사1181 3 39 213000019 277101976 2 
2020-12-05T13:45:33 0 0 경기72사1173 3 36 213000019 164000314 18 
2020-12-05T13:46:32 0 0 경기72사1182 3 29 213000019 164000287 44 
2020-12-05T13:46:32 0 0 경기72사1173 3 36 213000019 164000314 18 
2020-12-05T13:46:32 0 0 경기72사1181 3 39 213000019 277102480 3 
2020-12-05T13:47:32 0 0 경기72사1182 3 27 213000019 164000287 44 
2020-12-05T13:47:32 0 0 경기72사1173 3 36 213000019 164000314 18 
2020-12-05T13:47:32 0 0 경기72사1181 3 39 213000019 213000228 4 
2020-12-05T13:48:32 0 0 경기72사1182 3 27 213000019 164000287 44 
2020-12-05T13:48:32 0 0 경기72사1181 3 39 213000019 213000228 4 
2020-12-05T13:48:32 0 0 경기72사1173 3 36 213000019 164000261 19 
2020-12-05T13:49:31 0 0 경기72사1182 3 27 213000019 164000295 45 
2020-12-05T13:49:31 0 0 경기72사1181 3 39 213000019 213000137 5 
2020-12-05T13:49:31 0 0 경기72사1173 3 38 213000019 164000204 20 
2020-12-05T13:50:31 0 0 경기72사1182 3 26 213000019 164000295 45 
2020-12-05T13:50:31 0 0 경기72사1173 3 38 213000019 164000204 20 
2020-12-05T13:50:31 0 0 경기72사1181 3 37 213000019 213000137 5 
2020-12-05T13:51:31 0 0 경기72사1182 3 26 213000019 164000295 45 
2020-12-05T13:51:31 0 0 경기72사1173 3 38 213000019 164000204 20 
2020-12-05T13:51:31 0 0 경기72사1181 3 37 213000019 213000367 6 
2020-12-05T13:52:31 0 0 경기72사1182 3 26 213000019 164000295 45 
2020-12-05T13:52:31 0 0 경기72사1173 3 38 213000019 164000204 20 
2020-12-05T13:52:31 0 0 경기72사1181 3 37 213000019 213000367 6 
2020-12-05T13:53:30 0 0 경기72사1182 3 26 213000019 164000295 45 
2020-12-05T13:53:30 0 0 경기72사1181 3 37 213000019 213000367 6 
2020-12-05T13:53:30 0 0 경기72사1173 3 38 213000019 164000410 21 
2020-12-05T13:54:29 0 0 경기72사1182 3 26 213000019 277103046 46 
2020-12-05T13:54:29 0 0 경기72사1181 3 37 213000019 213000300 7 
2020-12-05T13:54:29 0 0 경기72사1173 3 38 213000019 164000393 22 
2020-12-05T13:55:28 0 0 경기72사1182 3 26 213000019 277103046 46 
2020-12-05T13:55:28 0 0 경기72사1181 3 36 213000019 213000300 7 
2020-12-05T13:55:28 0 0 경기72사1173 3 38 213000019 164000426 23 
2020-12-05T13:56:28 0 0 경기72사1182 3 26 213000019 277103046 46 
2020-12-05T13:56:28 0 0 경기72사1173 3 38 213000019 164000426 23 
2020-12-05T13:56:28 0 0 경기72사1181 3 36 213000019 213000300 7 
2020-12-05T13:57:28 0 0 경기72사1182 3 26 213000019 277102921 47 
2020-12-05T13:57:28 0 0 경기72사1181 3 36 213000019 213000300 7 
2020-12-05T13:57:28 0 0 경기72사1173 3 38 213000019 164000490 24 
2020-12-05T13:58:28 0 0 경기72사1182 3 26 213000019 277102921 47 
2020-12-05T13:58:28 0 0 경기72사1173 3 38 213000019 164000395 26 
2020-12-05T13:58:28 0 0 경기72사1181 3 37 213000019 117000310 8 
2020-12-05T13:59:27 0 0 경기72사1182 3 26 213000019 277103196 48 
2020-12-05T13:59:27 0 0 경기72사1181 3 37 213000019 117000310 8 
2020-12-05T13:59:27 0 0 경기72사1173 3 38 213000019 164000442 27 
2020-12-05T14:00:26 0 0 경기72사1182 3 26 213000019 277103196 48 
2020-12-05T14:00:26 0 0 경기72사1181 3 27 213000019 117000310 8 
2020-12-05T14:00:26 0 0 경기72사1173 3 38 213000019 164000386 28 
2020-12-05T14:01:26 0 0 경기72사1182 3 26 213000019 277103196 48 
2020-12-05T14:01:26 0 0 경기72사1181 3 27 213000019 277102753 9 
2020-12-05T14:01:26 0 0 경기72사1173 3 38 213000019 164000376 30 
2020-12-05T14:02:26 0 0 경기72사1182 3 26 213000019 277102919 49 
2020-12-05T14:02:26 0 0 경기72사1173 3 38 213000019 164000376 30 
2020-12-05T14:02:26 0 0 경기72사1181 3 27 213000019 277102917 10 
2020-12-05T14:03:25 0 0 경기72사1182 3 26 213000019 277103192 50 
2020-12-05T14:03:25 0 0 경기72사1173 3 38 213000019 164000376 30 
2020-12-05T14:03:25 0 0 경기72사1181 3 27 213000019 277102917 10 
2020-12-05T14:04:25 0 0 경기72사1182 3 26 213000019 277103192 50 
2020-12-05T14:04:25 0 0 경기72사1173 3 38 213000019 164000376 30 
2020-12-05T14:04:25 0 0 경기72사1181 3 27 213000019 277102917 10 
2020-12-05T14:05:25 0 0 경기72사1182 3 26 213000019 277103192 50 
2020-12-05T14:05:25 0 0 경기72사1173 3 38 213000019 164000376 30 
2020-12-05T14:05:25 0 0 경기72사1181 3 27 213000019 277102917 10 
2020-12-05T14:06:25 0 0 경기72사1182 3 26 213000019 277103192 50 
2020-12-05T14:06:25 0 0 경기72사1173 3 38 213000019 164000376 30 
2020-12-05T14:06:25 0 0 경기72사1181 3 27 213000019 277102917 10 
2020-12-05T14:07:24 0 0 경기72사1182 3 26 213000019 277102916 51 
2020-12-05T14:07:24 0 0 경기72사1173 3 38 213000019 164000376 30 
2020-12-05T14:07:24 0 0 경기72사1181 3 27 213000019 277102917 10 
2020-12-05T14:08:24 0 0 경기72사1182 3 26 213000019 277102916 51 
2020-12-05T14:08:24 0 0 경기72사1173 3 38 213000019 164000376 30 
2020-12-05T14:08:24 0 0 경기72사1181 3 27 213000019 277103193 11 
2020-12-05T14:09:24 0 0 경기72사1182 3 28 213000019 208000037 53 
2020-12-05T14:09:24 0 0 경기72사1173 3 38 213000019 164000376 30 
2020-12-05T14:09:24 0 0 경기72사1181 3 27 213000019 277103193 11 
2020-12-05T14:10:24 0 0 경기72사1182 3 32 213000019 208000037 53 
2020-12-05T14:10:24 0 0 경기72사1173 3 38 213000019 164000376 30 
2020-12-05T14:10:24 0 0 경기72사1181 3 27 213000019 277102918 12 
2020-12-05T14:11:23 0 0 경기72사1182 3 32 213000019 208000037 53 
2020-12-05T14:11:23 0 0 경기72사1181 3 27 213000019 277102918 12 
2020-12-05T14:11:23 0 0 경기72사1173 3 39 213000019 164000378 32 
2020-12-05T14:12:22 0 0 경기72사1182 3 32 213000019 208000037 53 
2020-12-05T14:12:22 0 0 경기72사1181 3 27 213000019 277103197 13 
2020-12-05T14:12:22 0 0 경기72사1173 3 39 213000019 164000441 34 
2020-12-05T14:13:22 0 0 경기72사1182 3 32 213000019 208000037 53 
2020-12-05T14:13:22 0 0 경기72사1181 3 27 213000019 277103197 13 
2020-12-05T14:13:22 0 0 경기72사1173 3 39 213000019 164000441 34 
2020-12-05T14:14:22 0 0 경기72사1182 3 32 213000019 208000037 53 
2020-12-05T14:14:22 0 0 경기72사1181 3 27 213000019 277103197 13 
2020-12-05T14:14:22 0 0 경기72사1173 3 37 213000019 164000396 35 
2020-12-05T14:15:21 0 0 경기72사1182 3 32 213000019 208000037 53 
2020-12-05T14:15:21 0 0 경기72사1173 3 37 213000019 164000396 35 
2020-12-05T14:15:21 0 0 경기72사1181 3 27 213000019 277102920 14 
2020-12-05T14:16:21 0 0 경기72사1182 3 32 213000019 213000303 54 
2020-12-05T14:16:21 0 0 경기72사1181 3 27 213000019 277102920 14 
2020-12-05T14:16:21 0 0 경기72사1173 3 32 213000019 164000390 36 
2020-12-05T14:17:21 0 0 경기72사1182 3 33 213000019 213000303 54 
2020-12-05T14:17:21 0 0 경기72사1173 3 32 213000019 164000390 36 
2020-12-05T14:17:21 0 0 경기72사1181 3 27 213000019 277103045 15 
2020-12-05T14:18:21 0 0 경기72사1182 3 33 213000019 213000303 54 
2020-12-05T14:18:21 0 0 경기72사1173 3 32 213000019 164000491 37 
2020-12-05T14:18:21 0 0 경기72사1181 3 27 213000019 277103045 15 
2020-12-05T14:19:21 0 0 경기72사1182 3 33 213000019 213000366 55 
2020-12-05T14:19:21 0 0 경기72사1181 3 27 213000019 277103045 15 
2020-12-05T14:19:21 0 0 경기72사1173 3 29 213000019 164000425 38 
2020-12-05T14:20:20 0 0 경기72사1182 3 33 213000019 213000366 55 
2020-12-05T14:20:20 0 0 경기72사1181 3 27 213000019 277103045 15 
2020-12-05T14:20:20 0 0 경기72사1173 3 22 213000019 164000425 38 
2020-12-05T14:21:20 0 0 경기72사1182 3 33 213000019 213000366 55 
2020-12-05T14:21:20 0 0 경기72사1181 3 27 213000019 277103045 15 
2020-12-05T14:21:20 0 0 경기72사1173 3 22 213000019 164000425 38 
2020-12-05T14:22:19 0 0 경기72사1182 3 33 213000019 213000366 55 
2020-12-05T14:22:19 0 0 경기72사1181 3 27 213000019 277103045 15 
2020-12-05T14:22:19 0 0 경기72사1173 3 21 213000019 164000411 39 
2020-12-05T14:22:19 0 0 경기72사1253 3 39 213000019 213000231 1 
2020-12-05T14:23:18 0 0 경기72사1182 3 34 213000019 213000200 56 
2020-12-05T14:23:18 0 0 경기72사1181 3 27 213000019 277103045 15 
2020-12-05T14:23:18 0 0 경기72사1253 3 39 213000019 213000231 1 
2020-12-05T14:23:18 0 0 경기72사1173 3 16 213000019 164000409 40 
2020-12-05T14:24:18 0 0 경기72사1182 3 34 213000019 213000200 56 
2020-12-05T14:24:18 0 0 경기72사1253 3 39 213000019 213000231 1 
2020-12-05T14:24:18 0 0 경기72사1173 3 16 213000019 164000409 40 
2020-12-05T14:24:18 0 0 경기72사1181 3 28 213000019 164000296 16 
2020-12-05T14:25:18 0 0 경기72사1182 3 34 213000019 213000106 57 
2020-12-05T14:25:18 0 0 경기72사1173 3 16 213000019 164000409 40 
2020-12-05T14:25:18 0 0 경기72사1253 3 39 213000019 277101976 2 
2020-12-05T14:25:18 0 0 경기72사1181 3 28 213000019 164000296 16 
2020-12-05T14:26:18 0 0 경기72사1182 3 34 213000019 213000106 57 
2020-12-05T14:26:18 0 0 경기72사1173 3 16 213000019 164000409 40 
2020-12-05T14:26:18 0 0 경기72사1181 3 28 213000019 164000289 17 
2020-12-05T14:26:18 0 0 경기72사1253 3 39 213000019 277101976 2 
2020-12-05T14:27:17 0 0 경기72사1182 3 34 213000019 213000106 57 
2020-12-05T14:27:17 0 0 경기72사1173 3 16 213000019 164000409 40 
2020-12-05T14:27:17 0 0 경기72사1181 3 29 213000019 164000314 18 
2020-12-05T14:27:17 0 0 경기72사1253 3 39 213000019 277102480 3 
2020-12-05T14:28:16 0 0 경기72사1182 3 34 213000019 213000106 57 
2020-12-05T14:28:16 0 0 경기72사1181 3 29 213000019 164000314 18 
2020-12-05T14:28:16 0 0 경기72사1253 3 39 213000019 213000228 4 
2020-12-05T14:28:16 0 0 경기72사1173 3 16 213000019 164000340 41 
2020-12-05T14:29:15 0 0 경기72사1182 3 34 213000019 213000106 57 
2020-12-05T14:29:15 0 0 경기72사1181 3 29 213000019 164000314 18 
2020-12-05T14:29:15 0 0 경기72사1253 3 39 213000019 213000228 4 
2020-12-05T14:29:15 0 0 경기72사1173 3 15 213000019 164000260 42 
2020-12-05T14:30:15 0 0 경기72사1182 3 34 213000019 213000106 57 
2020-12-05T14:30:15 0 0 경기72사1253 3 39 213000019 213000137 5 
2020-12-05T14:30:15 0 0 경기72사1181 3 29 213000019 164000261 19 
2020-12-05T14:30:15 0 0 경기72사1173 3 12 213000019 164000260 42 
2020-12-05T14:31:14 0 0 경기72사1181 3 29 213000019 164000261 19 
2020-12-05T14:31:14 0 0 경기72사1173 3 12 213000019 164000260 42 
2020-12-05T14:31:14 0 0 경기72사1253 3 39 213000019 213000137 5 
2020-12-05T14:32:14 0 0 경기72사1181 3 29 213000019 164000261 19 
2020-12-05T14:32:14 0 0 경기72사1253 3 39 213000019 213000137 5 
2020-12-05T14:32:14 0 0 경기72사1173 3 14 213000019 164000280 43 
2020-12-05T14:33:13 0 0 경기72사1181 3 29 213000019 164000204 20 
2020-12-05T14:33:13 0 0 경기72사1253 3 39 213000019 213000367 6 
2020-12-05T14:33:13 0 0 경기72사1173 3 15 213000019 164000287 44 
2020-12-05T14:34:12 0 0 경기72사1181 3 29 213000019 164000204 20 
2020-12-05T14:34:12 0 0 경기72사1173 3 14 213000019 164000287 44 
2020-12-05T14:34:12 0 0 경기72사1253 3 39 213000019 213000300 7 
2020-12-05T14:35:11 0 0 경기72사1181 3 29 213000019 164000204 20 
2020-12-05T14:35:11 0 0 경기72사1253 3 39 213000019 213000300 7 
2020-12-05T14:35:11 0 0 경기72사1173 3 13 213000019 164000295 45 
2020-12-05T14:36:11 0 0 경기72사1173 3 13 213000019 164000295 45 
2020-12-05T14:36:11 0 0 경기72사1181 3 29 213000019 164000204 20 
2020-12-05T14:36:11 0 0 경기72사1253 3 39 213000019 213000300 7 
2020-12-05T14:37:11 0 0 경기72사1181 3 30 213000019 164000410 21 
2020-12-05T14:37:11 0 0 경기72사1173 3 13 213000019 164000295 45 
2020-12-05T14:37:11 0 0 경기72사1253 3 39 213000019 117000310 8 
2020-12-05T14:38:10 0 0 경기72사1173 3 13 213000019 164000295 45 
2020-12-05T14:38:10 0 0 경기72사1181 3 31 213000019 164000410 21 
2020-12-05T14:38:10 0 0 경기72사1253 3 31 213000019 117000310 8 
2020-12-05T14:39:10 0 0 경기72사1253 3 31 213000019 117000310 8 
2020-12-05T14:39:10 0 0 경기72사1173 3 13 213000019 164000295 45 
2020-12-05T14:39:10 0 0 경기72사1181 3 31 213000019 164000393 22 
2020-12-05T14:40:09 0 0 경기72사1181 3 32 213000019 164000426 23 
2020-12-05T14:40:09 0 0 경기72사1253 3 31 213000019 277102753 9 
2020-12-05T14:40:09 0 0 경기72사1173 3 13 213000019 277103046 46 
2020-12-05T14:41:08 0 0 경기72사1181 3 32 213000019 164000426 23 
2020-12-05T14:41:08 0 0 경기72사1173 3 13 213000019 277103046 46 
2020-12-05T14:41:08 0 0 경기72사1253 3 31 213000019 277102753 9 
2020-12-05T14:42:08 0 0 경기72사1253 3 31 213000019 277102917 10 
2020-12-05T14:42:08 0 0 경기72사1173 3 13 213000019 277102921 47 
2020-12-05T14:42:08 0 0 경기72사1181 3 32 213000019 164000426 23 
2020-12-05T14:43:07 0 0 경기72사1253 3 31 213000019 277102917 10 
2020-12-05T14:43:07 0 0 경기72사1173 3 13 213000019 277102921 47 
2020-12-05T14:43:07 0 0 경기72사1181 3 32 213000019 164000394 25 
2020-12-05T14:44:07 0 0 경기72사1181 3 32 213000019 164000394 25 
2020-12-05T14:44:07 0 0 경기72사1253 3 31 213000019 277102917 10 
2020-12-05T14:44:07 0 0 경기72사1173 3 13 213000019 277102921 47 
2020-12-05T14:45:06 0 0 경기72사1253 3 31 213000019 277102917 10 
2020-12-05T14:45:06 0 0 경기72사1173 3 13 213000019 277103196 48 
2020-12-05T14:45:06 0 0 경기72사1181 3 33 213000019 164000394 25 
2020-12-05T14:46:06 0 0 경기72사1253 3 31 213000019 277102917 10 
2020-12-05T14:46:06 0 0 경기72사1173 3 13 213000019 277103196 48 
2020-12-05T14:46:06 0 0 경기72사1181 3 33 213000019 164000395 26 
2020-12-05T14:47:06 0 0 경기72사1253 3 31 213000019 277102917 10 
2020-12-05T14:47:06 0 0 경기72사1173 3 13 213000019 277102919 49 
2020-12-05T14:47:06 0 0 경기72사1181 3 34 213000019 164000442 27 
2020-12-05T14:48:06 0 0 경기72사1173 3 13 213000019 277102919 49 
2020-12-05T14:48:06 0 0 경기72사1253 3 31 213000019 277102917 10 
2020-12-05T14:48:06 0 0 경기72사1181 3 34 213000019 164000442 27 
2020-12-05T14:49:06 0 0 경기72사1253 3 31 213000019 277102917 10 
2020-12-05T14:49:06 0 0 경기72사1181 3 34 213000019 164000386 28 
2020-12-05T14:49:06 0 0 경기72사1173 3 13 213000019 277103192 50 
2020-12-05T14:50:05 0 0 경기72사1173 3 13 213000019 277103192 50 
2020-12-05T14:50:05 0 0 경기72사1181 3 34 213000019 164000376 30 
2020-12-05T14:50:05 0 0 경기72사1253 3 31 213000019 277102917 10 
2020-12-05T14:51:04 0 0 경기72사1253 3 31 213000019 277103193 11 
2020-12-05T14:51:04 0 0 경기72사1173 3 13 213000019 277103192 50 
2020-12-05T14:51:04 0 0 경기72사1181 3 38 213000019 164000378 32 
2020-12-05T14:52:03 0 0 경기72사1253 3 31 213000019 277103193 11 
2020-12-05T14:52:03 0 0 경기72사1181 3 38 213000019 164000378 32 
2020-12-05T14:52:03 0 0 경기72사1173 3 13 213000019 277103192 50 
2020-12-05T14:53:02 0 0 경기72사1253 3 31 213000019 277102918 12 
2020-12-05T14:53:02 0 0 경기72사1181 3 38 213000019 164000378 32 
2020-12-05T14:53:02 0 0 경기72사1173 3 13 213000019 277102916 51 
2020-12-05T14:54:01 0 0 경기72사1253 3 31 213000019 277102918 12 
2020-12-05T14:54:01 0 0 경기72사1181 3 38 213000019 164000385 33 
2020-12-05T14:54:01 0 0 경기72사1173 3 13 213000019 277102916 51 
2020-12-05T14:55:00 0 0 경기72사1181 3 38 213000019 164000441 34 
2020-12-05T14:55:00 0 0 경기72사1173 3 16 213000019 277101798 52 
2020-12-05T14:55:00 0 0 경기72사1253 3 31 213000019 277102918 12 
2020-12-05T14:56:00 0 0 경기72사1253 3 31 213000019 277103197 13 
2020-12-05T14:56:00 0 0 경기72사1173 3 16 213000019 208000037 53 
2020-12-05T14:56:00 0 0 경기72사1181 3 38 213000019 164000396 35 
2020-12-05T14:57:00 0 0 경기72사1253 3 31 213000019 277103197 13 
2020-12-05T14:57:00 0 0 경기72사1181 3 38 213000019 164000396 35 
2020-12-05T14:57:00 0 0 경기72사1173 3 24 213000019 208000037 53 
2020-12-05T14:58:00 0 0 경기72사1181 3 36 213000019 164000390 36 
2020-12-05T14:58:00 0 0 경기72사1253 3 31 213000019 277102920 14 
2020-12-05T14:58:00 0 0 경기72사1173 3 24 213000019 208000037 53 
2020-12-05T14:58:59 0 0 경기72사1253 3 31 213000019 277102920 14 
2020-12-05T14:58:59 0 0 경기72사1173 3 24 213000019 208000037 53 
2020-12-05T14:58:59 0 0 경기72사1181 3 35 213000019 164000390 36 
2020-12-05T14:59:58 0 0 경기72사1173 3 24 213000019 208000037 53 
2020-12-05T14:59:58 0 0 경기72사1253 3 31 213000019 277102920 14 
2020-12-05T14:59:58 0 0 경기72사1181 3 35 213000019 164000491 37 
2020-12-05T15:00:58 0 0 경기72사1173 3 24 213000019 208000037 53 
2020-12-05T15:00:58 0 0 경기72사1253 3 31 213000019 277103045 15 
2020-12-05T15:00:58 0 0 경기72사1181 3 35 213000019 164000425 38 
2020-12-05T15:01:58 0 0 경기72사1181 3 32 213000019 164000425 38 
2020-12-05T15:01:58 0 0 경기72사1253 3 31 213000019 277103045 15 
2020-12-05T15:01:58 0 0 경기72사1173 3 24 213000019 213000303 54 
2020-12-05T15:02:57 0 0 경기72사1181 3 32 213000019 164000425 38 
2020-12-05T15:02:57 0 0 경기72사1253 3 31 213000019 277103045 15 
2020-12-05T15:02:57 0 0 경기72사1173 3 24 213000019 213000366 55 
2020-12-05T15:03:57 0 0 경기72사1253 3 31 213000019 277103045 15 
2020-12-05T15:03:57 0 0 경기72사1173 3 24 213000019 213000366 55 
2020-12-05T15:03:57 0 0 경기72사1181 3 32 213000019 164000425 38 
2020-12-05T15:04:57 0 0 경기72사1253 3 31 213000019 277103045 15 
2020-12-05T15:04:57 0 0 경기72사1173 3 24 213000019 213000366 55 
2020-12-05T15:04:57 0 0 경기72사1181 3 32 213000019 164000425 38 
2020-12-05T15:05:57 0 0 경기72사1173 3 26 213000019 213000200 56 
2020-12-05T15:05:57 0 0 경기72사1181 3 32 213000019 164000411 39 
2020-12-05T15:05:57 0 0 경기72사1253 3 32 213000019 277103045 15 
2020-12-05T15:06:57 0 0 경기72사1182 3 35 213000019 213000231 1 
2020-12-05T15:06:57 0 0 경기72사1253 3 33 213000019 164000296 16 
2020-12-05T15:06:57 0 0 경기72사1173 3 26 213000019 213000200 56 
2020-12-05T15:06:57 0 0 경기72사1181 3 32 213000019 164000411 39 
2020-12-05T15:07:57 0 0 경기72사1182 3 35 213000019 213000231 1 
2020-12-05T15:07:57 0 0 경기72사1173 3 26 213000019 213000106 57 
2020-12-05T15:07:57 0 0 경기72사1181 3 32 213000019 164000409 40 
2020-12-05T15:07:57 0 0 경기72사1253 3 35 213000019 164000289 17 
2020-12-05T15:08:56 0 0 경기72사1182 3 35 213000019 213000231 1 
2020-12-05T15:08:56 0 0 경기72사1173 3 26 213000019 213000106 57 
2020-12-05T15:08:56 0 0 경기72사1181 3 32 213000019 164000409 40 
2020-12-05T15:08:56 0 0 경기72사1253 3 35 213000019 164000314 18 
2020-12-05T15:09:55 0 0 경기72사1182 3 35 213000019 277101976 2 
2020-12-05T15:09:55 0 0 경기72사1181 3 32 213000019 164000409 40 
2020-12-05T15:09:55 0 0 경기72사1253 3 35 213000019 164000314 18 
2020-12-05T15:09:55 0 0 경기72사1173 3 26 213000019 213000106 57 
2020-12-05T15:10:55 0 0 경기72사1182 3 35 213000019 277101976 2 
2020-12-05T15:10:55 0 0 경기72사1181 3 32 213000019 164000409 40 
2020-12-05T15:10:55 0 0 경기72사1253 3 35 213000019 164000314 18 
2020-12-05T15:10:55 0 0 경기72사1173 3 26 213000019 213000106 57 
2020-12-05T15:11:55 0 0 경기72사1182 3 35 213000019 277101976 2 
2020-12-05T15:11:55 0 0 경기72사1181 3 32 213000019 164000409 40 
2020-12-05T15:11:55 0 0 경기72사1253 3 35 213000019 164000261 19 
2020-12-05T15:11:55 0 0 경기72사1173 3 26 213000019 213000106 57 
2020-12-05T15:12:54 0 0 경기72사1182 3 35 213000019 213000228 4 
2020-12-05T15:12:54 0 0 경기72사1173 3 26 213000019 213000106 57 
2020-12-05T15:12:54 0 0 경기72사1181 3 32 213000019 164000340 41 
2020-12-05T15:12:54 0 0 경기72사1253 3 33 213000019 164000261 19 
2020-12-05T15:13:54 0 0 경기72사1182 3 35 213000019 213000228 4 
2020-12-05T15:13:54 0 0 경기72사1253 3 33 213000019 164000261 19 
2020-12-05T15:13:54 0 0 경기72사1181 3 31 213000019 164000260 42 
2020-12-05T15:14:54 0 0 경기72사1182 3 35 213000019 213000137 5 
2020-12-05T15:14:54 0 0 경기72사1253 3 33 213000019 164000261 19 
2020-12-05T15:14:54 0 0 경기72사1181 3 31 213000019 164000260 42 
2020-12-05T15:15:54 0 0 경기72사1182 3 35 213000019 213000137 5 
2020-12-05T15:15:54 0 0 경기72사1253 3 33 213000019 164000261 19 
2020-12-05T15:15:54 0 0 경기72사1181 3 31 213000019 164000260 42 
2020-12-05T15:16:54 0 0 경기72사1182 3 35 213000019 213000137 5 
2020-12-05T15:16:54 0 0 경기72사1253 3 34 213000019 164000261 19 
2020-12-05T15:16:54 0 0 경기72사1181 3 31 213000019 164000280 43 
2020-12-05T15:17:54 0 0 경기72사1182 3 35 213000019 213000137 5 
2020-12-05T15:17:54 0 0 경기72사1181 3 26 213000019 164000280 43 
2020-12-05T15:17:54 0 0 경기72사1253 3 34 213000019 164000204 20 
2020-12-05T15:18:53 0 0 경기72사1182 3 35 213000019 213000367 6 
2020-12-05T15:18:53 0 0 경기72사1253 3 34 213000019 164000204 20 
2020-12-05T15:18:53 0 0 경기72사1181 3 23 213000019 164000287 44 
2020-12-05T15:19:53 0 0 경기72사1182 3 35 213000019 213000300 7 
2020-12-05T15:19:53 0 0 경기72사1253 3 34 213000019 164000204 20 
2020-12-05T15:19:53 0 0 경기72사1181 3 23 213000019 164000295 45 
2020-12-05T15:20:53 0 0 경기72사1182 3 35 213000019 213000300 7 
2020-12-05T15:20:53 0 0 경기72사1181 3 21 213000019 164000295 45 
2020-12-05T15:20:53 0 0 경기72사1253 3 34 213000019 164000204 20 
2020-12-05T15:21:53 0 0 경기72사1182 3 35 213000019 213000300 7 
2020-12-05T15:21:53 0 0 경기72사1253 3 36 213000019 164000410 21 
2020-12-05T15:21:53 0 0 경기72사1181 3 21 213000019 164000295 45 
2020-12-05T15:22:53 0 0 경기72사1182 3 35 213000019 117000310 8 
2020-12-05T15:22:53 0 0 경기72사1253 3 36 213000019 164000410 21 
2020-12-05T15:22:53 0 0 경기72사1181 3 21 213000019 164000295 45 
2020-12-05T15:23:52 0 0 경기72사1182 3 30 213000019 117000310 8 
2020-12-05T15:23:52 0 0 경기72사1181 3 21 213000019 164000295 45 
2020-12-05T15:23:52 0 0 경기72사1253 3 36 213000019 164000410 21 
2020-12-05T15:24:52 0 0 경기72사1182 3 30 213000019 117000310 8 
2020-12-05T15:24:52 0 0 경기72사1253 3 37 213000019 164000393 22 
2020-12-05T15:24:52 0 0 경기72사1181 3 21 213000019 277103046 46 
2020-12-05T15:25:51 0 0 경기72사1182 3 30 213000019 277102753 9 
2020-12-05T15:25:51 0 0 경기72사1253 3 37 213000019 164000393 22 
2020-12-05T15:25:51 0 0 경기72사1181 3 21 213000019 277103046 46 
2020-12-05T15:26:50 0 0 경기72사1182 3 30 213000019 277102917 10 
2020-12-05T15:26:50 0 0 경기72사1181 3 21 213000019 277103046 46 
2020-12-05T15:26:50 0 0 경기72사1253 3 37 213000019 164000393 22 
2020-12-05T15:27:50 0 0 경기72사1182 3 30 213000019 277102917 10 
2020-12-05T15:27:50 0 0 경기72사1181 3 21 213000019 277102921 47 
2020-12-05T15:27:50 0 0 경기72사1253 3 39 213000019 164000490 24 
2020-12-05T15:28:49 0 0 경기72사1182 3 30 213000019 277102917 10 
2020-12-05T15:28:49 0 0 경기72사1181 3 21 213000019 277102921 47 
2020-12-05T15:28:49 0 0 경기72사1253 3 39 213000019 164000490 24 
2020-12-05T15:29:49 0 0 경기72사1182 3 30 213000019 277102917 10 
2020-12-05T15:29:49 0 0 경기72사1253 3 39 213000019 164000490 24 
2020-12-05T15:29:49 0 0 경기72사1181 3 21 213000019 277103196 48 
2020-12-05T15:30:48 0 0 경기72사1182 3 30 213000019 277103193 11 
2020-12-05T15:30:48 0 0 경기72사1181 3 21 213000019 277103196 48 
2020-12-05T15:30:48 0 0 경기72사1253 3 39 213000019 164000395 26 
2020-12-05T15:31:48 0 0 경기72사1182 3 30 213000019 277103193 11 
2020-12-05T15:31:48 0 0 경기72사1181 3 21 213000019 277103196 48 
2020-12-05T15:31:48 0 0 경기72사1253 3 39 213000019 164000442 27 
2020-12-05T15:32:48 0 0 경기72사1182 3 30 213000019 277102918 12 
2020-12-05T15:32:48 0 0 경기72사1253 3 39 213000019 164000442 27 
2020-12-05T15:32:48 0 0 경기72사1181 3 21 213000019 277102919 49 
2020-12-05T15:33:47 0 0 경기72사1182 3 30 213000019 277102918 12 
2020-12-05T15:33:47 0 0 경기72사1181 3 21 213000019 277102919 49 
2020-12-05T15:33:47 0 0 경기72사1253 3 39 213000019 164000375 29 
2020-12-05T15:34:47 0 0 경기72사1182 3 30 213000019 277102918 12 
2020-12-05T15:34:47 0 0 경기72사1253 3 39 213000019 164000376 30 
2020-12-05T15:34:47 0 0 경기72사1181 3 21 213000019 277102919 49 
2020-12-05T15:35:47 0 0 경기72사1182 3 30 213000019 277103197 13 
2020-12-05T15:35:47 0 0 경기72사1253 3 39 213000019 164000376 30 
2020-12-05T15:35:47 0 0 경기72사1181 3 21 213000019 277103192 50 
2020-12-05T15:36:46 0 0 경기72사1182 3 30 213000019 277103197 13 
2020-12-05T15:36:46 0 0 경기72사1253 3 39 213000019 164000376 30 
2020-12-05T15:36:46 0 0 경기72사1181 3 21 213000019 277103192 50 
2020-12-05T15:37:47 0 0 경기72사1182 3 30 213000019 277103197 13 
2020-12-05T15:37:47 0 0 경기72사1181 3 21 213000019 277103192 50 
2020-12-05T15:37:47 0 0 경기72사1253 3 39 213000019 164000385 33 
2020-12-05T15:38:46 0 0 경기72사1182 3 30 213000019 277102920 14 
2020-12-05T15:38:46 0 0 경기72사1253 3 38 213000019 164000441 34 
2020-12-05T15:38:46 0 0 경기72사1181 3 21 213000019 277102916 51 
2020-12-05T15:39:45 0 0 경기72사1182 3 30 213000019 277102920 14 
2020-12-05T15:39:45 0 0 경기72사1253 3 38 213000019 164000441 34 
2020-12-05T15:39:45 0 0 경기72사1181 3 21 213000019 277102916 51 
2020-12-05T15:40:45 0 0 경기72사1182 3 30 213000019 277102920 14 
2020-12-05T15:40:45 0 0 경기72사1181 3 21 213000019 277102916 51 
2020-12-05T15:40:45 0 0 경기72사1253 3 37 213000019 164000396 35 
2020-12-05T15:41:45 0 0 경기72사1182 3 30 213000019 277103045 15 
2020-12-05T15:41:45 0 0 경기72사1181 3 21 213000019 277102916 51 
2020-12-05T15:41:45 0 0 경기72사1253 3 36 213000019 164000390 36 
2020-12-05T15:42:44 0 0 경기72사1182 3 30 213000019 277103045 15 
2020-12-05T15:42:44 0 0 경기72사1253 3 36 213000019 164000390 36 
2020-12-05T15:42:44 0 0 경기72사1181 3 22 213000019 277101798 52 
2020-12-05T15:43:43 0 0 경기72사1182 3 30 213000019 277103045 15 
2020-12-05T15:43:43 0 0 경기72사1253 3 36 213000019 164000425 38 
2020-12-05T15:43:43 0 0 경기72사1181 3 36 213000019 208000037 53 
2020-12-05T15:44:43 0 0 경기72사1182 3 30 213000019 277103045 15 
2020-12-05T15:44:43 0 0 경기72사1253 3 36 213000019 164000425 38 
2020-12-05T15:44:43 0 0 경기72사1181 3 36 213000019 208000037 53 
2020-12-05T15:45:42 0 0 경기72사1182 3 30 213000019 277103045 15 
2020-12-05T15:45:42 0 0 경기72사1181 3 36 213000019 208000037 53 
2020-12-05T15:45:42 0 0 경기72사1253 3 35 213000019 164000425 38 
2020-12-05T15:46:42 0 0 경기72사1182 3 30 213000019 277103045 15 
2020-12-05T15:46:42 0 0 경기72사1181 3 36 213000019 208000037 53 
2020-12-05T15:46:42 0 0 경기72사1253 3 35 213000019 164000411 39 
2020-12-05T15:47:42 0 0 경기72사1182 3 30 213000019 277103045 15 
2020-12-05T15:47:42 0 0 경기72사1181 3 36 213000019 208000037 53 
2020-12-05T15:47:42 0 0 경기72사1253 3 35 213000019 164000411 39 
2020-12-05T15:48:41 0 0 경기72사1182 3 31 213000019 164000296 16 
2020-12-05T15:48:41 0 0 경기72사1181 3 36 213000019 208000037 53 
2020-12-05T15:48:41 0 0 경기72사1253 3 35 213000019 164000409 40 
2020-12-05T15:49:41 0 0 경기72사1182 3 31 213000019 164000289 17 
2020-12-05T15:49:41 0 0 경기72사1253 3 27 213000019 164000409 40 
2020-12-05T15:49:41 0 0 경기72사1181 3 36 213000019 213000303 54 
2020-12-05T15:50:41 0 0 경기72사1182 3 31 213000019 164000314 18 
2020-12-05T15:50:41 0 0 경기72사1253 3 27 213000019 164000409 40 
2020-12-05T15:50:41 0 0 경기72사1181 3 36 213000019 213000366 55 
2020-12-05T15:51:41 0 0 경기72사1182 3 31 213000019 164000314 18 
2020-12-05T15:51:41 0 0 경기72사1253 3 27 213000019 164000409 40 
2020-12-05T15:51:41 0 0 경기72사1181 3 36 213000019 213000366 55 
2020-12-05T15:52:40 0 0 경기72사1182 3 30 213000019 164000314 18 
2020-12-05T15:52:40 0 0 경기72사1181 3 36 213000019 213000366 55 
2020-12-05T15:52:40 0 0 경기72사1253 3 27 213000019 164000409 40 
2020-12-05T15:53:40 0 0 경기72사1182 3 30 213000019 164000314 18 
2020-12-05T15:53:40 0 0 경기72사1181 3 36 213000019 213000200 56 
2020-12-05T15:53:40 0 0 경기72사1253 3 27 213000019 164000340 41 
2020-12-05T15:54:40 0 0 경기72사1182 3 30 213000019 164000261 19 
2020-12-05T15:54:40 0 0 경기72사1253 3 28 213000019 164000260 42 
2020-12-05T15:54:40 0 0 경기72사1181 3 36 213000019 213000200 56 
2020-12-05T15:55:40 0 0 경기72사1182 3 31 213000019 164000204 20 
2020-12-05T15:55:40 0 0 경기72사1253 3 28 213000019 164000260 42 
2020-12-05T15:55:40 0 0 경기72사1181 3 36 213000019 213000106 57 
2020-12-05T15:55:40 0 0 경기72사1173 3 30 213000019 213000231 1 
2020-12-05T15:56:39 0 0 경기72사1182 3 31 213000019 164000204 20 
2020-12-05T15:56:39 0 0 경기72사1253 3 31 213000019 164000280 43 
2020-12-05T15:56:39 0 0 경기72사1181 3 36 213000019 213000106 57 
2020-12-05T15:56:39 0 0 경기72사1173 3 30 213000019 213000231 1 
2020-12-05T15:57:39 0 0 경기72사1182 3 31 213000019 164000204 20 
2020-12-05T15:57:39 0 0 경기72사1181 3 36 213000019 213000106 57 
2020-12-05T15:57:39 0 0 경기72사1173 3 30 213000019 213000231 1 
2020-12-05T15:57:39 0 0 경기72사1253 3 31 213000019 164000287 44 
2020-12-05T15:58:39 0 0 경기72사1182 3 31 213000019 164000204 20 
2020-12-05T15:58:39 0 0 경기72사1173 3 30 213000019 277101976 2 
2020-12-05T15:58:39 0 0 경기72사1253 3 29 213000019 164000295 45 
2020-12-05T15:59:38 0 0 경기72사1182 3 31 213000019 164000204 20 
2020-12-05T15:59:38 0 0 경기72사1253 3 27 213000019 164000295 45 
2020-12-05T15:59:38 0 0 경기72사1173 3 30 213000019 277101976 2 
2020-12-05T16:00:38 0 0 경기72사1182 3 33 213000019 164000410 21 
2020-12-05T16:00:38 0 0 경기72사1253 3 27 213000019 164000295 45 
2020-12-05T16:00:38 0 0 경기72사1173 3 30 213000019 277102480 3 
2020-12-05T16:01:38 0 0 경기72사1182 3 33 213000019 164000393 22 
2020-12-05T16:01:38 0 0 경기72사1173 3 30 213000019 277102480 3 
2020-12-05T16:01:38 0 0 경기72사1253 3 27 213000019 164000295 45 
2020-12-05T16:02:37 0 0 경기72사1182 3 33 213000019 164000393 22 
2020-12-05T16:02:37 0 0 경기72사1253 3 27 213000019 164000295 45 
2020-12-05T16:02:37 0 0 경기72사1173 3 31 213000019 213000228 4 
2020-12-05T16:03:37 0 0 경기72사1182 3 35 213000019 164000426 23 
2020-12-05T16:03:37 0 0 경기72사1253 3 27 213000019 164000295 45 
2020-12-05T16:03:37 0 0 경기72사1173 3 30 213000019 213000137 5 
2020-12-05T16:04:37 0 0 경기72사1182 3 38 213000019 164000490 24 
2020-12-05T16:04:37 0 0 경기72사1173 3 30 213000019 213000137 5 
2020-12-05T16:04:37 0 0 경기72사1253 3 27 213000019 277103046 46 
2020-12-05T16:05:36 0 0 경기72사1182 3 38 213000019 164000490 24 
2020-12-05T16:05:36 0 0 경기72사1173 3 30 213000019 213000137 5 
2020-12-05T16:05:36 0 0 경기72사1253 3 27 213000019 277103046 46 
2020-12-05T16:06:35 0 0 경기72사1182 3 38 213000019 164000394 25 
2020-12-05T16:06:35 0 0 경기72사1253 3 27 213000019 277103046 46 
2020-12-05T16:06:35 0 0 경기72사1173 3 30 213000019 213000137 5 
2020-12-05T16:07:35 0 0 경기72사1182 3 38 213000019 164000442 27 
2020-12-05T16:07:35 0 0 경기72사1253 3 27 213000019 277102921 47 
2020-12-05T16:07:35 0 0 경기72사1173 3 30 213000019 213000300 7 
2020-12-05T16:08:35 0 0 경기72사1182 3 38 213000019 164000386 28 
2020-12-05T16:08:35 0 0 경기72사1253 3 27 213000019 277102921 47 
2020-12-05T16:08:35 0 0 경기72사1173 3 28 213000019 213000300 7 
2020-12-05T16:09:35 0 0 경기72사1182 3 39 213000019 164000376 30 
2020-12-05T16:09:35 0 0 경기72사1173 3 28 213000019 213000300 7 
2020-12-05T16:09:35 0 0 경기72사1253 3 27 213000019 277102921 47 
2020-12-05T16:10:35 0 0 경기72사1182 3 39 213000019 164000376 30 
2020-12-05T16:10:35 0 0 경기72사1173 3 28 213000019 213000300 7 
2020-12-05T16:10:35 0 0 경기72사1253 3 27 213000019 277103196 48 
2020-12-05T16:11:35 0 0 경기72사1182 3 39 213000019 164000376 30 
2020-12-05T16:11:35 0 0 경기72사1253 3 27 213000019 277103196 48 
2020-12-05T16:11:35 0 0 경기72사1173 3 28 213000019 213000300 7 
2020-12-05T16:12:34 0 0 경기72사1182 3 39 213000019 164000376 30 
2020-12-05T16:12:34 0 0 경기72사1173 3 28 213000019 213000300 7 
2020-12-05T16:12:34 0 0 경기72사1253 3 27 213000019 277102919 49 
2020-12-05T16:13:34 0 0 경기72사1182 3 39 213000019 164000376 30 
2020-12-05T16:13:34 0 0 경기72사1253 3 27 213000019 277102919 49 
2020-12-05T16:13:34 0 0 경기72사1173 3 28 213000019 117000310 8 
2020-12-05T16:14:34 0 0 경기72사1182 3 39 213000019 164000376 30 
2020-12-05T16:14:34 0 0 경기72사1253 3 27 213000019 277102919 49 
2020-12-05T16:14:34 0 0 경기72사1173 3 21 213000019 117000310 8 
2020-12-05T16:15:34 0 0 경기72사1182 3 39 213000019 164000376 30 
2020-12-05T16:15:34 0 0 경기72사1173 3 21 213000019 117000310 8 
2020-12-05T16:15:34 0 0 경기72사1253 3 27 213000019 277103192 50 
2020-12-05T16:16:33 0 0 경기72사1182 3 39 213000019 164000376 30 
2020-12-05T16:16:33 0 0 경기72사1253 3 27 213000019 277103192 50 
2020-12-05T16:16:33 0 0 경기72사1173 3 21 213000019 277102753 9 
2020-12-05T16:17:33 0 0 경기72사1182 3 39 213000019 164000376 30 
2020-12-05T16:17:33 0 0 경기72사1173 3 21 213000019 277102753 9 
2020-12-05T16:17:33 0 0 경기72사1253 3 27 213000019 277103192 50 
2020-12-05T16:18:33 0 0 경기72사1182 3 39 213000019 164000376 30 
2020-12-05T16:18:33 0 0 경기72사1173 3 21 213000019 277102917 10 
2020-12-05T16:18:33 0 0 경기72사1253 3 27 213000019 277103192 50 
2020-12-05T16:19:32 0 0 경기72사1182 3 39 213000019 164000376 30 
2020-12-05T16:19:32 0 0 경기72사1173 3 21 213000019 277102917 10 
2020-12-05T16:19:32 0 0 경기72사1253 3 27 213000019 277102916 51 
2020-12-05T16:20:32 0 0 경기72사1182 3 39 213000019 164000376 30 
2020-12-05T16:20:32 0 0 경기72사1173 3 21 213000019 277102917 10 
2020-12-05T16:20:32 0 0 경기72사1253 3 27 213000019 277102916 51 
2020-12-05T16:21:32 0 0 경기72사1182 3 39 213000019 164000378 32 
2020-12-05T16:21:32 0 0 경기72사1173 3 21 213000019 277102917 10 
2020-12-05T16:21:32 0 0 경기72사1253 3 27 213000019 277102916 51 
2020-12-05T16:22:31 0 0 경기72사1182 3 39 213000019 164000385 33 
2020-12-05T16:22:31 0 0 경기72사1173 3 21 213000019 277102917 10 
2020-12-05T16:22:31 0 0 경기72사1253 3 27 213000019 208000037 53 
2020-12-05T16:23:29 0 0 경기72사1182 3 38 213000019 164000441 34 
2020-12-05T16:23:29 0 0 경기72사1173 3 21 213000019 277102917 10 
2020-12-05T16:23:29 0 0 경기72사1253 3 31 213000019 208000037 53 
2020-12-05T16:24:29 0 0 경기72사1182 3 38 213000019 164000441 34 
2020-12-05T16:24:29 0 0 경기72사1253 3 31 213000019 208000037 53 
2020-12-05T16:24:29 0 0 경기72사1173 3 21 213000019 277102917 10 
2020-12-05T16:25:29 0 0 경기72사1182 3 37 213000019 164000396 35 
2020-12-05T16:25:29 0 0 경기72사1253 3 31 213000019 208000037 53 
2020-12-05T16:25:29 0 0 경기72사1173 3 21 213000019 277102917 10 
2020-12-05T16:26:29 0 0 경기72사1182 3 35 213000019 164000390 36 
2020-12-05T16:26:29 0 0 경기72사1253 3 31 213000019 208000037 53 
2020-12-05T16:26:29 0 0 경기72사1173 3 21 213000019 277102917 10 
2020-12-05T16:27:29 0 0 경기72사1182 3 35 213000019 164000491 37 
2020-12-05T16:27:29 0 0 경기72사1253 3 31 213000019 208000037 53 
2020-12-05T16:27:29 0 0 경기72사1173 3 21 213000019 277103193 11 
2020-12-05T16:28:29 0 0 경기72사1182 3 35 213000019 164000491 37 
2020-12-05T16:28:29 0 0 경기72사1253 3 31 213000019 208000037 53 
2020-12-05T16:28:29 0 0 경기72사1173 3 21 213000019 277103193 11 
2020-12-05T16:29:29 0 0 경기72사1182 3 32 213000019 164000425 38 
2020-12-05T16:29:29 0 0 경기72사1253 3 31 213000019 208000037 53 
2020-12-05T16:29:29 0 0 경기72사1173 3 21 213000019 277102918 12 
2020-12-05T16:30:28 0 0 경기72사1182 3 25 213000019 164000411 39 
2020-12-05T16:30:28 0 0 경기72사1253 3 31 213000019 208000037 53 
2020-12-05T16:30:28 0 0 경기72사1173 3 21 213000019 277102918 12 
2020-12-05T16:31:28 0 0 경기72사1182 3 25 213000019 164000411 39 
2020-12-05T16:31:28 0 0 경기72사1253 3 31 213000019 213000303 54 
2020-12-05T16:31:28 0 0 경기72사1173 3 21 213000019 277103197 13 
2020-12-05T16:32:28 0 0 경기72사1182 3 25 213000019 164000409 40 
2020-12-05T16:32:28 0 0 경기72사1173 3 21 213000019 277103197 13 
2020-12-05T16:32:28 0 0 경기72사1253 3 31 213000019 213000366 55 
2020-12-05T16:33:28 0 0 경기72사1182 3 18 213000019 164000409 40 
2020-12-05T16:33:28 0 0 경기72사1173 3 21 213000019 277103197 13 
2020-12-05T16:33:28 0 0 경기72사1253 3 31 213000019 213000366 55 
2020-12-05T16:34:27 0 0 경기72사1182 3 18 213000019 164000409 40 
2020-12-05T16:34:27 0 0 경기72사1173 3 21 213000019 277102920 14 
2020-12-05T16:34:27 0 0 경기72사1253 3 31 213000019 213000366 55 
2020-12-05T16:35:27 0 0 경기72사1182 3 18 213000019 164000409 40 
2020-12-05T16:35:27 0 0 경기72사1253 3 31 213000019 213000366 55 
2020-12-05T16:35:27 0 0 경기72사1173 3 21 213000019 277102920 14 
2020-12-05T16:36:27 0 0 경기72사1182 3 18 213000019 164000409 40 
2020-12-05T16:36:27 0 0 경기72사1173 3 21 213000019 277102920 14 
2020-12-05T16:36:27 0 0 경기72사1253 3 31 213000019 213000200 56 
2020-12-05T16:37:27 0 0 경기72사1182 3 18 213000019 164000409 40 
2020-12-05T16:37:27 0 0 경기72사1173 3 21 213000019 277103045 15 
2020-12-05T16:37:27 0 0 경기72사1253 3 32 213000019 213000200 56 
2020-12-05T16:38:27 0 0 경기72사1182 3 17 213000019 164000340 41 
2020-12-05T16:38:27 0 0 경기72사1173 3 21 213000019 277103045 15 
2020-12-05T16:38:27 0 0 경기72사1253 3 32 213000019 213000106 57 
2020-12-05T16:39:26 0 0 경기72사1182 3 17 213000019 164000260 42 
2020-12-05T16:39:26 0 0 경기72사1253 3 32 213000019 213000106 57 
2020-12-05T16:39:26 0 0 경기72사1173 3 21 213000019 277103045 15 
2020-12-05T16:40:25 0 0 경기72사1182 3 16 213000019 164000260 42 
2020-12-05T16:40:25 0 0 경기72사1253 3 32 213000019 213000106 57 
2020-12-05T16:40:25 0 0 경기72사1173 3 21 213000019 277103045 15 
2020-12-05T16:41:25 0 0 경기72사1182 3 16 213000019 164000280 43 
2020-12-05T16:41:25 0 0 경기72사1173 3 21 213000019 277103045 15 
2020-12-05T16:41:25 0 0 경기72사1253 3 36 213000019 213000106 57 
2020-12-05T16:42:25 0 0 경기72사1182 3 11 213000019 164000287 44 
2020-12-05T16:42:25 0 0 경기72사1253 3 36 213000019 213000106 57 
2020-12-05T16:42:25 0 0 경기72사1173 3 22 213000019 164000296 16 
2020-12-05T16:43:25 0 0 경기72사1182 3 10 213000019 164000287 44 
2020-12-05T16:43:25 0 0 경기72사1253 3 36 213000019 213000106 57 
2020-12-05T16:43:25 0 0 경기72사1173 3 23 213000019 164000296 16 
2020-12-05T16:44:25 0 0 경기72사1182 3 8 213000019 164000295 45 
2020-12-05T16:44:25 0 0 경기72사1173 3 23 213000019 164000314 18 
2020-12-05T16:45:25 0 0 경기72사1182 3 8 213000019 164000295 45 
2020-12-05T16:45:25 0 0 경기72사1173 3 22 213000019 164000314 18 
2020-12-05T16:46:25 0 0 경기72사1182 3 8 213000019 164000295 45 
2020-12-05T16:46:25 0 0 경기72사1173 3 22 213000019 164000314 18 
2020-12-05T16:46:25 0 0 경기72사1181 3 29 213000019 213000231 1 
2020-12-05T16:47:25 0 0 경기72사1182 3 8 213000019 164000295 45 
2020-12-05T16:47:25 0 0 경기72사1173 3 22 213000019 164000314 18 
2020-12-05T16:47:25 0 0 경기72사1181 3 29 213000019 213000231 1 
2020-12-05T16:48:25 0 0 경기72사1182 3 8 213000019 164000295 45 
2020-12-05T16:48:25 0 0 경기72사1173 3 22 213000019 164000261 19 
2020-12-05T16:48:25 0 0 경기72사1181 3 29 213000019 277101976 2 
2020-12-05T16:49:24 0 0 경기72사1182 3 8 213000019 164000295 45 
2020-12-05T16:49:24 0 0 경기72사1181 3 29 213000019 277101976 2 
2020-12-05T16:49:24 0 0 경기72사1173 3 23 213000019 164000204 20 
2020-12-05T16:50:23 0 0 경기72사1182 3 8 213000019 277103046 46 
2020-12-05T16:50:23 0 0 경기72사1181 3 29 213000019 277101976 2 
2020-12-05T16:50:23 0 0 경기72사1173 3 23 213000019 164000204 20 
2020-12-05T16:51:23 0 0 경기72사1182 3 8 213000019 277103046 46 
2020-12-05T16:51:23 0 0 경기72사1173 3 23 213000019 164000204 20 
2020-12-05T16:51:23 0 0 경기72사1181 3 29 213000019 213000228 4 
2020-12-05T16:52:23 0 0 경기72사1182 3 8 213000019 277102921 47 
2020-12-05T16:52:23 0 0 경기72사1181 3 29 213000019 213000228 4 
2020-12-05T16:52:23 0 0 경기72사1173 3 23 213000019 164000204 20 
2020-12-05T16:53:22 0 0 경기72사1182 3 8 213000019 277102921 47 
2020-12-05T16:53:22 0 0 경기72사1173 3 23 213000019 164000204 20 
2020-12-05T16:53:22 0 0 경기72사1181 3 29 213000019 213000228 4 
2020-12-05T16:54:21 0 0 경기72사1182 3 8 213000019 277102921 47 
2020-12-05T16:54:21 0 0 경기72사1173 3 27 213000019 164000410 21 
2020-12-05T16:54:21 0 0 경기72사1181 3 28 213000019 213000137 5 
2020-12-05T16:55:21 0 0 경기72사1182 3 8 213000019 277103196 48 
2020-12-05T16:55:21 0 0 경기72사1173 3 27 213000019 164000393 22 
2020-12-05T16:55:21 0 0 경기72사1181 3 28 213000019 213000137 5 
2020-12-05T16:56:21 0 0 경기72사1182 3 8 213000019 277103196 48 
2020-12-05T16:56:21 0 0 경기72사1173 3 27 213000019 164000393 22 
2020-12-05T16:56:21 0 0 경기72사1181 3 28 213000019 213000367 6 
2020-12-05T16:57:21 0 0 경기72사1182 3 8 213000019 277102919 49 
2020-12-05T16:57:21 0 0 경기72사1181 3 27 213000019 213000367 6 
2020-12-05T16:57:21 0 0 경기72사1173 3 29 213000019 164000426 23 
2020-12-05T16:58:21 0 0 경기72사1182 3 8 213000019 277102919 49 
2020-12-05T16:58:21 0 0 경기72사1173 3 32 213000019 164000426 23 
2020-12-05T16:58:21 0 0 경기72사1181 3 27 213000019 213000367 6 
2020-12-05T16:59:21 0 0 경기72사1182 3 8 213000019 277102919 49 
2020-12-05T16:59:21 0 0 경기72사1173 3 32 213000019 164000426 23 
2020-12-05T16:59:21 0 0 경기72사1181 3 27 213000019 213000300 7 
2020-12-05T17:00:20 0 0 경기72사1182 3 8 213000019 277102919 49 
2020-12-05T17:00:20 0 0 경기72사1181 3 27 213000019 213000300 7 
2020-12-05T17:00:20 0 0 경기72사1173 3 34 213000019 164000490 24 
2020-12-05T17:01:19 0 0 경기72사1182 3 8 213000019 277103192 50 
2020-12-05T17:01:19 0 0 경기72사1181 3 27 213000019 213000300 7 
2020-12-05T17:01:19 0 0 경기72사1173 3 34 213000019 164000490 24 
2020-12-05T17:02:18 0 0 경기72사1182 3 8 213000019 277103192 50 
2020-12-05T17:02:18 0 0 경기72사1173 3 34 213000019 164000490 24 
2020-12-05T17:02:18 0 0 경기72사1181 3 27 213000019 213000300 7 
2020-12-05T17:03:17 0 0 경기72사1182 3 8 213000019 277103192 50 
2020-12-05T17:03:17 0 0 경기72사1181 3 27 213000019 213000300 7 
2020-12-05T17:03:17 0 0 경기72사1173 3 36 213000019 164000394 25 
2020-12-05T17:04:16 0 0 경기72사1182 3 8 213000019 277103192 50 
2020-12-05T17:04:16 0 0 경기72사1173 3 36 213000019 164000395 26 
2020-12-05T17:04:16 0 0 경기72사1181 3 27 213000019 213000300 7 
2020-12-05T17:05:16 0 0 경기72사1182 3 8 213000019 277102916 51 
2020-12-05T17:05:16 0 0 경기72사1181 3 28 213000019 117000310 8 
2020-12-05T17:05:16 0 0 경기72사1173 3 37 213000019 164000442 27 
2020-12-05T17:06:16 0 0 경기72사1182 3 8 213000019 277102916 51 
2020-12-05T17:06:16 0 0 경기72사1173 3 37 213000019 164000442 27 
2020-12-05T17:06:16 0 0 경기72사1181 3 17 213000019 277102753 9 
2020-12-05T17:07:16 0 0 경기72사1182 3 8 213000019 277102916 51 
2020-12-05T17:07:16 0 0 경기72사1173 3 38 213000019 164000375 29 
2020-12-05T17:07:16 0 0 경기72사1181 3 17 213000019 277102753 9 
2020-12-05T17:08:15 0 0 경기72사1182 3 8 213000019 277102916 51 
2020-12-05T17:08:15 0 0 경기72사1173 3 39 213000019 164000376 30 
2020-12-05T17:08:15 0 0 경기72사1181 3 17 213000019 277102917 10 
2020-12-05T17:09:15 0 0 경기72사1182 3 12 213000019 208000037 53 
2020-12-05T17:09:15 0 0 경기72사1173 3 39 213000019 164000376 30 
2020-12-05T17:09:15 0 0 경기72사1181 3 17 213000019 277102917 10 
2020-12-05T17:10:15 0 0 경기72사1182 3 33 213000019 208000037 53 
2020-12-05T17:10:15 0 0 경기72사1173 3 39 213000019 164000376 30 
2020-12-05T17:10:15 0 0 경기72사1181 3 17 213000019 277102917 10 
2020-12-05T17:11:15 0 0 경기72사1182 3 33 213000019 208000037 53 
2020-12-05T17:11:15 0 0 경기72사1173 3 39 213000019 164000376 30 
2020-12-05T17:11:15 0 0 경기72사1181 3 17 213000019 277102917 10 
2020-12-05T17:12:14 0 0 경기72사1182 3 33 213000019 208000037 53 
2020-12-05T17:12:14 0 0 경기72사1173 3 39 213000019 164000376 30 
2020-12-05T17:12:14 0 0 경기72사1181 3 17 213000019 277102917 10 
2020-12-05T17:13:14 0 0 경기72사1182 3 33 213000019 208000037 53 
2020-12-05T17:13:14 0 0 경기72사1181 3 17 213000019 277102917 10 
2020-12-05T17:13:14 0 0 경기72사1173 3 36 213000019 164000378 32 
2020-12-05T17:14:13 0 0 경기72사1182 3 33 213000019 213000303 54 
2020-12-05T17:14:13 0 0 경기72사1181 3 17 213000019 277102917 10 
2020-12-05T17:14:13 0 0 경기72사1173 3 36 213000019 164000441 34 
2020-12-05T17:15:12 0 0 경기72사1182 3 33 213000019 213000366 55 
2020-12-05T17:15:12 0 0 경기72사1173 3 35 213000019 164000441 34 
2020-12-05T17:15:12 0 0 경기72사1181 3 17 213000019 277102917 10 
2020-12-05T17:16:12 0 0 경기72사1182 3 33 213000019 213000366 55 
2020-12-05T17:16:12 0 0 경기72사1181 3 17 213000019 277103193 11 
2020-12-05T17:16:12 0 0 경기72사1173 3 35 213000019 164000396 35 
2020-12-05T17:17:12 0 0 경기72사1182 3 33 213000019 213000366 55 
2020-12-05T17:17:12 0 0 경기72사1181 3 17 213000019 277103193 11 
2020-12-05T17:17:12 0 0 경기72사1173 3 32 213000019 164000390 36 
2020-12-05T17:18:11 0 0 경기72사1182 3 33 213000019 213000366 55 
2020-12-05T17:18:11 0 0 경기72사1173 3 32 213000019 164000390 36 
2020-12-05T17:18:11 0 0 경기72사1181 3 17 213000019 277103193 11 
2020-12-05T17:19:11 0 0 경기72사1182 3 33 213000019 213000200 56 
2020-12-05T17:19:11 0 0 경기72사1173 3 32 213000019 164000390 36 
2020-12-05T17:19:11 0 0 경기72사1181 3 17 213000019 277102918 12 
2020-12-05T17:20:11 0 0 경기72사1182 3 35 213000019 213000200 56 
2020-12-05T17:20:11 0 0 경기72사1181 3 17 213000019 277102918 12 
2020-12-05T17:20:11 0 0 경기72사1173 3 29 213000019 164000491 37 
2020-12-05T17:21:11 0 0 경기72사1182 3 35 213000019 213000106 57 
2020-12-05T17:21:11 0 0 경기72사1173 3 29 213000019 164000425 38 
2020-12-05T17:21:11 0 0 경기72사1181 3 17 213000019 277102918 12 
2020-12-05T17:22:10 0 0 경기72사1182 3 35 213000019 213000106 57 
2020-12-05T17:22:10 0 0 경기72사1173 3 29 213000019 164000425 38 
2020-12-05T17:22:10 0 0 경기72사1181 3 17 213000019 277103197 13 
2020-12-05T17:23:10 0 0 경기72사1182 3 35 213000019 213000106 57 
2020-12-05T17:23:10 0 0 경기72사1181 3 17 213000019 277103197 13 
2020-12-05T17:23:10 0 0 경기72사1173 3 27 213000019 164000411 39 
2020-12-05T17:24:10 0 0 경기72사1182 3 35 213000019 213000106 57 
2020-12-05T17:24:10 0 0 경기72사1173 3 24 213000019 164000411 39 
2020-12-05T17:24:10 0 0 경기72사1181 3 17 213000019 277102920 14 
2020-12-05T17:25:09 0 0 경기72사1182 3 35 213000019 213000106 57 
2020-12-05T17:25:09 0 0 경기72사1173 3 24 213000019 164000411 39 
2020-12-05T17:25:09 0 0 경기72사1181 3 17 213000019 277102920 14 
2020-12-05T17:26:09 0 0 경기72사1182 3 35 213000019 213000106 57 
2020-12-05T17:26:09 0 0 경기72사1181 3 17 213000019 277102920 14 
2020-12-05T17:26:09 0 0 경기72사1173 3 22 213000019 164000409 40 
2020-12-05T17:27:09 0 0 경기72사1181 3 17 213000019 277102920 14 
2020-12-05T17:27:09 0 0 경기72사1173 3 22 213000019 164000409 40 
2020-12-05T17:28:07 0 0 경기72사1173 3 22 213000019 164000409 40 
2020-12-05T17:28:07 0 0 경기72사1181 3 17 213000019 277102920 14 
2020-12-05T17:29:07 0 0 경기72사1181 3 17 213000019 277102920 14 
2020-12-05T17:29:07 0 0 경기72사1173 3 22 213000019 164000340 41 
2020-12-05T17:30:06 0 0 경기72사1173 3 21 213000019 164000340 41 
2020-12-05T17:30:06 0 0 경기72사1181 3 17 213000019 277103045 15 
2020-12-05T17:31:05 0 0 경기72사1173 3 25 213000019 164000260 42 
2020-12-05T17:31:05 0 0 경기72사1181 3 17 213000019 277103045 15 
2020-12-05T17:32:05 0 0 경기72사1181 3 17 213000019 277103045 15 
2020-12-05T17:32:05 0 0 경기72사1253 3 33 213000019 213000231 1 
2020-12-05T17:32:05 0 0 경기72사1173 3 25 213000019 164000280 43 
2020-12-05T17:33:04 0 0 경기72사1253 3 33 213000019 213000231 1 
2020-12-05T17:33:04 0 0 경기72사1181 3 17 213000019 277103045 15 
2020-12-05T17:33:04 0 0 경기72사1173 3 24 213000019 164000280 43 
2020-12-05T17:34:04 0 0 경기72사1181 3 17 213000019 277103045 15 
2020-12-05T17:34:04 0 0 경기72사1173 3 24 213000019 164000287 44 
2020-12-05T17:34:04 0 0 경기72사1253 3 33 213000019 277101976 2 
2020-12-05T17:35:03 0 0 경기72사1181 3 17 213000019 277103045 15 
2020-12-05T17:35:03 0 0 경기72사1253 3 33 213000019 277101976 2 
2020-12-05T17:35:03 0 0 경기72사1173 3 24 213000019 164000295 45 
2020-12-05T17:36:02 0 0 경기72사1173 3 24 213000019 164000295 45 
2020-12-05T17:36:02 0 0 경기72사1181 3 17 213000019 277103045 15 
2020-12-05T17:36:02 0 0 경기72사1253 3 33 213000019 277102480 3 
2020-12-05T17:37:01 0 0 경기72사1181 3 23 213000019 164000296 16 
2020-12-05T17:37:01 0 0 경기72사1173 3 24 213000019 164000295 45 
2020-12-05T17:37:01 0 0 경기72사1253 3 33 213000019 213000228 4 
2020-12-05T17:38:01 0 0 경기72사1173 3 24 213000019 164000295 45 
2020-12-05T17:38:01 0 0 경기72사1181 3 25 213000019 164000289 17 
2020-12-05T17:38:01 0 0 경기72사1253 3 33 213000019 213000228 4 
2020-12-05T17:39:01 0 0 경기72사1173 3 24 213000019 164000295 45 
2020-12-05T17:39:01 0 0 경기72사1253 3 33 213000019 213000137 5 
2020-12-05T17:39:01 0 0 경기72사1181 3 26 213000019 164000314 18 
2020-12-05T17:40:00 0 0 경기72사1181 3 26 213000019 164000314 18 
2020-12-05T17:40:00 0 0 경기72사1253 3 28 213000019 213000137 5 
2020-12-05T17:40:00 0 0 경기72사1173 3 24 213000019 277103046 46 
2020-12-05T17:41:00 0 0 경기72사1173 3 24 213000019 277103046 46 
2020-12-05T17:41:00 0 0 경기72사1181 3 27 213000019 164000314 18 
2020-12-05T17:41:00 0 0 경기72사1253 3 28 213000019 213000137 5 
2020-12-05T17:42:00 0 0 경기72사1173 3 24 213000019 277103046 46 
2020-12-05T17:42:00 0 0 경기72사1181 3 27 213000019 164000314 18 
2020-12-05T17:42:00 0 0 경기72사1253 3 28 213000019 213000137 5 
2020-12-05T17:42:59 0 0 경기72사1181 3 27 213000019 164000261 19 
2020-12-05T17:42:59 0 0 경기72사1173 3 24 213000019 277102921 47 
2020-12-05T17:42:59 0 0 경기72사1253 3 28 213000019 213000367 6 
2020-12-05T17:43:58 0 0 경기72사1181 3 27 213000019 164000261 19 
2020-12-05T17:43:58 0 0 경기72사1173 3 24 213000019 277102921 47 
2020-12-05T17:43:58 0 0 경기72사1253 3 28 213000019 213000300 7 
2020-12-05T17:44:58 0 0 경기72사1181 3 27 213000019 164000261 19 
2020-12-05T17:44:58 0 0 경기72사1173 3 24 213000019 277102921 47 
2020-12-05T17:44:58 0 0 경기72사1253 3 28 213000019 213000300 7 
2020-12-05T17:45:58 0 0 경기72사1253 3 28 213000019 213000300 7 
2020-12-05T17:45:58 0 0 경기72사1173 3 24 213000019 277103196 48 
2020-12-05T17:45:58 0 0 경기72사1181 3 29 213000019 164000204 20 
2020-12-05T17:46:57 0 0 경기72사1173 3 24 213000019 277103196 48 
2020-12-05T17:46:57 0 0 경기72사1253 3 28 213000019 117000310 8 
2020-12-05T17:46:57 0 0 경기72사1181 3 29 213000019 164000204 20 
2020-12-05T17:47:57 0 0 경기72사1181 3 29 213000019 164000204 20 
2020-12-05T17:47:57 0 0 경기72사1173 3 24 213000019 277102919 49 
2020-12-05T17:47:57 0 0 경기72사1253 3 22 213000019 277102753 9 
2020-12-05T17:48:56 0 0 경기72사1173 3 24 213000019 277102919 49 
2020-12-05T17:48:56 0 0 경기72사1253 3 22 213000019 277102753 9 
2020-12-05T17:48:56 0 0 경기72사1181 3 29 213000019 164000204 20 
2020-12-05T17:49:56 0 0 경기72사1173 3 24 213000019 277102919 49 
2020-12-05T17:49:56 0 0 경기72사1181 3 29 213000019 164000204 20 
2020-12-05T17:49:56 0 0 경기72사1253 3 22 213000019 277102917 10 
2020-12-05T17:50:56 0 0 경기72사1173 3 24 213000019 277102919 49 
2020-12-05T17:50:56 0 0 경기72사1253 3 22 213000019 277102917 10 
2020-12-05T17:50:56 0 0 경기72사1181 3 30 213000019 164000410 21 
2020-12-05T17:51:56 0 0 경기72사1173 3 24 213000019 277102919 49 
2020-12-05T17:51:56 0 0 경기72사1253 3 22 213000019 277102917 10 
2020-12-05T17:51:56 0 0 경기72사1181 3 32 213000019 164000393 22 
2020-12-05T17:52:55 0 0 경기72사1253 3 22 213000019 277102917 10 
2020-12-05T17:52:55 0 0 경기72사1181 3 33 213000019 164000393 22 
2020-12-05T17:52:55 0 0 경기72사1173 3 24 213000019 277103192 50 
2020-12-05T17:53:55 0 0 경기72사1173 3 24 213000019 277103192 50 
2020-12-05T17:53:55 0 0 경기72사1253 3 22 213000019 277102917 10 
2020-12-05T17:53:55 0 0 경기72사1181 3 35 213000019 164000426 23 
2020-12-05T17:54:55 0 0 경기72사1253 3 22 213000019 277102917 10 
2020-12-05T17:54:55 0 0 경기72사1173 3 24 213000019 277103192 50 
2020-12-05T17:54:55 0 0 경기72사1181 3 35 213000019 164000490 24 
2020-12-05T17:55:55 0 0 경기72사1253 3 22 213000019 277102917 10 
2020-12-05T17:55:55 0 0 경기72사1181 3 35 213000019 164000490 24 
2020-12-05T17:55:55 0 0 경기72사1173 3 24 213000019 277102916 51 
2020-12-05T17:56:54 0 0 경기72사1253 3 22 213000019 277102917 10 
2020-12-05T17:56:54 0 0 경기72사1173 3 24 213000019 277102916 51 
2020-12-05T17:56:54 0 0 경기72사1181 3 35 213000019 164000395 26 
2020-12-05T17:57:54 0 0 경기72사1253 3 22 213000019 277102917 10 
2020-12-05T17:57:54 0 0 경기72사1181 3 37 213000019 164000395 26 
2020-12-05T17:57:54 0 0 경기72사1173 3 25 213000019 277101798 52 
2020-12-05T17:58:54 0 0 경기72사1253 3 22 213000019 277102917 10 
2020-12-05T17:58:54 0 0 경기72사1173 3 25 213000019 208000037 53 
2020-12-05T17:58:54 0 0 경기72사1181 3 37 213000019 164000442 27 
2020-12-05T17:59:54 0 0 경기72사1181 3 37 213000019 164000442 27 
2020-12-05T17:59:54 0 0 경기72사1173 3 34 213000019 208000037 53 
2020-12-05T17:59:54 0 0 경기72사1253 3 22 213000019 277103193 11 
2020-12-05T18:00:54 0 0 경기72사1253 3 22 213000019 277103193 11 
2020-12-05T18:00:54 0 0 경기72사1173 3 34 213000019 208000037 53 
2020-12-05T18:00:54 0 0 경기72사1181 3 37 213000019 164000375 29 
2020-12-05T18:01:53 0 0 경기72사1253 3 22 213000019 277103193 11 
2020-12-05T18:01:53 0 0 경기72사1173 3 34 213000019 208000037 53 
2020-12-05T18:01:53 0 0 경기72사1181 3 38 213000019 164000377 31 
2020-12-05T18:02:53 0 0 경기72사1173 3 34 213000019 208000037 53 
2020-12-05T18:02:53 0 0 경기72사1181 3 38 213000019 164000378 32 
2020-12-05T18:02:53 0 0 경기72사1253 3 22 213000019 277102918 12 
2020-12-05T18:03:52 0 0 경기72사1173 3 34 213000019 208000037 53 
2020-12-05T18:03:52 0 0 경기72사1181 3 38 213000019 164000378 32 
2020-12-05T18:03:52 0 0 경기72사1253 3 22 213000019 277102918 12 
2020-12-05T18:04:52 0 0 경기72사1253 3 22 213000019 277103197 13 
2020-12-05T18:04:52 0 0 경기72사1173 3 34 213000019 213000303 54 
2020-12-05T18:04:52 0 0 경기72사1181 3 39 213000019 164000385 33 
2020-12-05T18:05:52 0 0 경기72사1253 3 22 213000019 277103197 13 
2020-12-05T18:05:52 0 0 경기72사1173 3 34 213000019 213000366 55 
2020-12-05T18:05:52 0 0 경기72사1181 3 39 213000019 164000441 34 
2020-12-05T18:06:52 0 0 경기72사1253 3 22 213000019 277103197 13 
2020-12-05T18:06:52 0 0 경기72사1181 3 39 213000019 164000396 35 
2020-12-05T18:06:52 0 0 경기72사1173 3 34 213000019 213000366 55 
2020-12-05T18:07:52 0 0 경기72사1173 3 34 213000019 213000366 55 
2020-12-05T18:07:52 0 0 경기72사1253 3 22 213000019 277102920 14 
2020-12-05T18:07:52 0 0 경기72사1181 3 36 213000019 164000390 36 
2020-12-05T18:08:52 0 0 경기72사1173 3 34 213000019 213000366 55 
2020-12-05T18:08:52 0 0 경기72사1181 3 36 213000019 164000390 36 
2020-12-05T18:08:52 0 0 경기72사1253 3 22 213000019 277102920 14 
2020-12-05T18:09:51 0 0 경기72사1181 3 36 213000019 164000390 36 
2020-12-05T18:09:51 0 0 경기72사1253 3 22 213000019 277102920 14 
2020-12-05T18:09:51 0 0 경기72사1173 3 35 213000019 213000200 56 
2020-12-05T18:10:50 0 0 경기72사1253 3 22 213000019 277103045 15 
2020-12-05T18:10:50 0 0 경기72사1173 3 35 213000019 213000200 56 
2020-12-05T18:10:50 0 0 경기72사1181 3 31 213000019 164000491 37 
2020-12-05T18:11:51 0 0 경기72사1173 3 35 213000019 213000106 57 
2020-12-05T18:11:51 0 0 경기72사1253 3 22 213000019 277103045 15 
2020-12-05T18:11:51 0 0 경기72사1181 3 31 213000019 164000425 38 
2020-12-05T18:12:50 0 0 경기72사1173 3 35 213000019 213000106 57 
2020-12-05T18:12:50 0 0 경기72사1181 3 31 213000019 164000425 38 
2020-12-05T18:12:50 0 0 경기72사1253 3 22 213000019 277103045 15 
2020-12-05T18:13:50 0 0 경기72사1173 3 35 213000019 213000106 57 
2020-12-05T18:13:50 0 0 경기72사1253 3 22 213000019 277103045 15 
2020-12-05T18:13:50 0 0 경기72사1181 3 31 213000019 164000411 39 
2020-12-05T18:14:49 0 0 경기72사1253 3 22 213000019 277103045 15 
2020-12-05T18:14:49 0 0 경기72사1181 3 30 213000019 164000411 39 
2020-12-05T18:14:49 0 0 경기72사1173 3 36 213000019 213000106 57 
2020-12-05T18:15:48 0 0 경기72사1181 3 30 213000019 164000411 39 
2020-12-05T18:15:48 0 0 경기72사1253 3 22 213000019 164000296 16 
2020-12-05T18:15:48 0 0 경기72사1173 3 37 213000019 213000106 57 
2020-12-05T18:16:48 0 0 경기72사1253 3 23 213000019 164000289 17 
2020-12-05T18:16:48 0 0 경기72사1181 3 28 213000019 164000409 40 
2020-12-05T18:17:47 0 0 경기72사1253 3 25 213000019 164000289 17 
2020-12-05T18:17:47 0 0 경기72사1181 3 28 213000019 164000409 40 
2020-12-05T18:18:46 0 0 경기72사1181 3 28 213000019 164000409 40 
2020-12-05T18:18:46 0 0 경기72사1253 3 26 213000019 164000314 18 
2020-12-05T18:19:47 0 0 경기72사1181 3 28 213000019 164000409 40 
2020-12-05T18:19:47 0 0 경기72사1253 3 28 213000019 164000314 18 
2020-12-05T18:20:46 0 0 경기72사1181 3 28 213000019 164000409 40 
2020-12-05T18:20:46 0 0 경기72사1253 3 28 213000019 164000314 18 
2020-12-05T18:21:46 0 0 경기72사1182 3 33 213000019 213000231 1 
2020-12-05T18:21:46 0 0 경기72사1181 3 28 213000019 164000409 40 
2020-12-05T18:21:46 0 0 경기72사1253 3 29 213000019 164000261 19 
2020-12-05T18:22:45 0 0 경기72사1182 3 33 213000019 213000231 1 
2020-12-05T18:22:45 0 0 경기72사1253 3 29 213000019 164000261 19 
2020-12-05T18:22:45 0 0 경기72사1181 3 28 213000019 164000340 41 
2020-12-05T18:23:45 0 0 경기72사1182 3 33 213000019 213000231 1 
2020-12-05T18:23:45 0 0 경기72사1253 3 29 213000019 164000261 19 
2020-12-05T18:23:45 0 0 경기72사1181 3 29 213000019 164000260 42 
2020-12-05T18:24:44 0 0 경기72사1182 3 33 213000019 277101976 2 
2020-12-05T18:24:44 0 0 경기72사1181 3 29 213000019 164000260 42 
2020-12-05T18:24:44 0 0 경기72사1253 3 29 213000019 164000204 20 
2020-12-05T18:25:44 0 0 경기72사1182 3 33 213000019 277101976 2 
2020-12-05T18:25:44 0 0 경기72사1181 3 29 213000019 164000260 42 
2020-12-05T18:25:44 0 0 경기72사1253 3 29 213000019 164000204 20 
2020-12-05T18:26:44 0 0 경기72사1182 3 33 213000019 277101976 2 
2020-12-05T18:26:44 0 0 경기72사1253 3 29 213000019 164000204 20 
2020-12-05T18:26:44 0 0 경기72사1181 3 31 213000019 164000280 43 
2020-12-05T18:27:44 0 0 경기72사1182 3 33 213000019 277102480 3 
2020-12-05T18:27:44 0 0 경기72사1253 3 29 213000019 164000204 20 
2020-12-05T18:27:44 0 0 경기72사1181 3 31 213000019 164000287 44 
2020-12-05T18:28:43 0 0 경기72사1182 3 33 213000019 213000228 4 
2020-12-05T18:28:43 0 0 경기72사1181 3 31 213000019 164000295 45 
2020-12-05T18:28:43 0 0 경기72사1253 3 30 213000019 164000410 21 
2020-12-05T18:29:42 0 0 경기72사1182 3 33 213000019 213000228 4 
2020-12-05T18:29:42 0 0 경기72사1181 3 30 213000019 164000295 45 
2020-12-05T18:29:42 0 0 경기72사1253 3 31 213000019 164000393 22 
2020-12-05T18:30:42 0 0 경기72사1182 3 32 213000019 213000137 5 
2020-12-05T18:30:42 0 0 경기72사1181 3 30 213000019 164000295 45 
2020-12-05T18:30:42 0 0 경기72사1253 3 31 213000019 164000393 22 
2020-12-05T18:31:41 0 0 경기72사1182 3 32 213000019 213000137 5 
2020-12-05T18:31:41 0 0 경기72사1181 3 30 213000019 164000295 45 
2020-12-05T18:31:41 0 0 경기72사1253 3 32 213000019 164000426 23 
2020-12-05T18:32:41 0 0 경기72사1182 3 32 213000019 213000137 5 
2020-12-05T18:32:41 0 0 경기72사1181 3 30 213000019 164000295 45 
2020-12-05T18:32:41 0 0 경기72사1253 3 35 213000019 164000490 24 
2020-12-05T18:33:41 0 0 경기72사1182 3 32 213000019 213000367 6 
2020-12-05T18:33:41 0 0 경기72사1253 3 35 213000019 164000490 24 
2020-12-05T18:33:41 0 0 경기72사1181 3 30 213000019 164000295 45 
2020-12-05T18:34:40 0 0 경기72사1182 3 32 213000019 213000367 6 
2020-12-05T18:34:40 0 0 경기72사1253 3 35 213000019 164000490 24 
2020-12-05T18:34:40 0 0 경기72사1181 3 30 213000019 277103046 46 
2020-12-05T18:35:39 0 0 경기72사1182 3 32 213000019 213000300 7 
2020-12-05T18:35:39 0 0 경기72사1181 3 30 213000019 277103046 46 
2020-12-05T18:35:39 0 0 경기72사1253 3 39 213000019 164000395 26 
2020-12-05T18:36:38 0 0 경기72사1182 3 32 213000019 213000300 7 
2020-12-05T18:36:38 0 0 경기72사1181 3 30 213000019 277102921 47 
2020-12-05T18:36:38 0 0 경기72사1253 3 39 213000019 164000442 27 
2020-12-05T18:37:38 0 0 경기72사1182 3 32 213000019 213000300 7 
2020-12-05T18:37:38 0 0 경기72사1181 3 30 213000019 277102921 47 
2020-12-05T18:37:38 0 0 경기72사1253 3 39 213000019 164000386 28 
2020-12-05T18:38:38 0 0 경기72사1182 3 27 213000019 117000310 8 
2020-12-05T18:38:38 0 0 경기72사1181 3 30 213000019 277102921 47 
2020-12-05T18:38:38 0 0 경기72사1253 3 39 213000019 164000376 30 
2020-12-05T18:39:38 0 0 경기72사1182 3 27 213000019 277102753 9 
2020-12-05T18:39:38 0 0 경기72사1253 3 39 213000019 164000376 30 
2020-12-05T18:39:38 0 0 경기72사1181 3 30 213000019 277103196 48 
2020-12-05T18:40:38 0 0 경기72사1182 3 27 213000019 277102917 10 
2020-12-05T18:40:38 0 0 경기72사1253 3 39 213000019 164000376 30 
2020-12-05T18:40:38 0 0 경기72사1181 3 30 213000019 277103196 48 
2020-12-05T18:41:38 0 0 경기72사1182 3 27 213000019 277102917 10 
2020-12-05T18:41:38 0 0 경기72사1253 3 39 213000019 164000376 30 
2020-12-05T18:41:38 0 0 경기72사1181 3 30 213000019 277102919 49 
2020-12-05T18:42:37 0 0 경기72사1182 3 27 213000019 277102917 10 
2020-12-05T18:42:37 0 0 경기72사1253 3 39 213000019 164000376 30 
2020-12-05T18:42:37 0 0 경기72사1181 3 30 213000019 277102919 49 
2020-12-05T18:43:37 0 0 경기72사1182 3 27 213000019 277102917 10 
2020-12-05T18:43:37 0 0 경기72사1253 3 39 213000019 164000376 30 
2020-12-05T18:43:37 0 0 경기72사1181 3 30 213000019 277102919 49 
2020-12-05T18:44:37 0 0 경기72사1182 3 27 213000019 277102917 10 
2020-12-05T18:44:37 0 0 경기72사1181 3 30 213000019 277103192 50 
2020-12-05T18:44:37 0 0 경기72사1253 3 39 213000019 164000376 30 
2020-12-05T18:45:37 0 0 경기72사1182 3 27 213000019 277102917 10 
2020-12-05T18:45:37 0 0 경기72사1253 3 39 213000019 164000376 30 
2020-12-05T18:45:37 0 0 경기72사1181 3 30 213000019 277103192 50 
2020-12-05T18:46:37 0 0 경기72사1182 3 27 213000019 277102917 10 
2020-12-05T18:46:37 0 0 경기72사1181 3 30 213000019 277103192 50 
2020-12-05T18:46:37 0 0 경기72사1253 3 39 213000019 164000378 32 
2020-12-05T18:47:37 0 0 경기72사1182 3 27 213000019 277103193 11 
2020-12-05T18:47:37 0 0 경기72사1253 3 39 213000019 164000385 33 
2020-12-05T18:47:37 0 0 경기72사1181 3 30 213000019 277103192 50 
2020-12-05T18:48:36 0 0 경기72사1182 3 27 213000019 277103193 11 
2020-12-05T18:48:36 0 0 경기72사1253 3 39 213000019 164000441 34 
2020-12-05T18:48:36 0 0 경기72사1181 3 30 213000019 277102916 51 
2020-12-05T18:49:36 0 0 경기72사1182 3 27 213000019 277103193 11 
2020-12-05T18:49:36 0 0 경기72사1181 3 30 213000019 277102916 51 
2020-12-05T18:49:36 0 0 경기72사1253 3 39 213000019 164000396 35 
2020-12-05T18:50:36 0 0 경기72사1182 3 27 213000019 277102918 12 
2020-12-05T18:50:36 0 0 경기72사1253 3 39 213000019 164000396 35 
2020-12-05T18:50:36 0 0 경기72사1181 3 32 213000019 277101798 52 
2020-12-05T18:51:36 0 0 경기72사1182 3 27 213000019 277102918 12 
2020-12-05T18:51:36 0 0 경기72사1253 3 39 213000019 164000390 36 
2020-12-05T18:51:36 0 0 경기72사1181 3 34 213000019 208000037 53 
2020-12-05T18:52:35 0 0 경기72사1182 3 27 213000019 277103197 13 
2020-12-05T18:52:35 0 0 경기72사1181 3 34 213000019 208000037 53 
2020-12-05T18:52:35 0 0 경기72사1253 3 39 213000019 164000425 38 
2020-12-05T18:53:35 0 0 경기72사1182 3 27 213000019 277103197 13 
2020-12-05T18:53:35 0 0 경기72사1181 3 34 213000019 208000037 53 
2020-12-05T18:53:35 0 0 경기72사1253 3 39 213000019 164000425 38 
2020-12-05T18:54:34 0 0 경기72사1182 3 27 213000019 277103197 13 
2020-12-05T18:54:34 0 0 경기72사1181 3 34 213000019 208000037 53 
2020-12-05T18:54:34 0 0 경기72사1253 3 39 213000019 164000425 38 
2020-12-05T18:55:34 0 0 경기72사1182 3 27 213000019 277102920 14 
2020-12-05T18:55:34 0 0 경기72사1181 3 34 213000019 208000037 53 
2020-12-05T18:55:34 0 0 경기72사1253 3 37 213000019 164000409 40 
2020-12-05T18:56:34 0 0 경기72사1182 3 27 213000019 277102920 14 
2020-12-05T18:56:34 0 0 경기72사1181 3 34 213000019 208000037 53 
2020-12-05T18:56:34 0 0 경기72사1253 3 35 213000019 164000409 40 
2020-12-05T18:57:34 0 0 경기72사1182 3 27 213000019 277102920 14 
2020-12-05T18:57:34 0 0 경기72사1181 3 34 213000019 208000037 53 
2020-12-05T18:57:34 0 0 경기72사1253 3 35 213000019 164000409 40 
2020-12-05T18:58:33 0 0 경기72사1182 3 27 213000019 277102920 14 
2020-12-05T18:58:33 0 0 경기72사1253 3 35 213000019 164000409 40 
2020-12-05T18:58:33 0 0 경기72사1181 3 35 213000019 213000303 54 
2020-12-05T18:59:33 0 0 경기72사1182 3 27 213000019 277103045 15 
2020-12-05T18:59:33 0 0 경기72사1253 3 35 213000019 164000409 40 
2020-12-05T18:59:33 0 0 경기72사1181 3 35 213000019 213000366 55 
2020-12-05T19:00:33 0 0 경기72사1182 3 27 213000019 277103045 15 
2020-12-05T19:00:33 0 0 경기72사1181 3 35 213000019 213000366 55 
2020-12-05T19:00:33 0 0 경기72사1253 3 35 213000019 164000340 41 
2020-12-05T19:01:33 0 0 경기72사1182 3 27 213000019 277103045 15 
2020-12-05T19:01:33 0 0 경기72사1181 3 35 213000019 213000366 55 
2020-12-05T19:01:33 0 0 경기72사1253 3 35 213000019 164000260 42 
2020-12-05T19:02:32 0 0 경기72사1182 3 27 213000019 277103045 15 
2020-12-05T19:02:32 0 0 경기72사1181 3 35 213000019 213000366 55 
2020-12-05T19:02:32 0 0 경기72사1253 3 34 213000019 164000260 42 
2020-12-05T19:03:32 0 0 경기72사1182 3 29 213000019 164000296 16 
2020-12-05T19:03:32 0 0 경기72사1253 3 34 213000019 164000260 42 
2020-12-05T19:03:32 0 0 경기72사1181 3 36 213000019 213000200 56 
2020-12-05T19:04:32 0 0 경기72사1182 3 30 213000019 164000296 16 
2020-12-05T19:04:32 0 0 경기72사1253 3 34 213000019 164000260 42 
2020-12-05T19:04:32 0 0 경기72사1181 3 37 213000019 213000106 57 
2020-12-05T19:05:32 0 0 경기72사1182 3 32 213000019 164000289 17 
2020-12-05T19:05:32 0 0 경기72사1253 3 34 213000019 164000280 43 
2020-12-05T19:05:32 0 0 경기72사1181 3 37 213000019 213000106 57 
2020-12-05T19:06:31 0 0 경기72사1182 3 32 213000019 164000314 18 
2020-12-05T19:06:31 0 0 경기72사1181 3 37 213000019 213000106 57 
2020-12-05T19:06:31 0 0 경기72사1253 3 34 213000019 164000287 44 
2020-12-05T19:07:31 0 0 경기72사1182 3 33 213000019 164000314 18 
2020-12-05T19:07:31 0 0 경기72사1181 3 37 213000019 213000106 57 
2020-12-05T19:07:31 0 0 경기72사1253 3 35 213000019 164000295 45 
2020-12-05T19:08:31 0 0 경기72사1182 3 33 213000019 164000314 18 
2020-12-05T19:08:31 0 0 경기72사1253 3 34 213000019 164000295 45 
2020-12-05T19:08:31 0 0 경기72사1181 3 38 213000019 213000106 57 
2020-12-05T19:09:30 0 0 경기72사1182 3 34 213000019 164000261 19 
2020-12-05T19:09:30 0 0 경기72사1253 3 34 213000019 164000295 45 
2020-12-05T19:09:30 0 0 경기72사1181 3 38 213000019 213000106 57 
2020-12-05T19:10:30 0 0 경기72사1182 3 34 213000019 164000261 19 
2020-12-05T19:10:30 0 0 경기72사1181 3 38 213000019 213000106 57 
2020-12-05T19:10:30 0 0 경기72사1253 3 34 213000019 164000295 45 
2020-12-05T19:11:29 0 0 경기72사1182 3 34 213000019 164000261 19 
2020-12-05T19:11:29 0 0 경기72사1253 3 34 213000019 164000295 45 
2020-12-05T19:11:29 0 0 경기72사1173 3 37 213000019 213000231 1 
2020-12-05T19:12:29 0 0 경기72사1182 3 34 213000019 164000204 20 
2020-12-05T19:12:29 0 0 경기72사1253 3 34 213000019 164000295 45 
2020-12-05T19:12:29 0 0 경기72사1173 3 37 213000019 277101976 2 
2020-12-05T19:13:29 0 0 경기72사1182 3 34 213000019 164000204 20 
2020-12-05T19:13:29 0 0 경기72사1173 3 37 213000019 277101976 2 
2020-12-05T19:13:29 0 0 경기72사1253 3 34 213000019 277103046 46 
2020-12-05T19:14:28 0 0 경기72사1182 3 34 213000019 164000204 20 
2020-12-05T19:14:28 0 0 경기72사1253 3 34 213000019 277103046 46 
2020-12-05T19:14:28 0 0 경기72사1173 3 37 213000019 277101976 2 
2020-12-05T19:15:27 0 0 경기72사1182 3 35 213000019 164000204 20 
2020-12-05T19:15:27 0 0 경기72사1173 3 37 213000019 277102480 3 
2020-12-05T19:15:27 0 0 경기72사1253 3 34 213000019 277102921 47 
2020-12-05T19:16:27 0 0 경기72사1182 3 37 213000019 164000410 21 
2020-12-05T19:16:27 0 0 경기72사1253 3 34 213000019 277102921 47 
2020-12-05T19:16:27 0 0 경기72사1173 3 37 213000019 213000228 4 
2020-12-05T19:17:26 0 0 경기72사1182 3 37 213000019 164000410 21 
2020-12-05T19:17:26 0 0 경기72사1253 3 34 213000019 277102921 47 
2020-12-05T19:17:26 0 0 경기72사1173 3 37 213000019 213000137 5 
2020-12-05T19:18:25 0 0 경기72사1182 3 37 213000019 164000426 23 
2020-12-05T19:18:25 0 0 경기72사1173 3 37 213000019 213000137 5 
2020-12-05T19:18:25 0 0 경기72사1253 3 34 213000019 277103196 48 
2020-12-05T19:19:25 0 0 경기72사1182 3 35 213000019 164000426 23 
2020-12-05T19:19:25 0 0 경기72사1253 3 34 213000019 277103196 48 
2020-12-05T19:19:25 0 0 경기72사1173 3 37 213000019 213000367 6 
2020-12-05T19:20:25 0 0 경기72사1182 3 35 213000019 164000426 23 
2020-12-05T19:20:25 0 0 경기72사1173 3 37 213000019 213000367 6 
2020-12-05T19:20:25 0 0 경기72사1253 3 34 213000019 277102919 49 
2020-12-05T19:21:25 0 0 경기72사1182 3 35 213000019 164000394 25 
2020-12-05T19:21:25 0 0 경기72사1173 3 37 213000019 213000367 6 
2020-12-05T19:21:25 0 0 경기72사1253 3 34 213000019 277102919 49 
2020-12-05T19:22:24 0 0 경기72사1182 3 35 213000019 164000394 25 
2020-12-05T19:22:24 0 0 경기72사1173 3 37 213000019 213000300 7 
2020-12-05T19:22:24 0 0 경기72사1253 3 34 213000019 277103192 50 
2020-12-05T19:23:24 0 0 경기72사1182 3 37 213000019 164000395 26 
2020-12-05T19:23:24 0 0 경기72사1173 3 37 213000019 213000300 7 
2020-12-05T19:23:24 0 0 경기72사1253 3 34 213000019 277103192 50 
2020-12-05T19:24:24 0 0 경기72사1182 3 38 213000019 164000442 27 
2020-12-05T19:24:24 0 0 경기72사1253 3 34 213000019 277103192 50 
2020-12-05T19:24:24 0 0 경기72사1173 3 37 213000019 213000300 7 
2020-12-05T19:25:23 0 0 경기72사1182 3 38 213000019 164000442 27 
2020-12-05T19:25:23 0 0 경기72사1253 3 34 213000019 277103192 50 
2020-12-05T19:25:23 0 0 경기72사1173 3 37 213000019 117000310 8 
2020-12-05T19:26:23 0 0 경기72사1182 3 38 213000019 164000442 27 
2020-12-05T19:26:23 0 0 경기72사1173 3 33 213000019 117000310 8 
2020-12-05T19:26:23 0 0 경기72사1253 3 34 213000019 277102916 51 
2020-12-05T19:27:23 0 0 경기72사1182 3 38 213000019 164000375 29 
2020-12-05T19:27:23 0 0 경기72사1253 3 34 213000019 277102916 51 
2020-12-05T19:27:23 0 0 경기72사1173 3 33 213000019 277102753 9 
2020-12-05T19:28:23 0 0 경기72사1182 3 38 213000019 164000376 30 
2020-12-05T19:28:23 0 0 경기72사1173 3 33 213000019 277102917 10 
2020-12-05T19:28:23 0 0 경기72사1253 3 34 213000019 277101798 52 
2020-12-05T19:29:23 0 0 경기72사1182 3 38 213000019 164000376 30 
2020-12-05T19:29:23 0 0 경기72사1173 3 33 213000019 277102917 10 
2020-12-05T19:29:23 0 0 경기72사1253 3 37 213000019 208000037 53 
2020-12-05T19:30:23 0 0 경기72사1182 3 38 213000019 164000376 30 
2020-12-05T19:30:23 0 0 경기72사1173 3 33 213000019 277102917 10 
2020-12-05T19:30:23 0 0 경기72사1253 3 37 213000019 208000037 53 
2020-12-05T19:31:23 0 0 경기72사1182 3 38 213000019 164000376 30 
2020-12-05T19:31:23 0 0 경기72사1253 3 37 213000019 208000037 53 
2020-12-05T19:31:23 0 0 경기72사1173 3 33 213000019 277102917 10 
2020-12-05T19:32:23 0 0 경기72사1182 3 38 213000019 164000376 30 
2020-12-05T19:32:23 0 0 경기72사1253 3 37 213000019 213000303 54 
2020-12-05T19:32:23 0 0 경기72사1173 3 33 213000019 277103193 11 
2020-12-05T19:33:22 0 0 경기72사1182 3 38 213000019 164000376 30 
2020-12-05T19:33:22 0 0 경기72사1173 3 33 213000019 277103193 11 
2020-12-05T19:33:22 0 0 경기72사1253 3 37 213000019 213000303 54 
2020-12-05T19:34:22 0 0 경기72사1182 3 38 213000019 164000376 30 
2020-12-05T19:34:22 0 0 경기72사1173 3 33 213000019 277102918 12 
2020-12-05T19:34:22 0 0 경기72사1253 3 38 213000019 213000366 55 
2020-12-05T19:35:22 0 0 경기72사1182 3 38 213000019 164000376 30 
2020-12-05T19:35:22 0 0 경기72사1173 3 33 213000019 277102918 12 
2020-12-05T19:35:22 0 0 경기72사1253 3 38 213000019 213000366 55 
2020-12-05T19:36:22 0 0 경기72사1182 3 38 213000019 164000376 30 
2020-12-05T19:36:22 0 0 경기72사1173 3 33 213000019 277102918 12 
2020-12-05T19:36:22 0 0 경기72사1253 3 38 213000019 213000366 55 
2020-12-05T19:37:21 0 0 경기72사1182 3 39 213000019 164000377 31 
2020-12-05T19:37:21 0 0 경기72사1173 3 33 213000019 277103197 13 
2020-12-05T19:37:21 0 0 경기72사1253 3 38 213000019 213000366 55 
2020-12-05T19:38:22 0 0 경기72사1182 3 39 213000019 164000385 33 
2020-12-05T19:38:22 0 0 경기72사1173 3 33 213000019 277103197 13 
2020-12-05T19:38:22 0 0 경기72사1253 3 38 213000019 213000200 56 
2020-12-05T19:39:21 0 0 경기72사1182 3 39 213000019 164000441 34 
2020-12-05T19:39:21 0 0 경기72사1253 3 38 213000019 213000106 57 
2020-12-05T19:39:21 0 0 경기72사1173 3 33 213000019 277102920 14 
2020-12-05T19:40:21 0 0 경기72사1182 3 39 213000019 164000396 35 
2020-12-05T19:40:21 0 0 경기72사1253 3 38 213000019 213000106 57 
2020-12-05T19:40:21 0 0 경기72사1173 3 33 213000019 277102920 14 
2020-12-05T19:41:21 0 0 경기72사1182 3 39 213000019 164000396 35 
2020-12-05T19:41:21 0 0 경기72사1253 3 38 213000019 213000106 57 
2020-12-05T19:41:21 0 0 경기72사1173 3 33 213000019 277102920 14 
2020-12-05T19:42:20 0 0 경기72사1182 3 39 213000019 164000390 36 
2020-12-05T19:42:20 0 0 경기72사1173 3 33 213000019 277103045 15 
2020-12-05T19:42:20 0 0 경기72사1253 3 38 213000019 213000106 57 
2020-12-05T19:43:20 0 0 경기72사1182 3 39 213000019 164000390 36 
2020-12-05T19:43:20 0 0 경기72사1253 3 38 213000019 213000106 57 
2020-12-05T19:43:20 0 0 경기72사1173 3 33 213000019 277103045 15 
2020-12-05T19:44:20 0 0 경기72사1182 3 39 213000019 164000491 37 
2020-12-05T19:44:20 0 0 경기72사1173 3 33 213000019 277103045 15 
2020-12-05T19:44:20 0 0 경기72사1253 3 38 213000019 213000106 57 
2020-12-05T19:45:20 0 0 경기72사1182 3 35 213000019 164000491 37 
2020-12-05T19:45:20 0 0 경기72사1173 3 33 213000019 277103045 15 
2020-12-05T19:46:20 0 0 경기72사1182 3 35 213000019 164000425 38 
2020-12-05T19:46:20 0 0 경기72사1173 3 33 213000019 277103045 15 
2020-12-05T19:47:19 0 0 경기72사1182 3 35 213000019 164000411 39 
2020-12-05T19:47:19 0 0 경기72사1173 3 33 213000019 277103045 15 
2020-12-05T19:48:18 0 0 경기72사1182 3 35 213000019 164000409 40 
2020-12-05T19:48:18 0 0 경기72사1173 3 34 213000019 164000296 16 
2020-12-05T19:49:18 0 0 경기72사1182 3 33 213000019 164000409 40 
2020-12-05T19:49:18 0 0 경기72사1173 3 34 213000019 164000296 16 
2020-12-05T19:50:17 0 0 경기72사1182 3 33 213000019 164000409 40 
2020-12-05T19:50:17 0 0 경기72사1173 3 34 213000019 164000289 17 
2020-12-05T19:51:16 0 0 경기72사1182 3 33 213000019 164000409 40 
2020-12-05T19:51:16 0 0 경기72사1173 3 35 213000019 164000314 18 
2020-12-05T19:51:16 0 0 경기72사1181 3 36 213000019 213000231 1 
2020-12-05T19:52:16 0 0 경기72사1182 3 33 213000019 164000340 41 
2020-12-05T19:52:16 0 0 경기72사1173 3 35 213000019 164000314 18 
2020-12-05T19:52:16 0 0 경기72사1181 3 36 213000019 213000231 1 
2020-12-05T19:53:15 0 0 경기72사1182 3 33 213000019 164000260 42 
2020-12-05T19:53:15 0 0 경기72사1173 3 35 213000019 164000314 18 
2020-12-05T19:53:15 0 0 경기72사1181 3 36 213000019 277101976 2 
2020-12-05T19:54:14 0 0 경기72사1182 3 33 213000019 164000260 42 
2020-12-05T19:54:14 0 0 경기72사1181 3 36 213000019 277101976 2 
2020-12-05T19:54:14 0 0 경기72사1173 3 36 213000019 164000261 19 
2020-12-05T19:55:14 0 0 경기72사1182 3 33 213000019 164000260 42 
2020-12-05T19:55:14 0 0 경기72사1173 3 36 213000019 164000261 19 
2020-12-05T19:55:14 0 0 경기72사1181 3 36 213000019 277102480 3 
2020-12-05T19:56:14 0 0 경기72사1182 3 33 213000019 164000280 43 
2020-12-05T19:56:14 0 0 경기72사1181 3 36 213000019 213000228 4 
2020-12-05T19:56:14 0 0 경기72사1173 3 36 213000019 164000204 20 
2020-12-05T19:57:13 0 0 경기72사1182 3 32 213000019 164000287 44 
2020-12-05T19:57:13 0 0 경기72사1173 3 36 213000019 164000204 20 
2020-12-05T19:57:13 0 0 경기72사1181 3 36 213000019 213000228 4 
2020-12-05T19:58:13 0 0 경기72사1182 3 32 213000019 164000295 45 
2020-12-05T19:58:13 0 0 경기72사1173 3 36 213000019 164000204 20 
2020-12-05T19:58:13 0 0 경기72사1181 3 36 213000019 213000137 5 
2020-12-05T19:59:13 0 0 경기72사1182 3 30 213000019 164000295 45 
2020-12-05T19:59:13 0 0 경기72사1173 3 36 213000019 164000204 20 
2020-12-05T19:59:13 0 0 경기72사1181 3 36 213000019 213000367 6 
2020-12-05T20:00:13 0 0 경기72사1182 3 30 213000019 164000295 45 
2020-12-05T20:00:13 0 0 경기72사1181 3 36 213000019 213000367 6 
2020-12-05T20:00:13 0 0 경기72사1173 3 38 213000019 164000410 21 
2020-12-05T20:01:12 0 0 경기72사1182 3 30 213000019 164000295 45 
2020-12-05T20:01:12 0 0 경기72사1181 3 36 213000019 213000367 6 
2020-12-05T20:01:12 0 0 경기72사1173 3 38 213000019 164000426 23 
2020-12-05T20:02:12 0 0 경기72사1182 3 30 213000019 164000295 45 
2020-12-05T20:02:12 0 0 경기72사1173 3 38 213000019 164000426 23 
2020-12-05T20:02:12 0 0 경기72사1181 3 36 213000019 213000300 7 
2020-12-05T20:03:12 0 0 경기72사1182 3 30 213000019 164000295 45 
2020-12-05T20:03:12 0 0 경기72사1181 3 36 213000019 213000300 7 
2020-12-05T20:03:12 0 0 경기72사1173 3 38 213000019 164000490 24 
2020-12-05T20:04:12 0 0 경기72사1182 3 30 213000019 277103046 46 
2020-12-05T20:04:12 0 0 경기72사1173 3 39 213000019 164000395 26 
2020-12-05T20:04:12 0 0 경기72사1181 3 36 213000019 213000300 7 
2020-12-05T20:05:11 0 0 경기72사1182 3 30 213000019 277103046 46 
2020-12-05T20:05:11 0 0 경기72사1181 3 36 213000019 213000300 7 
2020-12-05T20:05:11 0 0 경기72사1173 3 39 213000019 164000395 26 
2020-12-05T20:06:10 0 0 경기72사1182 3 30 213000019 277103046 46 
2020-12-05T20:06:10 0 0 경기72사1173 3 39 213000019 164000395 26 
2020-12-05T20:06:10 0 0 경기72사1181 3 36 213000019 117000310 8 
2020-12-05T20:07:10 0 0 경기72사1182 3 30 213000019 277102921 47 
2020-12-05T20:07:10 0 0 경기72사1173 3 39 213000019 164000442 27 
2020-12-05T20:07:10 0 0 경기72사1181 3 33 213000019 277102753 9 
2020-12-05T20:08:09 0 0 경기72사1182 3 30 213000019 277102921 47 
2020-12-05T20:08:09 0 0 경기72사1173 3 39 213000019 164000442 27 
2020-12-05T20:08:09 0 0 경기72사1181 3 33 213000019 277102753 9 
2020-12-05T20:09:08 0 0 경기72사1182 3 30 213000019 277103196 48 
2020-12-05T20:09:08 0 0 경기72사1173 3 39 213000019 164000386 28 
2020-12-05T20:09:08 0 0 경기72사1181 3 33 213000019 277102917 10 
2020-12-05T20:10:08 0 0 경기72사1182 3 30 213000019 277103196 48 
2020-12-05T20:10:08 0 0 경기72사1173 3 39 213000019 164000376 30 
2020-12-05T20:10:08 0 0 경기72사1181 3 33 213000019 277102917 10 
2020-12-05T20:11:07 0 0 경기72사1182 3 30 213000019 277102919 49 
2020-12-05T20:11:07 0 0 경기72사1173 3 39 213000019 164000376 30 
2020-12-05T20:11:07 0 0 경기72사1181 3 33 213000019 277102917 10 
2020-12-05T20:12:07 0 0 경기72사1182 3 30 213000019 277102919 49 
2020-12-05T20:12:07 0 0 경기72사1173 3 39 213000019 164000376 30 
2020-12-05T20:12:07 0 0 경기72사1181 3 33 213000019 277103193 11 
2020-12-05T20:13:07 0 0 경기72사1182 3 30 213000019 277103192 50 
2020-12-05T20:13:07 0 0 경기72사1173 3 39 213000019 164000376 30 
2020-12-05T20:13:07 0 0 경기72사1181 3 33 213000019 277103193 11 
2020-12-05T20:14:07 0 0 경기72사1182 3 30 213000019 277103192 50 
2020-12-05T20:14:07 0 0 경기72사1173 3 39 213000019 164000376 30 
2020-12-05T20:14:07 0 0 경기72사1181 3 33 213000019 277102918 12 
2020-12-05T20:15:06 0 0 경기72사1182 3 30 213000019 277103192 50 
2020-12-05T20:15:06 0 0 경기72사1173 3 39 213000019 164000376 30 
2020-12-05T20:15:06 0 0 경기72사1181 3 33 213000019 277102918 12 
2020-12-05T20:16:05 0 0 경기72사1182 3 30 213000019 277103192 50 
2020-12-05T20:16:05 0 0 경기72사1173 3 39 213000019 164000376 30 
2020-12-05T20:16:05 0 0 경기72사1181 3 33 213000019 277103197 13 
2020-12-05T20:17:05 0 0 경기72사1182 3 30 213000019 277102916 51 
2020-12-05T20:17:05 0 0 경기72사1173 3 39 213000019 164000376 30 
2020-12-05T20:17:05 0 0 경기72사1181 3 33 213000019 277103197 13 
2020-12-05T20:18:04 0 0 경기72사1182 3 31 213000019 277102916 51 
2020-12-05T20:18:04 0 0 경기72사1181 3 33 213000019 277103197 13 
2020-12-05T20:18:04 0 0 경기72사1173 3 39 213000019 164000376 30 
2020-12-05T20:19:04 0 0 경기72사1182 3 31 213000019 277101798 52 
2020-12-05T20:19:04 0 0 경기72사1173 3 39 213000019 164000376 30 
2020-12-05T20:19:04 0 0 경기72사1181 3 33 213000019 277102920 14 
2020-12-05T20:20:04 0 0 경기72사1182 3 36 213000019 208000037 53 
2020-12-05T20:20:04 0 0 경기72사1173 3 39 213000019 164000376 30 
2020-12-05T20:20:04 0 0 경기72사1181 3 33 213000019 277102920 14 
2020-12-05T20:21:04 0 0 경기72사1182 3 36 213000019 208000037 53 
2020-12-05T20:21:04 0 0 경기72사1173 3 39 213000019 164000376 30 
2020-12-05T20:21:04 0 0 경기72사1181 3 33 213000019 277103045 15 
2020-12-05T20:22:04 0 0 경기72사1182 3 36 213000019 208000037 53 
2020-12-05T20:22:04 0 0 경기72사1173 3 39 213000019 164000378 32 
2020-12-05T20:22:04 0 0 경기72사1181 3 33 213000019 277103045 15 
2020-12-05T20:23:03 0 0 경기72사1182 3 36 213000019 213000303 54 
2020-12-05T20:23:03 0 0 경기72사1181 3 33 213000019 277103045 15 
2020-12-05T20:23:03 0 0 경기72사1173 3 38 213000019 164000385 33 
2020-12-05T20:24:04 0 0 경기72사1182 3 36 213000019 213000303 54 
2020-12-05T20:24:04 0 0 경기72사1173 3 38 213000019 164000441 34 
2020-12-05T20:24:04 0 0 경기72사1181 3 33 213000019 277103045 15 
2020-12-05T20:25:03 0 0 경기72사1182 3 36 213000019 213000366 55 
2020-12-05T20:25:03 0 0 경기72사1173 3 38 213000019 164000396 35 
2020-12-05T20:25:03 0 0 경기72사1181 3 35 213000019 164000296 16 
2020-12-05T20:26:02 0 0 경기72사1182 3 36 213000019 213000200 56 
2020-12-05T20:26:02 0 0 경기72사1173 3 38 213000019 164000396 35 
2020-12-05T20:26:02 0 0 경기72사1181 3 35 213000019 164000289 17 
2020-12-05T20:27:02 0 0 경기72사1182 3 36 213000019 213000106 57 
2020-12-05T20:27:02 0 0 경기72사1173 3 38 213000019 164000390 36 
2020-12-05T20:27:02 0 0 경기72사1181 3 35 213000019 164000314 18 
2020-12-05T20:28:01 0 0 경기72사1182 3 36 213000019 213000106 57 
2020-12-05T20:28:01 0 0 경기72사1181 3 35 213000019 164000314 18 
2020-12-05T20:28:01 0 0 경기72사1173 3 38 213000019 164000491 37 
2020-12-05T20:29:01 0 0 경기72사1182 3 36 213000019 213000106 57 
2020-12-05T20:29:01 0 0 경기72사1181 3 35 213000019 164000314 18 
2020-12-05T20:29:01 0 0 경기72사1173 3 36 213000019 164000491 37 
2020-12-05T20:30:01 0 0 경기72사1182 3 36 213000019 213000106 57 
2020-12-05T20:30:01 0 0 경기72사1173 3 36 213000019 164000425 38 
2020-12-05T20:30:01 0 0 경기72사1181 3 37 213000019 164000261 19 
2020-12-05T20:31:01 0 0 경기72사1182 3 36 213000019 213000106 57 
2020-12-05T20:31:01 0 0 경기72사1173 3 34 213000019 164000425 38 
2020-12-05T20:31:01 0 0 경기72사1181 3 37 213000019 164000204 20 
2020-12-05T20:32:01 0 0 경기72사1182 3 36 213000019 213000106 57 
2020-12-05T20:32:01 0 0 경기72사1173 3 34 213000019 164000425 38 
2020-12-05T20:32:01 0 0 경기72사1181 3 37 213000019 164000204 20 
2020-12-05T20:32:01 0 0 경기72사1253 3 39 213000019 213000231 1 
2020-12-05T20:33:01 0 0 경기72사1181 3 37 213000019 164000204 20 
2020-12-05T20:33:01 0 0 경기72사1253 3 39 213000019 277101976 2 
2020-12-05T20:33:01 0 0 경기72사1173 3 33 213000019 164000411 39 
2020-12-05T20:34:01 0 0 경기72사1173 3 30 213000019 164000409 40 
2020-12-05T20:34:01 0 0 경기72사1181 3 37 213000019 164000204 20 
2020-12-05T20:34:01 0 0 경기72사1253 3 39 213000019 277101976 2 
2020-12-05T20:35:01 0 0 경기72사1173 3 30 213000019 164000409 40 
2020-12-05T20:35:01 0 0 경기72사1253 3 39 213000019 277102480 3 
2020-12-05T20:35:01 0 0 경기72사1181 3 38 213000019 164000410 21 
2020-12-05T20:36:00 0 0 경기72사1173 3 30 213000019 164000409 40 
2020-12-05T20:36:00 0 0 경기72사1253 3 38 213000019 213000228 4 
2020-12-05T20:36:00 0 0 경기72사1181 3 39 213000019 164000426 23 
2020-12-05T20:37:00 0 0 경기72사1181 3 39 213000019 164000426 23 
2020-12-05T20:37:00 0 0 경기72사1173 3 30 213000019 164000409 40 
2020-12-05T20:37:00 0 0 경기72사1253 3 38 213000019 213000228 4 
2020-12-05T20:37:59 0 0 경기72사1181 3 39 213000019 164000426 23 
2020-12-05T20:37:59 0 0 경기72사1173 3 30 213000019 164000409 40 
2020-12-05T20:37:59 0 0 경기72사1253 3 38 213000019 213000137 5 
2020-12-05T20:38:59 0 0 경기72사1253 3 38 213000019 213000137 5 
2020-12-05T20:38:59 0 0 경기72사1181 3 39 213000019 164000490 24 
2020-12-05T20:38:59 0 0 경기72사1173 3 31 213000019 164000340 41 
2020-12-05T20:39:59 0 0 경기72사1181 3 39 213000019 164000490 24 
2020-12-05T20:39:59 0 0 경기72사1253 3 38 213000019 213000137 5 
2020-12-05T20:39:59 0 0 경기72사1173 3 31 213000019 164000260 42 
2020-12-05T20:40:58 0 0 경기72사1173 3 31 213000019 164000260 42 
2020-12-05T20:40:58 0 0 경기72사1253 3 38 213000019 213000137 5 
2020-12-05T20:40:58 0 0 경기72사1181 3 39 213000019 164000394 25 
2020-12-05T20:41:58 0 0 경기72사1173 3 31 213000019 164000260 42 
2020-12-05T20:41:58 0 0 경기72사1253 3 38 213000019 213000367 6 
2020-12-05T20:41:58 0 0 경기72사1181 3 39 213000019 164000442 27 
2020-12-05T20:42:58 0 0 경기72사1253 3 38 213000019 213000300 7 
2020-12-05T20:42:58 0 0 경기72사1181 3 39 213000019 164000442 27 
2020-12-05T20:42:58 0 0 경기72사1173 3 32 213000019 164000280 43 
2020-12-05T20:43:58 0 0 경기72사1253 3 38 213000019 213000300 7 
2020-12-05T20:43:58 0 0 경기72사1181 3 39 213000019 164000386 28 
2020-12-05T20:43:58 0 0 경기72사1173 3 32 213000019 164000287 44 
2020-12-05T20:44:57 0 0 경기72사1253 3 38 213000019 213000300 7 
2020-12-05T20:44:57 0 0 경기72사1181 3 39 213000019 164000376 30 
2020-12-05T20:44:57 0 0 경기72사1173 3 32 213000019 164000287 44 
2020-12-05T20:45:57 0 0 경기72사1181 3 39 213000019 164000376 30 
2020-12-05T20:45:57 0 0 경기72사1253 3 38 213000019 213000300 7 
2020-12-05T20:45:57 0 0 경기72사1173 3 31 213000019 164000295 45 
2020-12-05T20:46:56 0 0 경기72사1181 3 39 213000019 164000376 30 
2020-12-05T20:46:56 0 0 경기72사1253 3 38 213000019 213000300 7 
2020-12-05T20:46:56 0 0 경기72사1173 3 31 213000019 164000295 45 
2020-12-05T20:47:56 0 0 경기72사1181 3 39 213000019 164000376 30 
2020-12-05T20:47:56 0 0 경기72사1173 3 31 213000019 164000295 45 
2020-12-05T20:47:56 0 0 경기72사1253 3 37 213000019 117000310 8 
2020-12-05T20:48:55 0 0 경기72사1181 3 39 213000019 164000376 30 
2020-12-05T20:48:55 0 0 경기72사1173 3 31 213000019 164000295 45 
2020-12-05T20:48:55 0 0 경기72사1253 3 37 213000019 277102753 9 
2020-12-05T20:49:55 0 0 경기72사1181 3 39 213000019 164000376 30 
2020-12-05T20:49:55 0 0 경기72사1173 3 31 213000019 164000295 45 
2020-12-05T20:49:55 0 0 경기72사1253 3 37 213000019 277102917 10 
2020-12-05T20:50:54 0 0 경기72사1181 3 39 213000019 164000376 30 
2020-12-05T20:50:54 0 0 경기72사1173 3 31 213000019 164000295 45 
2020-12-05T20:50:54 0 0 경기72사1253 3 37 213000019 277102917 10 
2020-12-05T20:51:54 0 0 경기72사1181 3 39 213000019 164000376 30 
2020-12-05T20:51:54 0 0 경기72사1253 3 37 213000019 277102917 10 
2020-12-05T20:51:54 0 0 경기72사1173 3 31 213000019 277103046 46 
2020-12-05T20:52:54 0 0 경기72사1181 3 39 213000019 164000376 30 
2020-12-05T20:52:54 0 0 경기72사1173 3 31 213000019 277103046 46 
2020-12-05T20:52:54 0 0 경기72사1253 3 37 213000019 277103193 11 
2020-12-05T20:53:53 0 0 경기72사1181 3 39 213000019 164000376 30 
2020-12-05T20:53:53 0 0 경기72사1253 3 37 213000019 277103193 11 
2020-12-05T20:53:53 0 0 경기72사1173 3 31 213000019 277102921 47 
2020-12-05T20:54:53 0 0 경기72사1181 3 39 213000019 164000376 30 
2020-12-05T20:54:53 0 0 경기72사1173 3 31 213000019 277102921 47 
2020-12-05T20:54:53 0 0 경기72사1253 3 37 213000019 277103193 11 
2020-12-05T20:55:52 0 0 경기72사1181 3 39 213000019 164000376 30 
2020-12-05T20:55:52 0 0 경기72사1173 3 31 213000019 277102921 47 
2020-12-05T20:55:52 0 0 경기72사1253 3 37 213000019 277102918 12 
