234000011 2020-12-11T00:00:44.796071+09:00
2020-12-12T11:11:53 0 0 경기77바2126 3 37 234000011 234000358 88 
2020-12-12T11:11:53 0 0 경기77바2262 3 35 234000011 124000365 57 
2020-12-12T11:11:53 0 0 경기77바2265 3 11 234000011 277102517 37 
2020-12-12T11:11:53 0 0 경기77바2457 3 30 234000011 124000358 44 
2020-12-12T11:11:53 0 0 경기77바2141 3 33 234000011 234000337 19 
2020-12-12T11:11:53 0 0 경기77바2219 3 34 234000011 234000364 82 
2020-12-12T11:11:53 0 0 경기77바2290 3 26 234000011 234000282 28 
2020-12-12T11:11:53 0 0 경기77바2263 3 42 234000011 277102817 62 
2020-12-12T11:11:53 0 0 경기77바2155 3 37 234000011 104000064 51 
2020-12-12T11:11:53 0 0 경기77바3446 3 43 234000011 234000271 73 
2020-12-12T11:11:53 0 0 경기77바2000 3 42 234000011 234000343 10 
2020-12-12T11:11:53 0 0 경기77바2215 3 39 234000011 234000354 94 
