229000028 2020-12-08T00:00:42.174360+09:00
2020-12-08T13:17:23 0 0 경기76자1345 3 37 229000028 219000192 51 
2020-12-08T13:17:23 0 0 경기76자1840 3 31 229000028 219000386 76 
2020-12-08T13:17:23 0 0 경기76자1832 3 39 229000028 229000878 106 
2020-12-08T13:17:23 0 0 경기76자1101 3 21 229000028 277103428 62 
2020-12-08T13:17:23 0 0 경기76자1085 3 33 229000028 229001298 35 
2020-12-08T13:17:23 0 0 경기76자1871 3 37 229000028 219000129 84 
2020-12-08T13:17:23 0 0 경기76자1874 3 38 229000028 113000494 67 
2020-12-08T13:17:23 0 0 경기76자1835 3 41 229000028 229000164 120 
2020-12-08T13:17:23 0 0 경기76자1720 3 41 229000028 229001655 15 
2020-12-08T13:17:23 0 0 경기76자1345 3 37 229000028 219000192 51 
2020-12-08T13:17:23 0 0 경기76자1840 3 31 229000028 219000386 76 
2020-12-08T13:17:23 0 0 경기76자1832 3 39 229000028 229000878 106 
2020-12-08T13:17:23 0 0 경기76자1101 3 21 229000028 277103428 62 
2020-12-08T13:17:23 0 0 경기76자1085 3 33 229000028 229001298 35 
2020-12-08T13:17:23 0 0 경기76자1871 3 37 229000028 219000129 84 
2020-12-08T13:17:23 0 0 경기76자1874 3 38 229000028 113000494 67 
2020-12-08T13:17:23 0 0 경기76자1835 3 41 229000028 229000164 120 
2020-12-08T13:17:23 0 0 경기76자1720 3 41 229000028 229001655 15 
