200000205 2020-12-02T00:00:29.572455+09:00
2020-12-02T14:23:32.854238+09:00 0 0 경기70바5542 3 19 200000205 277103443 16 
2020-12-02T14:23:32.854301+09:00 0 0 경기70바5540 3 32 200000205 277104181 41 
2020-12-02T14:23:32.854323+09:00 0 0 경기70바5548 3 32 200000205 202000033 58 
2020-12-02T14:23:32.854339+09:00 0 0 경기70바5480 3 34 200000205 203000063 7 
2020-12-02T14:23:32.854356+09:00 0 0 경기70바5609 3 47 200000205 101000303 31 
2020-12-02T14:23:32.854372+09:00 0 0 경기70바5539 3 37 200000205 277103150 51 
2020-12-02T14:24:32.738390+09:00 0 0 경기70바5542 3 19 200000205 277103386 17 
2020-12-02T14:24:32.738456+09:00 0 0 경기70바5540 3 32 200000205 277104179 42 
2020-12-02T14:24:32.738476+09:00 0 0 경기70바5548 3 33 200000205 202000033 58 
2020-12-02T14:24:32.738492+09:00 0 0 경기70바5480 3 34 200000205 203000063 7 
2020-12-02T14:24:32.738508+09:00 0 0 경기70바5609 3 47 200000205 101000303 31 
2020-12-02T14:24:32.738523+09:00 0 0 경기70바5539 3 37 200000205 277103150 51 
2020-12-02T14:25:32.082478+09:00 0 0 경기70바5542 3 19 200000205 277103386 17 
2020-12-02T14:25:32.082542+09:00 0 0 경기70바5540 3 32 200000205 102000070 43 
2020-12-02T14:25:32.082561+09:00 0 0 경기70바5548 3 34 200000205 202000005 59 
2020-12-02T14:25:32.082577+09:00 0 0 경기70바5539 3 37 200000205 277103150 51 
2020-12-02T14:25:32.082593+09:00 0 0 경기70바5609 3 47 200000205 277104283 32 
2020-12-02T14:25:32.082607+09:00 0 0 경기70바5480 3 34 200000205 203000063 7 
2020-12-02T14:26:31.916505+09:00 0 0 경기70바5540 3 31 200000205 102000070 43 
2020-12-02T14:26:31.916579+09:00 0 0 경기70바5548 3 34 200000205 202000005 59 
2020-12-02T14:26:31.916600+09:00 0 0 경기70바5542 3 19 200000205 277103151 18 
2020-12-02T14:26:31.916615+09:00 0 0 경기70바5539 3 37 200000205 277103385 52 
2020-12-02T14:26:31.916632+09:00 0 0 경기70바5609 3 47 200000205 277104283 32 
2020-12-02T14:26:31.916646+09:00 0 0 경기70바5480 3 32 200000205 203000068 8 
2020-12-02T14:27:31.680675+09:00 0 0 경기70바5540 3 31 200000205 102000070 43 
2020-12-02T14:27:31.680737+09:00 0 0 경기70바5542 3 19 200000205 277103151 18 
2020-12-02T14:27:31.680761+09:00 0 0 경기70바5548 3 34 200000205 203000178 60 
2020-12-02T14:27:31.680777+09:00 0 0 경기70바5539 3 37 200000205 277103385 52 
2020-12-02T14:27:31.680793+09:00 0 0 경기70바5609 3 47 200000205 101000128 33 
2020-12-02T14:27:31.680808+09:00 0 0 경기70바5480 3 32 200000205 203000068 8 
2020-12-02T14:28:31.274688+09:00 0 0 경기70바5540 3 31 200000205 102000070 43 
2020-12-02T14:28:31.274750+09:00 0 0 경기70바5548 3 34 200000205 203000178 60 
2020-12-02T14:28:31.274770+09:00 0 0 경기70바5542 3 19 200000205 277103679 19 
2020-12-02T14:28:31.274787+09:00 0 0 경기70바5480 3 32 200000205 203000066 9 
2020-12-02T14:28:31.274803+09:00 0 0 경기70바5609 3 47 200000205 101000128 33 
2020-12-02T14:28:31.274818+09:00 0 0 경기70바5539 3 37 200000205 277103442 53 
2020-12-02T14:29:30.308696+09:00 0 0 경기70바5548 3 34 200000205 203000178 60 
2020-12-02T14:29:30.308762+09:00 0 0 경기70바5542 3 19 200000205 277103441 20 
2020-12-02T14:29:30.308783+09:00 0 0 경기70바5540 3 31 200000205 102000070 43 
2020-12-02T14:29:30.308800+09:00 0 0 경기70바5609 3 47 200000205 101000128 33 
2020-12-02T14:29:30.308816+09:00 0 0 경기70바5539 3 37 200000205 277103442 53 
2020-12-02T14:29:30.308831+09:00 0 0 경기70바5480 3 29 200000205 203000066 9 
2020-12-02T14:30:29.922894+09:00 0 0 경기70바5542 3 19 200000205 277103441 20 
2020-12-02T14:30:29.922955+09:00 0 0 경기70바5544 3 40 200000205 201000212 1 
2020-12-02T14:30:29.922975+09:00 0 0 경기70바5540 3 31 200000205 277103399 44 
2020-12-02T14:30:29.922991+09:00 0 0 경기70바5548 3 35 200000205 203000159 61 
2020-12-02T14:30:29.923006+09:00 0 0 경기70바5539 3 37 200000205 277103442 53 
2020-12-02T14:30:29.923020+09:00 0 0 경기70바5480 3 29 200000205 203000066 9 
2020-12-02T14:30:29.923034+09:00 0 0 경기70바5609 3 47 200000205 101000008 34 
2020-12-02T14:31:29.086907+09:00 0 0 경기70바5544 3 40 200000205 201000212 1 
2020-12-02T14:31:29.086975+09:00 0 0 경기70바5542 3 19 200000205 277104177 21 
2020-12-02T14:31:29.086996+09:00 0 0 경기70바5540 3 31 200000205 277103399 44 
2020-12-02T14:31:29.087012+09:00 0 0 경기70바5548 3 35 200000205 202000075 62 
2020-12-02T14:31:29.087029+09:00 0 0 경기70바5480 3 29 200000205 203000066 9 
2020-12-02T14:31:29.087043+09:00 0 0 경기70바5609 3 47 200000205 101000006 35 
2020-12-02T14:31:29.087058+09:00 0 0 경기70바5539 3 37 200000205 277103442 53 
2020-12-02T14:32:28.931018+09:00 0 0 경기70바5544 3 40 200000205 201000212 1 
2020-12-02T14:32:28.931081+09:00 0 0 경기70바5548 3 37 200000205 202000075 62 
2020-12-02T14:32:28.931103+09:00 0 0 경기70바5540 3 31 200000205 277103392 45 
2020-12-02T14:32:28.931119+09:00 0 0 경기70바5542 3 19 200000205 277103388 22 
2020-12-02T14:32:28.931136+09:00 0 0 경기70바5609 3 49 200000205 101000006 35 
2020-12-02T14:32:28.931150+09:00 0 0 경기70바5539 3 37 200000205 277103442 53 
2020-12-02T14:32:28.931165+09:00 0 0 경기70바5480 3 29 200000205 202000037 10 
2020-12-02T14:33:28.445106+09:00 0 0 경기70바5548 3 37 200000205 202000075 62 
2020-12-02T14:33:28.445171+09:00 0 0 경기70바5542 3 19 200000205 277103388 22 
2020-12-02T14:33:28.445193+09:00 0 0 경기70바5540 3 31 200000205 277103389 46 
2020-12-02T14:33:28.445209+09:00 0 0 경기70바5544 3 40 200000205 277102455 2 
2020-12-02T14:33:28.445226+09:00 0 0 경기70바5609 3 46 200000205 101000006 35 
2020-12-02T14:33:28.445241+09:00 0 0 경기70바5539 3 37 200000205 277103692 54 
2020-12-02T14:33:28.445255+09:00 0 0 경기70바5480 3 29 200000205 202000037 10 
2020-12-02T14:34:28.449255+09:00 0 0 경기70바5540 3 31 200000205 277103389 46 
2020-12-02T14:34:28.449318+09:00 0 0 경기70바5548 3 37 200000205 202000075 62 
2020-12-02T14:34:28.449338+09:00 0 0 경기70바5544 3 40 200000205 201000192 3 
2020-12-02T14:34:28.449354+09:00 0 0 경기70바5542 3 19 200000205 277103390 23 
2020-12-02T14:34:28.449371+09:00 0 0 경기70바5539 3 37 200000205 277103692 54 
2020-12-02T14:34:28.449385+09:00 0 0 경기70바5480 3 29 200000205 202000037 10 
2020-12-02T14:34:28.449430+09:00 0 0 경기70바5609 3 46 200000205 277101742 36 
2020-12-02T14:35:28.223336+09:00 0 0 경기70바5544 3 40 200000205 201000192 3 
2020-12-02T14:35:28.223396+09:00 0 0 경기70바5542 3 19 200000205 277103390 23 
2020-12-02T14:35:28.223416+09:00 0 0 경기70바5540 3 31 200000205 277103387 47 
2020-12-02T14:35:28.223432+09:00 0 0 경기70바5548 3 37 200000205 201000209 63 
2020-12-02T14:35:28.223448+09:00 0 0 경기70바5609 3 46 200000205 277102114 38 
2020-12-02T14:35:28.223462+09:00 0 0 경기70바5539 3 37 200000205 277103692 54 
2020-12-02T14:35:28.223477+09:00 0 0 경기70바5480 3 26 200000205 202000053 11 
2020-12-02T14:36:27.797437+09:00 0 0 경기70바5548 3 39 200000205 201000209 63 
2020-12-02T14:36:27.797498+09:00 0 0 경기70바5540 3 31 200000205 277104178 48 
2020-12-02T14:36:27.797519+09:00 0 0 경기70바5542 3 19 200000205 277103391 24 
2020-12-02T14:36:27.797535+09:00 0 0 경기70바5544 3 38 200000205 201000118 4 
2020-12-02T14:36:27.797551+09:00 0 0 경기70바5609 3 46 200000205 277102114 38 
2020-12-02T14:36:27.797566+09:00 0 0 경기70바5480 3 26 200000205 203000166 12 
2020-12-02T14:36:27.797580+09:00 0 0 경기70바5539 3 38 200000205 277103381 55 
2020-12-02T14:37:27.691581+09:00 0 0 경기70바5544 3 38 200000205 201000118 4 
2020-12-02T14:37:27.691643+09:00 0 0 경기70바5540 3 31 200000205 277103440 49 
2020-12-02T14:37:27.691664+09:00 0 0 경기70바5542 3 19 200000205 277103391 24 
2020-12-02T14:37:27.691681+09:00 0 0 경기70바5548 3 40 200000205 201000199 64 
2020-12-02T14:37:27.691698+09:00 0 0 경기70바5609 3 46 200000205 101000148 39 
2020-12-02T14:37:27.691713+09:00 0 0 경기70바5539 3 38 200000205 203000165 56 
2020-12-02T14:37:27.691727+09:00 0 0 경기70바5480 3 26 200000205 203000166 12 
2020-12-02T14:38:27.125579+09:00 0 0 경기70바5540 3 31 200000205 277103440 49 
2020-12-02T14:38:27.125640+09:00 0 0 경기70바5548 3 40 200000205 201000199 64 
2020-12-02T14:38:27.125661+09:00 0 0 경기70바5542 3 19 200000205 277103400 25 
2020-12-02T14:38:27.125678+09:00 0 0 경기70바5544 3 37 200000205 201000210 5 
2020-12-02T14:38:27.125695+09:00 0 0 경기70바5539 3 38 200000205 203000165 56 
2020-12-02T14:38:27.125711+09:00 0 0 경기70바5609 3 45 200000205 101000148 39 
2020-12-02T14:38:27.125724+09:00 0 0 경기70바5480 3 26 200000205 277103382 13 
2020-12-02T14:39:26.779677+09:00 0 0 경기70바5544 3 37 200000205 201000210 5 
2020-12-02T14:39:26.779741+09:00 0 0 경기70바5540 3 31 200000205 277103678 50 
2020-12-02T14:39:26.779762+09:00 0 0 경기70바5542 3 19 200000205 277103400 25 
2020-12-02T14:39:26.779778+09:00 0 0 경기70바5548 3 40 200000205 201000198 65 
2020-12-02T14:39:26.779793+09:00 0 0 경기70바5609 3 45 200000205 101000148 39 
2020-12-02T14:39:26.779811+09:00 0 0 경기70바5539 3 38 200000205 203000165 56 
2020-12-02T14:39:26.779825+09:00 0 0 경기70바5480 3 26 200000205 277103382 13 
2020-12-02T14:40:26.293876+09:00 0 0 경기70바5544 3 37 200000205 201000210 5 
2020-12-02T14:40:26.293938+09:00 0 0 경기70바5548 3 40 200000205 201000198 65 
2020-12-02T14:40:26.293958+09:00 0 0 경기70바5542 3 19 200000205 277103400 25 
2020-12-02T14:40:26.293973+09:00 0 0 경기70바5540 3 31 200000205 277103150 51 
2020-12-02T14:40:26.293989+09:00 0 0 경기70바5539 3 38 200000205 203000165 56 
2020-12-02T14:40:26.294004+09:00 0 0 경기70바5480 3 26 200000205 277103382 13 
2020-12-02T14:40:26.294018+09:00 0 0 경기70바5609 3 44 200000205 101000001 40 
2020-12-02T14:41:26.298008+09:00 0 0 경기70바5548 3 40 200000205 201000198 65 
2020-12-02T14:41:26.298072+09:00 0 0 경기70바5542 3 19 200000205 277103400 25 
2020-12-02T14:41:26.298093+09:00 0 0 경기70바5540 3 31 200000205 277103150 51 
2020-12-02T14:41:26.298109+09:00 0 0 경기70바5544 3 37 200000205 201000210 5 
2020-12-02T14:41:26.298125+09:00 0 0 경기70바5609 3 44 200000205 101000001 40 
2020-12-02T14:41:26.298140+09:00 0 0 경기70바5539 3 38 200000205 200000247 57 
2020-12-02T14:41:26.298154+09:00 0 0 경기70바5480 3 26 200000205 277103691 14 
2020-12-02T14:42:25.952303+09:00 0 0 경기70바5548 3 40 200000205 201000198 65 
2020-12-02T14:42:25.952368+09:00 0 0 경기70바5542 3 19 200000205 277103400 25 
2020-12-02T14:42:25.952389+09:00 0 0 경기70바5540 3 31 200000205 277103150 51 
2020-12-02T14:42:25.952405+09:00 0 0 경기70바5544 3 36 200000205 203000162 6 
2020-12-02T14:42:25.952420+09:00 0 0 경기70바5539 3 38 200000205 200000247 57 
2020-12-02T14:42:25.952435+09:00 0 0 경기70바5609 3 41 200000205 101000001 40 
2020-12-02T14:42:25.952449+09:00 0 0 경기70바5480 3 26 200000205 277103231 15 
2020-12-02T14:43:25.696582+09:00 0 0 경기70바5548 3 40 200000205 201000198 65 
2020-12-02T14:43:25.696645+09:00 0 0 경기70바5540 3 31 200000205 277103385 52 
2020-12-02T14:43:25.696665+09:00 0 0 경기70바5544 3 36 200000205 203000063 7 
2020-12-02T14:43:25.696683+09:00 0 0 경기70바5542 3 24 200000205 102000069 26 
2020-12-02T14:43:25.696700+09:00 0 0 경기70바5539 3 38 200000205 200000247 57 
2020-12-02T14:43:25.696715+09:00 0 0 경기70바5609 3 41 200000205 277104181 41 
2020-12-02T14:43:25.696729+09:00 0 0 경기70바5480 3 26 200000205 277103231 15 
2020-12-02T14:44:24.880710+09:00 0 0 경기70바5548 3 40 200000205 201000198 65 
2020-12-02T14:44:24.880769+09:00 0 0 경기70바5540 3 31 200000205 277103385 52 
2020-12-02T14:44:24.880788+09:00 0 0 경기70바5544 3 36 200000205 203000063 7 
2020-12-02T14:44:24.880804+09:00 0 0 경기70바5542 3 24 200000205 277104180 27 
2020-12-02T14:44:24.880820+09:00 0 0 경기70바5480 3 26 200000205 277103231 15 
2020-12-02T14:44:24.880835+09:00 0 0 경기70바5539 3 38 200000205 200000247 57 
2020-12-02T14:44:24.880849+09:00 0 0 경기70바5609 3 41 200000205 277104181 41 
2020-12-02T14:45:24.544843+09:00 0 0 경기70바5548 3 40 200000205 201000198 65 
2020-12-02T14:45:24.544907+09:00 0 0 경기70바5540 3 31 200000205 277103385 52 
2020-12-02T14:45:24.544928+09:00 0 0 경기70바5544 3 36 200000205 203000063 7 
2020-12-02T14:45:24.544945+09:00 0 0 경기70바5542 3 24 200000205 277104180 27 
2020-12-02T14:45:24.544961+09:00 0 0 경기70바5480 3 26 200000205 277103231 15 
2020-12-02T14:45:24.544976+09:00 0 0 경기70바5609 3 41 200000205 277104179 42 
2020-12-02T14:45:24.544990+09:00 0 0 경기70바5539 3 38 200000205 202000033 58 
2020-12-02T14:46:23.889120+09:00 0 0 경기70바5548 3 40 200000205 201000198 65 
2020-12-02T14:46:23.889184+09:00 0 0 경기70바5540 3 31 200000205 277103442 53 
2020-12-02T14:46:23.889204+09:00 0 0 경기70바5542 3 24 200000205 277104186 28 
2020-12-02T14:46:23.889219+09:00 0 0 경기70바5544 3 36 200000205 203000063 7 
2020-12-02T14:46:23.889236+09:00 0 0 경기70바5539 3 38 200000205 202000033 58 
2020-12-02T14:46:23.889250+09:00 0 0 경기70바5480 3 26 200000205 277103443 16 
2020-12-02T14:46:23.889265+09:00 0 0 경기70바5609 3 38 200000205 102000070 43 
2020-12-02T14:47:23.693273+09:00 0 0 경기70바5548 3 40 200000205 201000198 65 
2020-12-02T14:47:23.693335+09:00 0 0 경기70바5540 3 31 200000205 277103442 53 
2020-12-02T14:47:23.693355+09:00 0 0 경기70바5544 3 35 200000205 203000068 8 
2020-12-02T14:47:23.693371+09:00 0 0 경기70바5542 3 25 200000205 277104186 28 
2020-12-02T14:47:23.693388+09:00 0 0 경기70바5539 3 38 200000205 202000033 58 
2020-12-02T14:47:23.693403+09:00 0 0 경기70바5480 3 26 200000205 277103443 16 
2020-12-02T14:47:23.693418+09:00 0 0 경기70바5609 3 38 200000205 102000070 43 
2020-12-02T14:48:23.697463+09:00 0 0 경기70바5548 3 40 200000205 201000198 65 
2020-12-02T14:48:23.697531+09:00 0 0 경기70바5540 3 31 200000205 277103442 53 
2020-12-02T14:48:23.697551+09:00 0 0 경기70바5542 3 34 200000205 101000002 29 
2020-12-02T14:48:23.697567+09:00 0 0 경기70바5544 3 35 200000205 203000068 8 
2020-12-02T14:48:23.697584+09:00 0 0 경기70바5539 3 38 200000205 202000033 58 
2020-12-02T14:48:23.697599+09:00 0 0 경기70바5609 3 38 200000205 102000070 43 
2020-12-02T14:48:23.697613+09:00 0 0 경기70바5480 3 26 200000205 277103443 16 
2020-12-02T14:49:23.061712+09:00 0 0 경기70바5548 3 40 200000205 201000198 65 
2020-12-02T14:49:23.061774+09:00 0 0 경기70바5540 3 31 200000205 277103442 53 
2020-12-02T14:49:23.061795+09:00 0 0 경기70바5544 3 35 200000205 203000066 9 
2020-12-02T14:49:23.061811+09:00 0 0 경기70바5542 3 35 200000205 277104376 30 
2020-12-02T14:49:23.061827+09:00 0 0 경기70바5480 3 26 200000205 277103386 17 
2020-12-02T14:49:23.061842+09:00 0 0 경기70바5539 3 39 200000205 202000005 59 
2020-12-02T14:49:23.061856+09:00 0 0 경기70바5609 3 38 200000205 277103399 44 
2020-12-02T14:50:22.895903+09:00 0 0 경기70바5548 3 40 200000205 201000198 65 
2020-12-02T14:50:22.895964+09:00 0 0 경기70바5542 3 35 200000205 277104376 30 
2020-12-02T14:50:22.895986+09:00 0 0 경기70바5540 3 31 200000205 277103692 54 
2020-12-02T14:50:22.896002+09:00 0 0 경기70바5544 3 31 200000205 203000066 9 
2020-12-02T14:50:22.896019+09:00 0 0 경기70바5480 3 26 200000205 277103386 17 
2020-12-02T14:50:22.896033+09:00 0 0 경기70바5539 3 39 200000205 202000005 59 
2020-12-02T14:50:22.896048+09:00 0 0 경기70바5705 3 47 200000205 201000212 1 
2020-12-02T14:50:22.896061+09:00 0 0 경기70바5609 3 38 200000205 277103399 44 
2020-12-02T14:51:22.530041+09:00 0 0 경기70바5548 3 40 200000205 201000198 65 
2020-12-02T14:51:22.530104+09:00 0 0 경기70바5544 3 31 200000205 203000066 9 
2020-12-02T14:51:22.530124+09:00 0 0 경기70바5542 3 36 200000205 101000303 31 
2020-12-02T14:51:22.530140+09:00 0 0 경기70바5540 3 31 200000205 277103692 54 
2020-12-02T14:51:22.530157+09:00 0 0 경기70바5609 3 38 200000205 277103392 45 
2020-12-02T14:51:22.530171+09:00 0 0 경기70바5539 3 39 200000205 203000178 60 
2020-12-02T14:51:22.530186+09:00 0 0 경기70바5480 3 26 200000205 277103151 18 
2020-12-02T14:51:22.530200+09:00 0 0 경기70바5705 3 47 200000205 277102455 2 
2020-12-02T14:52:21.424132+09:00 0 0 경기70바5548 3 40 200000205 201000198 65 
2020-12-02T14:52:21.424192+09:00 0 0 경기70바5544 3 31 200000205 203000066 9 
2020-12-02T14:52:21.424212+09:00 0 0 경기70바5542 3 36 200000205 101000303 31 
2020-12-02T14:52:21.424227+09:00 0 0 경기70바5540 3 31 200000205 277103381 55 
2020-12-02T14:52:21.424243+09:00 0 0 경기70바5705 3 47 200000205 201000192 3 
2020-12-02T14:52:21.424257+09:00 0 0 경기70바5609 3 38 200000205 277103392 45 
2020-12-02T14:52:21.424271+09:00 0 0 경기70바5539 3 39 200000205 203000178 60 
2020-12-02T14:52:21.424284+09:00 0 0 경기70바5480 3 26 200000205 277103151 18 
2020-12-02T14:53:21.238199+09:00 0 0 경기70바5548 3 40 200000205 201000198 65 
2020-12-02T14:53:21.238262+09:00 0 0 경기70바5540 3 32 200000205 203000165 56 
2020-12-02T14:53:21.238283+09:00 0 0 경기70바5542 3 36 200000205 277104283 32 
2020-12-02T14:53:21.238299+09:00 0 0 경기70바5544 3 31 200000205 203000066 9 
2020-12-02T14:53:21.238316+09:00 0 0 경기70바5609 3 38 200000205 277103389 46 
2020-12-02T14:53:21.238331+09:00 0 0 경기70바5539 3 39 200000205 203000159 61 
2020-12-02T14:53:21.238346+09:00 0 0 경기70바5480 3 26 200000205 277103679 19 
2020-12-02T14:53:21.238360+09:00 0 0 경기70바5705 3 47 200000205 201000192 3 
2020-12-02T14:54:20.532451+09:00 0 0 경기70바5542 3 36 200000205 277104283 32 
2020-12-02T14:54:20.532514+09:00 0 0 경기70바5540 3 33 200000205 203000165 56 
2020-12-02T14:54:20.532536+09:00 0 0 경기70바5544 3 30 200000205 202000037 10 
2020-12-02T14:54:20.532553+09:00 0 0 경기70바5539 3 39 200000205 203000159 61 
2020-12-02T14:54:20.532573+09:00 0 0 경기70바5480 3 26 200000205 277103679 19 
2020-12-02T14:54:20.532589+09:00 0 0 경기70바5705 3 46 200000205 201000118 4 
2020-12-02T14:54:20.532604+09:00 0 0 경기70바5609 3 38 200000205 277103389 46 
2020-12-02T14:55:19.846447+09:00 0 0 경기70바5540 3 33 200000205 203000165 56 
2020-12-02T14:55:19.846510+09:00 0 0 경기70바5544 3 30 200000205 202000037 10 
2020-12-02T14:55:19.846530+09:00 0 0 경기70바5542 3 37 200000205 101000128 33 
2020-12-02T14:55:19.846546+09:00 0 0 경기70바5480 3 26 200000205 277103441 20 
2020-12-02T14:55:19.846562+09:00 0 0 경기70바5609 3 38 200000205 277103387 47 
2020-12-02T14:55:19.846576+09:00 0 0 경기70바5539 3 39 200000205 203000159 61 
2020-12-02T14:55:19.846590+09:00 0 0 경기70바5705 3 46 200000205 201000118 4 
2020-12-02T14:56:19.800673+09:00 0 0 경기70바5542 3 37 200000205 101000008 34 
2020-12-02T14:56:19.800734+09:00 0 0 경기70바5544 3 30 200000205 202000037 10 
2020-12-02T14:56:19.800755+09:00 0 0 경기70바5540 3 34 200000205 200000247 57 
2020-12-02T14:56:19.800772+09:00 0 0 경기70바5539 3 39 200000205 202000075 62 
2020-12-02T14:56:19.800789+09:00 0 0 경기70바5480 3 26 200000205 277104177 21 
2020-12-02T14:56:19.800804+09:00 0 0 경기70바5705 3 46 200000205 201000210 5 
2020-12-02T14:56:19.800819+09:00 0 0 경기70바5609 3 38 200000205 277104178 48 
2020-12-02T14:57:19.814776+09:00 0 0 경기70바5544 3 30 200000205 202000037 10 
2020-12-02T14:57:19.814841+09:00 0 0 경기70바5540 3 34 200000205 200000247 57 
2020-12-02T14:57:19.814861+09:00 0 0 경기70바5542 3 37 200000205 101000008 34 
2020-12-02T14:57:19.814876+09:00 0 0 경기70바5539 3 39 200000205 202000075 62 
2020-12-02T14:57:19.814893+09:00 0 0 경기70바5480 3 26 200000205 277103388 22 
2020-12-02T14:57:19.814907+09:00 0 0 경기70바5705 3 46 200000205 201000210 5 
2020-12-02T14:57:19.814921+09:00 0 0 경기70바5609 3 38 200000205 277103440 49 
2020-12-02T14:58:19.118974+09:00 0 0 경기70바5540 3 34 200000205 200000247 57 
2020-12-02T14:58:19.119035+09:00 0 0 경기70바5544 3 31 200000205 202000053 11 
2020-12-02T14:58:19.119061+09:00 0 0 경기70바5542 3 39 200000205 101000006 35 
2020-12-02T14:58:19.119078+09:00 0 0 경기70바5705 3 46 200000205 201000210 5 
2020-12-02T14:58:19.119094+09:00 0 0 경기70바5609 3 38 200000205 277103440 49 
2020-12-02T14:58:19.119109+09:00 0 0 경기70바5480 3 26 200000205 277103388 22 
2020-12-02T14:58:19.119123+09:00 0 0 경기70바5539 3 39 200000205 202000075 62 
2020-12-02T14:59:19.053148+09:00 0 0 경기70바5542 3 39 200000205 101000006 35 
2020-12-02T14:59:19.053209+09:00 0 0 경기70바5540 3 34 200000205 200000247 57 
2020-12-02T14:59:19.053228+09:00 0 0 경기70바5544 3 31 200000205 202000053 11 
2020-12-02T14:59:19.053244+09:00 0 0 경기70바5705 3 46 200000205 201000210 5 
2020-12-02T14:59:19.053265+09:00 0 0 경기70바5609 3 38 200000205 277103678 50 
2020-12-02T14:59:19.053280+09:00 0 0 경기70바5539 3 40 200000205 201000209 63 
2020-12-02T14:59:19.053294+09:00 0 0 경기70바5480 3 26 200000205 277103388 22 
2020-12-02T15:00:18.347168+09:00 0 0 경기70바5542 3 36 200000205 101000006 35 
2020-12-02T15:00:18.347231+09:00 0 0 경기70바5544 3 29 200000205 203000166 12 
2020-12-02T15:00:18.347251+09:00 0 0 경기70바5540 3 34 200000205 202000033 58 
2020-12-02T15:00:18.347267+09:00 0 0 경기70바5480 3 26 200000205 277103390 23 
2020-12-02T15:00:18.347283+09:00 0 0 경기70바5539 3 40 200000205 201000209 63 
2020-12-02T15:00:18.347298+09:00 0 0 경기70바5609 3 38 200000205 277103678 50 
2020-12-02T15:00:18.347312+09:00 0 0 경기70바5705 3 46 200000205 203000162 6 
2020-12-02T15:01:18.321412+09:00 0 0 경기70바5540 3 34 200000205 202000033 58 
2020-12-02T15:01:18.321474+09:00 0 0 경기70바5542 3 36 200000205 277101742 36 
2020-12-02T15:01:18.321495+09:00 0 0 경기70바5544 3 29 200000205 203000166 12 
2020-12-02T15:01:18.321512+09:00 0 0 경기70바5609 3 38 200000205 277103150 51 
2020-12-02T15:01:18.321528+09:00 0 0 경기70바5705 3 46 200000205 203000063 7 
2020-12-02T15:01:18.321543+09:00 0 0 경기70바5539 3 40 200000205 201000199 64 
2020-12-02T15:01:18.321557+09:00 0 0 경기70바5480 3 26 200000205 277103391 24 
2020-12-02T15:02:17.585550+09:00 0 0 경기70바5540 3 34 200000205 202000005 59 
2020-12-02T15:02:17.585625+09:00 0 0 경기70바5542 3 36 200000205 277102114 38 
2020-12-02T15:02:17.585645+09:00 0 0 경기70바5544 3 29 200000205 277103382 13 
2020-12-02T15:02:17.585661+09:00 0 0 경기70바5609 3 38 200000205 277103150 51 
2020-12-02T15:02:17.585677+09:00 0 0 경기70바5705 3 46 200000205 203000063 7 
2020-12-02T15:02:17.585691+09:00 0 0 경기70바5539 3 40 200000205 201000199 64 
2020-12-02T15:02:17.585705+09:00 0 0 경기70바5480 3 26 200000205 277103391 24 
2020-12-02T15:03:17.189559+09:00 0 0 경기70바5540 3 34 200000205 202000005 59 
2020-12-02T15:03:17.189622+09:00 0 0 경기70바5544 3 29 200000205 277103382 13 
2020-12-02T15:03:17.189644+09:00 0 0 경기70바5542 3 36 200000205 277102114 38 
2020-12-02T15:03:17.189661+09:00 0 0 경기70바5705 3 46 200000205 203000063 7 
2020-12-02T15:03:17.189678+09:00 0 0 경기70바5609 3 38 200000205 277103385 52 
2020-12-02T15:03:17.189693+09:00 0 0 경기70바5539 3 40 200000205 201000198 65 
2020-12-02T15:03:17.189709+09:00 0 0 경기70바5480 3 26 200000205 277103391 24 
2020-12-02T15:04:16.973826+09:00 0 0 경기70바5540 3 34 200000205 202000005 59 
2020-12-02T15:04:16.973888+09:00 0 0 경기70바5542 3 32 200000205 101000148 39 
2020-12-02T15:04:16.973910+09:00 0 0 경기70바5544 3 29 200000205 277103691 14 
2020-12-02T15:04:16.973927+09:00 0 0 경기70바5705 3 46 200000205 203000063 7 
2020-12-02T15:04:16.973944+09:00 0 0 경기70바5609 3 38 200000205 277103385 52 
2020-12-02T15:04:16.973958+09:00 0 0 경기70바5480 3 26 200000205 277103400 25 
2020-12-02T15:05:16.407943+09:00 0 0 경기70바5544 3 29 200000205 277103691 14 
2020-12-02T15:05:16.408006+09:00 0 0 경기70바5542 3 32 200000205 101000148 39 
2020-12-02T15:05:16.408028+09:00 0 0 경기70바5540 3 34 200000205 202000005 59 
2020-12-02T15:05:16.408044+09:00 0 0 경기70바5609 3 38 200000205 277103385 52 
2020-12-02T15:05:16.408061+09:00 0 0 경기70바5480 3 26 200000205 277103400 25 
2020-12-02T15:05:16.408076+09:00 0 0 경기70바5705 3 47 200000205 203000068 8 
2020-12-02T15:06:16.241951+09:00 0 0 경기70바5542 3 32 200000205 101000148 39 
2020-12-02T15:06:16.242014+09:00 0 0 경기70바5706 3 49 200000205 201000212 1 
2020-12-02T15:06:16.242034+09:00 0 0 경기70바5544 3 29 200000205 277103231 15 
2020-12-02T15:06:16.242051+09:00 0 0 경기70바5540 3 34 200000205 203000178 60 
2020-12-02T15:06:16.242067+09:00 0 0 경기70바5705 3 46 200000205 203000068 8 
2020-12-02T15:06:16.242081+09:00 0 0 경기70바5609 3 38 200000205 277103442 53 
2020-12-02T15:06:16.242096+09:00 0 0 경기70바5480 3 26 200000205 277103400 25 
2020-12-02T15:07:15.566175+09:00 0 0 경기70바5540 3 34 200000205 203000178 60 
2020-12-02T15:07:15.566242+09:00 0 0 경기70바5706 3 49 200000205 201000212 1 
2020-12-02T15:07:15.566264+09:00 0 0 경기70바5542 3 32 200000205 101000001 40 
2020-12-02T15:07:15.566280+09:00 0 0 경기70바5544 3 29 200000205 277103231 15 
2020-12-02T15:07:15.566297+09:00 0 0 경기70바5705 3 46 200000205 203000068 8 
2020-12-02T15:07:15.566312+09:00 0 0 경기70바5609 3 38 200000205 277103442 53 
2020-12-02T15:07:15.566326+09:00 0 0 경기70바5480 3 26 200000205 277103400 25 
2020-12-02T15:08:15.350148+09:00 0 0 경기70바5706 3 49 200000205 201000212 1 
2020-12-02T15:08:15.350210+09:00 0 0 경기70바5542 3 32 200000205 101000001 40 
2020-12-02T15:08:15.350231+09:00 0 0 경기70바5544 3 29 200000205 277103231 15 
2020-12-02T15:08:15.350252+09:00 0 0 경기70바5540 3 34 200000205 203000178 60 
2020-12-02T15:08:15.350270+09:00 0 0 경기70바5705 3 46 200000205 203000066 9 
2020-12-02T15:08:15.350286+09:00 0 0 경기70바5609 3 38 200000205 277103442 53 
2020-12-02T15:08:15.350300+09:00 0 0 경기70바5480 3 26 200000205 277103400 25 
2020-12-02T15:09:14.444438+09:00 0 0 경기70바5544 3 29 200000205 277103231 15 
2020-12-02T15:09:14.444500+09:00 0 0 경기70바5706 3 49 200000205 277102455 2 
2020-12-02T15:09:14.444520+09:00 0 0 경기70바5542 3 29 200000205 101000001 40 
2020-12-02T15:09:14.444536+09:00 0 0 경기70바5540 3 38 200000205 203000159 61 
2020-12-02T15:09:14.444552+09:00 0 0 경기70바5705 3 46 200000205 203000066 9 
2020-12-02T15:09:14.444566+09:00 0 0 경기70바5609 3 38 200000205 277103442 53 
2020-12-02T15:09:14.444581+09:00 0 0 경기70바5480 3 26 200000205 277103400 25 
2020-12-02T15:10:14.178536+09:00 0 0 경기70바5540 3 38 200000205 203000159 61 
2020-12-02T15:10:14.178599+09:00 0 0 경기70바5544 3 29 200000205 277103443 16 
2020-12-02T15:10:14.178619+09:00 0 0 경기70바5542 3 29 200000205 277104181 41 
2020-12-02T15:10:14.178635+09:00 0 0 경기70바5706 3 49 200000205 201000192 3 
2020-12-02T15:10:14.178651+09:00 0 0 경기70바5609 3 38 200000205 277103692 54 
2020-12-02T15:10:14.178666+09:00 0 0 경기70바5705 3 46 200000205 203000066 9 
2020-12-02T15:10:14.178680+09:00 0 0 경기70바5480 3 26 200000205 277103400 25 
2020-12-02T15:11:14.002563+09:00 0 0 경기70바5544 3 29 200000205 277103443 16 
2020-12-02T15:11:14.002625+09:00 0 0 경기70바5542 3 29 200000205 277104181 41 
2020-12-02T15:11:14.002645+09:00 0 0 경기70바5706 3 49 200000205 201000192 3 
2020-12-02T15:11:14.002661+09:00 0 0 경기70바5540 3 38 200000205 202000075 62 
2020-12-02T15:11:14.002677+09:00 0 0 경기70바5480 3 27 200000205 277103400 25 
2020-12-02T15:11:14.002693+09:00 0 0 경기70바5705 3 46 200000205 203000066 9 
2020-12-02T15:11:14.002707+09:00 0 0 경기70바5609 3 38 200000205 277103692 54 
2020-12-02T15:12:13.906896+09:00 0 0 경기70바5544 3 29 200000205 277103443 16 
2020-12-02T15:12:13.906960+09:00 0 0 경기70바5540 3 38 200000205 202000075 62 
2020-12-02T15:12:13.906982+09:00 0 0 경기70바5706 3 48 200000205 201000118 4 
2020-12-02T15:12:13.906998+09:00 0 0 경기70바5542 3 29 200000205 277104179 42 
2020-12-02T15:12:13.907015+09:00 0 0 경기70바5705 3 45 200000205 202000037 10 
2020-12-02T15:12:13.907031+09:00 0 0 경기70바5609 3 38 200000205 277103692 54 
2020-12-02T15:12:13.907045+09:00 0 0 경기70바5480 3 30 200000205 102000069 26 
2020-12-02T15:13:13.620840+09:00 0 0 경기70바5542 3 29 200000205 277104179 42 
2020-12-02T15:13:13.620903+09:00 0 0 경기70바5544 3 29 200000205 277103386 17 
2020-12-02T15:13:13.620923+09:00 0 0 경기70바5540 3 38 200000205 202000075 62 
2020-12-02T15:13:13.620938+09:00 0 0 경기70바5706 3 48 200000205 201000118 4 
2020-12-02T15:13:13.620954+09:00 0 0 경기70바5705 3 45 200000205 202000037 10 
2020-12-02T15:13:13.620969+09:00 0 0 경기70바5480 3 30 200000205 277104180 27 
2020-12-02T15:13:13.620983+09:00 0 0 경기70바5609 3 38 200000205 277103381 55 
2020-12-02T15:14:13.305009+09:00 0 0 경기70바5544 3 29 200000205 277103386 17 
2020-12-02T15:14:13.305100+09:00 0 0 경기70바5540 3 38 200000205 202000075 62 
2020-12-02T15:14:13.305121+09:00 0 0 경기70바5542 3 29 200000205 277104179 42 
2020-12-02T15:14:13.305138+09:00 0 0 경기70바5706 3 48 200000205 201000210 5 
2020-12-02T15:14:13.305154+09:00 0 0 경기70바5609 3 39 200000205 203000165 56 
2020-12-02T15:14:13.305169+09:00 0 0 경기70바5705 3 42 200000205 202000053 11 
2020-12-02T15:14:13.305184+09:00 0 0 경기70바5480 3 30 200000205 277104180 27 
2020-12-02T15:15:12.769064+09:00 0 0 경기70바5540 3 39 200000205 201000209 63 
2020-12-02T15:15:12.769128+09:00 0 0 경기70바5706 3 48 200000205 201000210 5 
2020-12-02T15:15:12.769147+09:00 0 0 경기70바5544 3 29 200000205 277103151 18 
2020-12-02T15:15:12.769162+09:00 0 0 경기70바5542 3 23 200000205 102000070 43 
2020-12-02T15:15:12.769179+09:00 0 0 경기70바5609 3 39 200000205 203000165 56 
2020-12-02T15:15:12.769193+09:00 0 0 경기70바5480 3 30 200000205 277104186 28 
2020-12-02T15:15:12.769207+09:00 0 0 경기70바5705 3 42 200000205 202000053 11 
2020-12-02T15:16:12.453211+09:00 0 0 경기70바5540 3 39 200000205 201000209 63 
2020-12-02T15:16:12.453274+09:00 0 0 경기70바5706 3 48 200000205 201000210 5 
2020-12-02T15:16:12.453294+09:00 0 0 경기70바5542 3 23 200000205 102000070 43 
2020-12-02T15:16:12.453310+09:00 0 0 경기70바5544 3 29 200000205 277103679 19 
2020-12-02T15:16:12.453326+09:00 0 0 경기70바5609 3 39 200000205 203000165 56 
2020-12-02T15:16:12.453341+09:00 0 0 경기70바5705 3 41 200000205 203000166 12 
2020-12-02T15:16:12.453355+09:00 0 0 경기70바5480 3 30 200000205 277104186 28 
2020-12-02T15:17:12.347256+09:00 0 0 경기70바5706 3 48 200000205 201000210 5 
2020-12-02T15:17:12.347319+09:00 0 0 경기70바5542 3 23 200000205 102000070 43 
2020-12-02T15:17:12.347339+09:00 0 0 경기70바5544 3 29 200000205 277103679 19 
2020-12-02T15:17:12.347356+09:00 0 0 경기70바5540 3 39 200000205 201000209 63 
2020-12-02T15:17:12.347372+09:00 0 0 경기70바5609 3 39 200000205 200000247 57 
2020-12-02T15:17:12.347386+09:00 0 0 경기70바5480 3 30 200000205 101000002 29 
2020-12-02T15:17:12.347401+09:00 0 0 경기70바5705 3 41 200000205 277103382 13 
2020-12-02T15:18:12.061517+09:00 0 0 경기70바5706 3 47 200000205 203000162 6 
2020-12-02T15:18:12.061581+09:00 0 0 경기70바5544 3 29 200000205 277103441 20 
2020-12-02T15:18:12.061602+09:00 0 0 경기70바5542 3 23 200000205 102000070 43 
2020-12-02T15:18:12.061619+09:00 0 0 경기70바5540 3 41 200000205 201000198 65 
2020-12-02T15:18:12.061635+09:00 0 0 경기70바5609 3 39 200000205 200000247 57 
2020-12-02T15:18:12.061650+09:00 0 0 경기70바5480 3 36 200000205 277104376 30 
2020-12-02T15:18:12.061665+09:00 0 0 경기70바5705 3 41 200000205 277103382 13 
2020-12-02T15:19:11.865719+09:00 0 0 경기70바5540 3 41 200000205 201000198 65 
2020-12-02T15:19:11.865784+09:00 0 0 경기70바5706 3 46 200000205 203000063 7 
2020-12-02T15:19:11.865804+09:00 0 0 경기70바5542 3 23 200000205 102000070 43 
2020-12-02T15:19:11.865820+09:00 0 0 경기70바5544 3 29 200000205 277104177 21 
2020-12-02T15:19:11.865836+09:00 0 0 경기70바5609 3 39 200000205 200000247 57 
2020-12-02T15:19:11.865851+09:00 0 0 경기70바5705 3 41 200000205 277103382 13 
2020-12-02T15:19:11.865865+09:00 0 0 경기70바5480 3 36 200000205 277104376 30 
2020-12-02T15:20:10.859602+09:00 0 0 경기70바5540 3 41 200000205 201000198 65 
2020-12-02T15:20:10.859665+09:00 0 0 경기70바5706 3 46 200000205 203000063 7 
2020-12-02T15:20:10.859684+09:00 0 0 경기70바5544 3 29 200000205 277104177 21 
2020-12-02T15:20:10.859699+09:00 0 0 경기70바5542 3 23 200000205 277103399 44 
2020-12-02T15:20:10.859715+09:00 0 0 경기70바5705 3 41 200000205 277103691 14 
2020-12-02T15:20:10.859730+09:00 0 0 경기70바5609 3 39 200000205 200000247 57 
2020-12-02T15:20:10.859745+09:00 0 0 경기70바5480 3 36 200000205 277104376 30 
2020-12-02T15:21:10.493719+09:00 0 0 경기70바5706 3 46 200000205 203000063 7 
2020-12-02T15:21:10.493781+09:00 0 0 경기70바5540 3 41 200000205 201000198 65 
2020-12-02T15:21:10.493801+09:00 0 0 경기70바5542 3 23 200000205 277103399 44 
2020-12-02T15:21:10.493816+09:00 0 0 경기70바5544 3 29 200000205 277103388 22 
2020-12-02T15:21:10.493832+09:00 0 0 경기70바5609 3 39 200000205 200000247 57 
2020-12-02T15:21:10.493847+09:00 0 0 경기70바5705 3 41 200000205 277103691 14 
2020-12-02T15:21:10.493861+09:00 0 0 경기70바5480 3 36 200000205 101000303 31 
2020-12-02T15:22:09.857908+09:00 0 0 경기70바5706 3 46 200000205 203000063 7 
2020-12-02T15:22:09.857968+09:00 0 0 경기70바5540 3 41 200000205 201000198 65 
2020-12-02T15:22:09.857988+09:00 0 0 경기70바5544 3 29 200000205 277103388 22 
2020-12-02T15:22:09.858004+09:00 0 0 경기70바5542 3 23 200000205 277103392 45 
2020-12-02T15:22:09.858020+09:00 0 0 경기70바5480 3 36 200000205 101000303 31 
2020-12-02T15:22:09.858035+09:00 0 0 경기70바5609 3 39 200000205 202000033 58 
2020-12-02T15:22:09.858049+09:00 0 0 경기70바5705 3 41 200000205 277103231 15 
2020-12-02T15:23:09.762098+09:00 0 0 경기70바5540 3 41 200000205 201000198 65 
2020-12-02T15:23:09.762164+09:00 0 0 경기70바5544 3 29 200000205 277103388 22 
2020-12-02T15:23:09.762187+09:00 0 0 경기70바5542 3 23 200000205 277103392 45 
2020-12-02T15:23:09.762204+09:00 0 0 경기70바5706 3 46 200000205 203000068 8 
2020-12-02T15:23:09.762220+09:00 0 0 경기70바5480 3 36 200000205 101000303 31 
2020-12-02T15:23:09.762235+09:00 0 0 경기70바5609 3 39 200000205 202000005 59 
2020-12-02T15:23:09.762249+09:00 0 0 경기70바5705 3 41 200000205 277103231 15 
2020-12-02T15:24:09.766144+09:00 0 0 경기70바5540 3 41 200000205 201000198 65 
2020-12-02T15:24:09.766207+09:00 0 0 경기70바5542 3 23 200000205 277103389 46 
2020-12-02T15:24:09.766228+09:00 0 0 경기70바5544 3 29 200000205 277103390 23 
2020-12-02T15:24:09.766245+09:00 0 0 경기70바5706 3 45 200000205 203000068 8 
2020-12-02T15:24:09.766261+09:00 0 0 경기70바5705 3 41 200000205 277103231 15 
2020-12-02T15:24:09.766276+09:00 0 0 경기70바5480 3 36 200000205 277104283 32 
2020-12-02T15:24:09.766290+09:00 0 0 경기70바5547 3 41 200000205 201000198 65 
2020-12-02T15:24:09.766305+09:00 0 0 경기70바5609 3 43 200000205 202000005 59 
2020-12-02T15:25:09.520214+09:00 0 0 경기70바5540 3 41 200000205 201000198 65 
2020-12-02T15:25:09.520273+09:00 0 0 경기70바5706 3 45 200000205 203000068 8 
2020-12-02T15:25:09.520293+09:00 0 0 경기70바5542 3 23 200000205 277103387 47 
2020-12-02T15:25:09.520309+09:00 0 0 경기70바5544 3 29 200000205 277103391 24 
2020-12-02T15:25:09.520325+09:00 0 0 경기70바5705 3 41 200000205 277103443 16 
2020-12-02T15:25:09.520340+09:00 0 0 경기70바5480 3 36 200000205 277104283 32 
2020-12-02T15:25:09.520353+09:00 0 0 경기70바5609 3 43 200000205 202000005 59 
2020-12-02T15:25:09.520367+09:00 0 0 경기70바5547 3 41 200000205 201000192 3 
2020-12-02T15:26:09.154541+09:00 0 0 경기70바5540 3 41 200000205 201000198 65 
2020-12-02T15:26:09.154603+09:00 0 0 경기70바5544 3 29 200000205 277103391 24 
2020-12-02T15:26:09.154623+09:00 0 0 경기70바5542 3 23 200000205 277103387 47 
2020-12-02T15:26:09.154639+09:00 0 0 경기70바5706 3 44 200000205 203000066 9 
2020-12-02T15:26:09.154656+09:00 0 0 경기70바5547 3 41 200000205 201000192 3 
2020-12-02T15:26:09.154671+09:00 0 0 경기70바5705 3 41 200000205 277103443 16 
2020-12-02T15:26:09.154685+09:00 0 0 경기70바5480 3 35 200000205 101000128 33 
2020-12-02T15:26:09.154699+09:00 0 0 경기70바5609 3 43 200000205 202000005 59 
2020-12-02T15:27:08.178993+09:00 0 0 경기70바5540 3 41 200000205 201000198 65 
2020-12-02T15:27:08.179056+09:00 0 0 경기70바5706 3 44 200000205 203000066 9 
2020-12-02T15:27:08.179076+09:00 0 0 경기70바5544 3 29 200000205 277103391 24 
2020-12-02T15:27:08.179091+09:00 0 0 경기70바5542 3 23 200000205 277104178 48 
2020-12-02T15:27:08.179107+09:00 0 0 경기70바5609 3 44 200000205 203000178 60 
2020-12-02T15:27:08.179121+09:00 0 0 경기70바5705 3 41 200000205 277103443 16 
2020-12-02T15:27:08.179136+09:00 0 0 경기70바5480 3 35 200000205 101000008 34 
2020-12-02T15:27:08.179149+09:00 0 0 경기70바5547 3 41 200000205 201000192 3 
2020-12-02T15:28:07.862644+09:00 0 0 경기70바5540 3 41 200000205 201000198 65 
2020-12-02T15:28:07.862710+09:00 0 0 경기70바5542 3 23 200000205 277103440 49 
2020-12-02T15:28:07.862730+09:00 0 0 경기70바5706 3 44 200000205 202000037 10 
2020-12-02T15:28:07.862747+09:00 0 0 경기70바5544 3 29 200000205 277103400 25 
2020-12-02T15:28:07.862763+09:00 0 0 경기70바5480 3 36 200000205 101000008 34 
2020-12-02T15:28:07.862778+09:00 0 0 경기70바5705 3 41 200000205 277103386 17 
2020-12-02T15:28:07.862792+09:00 0 0 경기70바5609 3 44 200000205 203000178 60 
2020-12-02T15:28:07.862806+09:00 0 0 경기70바5547 3 41 200000205 201000118 4 
2020-12-02T15:29:06.936907+09:00 0 0 경기70바5540 3 41 200000205 201000198 65 
2020-12-02T15:29:06.936971+09:00 0 0 경기70바5542 3 23 200000205 277103440 49 
2020-12-02T15:29:06.936992+09:00 0 0 경기70바5706 3 44 200000205 202000037 10 
2020-12-02T15:29:06.937008+09:00 0 0 경기70바5544 3 29 200000205 277103400 25 
2020-12-02T15:29:06.937024+09:00 0 0 경기70바5547 3 41 200000205 201000118 4 
2020-12-02T15:29:06.937071+09:00 0 0 경기70바5705 3 41 200000205 277103386 17 
2020-12-02T15:29:06.937087+09:00 0 0 경기70바5480 3 36 200000205 101000006 35 
2020-12-02T15:29:06.937100+09:00 0 0 경기70바5609 3 46 200000205 203000159 61 
2020-12-02T15:30:06.880896+09:00 0 0 경기70바5540 3 41 200000205 201000198 65 
2020-12-02T15:30:06.880959+09:00 0 0 경기70바5542 3 23 200000205 277103678 50 
2020-12-02T15:30:06.880979+09:00 0 0 경기70바5544 3 29 200000205 277103400 25 
2020-12-02T15:30:06.880995+09:00 0 0 경기70바5706 3 44 200000205 202000037 10 
2020-12-02T15:30:06.881012+09:00 0 0 경기70바5547 3 41 200000205 201000118 4 
2020-12-02T15:30:06.881026+09:00 0 0 경기70바5609 3 46 200000205 203000159 61 
2020-12-02T15:30:06.881075+09:00 0 0 경기70바5705 3 41 200000205 277103151 18 
2020-12-02T15:30:06.881093+09:00 0 0 경기70바5480 3 38 200000205 101000006 35 
2020-12-02T15:31:05.955134+09:00 0 0 경기70바5540 3 41 200000205 201000198 65 
2020-12-02T15:31:05.955210+09:00 0 0 경기70바5544 3 29 200000205 277103400 25 
2020-12-02T15:31:05.955230+09:00 0 0 경기70바5542 3 23 200000205 277103150 51 
2020-12-02T15:31:05.955246+09:00 0 0 경기70바5706 3 42 200000205 202000053 11 
2020-12-02T15:31:05.955261+09:00 0 0 경기70바5705 3 41 200000205 277103151 18 
2020-12-02T15:31:05.955275+09:00 0 0 경기70바5609 3 46 200000205 203000159 61 
2020-12-02T15:31:05.955288+09:00 0 0 경기70바5547 3 41 200000205 201000118 4 
2020-12-02T15:31:05.955301+09:00 0 0 경기70바5480 3 38 200000205 101000006 35 
2020-12-02T15:32:05.949106+09:00 0 0 경기70바5540 3 41 200000205 201000198 65 
2020-12-02T15:32:05.949169+09:00 0 0 경기70바5544 3 29 200000205 277103400 25 
2020-12-02T15:32:05.949189+09:00 0 0 경기70바5542 3 23 200000205 277103150 51 
2020-12-02T15:32:05.949206+09:00 0 0 경기70바5706 3 42 200000205 202000053 11 
2020-12-02T15:32:05.949222+09:00 0 0 경기70바5547 3 41 200000205 201000210 5 
2020-12-02T15:32:05.949237+09:00 0 0 경기70바5480 3 38 200000205 277101742 36 
2020-12-02T15:32:05.949251+09:00 0 0 경기70바5609 3 46 200000205 202000075 62 
2020-12-02T15:32:05.949264+09:00 0 0 경기70바5705 3 41 200000205 277103679 19 
2020-12-02T15:33:04.973164+09:00 0 0 경기70바5540 3 41 200000205 201000198 65 
2020-12-02T15:33:04.973227+09:00 0 0 경기70바5542 3 23 200000205 277103150 51 
2020-12-02T15:33:04.973247+09:00 0 0 경기70바5706 3 42 200000205 203000166 12 
2020-12-02T15:33:04.973263+09:00 0 0 경기70바5544 3 32 200000205 102000069 26 
2020-12-02T15:33:04.973278+09:00 0 0 경기70바5480 3 38 200000205 277101742 36 
2020-12-02T15:33:04.973293+09:00 0 0 경기70바5609 3 46 200000205 202000075 62 
2020-12-02T15:33:04.973307+09:00 0 0 경기70바5705 3 41 200000205 277103679 19 
2020-12-02T15:33:04.973321+09:00 0 0 경기70바5547 3 41 200000205 201000210 5 
2020-12-02T15:34:04.507334+09:00 0 0 경기70바5540 3 41 200000205 201000198 65 
2020-12-02T15:34:04.507397+09:00 0 0 경기70바5542 3 23 200000205 277103385 52 
2020-12-02T15:34:04.507417+09:00 0 0 경기70바5706 3 42 200000205 203000166 12 
2020-12-02T15:34:04.507433+09:00 0 0 경기70바5544 3 32 200000205 277104180 27 
2020-12-02T15:34:04.507450+09:00 0 0 경기70바5609 3 46 200000205 202000075 62 
2020-12-02T15:34:04.507465+09:00 0 0 경기70바5547 3 41 200000205 201000210 5 
2020-12-02T15:34:04.507479+09:00 0 0 경기70바5480 3 38 200000205 277102114 38 
2020-12-02T15:34:04.507493+09:00 0 0 경기70바5705 3 41 200000205 277103441 20 
2020-12-02T15:35:04.461346+09:00 0 0 경기70바5540 3 41 200000205 201000198 65 
2020-12-02T15:35:04.461407+09:00 0 0 경기70바5542 3 23 200000205 277103385 52 
2020-12-02T15:35:04.461427+09:00 0 0 경기70바5544 3 32 200000205 277104180 27 
2020-12-02T15:35:04.461444+09:00 0 0 경기70바5706 3 42 200000205 203000166 12 
2020-12-02T15:35:04.461460+09:00 0 0 경기70바5547 3 41 200000205 201000210 5 
2020-12-02T15:35:04.461475+09:00 0 0 경기70바5480 3 38 200000205 277102114 38 
2020-12-02T15:35:04.461489+09:00 0 0 경기70바5705 3 41 200000205 277104177 21 
2020-12-02T15:35:04.461502+09:00 0 0 경기70바5609 3 46 200000205 202000075 62 
2020-12-02T15:36:04.165549+09:00 0 0 경기70바5542 3 23 200000205 277103442 53 
2020-12-02T15:36:04.165612+09:00 0 0 경기70바5706 3 42 200000205 277103382 13 
2020-12-02T15:36:04.165633+09:00 0 0 경기70바5544 3 34 200000205 277104186 28 
2020-12-02T15:36:04.165649+09:00 0 0 경기70바5480 3 38 200000205 277102114 38 
2020-12-02T15:36:04.165664+09:00 0 0 경기70바5705 3 41 200000205 277104177 21 
2020-12-02T15:36:04.165679+09:00 0 0 경기70바5547 3 41 200000205 203000162 6 
2020-12-02T15:36:04.165693+09:00 0 0 경기70바5609 3 47 200000205 201000209 63 
2020-12-02T15:37:03.909701+09:00 0 0 경기70바5542 3 23 200000205 277103442 53 
2020-12-02T15:37:03.909766+09:00 0 0 경기70바5706 3 42 200000205 277103382 13 
2020-12-02T15:37:03.909786+09:00 0 0 경기70바5544 3 34 200000205 101000002 29 
2020-12-02T15:37:03.909802+09:00 0 0 경기70바5609 3 47 200000205 201000209 63 
2020-12-02T15:37:03.909819+09:00 0 0 경기70바5705 3 41 200000205 277103388 22 
2020-12-02T15:37:03.909833+09:00 0 0 경기70바5480 3 38 200000205 101000148 39 
2020-12-02T15:37:03.909852+09:00 0 0 경기70바5547 3 40 200000205 203000162 6 
2020-12-02T15:38:03.393740+09:00 0 0 경기70바5542 3 23 200000205 277103442 53 
2020-12-02T15:38:03.393804+09:00 0 0 경기70바5706 3 42 200000205 277103691 14 
2020-12-02T15:38:03.393824+09:00 0 0 경기70바5544 3 35 200000205 101000002 29 
2020-12-02T15:38:03.393840+09:00 0 0 경기70바5705 3 41 200000205 277103388 22 
2020-12-02T15:38:03.393857+09:00 0 0 경기70바5547 3 39 200000205 203000063 7 
2020-12-02T15:38:03.393872+09:00 0 0 경기70바5480 3 32 200000205 101000148 39 
2020-12-02T15:38:03.393887+09:00 0 0 경기70바5609 3 47 200000205 201000209 63 
2020-12-02T15:39:03.147915+09:00 0 0 경기70바5544 3 35 200000205 101000002 29 
2020-12-02T15:39:03.147978+09:00 0 0 경기70바5542 3 23 200000205 277103442 53 
2020-12-02T15:39:03.147998+09:00 0 0 경기70바5706 3 42 200000205 277103691 14 
2020-12-02T15:39:03.148015+09:00 0 0 경기70바5547 3 39 200000205 203000063 7 
2020-12-02T15:39:03.148032+09:00 0 0 경기70바5705 3 41 200000205 277103390 23 
2020-12-02T15:39:03.148046+09:00 0 0 경기70바5609 3 49 200000205 201000199 64 
2020-12-02T15:39:03.148061+09:00 0 0 경기70바5480 3 32 200000205 101000001 40 
2020-12-02T15:40:02.221978+09:00 0 0 경기70바5706 3 42 200000205 277103231 15 
2020-12-02T15:40:02.222044+09:00 0 0 경기70바5544 3 35 200000205 277104376 30 
2020-12-02T15:40:02.222064+09:00 0 0 경기70바5542 3 23 200000205 277103692 54 
2020-12-02T15:40:02.222080+09:00 0 0 경기70바5547 3 39 200000205 203000063 7 
2020-12-02T15:40:02.222096+09:00 0 0 경기70바5480 3 32 200000205 101000001 40 
2020-12-02T15:40:02.222111+09:00 0 0 경기70바5609 3 49 200000205 201000198 65 
2020-12-02T15:40:02.222125+09:00 0 0 경기70바5705 3 41 200000205 277103390 23 
2020-12-02T15:41:01.736199+09:00 0 0 경기70바5544 3 35 200000205 277104376 30 
2020-12-02T15:41:01.736262+09:00 0 0 경기70바5542 3 23 200000205 277103692 54 
2020-12-02T15:41:01.736283+09:00 0 0 경기70바5706 3 42 200000205 277103231 15 
2020-12-02T15:41:01.736299+09:00 0 0 경기70바5610 3 49 200000205 201000212 1 
2020-12-02T15:41:01.736316+09:00 0 0 경기70바5609 3 49 200000205 201000198 65 
2020-12-02T15:41:01.736332+09:00 0 0 경기70바5547 3 39 200000205 203000068 8 
2020-12-02T15:41:01.736346+09:00 0 0 경기70바5705 3 41 200000205 277103391 24 
2020-12-02T15:41:01.736360+09:00 0 0 경기70바5480 3 25 200000205 101000001 40 
2020-12-02T15:42:01.370361+09:00 0 0 경기70바5706 3 42 200000205 277103231 15 
2020-12-02T15:42:01.370424+09:00 0 0 경기70바5610 3 49 200000205 201000212 1 
2020-12-02T15:42:01.370445+09:00 0 0 경기70바5544 3 35 200000205 277104376 30 
2020-12-02T15:42:01.370461+09:00 0 0 경기70바5542 3 23 200000205 277103692 54 
2020-12-02T15:42:01.370477+09:00 0 0 경기70바5480 3 25 200000205 277104181 41 
2020-12-02T15:42:01.370493+09:00 0 0 경기70바5609 3 49 200000205 201000198 65 
2020-12-02T15:42:01.370506+09:00 0 0 경기70바5705 3 41 200000205 277103391 24 
2020-12-02T15:42:01.370519+09:00 0 0 경기70바5547 3 39 200000205 203000068 8 
2020-12-02T15:43:01.064415+09:00 0 0 경기70바5610 3 49 200000205 201000212 1 
2020-12-02T15:43:01.064479+09:00 0 0 경기70바5544 3 36 200000205 101000303 31 
2020-12-02T15:43:01.064502+09:00 0 0 경기70바5706 3 42 200000205 277103443 16 
2020-12-02T15:43:01.064521+09:00 0 0 경기70바5542 3 23 200000205 277103381 55 
2020-12-02T15:43:01.064538+09:00 0 0 경기70바5609 3 49 200000205 201000198 65 
2020-12-02T15:43:01.064553+09:00 0 0 경기70바5480 3 25 200000205 277104181 41 
2020-12-02T15:43:01.064568+09:00 0 0 경기70바5547 3 39 200000205 203000068 8 
2020-12-02T15:43:01.064581+09:00 0 0 경기70바5705 3 41 200000205 277103391 24 
2020-12-02T15:44:01.048523+09:00 0 0 경기70바5610 3 49 200000205 201000212 1 
2020-12-02T15:44:01.048587+09:00 0 0 경기70바5706 3 42 200000205 277103443 16 
2020-12-02T15:44:01.048608+09:00 0 0 경기70바5542 3 23 200000205 203000165 56 
2020-12-02T15:44:01.048625+09:00 0 0 경기70바5544 3 36 200000205 101000303 31 
2020-12-02T15:44:01.048642+09:00 0 0 경기70바5609 3 49 200000205 201000198 65 
2020-12-02T15:44:01.048657+09:00 0 0 경기70바5705 3 41 200000205 277103391 24 
2020-12-02T15:44:01.048672+09:00 0 0 경기70바5547 3 39 200000205 203000066 9 
2020-12-02T15:44:01.048686+09:00 0 0 경기70바5480 3 25 200000205 277104179 42 
2020-12-02T15:45:00.652579+09:00 0 0 경기70바5706 3 42 200000205 277103443 16 
2020-12-02T15:45:00.652641+09:00 0 0 경기70바5544 3 36 200000205 277104283 32 
2020-12-02T15:45:00.652661+09:00 0 0 경기70바5542 3 24 200000205 203000165 56 
2020-12-02T15:45:00.652677+09:00 0 0 경기70바5610 3 49 200000205 277102455 2 
2020-12-02T15:45:00.652693+09:00 0 0 경기70바5705 3 41 200000205 277103400 25 
2020-12-02T15:45:00.652707+09:00 0 0 경기70바5547 3 34 200000205 203000066 9 
2020-12-02T15:45:00.652721+09:00 0 0 경기70바5480 3 22 200000205 102000070 43 
2020-12-02T15:45:00.652734+09:00 0 0 경기70바5609 3 49 200000205 201000198 65 
2020-12-02T15:46:00.476780+09:00 0 0 경기70바5544 3 36 200000205 277104283 32 
2020-12-02T15:46:00.476842+09:00 0 0 경기70바5542 3 24 200000205 203000165 56 
2020-12-02T15:46:00.476863+09:00 0 0 경기70바5706 3 42 200000205 277103386 17 
2020-12-02T15:46:00.476879+09:00 0 0 경기70바5610 3 49 200000205 201000192 3 
2020-12-02T15:46:00.476896+09:00 0 0 경기70바5547 3 34 200000205 203000066 9 
2020-12-02T15:46:00.476910+09:00 0 0 경기70바5705 3 41 200000205 277103400 25 
2020-12-02T15:46:00.476925+09:00 0 0 경기70바5480 3 22 200000205 102000070 43 
2020-12-02T15:47:00.150883+09:00 0 0 경기70바5706 3 42 200000205 277103386 17 
2020-12-02T15:47:00.150945+09:00 0 0 경기70바5610 3 49 200000205 201000192 3 
2020-12-02T15:47:00.150965+09:00 0 0 경기70바5542 3 25 200000205 200000247 57 
2020-12-02T15:47:00.150981+09:00 0 0 경기70바5544 3 33 200000205 101000128 33 
2020-12-02T15:47:00.150997+09:00 0 0 경기70바5547 3 34 200000205 203000066 9 
2020-12-02T15:47:00.151012+09:00 0 0 경기70바5480 3 22 200000205 102000070 43 
2020-12-02T15:47:00.151025+09:00 0 0 경기70바5705 3 41 200000205 102000069 26 
2020-12-02T15:48:00.105219+09:00 0 0 경기70바5542 3 25 200000205 200000247 57 
2020-12-02T15:48:00.105289+09:00 0 0 경기70바5544 3 33 200000205 101000008 34 
2020-12-02T15:48:00.105310+09:00 0 0 경기70바5706 3 42 200000205 277103151 18 
2020-12-02T15:48:00.105327+09:00 0 0 경기70바5610 3 47 200000205 201000118 4 
2020-12-02T15:48:00.105343+09:00 0 0 경기70바5705 3 41 200000205 277104180 27 
2020-12-02T15:48:00.105358+09:00 0 0 경기70바5480 3 22 200000205 277103399 44 
2020-12-02T15:48:00.105373+09:00 0 0 경기70바5547 3 34 200000205 203000066 9 
2020-12-02T15:48:59.959180+09:00 0 0 경기70바5542 3 25 200000205 200000247 57 
2020-12-02T15:48:59.959240+09:00 0 0 경기70바5706 3 42 200000205 277103151 18 
2020-12-02T15:48:59.959260+09:00 0 0 경기70바5610 3 47 200000205 201000118 4 
2020-12-02T15:48:59.959276+09:00 0 0 경기70바5544 3 33 200000205 101000008 34 
2020-12-02T15:48:59.959292+09:00 0 0 경기70바5547 3 34 200000205 203000066 9 
2020-12-02T15:48:59.959307+09:00 0 0 경기70바5705 3 41 200000205 277104180 27 
2020-12-02T15:48:59.959321+09:00 0 0 경기70바5480 3 22 200000205 277103399 44 
2020-12-02T15:49:59.433258+09:00 0 0 경기70바5542 3 25 200000205 200000247 57 
2020-12-02T15:49:59.433322+09:00 0 0 경기70바5706 3 42 200000205 277103679 19 
2020-12-02T15:49:59.433343+09:00 0 0 경기70바5544 3 33 200000205 101000006 35 
2020-12-02T15:49:59.433359+09:00 0 0 경기70바5610 3 47 200000205 201000210 5 
2020-12-02T15:49:59.433375+09:00 0 0 경기70바5547 3 33 200000205 202000037 10 
2020-12-02T15:49:59.433390+09:00 0 0 경기70바5705 3 41 200000205 277104186 28 
2020-12-02T15:49:59.433404+09:00 0 0 경기70바5480 3 22 200000205 277103392 45 
2020-12-02T15:50:59.297084+09:00 0 0 경기70바5544 3 33 200000205 101000006 35 
2020-12-02T15:50:59.297144+09:00 0 0 경기70바5542 3 25 200000205 200000247 57 
2020-12-02T15:50:59.297164+09:00 0 0 경기70바5610 3 47 200000205 201000210 5 
2020-12-02T15:50:59.297181+09:00 0 0 경기70바5706 3 42 200000205 277103441 20 
2020-12-02T15:50:59.297198+09:00 0 0 경기70바5705 3 41 200000205 277104186 28 
2020-12-02T15:50:59.297213+09:00 0 0 경기70바5480 3 22 200000205 277103392 45 
2020-12-02T15:50:59.297227+09:00 0 0 경기70바5547 3 33 200000205 202000037 10 
2020-12-02T15:51:58.851102+09:00 0 0 경기70바5610 3 47 200000205 201000210 5 
2020-12-02T15:51:58.851166+09:00 0 0 경기70바5706 3 42 200000205 277103441 20 
2020-12-02T15:51:58.851186+09:00 0 0 경기70바5544 3 30 200000205 101000006 35 
2020-12-02T15:51:58.851202+09:00 0 0 경기70바5542 3 28 200000205 202000033 58 
2020-12-02T15:51:58.851222+09:00 0 0 경기70바5547 3 33 200000205 202000037 10 
2020-12-02T15:51:58.851237+09:00 0 0 경기70바5705 3 41 200000205 101000002 29 
2020-12-02T15:51:58.851251+09:00 0 0 경기70바5480 3 22 200000205 277103389 46 
2020-12-02T15:52:58.945332+09:00 0 0 경기70바5610 3 47 200000205 201000210 5 
2020-12-02T15:52:58.945394+09:00 0 0 경기70바5544 3 30 200000205 277101742 36 
2020-12-02T15:52:58.945413+09:00 0 0 경기70바5542 3 28 200000205 202000005 59 
2020-12-02T15:52:58.945429+09:00 0 0 경기70바5706 3 42 200000205 277104177 21 
2020-12-02T15:52:58.945445+09:00 0 0 경기70바5480 3 22 200000205 277103389 46 
2020-12-02T15:52:58.945459+09:00 0 0 경기70바5547 3 31 200000205 202000053 11 
2020-12-02T15:52:58.945473+09:00 0 0 경기70바5705 3 44 200000205 277104376 30 
2020-12-02T15:53:58.459211+09:00 0 0 경기70바5610 3 47 200000205 201000210 5 
2020-12-02T15:53:58.459273+09:00 0 0 경기70바5542 3 31 200000205 202000005 59 
2020-12-02T15:53:58.459293+09:00 0 0 경기70바5544 3 30 200000205 277102114 38 
2020-12-02T15:53:58.459309+09:00 0 0 경기70바5706 3 42 200000205 277103388 22 
2020-12-02T15:53:58.459325+09:00 0 0 경기70바5705 3 44 200000205 277104376 30 
2020-12-02T15:53:58.459340+09:00 0 0 경기70바5547 3 31 200000205 202000053 11 
2020-12-02T15:53:58.459354+09:00 0 0 경기70바5480 3 22 200000205 277103387 47 
2020-12-02T15:54:58.233225+09:00 0 0 경기70바5542 3 31 200000205 202000005 59 
2020-12-02T15:54:58.233289+09:00 0 0 경기70바5544 3 30 200000205 277102114 38 
2020-12-02T15:54:58.233310+09:00 0 0 경기70바5706 3 42 200000205 277103388 22 
2020-12-02T15:54:58.233327+09:00 0 0 경기70바5610 3 47 200000205 203000162 6 
2020-12-02T15:54:58.233343+09:00 0 0 경기70바5480 3 22 200000205 277104178 48 
2020-12-02T15:54:58.233358+09:00 0 0 경기70바5705 3 44 200000205 277104376 30 
2020-12-02T15:54:58.233373+09:00 0 0 경기70바5547 3 31 200000205 203000166 12 
2020-12-02T15:55:57.897327+09:00 0 0 경기70바5610 3 46 200000205 203000063 7 
2020-12-02T15:55:57.897392+09:00 0 0 경기70바5542 3 31 200000205 202000005 59 
2020-12-02T15:55:57.897412+09:00 0 0 경기70바5706 3 42 200000205 277103390 23 
2020-12-02T15:55:57.897429+09:00 0 0 경기70바5544 3 30 200000205 277102114 38 
2020-12-02T15:55:57.897445+09:00 0 0 경기70바5547 3 29 200000205 203000166 12 
2020-12-02T15:55:57.897460+09:00 0 0 경기70바5705 3 45 200000205 101000303 31 
2020-12-02T15:55:57.897474+09:00 0 0 경기70바5480 3 22 200000205 277104178 48 
2020-12-02T15:56:57.731292+09:00 0 0 경기70바5610 3 46 200000205 203000063 7 
2020-12-02T15:56:57.731355+09:00 0 0 경기70바5706 3 42 200000205 277103390 23 
2020-12-02T15:56:57.731375+09:00 0 0 경기70바5544 3 28 200000205 101000148 39 
2020-12-02T15:56:57.731392+09:00 0 0 경기70바5542 3 32 200000205 203000178 60 
2020-12-02T15:56:57.731408+09:00 0 0 경기70바5547 3 29 200000205 277103382 13 
2020-12-02T15:56:57.731423+09:00 0 0 경기70바5480 3 22 200000205 277103440 49 
2020-12-02T15:56:57.731437+09:00 0 0 경기70바5705 3 45 200000205 101000303 31 
2020-12-02T15:57:57.645343+09:00 0 0 경기70바5542 3 32 200000205 203000178 60 
2020-12-02T15:57:57.645401+09:00 0 0 경기70바5610 3 46 200000205 203000063 7 
2020-12-02T15:57:57.645421+09:00 0 0 경기70바5544 3 22 200000205 101000148 39 
2020-12-02T15:57:57.645437+09:00 0 0 경기70바5706 3 42 200000205 277103391 24 
2020-12-02T15:57:57.645452+09:00 0 0 경기70바5480 3 22 200000205 277103678 50 
2020-12-02T15:57:57.645466+09:00 0 0 경기70바5705 3 45 200000205 101000303 31 
2020-12-02T15:57:57.645481+09:00 0 0 경기70바5547 3 29 200000205 277103382 13 
2020-12-02T15:58:57.599475+09:00 0 0 경기70바5706 3 42 200000205 277103391 24 
2020-12-02T15:58:57.599536+09:00 0 0 경기70바5610 3 46 200000205 203000068 8 
2020-12-02T15:58:57.599556+09:00 0 0 경기70바5544 3 22 200000205 101000001 40 
2020-12-02T15:58:57.599573+09:00 0 0 경기70바5542 3 33 200000205 203000159 61 
2020-12-02T15:58:57.599590+09:00 0 0 경기70바5547 3 29 200000205 277103691 14 
2020-12-02T15:58:57.599605+09:00 0 0 경기70바5480 3 22 200000205 277103678 50 
2020-12-02T15:58:57.599619+09:00 0 0 경기70바5705 3 45 200000205 277104283 32 
2020-12-02T15:59:57.313484+09:00 0 0 경기70바5706 3 42 200000205 277103391 24 
2020-12-02T15:59:57.313546+09:00 0 0 경기70바5542 3 33 200000205 203000159 61 
2020-12-02T15:59:57.313566+09:00 0 0 경기70바5544 3 21 200000205 101000001 40 
2020-12-02T15:59:57.313581+09:00 0 0 경기70바5610 3 44 200000205 203000068 8 
2020-12-02T15:59:57.313597+09:00 0 0 경기70바5705 3 45 200000205 277104283 32 
2020-12-02T15:59:57.313612+09:00 0 0 경기70바5547 3 29 200000205 277103231 15 
2020-12-02T15:59:57.313626+09:00 0 0 경기70바5480 3 22 200000205 277103150 51 
2020-12-02T16:00:57.087649+09:00 0 0 경기70바5706 3 42 200000205 277103391 24 
2020-12-02T16:00:57.087712+09:00 0 0 경기70바5542 3 33 200000205 203000159 61 
2020-12-02T16:00:57.087733+09:00 0 0 경기70바5610 3 44 200000205 203000068 8 
2020-12-02T16:00:57.087750+09:00 0 0 경기70바5544 3 19 200000205 101000001 40 
2020-12-02T16:00:57.087766+09:00 0 0 경기70바5548 3 41 200000205 201000212 1 
2020-12-02T16:00:57.087785+09:00 0 0 경기70바5705 3 45 200000205 101000128 33 
2020-12-02T16:00:57.087800+09:00 0 0 경기70바5547 3 29 200000205 277103231 15 
2020-12-02T16:00:57.087816+09:00 0 0 경기70바5480 3 22 200000205 277103150 51 
2020-12-02T16:01:56.511680+09:00 0 0 경기70바5548 3 41 200000205 201000212 1 
2020-12-02T16:01:56.511741+09:00 0 0 경기70바5706 3 42 200000205 277103400 25 
2020-12-02T16:01:56.511762+09:00 0 0 경기70바5610 3 41 200000205 203000066 9 
2020-12-02T16:01:56.511778+09:00 0 0 경기70바5544 3 19 200000205 277104181 41 
2020-12-02T16:01:56.511795+09:00 0 0 경기70바5542 3 35 200000205 202000075 62 
2020-12-02T16:01:56.511809+09:00 0 0 경기70바5547 3 29 200000205 277103231 15 
2020-12-02T16:01:56.511823+09:00 0 0 경기70바5705 3 44 200000205 101000128 33 
2020-12-02T16:01:56.511837+09:00 0 0 경기70바5480 3 22 200000205 277103385 52 
2020-12-02T16:02:56.295969+09:00 0 0 경기70바5544 3 19 200000205 277104181 41 
2020-12-02T16:02:56.296031+09:00 0 0 경기70바5542 3 35 200000205 202000075 62 
2020-12-02T16:02:56.296052+09:00 0 0 경기70바5548 3 41 200000205 201000212 1 
2020-12-02T16:02:56.296069+09:00 0 0 경기70바5706 3 42 200000205 277103400 25 
2020-12-02T16:02:56.296086+09:00 0 0 경기70바5610 3 41 200000205 203000066 9 
2020-12-02T16:02:56.296101+09:00 0 0 경기70바5705 3 45 200000205 101000008 34 
2020-12-02T16:02:56.296115+09:00 0 0 경기70바5480 3 22 200000205 277103385 52 
2020-12-02T16:02:56.296129+09:00 0 0 경기70바5547 3 29 200000205 277103231 15 
2020-12-02T16:03:56.099910+09:00 0 0 경기70바5542 3 35 200000205 202000075 62 
2020-12-02T16:03:56.099972+09:00 0 0 경기70바5610 3 41 200000205 203000066 9 
2020-12-02T16:03:56.099992+09:00 0 0 경기70바5548 3 41 200000205 201000192 3 
2020-12-02T16:03:56.100008+09:00 0 0 경기70바5706 3 42 200000205 277103400 25 
2020-12-02T16:03:56.100025+09:00 0 0 경기70바5544 3 19 200000205 277104179 42 
2020-12-02T16:03:56.100040+09:00 0 0 경기70바5705 3 45 200000205 101000008 34 
2020-12-02T16:03:56.100054+09:00 0 0 경기70바5547 3 29 200000205 277103443 16 
2020-12-02T16:03:56.100068+09:00 0 0 경기70바5480 3 22 200000205 277103385 52 
2020-12-02T16:04:55.883778+09:00 0 0 경기70바5548 3 41 200000205 201000192 3 
2020-12-02T16:04:55.883830+09:00 0 0 경기70바5706 3 44 200000205 102000069 26 
2020-12-02T16:04:55.883849+09:00 0 0 경기70바5542 3 36 200000205 202000075 62 
2020-12-02T16:04:55.883865+09:00 0 0 경기70바5610 3 41 200000205 203000066 9 
2020-12-02T16:04:55.883881+09:00 0 0 경기70바5544 3 20 200000205 102000070 43 
2020-12-02T16:04:55.883895+09:00 0 0 경기70바5705 3 45 200000205 101000006 35 
2020-12-02T16:04:55.883909+09:00 0 0 경기70바5547 3 29 200000205 277103443 16 
2020-12-02T16:04:55.883923+09:00 0 0 경기70바5480 3 22 200000205 277103442 53 
2020-12-02T16:05:55.527995+09:00 0 0 경기70바5610 3 41 200000205 202000037 10 
2020-12-02T16:05:55.528058+09:00 0 0 경기70바5706 3 44 200000205 277104180 27 
2020-12-02T16:05:55.528078+09:00 0 0 경기70바5542 3 39 200000205 201000209 63 
2020-12-02T16:05:55.528095+09:00 0 0 경기70바5544 3 15 200000205 102000070 43 
2020-12-02T16:05:55.528115+09:00 0 0 경기70바5548 3 41 200000205 201000118 4 
2020-12-02T16:05:55.528133+09:00 0 0 경기70바5547 3 29 200000205 277103386 17 
2020-12-02T16:05:55.528147+09:00 0 0 경기70바5480 3 22 200000205 277103442 53 
2020-12-02T16:05:55.528161+09:00 0 0 경기70바5705 3 39 200000205 101000006 35 
2020-12-02T16:06:55.081998+09:00 0 0 경기70바5706 3 44 200000205 277104180 27 
2020-12-02T16:06:55.082061+09:00 0 0 경기70바5542 3 39 200000205 201000209 63 
2020-12-02T16:06:55.082081+09:00 0 0 경기70바5610 3 41 200000205 202000037 10 
2020-12-02T16:06:55.082097+09:00 0 0 경기70바5548 3 40 200000205 201000118 4 
2020-12-02T16:06:55.082113+09:00 0 0 경기70바5544 3 15 200000205 102000070 43 
2020-12-02T16:06:55.082128+09:00 0 0 경기70바5705 3 39 200000205 101000006 35 
2020-12-02T16:06:55.082142+09:00 0 0 경기70바5547 3 29 200000205 277103386 17 
2020-12-02T16:06:55.082155+09:00 0 0 경기70바5480 3 22 200000205 277103442 53 
2020-12-02T16:07:54.976118+09:00 0 0 경기70바5610 3 41 200000205 202000053 11 
2020-12-02T16:07:54.976180+09:00 0 0 경기70바5542 3 39 200000205 201000209 63 
2020-12-02T16:07:54.976200+09:00 0 0 경기70바5544 3 15 200000205 102000070 43 
2020-12-02T16:07:54.976217+09:00 0 0 경기70바5706 3 44 200000205 277104186 28 
2020-12-02T16:07:54.976233+09:00 0 0 경기70바5548 3 40 200000205 201000210 5 
2020-12-02T16:07:54.976248+09:00 0 0 경기70바5480 3 22 200000205 277103442 53 
2020-12-02T16:07:54.976262+09:00 0 0 경기70바5705 3 39 200000205 277101742 36 
2020-12-02T16:07:54.976276+09:00 0 0 경기70바5547 3 29 200000205 277103386 17 
2020-12-02T16:08:54.740232+09:00 0 0 경기70바5542 3 39 200000205 201000199 64 
2020-12-02T16:08:54.740295+09:00 0 0 경기70바5706 3 46 200000205 101000002 29 
2020-12-02T16:08:54.740315+09:00 0 0 경기70바5610 3 38 200000205 202000053 11 
2020-12-02T16:08:54.740332+09:00 0 0 경기70바5548 3 38 200000205 201000210 5 
2020-12-02T16:08:54.740361+09:00 0 0 경기70바5544 3 15 200000205 277103399 44 
2020-12-02T16:08:54.740375+09:00 0 0 경기70바5480 3 22 200000205 277103692 54 
2020-12-02T16:08:54.740389+09:00 0 0 경기70바5547 3 29 200000205 277103151 18 
2020-12-02T16:08:54.740403+09:00 0 0 경기70바5705 3 39 200000205 277102114 38 
2020-12-02T16:09:54.334377+09:00 0 0 경기70바5706 3 46 200000205 101000002 29 
2020-12-02T16:09:54.334438+09:00 0 0 경기70바5548 3 38 200000205 201000210 5 
2020-12-02T16:09:54.334457+09:00 0 0 경기70바5544 3 15 200000205 277103399 44 
2020-12-02T16:09:54.334473+09:00 0 0 경기70바5610 3 37 200000205 203000166 12 
2020-12-02T16:09:54.334489+09:00 0 0 경기70바5542 3 41 200000205 201000198 65 
2020-12-02T16:09:54.334504+09:00 0 0 경기70바5480 3 22 200000205 277103692 54 
2020-12-02T16:09:54.334518+09:00 0 0 경기70바5705 3 39 200000205 277102114 38 
2020-12-02T16:09:54.334532+09:00 0 0 경기70바5547 3 29 200000205 277103679 19 
2020-12-02T16:10:53.888431+09:00 0 0 경기70바5548 3 38 200000205 201000210 5 
2020-12-02T16:10:53.888493+09:00 0 0 경기70바5542 3 41 200000205 201000198 65 
2020-12-02T16:10:53.888512+09:00 0 0 경기70바5544 3 15 200000205 277103392 45 
2020-12-02T16:10:53.888528+09:00 0 0 경기70바5610 3 37 200000205 277103382 13 
2020-12-02T16:10:53.888544+09:00 0 0 경기70바5706 3 46 200000205 277104376 30 
2020-12-02T16:10:53.888558+09:00 0 0 경기70바5547 3 29 200000205 277103679 19 
2020-12-02T16:10:53.888573+09:00 0 0 경기70바5705 3 39 200000205 101000148 39 
2020-12-02T16:10:53.888586+09:00 0 0 경기70바5480 3 22 200000205 277103692 54 
2020-12-02T16:11:53.722538+09:00 0 0 경기70바5542 3 41 200000205 201000198 65 
2020-12-02T16:11:53.722599+09:00 0 0 경기70바5544 3 15 200000205 277103392 45 
2020-12-02T16:11:53.722621+09:00 0 0 경기70바5610 3 37 200000205 277103382 13 
2020-12-02T16:11:53.722637+09:00 0 0 경기70바5706 3 46 200000205 277104376 30 
2020-12-02T16:11:53.722653+09:00 0 0 경기70바5548 3 38 200000205 203000162 6 
2020-12-02T16:11:53.722668+09:00 0 0 경기70바5480 3 22 200000205 277103381 55 
2020-12-02T16:11:53.722682+09:00 0 0 경기70바5705 3 39 200000205 101000148 39 
2020-12-02T16:11:53.722708+09:00 0 0 경기70바5547 3 29 200000205 277103441 20 
2020-12-02T16:12:53.686782+09:00 0 0 경기70바5544 3 15 200000205 277103389 46 
2020-12-02T16:12:53.686841+09:00 0 0 경기70바5706 3 47 200000205 101000303 31 
2020-12-02T16:12:53.686860+09:00 0 0 경기70바5610 3 37 200000205 277103691 14 
2020-12-02T16:12:53.686888+09:00 0 0 경기70바5548 3 36 200000205 203000063 7 
2020-12-02T16:12:53.686904+09:00 0 0 경기70바5705 3 39 200000205 101000148 39 
2020-12-02T16:12:53.686919+09:00 0 0 경기70바5547 3 29 200000205 277104177 21 
2020-12-02T16:12:53.686933+09:00 0 0 경기70바5480 3 22 200000205 203000165 56 
2020-12-02T16:13:53.120743+09:00 0 0 경기70바5544 3 15 200000205 277103389 46 
2020-12-02T16:13:53.120803+09:00 0 0 경기70바5610 3 37 200000205 277103691 14 
2020-12-02T16:13:53.120822+09:00 0 0 경기70바5706 3 47 200000205 101000303 31 
2020-12-02T16:13:53.120838+09:00 0 0 경기70바5548 3 36 200000205 203000063 7 
2020-12-02T16:13:53.120855+09:00 0 0 경기70바5480 3 22 200000205 203000165 56 
2020-12-02T16:13:53.120869+09:00 0 0 경기70바5705 3 39 200000205 101000001 40 
2020-12-02T16:13:53.120884+09:00 0 0 경기70바5547 3 29 200000205 277104177 21 
2020-12-02T16:14:52.964827+09:00 0 0 경기70바5548 3 36 200000205 203000063 7 
2020-12-02T16:14:52.964888+09:00 0 0 경기70바5544 3 15 200000205 277103387 47 
2020-12-02T16:14:52.964908+09:00 0 0 경기70바5610 3 37 200000205 277103231 15 
2020-12-02T16:14:52.964924+09:00 0 0 경기70바5706 3 47 200000205 277104283 32 
2020-12-02T16:14:52.964941+09:00 0 0 경기70바5705 3 35 200000205 101000001 40 
2020-12-02T16:14:52.964956+09:00 0 0 경기70바5547 3 29 200000205 277103388 22 
2020-12-02T16:14:52.964970+09:00 0 0 경기70바5480 3 22 200000205 200000247 57 
2020-12-02T16:15:52.238944+09:00 0 0 경기70바5548 3 36 200000205 203000063 7 
2020-12-02T16:15:52.239007+09:00 0 0 경기70바5706 3 47 200000205 277104283 32 
2020-12-02T16:15:52.239028+09:00 0 0 경기70바5544 3 15 200000205 277104178 48 
2020-12-02T16:15:52.239044+09:00 0 0 경기70바5610 3 37 200000205 277103231 15 
2020-12-02T16:15:52.239061+09:00 0 0 경기70바5705 3 35 200000205 101000001 40 
2020-12-02T16:15:52.239076+09:00 0 0 경기70바5547 3 29 200000205 277103390 23 
2020-12-02T16:15:52.239090+09:00 0 0 경기70바5480 3 23 200000205 200000247 57 
2020-12-02T16:16:52.063031+09:00 0 0 경기70바5706 3 47 200000205 277104283 32 
2020-12-02T16:16:52.063094+09:00 0 0 경기70바5610 3 37 200000205 277103231 15 
2020-12-02T16:16:52.063114+09:00 0 0 경기70바5544 3 15 200000205 277103440 49 
2020-12-02T16:16:52.063131+09:00 0 0 경기70바5548 3 36 200000205 203000068 8 
2020-12-02T16:16:52.063147+09:00 0 0 경기70바5705 3 35 200000205 101000001 40 
2020-12-02T16:16:52.063162+09:00 0 0 경기70바5547 3 29 200000205 277103390 23 
2020-12-02T16:16:52.063176+09:00 0 0 경기70바5480 3 23 200000205 200000247 57 
2020-12-02T16:17:52.047027+09:00 0 0 경기70바5610 3 37 200000205 277103231 15 
2020-12-02T16:17:52.047073+09:00 0 0 경기70바5548 3 36 200000205 203000068 8 
2020-12-02T16:17:52.047093+09:00 0 0 경기70바5544 3 15 200000205 277103440 49 
2020-12-02T16:17:52.047108+09:00 0 0 경기70바5706 3 44 200000205 101000008 34 
2020-12-02T16:17:52.047125+09:00 0 0 경기70바5480 3 23 200000205 200000247 57 
2020-12-02T16:17:52.047139+09:00 0 0 경기70바5705 3 35 200000205 277104181 41 
2020-12-02T16:17:52.047153+09:00 0 0 경기70바5547 3 29 200000205 277103391 24 
2020-12-02T16:18:51.271222+09:00 0 0 경기70바5706 3 44 200000205 101000008 34 
2020-12-02T16:18:51.271283+09:00 0 0 경기70바5548 3 36 200000205 203000068 8 
2020-12-02T16:18:51.271303+09:00 0 0 경기70바5610 3 37 200000205 277103443 16 
2020-12-02T16:18:51.271319+09:00 0 0 경기70바5544 3 15 200000205 277103678 50 
2020-12-02T16:18:51.271336+09:00 0 0 경기70바5547 3 29 200000205 277103391 24 
2020-12-02T16:18:51.271351+09:00 0 0 경기70바5480 3 23 200000205 202000033 58 
2020-12-02T16:18:51.271366+09:00 0 0 경기70바5705 3 35 200000205 277104181 41 
2020-12-02T16:19:50.525318+09:00 0 0 경기70바5610 3 37 200000205 277103443 16 
2020-12-02T16:19:50.525380+09:00 0 0 경기70바5706 3 44 200000205 101000006 35 
2020-12-02T16:19:50.525400+09:00 0 0 경기70바5548 3 31 200000205 203000066 9 
2020-12-02T16:19:50.525416+09:00 0 0 경기70바5544 3 15 200000205 277103678 50 
2020-12-02T16:19:50.525433+09:00 0 0 경기70바5547 3 29 200000205 277103391 24 
2020-12-02T16:19:50.525447+09:00 0 0 경기70바5480 3 23 200000205 202000033 58 
2020-12-02T16:19:50.525461+09:00 0 0 경기70바5705 3 35 200000205 277104179 42 
2020-12-02T16:20:49.799356+09:00 0 0 경기70바5548 3 31 200000205 203000066 9 
2020-12-02T16:20:49.799416+09:00 0 0 경기70바5706 3 45 200000205 101000006 35 
2020-12-02T16:20:49.799435+09:00 0 0 경기70바5544 3 15 200000205 277103150 51 
2020-12-02T16:20:49.799452+09:00 0 0 경기70바5610 3 37 200000205 277103386 17 
2020-12-02T16:20:49.799468+09:00 0 0 경기70바5480 3 24 200000205 202000033 58 
2020-12-02T16:20:49.799482+09:00 0 0 경기70바5547 3 29 200000205 277103391 24 
2020-12-02T16:20:49.799497+09:00 0 0 경기70바5705 3 35 200000205 277104179 42 
2020-12-02T16:21:49.663483+09:00 0 0 경기70바5544 3 15 200000205 277103150 51 
2020-12-02T16:21:49.663544+09:00 0 0 경기70바5610 3 37 200000205 277103386 17 
2020-12-02T16:21:49.663564+09:00 0 0 경기70바5706 3 42 200000205 101000006 35 
2020-12-02T16:21:49.663580+09:00 0 0 경기70바5548 3 31 200000205 203000066 9 
2020-12-02T16:21:49.663596+09:00 0 0 경기70바5705 3 35 200000205 102000070 43 
2020-12-02T16:21:49.663611+09:00 0 0 경기70바5539 3 41 200000205 201000212 1 
2020-12-02T16:21:49.663625+09:00 0 0 경기70바5547 3 29 200000205 277103391 24 
2020-12-02T16:21:49.663638+09:00 0 0 경기70바5480 3 24 200000205 202000005 59 
2020-12-02T16:22:49.577653+09:00 0 0 경기70바5610 3 37 200000205 277103386 17 
2020-12-02T16:22:49.577716+09:00 0 0 경기70바5548 3 31 200000205 203000066 9 
2020-12-02T16:22:49.577736+09:00 0 0 경기70바5706 3 42 200000205 277102115 37 
2020-12-02T16:22:49.577752+09:00 0 0 경기70바5544 3 15 200000205 277103385 52 
2020-12-02T16:22:49.577769+09:00 0 0 경기70바5547 3 29 200000205 277103400 25 
2020-12-02T16:22:49.577784+09:00 0 0 경기70바5539 3 41 200000205 201000212 1 
2020-12-02T16:22:49.577798+09:00 0 0 경기70바5480 3 29 200000205 202000005 59 
2020-12-02T16:22:49.577812+09:00 0 0 경기70바5705 3 32 200000205 102000070 43 
2020-12-02T16:23:48.851546+09:00 0 0 경기70바5544 3 15 200000205 277103385 52 
2020-12-02T16:23:48.851607+09:00 0 0 경기70바5706 3 42 200000205 277102114 38 
2020-12-02T16:23:48.851627+09:00 0 0 경기70바5610 3 37 200000205 277103151 18 
2020-12-02T16:23:48.851642+09:00 0 0 경기70바5548 3 31 200000205 203000066 9 
2020-12-02T16:23:48.851659+09:00 0 0 경기70바5705 3 32 200000205 102000070 43 
2020-12-02T16:23:48.851674+09:00 0 0 경기70바5480 3 29 200000205 202000005 59 
2020-12-02T16:23:48.851688+09:00 0 0 경기70바5539 3 41 200000205 201000212 1 
2020-12-02T16:23:48.851701+09:00 0 0 경기70바5547 3 29 200000205 277103400 25 
2020-12-02T16:24:48.325391+09:00 0 0 경기70바5544 3 15 200000205 277103385 52 
2020-12-02T16:24:48.325451+09:00 0 0 경기70바5610 3 37 200000205 277103151 18 
2020-12-02T16:24:48.325472+09:00 0 0 경기70바5548 3 29 200000205 202000037 10 
2020-12-02T16:24:48.325488+09:00 0 0 경기70바5706 3 42 200000205 277102114 38 
2020-12-02T16:24:48.325505+09:00 0 0 경기70바5480 3 31 200000205 203000178 60 
2020-12-02T16:24:48.325520+09:00 0 0 경기70바5547 3 29 200000205 277103400 25 
2020-12-02T16:24:48.325536+09:00 0 0 경기70바5539 3 41 200000205 201000192 3 
2020-12-02T16:24:48.325550+09:00 0 0 경기70바5705 3 32 200000205 102000070 43 
2020-12-02T16:25:48.158984+09:00 0 0 경기70바5548 3 29 200000205 202000037 10 
2020-12-02T16:25:48.159045+09:00 0 0 경기70바5610 3 37 200000205 277103679 19 
2020-12-02T16:25:48.159065+09:00 0 0 경기70바5544 3 15 200000205 277103442 53 
2020-12-02T16:25:48.159080+09:00 0 0 경기70바5706 3 33 200000205 101000148 39 
2020-12-02T16:25:48.159097+09:00 0 0 경기70바5539 3 41 200000205 201000192 3 
2020-12-02T16:25:48.159111+09:00 0 0 경기70바5705 3 32 200000205 102000070 43 
2020-12-02T16:25:48.159125+09:00 0 0 경기70바5480 3 32 200000205 203000178 60 
2020-12-02T16:25:48.159139+09:00 0 0 경기70바5547 3 31 200000205 102000069 26 
2020-12-02T16:26:47.792902+09:00 0 0 경기70바5548 3 29 200000205 202000037 10 
2020-12-02T16:26:47.792962+09:00 0 0 경기70바5544 3 15 200000205 277103442 53 
2020-12-02T16:26:47.792983+09:00 0 0 경기70바5706 3 33 200000205 101000148 39 
2020-12-02T16:26:47.793000+09:00 0 0 경기70바5610 3 37 200000205 277103441 20 
2020-12-02T16:26:47.793016+09:00 0 0 경기70바5705 3 32 200000205 277103399 44 
2020-12-02T16:26:47.793060+09:00 0 0 경기70바5480 3 32 200000205 203000159 61 
2020-12-02T16:26:47.793081+09:00 0 0 경기70바5547 3 31 200000205 277104180 27 
2020-12-02T16:26:47.793096+09:00 0 0 경기70바5539 3 41 200000205 201000118 4 
2020-12-02T16:27:47.436537+09:00 0 0 경기70바5610 3 37 200000205 277103441 20 
2020-12-02T16:27:47.436582+09:00 0 0 경기70바5706 3 33 200000205 101000001 40 
2020-12-02T16:27:47.436602+09:00 0 0 경기70바5548 3 29 200000205 202000037 10 
2020-12-02T16:27:47.436617+09:00 0 0 경기70바5544 3 15 200000205 277103442 53 
2020-12-02T16:27:47.436633+09:00 0 0 경기70바5480 3 35 200000205 203000159 61 
2020-12-02T16:27:47.436660+09:00 0 0 경기70바5547 3 31 200000205 277104180 27 
2020-12-02T16:27:47.436673+09:00 0 0 경기70바5539 3 41 200000205 201000118 4 
2020-12-02T16:27:47.436687+09:00 0 0 경기70바5705 3 32 200000205 277103399 44 
2020-12-02T16:28:47.320490+09:00 0 0 경기70바5706 3 33 200000205 101000001 40 
2020-12-02T16:28:47.320552+09:00 0 0 경기70바5548 3 29 200000205 202000053 11 
2020-12-02T16:28:47.320572+09:00 0 0 경기70바5610 3 37 200000205 277104177 21 
2020-12-02T16:28:47.320587+09:00 0 0 경기70바5544 3 15 200000205 277103442 53 
2020-12-02T16:28:47.320604+09:00 0 0 경기70바5547 3 31 200000205 277104180 27 
2020-12-02T16:28:47.320618+09:00 0 0 경기70바5705 3 32 200000205 277103392 45 
2020-12-02T16:28:47.320632+09:00 0 0 경기70바5480 3 35 200000205 202000075 62 
2020-12-02T16:28:47.320645+09:00 0 0 경기70바5539 3 41 200000205 201000210 5 
2020-12-02T16:29:47.284483+09:00 0 0 경기70바5610 3 37 200000205 277104177 21 
2020-12-02T16:29:47.284548+09:00 0 0 경기70바5706 3 29 200000205 101000001 40 
2020-12-02T16:29:47.284569+09:00 0 0 경기70바5548 3 28 200000205 202000053 11 
2020-12-02T16:29:47.284585+09:00 0 0 경기70바5544 3 15 200000205 277103692 54 
2020-12-02T16:29:47.284602+09:00 0 0 경기70바5705 3 32 200000205 277103392 45 
2020-12-02T16:29:47.284617+09:00 0 0 경기70바5539 3 37 200000205 201000210 5 
2020-12-02T16:29:47.284630+09:00 0 0 경기70바5547 3 33 200000205 101000002 29 
2020-12-02T16:29:47.284644+09:00 0 0 경기70바5480 3 37 200000205 201000209 63 
2020-12-02T16:30:46.568144+09:00 0 0 경기70바5706 3 29 200000205 101000001 40 
2020-12-02T16:30:46.568201+09:00 0 0 경기70바5544 3 15 200000205 277103692 54 
2020-12-02T16:30:46.568220+09:00 0 0 경기70바5610 3 37 200000205 277103388 22 
2020-12-02T16:30:46.568235+09:00 0 0 경기70바5548 3 25 200000205 203000166 12 
2020-12-02T16:30:46.568251+09:00 0 0 경기70바5539 3 37 200000205 201000210 5 
2020-12-02T16:30:46.568266+09:00 0 0 경기70바5547 3 33 200000205 101000002 29 
2020-12-02T16:30:46.568279+09:00 0 0 경기70바5705 3 32 200000205 277103389 46 
2020-12-02T16:30:46.568293+09:00 0 0 경기70바5480 3 37 200000205 201000209 63 
2020-12-02T16:31:46.302070+09:00 0 0 경기70바5544 3 15 200000205 277103692 54 
2020-12-02T16:31:46.302129+09:00 0 0 경기70바5610 3 37 200000205 277103388 22 
2020-12-02T16:31:46.302149+09:00 0 0 경기70바5706 3 29 200000205 277104181 41 
2020-12-02T16:31:46.302164+09:00 0 0 경기70바5548 3 25 200000205 277103382 13 
2020-12-02T16:31:46.302180+09:00 0 0 경기70바5539 3 37 200000205 201000210 5 
2020-12-02T16:31:46.302195+09:00 0 0 경기70바5547 3 33 200000205 101000002 29 
2020-12-02T16:31:46.302209+09:00 0 0 경기70바5480 3 37 200000205 201000209 63 
2020-12-02T16:31:46.302222+09:00 0 0 경기70바5705 3 32 200000205 277103387 47 
2020-12-02T16:32:45.996024+09:00 0 0 경기70바5706 3 29 200000205 277104181 41 
2020-12-02T16:32:45.996087+09:00 0 0 경기70바5544 3 15 200000205 277103692 54 
2020-12-02T16:32:45.996107+09:00 0 0 경기70바5548 3 25 200000205 277103382 13 
2020-12-02T16:32:45.996122+09:00 0 0 경기70바5610 3 37 200000205 277103390 23 
2020-12-02T16:32:45.996139+09:00 0 0 경기70바5705 3 32 200000205 277103387 47 
2020-12-02T16:32:45.996153+09:00 0 0 경기70바5539 3 37 200000205 203000162 6 
2020-12-02T16:32:45.996167+09:00 0 0 경기70바5547 3 33 200000205 277104376 30 
2020-12-02T16:32:45.996180+09:00 0 0 경기70바5480 3 39 200000205 201000199 64 
2020-12-02T16:33:45.639919+09:00 0 0 경기70바5610 3 37 200000205 277103390 23 
2020-12-02T16:33:45.639982+09:00 0 0 경기70바5706 3 29 200000205 277104181 41 
2020-12-02T16:33:45.640003+09:00 0 0 경기70바5544 3 15 200000205 277103381 55 
2020-12-02T16:33:45.640019+09:00 0 0 경기70바5548 3 25 200000205 277103691 14 
2020-12-02T16:33:45.640036+09:00 0 0 경기70바5539 3 35 200000205 203000063 7 
2020-12-02T16:33:45.640051+09:00 0 0 경기70바5480 3 41 200000205 201000198 65 
2020-12-02T16:33:45.640064+09:00 0 0 경기70바5705 3 32 200000205 277104178 48 
2020-12-02T16:33:45.640078+09:00 0 0 경기70바5547 3 34 200000205 277104376 30 
2020-12-02T16:34:45.433962+09:00 0 0 경기70바5544 3 15 200000205 277103381 55 
2020-12-02T16:34:45.434023+09:00 0 0 경기70바5548 3 25 200000205 277103691 14 
2020-12-02T16:34:45.434043+09:00 0 0 경기70바5706 3 29 200000205 277104179 42 
2020-12-02T16:34:45.434058+09:00 0 0 경기70바5610 3 37 200000205 277103391 24 
2020-12-02T16:34:45.434074+09:00 0 0 경기70바5547 3 35 200000205 101000303 31 
2020-12-02T16:34:45.434089+09:00 0 0 경기70바5705 3 32 200000205 277103440 49 
2020-12-02T16:34:45.434103+09:00 0 0 경기70바5539 3 34 200000205 203000063 7 
2020-12-02T16:34:45.434116+09:00 0 0 경기70바5480 3 41 200000205 201000198 65 
2020-12-02T16:35:44.697817+09:00 0 0 경기70바5706 3 29 200000205 277104179 42 
2020-12-02T16:35:44.697878+09:00 0 0 경기70바5610 3 37 200000205 277103391 24 
2020-12-02T16:35:44.697898+09:00 0 0 경기70바5548 3 25 200000205 277103231 15 
2020-12-02T16:35:44.697913+09:00 0 0 경기70바5544 3 15 200000205 203000165 56 
2020-12-02T16:35:44.697930+09:00 0 0 경기70바5480 3 41 200000205 201000198 65 
2020-12-02T16:35:44.697944+09:00 0 0 경기70바5705 3 32 200000205 277103440 49 
2020-12-02T16:35:44.697957+09:00 0 0 경기70바5539 3 34 200000205 203000063 7 
2020-12-02T16:35:44.697970+09:00 0 0 경기70바5547 3 34 200000205 101000303 31 
2020-12-02T16:36:43.961713+09:00 0 0 경기70바5610 3 37 200000205 277103391 24 
2020-12-02T16:36:43.961775+09:00 0 0 경기70바5544 3 16 200000205 203000165 56 
2020-12-02T16:36:43.961797+09:00 0 0 경기70바5548 3 25 200000205 277103231 15 
2020-12-02T16:36:43.961816+09:00 0 0 경기70바5706 3 29 200000205 277104179 42 
2020-12-02T16:36:43.961835+09:00 0 0 경기70바5480 3 41 200000205 201000198 65 
2020-12-02T16:36:43.961852+09:00 0 0 경기70바5539 3 34 200000205 203000063 7 
2020-12-02T16:36:43.961868+09:00 0 0 경기70바5705 3 32 200000205 277103678 50 
2020-12-02T16:36:43.961884+09:00 0 0 경기70바5547 3 34 200000205 277104283 32 
2020-12-02T16:37:43.635644+09:00 0 0 경기70바5544 3 16 200000205 203000165 56 
2020-12-02T16:37:43.635706+09:00 0 0 경기70바5548 3 25 200000205 277103231 15 
2020-12-02T16:37:43.635726+09:00 0 0 경기70바5610 3 37 200000205 277103391 24 
2020-12-02T16:37:43.635742+09:00 0 0 경기70바5706 3 28 200000205 102000070 43 
2020-12-02T16:37:43.635758+09:00 0 0 경기70바5539 3 34 200000205 203000068 8 
2020-12-02T16:37:43.635773+09:00 0 0 경기70바5547 3 32 200000205 101000128 33 
2020-12-02T16:37:43.635787+09:00 0 0 경기70바5705 3 32 200000205 277103150 51 
2020-12-02T16:38:43.529719+09:00 0 0 경기70바5548 3 25 200000205 277103231 15 
2020-12-02T16:38:43.529781+09:00 0 0 경기70바5610 3 37 200000205 277103391 24 
2020-12-02T16:38:43.529801+09:00 0 0 경기70바5706 3 28 200000205 102000070 43 
2020-12-02T16:38:43.529817+09:00 0 0 경기70바5544 3 17 200000205 203000165 56 
2020-12-02T16:38:43.529833+09:00 0 0 경기70바5539 3 34 200000205 203000068 8 
2020-12-02T16:38:43.529848+09:00 0 0 경기70바5547 3 32 200000205 101000008 34 
2020-12-02T16:38:43.529862+09:00 0 0 경기70바5705 3 32 200000205 277103150 51 
2020-12-02T16:39:42.503545+09:00 0 0 경기70바5548 3 25 200000205 277103443 16 
2020-12-02T16:39:42.503610+09:00 0 0 경기70바5706 3 28 200000205 102000070 43 
2020-12-02T16:39:42.503631+09:00 0 0 경기70바5544 3 25 200000205 200000247 57 
2020-12-02T16:39:42.503648+09:00 0 0 경기70바5610 3 38 200000205 277103400 25 
2020-12-02T16:39:42.503664+09:00 0 0 경기70바5705 3 32 200000205 277103150 51 
2020-12-02T16:39:42.503679+09:00 0 0 경기70바5547 3 32 200000205 101000008 34 
2020-12-02T16:39:42.503693+09:00 0 0 경기70바5539 3 34 200000205 203000068 8 
2020-12-02T16:40:42.107530+09:00 0 0 경기70바5548 3 25 200000205 277103443 16 
2020-12-02T16:40:42.107597+09:00 0 0 경기70바5544 3 25 200000205 200000247 57 
2020-12-02T16:40:42.107618+09:00 0 0 경기70바5610 3 38 200000205 277103400 25 
2020-12-02T16:40:42.107634+09:00 0 0 경기70바5706 3 28 200000205 277103399 44 
2020-12-02T16:40:42.107650+09:00 0 0 경기70바5547 3 32 200000205 101000006 35 
2020-12-02T16:40:42.107665+09:00 0 0 경기70바5539 3 28 200000205 203000066 9 
2020-12-02T16:40:42.107678+09:00 0 0 경기70바5705 3 32 200000205 277103385 52 
2020-12-02T16:41:41.301738+09:00 0 0 경기70바5548 3 25 200000205 277103443 16 
2020-12-02T16:41:41.301801+09:00 0 0 경기70바5544 3 25 200000205 200000247 57 
2020-12-02T16:41:41.301821+09:00 0 0 경기70바5706 3 28 200000205 277103399 44 
2020-12-02T16:41:41.301841+09:00 0 0 경기70바5540 3 41 200000205 201000212 1 
2020-12-02T16:41:41.301859+09:00 0 0 경기70바5610 3 38 200000205 277103400 25 
2020-12-02T16:41:41.301876+09:00 0 0 경기70바5547 3 36 200000205 101000006 35 
2020-12-02T16:41:41.301890+09:00 0 0 경기70바5539 3 28 200000205 203000066 9 
2020-12-02T16:41:41.301904+09:00 0 0 경기70바5705 3 32 200000205 277103385 52 
2020-12-02T16:42:41.047325+09:00 0 0 경기70바5544 3 25 200000205 200000247 57 
2020-12-02T16:42:41.047387+09:00 0 0 경기70바5548 3 25 200000205 277103386 17 
2020-12-02T16:42:41.047407+09:00 0 0 경기70바5610 3 38 200000205 102000069 26 
2020-12-02T16:42:41.047422+09:00 0 0 경기70바5706 3 28 200000205 277103399 44 
2020-12-02T16:42:41.047439+09:00 0 0 경기70바5540 3 41 200000205 277102455 2 
2020-12-02T16:42:41.047454+09:00 0 0 경기70바5539 3 28 200000205 203000066 9 
2020-12-02T16:42:41.047467+09:00 0 0 경기70바5547 3 32 200000205 101000006 35 
2020-12-02T16:42:41.047482+09:00 0 0 경기70바5705 3 32 200000205 277103442 53 
2020-12-02T16:43:41.039700+09:00 0 0 경기70바5544 3 25 200000205 200000247 57 
2020-12-02T16:43:41.039762+09:00 0 0 경기70바5548 3 25 200000205 277103386 17 
2020-12-02T16:43:41.039782+09:00 0 0 경기70바5540 3 41 200000205 201000192 3 
2020-12-02T16:43:41.039799+09:00 0 0 경기70바5610 3 40 200000205 277104180 27 
2020-12-02T16:43:41.039816+09:00 0 0 경기70바5706 3 28 200000205 277103392 45 
2020-12-02T16:43:41.039831+09:00 0 0 경기70바5705 3 32 200000205 277103442 53 
2020-12-02T16:43:41.039844+09:00 0 0 경기70바5547 3 32 200000205 277101742 36 
2020-12-02T16:43:41.039859+09:00 0 0 경기70바5539 3 27 200000205 202000037 10 
2020-12-02T16:44:40.503610+09:00 0 0 경기70바5610 3 40 200000205 277104180 27 
2020-12-02T16:44:40.503680+09:00 0 0 경기70바5706 3 28 200000205 277103392 45 
2020-12-02T16:44:40.503700+09:00 0 0 경기70바5548 3 25 200000205 277103151 18 
2020-12-02T16:44:40.503716+09:00 0 0 경기70바5544 3 25 200000205 200000247 57 
2020-12-02T16:44:40.503732+09:00 0 0 경기70바5540 3 41 200000205 201000192 3 
2020-12-02T16:44:40.503746+09:00 0 0 경기70바5705 3 32 200000205 277103442 53 
2020-12-02T16:44:40.503760+09:00 0 0 경기70바5539 3 27 200000205 202000037 10 
2020-12-02T16:44:40.503774+09:00 0 0 경기70바5547 3 32 200000205 277102114 38 
2020-12-02T16:45:40.297844+09:00 0 0 경기70바5548 3 25 200000205 277103151 18 
2020-12-02T16:45:40.297899+09:00 0 0 경기70바5610 3 40 200000205 277104186 28 
2020-12-02T16:45:40.297919+09:00 0 0 경기70바5540 3 41 200000205 201000118 4 
2020-12-02T16:45:40.297935+09:00 0 0 경기70바5544 3 28 200000205 202000033 58 
2020-12-02T16:45:40.297951+09:00 0 0 경기70바5706 3 28 200000205 277103389 46 
2020-12-02T16:45:40.297967+09:00 0 0 경기70바5539 3 27 200000205 202000037 10 
2020-12-02T16:45:40.297980+09:00 0 0 경기70바5705 3 32 200000205 277103442 53 
2020-12-02T16:45:40.297995+09:00 0 0 경기70바5547 3 32 200000205 277102114 38 
