232000081 2020-12-20T22:20:41.850387+09:00
2020-12-21T12:32:32 0 0 경기79바1752 4 73 232000081 232000704 3 
2020-12-21T12:33:31 0 0 경기79바1752 4 73 232000081 232000704 3 
2020-12-21T12:34:31 0 0 경기79바1752 4 73 232000081 232000725 4 
2020-12-21T12:35:31 0 0 경기79바1752 4 73 232000081 232000725 4 
2020-12-21T12:36:31 0 0 경기79바1752 4 71 232000081 232000725 4 
2020-12-21T12:37:30 0 0 경기79바1752 4 71 232000081 232000725 4 
2020-12-21T12:38:31 0 0 경기79바1752 4 71 232000081 232000707 5 
2020-12-21T12:39:30 0 0 경기79바1752 4 71 232000081 277102614 6 
2020-12-21T12:40:28 0 0 경기79바1752 4 71 232000081 232000777 8 
2020-12-21T12:41:28 0 0 경기79바1752 4 71 232000081 232000777 8 
2020-12-21T12:42:28 0 0 경기79바1752 4 71 232000081 232000777 8 
2020-12-21T12:43:27 0 0 경기79바1752 4 71 232000081 232000545 9 
2020-12-21T12:44:27 0 0 경기79바1752 4 70 232000081 232000545 9 
2020-12-21T12:45:27 0 0 경기79바1752 4 70 232000081 232000549 10 
2020-12-21T12:46:27 0 0 경기79바1752 4 69 232000081 232000553 11 
2020-12-21T12:47:26 0 0 경기79바1752 4 69 232000081 232000553 11 
2020-12-21T12:48:26 0 0 경기79바1752 4 65 232000081 232000553 11 
2020-12-21T12:49:25 0 0 경기79바1752 4 65 232000081 232000553 11 
2020-12-21T12:50:25 0 0 경기79바1752 4 65 232000081 232000553 11 
2020-12-21T12:51:25 0 0 경기79바1752 4 65 232000081 232000543 12 
2020-12-21T12:52:25 0 0 경기79바1752 4 65 232000081 232000543 12 
2020-12-21T12:53:25 0 0 경기79바1752 4 65 232000081 232000543 12 
2020-12-21T12:54:24 0 0 경기79바1752 4 65 232000081 232000543 12 
2020-12-21T12:55:24 0 0 경기79바1752 4 65 232000081 232000758 13 
2020-12-21T12:56:23 0 0 경기79바1752 4 64 232000081 232000758 13 
2020-12-21T12:57:22 0 0 경기79바1752 4 64 232000081 232000758 13 
2020-12-21T12:58:21 0 0 경기79바1752 4 64 232000081 232000727 14 
2020-12-21T12:59:21 0 0 경기79바1752 4 64 232000081 232000727 14 
2020-12-21T13:00:20 0 0 경기79바1752 4 64 232000081 277102331 15 
2020-12-21T13:01:20 0 0 경기79바1752 4 64 232000081 277102331 15 
2020-12-21T13:02:20 0 0 경기79바1752 4 64 232000081 277102331 15 
2020-12-21T13:03:19 0 0 경기79바1752 4 64 232000081 277102735 16 
2020-12-21T13:04:18 0 0 경기79바1752 4 64 232000081 277102735 16 
2020-12-21T13:05:18 0 0 경기79바1752 4 64 232000081 277102735 16 
2020-12-21T13:06:18 0 0 경기79바1752 4 64 232000081 277102735 16 
2020-12-21T13:07:18 0 0 경기79바1752 4 64 232000081 277102737 17 
2020-12-21T13:08:17 0 0 경기79바1752 4 64 232000081 277102737 17 
2020-12-21T13:09:17 0 0 경기79바1752 4 64 232000081 277102737 17 
2020-12-21T13:10:16 0 0 경기79바1752 4 64 232000081 277102737 17 
2020-12-21T13:11:15 0 0 경기79바1752 4 64 232000081 277101769 18 
2020-12-21T13:12:15 0 0 경기79바1752 4 64 232000081 277101769 18 
2020-12-21T13:13:15 0 0 경기79바1752 4 64 232000081 277101769 18 
2020-12-21T13:14:15 0 0 경기79바1752 4 64 232000081 277103403 19 
2020-12-21T13:15:16 0 0 경기79바1752 4 64 232000081 277103403 19 
2020-12-21T13:16:14 0 0 경기79바1752 4 64 232000081 277103403 19 
2020-12-21T13:17:14 0 0 경기79바1752 4 64 232000081 277103403 19 
2020-12-21T13:18:13 0 0 경기79바1752 4 64 232000081 277103403 19 
2020-12-21T13:19:12 0 0 경기79바1752 4 64 232000081 277103404 20 
2020-12-21T13:20:12 0 0 경기79바1752 4 64 232000081 277103404 20 
2020-12-21T13:21:11 0 0 경기79바1752 4 64 232000081 277103406 21 
2020-12-21T13:22:11 0 0 경기79바1752 4 64 232000081 277103410 22 
2020-12-21T13:23:11 0 0 경기79바1752 4 64 232000081 277102324 23 
2020-12-21T13:24:11 0 0 경기79바1752 4 64 232000081 277102324 23 
2020-12-21T13:25:10 0 0 경기79바1752 4 64 232000081 277103895 24 
2020-12-21T13:26:10 0 0 경기79바1752 4 64 232000081 277103895 24 
2020-12-21T13:27:10 0 0 경기79바1752 4 64 232000081 277103895 24 
2020-12-21T13:28:10 0 0 경기79바1752 4 64 232000081 277103895 24 
2020-12-21T13:29:09 0 0 경기79바1752 4 64 232000081 119000033 25 
2020-12-21T13:30:08 0 0 경기79바1752 4 64 232000081 119000033 25 
2020-12-21T13:31:07 0 0 경기79바1752 4 64 232000081 119000033 25 
2020-12-21T13:32:07 0 0 경기79바1752 4 64 232000081 119000040 26 
2020-12-21T13:33:07 0 0 경기79바1752 4 64 232000081 119000040 26 
2020-12-21T13:34:07 0 0 경기79바1752 4 64 232000081 119000040 26 
2020-12-21T13:35:07 0 0 경기79바1752 4 64 232000081 119000040 26 
2020-12-21T13:36:06 0 0 경기79바1752 4 64 232000081 119000040 26 
2020-12-21T13:37:04 0 0 경기79바1752 4 64 232000081 119000040 26 
2020-12-21T13:38:04 0 0 경기79바1752 4 64 232000081 119000040 26 
2020-12-21T13:39:03 0 0 경기79바1752 4 64 232000081 119000040 26 
2020-12-21T13:40:03 0 0 경기79바1752 4 64 232000081 119000040 26 
2020-12-21T13:41:03 0 0 경기79바1752 4 64 232000081 121000020 27 
2020-12-21T13:42:02 0 0 경기79바1752 4 69 232000081 121000020 27 
2020-12-21T13:43:01 0 0 경기79바1752 4 69 232000081 121000018 28 
2020-12-21T13:44:01 0 0 경기79바1752 4 69 232000081 121000018 28 
2020-12-21T13:45:01 0 0 경기79바1752 4 69 232000081 121000018 28 
2020-12-21T13:46:01 0 0 경기79바1752 4 69 232000081 121000018 28 
2020-12-21T13:47:00 0 0 경기79바1752 4 69 232000081 121000018 28 
2020-12-21T13:48:00 0 0 경기79바1752 4 69 232000081 121000018 28 
2020-12-21T13:49:00 0 0 경기79바1752 4 69 232000081 121000018 28 
2020-12-21T13:49:59 0 0 경기79바1752 4 69 232000081 121000013 29 
2020-12-21T13:50:59 0 0 경기79바1752 4 69 232000081 121000011 30 
2020-12-21T13:51:59 0 0 경기79바1752 4 72 232000081 121000011 30 
2020-12-21T13:52:59 0 0 경기79바1752 4 72 232000081 121000009 31 
2020-12-21T13:53:59 0 0 경기79바1752 4 72 232000081 121000009 31 
2020-12-21T13:54:59 0 0 경기79바1752 4 72 232000081 121000009 31 
2020-12-21T13:55:58 0 0 경기79바1752 4 72 232000081 121000009 31 
2020-12-21T13:56:57 0 0 경기79바1752 4 72 232000081 121000009 31 
2020-12-21T13:57:56 0 0 경기79바1752 4 72 232000081 121000009 31 
2020-12-21T13:58:56 0 0 경기79바1752 4 72 232000081 121000009 31 
2020-12-21T13:59:56 0 0 경기79바1752 4 72 232000081 121000009 31 
2020-12-21T14:00:55 0 0 경기79바1752 4 72 232000081 121000009 31 
2020-12-21T14:01:54 0 0 경기79바1752 4 73 232000081 277101860 32 
2020-12-21T14:02:54 0 0 경기79바1752 4 73 232000081 277104255 33 
2020-12-21T14:03:53 0 0 경기79바1752 4 73 232000081 277101752 34 
2020-12-21T14:04:52 0 0 경기79바1752 4 73 232000081 277104253 35 
2020-12-21T14:05:52 0 0 경기79바1752 4 73 232000081 277104253 35 
2020-12-21T14:06:52 0 0 경기79바1752 4 73 232000081 277104254 36 
2020-12-21T14:07:51 0 0 경기79바1752 4 73 232000081 277104254 36 
2020-12-21T14:08:51 0 0 경기79바1752 4 73 232000081 277101873 37 
2020-12-21T14:09:51 0 0 경기79바1752 4 73 232000081 277101873 37 
2020-12-21T14:10:51 0 0 경기79바1752 4 73 232000081 277101873 37 
2020-12-21T14:11:50 0 0 경기79바1752 4 73 232000081 277101873 37 
2020-12-21T14:12:50 0 0 경기79바1752 4 73 232000081 277101873 37 
2020-12-21T14:13:50 0 0 경기79바1752 4 73 232000081 122000614 38 
2020-12-21T14:14:50 0 0 경기79바1752 4 73 232000081 122000614 38 
2020-12-21T14:15:50 0 0 경기79바1752 4 73 232000081 122000614 38 
2020-12-21T14:16:49 0 0 경기79바1752 4 73 232000081 122000614 38 
2020-12-21T14:17:47 0 0 경기79바1752 4 73 232000081 122000614 38 
2020-12-21T14:18:47 0 0 경기79바1752 4 71 232000081 122000614 38 
2020-12-21T14:19:47 0 0 경기79바1752 4 71 232000081 122000614 38 
2020-12-21T14:20:45 0 0 경기79바1752 4 71 232000081 122000614 38 
2020-12-21T14:21:45 0 0 경기79바1752 4 71 232000081 122000614 38 
2020-12-21T14:22:45 0 0 경기79바1752 4 69 232000081 122000654 39 
2020-12-21T14:23:45 0 0 경기79바1752 4 69 232000081 122000654 39 
2020-12-21T14:24:44 0 0 경기79바1752 4 69 232000081 122000654 39 
2020-12-21T14:25:43 0 0 경기79바1752 4 69 232000081 122000654 39 
2020-12-21T14:26:43 0 0 경기79바1752 4 69 232000081 121000014 40 
2020-12-21T14:27:43 0 0 경기79바1752 4 69 232000081 121000014 40 
2020-12-21T14:28:42 0 0 경기79바1752 4 69 232000081 121000014 40 
2020-12-21T14:29:42 0 0 경기79바1752 4 69 232000081 121000014 40 
2020-12-21T14:30:41 0 0 경기79바1752 4 69 232000081 121000014 40 
2020-12-21T14:31:41 0 0 경기79바1752 4 69 232000081 121000017 41 
2020-12-21T14:32:41 0 0 경기79바1752 4 67 232000081 121000017 41 
2020-12-21T14:33:41 0 0 경기79바1752 4 67 232000081 121000017 41 
2020-12-21T14:34:40 0 0 경기79바1752 4 67 232000081 121000017 41 
2020-12-21T14:35:40 0 0 경기79바1752 4 67 232000081 121000019 42 
2020-12-21T14:36:39 0 0 경기79바1752 4 61 232000081 121000019 42 
2020-12-21T14:37:38 0 0 경기79바1752 4 61 232000081 121000019 42 
2020-12-21T14:38:39 0 0 경기79바1752 4 61 232000081 121000019 42 
2020-12-21T14:39:37 0 0 경기79바1752 4 61 232000081 121000019 42 
2020-12-21T14:40:37 0 0 경기79바1752 4 61 232000081 121000019 42 
2020-12-21T14:41:36 0 0 경기79바1752 4 61 232000081 121000019 42 
2020-12-21T14:42:35 0 0 경기79바1752 4 61 232000081 119000041 43 
2020-12-21T14:43:35 0 0 경기79바1752 4 60 232000081 119000041 43 
2020-12-21T14:44:35 0 0 경기79바1752 4 60 232000081 119000041 43 
2020-12-21T14:45:35 0 0 경기79바1752 4 60 232000081 119000041 43 
2020-12-21T14:46:33 0 0 경기79바1752 4 60 232000081 119000041 43 
2020-12-21T14:47:33 0 0 경기79바1752 4 60 232000081 119000034 44 
2020-12-21T14:48:33 0 0 경기79바1752 4 60 232000081 119000034 44 
2020-12-21T14:49:34 0 0 경기79바1752 4 60 232000081 119000034 44 
2020-12-21T14:50:33 0 0 경기79바1752 4 60 232000081 277103859 45 
2020-12-21T14:51:33 0 0 경기79바1752 4 60 232000081 277103859 45 
2020-12-21T14:52:33 0 0 경기79바1752 4 60 232000081 277103859 45 
2020-12-21T14:53:33 0 0 경기79바1752 4 60 232000081 277100138 46 
2020-12-21T14:54:32 0 0 경기79바1752 4 60 232000081 277103411 47 
2020-12-21T14:55:32 0 0 경기79바1752 4 60 232000081 277103407 48 
2020-12-21T14:56:32 0 0 경기79바1752 4 60 232000081 277103405 49 
2020-12-21T14:57:32 0 0 경기79바1752 4 60 232000081 277103405 49 
2020-12-21T14:58:32 0 0 경기79바1752 4 60 232000081 277103405 49 
2020-12-21T14:59:31 0 0 경기79바1752 4 60 232000081 277103405 49 
2020-12-21T15:00:31 0 0 경기79바1752 4 60 232000081 277103402 50 
2020-12-21T15:01:31 0 0 경기79바1752 4 60 232000081 277103402 50 
2020-12-21T15:02:31 0 0 경기79바1752 4 60 232000081 277103402 50 
2020-12-21T15:03:30 0 0 경기79바1752 4 60 232000081 277103402 50 
2020-12-21T15:04:30 0 0 경기79바1752 4 60 232000081 277103401 51 
2020-12-21T15:05:29 0 0 경기79바1752 4 60 232000081 277103401 51 
2020-12-21T15:06:29 0 0 경기79바1752 4 60 232000081 277103401 51 
2020-12-21T15:07:28 0 0 경기79바1752 4 60 232000081 277103401 51 
2020-12-21T15:08:27 0 0 경기79바1752 4 60 232000081 277103401 51 
2020-12-21T15:09:27 0 0 경기79바1752 4 60 232000081 277103401 51 
2020-12-21T15:10:27 0 0 경기79바1752 4 60 232000081 277103401 51 
2020-12-21T15:11:26 0 0 경기79바1752 4 60 232000081 277103401 51 
2020-12-21T15:12:26 0 0 경기79바1752 4 60 232000081 277103401 51 
2020-12-21T15:13:25 0 0 경기79바1752 4 60 232000081 277103401 51 
2020-12-21T15:14:24 0 0 경기79바1752 4 60 232000081 277103401 51 
2020-12-21T15:15:25 0 0 경기79바1752 4 60 232000081 277103401 51 
2020-12-21T15:16:24 0 0 경기79바1752 4 60 232000081 277103401 51 
2020-12-21T15:17:23 0 0 경기79바1752 4 60 232000081 277102738 52 
2020-12-21T15:18:22 0 0 경기79바1752 4 60 232000081 277102738 52 
2020-12-21T15:19:22 0 0 경기79바1752 4 60 232000081 277102738 52 
2020-12-21T15:20:21 0 0 경기79바1752 4 60 232000081 277102738 52 
2020-12-21T15:21:21 0 0 경기79바1752 4 60 232000081 277102736 53 
2020-12-21T15:22:21 0 0 경기79바1752 4 60 232000081 277102736 53 
2020-12-21T15:23:21 0 0 경기79바1752 4 60 232000081 277102736 53 
2020-12-21T15:24:20 0 0 경기79바1752 4 60 232000081 277102736 53 
2020-12-21T15:25:20 0 0 경기79바1752 4 61 232000081 277102736 53 
2020-12-21T15:26:19 0 0 경기79바1752 4 61 232000081 277102736 53 
2020-12-21T15:27:19 0 0 경기79바1752 4 61 232000081 232000726 54 
2020-12-21T15:28:18 0 0 경기79바1752 4 62 232000081 232000726 54 
2020-12-21T15:29:18 0 0 경기79바1752 4 63 232000081 232000759 55 
2020-12-21T15:30:17 0 0 경기79바1752 4 63 232000081 232000759 55 
2020-12-21T15:31:17 0 0 경기79바1752 4 63 232000081 232000759 55 
2020-12-21T15:32:16 0 0 경기79바1752 4 63 232000081 232000544 56 
2020-12-21T15:33:15 0 0 경기79바1752 4 63 232000081 232000544 56 
2020-12-21T15:34:15 0 0 경기79바1752 4 63 232000081 232000544 56 
2020-12-21T15:35:15 0 0 경기79바1752 4 63 232000081 232000544 56 
2020-12-21T15:36:15 0 0 경기79바1752 4 66 232000081 232000554 57 
2020-12-21T15:37:14 0 0 경기79바1752 4 70 232000081 232000554 57 
2020-12-21T15:38:14 0 0 경기79바1752 4 70 232000081 232000554 57 
2020-12-21T15:39:13 0 0 경기79바1752 4 70 232000081 232000550 58 
2020-12-21T15:40:14 0 0 경기79바1752 4 70 232000081 232000550 58 
2020-12-21T15:41:13 0 0 경기79바1752 4 70 232000081 232000546 59 
2020-12-21T15:42:13 0 0 경기79바1752 4 70 232000081 232000546 59 
2020-12-21T15:43:12 0 0 경기79바1752 4 70 232000081 232000546 59 
2020-12-21T15:44:11 0 0 경기79바1752 4 71 232000081 232000781 60 
2020-12-21T15:45:11 0 0 경기79바1752 4 71 232000081 232000742 61 
2020-12-21T15:46:11 0 0 경기79바1752 4 72 232000081 232000742 61 
2020-12-21T15:47:10 0 0 경기79바1752 4 72 232000081 232000706 62 
2020-12-21T15:48:10 0 0 경기79바1752 4 72 232000081 232000706 62 
2020-12-21T15:49:09 0 0 경기79바1752 4 72 232000081 232000724 63 
2020-12-21T15:50:09 0 0 경기79바1752 4 72 232000081 232000724 63 
2020-12-21T15:51:09 0 0 경기79바1752 4 72 232000081 232000724 63 
2020-12-21T15:52:08 0 0 경기79바1752 4 72 232000081 232000724 63 
2020-12-21T15:53:07 0 0 경기79바1752 4 73 232000081 232000705 64 
2020-12-21T15:54:07 0 0 경기79바1752 4 73 232000081 232000705 64 
2020-12-21T18:03:16 0 0 경기79바1752 4 73 232000081 232000704 3 
2020-12-21T18:04:16 0 0 경기79바1752 4 73 232000081 232000704 3 
2020-12-21T18:05:15 0 0 경기79바1752 4 72 232000081 232000725 4 
2020-12-21T18:06:15 0 0 경기79바1752 4 72 232000081 232000725 4 
2020-12-21T18:07:14 0 0 경기79바1752 4 72 232000081 232000725 4 
2020-12-21T18:08:14 0 0 경기79바1752 4 72 232000081 232000707 5 
2020-12-21T18:09:14 0 0 경기79바1752 4 72 232000081 232000741 7 
2020-12-21T18:10:14 0 0 경기79바1752 4 72 232000081 232000777 8 
2020-12-21T18:11:14 0 0 경기79바1752 4 72 232000081 232000777 8 
2020-12-21T18:12:13 0 0 경기79바1752 4 72 232000081 232000777 8 
2020-12-21T18:13:13 0 0 경기79바1752 4 72 232000081 232000777 8 
2020-12-21T18:14:13 0 0 경기79바1752 4 72 232000081 232000777 8 
2020-12-21T18:15:13 0 0 경기79바1752 4 72 232000081 232000777 8 
2020-12-21T18:16:13 0 0 경기79바1752 4 72 232000081 232000545 9 
2020-12-21T18:17:12 0 0 경기79바1752 4 72 232000081 232000545 9 
2020-12-21T18:18:12 0 0 경기79바1752 4 72 232000081 232000545 9 
2020-12-21T18:19:12 0 0 경기79바1752 4 71 232000081 232000549 10 
2020-12-21T18:20:12 0 0 경기79바1752 4 71 232000081 232000553 11 
2020-12-21T18:21:12 0 0 경기79바1752 4 71 232000081 232000553 11 
2020-12-21T18:22:11 0 0 경기79바1752 4 71 232000081 232000553 11 
2020-12-21T18:23:10 0 0 경기79바1752 4 71 232000081 232000553 11 
2020-12-21T18:24:10 0 0 경기79바1752 4 71 232000081 232000543 12 
2020-12-21T18:25:10 0 0 경기79바1752 4 71 232000081 232000758 13 
2020-12-21T18:26:10 0 0 경기79바1752 4 71 232000081 232000758 13 
2020-12-21T18:27:09 0 0 경기79바1752 4 71 232000081 232000758 13 
2020-12-21T18:28:09 0 0 경기79바1752 4 70 232000081 232000727 14 
2020-12-21T18:29:08 0 0 경기79바1752 4 70 232000081 232000727 14 
2020-12-21T18:30:07 0 0 경기79바1752 4 70 232000081 277102331 15 
2020-12-21T18:31:06 0 0 경기79바1752 4 70 232000081 277102331 15 
2020-12-21T18:32:06 0 0 경기79바1752 4 70 232000081 277102331 15 
2020-12-21T18:33:05 0 0 경기79바1752 4 70 232000081 277102735 16 
2020-12-21T18:34:05 0 0 경기79바1752 4 70 232000081 277102735 16 
2020-12-21T18:35:05 0 0 경기79바1752 4 70 232000081 277102735 16 
2020-12-21T18:36:04 0 0 경기79바1752 4 70 232000081 277102735 16 
2020-12-21T18:37:04 0 0 경기79바1752 4 70 232000081 277102737 17 
2020-12-21T18:38:04 0 0 경기79바1752 4 70 232000081 277102737 17 
2020-12-21T18:39:04 0 0 경기79바1752 4 70 232000081 277102737 17 
2020-12-21T18:40:03 0 0 경기79바1752 4 70 232000081 277102737 17 
2020-12-21T18:41:03 0 0 경기79바1752 4 70 232000081 277102737 17 
2020-12-21T18:42:02 0 0 경기79바1752 4 70 232000081 277101769 18 
2020-12-21T18:43:01 0 0 경기79바1752 4 70 232000081 277101769 18 
2020-12-21T18:44:01 0 0 경기79바1752 4 70 232000081 277101769 18 
2020-12-21T18:45:01 0 0 경기79바1752 4 70 232000081 277101769 18 
2020-12-21T18:46:00 0 0 경기79바1752 4 70 232000081 277101769 18 
2020-12-21T18:46:59 0 0 경기79바1752 4 70 232000081 277101769 18 
2020-12-21T18:47:59 0 0 경기79바1752 4 70 232000081 277101769 18 
2020-12-21T18:48:59 0 0 경기79바1752 4 70 232000081 277101769 18 
2020-12-21T18:49:58 0 0 경기79바1752 4 70 232000081 277101769 18 
2020-12-21T18:50:58 0 0 경기79바1752 4 70 232000081 277103403 19 
2020-12-21T18:51:58 0 0 경기79바1752 4 70 232000081 277103403 19 
2020-12-21T18:52:58 0 0 경기79바1752 4 70 232000081 277103403 19 
2020-12-21T18:53:57 0 0 경기79바1752 4 70 232000081 277103403 19 
2020-12-21T18:54:56 0 0 경기79바1752 4 70 232000081 277103403 19 
2020-12-21T18:55:56 0 0 경기79바1752 4 70 232000081 277103403 19 
2020-12-21T18:56:56 0 0 경기79바1752 4 70 232000081 277103404 20 
2020-12-21T18:57:56 0 0 경기79바1752 4 70 232000081 277103406 21 
2020-12-21T18:58:54 0 0 경기79바1752 4 70 232000081 277103410 22 
2020-12-21T18:59:54 0 0 경기79바1752 4 70 232000081 277102324 23 
2020-12-21T19:00:54 0 0 경기79바1752 4 70 232000081 277102324 23 
2020-12-21T19:01:53 0 0 경기79바1752 4 70 232000081 277103895 24 
2020-12-21T19:02:53 0 0 경기79바1752 4 70 232000081 277103895 24 
2020-12-21T19:03:53 0 0 경기79바1752 4 70 232000081 277103895 24 
2020-12-21T19:04:53 0 0 경기79바1752 4 70 232000081 277103895 24 
2020-12-21T19:05:53 0 0 경기79바1752 4 70 232000081 119000033 25 
2020-12-21T19:06:52 0 0 경기79바1752 4 70 232000081 119000033 25 
2020-12-21T19:07:52 0 0 경기79바1752 4 70 232000081 119000040 26 
2020-12-21T19:08:51 0 0 경기79바1752 4 70 232000081 119000040 26 
2020-12-21T19:09:51 0 0 경기79바1752 4 70 232000081 119000040 26 
2020-12-21T19:10:51 0 0 경기79바1752 4 70 232000081 119000040 26 
2020-12-21T19:11:51 0 0 경기79바1752 4 70 232000081 119000040 26 
2020-12-21T19:12:51 0 0 경기79바1752 4 70 232000081 119000040 26 
2020-12-21T19:13:50 0 0 경기79바1752 4 70 232000081 119000040 26 
2020-12-21T19:14:49 0 0 경기79바1752 4 70 232000081 119000040 26 
2020-12-21T19:15:49 0 0 경기79바1752 4 71 232000081 121000020 27 
2020-12-21T19:16:49 0 0 경기79바1752 4 71 232000081 121000020 27 
2020-12-21T19:17:48 0 0 경기79바1752 4 70 232000081 121000020 27 
2020-12-21T19:18:48 0 0 경기79바1752 4 70 232000081 121000020 27 
2020-12-21T19:19:48 0 0 경기79바1752 4 70 232000081 121000020 27 
2020-12-21T19:20:48 0 0 경기79바1752 4 72 232000081 121000018 28 
2020-12-21T19:21:48 0 0 경기79바1752 4 72 232000081 121000018 28 
2020-12-21T19:22:47 0 0 경기79바1752 4 72 232000081 121000018 28 
2020-12-21T19:23:47 0 0 경기79바1752 4 72 232000081 121000018 28 
2020-12-21T19:24:47 0 0 경기79바1752 4 72 232000081 121000018 28 
2020-12-21T19:25:46 0 0 경기79바1752 4 72 232000081 121000018 28 
2020-12-21T19:26:46 0 0 경기79바1752 4 72 232000081 121000013 29 
2020-12-21T19:27:46 0 0 경기79바1752 4 72 232000081 121000013 29 
2020-12-21T19:28:45 0 0 경기79바1752 4 72 232000081 121000013 29 
2020-12-21T19:29:44 0 0 경기79바1752 4 72 232000081 121000013 29 
2020-12-21T19:30:43 0 0 경기79바1752 4 72 232000081 121000011 30 
2020-12-21T19:31:43 0 0 경기79바1752 4 72 232000081 121000011 30 
2020-12-21T19:32:42 0 0 경기79바1752 4 72 232000081 121000011 30 
2020-12-21T19:33:42 0 0 경기79바1752 4 72 232000081 121000009 31 
2020-12-21T19:34:42 0 0 경기79바1752 4 73 232000081 121000009 31 
2020-12-21T19:35:42 0 0 경기79바1752 4 73 232000081 121000009 31 
2020-12-21T19:36:41 0 0 경기79바1752 4 73 232000081 121000009 31 
2020-12-21T19:37:41 0 0 경기79바1752 4 73 232000081 121000009 31 
2020-12-21T19:38:40 0 0 경기79바1752 4 73 232000081 121000009 31 
2020-12-21T19:39:40 0 0 경기79바1752 4 73 232000081 121000009 31 
2020-12-21T19:40:39 0 0 경기79바1752 4 73 232000081 277101860 32 
2020-12-21T19:41:38 0 0 경기79바1752 4 73 232000081 277101752 34 
2020-12-21T19:42:38 0 0 경기79바1752 4 73 232000081 277104253 35 
2020-12-21T19:43:37 0 0 경기79바1752 4 73 232000081 277104253 35 
2020-12-21T19:44:37 0 0 경기79바1752 4 73 232000081 277104254 36 
2020-12-21T19:45:36 0 0 경기79바1752 4 73 232000081 277104254 36 
2020-12-21T19:46:35 0 0 경기79바1752 4 73 232000081 277101873 37 
2020-12-21T19:47:34 0 0 경기79바1752 4 73 232000081 122000614 38 
2020-12-21T19:48:34 0 0 경기79바1752 4 69 232000081 122000614 38 
2020-12-21T19:49:34 0 0 경기79바1752 4 69 232000081 122000614 38 
2020-12-21T19:50:34 0 0 경기79바1752 4 69 232000081 122000614 38 
2020-12-21T19:51:33 0 0 경기79바1752 4 69 232000081 122000654 39 
2020-12-21T19:52:33 0 0 경기79바1752 4 69 232000081 122000654 39 
2020-12-21T19:53:33 0 0 경기79바1752 4 69 232000081 121000014 40 
2020-12-21T19:54:32 0 0 경기79바1752 4 69 232000081 121000014 40 
2020-12-21T19:55:32 0 0 경기79바1752 4 69 232000081 121000014 40 
2020-12-21T19:56:32 0 0 경기79바1752 4 69 232000081 121000014 40 
2020-12-21T19:57:31 0 0 경기79바1752 4 69 232000081 121000014 40 
2020-12-21T19:58:30 0 0 경기79바1752 4 69 232000081 121000014 40 
2020-12-21T19:59:29 0 0 경기79바1752 4 69 232000081 121000017 41 
2020-12-21T20:00:29 0 0 경기79바1752 4 67 232000081 121000017 41 
2020-12-21T20:01:29 0 0 경기79바1752 4 67 232000081 121000017 41 
2020-12-21T20:02:29 0 0 경기79바1752 4 67 232000081 121000017 41 
2020-12-21T20:03:28 0 0 경기79바1752 4 65 232000081 121000019 42 
2020-12-21T20:04:28 0 0 경기79바1752 4 65 232000081 121000019 42 
2020-12-21T20:05:28 0 0 경기79바1752 4 65 232000081 121000019 42 
2020-12-21T20:06:27 0 0 경기79바1752 4 65 232000081 121000019 42 
2020-12-21T20:07:27 0 0 경기79바1752 4 65 232000081 121000019 42 
2020-12-21T20:08:27 0 0 경기79바1752 4 65 232000081 121000019 42 
2020-12-21T20:09:26 0 0 경기79바1752 4 65 232000081 119000041 43 
2020-12-21T20:10:26 0 0 경기79바1752 4 65 232000081 119000041 43 
2020-12-21T20:11:25 0 0 경기79바1752 4 65 232000081 119000041 43 
2020-12-21T20:12:25 0 0 경기79바1752 4 65 232000081 119000034 44 
2020-12-21T20:13:25 0 0 경기79바1752 4 64 232000081 119000034 44 
2020-12-21T20:14:25 0 0 경기79바1752 4 64 232000081 119000034 44 
2020-12-21T20:15:25 0 0 경기79바1752 4 64 232000081 119000034 44 
2020-12-21T20:16:24 0 0 경기79바1752 4 64 232000081 277103859 45 
2020-12-21T20:17:24 0 0 경기79바1752 4 64 232000081 277103859 45 
2020-12-21T20:18:24 0 0 경기79바1752 4 64 232000081 277103859 45 
2020-12-21T20:19:24 0 0 경기79바1752 4 64 232000081 277103859 45 
2020-12-21T20:20:22 0 0 경기79바1752 4 64 232000081 277103859 45 
2020-12-21T20:21:22 0 0 경기79바1752 4 64 232000081 277100138 46 
2020-12-21T20:22:22 0 0 경기79바1752 4 64 232000081 277100138 46 
2020-12-21T20:23:21 0 0 경기79바1752 4 64 232000081 277103411 47 
2020-12-21T20:24:20 0 0 경기79바1752 4 64 232000081 277103411 47 
2020-12-21T20:25:20 0 0 경기79바1752 4 64 232000081 277103411 47 
2020-12-21T20:26:19 0 0 경기79바1752 4 64 232000081 277103407 48 
2020-12-21T20:27:19 0 0 경기79바1752 4 64 232000081 277103407 48 
2020-12-21T20:28:19 0 0 경기79바1752 4 64 232000081 277103407 48 
2020-12-21T20:29:18 0 0 경기79바1752 4 64 232000081 277103405 49 
2020-12-21T20:30:18 0 0 경기79바1752 4 64 232000081 277103405 49 
2020-12-21T20:31:18 0 0 경기79바1752 4 64 232000081 277103405 49 
2020-12-21T20:32:17 0 0 경기79바1752 4 64 232000081 277103405 49 
2020-12-21T20:33:17 0 0 경기79바1752 4 64 232000081 277103405 49 
2020-12-21T20:34:16 0 0 경기79바1752 4 64 232000081 277103405 49 
2020-12-21T20:35:16 0 0 경기79바1752 4 64 232000081 277103402 50 
2020-12-21T20:36:16 0 0 경기79바1752 4 64 232000081 277103402 50 
2020-12-21T20:37:16 0 0 경기79바1752 4 64 232000081 277103402 50 
2020-12-21T20:38:15 0 0 경기79바1752 4 64 232000081 277103401 51 
2020-12-21T20:39:15 0 0 경기79바1752 4 64 232000081 277103401 51 
2020-12-21T20:40:15 0 0 경기79바1752 4 64 232000081 277103401 51 
2020-12-21T20:41:14 0 0 경기79바1752 4 64 232000081 277103401 51 
2020-12-21T20:42:14 0 0 경기79바1752 4 64 232000081 277102738 52 
2020-12-21T20:43:13 0 0 경기79바1752 4 64 232000081 277102738 52 
2020-12-21T20:44:13 0 0 경기79바1752 4 64 232000081 277102738 52 
2020-12-21T20:45:13 0 0 경기79바1752 4 64 232000081 277102738 52 
2020-12-21T20:46:13 0 0 경기79바1752 4 64 232000081 277102738 52 
2020-12-21T20:47:13 0 0 경기79바1752 4 64 232000081 277102736 53 
2020-12-21T20:48:12 0 0 경기79바1752 4 64 232000081 277102736 53 
2020-12-21T20:49:12 0 0 경기79바1752 4 64 232000081 277102736 53 
2020-12-21T20:50:11 0 0 경기79바1752 4 64 232000081 277102736 53 
2020-12-21T20:51:11 0 0 경기79바1752 4 64 232000081 277102736 53 
2020-12-21T20:52:10 0 0 경기79바1752 4 65 232000081 277102736 53 
2020-12-21T20:53:10 0 0 경기79바1752 4 65 232000081 277102736 53 
2020-12-21T20:54:10 0 0 경기79바1752 4 65 232000081 277102736 53 
2020-12-21T20:55:10 0 0 경기79바1752 4 67 232000081 232000726 54 
2020-12-21T20:56:08 0 0 경기79바1752 4 68 232000081 232000759 55 
2020-12-21T20:57:08 0 0 경기79바1752 4 70 232000081 232000759 55 
2020-12-21T20:58:07 0 0 경기79바1752 4 70 232000081 232000759 55 
2020-12-21T20:59:07 0 0 경기79바1752 4 70 232000081 232000544 56 
2020-12-21T21:00:07 0 0 경기79바1752 4 70 232000081 232000544 56 
2020-12-21T21:01:06 0 0 경기79바1752 4 70 232000081 232000544 56 
2020-12-21T21:02:05 0 0 경기79바1752 4 70 232000081 232000544 56 
2020-12-21T21:03:05 0 0 경기79바1752 4 71 232000081 232000554 57 
2020-12-21T21:04:04 0 0 경기79바1752 4 71 232000081 232000554 57 
2020-12-21T21:05:04 0 0 경기79바1752 4 71 232000081 232000554 57 
2020-12-21T21:06:05 0 0 경기79바1752 4 71 232000081 232000550 58 
2020-12-21T21:07:03 0 0 경기79바1752 4 71 232000081 232000546 59 
2020-12-21T21:08:03 0 0 경기79바1752 4 71 232000081 232000546 59 
2020-12-21T21:09:02 0 0 경기79바1752 4 71 232000081 232000546 59 
2020-12-21T21:10:02 0 0 경기79바1752 4 71 232000081 232000546 59 
2020-12-21T21:11:02 0 0 경기79바1752 4 71 232000081 232000781 60 
2020-12-21T21:12:02 0 0 경기79바1752 4 71 232000081 232000742 61 
2020-12-21T21:13:02 0 0 경기79바1752 4 71 232000081 232000706 62 
2020-12-21T21:14:01 0 0 경기79바1752 4 72 232000081 232000724 63 
2020-12-21T21:15:01 0 0 경기79바1752 4 73 232000081 232000724 63 
2020-12-21T21:16:01 0 0 경기79바1752 4 73 232000081 232000724 63 
2020-12-21T21:17:01 0 0 경기79바1752 4 73 232000081 232000705 64 
2020-12-21T21:18:00 0 0 경기79바1752 4 73 232000081 232000705 64 
2020-12-21T22:05:47 0 0 경기79바1752 4 73 232000081 232000704 3 
2020-12-21T22:06:46 0 0 경기79바1752 4 73 232000081 232000704 3 
2020-12-21T22:07:46 0 0 경기79바1752 4 73 232000081 232000725 4 
2020-12-21T22:08:45 0 0 경기79바1752 4 73 232000081 232000725 4 
2020-12-21T22:09:45 0 0 경기79바1752 4 72 232000081 232000725 4 
2020-12-21T22:10:44 0 0 경기79바1752 4 72 232000081 232000707 5 
2020-12-21T22:11:44 0 0 경기79바1752 4 72 232000081 277102614 6 
2020-12-21T22:12:44 0 0 경기79바1752 4 72 232000081 232000777 8 
2020-12-21T22:13:43 0 0 경기79바1752 4 72 232000081 232000777 8 
2020-12-21T22:14:43 0 0 경기79바1752 4 72 232000081 232000777 8 
2020-12-21T22:15:42 0 0 경기79바1752 4 72 232000081 232000777 8 
2020-12-21T22:16:42 0 0 경기79바1752 4 72 232000081 232000545 9 
2020-12-21T22:17:42 0 0 경기79바1752 4 72 232000081 232000545 9 
2020-12-21T22:18:41 0 0 경기79바1752 4 72 232000081 232000545 9 
2020-12-21T22:19:41 0 0 경기79바1752 4 72 232000081 232000549 10 
2020-12-21T22:20:41 0 0 경기79바1752 4 72 232000081 232000549 10 
2020-12-21T22:21:40 0 0 경기79바1752 4 72 232000081 232000549 10 
2020-12-21T22:22:40 0 0 경기79바1752 4 72 232000081 232000553 11 
2020-12-21T22:23:40 0 0 경기79바1752 4 72 232000081 232000543 12 
2020-12-21T22:24:39 0 0 경기79바1752 4 71 232000081 232000543 12 
2020-12-21T22:25:39 0 0 경기79바1752 4 71 232000081 232000543 12 
2020-12-21T22:26:39 0 0 경기79바1752 4 71 232000081 232000543 12 
2020-12-21T22:27:38 0 0 경기79바1752 4 71 232000081 232000543 12 
2020-12-21T22:28:37 0 0 경기79바1752 4 71 232000081 232000758 13 
2020-12-21T22:29:36 0 0 경기79바1752 4 71 232000081 232000758 13 
2020-12-21T22:30:36 0 0 경기79바1752 4 71 232000081 232000758 13 
2020-12-21T22:31:36 0 0 경기79바1752 4 70 232000081 232000727 14 
2020-12-21T22:32:35 0 0 경기79바1752 4 70 232000081 232000727 14 
2020-12-21T22:33:35 0 0 경기79바1752 4 70 232000081 277102331 15 
2020-12-21T22:34:34 0 0 경기79바1752 4 70 232000081 277102331 15 
2020-12-21T22:35:33 0 0 경기79바1752 4 70 232000081 277102331 15 
2020-12-21T22:36:33 0 0 경기79바1752 4 70 232000081 277102735 16 
2020-12-21T22:37:32 0 0 경기79바1752 4 70 232000081 277102735 16 
2020-12-21T22:38:32 0 0 경기79바1752 4 70 232000081 277102735 16 
2020-12-21T22:39:31 0 0 경기79바1752 4 70 232000081 277102735 16 
2020-12-21T22:40:31 0 0 경기79바1752 4 70 232000081 277102737 17 
2020-12-21T22:41:31 0 0 경기79바1752 4 70 232000081 277102737 17 
2020-12-21T22:42:30 0 0 경기79바1752 4 70 232000081 277102737 17 
2020-12-21T22:43:30 0 0 경기79바1752 4 70 232000081 277102737 17 
2020-12-21T22:44:30 0 0 경기79바1752 4 70 232000081 277101769 18 
2020-12-21T22:45:29 0 0 경기79바1752 4 70 232000081 277101769 18 
2020-12-21T22:46:29 0 0 경기79바1752 4 70 232000081 277101769 18 
2020-12-21T22:47:29 0 0 경기79바1752 4 70 232000081 277103403 19 
2020-12-21T22:48:28 0 0 경기79바1752 4 70 232000081 277103403 19 
2020-12-21T22:49:28 0 0 경기79바1752 4 70 232000081 277103404 20 
2020-12-21T22:50:28 0 0 경기79바1752 4 70 232000081 277103404 20 
2020-12-21T22:51:27 0 0 경기79바1752 4 70 232000081 277103406 21 
2020-12-21T22:52:27 0 0 경기79바1752 4 70 232000081 277103410 22 
2020-12-21T22:53:27 0 0 경기79바1752 4 70 232000081 277102324 23 
2020-12-21T22:54:27 0 0 경기79바1752 4 70 232000081 277102324 23 
2020-12-21T22:55:26 0 0 경기79바1752 4 70 232000081 277103895 24 
2020-12-21T22:56:26 0 0 경기79바1752 4 70 232000081 277103895 24 
2020-12-21T22:57:26 0 0 경기79바1752 4 70 232000081 277103895 24 
2020-12-21T22:58:25 0 0 경기79바1752 4 71 232000081 119000033 25 
2020-12-21T22:59:25 0 0 경기79바1752 4 71 232000081 119000033 25 
2020-12-21T23:00:25 0 0 경기79바1752 4 71 232000081 119000033 25 
2020-12-21T23:01:24 0 0 경기79바1752 4 71 232000081 119000033 25 
2020-12-21T23:02:24 0 0 경기79바1752 4 71 232000081 119000033 25 
2020-12-21T23:03:24 0 0 경기79바1752 4 71 232000081 119000040 26 
2020-12-21T23:04:23 0 0 경기79바1752 4 71 232000081 119000040 26 
2020-12-21T23:05:23 0 0 경기79바1752 4 71 232000081 119000040 26 
2020-12-21T23:06:23 0 0 경기79바1752 4 71 232000081 119000040 26 
2020-12-21T23:07:23 0 0 경기79바1752 4 71 232000081 119000040 26 
2020-12-21T23:08:22 0 0 경기79바1752 4 71 232000081 119000040 26 
2020-12-21T23:09:22 0 0 경기79바1752 4 71 232000081 119000040 26 
2020-12-21T23:10:22 0 0 경기79바1752 4 72 232000081 121000020 27 
2020-12-21T23:11:22 0 0 경기79바1752 4 72 232000081 121000020 27 
2020-12-21T23:12:22 0 0 경기79바1752 4 72 232000081 121000020 27 
2020-12-21T23:13:22 0 0 경기79바1752 4 72 232000081 121000018 28 
2020-12-21T23:14:21 0 0 경기79바1752 4 72 232000081 121000018 28 
2020-12-21T23:15:21 0 0 경기79바1752 4 72 232000081 121000018 28 
2020-12-21T23:16:21 0 0 경기79바1752 4 72 232000081 121000013 29 
2020-12-21T23:17:21 0 0 경기79바1752 4 72 232000081 121000013 29 
2020-12-21T23:18:20 0 0 경기79바1752 4 72 232000081 121000013 29 
2020-12-21T23:19:19 0 0 경기79바1752 4 72 232000081 121000011 30 
2020-12-21T23:20:19 0 0 경기79바1752 4 72 232000081 121000011 30 
2020-12-21T23:21:19 0 0 경기79바1752 4 72 232000081 121000011 30 
2020-12-21T23:22:18 0 0 경기79바1752 4 73 232000081 121000009 31 
2020-12-21T23:23:18 0 0 경기79바1752 4 73 232000081 121000009 31 
2020-12-21T23:24:18 0 0 경기79바1752 4 73 232000081 121000009 31 
2020-12-21T23:25:18 0 0 경기79바1752 4 73 232000081 121000009 31 
2020-12-21T23:26:17 0 0 경기79바1752 4 73 232000081 121000009 31 
2020-12-21T23:27:17 0 0 경기79바1752 4 73 232000081 121000009 31 
2020-12-21T23:28:16 0 0 경기79바1752 4 73 232000081 121000009 31 
2020-12-21T23:29:16 0 0 경기79바1752 4 73 232000081 121000009 31 
2020-12-21T23:30:16 0 0 경기79바1752 4 73 232000081 277101860 32 
2020-12-21T23:31:16 0 0 경기79바1752 4 73 232000081 277104255 33 
2020-12-21T23:32:15 0 0 경기79바1752 4 73 232000081 277101752 34 
2020-12-21T23:33:15 0 0 경기79바1752 4 73 232000081 277104253 35 
2020-12-21T23:34:14 0 0 경기79바1752 4 73 232000081 277101873 37 
2020-12-21T23:35:14 0 0 경기79바1752 4 73 232000081 277101873 37 
2020-12-21T23:36:14 0 0 경기79바1752 4 73 232000081 277101873 37 
2020-12-21T23:37:13 0 0 경기79바1752 4 73 232000081 122000614 38 
2020-12-21T23:38:13 0 0 경기79바1752 4 73 232000081 122000614 38 
2020-12-21T23:39:12 0 0 경기79바1752 4 73 232000081 122000614 38 
2020-12-21T23:40:12 0 0 경기79바1752 4 73 232000081 122000654 39 
2020-12-21T23:41:12 0 0 경기79바1752 4 73 232000081 122000654 39 
2020-12-21T23:42:12 0 0 경기79바1752 4 73 232000081 121000014 40 
2020-12-21T23:43:12 0 0 경기79바1752 4 73 232000081 121000014 40 
2020-12-21T23:44:12 0 0 경기79바1752 4 71 232000081 121000014 40 
2020-12-21T23:45:11 0 0 경기79바1752 4 71 232000081 121000014 40 
2020-12-21T23:46:12 0 0 경기79바1752 4 71 232000081 121000014 40 
2020-12-21T23:47:11 0 0 경기79바1752 4 71 232000081 121000017 41 
2020-12-21T23:48:11 0 0 경기79바1752 4 71 232000081 121000017 41 
2020-12-21T23:49:11 0 0 경기79바1752 4 70 232000081 121000019 42 
2020-12-21T23:50:11 0 0 경기79바1752 4 70 232000081 121000019 42 
2020-12-21T23:51:10 0 0 경기79바1752 4 70 232000081 121000019 42 
2020-12-21T23:52:10 0 0 경기79바1752 4 70 232000081 121000019 42 
2020-12-21T23:53:10 0 0 경기79바1752 4 70 232000081 121000019 42 
2020-12-21T23:54:09 0 0 경기79바1752 4 70 232000081 121000019 42 
2020-12-21T23:55:09 0 0 경기79바1752 4 70 232000081 121000019 42 
2020-12-21T23:56:09 0 0 경기79바1752 4 70 232000081 119000041 43 
2020-12-21T23:57:08 0 0 경기79바1752 4 70 232000081 119000041 43 
2020-12-21T23:58:07 0 0 경기79바1752 4 69 232000081 119000034 44 
2020-12-21T23:59:07 0 0 경기79바1752 4 69 232000081 119000034 44 
2020-12-22T00:00:07 0 0 경기79바1752 4 69 232000081 119000034 44 
2020-12-22T00:01:06 0 0 경기79바1752 4 69 232000081 119000034 44 
2020-12-22T00:02:05 0 0 경기79바1752 4 69 232000081 119000034 44 
2020-12-22T00:03:04 0 0 경기79바1752 4 69 232000081 277103859 45 
2020-12-22T00:04:04 0 0 경기79바1752 4 69 232000081 277103859 45 
2020-12-22T00:05:04 0 0 경기79바1752 4 69 232000081 277100138 46 
2020-12-22T00:06:04 0 0 경기79바1752 4 69 232000081 277103411 47 
2020-12-22T00:07:02 0 0 경기79바1752 4 69 232000081 277103407 48 
2020-12-22T00:08:02 0 0 경기79바1752 4 69 232000081 277103405 49 
2020-12-22T00:09:02 0 0 경기79바1752 4 69 232000081 277103405 49 
2020-12-22T00:10:01 0 0 경기79바1752 4 69 232000081 277103405 49 
2020-12-22T00:11:01 0 0 경기79바1752 4 69 232000081 277103402 50 
2020-12-22T00:12:00 0 0 경기79바1752 4 69 232000081 277103402 50 
2020-12-22T00:12:59 0 0 경기79바1752 4 69 232000081 277103402 50 
2020-12-22T00:13:59 0 0 경기79바1752 4 69 232000081 277103401 51 
2020-12-22T00:14:58 0 0 경기79바1752 4 69 232000081 277103401 51 
2020-12-22T00:15:58 0 0 경기79바1752 4 69 232000081 277103401 51 
2020-12-22T00:16:57 0 0 경기79바1752 4 69 232000081 277103401 51 
2020-12-22T00:17:57 0 0 경기79바1752 4 69 232000081 277102738 52 
2020-12-22T00:18:56 0 0 경기79바1752 4 69 232000081 277102738 52 
2020-12-22T00:19:55 0 0 경기79바1752 4 69 232000081 277102738 52 
2020-12-22T00:20:55 0 0 경기79바1752 4 69 232000081 277102738 52 
2020-12-22T00:21:54 0 0 경기79바1752 4 69 232000081 277102736 53 
2020-12-22T00:22:53 0 0 경기79바1752 4 69 232000081 277102736 53 
2020-12-22T00:23:53 0 0 경기79바1752 4 69 232000081 277102736 53 
2020-12-22T00:24:52 0 0 경기79바1752 4 69 232000081 277102736 53 
2020-12-22T00:25:51 0 0 경기79바1752 4 69 232000081 277102736 53 
2020-12-22T00:26:51 0 0 경기79바1752 4 69 232000081 277102736 53 
2020-12-22T00:27:50 0 0 경기79바1752 4 69 232000081 232000726 54 
2020-12-22T00:28:49 0 0 경기79바1752 4 70 232000081 232000759 55 
2020-12-22T00:29:49 0 0 경기79바1752 4 70 232000081 232000544 56 
2020-12-22T00:30:48 0 0 경기79바1752 4 70 232000081 232000544 56 
2020-12-22T00:31:48 0 0 경기79바1752 4 70 232000081 232000544 56 
2020-12-22T00:32:48 0 0 경기79바1752 4 70 232000081 232000554 57 
2020-12-22T00:33:48 0 0 경기79바1752 4 70 232000081 232000554 57 
2020-12-22T00:34:47 0 0 경기79바1752 4 70 232000081 232000550 58 
2020-12-22T00:35:47 0 0 경기79바1752 4 70 232000081 232000546 59 
2020-12-22T00:36:47 0 0 경기79바1752 4 70 232000081 232000546 59 
2020-12-22T00:37:46 0 0 경기79바1752 4 70 232000081 232000546 59 
2020-12-22T00:38:46 0 0 경기79바1752 4 70 232000081 232000546 59 
2020-12-22T00:39:46 0 0 경기79바1752 4 70 232000081 232000546 59 
2020-12-22T00:40:45 0 0 경기79바1752 4 70 232000081 232000781 60 
2020-12-22T00:41:45 0 0 경기79바1752 4 71 232000081 232000781 60 
2020-12-22T00:42:50 0 0 경기79바1752 4 73 232000081 232000742 61 
2020-12-22T00:43:43 0 0 경기79바1752 4 73 232000081 232000742 61 
2020-12-22T00:44:43 0 0 경기79바1752 4 73 232000081 232000742 61 
2020-12-22T00:45:43 0 0 경기79바1752 4 73 232000081 232000742 61 
2020-12-22T00:46:43 0 0 경기79바1752 4 73 232000081 232000742 61 
2020-12-22T00:47:42 0 0 경기79바1752 4 73 232000081 232000742 61 
2020-12-22T00:48:42 0 0 경기79바1752 4 73 232000081 232000742 61 
2020-12-22T00:49:42 0 0 경기79바1752 4 73 232000081 232000742 61 
2020-12-22T00:50:42 0 0 경기79바1752 4 73 232000081 232000742 61 
2020-12-22T00:51:41 0 0 경기79바1752 4 73 232000081 232000742 61 
2020-12-22T00:52:41 0 0 경기79바1752 4 73 232000081 232000742 61 
2020-12-22T00:53:41 0 0 경기79바1752 4 73 232000081 232000742 61 
2020-12-22T00:54:41 0 0 경기79바1752 4 73 232000081 232000742 61 
2020-12-22T00:55:50 0 0 경기79바1752 4 73 232000081 232000742 61 
2020-12-22T00:56:39 0 0 경기79바1752 4 73 232000081 232000742 61 
2020-12-22T00:57:39 0 0 경기79바1752 4 73 232000081 232000742 61 
