232000081 2020-12-18T00:44:40.117133+09:00
2020-12-18T06:26:46 0 0 경기79바1752 4 73 232000081 232000704 3 
2020-12-18T06:27:46 0 0 경기79바1752 4 73 232000081 232000704 3 
2020-12-18T06:28:46 0 0 경기79바1752 4 72 232000081 232000725 4 
2020-12-18T06:29:45 0 0 경기79바1752 4 72 232000081 232000725 4 
2020-12-18T06:30:45 0 0 경기79바1752 4 72 232000081 232000725 4 
2020-12-18T06:31:44 0 0 경기79바1752 4 72 232000081 232000707 5 
2020-12-18T06:32:44 0 0 경기79바1752 4 72 232000081 277102614 6 
2020-12-18T06:33:43 0 0 경기79바1752 4 71 232000081 232000741 7 
2020-12-18T06:34:43 0 0 경기79바1752 4 71 232000081 232000777 8 
2020-12-18T06:35:43 0 0 경기79바1752 4 71 232000081 232000777 8 
2020-12-18T06:36:43 0 0 경기79바1752 4 71 232000081 232000777 8 
2020-12-18T06:37:42 0 0 경기79바1752 4 71 232000081 232000777 8 
2020-12-18T06:38:42 0 0 경기79바1752 4 70 232000081 232000545 9 
2020-12-18T06:39:42 0 0 경기79바1752 4 70 232000081 232000549 10 
2020-12-18T06:40:42 0 0 경기79바1752 4 70 232000081 232000549 10 
2020-12-18T06:41:40 0 0 경기79바1752 4 70 232000081 232000553 11 
2020-12-18T06:42:39 0 0 경기79바1752 4 66 232000081 232000553 11 
2020-12-18T06:43:39 0 0 경기79바1752 4 66 232000081 232000553 11 
2020-12-18T06:44:38 0 0 경기79바1752 4 65 232000081 232000543 12 
2020-12-18T06:45:38 0 0 경기79바1752 4 65 232000081 232000543 12 
2020-12-18T06:46:38 0 0 경기79바1752 4 65 232000081 232000543 12 
2020-12-18T06:47:38 0 0 경기79바1752 4 65 232000081 232000543 12 
2020-12-18T06:48:37 0 0 경기79바1752 4 62 232000081 232000758 13 
2020-12-18T06:49:37 0 0 경기79바1752 4 62 232000081 232000758 13 
2020-12-18T06:50:37 0 0 경기79바1752 4 62 232000081 232000758 13 
2020-12-18T06:51:36 0 0 경기79바1752 4 61 232000081 232000727 14 
2020-12-18T06:52:35 0 0 경기79바1752 4 61 232000081 232000727 14 
2020-12-18T06:53:35 0 0 경기79바1752 4 61 232000081 277102331 15 
2020-12-18T06:54:34 0 0 경기79바1752 4 61 232000081 277102331 15 
2020-12-18T06:55:34 0 0 경기79바1752 4 61 232000081 277102331 15 
2020-12-18T06:56:34 0 0 경기79바1752 4 61 232000081 277102735 16 
2020-12-18T06:57:33 0 0 경기79바1752 4 61 232000081 277102735 16 
2020-12-18T06:58:33 0 0 경기79바1752 4 61 232000081 277102735 16 
2020-12-18T06:59:31 0 0 경기79바1752 4 61 232000081 277102735 16 
2020-12-18T07:00:31 0 0 경기79바1752 4 61 232000081 277102737 17 
2020-12-18T07:01:32 0 0 경기79바1752 4 61 232000081 277102737 17 
2020-12-18T07:02:30 0 0 경기79바1752 4 61 232000081 277102737 17 
2020-12-18T07:03:30 0 0 경기79바1752 4 61 232000081 277101769 18 
2020-12-18T07:04:30 0 0 경기79바1752 4 61 232000081 277101769 18 
2020-12-18T07:05:29 0 0 경기79바1752 4 61 232000081 277101769 18 
2020-12-18T07:06:29 0 0 경기79바1752 4 61 232000081 277101769 18 
2020-12-18T07:07:29 0 0 경기79바1752 4 61 232000081 277101769 18 
2020-12-18T07:08:29 0 0 경기79바1752 4 61 232000081 277101769 18 
2020-12-18T07:09:29 0 0 경기79바1752 4 61 232000081 277101769 18 
2020-12-18T07:10:28 0 0 경기79바1752 4 61 232000081 277101769 18 
2020-12-18T07:11:27 0 0 경기79바1752 4 61 232000081 277101769 18 
2020-12-18T07:12:27 0 0 경기79바1752 4 61 232000081 277101769 18 
2020-12-18T07:13:27 0 0 경기79바1752 4 61 232000081 277103403 19 
2020-12-18T07:14:27 0 0 경기79바1752 4 61 232000081 277103403 19 
2020-12-18T07:15:26 0 0 경기79바1752 4 61 232000081 277103403 19 
2020-12-18T07:16:25 0 0 경기79바1752 4 61 232000081 277103403 19 
2020-12-18T07:17:24 0 0 경기79바1752 4 61 232000081 277103403 19 
2020-12-18T07:18:23 0 0 경기79바1752 4 61 232000081 277103403 19 
2020-12-18T07:19:22 0 0 경기79바1752 4 61 232000081 277103404 20 
2020-12-18T07:20:22 0 0 경기79바1752 4 61 232000081 277103406 21 
2020-12-18T07:21:22 0 0 경기79바1752 4 61 232000081 277103410 22 
2020-12-18T07:22:21 0 0 경기79바1752 4 61 232000081 277103410 22 
2020-12-18T07:23:20 0 0 경기79바1752 4 61 232000081 277102324 23 
2020-12-18T07:24:19 0 0 경기79바1752 4 61 232000081 277102324 23 
2020-12-18T07:25:19 0 0 경기79바1752 4 61 232000081 277102324 23 
2020-12-18T07:26:18 0 0 경기79바1752 4 61 232000081 277103895 24 
2020-12-18T07:27:18 0 0 경기79바1752 4 61 232000081 277103895 24 
2020-12-18T07:28:17 0 0 경기79바1752 4 61 232000081 277103895 24 
2020-12-18T07:29:17 0 0 경기79바1752 4 61 232000081 277103895 24 
2020-12-18T07:30:16 0 0 경기79바1752 4 61 232000081 277103895 24 
2020-12-18T07:31:16 0 0 경기79바1752 4 61 232000081 277103895 24 
2020-12-18T07:32:16 0 0 경기79바1752 4 62 232000081 119000033 25 
2020-12-18T07:33:16 0 0 경기79바1752 4 62 232000081 119000033 25 
2020-12-18T07:34:15 0 0 경기79바1752 4 62 232000081 119000033 25 
2020-12-18T07:35:15 0 0 경기79바1752 4 62 232000081 119000040 26 
2020-12-18T07:36:14 0 0 경기79바1752 4 62 232000081 119000040 26 
2020-12-18T07:37:14 0 0 경기79바1752 4 62 232000081 119000040 26 
2020-12-18T07:38:13 0 0 경기79바1752 4 62 232000081 119000040 26 
2020-12-18T07:39:13 0 0 경기79바1752 4 62 232000081 119000040 26 
2020-12-18T07:40:13 0 0 경기79바1752 4 62 232000081 119000040 26 
2020-12-18T07:41:12 0 0 경기79바1752 4 62 232000081 119000040 26 
2020-12-18T07:42:12 0 0 경기79바1752 4 62 232000081 119000040 26 
2020-12-18T07:43:12 0 0 경기79바1752 4 64 232000081 121000020 27 
2020-12-18T07:44:11 0 0 경기79바1752 4 64 232000081 121000020 27 
2020-12-18T07:45:10 0 0 경기79바1752 4 65 232000081 121000018 28 
2020-12-18T07:46:09 0 0 경기79바1752 4 65 232000081 121000018 28 
2020-12-18T07:47:08 0 0 경기79바1752 4 68 232000081 121000018 28 
2020-12-18T07:48:07 0 0 경기79바1752 4 68 232000081 121000018 28 
2020-12-18T07:49:07 0 0 경기79바1752 4 68 232000081 121000018 28 
2020-12-18T07:50:07 0 0 경기79바1752 4 69 232000081 121000013 29 
2020-12-18T07:51:07 0 0 경기79바1752 4 69 232000081 121000013 29 
2020-12-18T07:52:07 0 0 경기79바1752 4 69 232000081 121000011 30 
2020-12-18T07:53:06 0 0 경기79바1752 4 70 232000081 121000011 30 
2020-12-18T07:54:05 0 0 경기79바1752 4 70 232000081 121000011 30 
2020-12-18T07:55:04 0 0 경기79바1752 4 70 232000081 121000009 31 
2020-12-18T07:56:04 0 0 경기79바1752 4 70 232000081 121000009 31 
2020-12-18T07:57:04 0 0 경기79바1752 4 70 232000081 121000009 31 
2020-12-18T07:58:03 0 0 경기79바1752 4 70 232000081 121000009 31 
2020-12-18T07:59:02 0 0 경기79바1752 4 70 232000081 121000009 31 
2020-12-18T08:00:02 0 0 경기79바1752 4 73 232000081 277101860 32 
2020-12-18T08:01:01 0 0 경기79바1752 4 73 232000081 277104255 33 
2020-12-18T08:02:01 0 0 경기79바1752 4 73 232000081 277101752 34 
2020-12-18T08:03:00 0 0 경기79바1752 4 73 232000081 277104253 35 
2020-12-18T08:03:59 0 0 경기79바1752 4 73 232000081 277104253 35 
2020-12-18T08:04:58 0 0 경기79바1752 4 73 232000081 277104253 35 
2020-12-18T08:05:57 0 0 경기79바1752 4 73 232000081 277104254 36 
2020-12-18T08:06:57 0 0 경기79바1752 4 73 232000081 277104254 36 
2020-12-18T08:07:56 0 0 경기79바1752 4 73 232000081 277101873 37 
2020-12-18T08:08:55 0 0 경기79바1752 4 73 232000081 122000614 38 
2020-12-18T08:09:55 0 0 경기79바1752 4 73 232000081 122000614 38 
2020-12-18T08:10:56 0 0 경기79바1752 4 73 232000081 122000614 38 
2020-12-18T08:11:55 0 0 경기79바1752 4 73 232000081 122000654 39 
2020-12-18T08:12:55 0 0 경기79바1752 4 73 232000081 122000654 39 
2020-12-18T08:13:55 0 0 경기79바1752 4 73 232000081 122000654 39 
2020-12-18T08:14:54 0 0 경기79바1752 4 73 232000081 121000014 40 
2020-12-18T08:15:54 0 0 경기79바1752 4 73 232000081 121000014 40 
2020-12-18T08:16:54 0 0 경기79바1752 4 73 232000081 121000014 40 
2020-12-18T08:17:53 0 0 경기79바1752 4 73 232000081 121000014 40 
2020-12-18T08:18:53 0 0 경기79바1752 4 73 232000081 121000017 41 
2020-12-18T08:19:52 0 0 경기79바1752 4 73 232000081 121000017 41 
2020-12-18T08:20:52 0 0 경기79바1752 4 73 232000081 121000019 42 
2020-12-18T08:21:51 0 0 경기79바1752 4 73 232000081 121000019 42 
2020-12-18T08:22:51 0 0 경기79바1752 4 73 232000081 121000019 42 
2020-12-18T08:23:50 0 0 경기79바1752 4 73 232000081 121000019 42 
2020-12-18T08:24:49 0 0 경기79바1752 4 73 232000081 121000019 42 
2020-12-18T08:25:49 0 0 경기79바1752 4 73 232000081 121000019 42 
2020-12-18T08:26:48 0 0 경기79바1752 4 73 232000081 121000019 42 
2020-12-18T08:27:48 0 0 경기79바1752 4 73 232000081 119000041 43 
2020-12-18T08:28:49 0 0 경기79바1752 4 73 232000081 119000041 43 
2020-12-18T08:29:48 0 0 경기79바1752 4 73 232000081 119000041 43 
2020-12-18T08:30:47 0 0 경기79바1752 4 73 232000081 119000034 44 
2020-12-18T08:31:46 0 0 경기79바1752 4 73 232000081 119000034 44 
2020-12-18T08:32:46 0 0 경기79바1752 4 73 232000081 119000034 44 
2020-12-18T08:33:45 0 0 경기79바1752 4 73 232000081 277103859 45 
2020-12-18T08:34:44 0 0 경기79바1752 4 73 232000081 277103859 45 
2020-12-18T08:35:44 0 0 경기79바1752 4 73 232000081 277103859 45 
2020-12-18T08:36:43 0 0 경기79바1752 4 73 232000081 277100138 46 
2020-12-18T08:37:43 0 0 경기79바1752 4 73 232000081 277103411 47 
2020-12-18T08:38:43 0 0 경기79바1752 4 73 232000081 277103407 48 
2020-12-18T08:39:42 0 0 경기79바1752 4 73 232000081 277103407 48 
2020-12-18T08:40:41 0 0 경기79바1752 4 73 232000081 277103405 49 
2020-12-18T08:41:40 0 0 경기79바1752 4 73 232000081 277103405 49 
2020-12-18T08:42:39 0 0 경기79바1752 4 73 232000081 277103405 49 
2020-12-18T08:43:39 0 0 경기79바1752 4 73 232000081 277103402 50 
2020-12-18T08:44:38 0 0 경기79바1752 4 73 232000081 277103402 50 
2020-12-18T08:45:38 0 0 경기79바1752 4 73 232000081 277103402 50 
2020-12-18T08:46:37 0 0 경기79바1752 4 73 232000081 277103401 51 
2020-12-18T08:47:36 0 0 경기79바1752 4 73 232000081 277103401 51 
2020-12-18T08:48:36 0 0 경기79바1752 4 73 232000081 277103401 51 
2020-12-18T08:49:35 0 0 경기79바1752 4 73 232000081 277102738 52 
2020-12-18T08:50:34 0 0 경기79바1752 4 73 232000081 277102738 52 
2020-12-18T08:51:33 0 0 경기79바1752 4 73 232000081 277102738 52 
2020-12-18T08:52:32 0 0 경기79바1752 4 73 232000081 277102738 52 
2020-12-18T08:53:31 0 0 경기79바1752 4 73 232000081 277102738 52 
2020-12-18T08:54:32 0 0 경기79바1752 4 73 232000081 277102736 53 
2020-12-18T08:55:31 0 0 경기79바1752 4 73 232000081 277102736 53 
2020-12-18T08:56:30 0 0 경기79바1752 4 73 232000081 277102736 53 
2020-12-18T08:57:29 0 0 경기79바1752 4 73 232000081 277102736 53 
2020-12-18T08:58:29 0 0 경기79바1752 4 73 232000081 277102736 53 
2020-12-18T08:59:28 0 0 경기79바1752 4 73 232000081 277102736 53 
2020-12-18T09:00:29 0 0 경기79바1752 4 73 232000081 277102736 53 
2020-12-18T09:01:29 0 0 경기79바1752 4 73 232000081 232000759 55 
2020-12-18T09:02:28 0 0 경기79바1752 4 73 232000081 232000544 56 
2020-12-18T09:03:27 0 0 경기79바1752 4 73 232000081 232000544 56 
2020-12-18T09:04:26 0 0 경기79바1752 4 73 232000081 232000544 56 
2020-12-18T09:05:25 0 0 경기79바1752 4 73 232000081 232000544 56 
2020-12-18T09:06:24 0 0 경기79바1752 4 73 232000081 232000554 57 
2020-12-18T09:07:24 0 0 경기79바1752 4 73 232000081 232000550 58 
2020-12-18T09:08:23 0 0 경기79바1752 4 73 232000081 232000546 59 
2020-12-18T09:09:23 0 0 경기79바1752 4 73 232000081 232000546 59 
2020-12-18T09:10:22 0 0 경기79바1752 4 73 232000081 232000546 59 
2020-12-18T09:11:22 0 0 경기79바1752 4 73 232000081 232000781 60 
2020-12-18T09:12:21 0 0 경기79바1752 4 73 232000081 232000742 61 
2020-12-18T09:13:20 0 0 경기79바1752 4 73 232000081 232000724 63 
2020-12-18T09:14:19 0 0 경기79바1752 4 73 232000081 232000705 64 
2020-12-18T09:15:19 0 0 경기79바1752 4 73 232000081 232000705 64 
2020-12-18T09:16:18 0 0 경기79바1752 4 73 232000081 232000705 64 
2020-12-18T09:17:17 0 0 경기79바1752 4 73 232000081 232000705 64 
2020-12-18T09:18:17 0 0 경기79바1752 4 73 232000081 232000705 64 
2020-12-18T09:19:17 0 0 경기79바1752 4 73 232000081 232000705 64 
2020-12-18T09:20:17 0 0 경기79바1752 4 73 232000081 232000705 64 
2020-12-18T09:21:16 0 0 경기79바1752 4 73 232000081 232000705 64 
2020-12-18T09:22:15 0 0 경기79바1752 4 73 232000081 232000705 64 
2020-12-18T09:23:15 0 0 경기79바1752 4 73 232000081 232000705 64 
2020-12-18T09:24:14 0 0 경기79바1752 4 73 232000081 232000705 64 
2020-12-18T09:25:14 0 0 경기79바1752 4 73 232000081 232000705 64 
2020-12-18T09:26:13 0 0 경기79바1752 4 73 232000081 232000705 64 
2020-12-18T09:27:13 0 0 경기79바1752 4 73 232000081 232000705 64 
2020-12-18T09:28:12 0 0 경기79바1752 4 73 232000081 232000705 64 
2020-12-18T12:28:51 0 0 경기79바1752 4 73 232000081 232000704 3 
2020-12-18T12:29:52 0 0 경기79바1752 4 73 232000081 232000704 3 
2020-12-18T12:30:51 0 0 경기79바1752 4 73 232000081 232000704 3 
2020-12-18T12:31:50 0 0 경기79바1752 4 73 232000081 232000725 4 
2020-12-18T12:32:49 0 0 경기79바1752 4 73 232000081 232000725 4 
2020-12-18T12:33:49 0 0 경기79바1752 4 73 232000081 232000725 4 
2020-12-18T12:34:49 0 0 경기79바1752 4 73 232000081 232000707 5 
2020-12-18T12:35:49 0 0 경기79바1752 4 73 232000081 232000707 5 
2020-12-18T12:36:49 0 0 경기79바1752 4 73 232000081 232000741 7 
2020-12-18T12:37:48 0 0 경기79바1752 4 73 232000081 232000777 8 
2020-12-18T12:38:48 0 0 경기79바1752 4 73 232000081 232000777 8 
2020-12-18T12:39:48 0 0 경기79바1752 4 73 232000081 232000777 8 
2020-12-18T12:40:48 0 0 경기79바1752 4 73 232000081 232000545 9 
2020-12-18T12:41:48 0 0 경기79바1752 4 73 232000081 232000545 9 
2020-12-18T12:42:47 0 0 경기79바1752 4 73 232000081 232000549 10 
2020-12-18T12:43:46 0 0 경기79바1752 4 72 232000081 232000549 10 
2020-12-18T12:44:45 0 0 경기79바1752 4 69 232000081 232000553 11 
2020-12-18T12:45:44 0 0 경기79바1752 4 69 232000081 232000553 11 
2020-12-18T12:46:44 0 0 경기79바1752 4 69 232000081 232000553 11 
2020-12-18T12:47:44 0 0 경기79바1752 4 69 232000081 232000543 12 
2020-12-18T12:48:44 0 0 경기79바1752 4 69 232000081 232000543 12 
2020-12-18T12:49:43 0 0 경기79바1752 4 69 232000081 232000543 12 
2020-12-18T12:50:42 0 0 경기79바1752 4 69 232000081 232000543 12 
2020-12-18T12:51:42 0 0 경기79바1752 4 66 232000081 232000758 13 
2020-12-18T12:52:42 0 0 경기79바1752 4 66 232000081 232000758 13 
2020-12-18T12:53:42 0 0 경기79바1752 4 66 232000081 232000758 13 
2020-12-18T12:54:41 0 0 경기79바1752 4 65 232000081 232000727 14 
2020-12-18T12:55:40 0 0 경기79바1752 4 65 232000081 232000727 14 
2020-12-18T12:56:40 0 0 경기79바1752 4 65 232000081 277102331 15 
2020-12-18T12:57:39 0 0 경기79바1752 4 65 232000081 277102331 15 
2020-12-18T12:58:38 0 0 경기79바1752 4 65 232000081 277102331 15 
2020-12-18T12:59:38 0 0 경기79바1752 4 65 232000081 277102735 16 
2020-12-18T13:00:37 0 0 경기79바1752 4 65 232000081 277102735 16 
2020-12-18T13:01:38 0 0 경기79바1752 4 65 232000081 277102735 16 
2020-12-18T13:02:36 0 0 경기79바1752 4 65 232000081 277102735 16 
2020-12-18T13:03:36 0 0 경기79바1752 4 65 232000081 277102737 17 
2020-12-18T13:04:36 0 0 경기79바1752 4 65 232000081 277102737 17 
2020-12-18T13:05:35 0 0 경기79바1752 4 65 232000081 277102737 17 
2020-12-18T13:06:34 0 0 경기79바1752 4 65 232000081 277101769 18 
2020-12-18T13:07:34 0 0 경기79바1752 4 65 232000081 277101769 18 
2020-12-18T13:08:34 0 0 경기79바1752 4 65 232000081 277101769 18 
2020-12-18T13:09:34 0 0 경기79바1752 4 65 232000081 277103403 19 
2020-12-18T13:10:33 0 0 경기79바1752 4 65 232000081 277103403 19 
2020-12-18T13:11:33 0 0 경기79바1752 4 65 232000081 277103403 19 
2020-12-18T13:12:32 0 0 경기79바1752 4 65 232000081 277103404 20 
2020-12-18T13:13:32 0 0 경기79바1752 4 65 232000081 277103406 21 
2020-12-18T13:14:32 0 0 경기79바1752 4 65 232000081 277103410 22 
2020-12-18T13:15:32 0 0 경기79바1752 4 65 232000081 277102324 23 
2020-12-18T13:16:32 0 0 경기79바1752 4 65 232000081 277102324 23 
2020-12-18T13:17:30 0 0 경기79바1752 4 65 232000081 277103895 24 
2020-12-18T13:18:30 0 0 경기79바1752 4 65 232000081 277103895 24 
2020-12-18T13:19:30 0 0 경기79바1752 4 65 232000081 277103895 24 
2020-12-18T13:20:29 0 0 경기79바1752 4 65 232000081 277103895 24 
2020-12-18T13:21:29 0 0 경기79바1752 4 67 232000081 119000033 25 
2020-12-18T13:22:27 0 0 경기79바1752 4 68 232000081 119000033 25 
2020-12-18T13:23:27 0 0 경기79바1752 4 68 232000081 119000033 25 
2020-12-18T13:24:26 0 0 경기79바1752 4 68 232000081 119000040 26 
2020-12-18T13:25:26 0 0 경기79바1752 4 68 232000081 119000040 26 
2020-12-18T13:26:26 0 0 경기79바1752 4 68 232000081 119000040 26 
2020-12-18T13:27:26 0 0 경기79바1752 4 68 232000081 119000040 26 
2020-12-18T13:28:25 0 0 경기79바1752 4 68 232000081 119000040 26 
2020-12-18T13:29:25 0 0 경기79바1752 4 68 232000081 119000040 26 
2020-12-18T13:30:24 0 0 경기79바1752 4 70 232000081 119000040 26 
2020-12-18T13:31:24 0 0 경기79바1752 4 71 232000081 121000020 27 
2020-12-18T13:32:24 0 0 경기79바1752 4 71 232000081 121000020 27 
2020-12-18T13:33:24 0 0 경기79바1752 4 71 232000081 121000018 28 
2020-12-18T13:34:23 0 0 경기79바1752 4 71 232000081 121000018 28 
2020-12-18T13:35:23 0 0 경기79바1752 4 71 232000081 121000018 28 
2020-12-18T13:36:23 0 0 경기79바1752 4 71 232000081 121000018 28 
2020-12-18T13:37:23 0 0 경기79바1752 4 71 232000081 121000018 28 
2020-12-18T13:38:22 0 0 경기79바1752 4 71 232000081 121000018 28 
2020-12-18T13:39:22 0 0 경기79바1752 4 71 232000081 121000018 28 
2020-12-18T13:40:22 0 0 경기79바1752 4 72 232000081 121000013 29 
2020-12-18T13:41:21 0 0 경기79바1752 4 72 232000081 121000013 29 
2020-12-18T13:42:21 0 0 경기79바1752 4 72 232000081 121000011 30 
2020-12-18T13:43:21 0 0 경기79바1752 4 73 232000081 121000011 30 
2020-12-18T13:44:21 0 0 경기79바1752 4 73 232000081 121000011 30 
2020-12-18T13:45:20 0 0 경기79바1752 4 73 232000081 121000009 31 
2020-12-18T13:46:19 0 0 경기79바1752 4 73 232000081 121000009 31 
2020-12-18T13:47:19 0 0 경기79바1752 4 73 232000081 121000009 31 
2020-12-18T13:48:18 0 0 경기79바1752 4 73 232000081 121000009 31 
2020-12-18T13:49:18 0 0 경기79바1752 4 73 232000081 121000009 31 
2020-12-18T13:50:18 0 0 경기79바1752 4 73 232000081 121000009 31 
2020-12-18T13:51:18 0 0 경기79바1752 4 73 232000081 277101860 32 
2020-12-18T13:52:17 0 0 경기79바1752 4 73 232000081 277104255 33 
2020-12-18T13:53:18 0 0 경기79바1752 4 73 232000081 277101752 34 
2020-12-18T13:54:17 0 0 경기79바1752 4 73 232000081 277104253 35 
2020-12-18T13:55:17 0 0 경기79바1752 4 73 232000081 277104253 35 
2020-12-18T13:56:16 0 0 경기79바1752 4 73 232000081 277101873 37 
2020-12-18T13:57:15 0 0 경기79바1752 4 73 232000081 277101873 37 
2020-12-18T13:58:15 0 0 경기79바1752 4 73 232000081 277101873 37 
2020-12-18T13:59:14 0 0 경기79바1752 4 73 232000081 277101873 37 
2020-12-18T14:00:14 0 0 경기79바1752 4 73 232000081 277101873 37 
2020-12-18T14:01:14 0 0 경기79바1752 4 72 232000081 122000614 38 
2020-12-18T14:02:13 0 0 경기79바1752 4 72 232000081 122000614 38 
2020-12-18T14:03:13 0 0 경기79바1752 4 71 232000081 122000614 38 
2020-12-18T14:04:13 0 0 경기79바1752 4 71 232000081 122000614 38 
2020-12-18T14:05:13 0 0 경기79바1752 4 71 232000081 122000614 38 
2020-12-18T14:06:12 0 0 경기79바1752 4 71 232000081 122000614 38 
2020-12-18T14:07:11 0 0 경기79바1752 4 71 232000081 122000654 39 
2020-12-18T14:08:11 0 0 경기79바1752 4 71 232000081 122000654 39 
2020-12-18T14:09:10 0 0 경기79바1752 4 71 232000081 122000654 39 
2020-12-18T14:10:10 0 0 경기79바1752 4 71 232000081 122000654 39 
2020-12-18T14:11:10 0 0 경기79바1752 4 71 232000081 122000654 39 
2020-12-18T14:12:09 0 0 경기79바1752 4 71 232000081 122000654 39 
2020-12-18T14:13:08 0 0 경기79바1752 4 71 232000081 121000014 40 
2020-12-18T14:14:07 0 0 경기79바1752 4 71 232000081 121000014 40 
2020-12-18T14:15:07 0 0 경기79바1752 4 71 232000081 121000014 40 
2020-12-18T14:16:06 0 0 경기79바1752 4 71 232000081 121000014 40 
2020-12-18T14:17:07 0 0 경기79바1752 4 71 232000081 121000014 40 
2020-12-18T14:18:06 0 0 경기79바1752 4 71 232000081 121000014 40 
2020-12-18T14:19:05 0 0 경기79바1752 4 71 232000081 121000014 40 
2020-12-18T14:20:05 0 0 경기79바1752 4 70 232000081 121000017 41 
2020-12-18T14:21:05 0 0 경기79바1752 4 70 232000081 121000017 41 
2020-12-18T14:22:04 0 0 경기79바1752 4 70 232000081 121000017 41 
2020-12-18T14:23:05 0 0 경기79바1752 4 70 232000081 121000019 42 
2020-12-18T14:24:03 0 0 경기79바1752 4 65 232000081 121000019 42 
2020-12-18T14:25:03 0 0 경기79바1752 4 65 232000081 121000019 42 
2020-12-18T14:26:03 0 0 경기79바1752 4 65 232000081 121000019 42 
2020-12-18T14:27:03 0 0 경기79바1752 4 65 232000081 121000019 42 
2020-12-18T14:28:03 0 0 경기79바1752 4 65 232000081 121000019 42 
2020-12-18T14:29:02 0 0 경기79바1752 4 65 232000081 121000019 42 
2020-12-18T14:30:02 0 0 경기79바1752 4 65 232000081 119000041 43 
2020-12-18T14:31:02 0 0 경기79바1752 4 65 232000081 119000041 43 
2020-12-18T14:32:00 0 0 경기79바1752 4 65 232000081 119000041 43 
2020-12-18T14:33:00 0 0 경기79바1752 4 65 232000081 119000034 44 
2020-12-18T14:34:00 0 0 경기79바1752 4 65 232000081 119000034 44 
2020-12-18T14:35:00 0 0 경기79바1752 4 65 232000081 119000034 44 
2020-12-18T14:35:59 0 0 경기79바1752 4 65 232000081 119000034 44 
2020-12-18T14:36:59 0 0 경기79바1752 4 65 232000081 277103859 45 
2020-12-18T14:37:59 0 0 경기79바1752 4 65 232000081 277103859 45 
2020-12-18T14:38:58 0 0 경기79바1752 4 65 232000081 277100138 46 
2020-12-18T14:39:58 0 0 경기79바1752 4 65 232000081 277103411 47 
2020-12-18T14:40:58 0 0 경기79바1752 4 65 232000081 277103411 47 
2020-12-18T14:41:57 0 0 경기79바1752 4 65 232000081 277103411 47 
2020-12-18T14:42:56 0 0 경기79바1752 4 65 232000081 277103411 47 
2020-12-18T14:43:56 0 0 경기79바1752 4 65 232000081 277103407 48 
2020-12-18T14:44:55 0 0 경기79바1752 4 65 232000081 277103407 48 
2020-12-18T14:45:55 0 0 경기79바1752 4 65 232000081 277103405 49 
2020-12-18T14:46:55 0 0 경기79바1752 4 65 232000081 277103405 49 
2020-12-18T14:47:55 0 0 경기79바1752 4 65 232000081 277103405 49 
2020-12-18T14:48:55 0 0 경기79바1752 4 65 232000081 277103402 50 
2020-12-18T14:49:54 0 0 경기79바1752 4 65 232000081 277103402 50 
2020-12-18T14:50:54 0 0 경기79바1752 4 65 232000081 277103402 50 
2020-12-18T14:51:54 0 0 경기79바1752 4 65 232000081 277103401 51 
2020-12-18T14:52:53 0 0 경기79바1752 4 65 232000081 277103401 51 
2020-12-18T14:53:53 0 0 경기79바1752 4 65 232000081 277103401 51 
2020-12-18T14:54:53 0 0 경기79바1752 4 65 232000081 277103401 51 
2020-12-18T14:55:52 0 0 경기79바1752 4 65 232000081 277102738 52 
2020-12-18T14:56:52 0 0 경기79바1752 4 65 232000081 277102738 52 
2020-12-18T14:57:51 0 0 경기79바1752 4 65 232000081 277102738 52 
2020-12-18T14:58:51 0 0 경기79바1752 4 65 232000081 277102738 52 
2020-12-18T14:59:51 0 0 경기79바1752 4 65 232000081 277102736 53 
2020-12-18T15:00:51 0 0 경기79바1752 4 65 232000081 277102736 53 
2020-12-18T15:01:50 0 0 경기79바1752 4 65 232000081 277102736 53 
2020-12-18T15:02:50 0 0 경기79바1752 4 65 232000081 277102736 53 
2020-12-18T15:03:50 0 0 경기79바1752 4 65 232000081 277102736 53 
2020-12-18T15:04:50 0 0 경기79바1752 4 65 232000081 232000726 54 
2020-12-18T15:05:49 0 0 경기79바1752 4 68 232000081 232000759 55 
2020-12-18T15:06:49 0 0 경기79바1752 4 68 232000081 232000759 55 
2020-12-18T15:07:48 0 0 경기79바1752 4 68 232000081 232000759 55 
2020-12-18T15:08:48 0 0 경기79바1752 4 68 232000081 232000544 56 
2020-12-18T15:09:48 0 0 경기79바1752 4 68 232000081 232000544 56 
2020-12-18T15:10:48 0 0 경기79바1752 4 68 232000081 232000544 56 
2020-12-18T15:11:47 0 0 경기79바1752 4 68 232000081 232000554 57 
2020-12-18T15:12:46 0 0 경기79바1752 4 71 232000081 232000550 58 
2020-12-18T15:13:46 0 0 경기79바1752 4 71 232000081 232000550 58 
2020-12-18T15:14:46 0 0 경기79바1752 4 71 232000081 232000546 59 
2020-12-18T15:15:46 0 0 경기79바1752 4 71 232000081 232000546 59 
2020-12-18T15:16:46 0 0 경기79바1752 4 71 232000081 232000781 60 
2020-12-18T15:17:45 0 0 경기79바1752 4 71 232000081 232000742 61 
2020-12-18T15:18:45 0 0 경기79바1752 4 71 232000081 232000742 61 
2020-12-18T15:19:45 0 0 경기79바1752 4 71 232000081 232000724 63 
2020-12-18T15:20:44 0 0 경기79바1752 4 72 232000081 232000724 63 
2020-12-18T15:21:44 0 0 경기79바1752 4 72 232000081 232000724 63 
2020-12-18T15:22:44 0 0 경기79바1752 4 73 232000081 232000705 64 
2020-12-18T15:23:44 0 0 경기79바1752 4 73 232000081 232000705 64 
2020-12-18T15:24:44 0 0 경기79바1752 4 73 232000081 232000705 64 
2020-12-18T17:51:55 0 0 경기79바1752 4 73 232000081 232000704 3 
2020-12-18T17:52:55 0 0 경기79바1752 4 73 232000081 232000704 3 
2020-12-18T17:53:55 0 0 경기79바1752 4 73 232000081 232000725 4 
2020-12-18T17:54:55 0 0 경기79바1752 4 73 232000081 232000725 4 
2020-12-18T17:55:54 0 0 경기79바1752 4 73 232000081 232000707 5 
2020-12-18T17:56:54 0 0 경기79바1752 4 73 232000081 277102614 6 
2020-12-18T17:57:53 0 0 경기79바1752 4 73 232000081 232000777 8 
2020-12-18T17:58:53 0 0 경기79바1752 4 73 232000081 232000777 8 
2020-12-18T17:59:53 0 0 경기79바1752 4 73 232000081 232000777 8 
2020-12-18T18:00:52 0 0 경기79바1752 4 73 232000081 232000777 8 
2020-12-18T18:01:52 0 0 경기79바1752 4 73 232000081 232000777 8 
2020-12-18T18:02:52 0 0 경기79바1752 4 73 232000081 232000545 9 
2020-12-18T18:03:51 0 0 경기79바1752 4 73 232000081 232000545 9 
2020-12-18T18:04:51 0 0 경기79바1752 4 73 232000081 232000545 9 
2020-12-18T18:05:50 0 0 경기79바1752 4 73 232000081 232000553 11 
2020-12-18T18:06:50 0 0 경기79바1752 4 72 232000081 232000553 11 
2020-12-18T18:07:50 0 0 경기79바1752 4 72 232000081 232000553 11 
2020-12-18T18:08:49 0 0 경기79바1752 4 72 232000081 232000543 12 
2020-12-18T18:09:49 0 0 경기79바1752 4 71 232000081 232000543 12 
2020-12-18T18:10:49 0 0 경기79바1752 4 71 232000081 232000543 12 
2020-12-18T18:11:48 0 0 경기79바1752 4 71 232000081 232000758 13 
2020-12-18T18:12:48 0 0 경기79바1752 4 71 232000081 232000758 13 
2020-12-18T18:13:48 0 0 경기79바1752 4 71 232000081 232000758 13 
2020-12-18T18:14:47 0 0 경기79바1752 4 70 232000081 232000727 14 
2020-12-18T18:15:47 0 0 경기79바1752 4 70 232000081 232000727 14 
2020-12-18T18:16:47 0 0 경기79바1752 4 70 232000081 277102331 15 
2020-12-18T18:17:46 0 0 경기79바1752 4 70 232000081 277102331 15 
2020-12-18T18:18:46 0 0 경기79바1752 4 70 232000081 277102331 15 
2020-12-18T18:19:46 0 0 경기79바1752 4 70 232000081 277102735 16 
2020-12-18T18:20:45 0 0 경기79바1752 4 70 232000081 277102735 16 
2020-12-18T18:21:45 0 0 경기79바1752 4 70 232000081 277102735 16 
2020-12-18T18:22:45 0 0 경기79바1752 4 70 232000081 277102735 16 
2020-12-18T18:23:45 0 0 경기79바1752 4 70 232000081 277102735 16 
2020-12-18T18:24:44 0 0 경기79바1752 4 70 232000081 277102737 17 
2020-12-18T18:25:44 0 0 경기79바1752 4 70 232000081 277102737 17 
2020-12-18T18:26:45 0 0 경기79바1752 4 70 232000081 277102737 17 
2020-12-18T18:27:43 0 0 경기79바1752 4 70 232000081 277102737 17 
2020-12-18T18:28:43 0 0 경기79바1752 4 70 232000081 277102737 17 
2020-12-18T18:29:43 0 0 경기79바1752 4 70 232000081 277101769 18 
2020-12-18T18:30:43 0 0 경기79바1752 4 70 232000081 277101769 18 
2020-12-18T18:31:42 0 0 경기79바1752 4 70 232000081 277101769 18 
2020-12-18T18:32:42 0 0 경기79바1752 4 70 232000081 277101769 18 
2020-12-18T18:33:41 0 0 경기79바1752 4 70 232000081 277101769 18 
2020-12-18T18:34:40 0 0 경기79바1752 4 70 232000081 277101769 18 
2020-12-18T18:35:40 0 0 경기79바1752 4 70 232000081 277101769 18 
2020-12-18T18:36:40 0 0 경기79바1752 4 70 232000081 277101769 18 
2020-12-18T18:37:39 0 0 경기79바1752 4 70 232000081 277101769 18 
2020-12-18T18:38:39 0 0 경기79바1752 4 70 232000081 277101769 18 
2020-12-18T18:39:39 0 0 경기79바1752 4 70 232000081 277101769 18 
2020-12-18T18:40:38 0 0 경기79바1752 4 70 232000081 277103403 19 
2020-12-18T18:41:36 0 0 경기79바1752 4 70 232000081 277103403 19 
2020-12-18T18:42:36 0 0 경기79바1752 4 70 232000081 277103403 19 
2020-12-18T18:43:35 0 0 경기79바1752 4 70 232000081 277103403 19 
2020-12-18T18:44:35 0 0 경기79바1752 4 70 232000081 277103404 20 
2020-12-18T18:45:34 0 0 경기79바1752 4 70 232000081 277103406 21 
2020-12-18T18:46:34 0 0 경기79바1752 4 70 232000081 277103410 22 
2020-12-18T18:47:34 0 0 경기79바1752 4 70 232000081 277102324 23 
2020-12-18T18:48:34 0 0 경기79바1752 4 70 232000081 277102324 23 
2020-12-18T18:49:34 0 0 경기79바1752 4 70 232000081 277102324 23 
2020-12-18T18:50:34 0 0 경기79바1752 4 70 232000081 277102324 23 
2020-12-18T18:51:34 0 0 경기79바1752 4 70 232000081 277102324 23 
2020-12-18T18:52:34 0 0 경기79바1752 4 70 232000081 277103895 24 
2020-12-18T18:53:33 0 0 경기79바1752 4 70 232000081 277103895 24 
2020-12-18T18:54:33 0 0 경기79바1752 4 70 232000081 277103895 24 
2020-12-18T18:55:33 0 0 경기79바1752 4 70 232000081 277103895 24 
2020-12-18T18:56:33 0 0 경기79바1752 4 70 232000081 277103895 24 
2020-12-18T18:57:32 0 0 경기79바1752 4 72 232000081 119000033 25 
2020-12-18T18:58:32 0 0 경기79바1752 4 72 232000081 119000033 25 
2020-12-18T18:59:32 0 0 경기79바1752 4 72 232000081 119000033 25 
2020-12-18T19:00:32 0 0 경기79바1752 4 72 232000081 119000040 26 
2020-12-18T19:01:32 0 0 경기79바1752 4 72 232000081 119000040 26 
2020-12-18T19:02:32 0 0 경기79바1752 4 72 232000081 119000040 26 
2020-12-18T19:03:31 0 0 경기79바1752 4 72 232000081 119000040 26 
2020-12-18T19:04:31 0 0 경기79바1752 4 72 232000081 119000040 26 
2020-12-18T19:05:31 0 0 경기79바1752 4 72 232000081 121000020 27 
2020-12-18T19:06:31 0 0 경기79바1752 4 72 232000081 121000020 27 
2020-12-18T19:07:30 0 0 경기79바1752 4 72 232000081 121000020 27 
2020-12-18T19:08:30 0 0 경기79바1752 4 72 232000081 121000020 27 
2020-12-18T19:09:30 0 0 경기79바1752 4 72 232000081 121000020 27 
2020-12-18T19:10:28 0 0 경기79바1752 4 72 232000081 121000018 28 
2020-12-18T19:11:28 0 0 경기79바1752 4 72 232000081 121000018 28 
2020-12-18T19:12:28 0 0 경기79바1752 4 72 232000081 121000018 28 
2020-12-18T19:13:27 0 0 경기79바1752 4 72 232000081 121000018 28 
2020-12-18T19:14:27 0 0 경기79바1752 4 72 232000081 121000013 29 
2020-12-18T19:15:27 0 0 경기79바1752 4 73 232000081 121000013 29 
2020-12-18T19:16:26 0 0 경기79바1752 4 73 232000081 121000011 30 
2020-12-18T19:17:26 0 0 경기79바1752 4 73 232000081 121000011 30 
2020-12-18T19:18:25 0 0 경기79바1752 4 73 232000081 121000011 30 
2020-12-18T19:19:25 0 0 경기79바1752 4 73 232000081 121000009 31 
2020-12-18T19:20:25 0 0 경기79바1752 4 73 232000081 121000009 31 
2020-12-18T19:21:24 0 0 경기79바1752 4 73 232000081 121000009 31 
2020-12-18T19:22:24 0 0 경기79바1752 4 73 232000081 121000009 31 
2020-12-18T19:23:23 0 0 경기79바1752 4 73 232000081 121000009 31 
2020-12-18T19:24:22 0 0 경기79바1752 4 73 232000081 277101860 32 
2020-12-18T19:25:22 0 0 경기79바1752 4 73 232000081 277104255 33 
2020-12-18T19:26:22 0 0 경기79바1752 4 73 232000081 277104255 33 
2020-12-18T19:27:22 0 0 경기79바1752 4 73 232000081 277104255 33 
2020-12-18T19:28:22 0 0 경기79바1752 4 73 232000081 277101752 34 
2020-12-18T19:29:21 0 0 경기79바1752 4 73 232000081 277104253 35 
2020-12-18T19:30:21 0 0 경기79바1752 4 73 232000081 277104253 35 
2020-12-18T19:31:20 0 0 경기79바1752 4 73 232000081 277104254 36 
2020-12-18T19:32:20 0 0 경기79바1752 4 73 232000081 277104254 36 
2020-12-18T19:33:19 0 0 경기79바1752 4 73 232000081 277104254 36 
2020-12-18T19:34:18 0 0 경기79바1752 4 73 232000081 277104254 36 
2020-12-18T19:35:19 0 0 경기79바1752 4 73 232000081 277104254 36 
2020-12-18T19:36:18 0 0 경기79바1752 4 73 232000081 277104254 36 
2020-12-18T19:37:17 0 0 경기79바1752 4 73 232000081 277101873 37 
2020-12-18T19:38:17 0 0 경기79바1752 4 73 232000081 277101873 37 
2020-12-18T19:39:16 0 0 경기79바1752 4 73 232000081 277101873 37 
2020-12-18T19:40:15 0 0 경기79바1752 4 73 232000081 277101873 37 
2020-12-18T19:41:16 0 0 경기79바1752 4 73 232000081 277101873 37 
2020-12-18T19:42:15 0 0 경기79바1752 4 73 232000081 277101873 37 
2020-12-18T19:43:15 0 0 경기79바1752 4 73 232000081 277101873 37 
2020-12-18T19:44:14 0 0 경기79바1752 4 73 232000081 277101873 37 
2020-12-18T19:45:14 0 0 경기79바1752 4 73 232000081 277101873 37 
2020-12-18T19:46:13 0 0 경기79바1752 4 73 232000081 277101873 37 
2020-12-18T19:47:13 0 0 경기79바1752 4 73 232000081 277101873 37 
2020-12-18T19:48:13 0 0 경기79바1752 4 67 232000081 122000614 38 
2020-12-18T19:49:13 0 0 경기79바1752 4 67 232000081 122000614 38 
2020-12-18T19:50:12 0 0 경기79바1752 4 67 232000081 122000614 38 
2020-12-18T19:51:11 0 0 경기79바1752 4 67 232000081 122000654 39 
2020-12-18T19:52:12 0 0 경기79바1752 4 67 232000081 122000654 39 
2020-12-18T19:53:11 0 0 경기79바1752 4 67 232000081 122000654 39 
2020-12-18T19:54:11 0 0 경기79바1752 4 67 232000081 121000014 40 
2020-12-18T19:55:11 0 0 경기79바1752 4 67 232000081 121000014 40 
2020-12-18T19:56:10 0 0 경기79바1752 4 67 232000081 121000014 40 
2020-12-18T19:57:09 0 0 경기79바1752 4 67 232000081 121000014 40 
2020-12-18T19:58:08 0 0 경기79바1752 4 67 232000081 121000014 40 
2020-12-18T19:59:08 0 0 경기79바1752 4 67 232000081 121000017 41 
2020-12-18T20:00:07 0 0 경기79바1752 4 67 232000081 121000017 41 
2020-12-18T20:01:06 0 0 경기79바1752 4 67 232000081 121000019 42 
2020-12-18T20:02:06 0 0 경기79바1752 4 65 232000081 121000019 42 
2020-12-18T20:03:05 0 0 경기79바1752 4 65 232000081 121000019 42 
2020-12-18T20:04:05 0 0 경기79바1752 4 65 232000081 121000019 42 
2020-12-18T20:05:05 0 0 경기79바1752 4 65 232000081 121000019 42 
2020-12-18T20:06:05 0 0 경기79바1752 4 65 232000081 121000019 42 
2020-12-18T20:07:04 0 0 경기79바1752 4 65 232000081 121000019 42 
2020-12-18T20:08:04 0 0 경기79바1752 4 65 232000081 121000019 42 
2020-12-18T20:09:03 0 0 경기79바1752 4 65 232000081 121000019 42 
2020-12-18T20:10:03 0 0 경기79바1752 4 65 232000081 121000019 42 
2020-12-18T20:11:02 0 0 경기79바1752 4 65 232000081 119000041 43 
2020-12-18T20:12:02 0 0 경기79바1752 4 65 232000081 119000041 43 
2020-12-18T20:13:01 0 0 경기79바1752 4 65 232000081 119000041 43 
2020-12-18T20:14:01 0 0 경기79바1752 4 65 232000081 119000041 43 
2020-12-18T20:15:00 0 0 경기79바1752 4 65 232000081 119000041 43 
2020-12-18T20:16:00 0 0 경기79바1752 4 64 232000081 119000034 44 
2020-12-18T20:17:00 0 0 경기79바1752 4 64 232000081 119000034 44 
2020-12-18T20:18:00 0 0 경기79바1752 4 64 232000081 119000034 44 
2020-12-18T20:18:59 0 0 경기79바1752 4 64 232000081 119000034 44 
2020-12-18T20:19:59 0 0 경기79바1752 4 64 232000081 119000034 44 
2020-12-18T20:20:59 0 0 경기79바1752 4 64 232000081 277103859 45 
2020-12-18T20:21:59 0 0 경기79바1752 4 64 232000081 277103859 45 
2020-12-18T20:22:58 0 0 경기79바1752 4 64 232000081 277103859 45 
2020-12-18T20:23:58 0 0 경기79바1752 4 64 232000081 277100138 46 
2020-12-18T20:24:57 0 0 경기79바1752 4 64 232000081 277103411 47 
2020-12-18T20:25:57 0 0 경기79바1752 4 64 232000081 277103411 47 
2020-12-18T20:26:57 0 0 경기79바1752 4 64 232000081 277103411 47 
2020-12-18T20:27:56 0 0 경기79바1752 4 64 232000081 277103411 47 
2020-12-18T20:28:56 0 0 경기79바1752 4 64 232000081 277103407 48 
2020-12-18T20:29:55 0 0 경기79바1752 4 64 232000081 277103407 48 
2020-12-18T20:30:55 0 0 경기79바1752 4 64 232000081 277103407 48 
2020-12-18T20:31:54 0 0 경기79바1752 4 64 232000081 277103405 49 
2020-12-18T20:32:54 0 0 경기79바1752 4 64 232000081 277103405 49 
2020-12-18T20:33:53 0 0 경기79바1752 4 64 232000081 277103405 49 
2020-12-18T20:34:53 0 0 경기79바1752 4 64 232000081 277103405 49 
2020-12-18T20:35:53 0 0 경기79바1752 4 64 232000081 277103405 49 
2020-12-18T20:36:53 0 0 경기79바1752 4 64 232000081 277103405 49 
2020-12-18T20:37:52 0 0 경기79바1752 4 64 232000081 277103402 50 
2020-12-18T20:38:52 0 0 경기79바1752 4 64 232000081 277103402 50 
2020-12-18T20:39:51 0 0 경기79바1752 4 64 232000081 277103402 50 
2020-12-18T20:40:51 0 0 경기79바1752 4 64 232000081 277103401 51 
2020-12-18T20:41:51 0 0 경기79바1752 4 64 232000081 277103401 51 
2020-12-18T20:42:50 0 0 경기79바1752 4 64 232000081 277103401 51 
2020-12-18T20:43:50 0 0 경기79바1752 4 64 232000081 277102738 52 
2020-12-18T20:44:49 0 0 경기79바1752 4 64 232000081 277102738 52 
2020-12-18T20:45:49 0 0 경기79바1752 4 64 232000081 277102738 52 
2020-12-18T20:46:49 0 0 경기79바1752 4 64 232000081 277102738 52 
2020-12-18T20:47:48 0 0 경기79바1752 4 64 232000081 277102738 52 
2020-12-18T20:48:48 0 0 경기79바1752 4 64 232000081 277102736 53 
2020-12-18T20:49:48 0 0 경기79바1752 4 64 232000081 277102736 53 
2020-12-18T20:50:47 0 0 경기79바1752 4 64 232000081 277102736 53 
2020-12-18T20:51:46 0 0 경기79바1752 4 64 232000081 277102736 53 
2020-12-18T20:52:46 0 0 경기79바1752 4 64 232000081 277102736 53 
2020-12-18T20:53:46 0 0 경기79바1752 4 64 232000081 277102736 53 
2020-12-18T20:54:45 0 0 경기79바1752 4 66 232000081 232000726 54 
2020-12-18T20:55:44 0 0 경기79바1752 4 66 232000081 232000759 55 
2020-12-18T20:56:44 0 0 경기79바1752 4 66 232000081 232000759 55 
2020-12-18T20:57:44 0 0 경기79바1752 4 66 232000081 232000759 55 
2020-12-18T20:58:43 0 0 경기79바1752 4 66 232000081 232000544 56 
2020-12-18T20:59:43 0 0 경기79바1752 4 66 232000081 232000544 56 
2020-12-18T21:00:43 0 0 경기79바1752 4 66 232000081 232000544 56 
2020-12-18T21:01:43 0 0 경기79바1752 4 66 232000081 232000544 56 
2020-12-18T21:02:42 0 0 경기79바1752 4 66 232000081 232000554 57 
2020-12-18T21:03:42 0 0 경기79바1752 4 68 232000081 232000550 58 
2020-12-18T21:04:43 0 0 경기79바1752 4 69 232000081 232000546 59 
2020-12-18T21:05:42 0 0 경기79바1752 4 69 232000081 232000546 59 
2020-12-18T21:06:42 0 0 경기79바1752 4 69 232000081 232000546 59 
2020-12-18T21:07:42 0 0 경기79바1752 4 69 232000081 232000781 60 
2020-12-18T21:08:42 0 0 경기79바1752 4 69 232000081 232000706 62 
2020-12-18T21:09:41 0 0 경기79바1752 4 69 232000081 232000706 62 
2020-12-18T21:10:41 0 0 경기79바1752 4 72 232000081 232000724 63 
2020-12-18T21:11:41 0 0 경기79바1752 4 72 232000081 232000724 63 
2020-12-18T21:12:40 0 0 경기79바1752 4 72 232000081 232000724 63 
2020-12-18T21:13:39 0 0 경기79바1752 4 73 232000081 232000705 64 
2020-12-18T21:14:40 0 0 경기79바1752 4 73 232000081 232000705 64 
2020-12-18T21:15:39 0 0 경기79바1752 4 73 232000081 232000705 64 
2020-12-18T21:16:38 0 0 경기79바1752 4 73 232000081 232000705 64 
2020-12-18T21:17:38 0 0 경기79바1752 4 73 232000081 232000705 64 
2020-12-18T21:18:38 0 0 경기79바1752 4 73 232000081 232000705 64 
2020-12-18T21:19:38 0 0 경기79바1752 4 73 232000081 232000705 64 
2020-12-18T21:20:37 0 0 경기79바1752 4 73 232000081 232000705 64 
2020-12-18T21:21:36 0 0 경기79바1752 4 73 232000081 232000705 64 
2020-12-18T21:22:36 0 0 경기79바1752 4 73 232000081 232000705 64 
2020-12-18T21:23:36 0 0 경기79바1752 4 73 232000081 232000705 64 
2020-12-18T21:24:35 0 0 경기79바1752 4 73 232000081 232000705 64 
2020-12-18T21:25:34 0 0 경기79바1752 4 73 232000081 232000705 64 
2020-12-18T21:26:34 0 0 경기79바1752 4 73 232000081 232000705 64 
2020-12-18T21:27:34 0 0 경기79바1752 4 73 232000081 232000705 64 
2020-12-18T21:28:34 0 0 경기79바1752 4 73 232000081 232000705 64 
2020-12-18T22:03:19 0 0 경기79바1752 4 73 232000081 232000704 3 
2020-12-18T22:04:18 0 0 경기79바1752 4 73 232000081 232000725 4 
2020-12-18T22:05:19 0 0 경기79바1752 4 73 232000081 232000707 5 
2020-12-18T22:06:18 0 0 경기79바1752 4 73 232000081 232000777 8 
2020-12-18T22:07:18 0 0 경기79바1752 4 73 232000081 232000777 8 
2020-12-18T22:08:17 0 0 경기79바1752 4 73 232000081 232000777 8 
2020-12-18T22:09:17 0 0 경기79바1752 4 73 232000081 232000777 8 
2020-12-18T22:10:16 0 0 경기79바1752 4 73 232000081 232000777 8 
2020-12-18T22:11:16 0 0 경기79바1752 4 73 232000081 232000545 9 
2020-12-18T22:12:16 0 0 경기79바1752 4 73 232000081 232000545 9 
2020-12-18T22:13:15 0 0 경기79바1752 4 73 232000081 232000549 10 
2020-12-18T22:14:15 0 0 경기79바1752 4 73 232000081 232000549 10 
2020-12-18T22:15:15 0 0 경기79바1752 4 73 232000081 232000553 11 
2020-12-18T22:16:15 0 0 경기79바1752 4 73 232000081 232000553 11 
2020-12-18T22:17:15 0 0 경기79바1752 4 73 232000081 232000553 11 
2020-12-18T22:18:14 0 0 경기79바1752 4 72 232000081 232000543 12 
2020-12-18T22:19:14 0 0 경기79바1752 4 72 232000081 232000543 12 
2020-12-18T22:20:14 0 0 경기79바1752 4 72 232000081 232000543 12 
2020-12-18T22:21:14 0 0 경기79바1752 4 72 232000081 232000758 13 
2020-12-18T22:22:13 0 0 경기79바1752 4 72 232000081 232000758 13 
2020-12-18T22:23:13 0 0 경기79바1752 4 72 232000081 232000758 13 
2020-12-18T22:24:13 0 0 경기79바1752 4 72 232000081 232000727 14 
2020-12-18T22:25:12 0 0 경기79바1752 4 72 232000081 232000727 14 
2020-12-18T22:26:12 0 0 경기79바1752 4 72 232000081 277102331 15 
2020-12-18T22:27:12 0 0 경기79바1752 4 72 232000081 277102331 15 
2020-12-18T22:28:12 0 0 경기79바1752 4 72 232000081 277102735 16 
2020-12-18T22:29:10 0 0 경기79바1752 4 72 232000081 277102735 16 
2020-12-18T22:30:10 0 0 경기79바1752 4 72 232000081 277102735 16 
2020-12-18T22:31:10 0 0 경기79바1752 4 72 232000081 277102735 16 
2020-12-18T22:32:09 0 0 경기79바1752 4 72 232000081 277102737 17 
2020-12-18T22:33:08 0 0 경기79바1752 4 72 232000081 277102737 17 
2020-12-18T22:34:08 0 0 경기79바1752 4 72 232000081 277102737 17 
2020-12-18T22:35:07 0 0 경기79바1752 4 72 232000081 277101769 18 
2020-12-18T22:36:07 0 0 경기79바1752 4 72 232000081 277101769 18 
2020-12-18T22:37:07 0 0 경기79바1752 4 72 232000081 277101769 18 
2020-12-18T22:38:07 0 0 경기79바1752 4 72 232000081 277101769 18 
2020-12-18T22:39:07 0 0 경기79바1752 4 72 232000081 277103403 19 
2020-12-18T22:40:07 0 0 경기79바1752 4 72 232000081 277103403 19 
2020-12-18T22:41:06 0 0 경기79바1752 4 72 232000081 277103404 20 
2020-12-18T22:42:05 0 0 경기79바1752 4 72 232000081 277103406 21 
2020-12-18T22:43:05 0 0 경기79바1752 4 72 232000081 277103410 22 
2020-12-18T22:44:04 0 0 경기79바1752 4 72 232000081 277102324 23 
2020-12-18T22:45:04 0 0 경기79바1752 4 72 232000081 277102324 23 
2020-12-18T22:46:04 0 0 경기79바1752 4 72 232000081 277103895 24 
2020-12-18T22:47:03 0 0 경기79바1752 4 72 232000081 277103895 24 
2020-12-18T22:48:03 0 0 경기79바1752 4 72 232000081 277103895 24 
2020-12-18T22:49:03 0 0 경기79바1752 4 72 232000081 119000033 25 
2020-12-18T22:50:02 0 0 경기79바1752 4 72 232000081 119000033 25 
2020-12-18T22:51:02 0 0 경기79바1752 4 72 232000081 119000040 26 
2020-12-18T22:52:01 0 0 경기79바1752 4 72 232000081 119000040 26 
2020-12-18T22:53:01 0 0 경기79바1752 4 72 232000081 119000040 26 
2020-12-18T22:54:00 0 0 경기79바1752 4 72 232000081 119000040 26 
2020-12-18T22:55:00 0 0 경기79바1752 4 72 232000081 121000020 27 
2020-12-18T22:55:59 0 0 경기79바1752 4 72 232000081 121000018 28 
2020-12-18T22:56:58 0 0 경기79바1752 4 72 232000081 121000018 28 
2020-12-18T22:57:58 0 0 경기79바1752 4 73 232000081 121000013 29 
2020-12-18T22:58:57 0 0 경기79바1752 4 73 232000081 121000013 29 
2020-12-18T22:59:57 0 0 경기79바1752 4 73 232000081 121000013 29 
2020-12-18T23:00:56 0 0 경기79바1752 4 73 232000081 121000011 30 
2020-12-18T23:01:56 0 0 경기79바1752 4 73 232000081 121000011 30 
2020-12-18T23:02:56 0 0 경기79바1752 4 73 232000081 121000009 31 
2020-12-18T23:03:55 0 0 경기79바1752 4 73 232000081 121000009 31 
2020-12-18T23:04:54 0 0 경기79바1752 4 73 232000081 121000009 31 
2020-12-18T23:05:54 0 0 경기79바1752 4 73 232000081 277101873 37 
2020-12-18T23:06:54 0 0 경기79바1752 4 73 232000081 277101873 37 
2020-12-18T23:07:53 0 0 경기79바1752 4 73 232000081 277101873 37 
2020-12-18T23:08:53 0 0 경기79바1752 4 73 232000081 122000614 38 
2020-12-18T23:09:53 0 0 경기79바1752 4 72 232000081 122000614 38 
2020-12-18T23:10:52 0 0 경기79바1752 4 72 232000081 122000614 38 
2020-12-18T23:11:52 0 0 경기79바1752 4 72 232000081 122000614 38 
2020-12-18T23:12:51 0 0 경기79바1752 4 72 232000081 122000614 38 
2020-12-18T23:13:51 0 0 경기79바1752 4 72 232000081 122000654 39 
2020-12-18T23:14:50 0 0 경기79바1752 4 72 232000081 122000654 39 
2020-12-18T23:15:50 0 0 경기79바1752 4 71 232000081 121000014 40 
2020-12-18T23:16:49 0 0 경기79바1752 4 71 232000081 121000014 40 
2020-12-18T23:17:48 0 0 경기79바1752 4 71 232000081 121000014 40 
2020-12-18T23:18:48 0 0 경기79바1752 4 71 232000081 121000014 40 
2020-12-18T23:19:48 0 0 경기79바1752 4 71 232000081 121000014 40 
2020-12-18T23:20:47 0 0 경기79바1752 4 70 232000081 121000017 41 
2020-12-18T23:21:47 0 0 경기79바1752 4 70 232000081 121000017 41 
2020-12-18T23:22:47 0 0 경기79바1752 4 71 232000081 121000019 42 
2020-12-18T23:23:46 0 0 경기79바1752 4 71 232000081 121000019 42 
2020-12-18T23:24:46 0 0 경기79바1752 4 71 232000081 121000019 42 
2020-12-18T23:25:45 0 0 경기79바1752 4 71 232000081 121000019 42 
2020-12-18T23:26:44 0 0 경기79바1752 4 71 232000081 121000019 42 
2020-12-18T23:27:44 0 0 경기79바1752 4 71 232000081 121000019 42 
2020-12-18T23:28:44 0 0 경기79바1752 4 71 232000081 121000019 42 
2020-12-18T23:29:43 0 0 경기79바1752 4 71 232000081 121000019 42 
2020-12-18T23:30:42 0 0 경기79바1752 4 71 232000081 119000041 43 
2020-12-18T23:31:42 0 0 경기79바1752 4 71 232000081 119000034 44 
2020-12-18T23:32:42 0 0 경기79바1752 4 71 232000081 119000034 44 
2020-12-18T23:33:42 0 0 경기79바1752 4 71 232000081 119000034 44 
2020-12-18T23:34:41 0 0 경기79바1752 4 71 232000081 277103859 45 
2020-12-18T23:35:40 0 0 경기79바1752 4 71 232000081 277103859 45 
2020-12-18T23:36:39 0 0 경기79바1752 4 71 232000081 277100138 46 
2020-12-18T23:37:39 0 0 경기79바1752 4 71 232000081 277103411 47 
2020-12-18T23:38:39 0 0 경기79바1752 4 71 232000081 277103407 48 
2020-12-18T23:39:38 0 0 경기79바1752 4 71 232000081 277103405 49 
2020-12-18T23:40:38 0 0 경기79바1752 4 71 232000081 277103405 49 
2020-12-18T23:41:37 0 0 경기79바1752 4 71 232000081 277103405 49 
2020-12-18T23:42:37 0 0 경기79바1752 4 71 232000081 277103402 50 
2020-12-18T23:43:36 0 0 경기79바1752 4 71 232000081 277103402 50 
2020-12-18T23:44:36 0 0 경기79바1752 4 71 232000081 277103402 50 
2020-12-18T23:45:35 0 0 경기79바1752 4 71 232000081 277103401 51 
2020-12-18T23:46:35 0 0 경기79바1752 4 71 232000081 277103401 51 
2020-12-18T23:47:34 0 0 경기79바1752 4 71 232000081 277103401 51 
2020-12-18T23:48:34 0 0 경기79바1752 4 71 232000081 277102738 52 
2020-12-18T23:49:33 0 0 경기79바1752 4 71 232000081 277102738 52 
2020-12-18T23:50:32 0 0 경기79바1752 4 71 232000081 277102738 52 
2020-12-18T23:51:32 0 0 경기79바1752 4 71 232000081 277102738 52 
2020-12-18T23:52:32 0 0 경기79바1752 4 71 232000081 277102736 53 
2020-12-18T23:53:31 0 0 경기79바1752 4 71 232000081 277102736 53 
2020-12-18T23:54:31 0 0 경기79바1752 4 71 232000081 277102736 53 
2020-12-18T23:55:30 0 0 경기79바1752 4 71 232000081 277102736 53 
2020-12-18T23:56:29 0 0 경기79바1752 4 71 232000081 277102736 53 
2020-12-18T23:57:28 0 0 경기79바1752 4 71 232000081 277102736 53 
2020-12-18T23:58:29 0 0 경기79바1752 4 71 232000081 232000759 55 
2020-12-18T23:59:28 0 0 경기79바1752 4 73 232000081 232000759 55 
2020-12-19T00:00:27 0 0 경기79바1752 4 73 232000081 232000759 55 
2020-12-19T00:01:26 0 0 경기79바1752 4 73 232000081 232000759 55 
2020-12-19T00:02:26 0 0 경기79바1752 4 73 232000081 232000544 56 
2020-12-19T00:03:25 0 0 경기79바1752 4 73 232000081 232000544 56 
2020-12-19T00:04:24 0 0 경기79바1752 4 73 232000081 232000544 56 
2020-12-19T00:05:23 0 0 경기79바1752 4 73 232000081 232000554 57 
2020-12-19T00:06:24 0 0 경기79바1752 4 73 232000081 232000554 57 
2020-12-19T00:07:24 0 0 경기79바1752 4 73 232000081 232000554 57 
2020-12-19T00:08:23 0 0 경기79바1752 4 73 232000081 232000550 58 
2020-12-19T00:09:22 0 0 경기79바1752 4 73 232000081 232000546 59 
2020-12-19T00:10:22 0 0 경기79바1752 4 73 232000081 232000546 59 
2020-12-19T00:11:21 0 0 경기79바1752 4 73 232000081 232000742 61 
2020-12-19T00:12:21 0 0 경기79바1752 4 73 232000081 232000742 61 
2020-12-19T00:13:19 0 0 경기79바1752 4 73 232000081 232000724 63 
2020-12-19T00:14:19 0 0 경기79바1752 4 73 232000081 232000705 64 
2020-12-19T00:15:18 0 0 경기79바1752 4 73 232000081 232000705 64 
2020-12-19T00:16:18 0 0 경기79바1752 4 73 232000081 232000705 64 
2020-12-19T00:17:17 0 0 경기79바1752 4 73 232000081 232000705 64 
2020-12-19T00:18:17 0 0 경기79바1752 4 73 232000081 232000705 64 
2020-12-19T00:19:16 0 0 경기79바1752 4 73 232000081 232000705 64 
2020-12-19T00:20:15 0 0 경기79바1752 4 73 232000081 232000705 64 
2020-12-19T00:21:14 0 0 경기79바1752 4 73 232000081 232000705 64 
2020-12-19T00:22:14 0 0 경기79바1752 4 73 232000081 232000705 64 
2020-12-19T00:23:13 0 0 경기79바1752 4 73 232000081 232000705 64 
2020-12-19T00:24:13 0 0 경기79바1752 4 73 232000081 232000705 64 
2020-12-19T00:25:13 0 0 경기79바1752 4 73 232000081 232000705 64 
2020-12-19T00:26:12 0 0 경기79바1752 4 73 232000081 232000705 64 
2020-12-19T00:27:16 0 0 경기79바1752 4 73 232000081 232000705 64 
2020-12-19T00:28:11 0 0 경기79바1752 4 73 232000081 232000705 64 
2020-12-19T00:29:11 0 0 경기79바1752 4 73 232000081 232000705 64 
2020-12-19T00:30:10 0 0 경기79바1752 4 73 232000081 232000705 64 
