232000081 2020-12-22T00:58:38.999289+09:00
2020-12-22T06:25:43 0 0 경기79바1752 4 73 232000081 277102391 2 
2020-12-22T06:26:43 0 0 경기79바1752 4 73 232000081 232000704 3 
2020-12-22T06:27:43 0 0 경기79바1752 4 73 232000081 232000704 3 
2020-12-22T06:28:42 0 0 경기79바1752 4 73 232000081 232000725 4 
2020-12-22T06:29:42 0 0 경기79바1752 4 73 232000081 277102614 6 
2020-12-22T06:30:42 0 0 경기79바1752 4 73 232000081 232000777 8 
2020-12-22T06:31:41 0 0 경기79바1752 4 73 232000081 232000777 8 
2020-12-22T06:32:41 0 0 경기79바1752 4 73 232000081 232000777 8 
2020-12-22T06:33:41 0 0 경기79바1752 4 73 232000081 232000777 8 
2020-12-22T06:34:40 0 0 경기79바1752 4 73 232000081 232000777 8 
2020-12-22T06:35:40 0 0 경기79바1752 4 73 232000081 232000545 9 
2020-12-22T06:36:40 0 0 경기79바1752 4 73 232000081 232000545 9 
2020-12-22T06:37:40 0 0 경기79바1752 4 73 232000081 232000553 11 
2020-12-22T06:38:39 0 0 경기79바1752 4 73 232000081 232000543 12 
2020-12-22T06:39:39 0 0 경기79바1752 4 73 232000081 232000543 12 
2020-12-22T06:40:38 0 0 경기79바1752 4 73 232000081 232000543 12 
2020-12-22T06:41:38 0 0 경기79바1752 4 72 232000081 232000758 13 
2020-12-22T06:42:38 0 0 경기79바1752 4 72 232000081 232000758 13 
2020-12-22T06:43:37 0 0 경기79바1752 4 72 232000081 232000758 13 
2020-12-22T06:44:36 0 0 경기79바1752 4 70 232000081 232000727 14 
2020-12-22T06:45:37 0 0 경기79바1752 4 70 232000081 232000727 14 
2020-12-22T06:46:36 0 0 경기79바1752 4 70 232000081 277102331 15 
2020-12-22T06:47:36 0 0 경기79바1752 4 70 232000081 277102331 15 
2020-12-22T06:48:34 0 0 경기79바1752 4 70 232000081 277102735 16 
2020-12-22T06:49:35 0 0 경기79바1752 4 70 232000081 277102735 16 
2020-12-22T06:50:34 0 0 경기79바1752 4 70 232000081 277102735 16 
2020-12-22T06:51:34 0 0 경기79바1752 4 70 232000081 277102735 16 
2020-12-22T06:52:34 0 0 경기79바1752 4 70 232000081 277102735 16 
2020-12-22T06:53:33 0 0 경기79바1752 4 70 232000081 277102737 17 
2020-12-22T06:54:33 0 0 경기79바1752 4 70 232000081 277102737 17 
2020-12-22T06:55:32 0 0 경기79바1752 4 70 232000081 277102737 17 
2020-12-22T06:56:31 0 0 경기79바1752 4 70 232000081 277101769 18 
2020-12-22T06:57:30 0 0 경기79바1752 4 70 232000081 277101769 18 
2020-12-22T06:58:30 0 0 경기79바1752 4 70 232000081 277101769 18 
2020-12-22T06:59:30 0 0 경기79바1752 4 70 232000081 277101769 18 
2020-12-22T07:00:29 0 0 경기79바1752 4 70 232000081 277101769 18 
2020-12-22T07:01:29 0 0 경기79바1752 4 70 232000081 277101769 18 
2020-12-22T07:02:28 0 0 경기79바1752 4 70 232000081 277101769 18 
2020-12-22T07:03:28 0 0 경기79바1752 4 70 232000081 277101769 18 
2020-12-22T07:04:27 0 0 경기79바1752 4 70 232000081 277101769 18 
2020-12-22T07:05:27 0 0 경기79바1752 4 70 232000081 277101769 18 
2020-12-22T07:06:26 0 0 경기79바1752 4 70 232000081 277101769 18 
2020-12-22T07:07:26 0 0 경기79바1752 4 70 232000081 277103403 19 
2020-12-22T07:08:25 0 0 경기79바1752 4 70 232000081 277103403 19 
2020-12-22T07:09:25 0 0 경기79바1752 4 70 232000081 277103403 19 
2020-12-22T07:10:25 0 0 경기79바1752 4 70 232000081 277103403 19 
2020-12-22T07:11:24 0 0 경기79바1752 4 70 232000081 277103404 20 
2020-12-22T07:12:24 0 0 경기79바1752 4 70 232000081 277103404 20 
2020-12-22T07:13:24 0 0 경기79바1752 4 70 232000081 277103406 21 
2020-12-22T07:14:23 0 0 경기79바1752 4 70 232000081 277103410 22 
2020-12-22T07:15:22 0 0 경기79바1752 4 70 232000081 277103410 22 
2020-12-22T07:16:21 0 0 경기79바1752 4 70 232000081 277103410 22 
2020-12-22T07:17:21 0 0 경기79바1752 4 70 232000081 277102324 23 
2020-12-22T07:18:21 0 0 경기79바1752 4 70 232000081 277102324 23 
2020-12-22T07:19:19 0 0 경기79바1752 4 70 232000081 277102324 23 
2020-12-22T07:20:20 0 0 경기79바1752 4 70 232000081 277102324 23 
2020-12-22T07:21:19 0 0 경기79바1752 4 70 232000081 277102324 23 
2020-12-22T07:22:19 0 0 경기79바1752 4 70 232000081 277103895 24 
2020-12-22T07:23:18 0 0 경기79바1752 4 70 232000081 277103895 24 
2020-12-22T07:24:18 0 0 경기79바1752 4 70 232000081 277103895 24 
2020-12-22T07:25:17 0 0 경기79바1752 4 70 232000081 277103895 24 
2020-12-22T07:26:16 0 0 경기79바1752 4 70 232000081 277103895 24 
2020-12-22T07:27:15 0 0 경기79바1752 4 71 232000081 277103895 24 
2020-12-22T07:28:14 0 0 경기79바1752 4 71 232000081 119000033 25 
2020-12-22T07:29:14 0 0 경기79바1752 4 71 232000081 119000033 25 
2020-12-22T07:30:14 0 0 경기79바1752 4 71 232000081 119000033 25 
2020-12-22T07:31:13 0 0 경기79바1752 4 71 232000081 119000033 25 
2020-12-22T07:32:12 0 0 경기79바1752 4 71 232000081 119000040 26 
2020-12-22T07:33:12 0 0 경기79바1752 4 71 232000081 119000040 26 
2020-12-22T07:34:11 0 0 경기79바1752 4 71 232000081 119000040 26 
2020-12-22T07:35:11 0 0 경기79바1752 4 71 232000081 119000040 26 
2020-12-22T07:36:11 0 0 경기79바1752 4 71 232000081 119000040 26 
2020-12-22T07:37:10 0 0 경기79바1752 4 71 232000081 119000040 26 
2020-12-22T07:38:09 0 0 경기79바1752 4 71 232000081 121000020 27 
2020-12-22T07:39:09 0 0 경기79바1752 4 72 232000081 121000020 27 
2020-12-22T07:40:07 0 0 경기79바1752 4 72 232000081 121000020 27 
2020-12-22T07:41:07 0 0 경기79바1752 4 72 232000081 121000020 27 
2020-12-22T07:42:06 0 0 경기79바1752 4 72 232000081 121000018 28 
2020-12-22T07:43:05 0 0 경기79바1752 4 73 232000081 121000018 28 
2020-12-22T07:44:05 0 0 경기79바1752 4 73 232000081 121000018 28 
2020-12-22T07:45:04 0 0 경기79바1752 4 73 232000081 121000018 28 
2020-12-22T07:46:04 0 0 경기79바1752 4 73 232000081 121000013 29 
2020-12-22T07:47:03 0 0 경기79바1752 4 73 232000081 121000013 29 
2020-12-22T07:48:02 0 0 경기79바1752 4 73 232000081 121000011 30 
2020-12-22T07:49:01 0 0 경기79바1752 4 73 232000081 121000011 30 
2020-12-22T07:50:01 0 0 경기79바1752 4 73 232000081 121000011 30 
2020-12-22T07:51:00 0 0 경기79바1752 4 73 232000081 121000009 31 
2020-12-22T07:52:00 0 0 경기79바1752 4 73 232000081 121000009 31 
2020-12-22T07:52:59 0 0 경기79바1752 4 73 232000081 121000009 31 
2020-12-22T07:53:59 0 0 경기79바1752 4 73 232000081 121000009 31 
2020-12-22T07:54:58 0 0 경기79바1752 4 73 232000081 121000009 31 
2020-12-22T07:55:57 0 0 경기79바1752 4 73 232000081 121000009 31 
2020-12-22T07:56:56 0 0 경기79바1752 4 73 232000081 121000009 31 
2020-12-22T07:57:56 0 0 경기79바1752 4 73 232000081 277101860 32 
2020-12-22T07:58:55 0 0 경기79바1752 4 73 232000081 277104255 33 
2020-12-22T07:59:54 0 0 경기79바1752 4 73 232000081 277101752 34 
2020-12-22T08:00:53 0 0 경기79바1752 4 73 232000081 277104253 35 
2020-12-22T08:01:53 0 0 경기79바1752 4 73 232000081 277104253 35 
2020-12-22T08:02:53 0 0 경기79바1752 4 73 232000081 277101873 37 
2020-12-22T08:03:52 0 0 경기79바1752 4 73 232000081 277101873 37 
2020-12-22T08:04:51 0 0 경기79바1752 4 73 232000081 277101873 37 
2020-12-22T08:05:50 0 0 경기79바1752 4 73 232000081 122000614 38 
2020-12-22T08:06:50 0 0 경기79바1752 4 73 232000081 122000614 38 
2020-12-22T08:07:49 0 0 경기79바1752 4 73 232000081 122000654 39 
2020-12-22T08:08:48 0 0 경기79바1752 4 73 232000081 122000654 39 
2020-12-22T08:09:47 0 0 경기79바1752 4 73 232000081 121000014 40 
2020-12-22T08:10:47 0 0 경기79바1752 4 73 232000081 121000014 40 
2020-12-22T08:11:47 0 0 경기79바1752 4 73 232000081 121000014 40 
2020-12-22T08:12:46 0 0 경기79바1752 4 72 232000081 121000017 41 
2020-12-22T08:13:45 0 0 경기79바1752 4 72 232000081 121000017 41 
2020-12-22T08:14:45 0 0 경기79바1752 4 72 232000081 121000017 41 
2020-12-22T08:15:45 0 0 경기79바1752 4 72 232000081 121000019 42 
2020-12-22T08:16:44 0 0 경기79바1752 4 70 232000081 121000019 42 
2020-12-22T08:17:43 0 0 경기79바1752 4 70 232000081 121000019 42 
2020-12-22T08:18:42 0 0 경기79바1752 4 70 232000081 121000019 42 
2020-12-22T08:19:41 0 0 경기79바1752 4 70 232000081 121000019 42 
2020-12-22T08:20:40 0 0 경기79바1752 4 70 232000081 121000019 42 
2020-12-22T08:21:40 0 0 경기79바1752 4 70 232000081 121000019 42 
2020-12-22T08:22:40 0 0 경기79바1752 4 70 232000081 121000019 42 
2020-12-22T08:23:39 0 0 경기79바1752 4 70 232000081 121000019 42 
2020-12-22T08:24:39 0 0 경기79바1752 4 70 232000081 121000019 42 
2020-12-22T08:25:38 0 0 경기79바1752 4 70 232000081 119000041 43 
2020-12-22T08:26:37 0 0 경기79바1752 4 70 232000081 119000041 43 
2020-12-22T08:27:37 0 0 경기79바1752 4 70 232000081 119000041 43 
2020-12-22T08:28:36 0 0 경기79바1752 4 70 232000081 119000041 43 
2020-12-22T08:29:35 0 0 경기79바1752 4 70 232000081 119000034 44 
2020-12-22T08:30:36 0 0 경기79바1752 4 70 232000081 119000034 44 
2020-12-22T08:31:35 0 0 경기79바1752 4 70 232000081 119000034 44 
2020-12-22T08:32:34 0 0 경기79바1752 4 70 232000081 277103859 45 
2020-12-22T08:33:34 0 0 경기79바1752 4 70 232000081 277103859 45 
2020-12-22T08:34:33 0 0 경기79바1752 4 70 232000081 277103859 45 
2020-12-22T08:35:32 0 0 경기79바1752 4 70 232000081 277100138 46 
2020-12-22T08:36:32 0 0 경기79바1752 4 70 232000081 277103411 47 
2020-12-22T08:37:32 0 0 경기79바1752 4 70 232000081 277103411 47 
2020-12-22T08:38:31 0 0 경기79바1752 4 70 232000081 277103407 48 
2020-12-22T08:39:31 0 0 경기79바1752 4 70 232000081 277103407 48 
2020-12-22T08:40:31 0 0 경기79바1752 4 70 232000081 277103405 49 
2020-12-22T08:41:30 0 0 경기79바1752 4 70 232000081 277103405 49 
2020-12-22T08:42:30 0 0 경기79바1752 4 70 232000081 277103402 50 
2020-12-22T08:43:29 0 0 경기79바1752 4 70 232000081 277103402 50 
2020-12-22T08:44:28 0 0 경기79바1752 4 70 232000081 277103402 50 
2020-12-22T08:45:27 0 0 경기79바1752 4 70 232000081 277103402 50 
2020-12-22T08:46:28 0 0 경기79바1752 4 70 232000081 277103401 51 
2020-12-22T08:47:27 0 0 경기79바1752 4 70 232000081 277103401 51 
2020-12-22T08:48:26 0 0 경기79바1752 4 70 232000081 277103401 51 
2020-12-22T08:49:25 0 0 경기79바1752 4 70 232000081 277102738 52 
2020-12-22T08:50:24 0 0 경기79바1752 4 70 232000081 277102738 52 
2020-12-22T08:51:23 0 0 경기79바1752 4 70 232000081 277102738 52 
2020-12-22T08:52:22 0 0 경기79바1752 4 70 232000081 277102738 52 
2020-12-22T08:53:21 0 0 경기79바1752 4 70 232000081 277102736 53 
2020-12-22T08:54:22 0 0 경기79바1752 4 70 232000081 277102736 53 
2020-12-22T08:55:21 0 0 경기79바1752 4 70 232000081 277102736 53 
2020-12-22T08:56:21 0 0 경기79바1752 4 70 232000081 277102736 53 
2020-12-22T08:57:20 0 0 경기79바1752 4 70 232000081 277102736 53 
2020-12-22T08:58:19 0 0 경기79바1752 4 70 232000081 232000726 54 
2020-12-22T08:59:18 0 0 경기79바1752 4 70 232000081 232000759 55 
2020-12-22T09:00:18 0 0 경기79바1752 4 70 232000081 232000759 55 
2020-12-22T09:01:17 0 0 경기79바1752 4 70 232000081 232000759 55 
2020-12-22T09:02:16 0 0 경기79바1752 4 70 232000081 232000544 56 
2020-12-22T09:03:16 0 0 경기79바1752 4 70 232000081 232000544 56 
2020-12-22T09:04:15 0 0 경기79바1752 4 70 232000081 232000544 56 
2020-12-22T09:05:14 0 0 경기79바1752 4 70 232000081 232000544 56 
2020-12-22T09:06:13 0 0 경기79바1752 4 70 232000081 232000554 57 
2020-12-22T09:07:12 0 0 경기79바1752 4 70 232000081 232000554 57 
2020-12-22T09:08:12 0 0 경기79바1752 4 70 232000081 232000550 58 
2020-12-22T09:09:12 0 0 경기79바1752 4 70 232000081 232000546 59 
2020-12-22T09:10:11 0 0 경기79바1752 4 70 232000081 232000546 59 
2020-12-22T09:11:10 0 0 경기79바1752 4 70 232000081 232000546 59 
2020-12-22T09:12:10 0 0 경기79바1752 4 70 232000081 232000742 61 
2020-12-22T09:13:09 0 0 경기79바1752 4 71 232000081 232000706 62 
2020-12-22T09:14:09 0 0 경기79바1752 4 71 232000081 232000724 63 
2020-12-22T09:15:08 0 0 경기79바1752 4 71 232000081 232000724 63 
2020-12-22T09:16:08 0 0 경기79바1752 4 71 232000081 232000724 63 
2020-12-22T09:17:07 0 0 경기79바1752 4 71 232000081 232000705 64 
2020-12-22T09:18:07 0 0 경기79바1752 4 71 232000081 232000705 64 
2020-12-22T09:19:06 0 0 경기79바1752 4 71 232000081 232000705 64 
2020-12-22T09:20:06 0 0 경기79바1752 4 71 232000081 232000705 64 
2020-12-22T09:21:05 0 0 경기79바1752 4 71 232000081 232000705 64 
2020-12-22T09:22:05 0 0 경기79바1752 4 71 232000081 232000705 64 
2020-12-22T09:23:04 0 0 경기79바1752 4 71 232000081 232000705 64 
2020-12-22T09:24:05 0 0 경기79바1752 4 71 232000081 232000705 64 
2020-12-22T09:25:04 0 0 경기79바1752 4 71 232000081 232000705 64 
2020-12-22T09:26:04 0 0 경기79바1752 4 71 232000081 232000705 64 
2020-12-22T09:27:03 0 0 경기79바1752 4 71 232000081 232000705 64 
2020-12-22T09:28:03 0 0 경기79바1752 4 71 232000081 232000705 64 
2020-12-22T09:29:03 0 0 경기79바1752 4 71 232000081 232000705 64 
2020-12-22T09:30:02 0 0 경기79바1752 4 71 232000081 232000705 64 
2020-12-22T09:31:01 0 0 경기79바1752 4 71 232000081 232000705 64 
2020-12-22T12:35:32 0 0 경기79바1752 4 71 232000081 232000725 4 
2020-12-22T12:36:32 0 0 경기79바1752 4 71 232000081 232000725 4 
2020-12-22T12:37:32 0 0 경기79바1752 4 71 232000081 232000707 5 
2020-12-22T12:38:32 0 0 경기79바1752 4 71 232000081 277102614 6 
2020-12-22T12:39:31 0 0 경기79바1752 4 71 232000081 277102614 6 
2020-12-22T12:40:30 0 0 경기79바1752 4 71 232000081 232000741 7 
2020-12-22T12:41:30 0 0 경기79바1752 4 71 232000081 232000777 8 
2020-12-22T12:42:30 0 0 경기79바1752 4 71 232000081 232000777 8 
2020-12-22T12:43:29 0 0 경기79바1752 4 71 232000081 232000545 9 
2020-12-22T12:44:29 0 0 경기79바1752 4 71 232000081 232000545 9 
2020-12-22T12:45:29 0 0 경기79바1752 4 71 232000081 232000549 10 
2020-12-22T12:46:29 0 0 경기79바1752 4 71 232000081 232000553 11 
2020-12-22T12:47:29 0 0 경기79바1752 4 69 232000081 232000553 11 
2020-12-22T12:48:27 0 0 경기79바1752 4 69 232000081 232000553 11 
2020-12-22T12:49:28 0 0 경기79바1752 4 69 232000081 232000553 11 
2020-12-22T12:50:26 0 0 경기79바1752 4 69 232000081 232000543 12 
2020-12-22T12:51:27 0 0 경기79바1752 4 68 232000081 232000758 13 
2020-12-22T12:52:25 0 0 경기79바1752 4 67 232000081 232000758 13 
2020-12-22T12:53:25 0 0 경기79바1752 4 67 232000081 232000758 13 
2020-12-22T12:54:25 0 0 경기79바1752 4 67 232000081 232000727 14 
2020-12-22T12:55:25 0 0 경기79바1752 4 65 232000081 232000727 14 
2020-12-22T12:56:23 0 0 경기79바1752 4 65 232000081 232000727 14 
2020-12-22T12:57:22 0 0 경기79바1752 4 65 232000081 277102331 15 
2020-12-22T12:58:22 0 0 경기79바1752 4 65 232000081 277102331 15 
2020-12-22T12:59:22 0 0 경기79바1752 4 65 232000081 277102735 16 
2020-12-22T13:00:22 0 0 경기79바1752 4 65 232000081 277102735 16 
2020-12-22T13:01:22 0 0 경기79바1752 4 65 232000081 277102735 16 
2020-12-22T13:02:21 0 0 경기79바1752 4 65 232000081 277102735 16 
2020-12-22T13:03:21 0 0 경기79바1752 4 65 232000081 277102737 17 
2020-12-22T13:04:21 0 0 경기79바1752 4 65 232000081 277102737 17 
2020-12-22T13:05:21 0 0 경기79바1752 4 65 232000081 277102737 17 
2020-12-22T13:06:20 0 0 경기79바1752 4 65 232000081 277102737 17 
2020-12-22T13:07:20 0 0 경기79바1752 4 65 232000081 277101769 18 
2020-12-22T13:08:20 0 0 경기79바1752 4 65 232000081 277101769 18 
2020-12-22T13:09:18 0 0 경기79바1752 4 65 232000081 277101769 18 
2020-12-22T13:10:18 0 0 경기79바1752 4 65 232000081 277101769 18 
2020-12-22T13:11:18 0 0 경기79바1752 4 65 232000081 277103403 19 
2020-12-22T13:12:18 0 0 경기79바1752 4 65 232000081 277103403 19 
2020-12-22T13:13:17 0 0 경기79바1752 4 65 232000081 277103403 19 
2020-12-22T13:14:16 0 0 경기79바1752 4 65 232000081 277103403 19 
2020-12-22T13:15:16 0 0 경기79바1752 4 65 232000081 277103404 20 
2020-12-22T13:16:16 0 0 경기79바1752 4 65 232000081 277103406 21 
2020-12-22T13:17:15 0 0 경기79바1752 4 65 232000081 277103410 22 
2020-12-22T13:18:15 0 0 경기79바1752 4 65 232000081 277103410 22 
2020-12-22T13:19:15 0 0 경기79바1752 4 65 232000081 277102324 23 
2020-12-22T13:20:15 0 0 경기79바1752 4 65 232000081 277102324 23 
2020-12-22T13:21:14 0 0 경기79바1752 4 65 232000081 277102324 23 
2020-12-22T13:22:14 0 0 경기79바1752 4 65 232000081 277103895 24 
2020-12-22T13:23:14 0 0 경기79바1752 4 65 232000081 277103895 24 
2020-12-22T13:24:13 0 0 경기79바1752 4 65 232000081 277103895 24 
2020-12-22T13:25:13 0 0 경기79바1752 4 65 232000081 277103895 24 
2020-12-22T13:26:12 0 0 경기79바1752 4 65 232000081 277103895 24 
2020-12-22T13:27:12 0 0 경기79바1752 4 65 232000081 277103895 24 
2020-12-22T13:28:11 0 0 경기79바1752 4 65 232000081 277103895 24 
2020-12-22T13:29:11 0 0 경기79바1752 4 65 232000081 277103895 24 
2020-12-22T13:30:11 0 0 경기79바1752 4 66 232000081 119000033 25 
2020-12-22T13:31:11 0 0 경기79바1752 4 66 232000081 119000033 25 
2020-12-22T13:32:11 0 0 경기79바1752 4 66 232000081 119000033 25 
2020-12-22T13:33:10 0 0 경기79바1752 4 67 232000081 119000040 26 
2020-12-22T13:34:10 0 0 경기79바1752 4 67 232000081 119000040 26 
2020-12-22T13:35:09 0 0 경기79바1752 4 67 232000081 119000040 26 
2020-12-22T13:36:08 0 0 경기79바1752 4 67 232000081 119000040 26 
2020-12-22T13:37:09 0 0 경기79바1752 4 67 232000081 119000040 26 
2020-12-22T13:38:08 0 0 경기79바1752 4 67 232000081 119000040 26 
2020-12-22T13:39:06 0 0 경기79바1752 4 70 232000081 121000020 27 
2020-12-22T13:40:07 0 0 경기79바1752 4 70 232000081 121000018 28 
2020-12-22T13:41:06 0 0 경기79바1752 4 70 232000081 121000018 28 
2020-12-22T13:42:05 0 0 경기79바1752 4 70 232000081 121000018 28 
2020-12-22T13:43:04 0 0 경기79바1752 4 70 232000081 121000018 28 
2020-12-22T13:44:04 0 0 경기79바1752 4 70 232000081 121000018 28 
2020-12-22T13:45:04 0 0 경기79바1752 4 70 232000081 121000018 28 
2020-12-22T13:46:03 0 0 경기79바1752 4 71 232000081 121000013 29 
2020-12-22T13:47:03 0 0 경기79바1752 4 71 232000081 121000013 29 
2020-12-22T13:48:02 0 0 경기79바1752 4 71 232000081 121000013 29 
2020-12-22T13:49:01 0 0 경기79바1752 4 73 232000081 121000011 30 
2020-12-22T13:50:01 0 0 경기79바1752 4 73 232000081 121000011 30 
2020-12-22T13:51:01 0 0 경기79바1752 4 73 232000081 121000011 30 
2020-12-22T13:52:01 0 0 경기79바1752 4 73 232000081 121000011 30 
2020-12-22T13:53:01 0 0 경기79바1752 4 73 232000081 121000009 31 
2020-12-22T13:54:01 0 0 경기79바1752 4 73 232000081 121000009 31 
2020-12-22T13:55:01 0 0 경기79바1752 4 73 232000081 121000009 31 
2020-12-22T13:56:00 0 0 경기79바1752 4 73 232000081 121000009 31 
2020-12-22T13:56:59 0 0 경기79바1752 4 73 232000081 121000009 31 
2020-12-22T13:57:59 0 0 경기79바1752 4 73 232000081 121000009 31 
2020-12-22T13:58:58 0 0 경기79바1752 4 73 232000081 277101860 32 
2020-12-22T13:59:58 0 0 경기79바1752 4 73 232000081 277104255 33 
2020-12-22T14:00:58 0 0 경기79바1752 4 73 232000081 277101752 34 
2020-12-22T14:01:58 0 0 경기79바1752 4 73 232000081 277104253 35 
2020-12-22T14:02:58 0 0 경기79바1752 4 73 232000081 277104253 35 
2020-12-22T14:03:58 0 0 경기79바1752 4 73 232000081 277104254 36 
2020-12-22T14:04:57 0 0 경기79바1752 4 73 232000081 277101873 37 
2020-12-22T14:05:57 0 0 경기79바1752 4 73 232000081 277101873 37 
2020-12-22T14:06:57 0 0 경기79바1752 4 73 232000081 277101873 37 
2020-12-22T14:07:56 0 0 경기79바1752 4 73 232000081 277101873 37 
2020-12-22T14:08:56 0 0 경기79바1752 4 73 232000081 277101873 37 
2020-12-22T14:09:56 0 0 경기79바1752 4 73 232000081 122000614 38 
2020-12-22T14:10:56 0 0 경기79바1752 4 72 232000081 122000614 38 
2020-12-22T14:11:55 0 0 경기79바1752 4 72 232000081 122000614 38 
2020-12-22T14:12:55 0 0 경기79바1752 4 72 232000081 122000654 39 
2020-12-22T14:13:55 0 0 경기79바1752 4 68 232000081 122000654 39 
2020-12-22T14:14:55 0 0 경기79바1752 4 68 232000081 122000654 39 
2020-12-22T14:15:54 0 0 경기79바1752 4 68 232000081 121000014 40 
2020-12-22T14:16:53 0 0 경기79바1752 4 68 232000081 121000014 40 
2020-12-22T14:17:53 0 0 경기79바1752 4 68 232000081 121000014 40 
2020-12-22T14:18:52 0 0 경기79바1752 4 68 232000081 121000014 40 
2020-12-22T14:19:52 0 0 경기79바1752 4 67 232000081 121000017 41 
2020-12-22T14:20:52 0 0 경기79바1752 4 67 232000081 121000017 41 
2020-12-22T14:21:51 0 0 경기79바1752 4 67 232000081 121000017 41 
2020-12-22T14:22:50 0 0 경기79바1752 4 67 232000081 121000019 42 
2020-12-22T14:23:50 0 0 경기79바1752 4 61 232000081 121000019 42 
2020-12-22T14:24:49 0 0 경기79바1752 4 61 232000081 121000019 42 
2020-12-22T14:25:48 0 0 경기79바1752 4 61 232000081 121000019 42 
2020-12-22T14:26:48 0 0 경기79바1752 4 61 232000081 121000019 42 
2020-12-22T14:27:47 0 0 경기79바1752 4 61 232000081 121000019 42 
2020-12-22T14:28:48 0 0 경기79바1752 4 61 232000081 121000019 42 
2020-12-22T14:29:47 0 0 경기79바1752 4 61 232000081 119000041 43 
2020-12-22T14:30:47 0 0 경기79바1752 4 59 232000081 119000041 43 
2020-12-22T14:31:48 0 0 경기79바1752 4 59 232000081 119000034 44 
2020-12-22T14:32:46 0 0 경기79바1752 4 59 232000081 119000034 44 
2020-12-22T14:33:46 0 0 경기79바1752 4 59 232000081 119000034 44 
2020-12-22T14:34:46 0 0 경기79바1752 4 59 232000081 119000034 44 
2020-12-22T14:35:46 0 0 경기79바1752 4 59 232000081 277103859 45 
2020-12-22T14:36:45 0 0 경기79바1752 4 59 232000081 277103859 45 
2020-12-22T14:37:45 0 0 경기79바1752 4 59 232000081 277100138 46 
2020-12-22T14:38:45 0 0 경기79바1752 4 59 232000081 277100138 46 
2020-12-22T14:39:43 0 0 경기79바1752 4 59 232000081 277103411 47 
2020-12-22T14:40:43 0 0 경기79바1752 4 59 232000081 277103407 48 
2020-12-22T14:41:42 0 0 경기79바1752 4 59 232000081 277103405 49 
2020-12-22T14:42:42 0 0 경기79바1752 4 59 232000081 277103405 49 
2020-12-22T14:43:42 0 0 경기79바1752 4 59 232000081 277103405 49 
2020-12-22T14:44:42 0 0 경기79바1752 4 59 232000081 277103405 49 
2020-12-22T14:45:41 0 0 경기79바1752 4 59 232000081 277103405 49 
2020-12-22T14:46:40 0 0 경기79바1752 4 59 232000081 277103405 49 
2020-12-22T14:47:40 0 0 경기79바1752 4 59 232000081 277103402 50 
2020-12-22T14:48:39 0 0 경기79바1752 4 59 232000081 277103402 50 
2020-12-22T14:49:38 0 0 경기79바1752 4 59 232000081 277103402 50 
2020-12-22T14:50:38 0 0 경기79바1752 4 59 232000081 277103401 51 
2020-12-22T14:51:37 0 0 경기79바1752 4 59 232000081 277103401 51 
2020-12-22T14:52:37 0 0 경기79바1752 4 59 232000081 277103401 51 
2020-12-22T14:53:37 0 0 경기79바1752 4 59 232000081 277102738 52 
2020-12-22T14:54:36 0 0 경기79바1752 4 59 232000081 277102738 52 
2020-12-22T14:55:36 0 0 경기79바1752 4 59 232000081 277102738 52 
2020-12-22T14:56:36 0 0 경기79바1752 4 59 232000081 277102738 52 
2020-12-22T14:57:35 0 0 경기79바1752 4 59 232000081 277102736 53 
2020-12-22T14:58:35 0 0 경기79바1752 4 59 232000081 277102736 53 
2020-12-22T14:59:34 0 0 경기79바1752 4 59 232000081 277102736 53 
2020-12-22T15:00:33 0 0 경기79바1752 4 59 232000081 277102736 53 
2020-12-22T15:01:33 0 0 경기79바1752 4 59 232000081 277102736 53 
2020-12-22T15:02:32 0 0 경기79바1752 4 60 232000081 277102736 53 
2020-12-22T15:03:32 0 0 경기79바1752 4 60 232000081 277102736 53 
2020-12-22T15:04:32 0 0 경기79바1752 4 62 232000081 232000726 54 
2020-12-22T15:05:31 0 0 경기79바1752 4 62 232000081 232000759 55 
2020-12-22T15:06:31 0 0 경기79바1752 4 63 232000081 232000544 56 
2020-12-22T15:07:29 0 0 경기79바1752 4 66 232000081 232000544 56 
2020-12-22T15:08:29 0 0 경기79바1752 4 66 232000081 232000544 56 
2020-12-22T15:09:29 0 0 경기79바1752 4 66 232000081 232000554 57 
2020-12-22T15:10:28 0 0 경기79바1752 4 67 232000081 232000550 58 
2020-12-22T15:11:27 0 0 경기79바1752 4 67 232000081 232000546 59 
2020-12-22T15:12:27 0 0 경기79바1752 4 68 232000081 232000546 59 
2020-12-22T15:13:26 0 0 경기79바1752 4 68 232000081 232000546 59 
2020-12-22T15:14:26 0 0 경기79바1752 4 68 232000081 232000781 60 
2020-12-22T15:15:25 0 0 경기79바1752 4 69 232000081 232000742 61 
2020-12-22T15:16:25 0 0 경기79바1752 4 70 232000081 232000706 62 
2020-12-22T15:17:24 0 0 경기79바1752 4 71 232000081 232000724 63 
2020-12-22T15:18:24 0 0 경기79바1752 4 72 232000081 232000724 63 
2020-12-22T15:19:23 0 0 경기79바1752 4 72 232000081 232000705 64 
2020-12-22T15:20:22 0 0 경기79바1752 4 72 232000081 232000705 64 
2020-12-22T15:21:22 0 0 경기79바1752 4 72 232000081 232000705 64 
2020-12-22T15:22:21 0 0 경기79바1752 4 72 232000081 232000705 64 
2020-12-22T15:23:21 0 0 경기79바1752 4 72 232000081 232000705 64 
2020-12-22T17:53:27 0 0 경기79바1752 4 73 232000081 232000704 3 
2020-12-22T17:54:27 0 0 경기79바1752 4 73 232000081 232000704 3 
2020-12-22T17:55:27 0 0 경기79바1752 4 73 232000081 232000704 3 
2020-12-22T17:56:26 0 0 경기79바1752 4 73 232000081 232000725 4 
2020-12-22T17:57:26 0 0 경기79바1752 4 73 232000081 232000725 4 
2020-12-22T17:58:26 0 0 경기79바1752 4 73 232000081 232000707 5 
2020-12-22T17:59:25 0 0 경기79바1752 4 73 232000081 277102614 6 
2020-12-22T18:00:25 0 0 경기79바1752 4 73 232000081 232000777 8 
2020-12-22T18:01:25 0 0 경기79바1752 4 73 232000081 232000777 8 
2020-12-22T18:02:25 0 0 경기79바1752 4 73 232000081 232000777 8 
2020-12-22T18:03:24 0 0 경기79바1752 4 73 232000081 232000777 8 
2020-12-22T18:04:24 0 0 경기79바1752 4 73 232000081 232000777 8 
2020-12-22T18:05:23 0 0 경기79바1752 4 73 232000081 232000777 8 
2020-12-22T18:06:23 0 0 경기79바1752 4 73 232000081 232000545 9 
2020-12-22T18:07:22 0 0 경기79바1752 4 73 232000081 232000545 9 
2020-12-22T18:08:22 0 0 경기79바1752 4 73 232000081 232000549 10 
2020-12-22T18:09:22 0 0 경기79바1752 4 73 232000081 232000549 10 
2020-12-22T18:10:21 0 0 경기79바1752 4 73 232000081 232000553 11 
2020-12-22T18:11:20 0 0 경기79바1752 4 73 232000081 232000553 11 
2020-12-22T18:12:20 0 0 경기79바1752 4 73 232000081 232000543 12 
2020-12-22T18:13:20 0 0 경기79바1752 4 73 232000081 232000543 12 
2020-12-22T18:14:19 0 0 경기79바1752 4 73 232000081 232000543 12 
2020-12-22T18:15:18 0 0 경기79바1752 4 73 232000081 232000758 13 
2020-12-22T18:16:18 0 0 경기79바1752 4 73 232000081 232000758 13 
2020-12-22T18:17:18 0 0 경기79바1752 4 73 232000081 232000758 13 
2020-12-22T18:18:17 0 0 경기79바1752 4 71 232000081 232000727 14 
2020-12-22T18:19:17 0 0 경기79바1752 4 71 232000081 277102331 15 
2020-12-22T18:20:16 0 0 경기79바1752 4 71 232000081 277102331 15 
2020-12-22T18:21:15 0 0 경기79바1752 4 71 232000081 277102331 15 
2020-12-22T18:22:15 0 0 경기79바1752 4 71 232000081 277102735 16 
2020-12-22T18:23:14 0 0 경기79바1752 4 71 232000081 277102735 16 
2020-12-22T18:24:14 0 0 경기79바1752 4 71 232000081 277102735 16 
2020-12-22T18:25:13 0 0 경기79바1752 4 71 232000081 277102735 16 
2020-12-22T18:26:13 0 0 경기79바1752 4 71 232000081 277102735 16 
2020-12-22T18:27:12 0 0 경기79바1752 4 71 232000081 277102737 17 
2020-12-22T18:28:12 0 0 경기79바1752 4 71 232000081 277102737 17 
2020-12-22T18:29:12 0 0 경기79바1752 4 71 232000081 277102737 17 
2020-12-22T18:30:11 0 0 경기79바1752 4 71 232000081 277101769 18 
2020-12-22T18:31:11 0 0 경기79바1752 4 71 232000081 277101769 18 
2020-12-22T18:32:11 0 0 경기79바1752 4 71 232000081 277101769 18 
2020-12-22T18:33:11 0 0 경기79바1752 4 71 232000081 277101769 18 
2020-12-22T18:34:09 0 0 경기79바1752 4 71 232000081 277101769 18 
2020-12-22T18:35:09 0 0 경기79바1752 4 71 232000081 277101769 18 
2020-12-22T18:36:09 0 0 경기79바1752 4 71 232000081 277101769 18 
2020-12-22T18:37:08 0 0 경기79바1752 4 71 232000081 277101769 18 
2020-12-22T18:38:09 0 0 경기79바1752 4 71 232000081 277101769 18 
2020-12-22T18:39:08 0 0 경기79바1752 4 71 232000081 277101769 18 
2020-12-22T18:40:07 0 0 경기79바1752 4 71 232000081 277101769 18 
2020-12-22T18:41:07 0 0 경기79바1752 4 71 232000081 277101769 18 
2020-12-22T18:42:07 0 0 경기79바1752 4 71 232000081 277103403 19 
2020-12-22T18:43:06 0 0 경기79바1752 4 71 232000081 277103403 19 
2020-12-22T18:44:06 0 0 경기79바1752 4 71 232000081 277103403 19 
2020-12-22T18:45:05 0 0 경기79바1752 4 71 232000081 277103403 19 
2020-12-22T18:46:05 0 0 경기79바1752 4 71 232000081 277103404 20 
2020-12-22T18:47:05 0 0 경기79바1752 4 71 232000081 277103406 21 
2020-12-22T18:48:05 0 0 경기79바1752 4 71 232000081 277103410 22 
2020-12-22T18:49:04 0 0 경기79바1752 4 71 232000081 277102324 23 
2020-12-22T18:50:03 0 0 경기79바1752 4 71 232000081 277102324 23 
2020-12-22T18:51:03 0 0 경기79바1752 4 71 232000081 277102324 23 
2020-12-22T18:52:03 0 0 경기79바1752 4 71 232000081 277102324 23 
2020-12-22T18:53:02 0 0 경기79바1752 4 71 232000081 277103895 24 
2020-12-22T18:54:02 0 0 경기79바1752 4 71 232000081 277103895 24 
2020-12-22T18:55:02 0 0 경기79바1752 4 71 232000081 277103895 24 
2020-12-22T18:56:01 0 0 경기79바1752 4 71 232000081 277103895 24 
2020-12-22T18:57:02 0 0 경기79바1752 4 71 232000081 119000033 25 
2020-12-22T18:58:00 0 0 경기79바1752 4 72 232000081 119000033 25 
2020-12-22T18:59:00 0 0 경기79바1752 4 72 232000081 119000033 25 
2020-12-22T19:00:00 0 0 경기79바1752 4 72 232000081 119000033 25 
2020-12-22T19:00:59 0 0 경기79바1752 4 72 232000081 119000040 26 
2020-12-22T19:01:59 0 0 경기79바1752 4 72 232000081 119000040 26 
2020-12-22T19:02:59 0 0 경기79바1752 4 72 232000081 119000040 26 
2020-12-22T19:03:58 0 0 경기79바1752 4 72 232000081 119000040 26 
2020-12-22T19:04:57 0 0 경기79바1752 4 72 232000081 119000040 26 
2020-12-22T19:05:57 0 0 경기79바1752 4 72 232000081 119000040 26 
2020-12-22T19:06:57 0 0 경기79바1752 4 72 232000081 119000040 26 
2020-12-22T19:07:57 0 0 경기79바1752 4 73 232000081 121000020 27 
2020-12-22T19:08:56 0 0 경기79바1752 4 73 232000081 121000020 27 
2020-12-22T19:09:55 0 0 경기79바1752 4 73 232000081 121000020 27 
2020-12-22T19:10:55 0 0 경기79바1752 4 73 232000081 121000020 27 
2020-12-22T19:11:55 0 0 경기79바1752 4 73 232000081 121000020 27 
2020-12-22T19:12:54 0 0 경기79바1752 4 73 232000081 121000018 28 
2020-12-22T19:13:54 0 0 경기79바1752 4 73 232000081 121000018 28 
2020-12-22T19:14:54 0 0 경기79바1752 4 73 232000081 121000018 28 
2020-12-22T19:15:54 0 0 경기79바1752 4 73 232000081 121000018 28 
2020-12-22T19:16:53 0 0 경기79바1752 4 73 232000081 121000018 28 
2020-12-22T19:17:52 0 0 경기79바1752 4 73 232000081 121000013 29 
2020-12-22T19:18:52 0 0 경기79바1752 4 73 232000081 121000011 30 
2020-12-22T19:19:51 0 0 경기79바1752 4 73 232000081 121000011 30 
2020-12-22T19:20:51 0 0 경기79바1752 4 73 232000081 121000011 30 
2020-12-22T19:21:51 0 0 경기79바1752 4 73 232000081 121000009 31 
2020-12-22T19:22:51 0 0 경기79바1752 4 73 232000081 121000009 31 
2020-12-22T19:23:50 0 0 경기79바1752 4 73 232000081 121000009 31 
2020-12-22T19:24:51 0 0 경기79바1752 4 73 232000081 121000009 31 
2020-12-22T19:25:50 0 0 경기79바1752 4 73 232000081 121000009 31 
2020-12-22T19:26:50 0 0 경기79바1752 4 73 232000081 121000009 31 
2020-12-22T19:27:50 0 0 경기79바1752 4 73 232000081 277104255 33 
2020-12-22T19:28:50 0 0 경기79바1752 4 73 232000081 277104253 35 
2020-12-22T19:29:49 0 0 경기79바1752 4 73 232000081 277104253 35 
2020-12-22T19:30:48 0 0 경기79바1752 4 73 232000081 277101873 37 
2020-12-22T19:31:48 0 0 경기79바1752 4 73 232000081 277101873 37 
2020-12-22T19:32:48 0 0 경기79바1752 4 73 232000081 277101873 37 
2020-12-22T19:33:48 0 0 경기79바1752 4 73 232000081 277101873 37 
2020-12-22T19:34:47 0 0 경기79바1752 4 73 232000081 122000614 38 
2020-12-22T19:35:47 0 0 경기79바1752 4 73 232000081 122000614 38 
2020-12-22T19:36:46 0 0 경기79바1752 4 73 232000081 122000614 38 
2020-12-22T19:37:46 0 0 경기79바1752 4 73 232000081 122000614 38 
2020-12-22T19:38:46 0 0 경기79바1752 4 73 232000081 122000614 38 
2020-12-22T19:39:46 0 0 경기79바1752 4 72 232000081 122000614 38 
2020-12-22T19:40:45 0 0 경기79바1752 4 72 232000081 122000614 38 
2020-12-22T19:41:45 0 0 경기79바1752 4 72 232000081 122000614 38 
2020-12-22T19:42:45 0 0 경기79바1752 4 70 232000081 122000654 39 
2020-12-22T19:43:45 0 0 경기79바1752 4 70 232000081 122000654 39 
2020-12-22T19:44:44 0 0 경기79바1752 4 70 232000081 122000654 39 
2020-12-22T19:45:44 0 0 경기79바1752 4 69 232000081 121000014 40 
2020-12-22T19:46:43 0 0 경기79바1752 4 69 232000081 121000014 40 
2020-12-22T19:47:43 0 0 경기79바1752 4 69 232000081 121000014 40 
2020-12-22T19:48:43 0 0 경기79바1752 4 69 232000081 121000014 40 
2020-12-22T19:49:43 0 0 경기79바1752 4 69 232000081 121000014 40 
2020-12-22T19:50:42 0 0 경기79바1752 4 69 232000081 121000014 40 
2020-12-22T19:51:42 0 0 경기79바1752 4 69 232000081 121000017 41 
2020-12-22T19:52:41 0 0 경기79바1752 4 68 232000081 121000017 41 
2020-12-22T19:53:41 0 0 경기79바1752 4 68 232000081 121000017 41 
2020-12-22T19:54:40 0 0 경기79바1752 4 68 232000081 121000017 41 
2020-12-22T19:55:39 0 0 경기79바1752 4 68 232000081 121000017 41 
2020-12-22T19:56:39 0 0 경기79바1752 4 68 232000081 121000017 41 
2020-12-22T19:57:39 0 0 경기79바1752 4 65 232000081 121000019 42 
2020-12-22T19:58:39 0 0 경기79바1752 4 65 232000081 121000019 42 
2020-12-22T19:59:39 0 0 경기79바1752 4 65 232000081 121000019 42 
2020-12-22T20:00:39 0 0 경기79바1752 4 65 232000081 121000019 42 
2020-12-22T20:01:38 0 0 경기79바1752 4 65 232000081 121000019 42 
2020-12-22T20:02:38 0 0 경기79바1752 4 65 232000081 121000019 42 
2020-12-22T20:03:38 0 0 경기79바1752 4 65 232000081 121000019 42 
2020-12-22T20:04:37 0 0 경기79바1752 4 65 232000081 121000019 42 
2020-12-22T20:05:36 0 0 경기79바1752 4 65 232000081 121000019 42 
2020-12-22T20:06:36 0 0 경기79바1752 4 65 232000081 119000041 43 
2020-12-22T20:07:36 0 0 경기79바1752 4 65 232000081 119000041 43 
2020-12-22T20:08:36 0 0 경기79바1752 4 65 232000081 119000041 43 
2020-12-22T20:09:36 0 0 경기79바1752 4 65 232000081 119000041 43 
2020-12-22T20:10:36 0 0 경기79바1752 4 65 232000081 119000034 44 
2020-12-22T20:11:34 0 0 경기79바1752 4 65 232000081 119000034 44 
2020-12-22T20:12:34 0 0 경기79바1752 4 65 232000081 119000034 44 
2020-12-22T20:13:34 0 0 경기79바1752 4 65 232000081 119000034 44 
2020-12-22T20:14:34 0 0 경기79바1752 4 65 232000081 277103859 45 
2020-12-22T20:15:33 0 0 경기79바1752 4 65 232000081 277103859 45 
2020-12-22T20:16:32 0 0 경기79바1752 4 65 232000081 277103859 45 
2020-12-22T20:17:32 0 0 경기79바1752 4 65 232000081 277100138 46 
2020-12-22T20:18:31 0 0 경기79바1752 4 65 232000081 277100138 46 
2020-12-22T20:19:31 0 0 경기79바1752 4 65 232000081 277103411 47 
2020-12-22T20:20:31 0 0 경기79바1752 4 65 232000081 277103411 47 
2020-12-22T20:21:30 0 0 경기79바1752 4 65 232000081 277103411 47 
2020-12-22T20:22:30 0 0 경기79바1752 4 65 232000081 277103407 48 
2020-12-22T20:23:30 0 0 경기79바1752 4 65 232000081 277103407 48 
2020-12-22T20:24:30 0 0 경기79바1752 4 65 232000081 277103407 48 
2020-12-22T20:25:30 0 0 경기79바1752 4 65 232000081 277103405 49 
2020-12-22T20:26:30 0 0 경기79바1752 4 65 232000081 277103405 49 
2020-12-22T20:27:29 0 0 경기79바1752 4 65 232000081 277103405 49 
2020-12-22T20:28:29 0 0 경기79바1752 4 65 232000081 277103405 49 
2020-12-22T20:29:29 0 0 경기79바1752 4 65 232000081 277103405 49 
2020-12-22T20:30:29 0 0 경기79바1752 4 65 232000081 277103402 50 
2020-12-22T20:31:29 0 0 경기79바1752 4 65 232000081 277103402 50 
2020-12-22T20:32:28 0 0 경기79바1752 4 65 232000081 277103402 50 
2020-12-22T20:33:28 0 0 경기79바1752 4 65 232000081 277103401 51 
2020-12-22T20:34:28 0 0 경기79바1752 4 65 232000081 277103401 51 
2020-12-22T20:35:28 0 0 경기79바1752 4 65 232000081 277103401 51 
2020-12-22T20:36:27 0 0 경기79바1752 4 65 232000081 277103401 51 
2020-12-22T20:37:27 0 0 경기79바1752 4 65 232000081 277102738 52 
2020-12-22T20:38:26 0 0 경기79바1752 4 65 232000081 277102738 52 
2020-12-22T20:39:26 0 0 경기79바1752 4 65 232000081 277102738 52 
2020-12-22T20:40:26 0 0 경기79바1752 4 65 232000081 277102738 52 
2020-12-22T20:41:26 0 0 경기79바1752 4 65 232000081 277102736 53 
2020-12-22T20:42:25 0 0 경기79바1752 4 65 232000081 277102736 53 
2020-12-22T20:43:24 0 0 경기79바1752 4 65 232000081 277102736 53 
2020-12-22T20:44:24 0 0 경기79바1752 4 65 232000081 277102736 53 
2020-12-22T20:45:24 0 0 경기79바1752 4 65 232000081 277102736 53 
2020-12-22T20:46:23 0 0 경기79바1752 4 65 232000081 277102736 53 
2020-12-22T20:47:23 0 0 경기79바1752 4 66 232000081 232000726 54 
2020-12-22T20:48:22 0 0 경기79바1752 4 67 232000081 232000759 55 
2020-12-22T20:49:22 0 0 경기79바1752 4 69 232000081 232000759 55 
2020-12-22T20:50:22 0 0 경기79바1752 4 69 232000081 232000759 55 
2020-12-22T20:51:21 0 0 경기79바1752 4 69 232000081 232000759 55 
2020-12-22T20:52:21 0 0 경기79바1752 4 69 232000081 232000544 56 
2020-12-22T20:53:20 0 0 경기79바1752 4 69 232000081 232000544 56 
2020-12-22T20:54:20 0 0 경기79바1752 4 69 232000081 232000550 58 
2020-12-22T20:55:19 0 0 경기79바1752 4 70 232000081 232000546 59 
2020-12-22T20:56:19 0 0 경기79바1752 4 70 232000081 232000546 59 
2020-12-22T20:57:18 0 0 경기79바1752 4 71 232000081 232000546 59 
2020-12-22T20:58:18 0 0 경기79바1752 4 71 232000081 232000546 59 
2020-12-22T20:59:17 0 0 경기79바1752 4 71 232000081 232000781 60 
2020-12-22T21:00:17 0 0 경기79바1752 4 71 232000081 232000742 61 
2020-12-22T21:01:17 0 0 경기79바1752 4 71 232000081 232000742 61 
2020-12-22T21:02:17 0 0 경기79바1752 4 73 232000081 232000706 62 
2020-12-22T21:03:16 0 0 경기79바1752 4 73 232000081 232000706 62 
2020-12-22T21:04:16 0 0 경기79바1752 4 73 232000081 232000724 63 
2020-12-22T21:05:15 0 0 경기79바1752 4 73 232000081 232000705 64 
2020-12-22T21:06:15 0 0 경기79바1752 4 73 232000081 232000705 64 
2020-12-22T22:01:54 0 0 경기79바1752 4 73 232000081 232000704 3 
2020-12-22T22:02:54 0 0 경기79바1752 4 73 232000081 232000725 4 
2020-12-22T22:03:54 0 0 경기79바1752 4 73 232000081 232000725 4 
2020-12-22T22:04:54 0 0 경기79바1752 4 73 232000081 232000707 5 
2020-12-22T22:05:53 0 0 경기79바1752 4 73 232000081 232000741 7 
2020-12-22T22:06:52 0 0 경기79바1752 4 73 232000081 232000777 8 
2020-12-22T22:07:52 0 0 경기79바1752 4 73 232000081 232000777 8 
2020-12-22T22:08:52 0 0 경기79바1752 4 73 232000081 232000777 8 
2020-12-22T22:09:52 0 0 경기79바1752 4 73 232000081 232000777 8 
2020-12-22T22:10:51 0 0 경기79바1752 4 73 232000081 232000545 9 
2020-12-22T22:11:51 0 0 경기79바1752 4 73 232000081 232000545 9 
2020-12-22T22:12:51 0 0 경기79바1752 4 73 232000081 232000545 9 
2020-12-22T22:13:50 0 0 경기79바1752 4 73 232000081 232000549 10 
2020-12-22T22:14:50 0 0 경기79바1752 4 73 232000081 232000549 10 
2020-12-22T22:15:50 0 0 경기79바1752 4 73 232000081 232000553 11 
2020-12-22T22:16:50 0 0 경기79바1752 4 72 232000081 232000553 11 
2020-12-22T22:17:49 0 0 경기79바1752 4 72 232000081 232000543 12 
2020-12-22T22:18:49 0 0 경기79바1752 4 72 232000081 232000758 13 
2020-12-22T22:19:48 0 0 경기79바1752 4 72 232000081 232000758 13 
2020-12-22T22:20:48 0 0 경기79바1752 4 72 232000081 232000758 13 
2020-12-22T22:21:48 0 0 경기79바1752 4 72 232000081 232000727 14 
2020-12-22T22:22:47 0 0 경기79바1752 4 72 232000081 232000727 14 
2020-12-22T22:23:47 0 0 경기79바1752 4 72 232000081 277102331 15 
2020-12-22T22:24:46 0 0 경기79바1752 4 72 232000081 277102331 15 
2020-12-22T22:25:46 0 0 경기79바1752 4 72 232000081 277102735 16 
2020-12-22T22:26:45 0 0 경기79바1752 4 72 232000081 277102735 16 
2020-12-22T22:27:45 0 0 경기79바1752 4 72 232000081 277102735 16 
2020-12-22T22:28:44 0 0 경기79바1752 4 72 232000081 277102735 16 
2020-12-22T22:29:44 0 0 경기79바1752 4 72 232000081 277102737 17 
2020-12-22T22:30:43 0 0 경기79바1752 4 72 232000081 277102737 17 
2020-12-22T22:31:43 0 0 경기79바1752 4 72 232000081 277102737 17 
2020-12-22T22:32:42 0 0 경기79바1752 4 72 232000081 277102737 17 
2020-12-22T22:33:42 0 0 경기79바1752 4 72 232000081 277101769 18 
2020-12-22T22:34:42 0 0 경기79바1752 4 72 232000081 277101769 18 
2020-12-22T22:35:41 0 0 경기79바1752 4 72 232000081 277101769 18 
2020-12-22T22:36:41 0 0 경기79바1752 4 72 232000081 277103403 19 
2020-12-22T22:37:41 0 0 경기79바1752 4 72 232000081 277103403 19 
2020-12-22T22:38:40 0 0 경기79바1752 4 72 232000081 277103404 20 
2020-12-22T22:39:40 0 0 경기79바1752 4 72 232000081 277103406 21 
2020-12-22T22:40:39 0 0 경기79바1752 4 72 232000081 277103410 22 
2020-12-22T22:41:39 0 0 경기79바1752 4 72 232000081 277102324 23 
2020-12-22T22:42:39 0 0 경기79바1752 4 72 232000081 277102324 23 
2020-12-22T22:43:39 0 0 경기79바1752 4 72 232000081 277103895 24 
2020-12-22T22:44:39 0 0 경기79바1752 4 72 232000081 277103895 24 
2020-12-22T22:45:38 0 0 경기79바1752 4 72 232000081 277103895 24 
2020-12-22T22:46:38 0 0 경기79바1752 4 72 232000081 119000033 25 
2020-12-22T22:47:37 0 0 경기79바1752 4 72 232000081 119000033 25 
2020-12-22T22:48:36 0 0 경기79바1752 4 72 232000081 119000040 26 
2020-12-22T22:49:36 0 0 경기79바1752 4 72 232000081 119000040 26 
2020-12-22T22:50:34 0 0 경기79바1752 4 72 232000081 119000040 26 
2020-12-22T22:51:34 0 0 경기79바1752 4 72 232000081 119000040 26 
2020-12-22T22:52:33 0 0 경기79바1752 4 72 232000081 119000040 26 
2020-12-22T22:53:33 0 0 경기79바1752 4 72 232000081 119000040 26 
2020-12-22T22:54:33 0 0 경기79바1752 4 72 232000081 119000040 26 
2020-12-22T22:55:33 0 0 경기79바1752 4 73 232000081 121000020 27 
2020-12-22T22:56:33 0 0 경기79바1752 4 73 232000081 121000020 27 
2020-12-22T22:57:32 0 0 경기79바1752 4 73 232000081 121000020 27 
2020-12-22T22:58:32 0 0 경기79바1752 4 73 232000081 121000018 28 
2020-12-22T22:59:31 0 0 경기79바1752 4 73 232000081 121000018 28 
2020-12-22T23:00:31 0 0 경기79바1752 4 73 232000081 121000013 29 
2020-12-22T23:01:31 0 0 경기79바1752 4 73 232000081 121000013 29 
2020-12-22T23:02:30 0 0 경기79바1752 4 73 232000081 121000011 30 
2020-12-22T23:03:30 0 0 경기79바1752 4 73 232000081 121000011 30 
2020-12-22T23:04:29 0 0 경기79바1752 4 73 232000081 121000009 31 
2020-12-22T23:05:29 0 0 경기79바1752 4 73 232000081 121000009 31 
2020-12-22T23:06:28 0 0 경기79바1752 4 73 232000081 121000009 31 
2020-12-22T23:07:28 0 0 경기79바1752 4 72 232000081 122000614 38 
2020-12-22T23:08:27 0 0 경기79바1752 4 71 232000081 122000614 38 
2020-12-22T23:09:27 0 0 경기79바1752 4 71 232000081 122000614 38 
2020-12-22T23:10:26 0 0 경기79바1752 4 70 232000081 122000654 39 
2020-12-22T23:11:26 0 0 경기79바1752 4 70 232000081 122000654 39 
2020-12-22T23:12:25 0 0 경기79바1752 4 70 232000081 121000014 40 
2020-12-22T23:13:24 0 0 경기79바1752 4 70 232000081 121000014 40 
2020-12-22T23:14:24 0 0 경기79바1752 4 70 232000081 121000014 40 
2020-12-22T23:15:24 0 0 경기79바1752 4 70 232000081 121000014 40 
2020-12-22T23:16:23 0 0 경기79바1752 4 70 232000081 121000014 40 
2020-12-22T23:17:22 0 0 경기79바1752 4 70 232000081 121000014 40 
2020-12-22T23:18:22 0 0 경기79바1752 4 70 232000081 121000017 41 
2020-12-22T23:19:22 0 0 경기79바1752 4 70 232000081 121000017 41 
2020-12-22T23:20:21 0 0 경기79바1752 4 69 232000081 121000019 42 
2020-12-22T23:21:21 0 0 경기79바1752 4 69 232000081 121000019 42 
2020-12-22T23:22:20 0 0 경기79바1752 4 69 232000081 121000019 42 
2020-12-22T23:23:20 0 0 경기79바1752 4 69 232000081 121000019 42 
2020-12-22T23:24:19 0 0 경기79바1752 4 69 232000081 121000019 42 
2020-12-22T23:25:19 0 0 경기79바1752 4 69 232000081 121000019 42 
2020-12-22T23:26:18 0 0 경기79바1752 4 69 232000081 119000041 43 
2020-12-22T23:27:17 0 0 경기79바1752 4 69 232000081 119000041 43 
2020-12-22T23:28:17 0 0 경기79바1752 4 69 232000081 119000041 43 
2020-12-22T23:29:16 0 0 경기79바1752 4 69 232000081 119000041 43 
2020-12-22T23:30:15 0 0 경기79바1752 4 69 232000081 119000034 44 
2020-12-22T23:31:15 0 0 경기79바1752 4 69 232000081 119000034 44 
2020-12-22T23:32:15 0 0 경기79바1752 4 69 232000081 277103859 45 
2020-12-22T23:33:15 0 0 경기79바1752 4 69 232000081 277103859 45 
2020-12-22T23:34:14 0 0 경기79바1752 4 69 232000081 277103859 45 
2020-12-22T23:35:14 0 0 경기79바1752 4 69 232000081 277100138 46 
2020-12-22T23:36:13 0 0 경기79바1752 4 69 232000081 277103411 47 
2020-12-22T23:37:12 0 0 경기79바1752 4 69 232000081 277103407 48 
2020-12-22T23:38:12 0 0 경기79바1752 4 69 232000081 277103405 49 
2020-12-22T23:39:12 0 0 경기79바1752 4 69 232000081 277103405 49 
2020-12-22T23:40:11 0 0 경기79바1752 4 69 232000081 277103402 50 
2020-12-22T23:41:11 0 0 경기79바1752 4 69 232000081 277103402 50 
2020-12-22T23:42:11 0 0 경기79바1752 4 69 232000081 277103402 50 
2020-12-22T23:43:10 0 0 경기79바1752 4 69 232000081 277103401 51 
2020-12-22T23:44:10 0 0 경기79바1752 4 69 232000081 277103401 51 
2020-12-22T23:45:09 0 0 경기79바1752 4 69 232000081 277103401 51 
2020-12-22T23:46:10 0 0 경기79바1752 4 69 232000081 277103401 51 
2020-12-22T23:47:09 0 0 경기79바1752 4 69 232000081 277102738 52 
2020-12-22T23:48:09 0 0 경기79바1752 4 69 232000081 277102738 52 
2020-12-22T23:49:09 0 0 경기79바1752 4 69 232000081 277102738 52 
2020-12-22T23:50:09 0 0 경기79바1752 4 69 232000081 277102738 52 
2020-12-22T23:51:09 0 0 경기79바1752 4 69 232000081 277102736 53 
2020-12-22T23:52:08 0 0 경기79바1752 4 69 232000081 277102736 53 
2020-12-22T23:53:08 0 0 경기79바1752 4 69 232000081 277102736 53 
2020-12-22T23:54:08 0 0 경기79바1752 4 69 232000081 277102736 53 
2020-12-22T23:55:08 0 0 경기79바1752 4 69 232000081 277102736 53 
2020-12-22T23:56:07 0 0 경기79바1752 4 69 232000081 277102736 53 
2020-12-22T23:57:07 0 0 경기79바1752 4 69 232000081 277102736 53 
2020-12-22T23:58:06 0 0 경기79바1752 4 69 232000081 232000726 54 
2020-12-22T23:59:06 0 0 경기79바1752 4 70 232000081 232000544 56 
2020-12-23T00:00:05 0 0 경기79바1752 4 71 232000081 232000544 56 
2020-12-23T00:01:05 0 0 경기79바1752 4 71 232000081 232000544 56 
2020-12-23T00:02:05 0 0 경기79바1752 4 71 232000081 232000544 56 
2020-12-23T00:03:04 0 0 경기79바1752 4 71 232000081 232000554 57 
2020-12-23T00:04:04 0 0 경기79바1752 4 71 232000081 232000554 57 
2020-12-23T00:05:03 0 0 경기79바1752 4 71 232000081 232000550 58 
2020-12-23T00:06:03 0 0 경기79바1752 4 71 232000081 232000546 59 
2020-12-23T00:07:03 0 0 경기79바1752 4 71 232000081 232000546 59 
2020-12-23T00:08:02 0 0 경기79바1752 4 71 232000081 232000781 60 
2020-12-23T00:09:02 0 0 경기79바1752 4 71 232000081 232000742 61 
2020-12-23T00:10:01 0 0 경기79바1752 4 72 232000081 232000706 62 
2020-12-23T00:11:01 0 0 경기79바1752 4 72 232000081 232000724 63 
2020-12-23T00:12:00 0 0 경기79바1752 4 73 232000081 232000724 63 
2020-12-23T00:12:59 0 0 경기79바1752 4 73 232000081 232000724 63 
2020-12-23T00:13:59 0 0 경기79바1752 4 73 232000081 232000705 64 
2020-12-23T00:14:58 0 0 경기79바1752 4 73 232000081 232000705 64 
2020-12-23T00:15:58 0 0 경기79바1752 4 73 232000081 232000705 64 
2020-12-23T00:16:57 0 0 경기79바1752 4 73 232000081 232000705 64 
2020-12-23T00:17:56 0 0 경기79바1752 4 73 232000081 232000705 64 
2020-12-23T00:18:55 0 0 경기79바1752 4 73 232000081 232000705 64 
2020-12-23T00:19:54 0 0 경기79바1752 4 73 232000081 232000705 64 
2020-12-23T00:20:54 0 0 경기79바1752 4 73 232000081 232000705 64 
2020-12-23T00:21:53 0 0 경기79바1752 4 73 232000081 232000705 64 
2020-12-23T00:22:52 0 0 경기79바1752 4 73 232000081 232000705 64 
2020-12-23T00:23:51 0 0 경기79바1752 4 73 232000081 232000705 64 
2020-12-23T00:24:50 0 0 경기79바1752 4 73 232000081 232000705 64 
2020-12-23T00:25:50 0 0 경기79바1752 4 73 232000081 232000705 64 
2020-12-23T00:26:49 0 0 경기79바1752 4 73 232000081 232000705 64 
2020-12-23T00:27:48 0 0 경기79바1752 4 73 232000081 232000705 64 
