232000081 2020-12-13T22:20:16.765377+09:00
2020-12-14T06:25:41 0 0 경기79바1752 4 73 232000081 232000704 3 
2020-12-14T06:26:41 0 0 경기79바1752 4 73 232000081 232000704 3 
2020-12-14T06:27:41 0 0 경기79바1752 4 73 232000081 232000704 3 
2020-12-14T06:28:40 0 0 경기79바1752 4 73 232000081 232000725 4 
2020-12-14T06:29:40 0 0 경기79바1752 4 73 232000081 277102614 6 
2020-12-14T06:30:40 0 0 경기79바1752 4 73 232000081 232000741 7 
2020-12-14T06:31:39 0 0 경기79바1752 4 72 232000081 232000777 8 
2020-12-14T06:32:39 0 0 경기79바1752 4 72 232000081 232000777 8 
2020-12-14T06:33:39 0 0 경기79바1752 4 72 232000081 232000777 8 
2020-12-14T06:34:39 0 0 경기79바1752 4 72 232000081 232000777 8 
2020-12-14T06:35:38 0 0 경기79바1752 4 72 232000081 232000545 9 
2020-12-14T06:36:38 0 0 경기79바1752 4 72 232000081 232000545 9 
2020-12-14T06:37:38 0 0 경기79바1752 4 72 232000081 232000553 11 
2020-12-14T06:38:37 0 0 경기79바1752 4 72 232000081 232000553 11 
2020-12-14T06:39:37 0 0 경기79바1752 4 72 232000081 232000553 11 
2020-12-14T06:40:37 0 0 경기79바1752 4 72 232000081 232000553 11 
2020-12-14T06:41:36 0 0 경기79바1752 4 72 232000081 232000543 12 
2020-12-14T06:42:36 0 0 경기79바1752 4 71 232000081 232000543 12 
2020-12-14T06:43:36 0 0 경기79바1752 4 71 232000081 232000543 12 
2020-12-14T06:44:36 0 0 경기79바1752 4 71 232000081 232000758 13 
2020-12-14T06:45:35 0 0 경기79바1752 4 66 232000081 232000758 13 
2020-12-14T06:46:35 0 0 경기79바1752 4 66 232000081 232000758 13 
2020-12-14T06:47:35 0 0 경기79바1752 4 66 232000081 232000727 14 
2020-12-14T06:48:34 0 0 경기79바1752 4 66 232000081 232000727 14 
2020-12-14T06:49:34 0 0 경기79바1752 4 66 232000081 277102331 15 
2020-12-14T06:50:33 0 0 경기79바1752 4 66 232000081 277102331 15 
2020-12-14T06:51:33 0 0 경기79바1752 4 66 232000081 277102735 16 
2020-12-14T06:52:33 0 0 경기79바1752 4 66 232000081 277102735 16 
2020-12-14T06:53:33 0 0 경기79바1752 4 66 232000081 277102735 16 
2020-12-14T06:54:33 0 0 경기79바1752 4 66 232000081 277102735 16 
2020-12-14T06:55:32 0 0 경기79바1752 4 66 232000081 277102735 16 
2020-12-14T06:56:32 0 0 경기79바1752 4 66 232000081 277102737 17 
2020-12-14T06:57:31 0 0 경기79바1752 4 66 232000081 277102737 17 
2020-12-14T06:58:31 0 0 경기79바1752 4 66 232000081 277102737 17 
2020-12-14T06:59:30 0 0 경기79바1752 4 66 232000081 277102737 17 
2020-12-14T07:00:29 0 0 경기79바1752 4 66 232000081 277102737 17 
2020-12-14T07:01:29 0 0 경기79바1752 4 66 232000081 277102737 17 
2020-12-14T07:02:29 0 0 경기79바1752 4 66 232000081 277101769 18 
2020-12-14T07:03:29 0 0 경기79바1752 4 66 232000081 277101769 18 
2020-12-14T07:04:28 0 0 경기79바1752 4 66 232000081 277101769 18 
2020-12-14T07:05:28 0 0 경기79바1752 4 66 232000081 277101769 18 
2020-12-14T07:06:27 0 0 경기79바1752 4 66 232000081 277101769 18 
2020-12-14T07:07:27 0 0 경기79바1752 4 66 232000081 277101769 18 
2020-12-14T07:08:26 0 0 경기79바1752 4 66 232000081 277101769 18 
2020-12-14T07:09:25 0 0 경기79바1752 4 66 232000081 277101769 18 
2020-12-14T07:10:26 0 0 경기79바1752 4 66 232000081 277101769 18 
2020-12-14T07:11:24 0 0 경기79바1752 4 66 232000081 277101769 18 
2020-12-14T07:12:25 0 0 경기79바1752 4 66 232000081 277101769 18 
2020-12-14T07:13:24 0 0 경기79바1752 4 66 232000081 277101769 18 
2020-12-14T07:14:23 0 0 경기79바1752 4 66 232000081 277101769 18 
2020-12-14T07:15:23 0 0 경기79바1752 4 66 232000081 277103403 19 
2020-12-14T07:16:23 0 0 경기79바1752 4 66 232000081 277103403 19 
2020-12-14T07:17:23 0 0 경기79바1752 4 66 232000081 277103403 19 
2020-12-14T07:18:23 0 0 경기79바1752 4 66 232000081 277103403 19 
2020-12-14T07:19:23 0 0 경기79바1752 4 66 232000081 277103403 19 
2020-12-14T07:20:22 0 0 경기79바1752 4 66 232000081 277103403 19 
2020-12-14T07:21:21 0 0 경기79바1752 4 66 232000081 277103404 20 
2020-12-14T07:22:20 0 0 경기79바1752 4 66 232000081 277103404 20 
2020-12-14T07:23:20 0 0 경기79바1752 4 66 232000081 277103406 21 
2020-12-14T07:24:20 0 0 경기79바1752 4 66 232000081 277103410 22 
2020-12-14T07:25:19 0 0 경기79바1752 4 66 232000081 277103410 22 
2020-12-14T07:26:17 0 0 경기79바1752 4 66 232000081 277103410 22 
2020-12-14T07:27:17 0 0 경기79바1752 4 66 232000081 277102324 23 
2020-12-14T07:28:17 0 0 경기79바1752 4 66 232000081 277102324 23 
2020-12-14T07:29:17 0 0 경기79바1752 4 66 232000081 277102324 23 
2020-12-14T07:30:17 0 0 경기79바1752 4 66 232000081 277102324 23 
2020-12-14T07:31:17 0 0 경기79바1752 4 66 232000081 277103895 24 
2020-12-14T07:32:16 0 0 경기79바1752 4 66 232000081 277103895 24 
2020-12-14T07:33:15 0 0 경기79바1752 4 66 232000081 277103895 24 
2020-12-14T07:34:15 0 0 경기79바1752 4 66 232000081 277103895 24 
2020-12-14T07:35:14 0 0 경기79바1752 4 66 232000081 277103895 24 
2020-12-14T07:36:13 0 0 경기79바1752 4 66 232000081 277103895 24 
2020-12-14T07:37:13 0 0 경기79바1752 4 66 232000081 277103895 24 
2020-12-14T07:38:12 0 0 경기79바1752 4 66 232000081 119000040 26 
2020-12-14T07:39:11 0 0 경기79바1752 4 66 232000081 119000040 26 
2020-12-14T07:40:10 0 0 경기79바1752 4 66 232000081 119000040 26 
2020-12-14T07:41:09 0 0 경기79바1752 4 66 232000081 119000040 26 
2020-12-14T07:42:09 0 0 경기79바1752 4 66 232000081 119000040 26 
2020-12-14T07:43:08 0 0 경기79바1752 4 66 232000081 119000040 26 
2020-12-14T07:44:07 0 0 경기79바1752 4 66 232000081 121000020 27 
2020-12-14T07:45:07 0 0 경기79바1752 4 70 232000081 121000020 27 
2020-12-14T07:46:06 0 0 경기79바1752 4 72 232000081 121000018 28 
2020-12-14T07:47:05 0 0 경기79바1752 4 72 232000081 121000018 28 
2020-12-14T07:48:04 0 0 경기79바1752 4 72 232000081 121000018 28 
2020-12-14T07:49:04 0 0 경기79바1752 4 72 232000081 121000013 29 
2020-12-14T07:50:04 0 0 경기79바1752 4 72 232000081 121000013 29 
2020-12-14T07:51:03 0 0 경기79바1752 4 73 232000081 121000011 30 
2020-12-14T07:52:02 0 0 경기79바1752 4 73 232000081 121000011 30 
2020-12-14T07:53:01 0 0 경기79바1752 4 73 232000081 121000011 30 
2020-12-14T07:54:01 0 0 경기79바1752 4 73 232000081 121000009 31 
2020-12-14T07:55:00 0 0 경기79바1752 4 73 232000081 121000009 31 
2020-12-14T07:55:59 0 0 경기79바1752 4 73 232000081 121000009 31 
2020-12-14T07:56:59 0 0 경기79바1752 4 73 232000081 121000009 31 
2020-12-14T07:57:58 0 0 경기79바1752 4 73 232000081 121000009 31 
2020-12-14T07:58:57 0 0 경기79바1752 4 73 232000081 121000009 31 
2020-12-14T07:59:56 0 0 경기79바1752 4 73 232000081 277101860 32 
2020-12-14T08:00:56 0 0 경기79바1752 4 73 232000081 277104255 33 
2020-12-14T08:01:55 0 0 경기79바1752 4 73 232000081 277104255 33 
2020-12-14T08:02:54 0 0 경기79바1752 4 73 232000081 277104253 35 
2020-12-14T08:03:53 0 0 경기79바1752 4 73 232000081 277104253 35 
2020-12-14T08:04:52 0 0 경기79바1752 4 73 232000081 277104254 36 
2020-12-14T08:05:51 0 0 경기79바1752 4 73 232000081 277101873 37 
2020-12-14T08:06:51 0 0 경기79바1752 4 73 232000081 277101873 37 
2020-12-14T08:07:51 0 0 경기79바1752 4 73 232000081 277101873 37 
2020-12-14T08:08:50 0 0 경기79바1752 4 73 232000081 277101873 37 
2020-12-14T08:09:49 0 0 경기79바1752 4 73 232000081 122000614 38 
2020-12-14T08:10:49 0 0 경기79바1752 4 73 232000081 122000614 38 
2020-12-14T08:11:48 0 0 경기79바1752 4 73 232000081 122000614 38 
2020-12-14T08:12:47 0 0 경기79바1752 4 73 232000081 122000654 39 
2020-12-14T08:13:47 0 0 경기79바1752 4 73 232000081 122000654 39 
2020-12-14T08:14:46 0 0 경기79바1752 4 73 232000081 121000014 40 
2020-12-14T08:15:45 0 0 경기79바1752 4 73 232000081 121000014 40 
2020-12-14T08:16:45 0 0 경기79바1752 4 73 232000081 121000014 40 
2020-12-14T08:17:45 0 0 경기79바1752 4 73 232000081 121000014 40 
2020-12-14T08:18:44 0 0 경기79바1752 4 73 232000081 121000017 41 
2020-12-14T08:19:43 0 0 경기79바1752 4 73 232000081 121000017 41 
2020-12-14T08:20:42 0 0 경기79바1752 4 73 232000081 121000019 42 
2020-12-14T08:21:42 0 0 경기79바1752 4 73 232000081 121000019 42 
2020-12-14T08:22:41 0 0 경기79바1752 4 73 232000081 121000019 42 
2020-12-14T08:23:41 0 0 경기79바1752 4 73 232000081 121000019 42 
2020-12-14T08:24:40 0 0 경기79바1752 4 73 232000081 121000019 42 
2020-12-14T08:25:40 0 0 경기79바1752 4 73 232000081 121000019 42 
2020-12-14T08:26:40 0 0 경기79바1752 4 73 232000081 121000019 42 
2020-12-14T08:27:39 0 0 경기79바1752 4 73 232000081 119000041 43 
2020-12-14T08:28:39 0 0 경기79바1752 4 73 232000081 119000041 43 
2020-12-14T08:29:38 0 0 경기79바1752 4 73 232000081 119000041 43 
2020-12-14T08:30:38 0 0 경기79바1752 4 73 232000081 119000034 44 
2020-12-14T08:31:38 0 0 경기79바1752 4 73 232000081 119000034 44 
2020-12-14T08:32:38 0 0 경기79바1752 4 73 232000081 119000034 44 
2020-12-14T08:33:37 0 0 경기79바1752 4 73 232000081 119000034 44 
2020-12-14T08:34:37 0 0 경기79바1752 4 73 232000081 277103859 45 
2020-12-14T08:35:36 0 0 경기79바1752 4 73 232000081 277103859 45 
2020-12-14T08:36:36 0 0 경기79바1752 4 73 232000081 277100138 46 
2020-12-14T08:37:35 0 0 경기79바1752 4 73 232000081 277100138 46 
2020-12-14T08:38:35 0 0 경기79바1752 4 73 232000081 277103411 47 
2020-12-14T08:39:35 0 0 경기79바1752 4 73 232000081 277103407 48 
2020-12-14T08:40:34 0 0 경기79바1752 4 73 232000081 277103405 49 
2020-12-14T08:41:33 0 0 경기79바1752 4 73 232000081 277103405 49 
2020-12-14T08:42:33 0 0 경기79바1752 4 73 232000081 277103405 49 
2020-12-14T08:43:32 0 0 경기79바1752 4 73 232000081 277103405 49 
2020-12-14T08:44:32 0 0 경기79바1752 4 73 232000081 277103405 49 
2020-12-14T08:45:31 0 0 경기79바1752 4 73 232000081 277103402 50 
2020-12-14T08:46:30 0 0 경기79바1752 4 73 232000081 277103402 50 
2020-12-14T08:47:29 0 0 경기79바1752 4 73 232000081 277103402 50 
2020-12-14T08:48:29 0 0 경기79바1752 4 73 232000081 277103401 51 
2020-12-14T08:49:28 0 0 경기79바1752 4 73 232000081 277103401 51 
2020-12-14T08:50:28 0 0 경기79바1752 4 73 232000081 277103401 51 
2020-12-14T08:51:27 0 0 경기79바1752 4 73 232000081 277103401 51 
2020-12-14T08:52:26 0 0 경기79바1752 4 73 232000081 277102738 52 
2020-12-14T08:53:26 0 0 경기79바1752 4 73 232000081 277102738 52 
2020-12-14T08:54:25 0 0 경기79바1752 4 73 232000081 277102738 52 
2020-12-14T08:55:25 0 0 경기79바1752 4 73 232000081 277102738 52 
2020-12-14T08:56:24 0 0 경기79바1752 4 73 232000081 277102738 52 
2020-12-14T08:57:23 0 0 경기79바1752 4 73 232000081 277102736 53 
2020-12-14T08:58:23 0 0 경기79바1752 4 73 232000081 277102736 53 
2020-12-14T08:59:23 0 0 경기79바1752 4 73 232000081 277102736 53 
2020-12-14T09:00:22 0 0 경기79바1752 4 73 232000081 277102736 53 
2020-12-14T09:01:22 0 0 경기79바1752 4 73 232000081 277102736 53 
2020-12-14T09:02:21 0 0 경기79바1752 4 73 232000081 277102736 53 
2020-12-14T09:03:20 0 0 경기79바1752 4 73 232000081 277102736 53 
2020-12-14T09:04:19 0 0 경기79바1752 4 73 232000081 232000726 54 
2020-12-14T09:05:19 0 0 경기79바1752 4 73 232000081 232000544 56 
2020-12-14T09:06:18 0 0 경기79바1752 4 73 232000081 232000554 57 
2020-12-14T09:07:17 0 0 경기79바1752 4 73 232000081 232000554 57 
2020-12-14T09:08:17 0 0 경기79바1752 4 73 232000081 232000550 58 
2020-12-14T09:09:16 0 0 경기79바1752 4 73 232000081 232000546 59 
2020-12-14T09:10:15 0 0 경기79바1752 4 73 232000081 232000546 59 
2020-12-14T09:11:15 0 0 경기79바1752 4 73 232000081 232000781 60 
2020-12-14T09:12:14 0 0 경기79바1752 4 73 232000081 232000742 61 
2020-12-14T09:13:13 0 0 경기79바1752 4 73 232000081 232000706 62 
2020-12-14T09:14:13 0 0 경기79바1752 4 73 232000081 232000705 64 
2020-12-14T09:15:12 0 0 경기79바1752 4 73 232000081 232000705 64 
2020-12-14T09:16:11 0 0 경기79바1752 4 73 232000081 232000705 64 
2020-12-14T09:17:11 0 0 경기79바1752 4 73 232000081 232000705 64 
2020-12-14T09:18:11 0 0 경기79바1752 4 73 232000081 232000705 64 
2020-12-14T09:19:10 0 0 경기79바1752 4 73 232000081 232000705 64 
2020-12-14T09:20:09 0 0 경기79바1752 4 73 232000081 232000705 64 
2020-12-14T09:21:09 0 0 경기79바1752 4 73 232000081 232000705 64 
2020-12-14T09:22:09 0 0 경기79바1752 4 73 232000081 232000705 64 
2020-12-14T09:23:08 0 0 경기79바1752 4 73 232000081 232000705 64 
2020-12-14T09:24:07 0 0 경기79바1752 4 73 232000081 232000705 64 
2020-12-14T09:25:06 0 0 경기79바1752 4 73 232000081 232000705 64 
2020-12-14T09:26:07 0 0 경기79바1752 4 73 232000081 232000705 64 
2020-12-14T09:27:06 0 0 경기79바1752 4 73 232000081 232000705 64 
2020-12-14T09:28:06 0 0 경기79바1752 4 73 232000081 232000705 64 
2020-12-14T12:26:47 0 0 경기79바1752 4 73 232000081 232000704 3 
2020-12-14T12:27:47 0 0 경기79바1752 4 73 232000081 232000704 3 
2020-12-14T12:28:47 0 0 경기79바1752 4 72 232000081 232000725 4 
2020-12-14T12:29:46 0 0 경기79바1752 4 72 232000081 232000725 4 
2020-12-14T12:30:45 0 0 경기79바1752 4 72 232000081 232000725 4 
2020-12-14T12:31:45 0 0 경기79바1752 4 72 232000081 232000707 5 
2020-12-14T12:32:44 0 0 경기79바1752 4 72 232000081 277102614 6 
2020-12-14T12:33:44 0 0 경기79바1752 4 71 232000081 232000741 7 
2020-12-14T12:34:42 0 0 경기79바1752 4 71 232000081 232000777 8 
2020-12-14T12:35:42 0 0 경기79바1752 4 71 232000081 232000777 8 
2020-12-14T12:36:43 0 0 경기79바1752 4 71 232000081 232000777 8 
2020-12-14T12:37:41 0 0 경기79바1752 4 71 232000081 232000545 9 
2020-12-14T12:38:40 0 0 경기79바1752 4 71 232000081 232000545 9 
2020-12-14T12:39:40 0 0 경기79바1752 4 71 232000081 232000549 10 
2020-12-14T12:40:39 0 0 경기79바1752 4 72 232000081 232000549 10 
2020-12-14T12:41:39 0 0 경기79바1752 4 72 232000081 232000553 11 
2020-12-14T12:42:39 0 0 경기79바1752 4 71 232000081 232000553 11 
2020-12-14T12:43:39 0 0 경기79바1752 4 71 232000081 232000553 11 
2020-12-14T12:44:38 0 0 경기79바1752 4 71 232000081 232000543 12 
2020-12-14T12:45:38 0 0 경기79바1752 4 70 232000081 232000543 12 
2020-12-14T12:46:37 0 0 경기79바1752 4 70 232000081 232000543 12 
2020-12-14T12:47:37 0 0 경기79바1752 4 70 232000081 232000758 13 
2020-12-14T12:48:37 0 0 경기79바1752 4 69 232000081 232000758 13 
2020-12-14T12:49:37 0 0 경기79바1752 4 69 232000081 232000758 13 
2020-12-14T12:50:37 0 0 경기79바1752 4 69 232000081 232000727 14 
2020-12-14T12:51:36 0 0 경기79바1752 4 66 232000081 232000727 14 
2020-12-14T12:52:36 0 0 경기79바1752 4 66 232000081 232000727 14 
2020-12-14T12:53:35 0 0 경기79바1752 4 66 232000081 277102331 15 
2020-12-14T12:54:34 0 0 경기79바1752 4 66 232000081 277102331 15 
2020-12-14T12:55:33 0 0 경기79바1752 4 66 232000081 277102331 15 
2020-12-14T12:56:33 0 0 경기79바1752 4 66 232000081 277102735 16 
2020-12-14T12:57:33 0 0 경기79바1752 4 66 232000081 277102735 16 
2020-12-14T12:58:33 0 0 경기79바1752 4 66 232000081 277102735 16 
2020-12-14T12:59:32 0 0 경기79바1752 4 66 232000081 277102735 16 
2020-12-14T13:00:33 0 0 경기79바1752 4 66 232000081 277102737 17 
2020-12-14T13:01:32 0 0 경기79바1752 4 66 232000081 277102737 17 
2020-12-14T13:02:32 0 0 경기79바1752 4 66 232000081 277102737 17 
2020-12-14T13:03:31 0 0 경기79바1752 4 66 232000081 277101769 18 
2020-12-14T13:04:30 0 0 경기79바1752 4 66 232000081 277101769 18 
2020-12-14T13:05:30 0 0 경기79바1752 4 66 232000081 277101769 18 
2020-12-14T13:06:30 0 0 경기79바1752 4 66 232000081 277103403 19 
2020-12-14T13:07:30 0 0 경기79바1752 4 66 232000081 277103403 19 
2020-12-14T13:08:30 0 0 경기79바1752 4 66 232000081 277103403 19 
2020-12-14T13:09:29 0 0 경기79바1752 4 66 232000081 277103404 20 
2020-12-14T13:10:29 0 0 경기79바1752 4 66 232000081 277103406 21 
2020-12-14T13:11:29 0 0 경기79바1752 4 66 232000081 277103410 22 
2020-12-14T13:12:29 0 0 경기79바1752 4 66 232000081 277102324 23 
2020-12-14T13:13:29 0 0 경기79바1752 4 66 232000081 277102324 23 
2020-12-14T13:14:28 0 0 경기79바1752 4 66 232000081 277103895 24 
2020-12-14T13:15:27 0 0 경기79바1752 4 66 232000081 277103895 24 
2020-12-14T13:16:27 0 0 경기79바1752 4 66 232000081 277103895 24 
2020-12-14T13:17:27 0 0 경기79바1752 4 66 232000081 119000033 25 
2020-12-14T13:18:26 0 0 경기79바1752 4 67 232000081 119000033 25 
2020-12-14T13:19:24 0 0 경기79바1752 4 67 232000081 119000033 25 
2020-12-14T13:20:24 0 0 경기79바1752 4 69 232000081 119000040 26 
2020-12-14T13:21:24 0 0 경기79바1752 4 69 232000081 119000040 26 
2020-12-14T13:22:25 0 0 경기79바1752 4 69 232000081 119000040 26 
2020-12-14T13:23:23 0 0 경기79바1752 4 69 232000081 119000040 26 
2020-12-14T13:24:22 0 0 경기79바1752 4 69 232000081 119000040 26 
2020-12-14T13:25:21 0 0 경기79바1752 4 69 232000081 119000040 26 
2020-12-14T13:26:22 0 0 경기79바1752 4 72 232000081 121000020 27 
2020-12-14T13:27:20 0 0 경기79바1752 4 72 232000081 121000020 27 
2020-12-14T13:28:21 0 0 경기79바1752 4 72 232000081 121000020 27 
2020-12-14T13:29:21 0 0 경기79바1752 4 72 232000081 121000020 27 
2020-12-14T13:30:21 0 0 경기79바1752 4 72 232000081 121000018 28 
2020-12-14T13:31:19 0 0 경기79바1752 4 72 232000081 121000018 28 
2020-12-14T13:32:19 0 0 경기79바1752 4 72 232000081 121000018 28 
2020-12-14T13:33:18 0 0 경기79바1752 4 72 232000081 121000018 28 
2020-12-14T13:34:17 0 0 경기79바1752 4 72 232000081 121000013 29 
2020-12-14T13:35:17 0 0 경기79바1752 4 72 232000081 121000013 29 
2020-12-14T13:36:17 0 0 경기79바1752 4 72 232000081 121000011 30 
2020-12-14T13:37:18 0 0 경기79바1752 4 72 232000081 121000009 31 
2020-12-14T13:38:18 0 0 경기79바1752 4 73 232000081 121000009 31 
2020-12-14T13:39:18 0 0 경기79바1752 4 73 232000081 121000009 31 
2020-12-14T13:40:18 0 0 경기79바1752 4 73 232000081 121000009 31 
2020-12-14T13:41:15 0 0 경기79바1752 4 73 232000081 121000009 31 
2020-12-14T13:42:15 0 0 경기79바1752 4 73 232000081 121000009 31 
2020-12-14T13:43:13 0 0 경기79바1752 4 73 232000081 277101860 32 
2020-12-14T13:44:13 0 0 경기79바1752 4 73 232000081 277104255 33 
2020-12-14T13:45:12 0 0 경기79바1752 4 73 232000081 277101752 34 
2020-12-14T13:46:11 0 0 경기79바1752 4 73 232000081 277104253 35 
2020-12-14T13:47:10 0 0 경기79바1752 4 73 232000081 277104254 36 
2020-12-14T13:48:09 0 0 경기79바1752 4 73 232000081 277101873 37 
2020-12-14T13:49:09 0 0 경기79바1752 4 73 232000081 277101873 37 
2020-12-14T13:50:09 0 0 경기79바1752 4 73 232000081 122000614 38 
2020-12-14T13:51:08 0 0 경기79바1752 4 73 232000081 122000614 38 
2020-12-14T13:52:08 0 0 경기79바1752 4 72 232000081 122000614 38 
2020-12-14T13:53:07 0 0 경기79바1752 4 72 232000081 122000614 38 
2020-12-14T13:54:07 0 0 경기79바1752 4 72 232000081 122000654 39 
2020-12-14T13:55:06 0 0 경기79바1752 4 72 232000081 122000654 39 
2020-12-14T13:56:06 0 0 경기79바1752 4 72 232000081 121000014 40 
2020-12-14T13:57:06 0 0 경기79바1752 4 72 232000081 121000014 40 
2020-12-14T13:58:05 0 0 경기79바1752 4 72 232000081 121000014 40 
2020-12-14T13:59:04 0 0 경기79바1752 4 72 232000081 121000014 40 
2020-12-14T14:00:04 0 0 경기79바1752 4 72 232000081 121000017 41 
2020-12-14T14:01:02 0 0 경기79바1752 4 72 232000081 121000017 41 
2020-12-14T14:02:02 0 0 경기79바1752 4 72 232000081 121000017 41 
2020-12-14T14:03:02 0 0 경기79바1752 4 71 232000081 121000019 42 
2020-12-14T14:04:01 0 0 경기79바1752 4 71 232000081 121000019 42 
2020-12-14T14:05:01 0 0 경기79바1752 4 71 232000081 121000019 42 
2020-12-14T14:06:01 0 0 경기79바1752 4 71 232000081 121000019 42 
2020-12-14T14:07:01 0 0 경기79바1752 4 71 232000081 121000019 42 
2020-12-14T14:08:00 0 0 경기79바1752 4 71 232000081 121000019 42 
2020-12-14T14:09:00 0 0 경기79바1752 4 71 232000081 121000019 42 
2020-12-14T14:10:00 0 0 경기79바1752 4 71 232000081 119000041 43 
2020-12-14T14:10:59 0 0 경기79바1752 4 71 232000081 119000041 43 
2020-12-14T14:11:59 0 0 경기79바1752 4 71 232000081 119000034 44 
2020-12-14T14:12:58 0 0 경기79바1752 4 71 232000081 119000034 44 
2020-12-14T14:13:58 0 0 경기79바1752 4 71 232000081 119000034 44 
2020-12-14T14:14:58 0 0 경기79바1752 4 71 232000081 277103859 45 
2020-12-14T14:15:57 0 0 경기79바1752 4 71 232000081 277103859 45 
2020-12-14T14:16:57 0 0 경기79바1752 4 71 232000081 277100138 46 
2020-12-14T14:17:56 0 0 경기79바1752 4 71 232000081 277100138 46 
2020-12-14T14:18:56 0 0 경기79바1752 4 71 232000081 277103411 47 
2020-12-14T14:19:56 0 0 경기79바1752 4 71 232000081 277103407 48 
2020-12-14T14:20:56 0 0 경기79바1752 4 71 232000081 277103405 49 
2020-12-14T14:21:56 0 0 경기79바1752 4 71 232000081 277103405 49 
2020-12-14T14:22:55 0 0 경기79바1752 4 71 232000081 277103405 49 
2020-12-14T14:23:55 0 0 경기79바1752 4 71 232000081 277103402 50 
2020-12-14T14:24:55 0 0 경기79바1752 4 71 232000081 277103402 50 
2020-12-14T14:25:55 0 0 경기79바1752 4 71 232000081 277103402 50 
2020-12-14T14:26:54 0 0 경기79바1752 4 71 232000081 277103401 51 
2020-12-14T14:27:54 0 0 경기79바1752 4 71 232000081 277103401 51 
2020-12-14T14:28:54 0 0 경기79바1752 4 71 232000081 277103401 51 
2020-12-14T14:29:54 0 0 경기79바1752 4 71 232000081 277102738 52 
2020-12-14T14:30:53 0 0 경기79바1752 4 71 232000081 277102738 52 
2020-12-14T14:31:53 0 0 경기79바1752 4 71 232000081 277102738 52 
2020-12-14T14:32:52 0 0 경기79바1752 4 71 232000081 277102738 52 
2020-12-14T14:33:52 0 0 경기79바1752 4 71 232000081 277102736 53 
2020-12-14T14:34:52 0 0 경기79바1752 4 71 232000081 277102736 53 
2020-12-14T14:35:54 0 0 경기79바1752 4 71 232000081 277102736 53 
2020-12-14T14:36:52 0 0 경기79바1752 4 71 232000081 277102736 53 
2020-12-14T14:37:52 0 0 경기79바1752 4 71 232000081 277102736 53 
2020-12-14T14:38:50 0 0 경기79바1752 4 71 232000081 277102736 53 
2020-12-14T14:39:50 0 0 경기79바1752 4 71 232000081 277102736 53 
2020-12-14T14:40:50 0 0 경기79바1752 4 71 232000081 232000726 54 
2020-12-14T14:41:50 0 0 경기79바1752 4 73 232000081 232000759 55 
2020-12-14T14:42:49 0 0 경기79바1752 4 73 232000081 232000759 55 
2020-12-14T14:43:49 0 0 경기79바1752 4 73 232000081 232000759 55 
2020-12-14T14:44:49 0 0 경기79바1752 4 73 232000081 232000759 55 
2020-12-14T14:45:49 0 0 경기79바1752 4 73 232000081 232000544 56 
2020-12-14T14:46:48 0 0 경기79바1752 4 73 232000081 232000544 56 
2020-12-14T14:47:48 0 0 경기79바1752 4 73 232000081 232000554 57 
2020-12-14T14:48:48 0 0 경기79바1752 4 73 232000081 232000554 57 
2020-12-14T14:49:48 0 0 경기79바1752 4 73 232000081 232000550 58 
2020-12-14T14:50:47 0 0 경기79바1752 4 73 232000081 232000546 59 
2020-12-14T14:51:47 0 0 경기79바1752 4 73 232000081 232000546 59 
2020-12-14T14:52:47 0 0 경기79바1752 4 73 232000081 232000781 60 
2020-12-14T14:53:47 0 0 경기79바1752 4 73 232000081 232000742 61 
2020-12-14T14:54:47 0 0 경기79바1752 4 73 232000081 232000706 62 
2020-12-14T14:55:46 0 0 경기79바1752 4 73 232000081 232000724 63 
2020-12-14T14:56:46 0 0 경기79바1752 4 73 232000081 232000705 64 
2020-12-14T14:57:45 0 0 경기79바1752 4 73 232000081 232000705 64 
2020-12-14T14:58:45 0 0 경기79바1752 4 73 232000081 232000705 64 
2020-12-14T14:59:44 0 0 경기79바1752 4 73 232000081 232000705 64 
2020-12-14T15:00:44 0 0 경기79바1752 4 73 232000081 232000705 64 
2020-12-14T15:01:44 0 0 경기79바1752 4 73 232000081 232000705 64 
2020-12-14T15:02:44 0 0 경기79바1752 4 73 232000081 232000705 64 
2020-12-14T15:03:43 0 0 경기79바1752 4 73 232000081 232000705 64 
2020-12-14T15:04:42 0 0 경기79바1752 4 73 232000081 232000705 64 
2020-12-14T15:05:42 0 0 경기79바1752 4 73 232000081 232000705 64 
2020-12-14T15:06:42 0 0 경기79바1752 4 73 232000081 232000705 64 
2020-12-14T15:07:42 0 0 경기79바1752 4 73 232000081 232000705 64 
2020-12-14T15:08:41 0 0 경기79바1752 4 73 232000081 232000705 64 
2020-12-14T15:09:41 0 0 경기79바1752 4 73 232000081 232000705 64 
2020-12-14T15:10:41 0 0 경기79바1752 4 73 232000081 232000705 64 
2020-12-14T17:55:43 0 0 경기79바1752 4 73 232000081 232000704 3 
2020-12-14T17:56:43 0 0 경기79바1752 4 73 232000081 232000704 3 
2020-12-14T17:57:43 0 0 경기79바1752 4 73 232000081 232000704 3 
2020-12-14T17:58:43 0 0 경기79바1752 4 73 232000081 232000725 4 
2020-12-14T17:59:43 0 0 경기79바1752 4 73 232000081 277102614 6 
2020-12-14T18:00:43 0 0 경기79바1752 4 73 232000081 232000777 8 
2020-12-14T18:01:43 0 0 경기79바1752 4 73 232000081 232000777 8 
2020-12-14T18:02:42 0 0 경기79바1752 4 73 232000081 232000777 8 
2020-12-14T18:03:42 0 0 경기79바1752 4 73 232000081 232000777 8 
2020-12-14T18:04:41 0 0 경기79바1752 4 73 232000081 232000777 8 
2020-12-14T18:05:41 0 0 경기79바1752 4 73 232000081 232000545 9 
2020-12-14T18:06:40 0 0 경기79바1752 4 73 232000081 232000545 9 
2020-12-14T18:07:40 0 0 경기79바1752 4 73 232000081 232000549 10 
2020-12-14T18:08:40 0 0 경기79바1752 4 71 232000081 232000553 11 
2020-12-14T18:09:40 0 0 경기79바1752 4 71 232000081 232000553 11 
2020-12-14T18:10:40 0 0 경기79바1752 4 71 232000081 232000553 11 
2020-12-14T18:11:40 0 0 경기79바1752 4 71 232000081 232000543 12 
2020-12-14T18:12:39 0 0 경기79바1752 4 71 232000081 232000543 12 
2020-12-14T18:13:39 0 0 경기79바1752 4 71 232000081 232000543 12 
2020-12-14T18:14:38 0 0 경기79바1752 4 71 232000081 232000758 13 
2020-12-14T18:15:38 0 0 경기79바1752 4 71 232000081 232000758 13 
2020-12-14T18:16:38 0 0 경기79바1752 4 71 232000081 232000758 13 
2020-12-14T18:17:37 0 0 경기79바1752 4 70 232000081 232000727 14 
2020-12-14T18:18:37 0 0 경기79바1752 4 70 232000081 232000727 14 
2020-12-14T18:19:37 0 0 경기79바1752 4 70 232000081 277102331 15 
2020-12-14T18:20:36 0 0 경기79바1752 4 70 232000081 277102331 15 
2020-12-14T18:21:36 0 0 경기79바1752 4 70 232000081 277102331 15 
2020-12-14T18:22:36 0 0 경기79바1752 4 70 232000081 277102735 16 
2020-12-14T18:23:35 0 0 경기79바1752 4 70 232000081 277102735 16 
2020-12-14T18:24:35 0 0 경기79바1752 4 70 232000081 277102735 16 
2020-12-14T18:25:35 0 0 경기79바1752 4 70 232000081 277102735 16 
2020-12-14T18:26:34 0 0 경기79바1752 4 70 232000081 277102737 17 
2020-12-14T18:27:34 0 0 경기79바1752 4 70 232000081 277102737 17 
2020-12-14T18:28:33 0 0 경기79바1752 4 70 232000081 277102737 17 
2020-12-14T18:29:33 0 0 경기79바1752 4 70 232000081 277102737 17 
2020-12-14T18:30:33 0 0 경기79바1752 4 70 232000081 277101769 18 
2020-12-14T18:31:32 0 0 경기79바1752 4 70 232000081 277101769 18 
2020-12-14T18:32:32 0 0 경기79바1752 4 70 232000081 277101769 18 
2020-12-14T18:33:32 0 0 경기79바1752 4 70 232000081 277101769 18 
2020-12-14T18:34:31 0 0 경기79바1752 4 70 232000081 277101769 18 
2020-12-14T18:35:31 0 0 경기79바1752 4 70 232000081 277103403 19 
2020-12-14T18:36:31 0 0 경기79바1752 4 70 232000081 277103403 19 
2020-12-14T18:37:30 0 0 경기79바1752 4 70 232000081 277103403 19 
2020-12-14T18:38:31 0 0 경기79바1752 4 70 232000081 277103403 19 
2020-12-14T18:39:30 0 0 경기79바1752 4 70 232000081 277103404 20 
2020-12-14T18:40:30 0 0 경기79바1752 4 70 232000081 277103406 21 
2020-12-14T18:41:29 0 0 경기79바1752 4 70 232000081 277103410 22 
2020-12-14T18:42:29 0 0 경기79바1752 4 70 232000081 277102324 23 
2020-12-14T18:43:29 0 0 경기79바1752 4 70 232000081 277102324 23 
2020-12-14T18:44:29 0 0 경기79바1752 4 70 232000081 277102324 23 
2020-12-14T18:45:29 0 0 경기79바1752 4 70 232000081 277103895 24 
2020-12-14T18:46:28 0 0 경기79바1752 4 70 232000081 277103895 24 
2020-12-14T18:47:28 0 0 경기79바1752 4 70 232000081 277103895 24 
2020-12-14T18:48:27 0 0 경기79바1752 4 70 232000081 277103895 24 
2020-12-14T18:49:27 0 0 경기79바1752 4 70 232000081 277103895 24 
2020-12-14T18:50:26 0 0 경기79바1752 4 72 232000081 119000033 25 
2020-12-14T18:51:26 0 0 경기79바1752 4 72 232000081 119000033 25 
2020-12-14T18:52:25 0 0 경기79바1752 4 72 232000081 119000033 25 
2020-12-14T18:53:25 0 0 경기79바1752 4 72 232000081 119000040 26 
2020-12-14T18:54:25 0 0 경기79바1752 4 72 232000081 119000040 26 
2020-12-14T18:55:24 0 0 경기79바1752 4 72 232000081 119000040 26 
2020-12-14T18:56:24 0 0 경기79바1752 4 72 232000081 119000040 26 
2020-12-14T18:57:23 0 0 경기79바1752 4 72 232000081 119000040 26 
2020-12-14T18:58:23 0 0 경기79바1752 4 72 232000081 119000040 26 
2020-12-14T18:59:23 0 0 경기79바1752 4 73 232000081 119000040 26 
2020-12-14T19:00:23 0 0 경기79바1752 4 73 232000081 121000020 27 
2020-12-14T19:01:22 0 0 경기79바1752 4 73 232000081 121000020 27 
2020-12-14T19:02:21 0 0 경기79바1752 4 73 232000081 121000018 28 
2020-12-14T19:03:21 0 0 경기79바1752 4 73 232000081 121000018 28 
2020-12-14T19:04:21 0 0 경기79바1752 4 73 232000081 121000013 29 
2020-12-14T19:05:21 0 0 경기79바1752 4 73 232000081 121000013 29 
2020-12-14T19:06:20 0 0 경기79바1752 4 73 232000081 121000011 30 
2020-12-14T19:07:21 0 0 경기79바1752 4 73 232000081 121000011 30 
2020-12-14T19:08:20 0 0 경기79바1752 4 73 232000081 121000009 31 
2020-12-14T19:09:20 0 0 경기79바1752 4 73 232000081 121000009 31 
2020-12-14T19:10:20 0 0 경기79바1752 4 73 232000081 121000009 31 
2020-12-14T19:11:20 0 0 경기79바1752 4 73 232000081 277101860 32 
2020-12-14T19:12:20 0 0 경기79바1752 4 73 232000081 277104255 33 
2020-12-14T19:13:19 0 0 경기79바1752 4 73 232000081 277104255 33 
2020-12-14T19:14:20 0 0 경기79바1752 4 73 232000081 277104253 35 
2020-12-14T19:15:19 0 0 경기79바1752 4 73 232000081 277104253 35 
2020-12-14T19:16:18 0 0 경기79바1752 4 73 232000081 277104254 36 
2020-12-14T19:17:18 0 0 경기79바1752 4 73 232000081 277104254 36 
2020-12-14T19:18:18 0 0 경기79바1752 4 73 232000081 277101873 37 
2020-12-14T19:19:18 0 0 경기79바1752 4 73 232000081 277101873 37 
2020-12-14T19:20:17 0 0 경기79바1752 4 73 232000081 277101873 37 
2020-12-14T19:21:16 0 0 경기79바1752 4 73 232000081 277101873 37 
2020-12-14T19:22:16 0 0 경기79바1752 4 73 232000081 277101873 37 
2020-12-14T19:23:16 0 0 경기79바1752 4 73 232000081 277101873 37 
2020-12-14T19:24:16 0 0 경기79바1752 4 73 232000081 277101873 37 
2020-12-14T19:25:16 0 0 경기79바1752 4 73 232000081 122000614 38 
2020-12-14T19:26:16 0 0 경기79바1752 4 68 232000081 122000614 38 
2020-12-14T19:27:16 0 0 경기79바1752 4 68 232000081 122000614 38 
2020-12-14T19:28:15 0 0 경기79바1752 4 68 232000081 122000614 38 
2020-12-14T19:29:15 0 0 경기79바1752 4 63 232000081 122000654 39 
2020-12-14T19:30:15 0 0 경기79바1752 4 63 232000081 122000654 39 
2020-12-14T19:31:14 0 0 경기79바1752 4 63 232000081 122000654 39 
2020-12-14T19:32:14 0 0 경기79바1752 4 62 232000081 121000014 40 
2020-12-14T19:33:13 0 0 경기79바1752 4 62 232000081 121000014 40 
2020-12-14T19:34:12 0 0 경기79바1752 4 62 232000081 121000014 40 
2020-12-14T19:35:12 0 0 경기79바1752 4 62 232000081 121000014 40 
2020-12-14T19:36:11 0 0 경기79바1752 4 62 232000081 121000014 40 
2020-12-14T19:37:11 0 0 경기79바1752 4 62 232000081 121000014 40 
2020-12-14T19:38:10 0 0 경기79바1752 4 59 232000081 121000017 41 
2020-12-14T19:39:10 0 0 경기79바1752 4 59 232000081 121000017 41 
2020-12-14T19:40:09 0 0 경기79바1752 4 58 232000081 121000019 42 
2020-12-14T19:41:08 0 0 경기79바1752 4 58 232000081 121000019 42 
2020-12-14T19:42:08 0 0 경기79바1752 4 58 232000081 121000019 42 
2020-12-14T19:43:07 0 0 경기79바1752 4 58 232000081 121000019 42 
2020-12-14T19:44:07 0 0 경기79바1752 4 58 232000081 121000019 42 
2020-12-14T19:45:06 0 0 경기79바1752 4 58 232000081 121000019 42 
2020-12-14T19:46:05 0 0 경기79바1752 4 58 232000081 121000019 42 
2020-12-14T19:47:05 0 0 경기79바1752 4 58 232000081 121000019 42 
2020-12-14T19:48:05 0 0 경기79바1752 4 58 232000081 119000041 43 
2020-12-14T19:49:05 0 0 경기79바1752 4 58 232000081 119000041 43 
2020-12-14T19:50:05 0 0 경기79바1752 4 58 232000081 119000041 43 
2020-12-14T19:51:04 0 0 경기79바1752 4 58 232000081 119000041 43 
2020-12-14T19:52:04 0 0 경기79바1752 4 58 232000081 119000041 43 
2020-12-14T19:53:04 0 0 경기79바1752 4 57 232000081 119000034 44 
2020-12-14T19:54:04 0 0 경기79바1752 4 57 232000081 119000034 44 
2020-12-14T19:55:03 0 0 경기79바1752 4 57 232000081 119000034 44 
2020-12-14T19:56:03 0 0 경기79바1752 4 57 232000081 119000034 44 
2020-12-14T19:57:02 0 0 경기79바1752 4 57 232000081 277103859 45 
2020-12-14T19:58:02 0 0 경기79바1752 4 57 232000081 277103859 45 
2020-12-14T19:59:02 0 0 경기79바1752 4 57 232000081 277103859 45 
2020-12-14T20:00:01 0 0 경기79바1752 4 57 232000081 277103859 45 
2020-12-14T20:01:01 0 0 경기79바1752 4 57 232000081 277100138 46 
2020-12-14T20:02:00 0 0 경기79바1752 4 57 232000081 277100138 46 
2020-12-14T20:03:00 0 0 경기79바1752 4 57 232000081 277103411 47 
2020-12-14T20:04:00 0 0 경기79바1752 4 57 232000081 277103411 47 
2020-12-14T20:04:59 0 0 경기79바1752 4 57 232000081 277103411 47 
2020-12-14T20:05:59 0 0 경기79바1752 4 57 232000081 277103407 48 
2020-12-14T20:06:59 0 0 경기79바1752 4 57 232000081 277103407 48 
2020-12-14T20:07:58 0 0 경기79바1752 4 57 232000081 277103407 48 
2020-12-14T20:08:58 0 0 경기79바1752 4 57 232000081 277103405 49 
2020-12-14T20:09:58 0 0 경기79바1752 4 57 232000081 277103405 49 
2020-12-14T20:10:57 0 0 경기79바1752 4 57 232000081 277103405 49 
2020-12-14T20:11:57 0 0 경기79바1752 4 57 232000081 277103405 49 
2020-12-14T20:12:56 0 0 경기79바1752 4 57 232000081 277103405 49 
2020-12-14T20:13:56 0 0 경기79바1752 4 57 232000081 277103405 49 
2020-12-14T20:14:56 0 0 경기79바1752 4 57 232000081 277103402 50 
2020-12-14T20:15:55 0 0 경기79바1752 4 57 232000081 277103402 50 
2020-12-14T20:16:55 0 0 경기79바1752 4 57 232000081 277103402 50 
2020-12-14T20:17:55 0 0 경기79바1752 4 57 232000081 277103402 50 
2020-12-14T20:18:55 0 0 경기79바1752 4 57 232000081 277103401 51 
2020-12-14T20:19:54 0 0 경기79바1752 4 57 232000081 277103401 51 
2020-12-14T20:20:54 0 0 경기79바1752 4 57 232000081 277103401 51 
2020-12-14T20:21:53 0 0 경기79바1752 4 57 232000081 277102738 52 
2020-12-14T20:22:52 0 0 경기79바1752 4 57 232000081 277102738 52 
2020-12-14T20:23:52 0 0 경기79바1752 4 57 232000081 277102738 52 
2020-12-14T20:24:51 0 0 경기79바1752 4 57 232000081 277102738 52 
2020-12-14T20:25:51 0 0 경기79바1752 4 57 232000081 277102738 52 
2020-12-14T20:26:51 0 0 경기79바1752 4 57 232000081 277102736 53 
2020-12-14T20:27:50 0 0 경기79바1752 4 57 232000081 277102736 53 
2020-12-14T20:28:50 0 0 경기79바1752 4 57 232000081 277102736 53 
2020-12-14T20:29:50 0 0 경기79바1752 4 57 232000081 277102736 53 
2020-12-14T20:30:49 0 0 경기79바1752 4 57 232000081 277102736 53 
2020-12-14T20:31:48 0 0 경기79바1752 4 57 232000081 277102736 53 
2020-12-14T20:32:48 0 0 경기79바1752 4 57 232000081 277102736 53 
2020-12-14T20:33:48 0 0 경기79바1752 4 57 232000081 277102736 53 
2020-12-14T20:34:47 0 0 경기79바1752 4 61 232000081 232000726 54 
2020-12-14T20:35:46 0 0 경기79바1752 4 61 232000081 232000544 56 
2020-12-14T20:36:46 0 0 경기79바1752 4 61 232000081 232000544 56 
2020-12-14T20:37:46 0 0 경기79바1752 4 62 232000081 232000544 56 
2020-12-14T20:38:46 0 0 경기79바1752 4 62 232000081 232000554 57 
2020-12-14T20:39:46 0 0 경기79바1752 4 65 232000081 232000554 57 
2020-12-14T20:40:45 0 0 경기79바1752 4 66 232000081 232000550 58 
2020-12-14T20:41:45 0 0 경기79바1752 4 67 232000081 232000550 58 
2020-12-14T20:42:44 0 0 경기79바1752 4 67 232000081 232000546 59 
2020-12-14T20:43:44 0 0 경기79바1752 4 67 232000081 232000546 59 
2020-12-14T20:44:44 0 0 경기79바1752 4 68 232000081 232000781 60 
2020-12-14T20:45:43 0 0 경기79바1752 4 68 232000081 232000742 61 
2020-12-14T20:46:43 0 0 경기79바1752 4 70 232000081 232000742 61 
2020-12-14T20:47:42 0 0 경기79바1752 4 70 232000081 232000706 62 
2020-12-14T20:48:42 0 0 경기79바1752 4 70 232000081 232000706 62 
2020-12-14T20:49:41 0 0 경기79바1752 4 73 232000081 232000724 63 
2020-12-14T20:50:41 0 0 경기79바1752 4 73 232000081 232000724 63 
2020-12-14T20:51:40 0 0 경기79바1752 4 73 232000081 232000724 63 
2020-12-14T20:52:40 0 0 경기79바1752 4 73 232000081 232000705 64 
2020-12-14T22:02:13 0 0 경기79바1752 4 73 232000081 232000704 3 
2020-12-14T22:03:12 0 0 경기79바1752 4 73 232000081 232000704 3 
2020-12-14T22:04:13 0 0 경기79바1752 4 73 232000081 232000704 3 
2020-12-14T22:05:11 0 0 경기79바1752 4 73 232000081 232000707 5 
2020-12-14T22:06:11 0 0 경기79바1752 4 73 232000081 232000741 7 
2020-12-14T22:07:10 0 0 경기79바1752 4 73 232000081 232000777 8 
2020-12-14T22:08:10 0 0 경기79바1752 4 73 232000081 232000777 8 
2020-12-14T22:09:10 0 0 경기79바1752 4 73 232000081 232000777 8 
2020-12-14T22:10:10 0 0 경기79바1752 4 73 232000081 232000777 8 
2020-12-14T22:11:10 0 0 경기79바1752 4 73 232000081 232000545 9 
2020-12-14T22:12:10 0 0 경기79바1752 4 73 232000081 232000549 10 
2020-12-14T22:13:10 0 0 경기79바1752 4 73 232000081 232000553 11 
2020-12-14T22:14:09 0 0 경기79바1752 4 73 232000081 232000553 11 
2020-12-14T22:15:09 0 0 경기79바1752 4 73 232000081 232000543 12 
2020-12-14T22:16:09 0 0 경기79바1752 4 73 232000081 232000543 12 
2020-12-14T22:17:08 0 0 경기79바1752 4 73 232000081 232000543 12 
2020-12-14T22:18:09 0 0 경기79바1752 4 73 232000081 232000758 13 
2020-12-14T22:19:08 0 0 경기79바1752 4 71 232000081 232000727 14 
2020-12-14T22:20:08 0 0 경기79바1752 4 71 232000081 277102331 15 
2020-12-14T22:21:08 0 0 경기79바1752 4 71 232000081 277102331 15 
2020-12-14T22:22:07 0 0 경기79바1752 4 71 232000081 277102331 15 
2020-12-14T22:23:07 0 0 경기79바1752 4 71 232000081 277102735 16 
2020-12-14T22:24:07 0 0 경기79바1752 4 71 232000081 277102735 16 
2020-12-14T22:25:06 0 0 경기79바1752 4 71 232000081 277102735 16 
2020-12-14T22:26:06 0 0 경기79바1752 4 71 232000081 277102735 16 
2020-12-14T22:27:05 0 0 경기79바1752 4 71 232000081 277102737 17 
2020-12-14T22:28:04 0 0 경기79바1752 4 71 232000081 277102737 17 
2020-12-14T22:29:04 0 0 경기79바1752 4 71 232000081 277102737 17 
2020-12-14T22:30:04 0 0 경기79바1752 4 71 232000081 277101769 18 
2020-12-14T22:31:03 0 0 경기79바1752 4 71 232000081 277101769 18 
2020-12-14T22:32:03 0 0 경기79바1752 4 71 232000081 277101769 18 
2020-12-14T22:33:02 0 0 경기79바1752 4 71 232000081 277103403 19 
2020-12-14T22:34:02 0 0 경기79바1752 4 71 232000081 277103403 19 
2020-12-14T22:35:01 0 0 경기79바1752 4 71 232000081 277103403 19 
2020-12-14T22:36:01 0 0 경기79바1752 4 71 232000081 277103404 20 
2020-12-14T22:37:01 0 0 경기79바1752 4 71 232000081 277103406 21 
2020-12-14T22:38:00 0 0 경기79바1752 4 71 232000081 277103410 22 
2020-12-14T22:39:00 0 0 경기79바1752 4 71 232000081 277102324 23 
2020-12-14T22:39:59 0 0 경기79바1752 4 71 232000081 277102324 23 
2020-12-14T22:40:59 0 0 경기79바1752 4 71 232000081 277103895 24 
2020-12-14T22:41:59 0 0 경기79바1752 4 71 232000081 277103895 24 
2020-12-14T22:42:58 0 0 경기79바1752 4 71 232000081 277103895 24 
2020-12-14T22:43:57 0 0 경기79바1752 4 71 232000081 119000033 25 
2020-12-14T22:44:57 0 0 경기79바1752 4 71 232000081 119000033 25 
2020-12-14T22:45:56 0 0 경기79바1752 4 71 232000081 119000040 26 
2020-12-14T22:46:55 0 0 경기79바1752 4 71 232000081 119000040 26 
2020-12-14T22:47:55 0 0 경기79바1752 4 71 232000081 119000040 26 
2020-12-14T22:48:54 0 0 경기79바1752 4 71 232000081 119000040 26 
2020-12-14T22:49:54 0 0 경기79바1752 4 71 232000081 119000040 26 
2020-12-14T22:50:53 0 0 경기79바1752 4 72 232000081 121000020 27 
2020-12-14T22:51:53 0 0 경기79바1752 4 72 232000081 121000018 28 
2020-12-14T22:52:52 0 0 경기79바1752 4 72 232000081 121000018 28 
2020-12-14T22:53:52 0 0 경기79바1752 4 73 232000081 121000018 28 
2020-12-14T22:54:51 0 0 경기79바1752 4 73 232000081 121000013 29 
2020-12-14T22:55:51 0 0 경기79바1752 4 73 232000081 121000011 30 
2020-12-14T22:56:51 0 0 경기79바1752 4 73 232000081 121000011 30 
2020-12-14T22:57:50 0 0 경기79바1752 4 73 232000081 121000009 31 
2020-12-14T22:58:49 0 0 경기79바1752 4 73 232000081 121000009 31 
2020-12-14T22:59:49 0 0 경기79바1752 4 73 232000081 121000009 31 
2020-12-14T23:00:49 0 0 경기79바1752 4 73 232000081 277101860 32 
2020-12-14T23:01:49 0 0 경기79바1752 4 73 232000081 277101860 32 
2020-12-14T23:02:48 0 0 경기79바1752 4 73 232000081 277101752 34 
2020-12-14T23:03:48 0 0 경기79바1752 4 73 232000081 277104253 35 
2020-12-14T23:04:48 0 0 경기79바1752 4 73 232000081 277101873 37 
2020-12-14T23:05:48 0 0 경기79바1752 4 73 232000081 277101873 37 
2020-12-14T23:06:47 0 0 경기79바1752 4 73 232000081 277101873 37 
2020-12-14T23:07:46 0 0 경기79바1752 4 73 232000081 277101873 37 
2020-12-14T23:08:46 0 0 경기79바1752 4 73 232000081 122000614 38 
2020-12-14T23:09:46 0 0 경기79바1752 4 72 232000081 122000614 38 
2020-12-14T23:10:45 0 0 경기79바1752 4 72 232000081 122000614 38 
2020-12-14T23:11:46 0 0 경기79바1752 4 72 232000081 122000654 39 
2020-12-14T23:12:44 0 0 경기79바1752 4 72 232000081 121000014 40 
2020-12-14T23:13:43 0 0 경기79바1752 4 72 232000081 121000014 40 
2020-12-14T23:14:43 0 0 경기79바1752 4 72 232000081 121000014 40 
2020-12-14T23:15:43 0 0 경기79바1752 4 72 232000081 121000014 40 
2020-12-14T23:16:42 0 0 경기79바1752 4 72 232000081 121000014 40 
2020-12-14T23:17:43 0 0 경기79바1752 4 72 232000081 121000017 41 
2020-12-14T23:18:41 0 0 경기79바1752 4 72 232000081 121000017 41 
2020-12-14T23:19:41 0 0 경기79바1752 4 71 232000081 121000017 41 
2020-12-14T23:20:41 0 0 경기79바1752 4 69 232000081 121000019 42 
2020-12-14T23:21:41 0 0 경기79바1752 4 69 232000081 121000019 42 
2020-12-14T23:22:41 0 0 경기79바1752 4 69 232000081 121000019 42 
2020-12-14T23:23:41 0 0 경기79바1752 4 69 232000081 121000019 42 
2020-12-14T23:24:40 0 0 경기79바1752 4 69 232000081 121000019 42 
2020-12-14T23:25:40 0 0 경기79바1752 4 69 232000081 121000019 42 
2020-12-14T23:26:40 0 0 경기79바1752 4 69 232000081 121000019 42 
2020-12-14T23:27:40 0 0 경기79바1752 4 69 232000081 121000019 42 
2020-12-14T23:28:39 0 0 경기79바1752 4 69 232000081 119000041 43 
2020-12-14T23:29:39 0 0 경기79바1752 4 69 232000081 119000041 43 
2020-12-14T23:30:39 0 0 경기79바1752 4 69 232000081 119000034 44 
2020-12-14T23:31:39 0 0 경기79바1752 4 69 232000081 119000034 44 
2020-12-14T23:32:38 0 0 경기79바1752 4 69 232000081 119000034 44 
2020-12-14T23:33:39 0 0 경기79바1752 4 69 232000081 119000034 44 
2020-12-14T23:34:37 0 0 경기79바1752 4 69 232000081 277103859 45 
2020-12-14T23:35:37 0 0 경기79바1752 4 69 232000081 277103859 45 
2020-12-14T23:36:36 0 0 경기79바1752 4 69 232000081 277103859 45 
2020-12-14T23:37:36 0 0 경기79바1752 4 69 232000081 277100138 46 
2020-12-14T23:38:36 0 0 경기79바1752 4 69 232000081 277103411 47 
2020-12-14T23:39:35 0 0 경기79바1752 4 69 232000081 277103407 48 
2020-12-14T23:40:35 0 0 경기79바1752 4 69 232000081 277103407 48 
2020-12-14T23:41:34 0 0 경기79바1752 4 69 232000081 277103405 49 
2020-12-14T23:42:34 0 0 경기79바1752 4 69 232000081 277103405 49 
2020-12-14T23:43:33 0 0 경기79바1752 4 69 232000081 277103405 49 
2020-12-14T23:44:33 0 0 경기79바1752 4 69 232000081 277103402 50 
2020-12-14T23:45:33 0 0 경기79바1752 4 69 232000081 277103402 50 
2020-12-14T23:46:32 0 0 경기79바1752 4 69 232000081 277103402 50 
2020-12-14T23:47:32 0 0 경기79바1752 4 69 232000081 277103401 51 
2020-12-14T23:48:31 0 0 경기79바1752 4 69 232000081 277103401 51 
2020-12-14T23:49:31 0 0 경기79바1752 4 69 232000081 277103401 51 
2020-12-14T23:50:30 0 0 경기79바1752 4 69 232000081 277102738 52 
2020-12-14T23:51:29 0 0 경기79바1752 4 69 232000081 277102738 52 
2020-12-14T23:52:29 0 0 경기79바1752 4 69 232000081 277102738 52 
2020-12-14T23:53:28 0 0 경기79바1752 4 69 232000081 277102738 52 
2020-12-14T23:54:27 0 0 경기79바1752 4 69 232000081 277102736 53 
2020-12-14T23:55:27 0 0 경기79바1752 4 69 232000081 277102736 53 
2020-12-14T23:56:27 0 0 경기79바1752 4 69 232000081 277102736 53 
2020-12-14T23:57:26 0 0 경기79바1752 4 69 232000081 277102736 53 
2020-12-14T23:58:26 0 0 경기79바1752 4 69 232000081 277102736 53 
2020-12-14T23:59:26 0 0 경기79바1752 4 69 232000081 277102736 53 
2020-12-15T00:00:25 0 0 경기79바1752 4 71 232000081 277102736 53 
2020-12-15T00:01:24 0 0 경기79바1752 4 72 232000081 232000726 54 
2020-12-15T00:02:24 0 0 경기79바1752 4 72 232000081 232000759 55 
2020-12-15T00:03:24 0 0 경기79바1752 4 72 232000081 232000759 55 
2020-12-15T00:04:23 0 0 경기79바1752 4 72 232000081 232000759 55 
2020-12-15T00:05:23 0 0 경기79바1752 4 72 232000081 232000544 56 
2020-12-15T00:06:22 0 0 경기79바1752 4 72 232000081 232000554 57 
2020-12-15T00:07:21 0 0 경기79바1752 4 73 232000081 232000550 58 
2020-12-15T00:08:21 0 0 경기79바1752 4 73 232000081 232000546 59 
2020-12-15T00:09:20 0 0 경기79바1752 4 73 232000081 232000546 59 
2020-12-15T00:10:20 0 0 경기79바1752 4 73 232000081 232000546 59 
2020-12-15T00:11:20 0 0 경기79바1752 4 73 232000081 232000742 61 
2020-12-15T00:12:19 0 0 경기79바1752 4 73 232000081 232000706 62 
2020-12-15T00:13:18 0 0 경기79바1752 4 73 232000081 232000724 63 
2020-12-15T00:14:18 0 0 경기79바1752 4 73 232000081 232000705 64 
2020-12-15T00:15:17 0 0 경기79바1752 4 73 232000081 232000705 64 
2020-12-15T00:16:16 0 0 경기79바1752 4 73 232000081 232000705 64 
2020-12-15T00:17:16 0 0 경기79바1752 4 73 232000081 232000705 64 
2020-12-15T00:18:16 0 0 경기79바1752 4 73 232000081 232000705 64 
2020-12-15T00:19:15 0 0 경기79바1752 4 73 232000081 232000705 64 
2020-12-15T00:20:15 0 0 경기79바1752 4 73 232000081 232000705 64 
2020-12-15T00:21:14 0 0 경기79바1752 4 73 232000081 232000705 64 
2020-12-15T00:22:14 0 0 경기79바1752 4 73 232000081 232000705 64 
2020-12-15T00:23:13 0 0 경기79바1752 4 73 232000081 232000705 64 
2020-12-15T00:24:12 0 0 경기79바1752 4 73 232000081 232000705 64 
2020-12-15T00:25:12 0 0 경기79바1752 4 73 232000081 232000705 64 
2020-12-15T00:26:11 0 0 경기79바1752 4 73 232000081 232000705 64 
2020-12-15T00:27:10 0 0 경기79바1752 4 73 232000081 232000705 64 
2020-12-15T00:28:09 0 0 경기79바1752 4 73 232000081 232000705 64 
