234001511 2020-12-06T21:30:03.610458+09:00
2020-12-07T06:51:27 0 0 경기74아3357 4 69 234001511 222000824 1 
2020-12-07T06:52:26 0 0 경기74아3357 4 69 234001511 222000824 1 
2020-12-07T06:53:25 0 0 경기74아3357 4 69 234001511 222000170 3 
2020-12-07T06:54:25 0 0 경기74아3357 4 69 234001511 222000170 3 
2020-12-07T06:55:24 0 0 경기74아3357 4 69 234001511 222000323 4 
2020-12-07T06:56:24 0 0 경기74아3357 4 69 234001511 222000322 5 
2020-12-07T06:57:23 0 0 경기74아3357 4 60 234001511 222000321 6 
2020-12-07T06:58:22 0 0 경기74아3357 4 60 234001511 222000320 7 
2020-12-07T06:59:23 0 0 경기74아3357 4 59 234001511 222000320 7 
2020-12-07T07:00:23 0 0 경기74아3357 4 59 234001511 222000320 7 
2020-12-07T07:00:23 0 0 경기74아1386 3 43 234001511 222000171 2 
2020-12-07T07:01:22 0 0 경기74아3357 4 59 234001511 222000320 7 
2020-12-07T07:01:22 0 0 경기74아1386 3 43 234001511 222000170 3 
2020-12-07T07:02:20 0 0 경기74아1386 3 43 234001511 222000323 4 
2020-12-07T07:02:20 0 0 경기74아3357 4 59 234001511 222000181 8 
2020-12-07T07:03:21 0 0 경기74아1386 3 43 234001511 222000323 4 
2020-12-07T07:03:21 0 0 경기74아3357 4 58 234001511 222000180 9 
2020-12-07T07:04:20 0 0 경기74아1386 3 38 234001511 222000322 5 
2020-12-07T07:04:20 0 0 경기74아3357 4 58 234001511 222000179 10 
2020-12-07T07:05:20 0 0 경기74아3357 4 58 234001511 222000179 10 
2020-12-07T07:05:20 0 0 경기74아1386 3 38 234001511 222000321 6 
2020-12-07T07:06:20 0 0 경기74아3357 4 45 234001511 222000179 10 
2020-12-07T07:06:20 0 0 경기74아1386 3 35 234001511 222000320 7 
2020-12-07T07:07:19 0 0 경기74아1386 3 35 234001511 222000320 7 
2020-12-07T07:07:19 0 0 경기74아3357 4 45 234001511 222000179 10 
2020-12-07T07:08:18 0 0 경기74아1386 3 35 234001511 222000320 7 
2020-12-07T07:08:18 0 0 경기74아3357 4 45 234001511 222000178 11 
2020-12-07T07:09:19 0 0 경기74아1386 3 35 234001511 222000320 7 
2020-12-07T07:09:19 0 0 경기74아3357 4 25 234001511 222000178 11 
2020-12-07T07:10:19 0 0 경기74아3357 4 25 234001511 222000177 12 
2020-12-07T07:10:19 0 0 경기74아1386 3 35 234001511 222000180 9 
2020-12-07T07:11:18 0 0 경기74아3357 4 17 234001511 222000177 12 
2020-12-07T07:11:18 0 0 경기74아3380 4 71 234001511 222000824 1 
2020-12-07T07:11:18 0 0 경기74아1386 3 33 234001511 222000180 9 
2020-12-07T07:12:18 0 0 경기74아3380 4 71 234001511 222000824 1 
2020-12-07T07:12:18 0 0 경기74아3357 4 17 234001511 222000177 12 
2020-12-07T07:12:18 0 0 경기74아1386 3 33 234001511 222000179 10 
2020-12-07T07:13:17 0 0 경기74아1386 3 33 234001511 222000179 10 
2020-12-07T07:13:17 0 0 경기74아3357 4 17 234001511 277102831 13 
2020-12-07T07:13:17 0 0 경기74아3380 4 69 234001511 222000170 3 
2020-12-07T07:14:17 0 0 경기74아3357 4 17 234001511 277102831 13 
2020-12-07T07:14:17 0 0 경기74아3380 4 69 234001511 222000170 3 
2020-12-07T07:14:17 0 0 경기74아1386 3 33 234001511 222000179 10 
2020-12-07T07:15:16 0 0 경기74아3357 4 17 234001511 277102831 13 
2020-12-07T07:15:16 0 0 경기74아1386 3 30 234001511 222000178 11 
2020-12-07T07:15:16 0 0 경기74아3380 4 69 234001511 222000322 5 
2020-12-07T07:16:15 0 0 경기74아3357 4 17 234001511 277102831 13 
2020-12-07T07:16:15 0 0 경기74아3380 4 69 234001511 222000322 5 
2020-12-07T07:16:15 0 0 경기74아1386 3 30 234001511 222000178 11 
2020-12-07T07:17:14 0 0 경기74아3380 4 69 234001511 222000322 5 
2020-12-07T07:17:14 0 0 경기74아3357 4 17 234001511 277102833 14 
2020-12-07T07:17:14 0 0 경기74아1386 3 30 234001511 222000177 12 
2020-12-07T07:18:13 0 0 경기74아3357 4 17 234001511 277102833 14 
2020-12-07T07:18:13 0 0 경기74아1386 3 30 234001511 222000177 12 
2020-12-07T07:18:13 0 0 경기74아3380 4 69 234001511 222000322 5 
2020-12-07T07:19:13 0 0 경기74아3357 4 17 234001511 277102835 15 
2020-12-07T07:19:13 0 0 경기74아1386 3 30 234001511 222000177 12 
2020-12-07T07:19:13 0 0 경기74아3380 4 69 234001511 222000320 7 
2020-12-07T07:20:14 0 0 경기74아1386 3 30 234001511 277102831 13 
2020-12-07T07:20:14 0 0 경기74아3380 4 69 234001511 222000320 7 
2020-12-07T07:20:14 0 0 경기74아3357 4 17 234001511 277102837 16 
2020-12-07T07:21:13 0 0 경기74아1386 3 30 234001511 277102831 13 
2020-12-07T07:21:13 0 0 경기74아3357 4 17 234001511 222000302 17 
2020-12-07T07:21:13 0 0 경기74아3380 4 69 234001511 222000181 8 
2020-12-07T07:22:13 0 0 경기74아1386 3 30 234001511 277102831 13 
2020-12-07T07:22:13 0 0 경기74아3357 4 17 234001511 222000302 17 
2020-12-07T07:22:13 0 0 경기74아3380 4 69 234001511 222000180 9 
2020-12-07T07:23:12 0 0 경기74아1386 3 30 234001511 277102831 13 
2020-12-07T07:23:12 0 0 경기74아3380 4 68 234001511 222000180 9 
2020-12-07T07:23:12 0 0 경기74아3357 4 17 234001511 221000039 18 
2020-12-07T07:24:12 0 0 경기74아1386 3 30 234001511 277102833 14 
2020-12-07T07:24:12 0 0 경기74아3380 4 68 234001511 222000179 10 
2020-12-07T07:24:12 0 0 경기74아3357 4 17 234001511 277100104 19 
2020-12-07T07:25:12 0 0 경기74아1386 3 30 234001511 277102833 14 
2020-12-07T07:25:12 0 0 경기74아3357 4 17 234001511 277100104 19 
2020-12-07T07:25:12 0 0 경기74아3380 4 63 234001511 222000179 10 
2020-12-07T07:26:11 0 0 경기74아3357 4 17 234001511 277100104 19 
2020-12-07T07:26:11 0 0 경기74아1386 3 30 234001511 277102835 15 
2020-12-07T07:26:11 0 0 경기74아3380 4 63 234001511 222000178 11 
2020-12-07T07:27:10 0 0 경기74아3357 4 17 234001511 277100104 19 
2020-12-07T07:27:10 0 0 경기74아3380 4 56 234001511 222000178 11 
2020-12-07T07:27:10 0 0 경기74아1386 3 30 234001511 277102837 16 
2020-12-07T07:28:09 0 0 경기74아3357 4 17 234001511 277100104 19 
2020-12-07T07:28:09 0 0 경기74아3380 4 56 234001511 222000178 11 
2020-12-07T07:28:09 0 0 경기74아1386 3 30 234001511 222000302 17 
2020-12-07T07:29:09 0 0 경기74아3357 4 17 234001511 277100104 19 
2020-12-07T07:29:09 0 0 경기74아1386 3 30 234001511 222000302 17 
2020-12-07T07:29:09 0 0 경기74아3380 4 55 234001511 222000177 12 
2020-12-07T07:30:08 0 0 경기74아3357 4 17 234001511 277100104 19 
2020-12-07T07:30:08 0 0 경기74아3380 4 55 234001511 222000177 12 
2020-12-07T07:30:08 0 0 경기74아1386 3 30 234001511 222000302 17 
2020-12-07T07:31:08 0 0 경기74아3357 4 17 234001511 277100104 19 
2020-12-07T07:31:08 0 0 경기74아1386 3 30 234001511 221000039 18 
2020-12-07T07:31:08 0 0 경기74아3380 4 55 234001511 277102831 13 
2020-12-07T07:32:07 0 0 경기74아3380 4 55 234001511 277102831 13 
2020-12-07T07:32:07 0 0 경기74아3357 4 17 234001511 277100104 19 
2020-12-07T07:32:07 0 0 경기74아1386 3 30 234001511 277100104 19 
2020-12-07T07:33:07 0 0 경기74아3380 4 55 234001511 277102831 13 
2020-12-07T07:33:07 0 0 경기74아3357 4 17 234001511 277100104 19 
2020-12-07T07:33:07 0 0 경기74아1386 3 30 234001511 277100104 19 
2020-12-07T07:34:06 0 0 경기74아3380 4 55 234001511 277102831 13 
2020-12-07T07:34:06 0 0 경기74아3357 4 17 234001511 277100104 19 
2020-12-07T07:34:06 0 0 경기74아1386 3 30 234001511 277100104 19 
2020-12-07T07:35:06 0 0 경기74아3357 4 17 234001511 277100104 19 
2020-12-07T07:35:06 0 0 경기74아1386 3 30 234001511 277100104 19 
2020-12-07T07:35:06 0 0 경기74아3380 4 55 234001511 277102833 14 
2020-12-07T07:36:05 0 0 경기74아3357 4 17 234001511 277100104 19 
2020-12-07T07:36:05 0 0 경기74아1386 3 30 234001511 277100104 19 
2020-12-07T07:36:05 0 0 경기74아3380 4 55 234001511 277102835 15 
2020-12-07T07:37:05 0 0 경기74아1386 3 30 234001511 277100104 19 
2020-12-07T07:37:05 0 0 경기74아3380 4 55 234001511 277102835 15 
2020-12-07T07:37:05 0 0 경기74아3357 4 17 234001511 277103306 20 
2020-12-07T07:38:04 0 0 경기74아1386 3 30 234001511 277100104 19 
2020-12-07T07:38:04 0 0 경기74아3357 4 17 234001511 277103306 20 
2020-12-07T07:38:04 0 0 경기74아3380 4 55 234001511 277102837 16 
2020-12-07T07:39:04 0 0 경기74아1386 3 30 234001511 277100104 19 
2020-12-07T07:39:04 0 0 경기74아3357 4 17 234001511 277103306 20 
2020-12-07T07:39:04 0 0 경기74아3380 4 55 234001511 222000302 17 
2020-12-07T07:40:04 0 0 경기74아1386 3 30 234001511 277100104 19 
2020-12-07T07:40:04 0 0 경기74아3357 4 17 234001511 277103306 20 
2020-12-07T07:40:04 0 0 경기74아3380 4 55 234001511 222000302 17 
2020-12-07T07:41:03 0 0 경기74아1386 3 30 234001511 277100104 19 
2020-12-07T07:41:03 0 0 경기74아3357 4 17 234001511 277103306 20 
2020-12-07T07:41:03 0 0 경기74아3380 4 55 234001511 222000302 17 
2020-12-07T07:42:02 0 0 경기74아1386 3 30 234001511 277100104 19 
2020-12-07T07:42:02 0 0 경기74아3357 4 17 234001511 277103306 20 
2020-12-07T07:42:02 0 0 경기74아3380 4 55 234001511 221000039 18 
2020-12-07T07:43:02 0 0 경기74아3357 4 17 234001511 277103306 20 
2020-12-07T07:43:02 0 0 경기74아1386 3 30 234001511 277100104 19 
2020-12-07T07:43:02 0 0 경기74아3380 4 55 234001511 277100104 19 
2020-12-07T07:44:02 0 0 경기74아3357 4 17 234001511 277103306 20 
2020-12-07T07:44:02 0 0 경기74아1386 3 30 234001511 277100104 19 
2020-12-07T07:44:02 0 0 경기74아3380 4 55 234001511 277100104 19 
2020-12-07T07:45:01 0 0 경기74아3357 4 17 234001511 277103306 20 
2020-12-07T07:45:01 0 0 경기74아3380 4 55 234001511 277100104 19 
2020-12-07T07:45:01 0 0 경기74아1386 3 30 234001511 277103306 20 
2020-12-07T07:46:00 0 0 경기74아3357 4 17 234001511 277103306 20 
2020-12-07T07:46:00 0 0 경기74아3380 4 55 234001511 277100104 19 
2020-12-07T07:46:00 0 0 경기74아1386 3 30 234001511 277103306 20 
2020-12-07T07:47:00 0 0 경기74아3380 4 55 234001511 277100104 19 
2020-12-07T07:47:00 0 0 경기74아1386 3 30 234001511 277103306 20 
2020-12-07T07:47:00 0 0 경기74아3357 4 17 234001511 277103306 20 
2020-12-07T07:48:01 0 0 경기74아3380 4 55 234001511 277100104 19 
2020-12-07T07:48:01 0 0 경기74아1386 3 30 234001511 277103306 20 
2020-12-07T07:48:01 0 0 경기74아3357 4 17 234001511 277103306 20 
2020-12-07T07:49:00 0 0 경기74아3380 4 55 234001511 277100104 19 
2020-12-07T07:49:00 0 0 경기74아3357 4 17 234001511 277102674 21 
2020-12-07T07:49:00 0 0 경기74아1386 3 30 234001511 277103306 20 
2020-12-07T07:49:59 0 0 경기74아3380 4 55 234001511 277100104 19 
2020-12-07T07:49:59 0 0 경기74아1386 3 30 234001511 277103306 20 
2020-12-07T07:49:59 0 0 경기74아3357 4 17 234001511 277102674 21 
2020-12-07T07:50:59 0 0 경기74아3380 4 55 234001511 277100104 19 
2020-12-07T07:50:59 0 0 경기74아1386 3 30 234001511 277103306 20 
2020-12-07T07:50:59 0 0 경기74아3357 4 17 234001511 277102674 21 
2020-12-07T07:51:59 0 0 경기74아1386 3 30 234001511 277103306 20 
2020-12-07T07:51:59 0 0 경기74아3357 4 17 234001511 277102674 21 
2020-12-07T07:51:59 0 0 경기74아3380 4 55 234001511 277100104 19 
2020-12-07T07:52:58 0 0 경기74아1386 3 30 234001511 277103306 20 
2020-12-07T07:52:58 0 0 경기74아3380 4 55 234001511 277100104 19 
2020-12-07T07:52:58 0 0 경기74아3357 4 17 234001511 277103309 22 
2020-12-07T07:53:58 0 0 경기74아1386 3 30 234001511 277103306 20 
2020-12-07T07:53:58 0 0 경기74아3380 4 55 234001511 277100104 19 
2020-12-07T07:53:58 0 0 경기74아3357 4 17 234001511 277103309 22 
2020-12-07T07:54:57 0 0 경기74아1386 3 30 234001511 277103306 20 
2020-12-07T07:54:57 0 0 경기74아3380 4 55 234001511 277100104 19 
2020-12-07T07:54:57 0 0 경기74아3357 4 17 234001511 277103309 22 
2020-12-07T07:55:57 0 0 경기74아3380 4 55 234001511 277100104 19 
2020-12-07T07:55:57 0 0 경기74아3357 4 17 234001511 277103309 22 
2020-12-07T07:55:57 0 0 경기74아1386 3 30 234001511 277103306 20 
2020-12-07T07:56:56 0 0 경기74아3357 4 17 234001511 277103309 22 
2020-12-07T07:56:56 0 0 경기74아1386 3 30 234001511 277103306 20 
2020-12-07T07:56:56 0 0 경기74아3380 4 55 234001511 277103306 20 
2020-12-07T07:57:55 0 0 경기74아3357 4 17 234001511 277103309 22 
2020-12-07T07:57:55 0 0 경기74아3380 4 55 234001511 277103306 20 
2020-12-07T07:57:55 0 0 경기74아1386 3 30 234001511 277102674 21 
2020-12-07T07:58:55 0 0 경기74아3380 4 55 234001511 277103306 20 
2020-12-07T07:58:55 0 0 경기74아1386 3 30 234001511 277102674 21 
2020-12-07T07:58:55 0 0 경기74아3357 4 17 234001511 277103309 22 
2020-12-07T07:59:54 0 0 경기74아1386 3 30 234001511 277102674 21 
2020-12-07T07:59:54 0 0 경기74아3380 4 55 234001511 277103306 20 
2020-12-07T07:59:54 0 0 경기74아3357 4 17 234001511 277103308 23 
2020-12-07T08:00:53 0 0 경기74아1386 3 30 234001511 277102674 21 
2020-12-07T08:00:53 0 0 경기74아3380 4 55 234001511 277103306 20 
2020-12-07T08:00:53 0 0 경기74아3357 4 17 234001511 277102302 24 
2020-12-07T08:01:53 0 0 경기74아1386 3 30 234001511 277102674 21 
2020-12-07T08:01:53 0 0 경기74아3380 4 55 234001511 277103306 20 
2020-12-07T08:01:53 0 0 경기74아3357 4 17 234001511 277102302 24 
2020-12-07T08:02:51 0 0 경기74아3380 4 55 234001511 277103306 20 
2020-12-07T08:02:51 0 0 경기74아3357 4 17 234001511 277102302 24 
2020-12-07T08:02:51 0 0 경기74아1386 3 30 234001511 277103309 22 
2020-12-07T08:03:51 0 0 경기74아3380 4 55 234001511 277103306 20 
2020-12-07T08:03:51 0 0 경기74아3357 4 17 234001511 277102302 24 
2020-12-07T08:03:51 0 0 경기74아1386 3 30 234001511 277103309 22 
2020-12-07T08:04:51 0 0 경기74아3380 4 55 234001511 277103306 20 
2020-12-07T08:04:51 0 0 경기74아1386 3 30 234001511 277103309 22 
2020-12-07T08:04:51 0 0 경기74아3357 4 17 234001511 277102302 24 
2020-12-07T08:05:52 0 0 경기74아3380 4 55 234001511 277103306 20 
2020-12-07T08:05:52 0 0 경기74아3357 4 17 234001511 277102302 24 
2020-12-07T08:05:52 0 0 경기74아1386 3 30 234001511 277103309 22 
2020-12-07T08:06:51 0 0 경기74아3357 4 17 234001511 277102302 24 
2020-12-07T08:06:51 0 0 경기74아1386 3 30 234001511 277103309 22 
2020-12-07T08:06:51 0 0 경기74아3380 4 55 234001511 277103306 20 
2020-12-07T08:07:50 0 0 경기74아3357 4 17 234001511 277102302 24 
2020-12-07T08:07:50 0 0 경기74아1386 3 30 234001511 277103309 22 
2020-12-07T08:07:50 0 0 경기74아3380 4 55 234001511 277102674 21 
2020-12-07T08:08:50 0 0 경기74아3357 4 18 234001511 123000611 25 
2020-12-07T08:08:50 0 0 경기74아1386 3 30 234001511 277103308 23 
2020-12-07T08:08:50 0 0 경기74아3380 4 55 234001511 277102674 21 
2020-12-07T08:09:49 0 0 경기74아3357 4 18 234001511 123000611 25 
2020-12-07T08:09:49 0 0 경기74아1386 3 30 234001511 277103308 23 
2020-12-07T08:09:49 0 0 경기74아3380 4 55 234001511 277102674 21 
2020-12-07T08:10:49 0 0 경기74아3357 4 18 234001511 123000611 25 
2020-12-07T08:10:49 0 0 경기74아3380 4 55 234001511 277102674 21 
2020-12-07T08:10:49 0 0 경기74아1386 3 30 234001511 277102302 24 
2020-12-07T08:11:48 0 0 경기74아3357 4 18 234001511 123000611 25 
2020-12-07T08:11:48 0 0 경기74아1386 3 30 234001511 277102302 24 
2020-12-07T08:11:48 0 0 경기74아3380 4 55 234001511 277102674 21 
2020-12-07T08:12:47 0 0 경기74아3357 4 18 234001511 123000611 25 
2020-12-07T08:12:47 0 0 경기74아1386 3 30 234001511 277102302 24 
2020-12-07T08:12:47 0 0 경기74아3380 4 55 234001511 277103309 22 
2020-12-07T08:13:46 0 0 경기74아3357 4 18 234001511 123000611 25 
2020-12-07T08:13:46 0 0 경기74아3380 4 55 234001511 277103309 22 
2020-12-07T08:13:46 0 0 경기74아1386 3 30 234001511 277102302 24 
2020-12-07T08:14:46 0 0 경기74아3357 4 18 234001511 123000611 25 
2020-12-07T08:14:46 0 0 경기74아1386 3 30 234001511 277102302 24 
2020-12-07T08:14:46 0 0 경기74아3380 4 55 234001511 277103309 22 
2020-12-07T08:15:45 0 0 경기74아3357 4 18 234001511 123000611 25 
2020-12-07T08:15:45 0 0 경기74아1386 3 30 234001511 277102302 24 
2020-12-07T08:15:45 0 0 경기74아3380 4 55 234001511 277103309 22 
2020-12-07T08:16:44 0 0 경기74아3380 4 55 234001511 277103309 22 
2020-12-07T08:16:44 0 0 경기74아1386 3 30 234001511 123000611 25 
2020-12-07T08:16:44 0 0 경기74아3357 4 66 234001511 123000611 25 
2020-12-07T08:17:45 0 0 경기74아1386 3 30 234001511 123000611 25 
2020-12-07T08:17:45 0 0 경기74아3357 4 66 234001511 123000611 25 
2020-12-07T08:17:45 0 0 경기74아3380 4 55 234001511 277103309 22 
2020-12-07T08:18:44 0 0 경기74아1386 3 30 234001511 123000611 25 
2020-12-07T08:18:44 0 0 경기74아3357 4 66 234001511 123000611 25 
2020-12-07T08:18:44 0 0 경기74아3380 4 55 234001511 277103308 23 
2020-12-07T08:19:43 0 0 경기74아1386 3 30 234001511 123000611 25 
2020-12-07T08:19:43 0 0 경기74아3380 4 55 234001511 277103308 23 
2020-12-07T08:19:43 0 0 경기74아3357 4 66 234001511 123000611 25 
2020-12-07T08:20:42 0 0 경기74아1386 3 30 234001511 123000611 25 
2020-12-07T08:20:42 0 0 경기74아3380 4 55 234001511 277102302 24 
2020-12-07T08:20:42 0 0 경기74아3357 4 66 234001511 277103310 26 
2020-12-07T08:21:43 0 0 경기74아1386 3 30 234001511 123000611 25 
2020-12-07T08:21:43 0 0 경기74아3380 4 55 234001511 277102302 24 
2020-12-07T08:21:43 0 0 경기74아3357 4 66 234001511 277102675 27 
2020-12-07T08:22:42 0 0 경기74아1386 3 30 234001511 123000611 25 
2020-12-07T08:22:42 0 0 경기74아3380 4 55 234001511 277102302 24 
2020-12-07T08:22:42 0 0 경기74아3357 4 66 234001511 277102675 27 
2020-12-07T08:23:42 0 0 경기74아1386 3 30 234001511 123000611 25 
2020-12-07T08:23:42 0 0 경기74아3380 4 55 234001511 277102302 24 
2020-12-07T08:23:42 0 0 경기74아3357 4 66 234001511 277102675 27 
2020-12-07T08:24:42 0 0 경기74아3380 4 55 234001511 277102302 24 
2020-12-07T08:24:42 0 0 경기74아1386 3 44 234001511 123000611 25 
2020-12-07T08:24:42 0 0 경기74아3357 4 66 234001511 277103307 28 
2020-12-07T08:25:42 0 0 경기74아3380 4 55 234001511 277102302 24 
2020-12-07T08:25:42 0 0 경기74아3357 4 66 234001511 277103307 28 
2020-12-07T08:25:42 0 0 경기74아1386 3 44 234001511 123000611 25 
2020-12-07T08:26:41 0 0 경기74아1386 3 44 234001511 123000611 25 
2020-12-07T08:26:41 0 0 경기74아3357 4 66 234001511 221000238 30 
2020-12-07T08:26:41 0 0 경기74아3380 4 55 234001511 277102302 24 
2020-12-07T08:27:41 0 0 경기74아3380 4 55 234001511 123000611 25 
2020-12-07T08:27:41 0 0 경기74아1386 3 44 234001511 277103310 26 
2020-12-07T08:27:41 0 0 경기74아3357 4 65 234001511 221000238 30 
2020-12-07T08:28:40 0 0 경기74아3380 4 55 234001511 123000611 25 
2020-12-07T08:28:40 0 0 경기74아3357 4 65 234001511 221000238 30 
2020-12-07T08:28:40 0 0 경기74아1386 3 44 234001511 277102675 27 
2020-12-07T08:29:40 0 0 경기74아3380 4 55 234001511 123000611 25 
2020-12-07T08:29:40 0 0 경기74아1386 3 44 234001511 277102675 27 
2020-12-07T08:29:40 0 0 경기74아3357 4 66 234001511 222000301 31 
2020-12-07T08:30:40 0 0 경기74아3380 4 55 234001511 123000611 25 
2020-12-07T08:30:40 0 0 경기74아1386 3 44 234001511 277102675 27 
2020-12-07T08:30:40 0 0 경기74아3357 4 66 234001511 277102838 32 
2020-12-07T08:31:38 0 0 경기74아3380 4 55 234001511 123000611 25 
2020-12-07T08:31:38 0 0 경기74아3357 4 66 234001511 277102838 32 
2020-12-07T08:31:38 0 0 경기74아1386 3 44 234001511 277103307 28 
2020-12-07T08:32:38 0 0 경기74아3380 4 55 234001511 123000611 25 
2020-12-07T08:32:38 0 0 경기74아3357 4 66 234001511 277102836 33 
2020-12-07T08:32:38 0 0 경기74아1386 3 44 234001511 277103313 29 
2020-12-07T08:33:39 0 0 경기74아3380 4 55 234001511 123000611 25 
2020-12-07T08:33:39 0 0 경기74아3357 4 66 234001511 277102836 33 
2020-12-07T08:33:39 0 0 경기74아1386 3 44 234001511 221000238 30 
2020-12-07T08:34:38 0 0 경기74아3357 4 66 234001511 277102834 34 
2020-12-07T08:34:38 0 0 경기74아1386 3 44 234001511 221000238 30 
2020-12-07T08:34:38 0 0 경기74아3380 4 71 234001511 123000611 25 
2020-12-07T08:35:37 0 0 경기74아3357 4 66 234001511 277102834 34 
2020-12-07T08:35:37 0 0 경기74아3380 4 71 234001511 123000611 25 
2020-12-07T08:35:37 0 0 경기74아1386 3 44 234001511 222000301 31 
2020-12-07T08:36:36 0 0 경기74아3357 4 66 234001511 277102834 34 
2020-12-07T08:36:36 0 0 경기74아1386 3 44 234001511 277102838 32 
2020-12-07T08:36:36 0 0 경기74아3380 4 71 234001511 123000611 25 
2020-12-07T08:37:37 0 0 경기74아3357 4 66 234001511 277102834 34 
2020-12-07T08:37:37 0 0 경기74아1386 3 44 234001511 277102836 33 
2020-12-07T08:37:37 0 0 경기74아3380 4 71 234001511 123000611 25 
2020-12-07T08:38:36 0 0 경기74아1386 3 44 234001511 277102836 33 
2020-12-07T08:38:36 0 0 경기74아3357 4 66 234001511 277102832 35 
2020-12-07T08:38:36 0 0 경기74아3380 4 71 234001511 277103310 26 
2020-12-07T08:39:36 0 0 경기74아3380 4 71 234001511 277102675 27 
2020-12-07T08:39:36 0 0 경기74아3357 4 66 234001511 277102832 35 
2020-12-07T08:39:36 0 0 경기74아1386 3 44 234001511 277102834 34 
2020-12-07T08:40:35 0 0 경기74아3380 4 71 234001511 277102675 27 
2020-12-07T08:40:35 0 0 경기74아1386 3 44 234001511 277102834 34 
2020-12-07T08:40:35 0 0 경기74아3357 4 67 234001511 222000186 36 
2020-12-07T08:41:35 0 0 경기74아1386 3 44 234001511 277102834 34 
2020-12-07T08:41:35 0 0 경기74아3357 4 68 234001511 222000186 36 
2020-12-07T08:41:35 0 0 경기74아3380 4 71 234001511 277103307 28 
2020-12-07T08:42:34 0 0 경기74아1386 3 44 234001511 277102834 34 
2020-12-07T08:42:34 0 0 경기74아3357 4 68 234001511 222000185 37 
2020-12-07T08:42:34 0 0 경기74아3380 4 71 234001511 277103307 28 
2020-12-07T08:43:33 0 0 경기74아3357 4 68 234001511 222000185 37 
2020-12-07T08:43:33 0 0 경기74아1386 3 44 234001511 277102832 35 
2020-12-07T08:43:33 0 0 경기74아3380 4 71 234001511 221000238 30 
2020-12-07T08:44:32 0 0 경기74아1386 3 44 234001511 277102832 35 
2020-12-07T08:44:32 0 0 경기74아3357 4 68 234001511 222000184 38 
2020-12-07T08:44:32 0 0 경기74아3380 4 71 234001511 221000238 30 
2020-12-07T08:45:32 0 0 경기74아3380 4 71 234001511 221000238 30 
2020-12-07T08:45:32 0 0 경기74아1386 3 44 234001511 277102832 35 
2020-12-07T08:45:32 0 0 경기74아3357 4 68 234001511 222000182 40 
2020-12-07T08:46:32 0 0 경기74아1386 3 44 234001511 277102832 35 
2020-12-07T08:46:32 0 0 경기74아3357 4 68 234001511 222000328 41 
2020-12-07T08:46:32 0 0 경기74아3380 4 71 234001511 222000301 31 
2020-12-07T08:47:31 0 0 경기74아3380 4 71 234001511 277102838 32 
2020-12-07T08:47:31 0 0 경기74아3357 4 68 234001511 222000325 44 
2020-12-07T08:47:31 0 0 경기74아1386 3 44 234001511 222000186 36 
2020-12-07T08:48:30 0 0 경기74아1386 3 44 234001511 222000186 36 
2020-12-07T08:48:30 0 0 경기74아3380 4 71 234001511 277102836 33 
2020-12-07T08:48:30 0 0 경기74아3357 4 68 234001511 222000324 46 
2020-12-07T08:49:30 0 0 경기74아3380 4 71 234001511 277102836 33 
2020-12-07T08:49:30 0 0 경기74아3357 4 68 234001511 222000324 46 
2020-12-07T08:49:30 0 0 경기74아1386 3 45 234001511 222000185 37 
2020-12-07T08:50:30 0 0 경기74아3380 4 71 234001511 277102834 34 
2020-12-07T08:50:30 0 0 경기74아1386 3 45 234001511 222000185 37 
2020-12-07T08:50:30 0 0 경기74아3357 4 68 234001511 222000175 47 
2020-12-07T08:51:29 0 0 경기74아3380 4 71 234001511 277102834 34 
2020-12-07T08:51:29 0 0 경기74아1386 3 45 234001511 222000184 38 
2020-12-07T08:51:29 0 0 경기74아3357 4 69 234001511 222001419 49 
2020-12-07T08:52:28 0 0 경기74아3380 4 71 234001511 277102834 34 
2020-12-07T08:52:28 0 0 경기74아1386 3 45 234001511 222000184 38 
2020-12-07T08:52:28 0 0 경기74아3357 4 69 234001511 222000163 51 
2020-12-07T08:53:29 0 0 경기74아3380 4 71 234001511 277102834 34 
2020-12-07T08:53:29 0 0 경기74아3357 4 69 234001511 222000163 51 
2020-12-07T08:53:29 0 0 경기74아1386 3 45 234001511 222000183 39 
2020-12-07T08:54:28 0 0 경기74아3380 4 71 234001511 277102832 35 
2020-12-07T08:54:28 0 0 경기74아1386 3 45 234001511 222000182 40 
2020-12-07T08:54:28 0 0 경기74아3357 4 69 234001511 222000958 52 
2020-12-07T08:55:28 0 0 경기74아3380 4 71 234001511 277102832 35 
2020-12-07T08:55:28 0 0 경기74아3357 4 70 234001511 222001580 53 
2020-12-07T08:55:28 0 0 경기74아1386 3 45 234001511 222000327 42 
2020-12-07T08:56:27 0 0 경기74아3380 4 71 234001511 277102832 35 
2020-12-07T08:56:27 0 0 경기74아3357 4 70 234001511 222001580 53 
2020-12-07T08:56:27 0 0 경기74아1386 3 44 234001511 222000326 43 
2020-12-07T08:57:27 0 0 경기74아3357 4 70 234001511 222000164 54 
2020-12-07T08:57:27 0 0 경기74아3380 4 71 234001511 222000186 36 
2020-12-07T08:57:27 0 0 경기74아1386 3 44 234001511 222000326 43 
2020-12-07T08:58:26 0 0 경기74아3380 4 71 234001511 222000186 36 
2020-12-07T08:58:26 0 0 경기74아3357 4 70 234001511 222001096 55 
2020-12-07T08:58:26 0 0 경기74아1386 3 44 234001511 222000324 46 
2020-12-07T08:59:25 0 0 경기74아1386 3 44 234001511 222000324 46 
2020-12-07T08:59:25 0 0 경기74아3357 4 70 234001511 222000166 56 
2020-12-07T08:59:25 0 0 경기74아3380 4 71 234001511 222000186 36 
2020-12-07T09:00:25 0 0 경기74아3357 4 70 234001511 222000825 57 
2020-12-07T09:00:25 0 0 경기74아3380 4 71 234001511 222000185 37 
2020-12-07T09:00:25 0 0 경기74아1386 3 45 234001511 222000175 47 
2020-12-07T09:01:24 0 0 경기74아3357 4 70 234001511 222000825 57 
2020-12-07T09:01:24 0 0 경기74아3380 4 71 234001511 222000184 38 
2020-12-07T09:01:24 0 0 경기74아1386 3 45 234001511 222001419 49 
2020-12-07T09:02:24 0 0 경기74아3357 4 70 234001511 222000825 57 
2020-12-07T09:02:24 0 0 경기74아1386 3 45 234001511 222000173 50 
2020-12-07T09:02:24 0 0 경기74아3380 4 72 234001511 222000182 40 
2020-12-07T09:03:23 0 0 경기74아3357 4 70 234001511 222000825 57 
2020-12-07T09:03:23 0 0 경기74아1386 3 45 234001511 222000163 51 
2020-12-07T09:03:23 0 0 경기74아3380 4 72 234001511 222000327 42 
2020-12-07T09:04:23 0 0 경기74아3357 4 70 234001511 222000825 57 
2020-12-07T09:04:23 0 0 경기74아3380 4 72 234001511 222000326 43 
2020-12-07T09:04:23 0 0 경기74아1386 3 45 234001511 222000958 52 
2020-12-07T09:05:22 0 0 경기74아3357 4 70 234001511 222000825 57 
2020-12-07T09:05:22 0 0 경기74아1386 3 45 234001511 222001580 53 
2020-12-07T09:05:22 0 0 경기74아3380 4 72 234001511 222000749 45 
2020-12-07T09:06:22 0 0 경기74아3357 4 70 234001511 222000825 57 
2020-12-07T09:06:22 0 0 경기74아1386 3 45 234001511 222001580 53 
2020-12-07T09:06:22 0 0 경기74아3380 4 72 234001511 222000324 46 
2020-12-07T09:07:21 0 0 경기74아3357 4 70 234001511 222000825 57 
2020-12-07T09:07:21 0 0 경기74아1386 3 45 234001511 222000164 54 
2020-12-07T09:07:21 0 0 경기74아3380 4 72 234001511 222000324 46 
2020-12-07T09:08:21 0 0 경기74아3357 4 70 234001511 222000825 57 
2020-12-07T09:08:21 0 0 경기74아1386 3 45 234001511 222001096 55 
2020-12-07T09:08:21 0 0 경기74아3380 4 72 234001511 222001419 49 
2020-12-07T09:09:21 0 0 경기74아3357 4 70 234001511 222000825 57 
2020-12-07T09:09:21 0 0 경기74아1386 3 45 234001511 222000166 56 
2020-12-07T09:09:21 0 0 경기74아3380 4 72 234001511 222000163 51 
2020-12-07T09:10:20 0 0 경기74아3357 4 70 234001511 222000825 57 
2020-12-07T09:10:20 0 0 경기74아3380 4 72 234001511 222000163 51 
2020-12-07T09:10:20 0 0 경기74아1386 3 45 234001511 222000825 57 
2020-12-07T09:11:19 0 0 경기74아3357 4 70 234001511 222000825 57 
2020-12-07T09:11:19 0 0 경기74아3380 4 72 234001511 222000163 51 
2020-12-07T09:11:19 0 0 경기74아1386 3 45 234001511 222000825 57 
2020-12-07T09:12:19 0 0 경기74아3357 4 70 234001511 222000825 57 
2020-12-07T09:12:19 0 0 경기74아1386 3 45 234001511 222000825 57 
2020-12-07T09:12:19 0 0 경기74아3380 4 72 234001511 222000958 52 
2020-12-07T09:13:19 0 0 경기74아3357 4 70 234001511 222000825 57 
2020-12-07T09:13:19 0 0 경기74아1386 3 45 234001511 222000825 57 
2020-12-07T09:13:19 0 0 경기74아3380 4 72 234001511 222001580 53 
2020-12-07T09:14:19 0 0 경기74아3357 4 70 234001511 222000825 57 
2020-12-07T09:14:19 0 0 경기74아1386 3 45 234001511 222000825 57 
2020-12-07T09:14:19 0 0 경기74아3380 4 72 234001511 222001580 53 
2020-12-07T09:15:18 0 0 경기74아1386 3 45 234001511 222000825 57 
2020-12-07T09:15:18 0 0 경기74아3380 4 71 234001511 222000164 54 
2020-12-07T09:16:17 0 0 경기74아1386 3 45 234001511 222000825 57 
2020-12-07T09:16:17 0 0 경기74아3380 4 71 234001511 222001096 55 
2020-12-07T09:17:18 0 0 경기74아1386 3 45 234001511 222000825 57 
2020-12-07T09:17:18 0 0 경기74아3380 4 72 234001511 222000166 56 
2020-12-07T09:18:16 0 0 경기74아1386 3 45 234001511 222000825 57 
2020-12-07T09:18:16 0 0 경기74아3380 4 72 234001511 222000825 57 
2020-12-07T09:19:16 0 0 경기74아1386 3 45 234001511 222000825 57 
2020-12-07T09:19:16 0 0 경기74아3380 4 72 234001511 222000825 57 
2020-12-07T09:20:15 0 0 경기74아1386 3 45 234001511 222000825 57 
2020-12-07T09:20:15 0 0 경기74아3380 4 72 234001511 222000825 57 
2020-12-07T09:21:15 0 0 경기74아1386 3 45 234001511 222000825 57 
2020-12-07T09:22:14 0 0 경기74아1386 3 45 234001511 222000825 57 
2020-12-07T09:23:14 0 0 경기74아1386 3 45 234001511 222000825 57 
2020-12-07T09:24:13 0 0 경기74아1386 3 45 234001511 222000825 57 
2020-12-07T09:26:12 0 0 경기74아3357 4 70 234001511 222000824 1 
2020-12-07T09:27:12 0 0 경기74아3357 4 70 234001511 222000824 1 
2020-12-07T09:28:11 0 0 경기74아3357 4 65 234001511 222000171 2 
2020-12-07T09:29:10 0 0 경기74아3357 4 65 234001511 222000170 3 
2020-12-07T09:30:10 0 0 경기74아3357 4 65 234001511 222000323 4 
2020-12-07T09:31:09 0 0 경기74아3357 4 64 234001511 222000322 5 
2020-12-07T09:32:09 0 0 경기74아3357 4 64 234001511 222000320 7 
2020-12-07T09:33:09 0 0 경기74아3357 4 64 234001511 222000180 9 
2020-12-07T09:34:08 0 0 경기74아3357 4 64 234001511 222000179 10 
2020-12-07T09:35:07 0 0 경기74아3357 4 54 234001511 222000179 10 
2020-12-07T09:36:06 0 0 경기74아3357 4 54 234001511 222000178 11 
2020-12-07T09:37:07 0 0 경기74아3357 4 51 234001511 222000178 11 
2020-12-07T09:38:06 0 0 경기74아3357 4 51 234001511 222000178 11 
2020-12-07T09:39:05 0 0 경기74아3357 4 47 234001511 222000177 12 
2020-12-07T09:40:04 0 0 경기74아3357 4 47 234001511 222000177 12 
2020-12-07T09:41:04 0 0 경기74아3357 4 47 234001511 277102831 13 
2020-12-07T09:41:04 0 0 경기74아3380 4 72 234001511 222000824 1 
2020-12-07T09:42:03 0 0 경기74아3357 4 47 234001511 277102831 13 
2020-12-07T09:42:03 0 0 경기74아3380 4 72 234001511 222000824 1 
2020-12-07T09:43:02 0 0 경기74아3357 4 47 234001511 277102831 13 
2020-12-07T09:43:02 0 0 경기74아3380 4 72 234001511 222000171 2 
2020-12-07T09:44:02 0 0 경기74아3357 4 47 234001511 277102831 13 
2020-12-07T09:44:02 0 0 경기74아3380 4 71 234001511 222000170 3 
2020-12-07T09:45:00 0 0 경기74아3357 4 47 234001511 277102833 14 
2020-12-07T09:45:00 0 0 경기74아3380 4 72 234001511 222000323 4 
2020-12-07T09:46:00 0 0 경기74아3357 4 47 234001511 277102833 14 
2020-12-07T09:46:00 0 0 경기74아3380 4 72 234001511 222000321 6 
2020-12-07T09:46:59 0 0 경기74아3357 4 47 234001511 277102835 15 
2020-12-07T09:46:59 0 0 경기74아3380 4 72 234001511 222000320 7 
2020-12-07T09:47:59 0 0 경기74아3380 4 72 234001511 222000180 9 
2020-12-07T09:47:59 0 0 경기74아3357 4 47 234001511 277102837 16 
2020-12-07T09:48:58 0 0 경기74아3380 4 72 234001511 222000179 10 
2020-12-07T09:48:58 0 0 경기74아3357 4 47 234001511 222000302 17 
2020-12-07T09:49:57 0 0 경기74아3357 4 47 234001511 222000302 17 
2020-12-07T09:49:57 0 0 경기74아3380 4 72 234001511 222000179 10 
2020-12-07T09:50:58 0 0 경기74아3357 4 47 234001511 222000302 17 
2020-12-07T09:50:58 0 0 경기74아3380 4 72 234001511 222000178 11 
2020-12-07T09:51:57 0 0 경기74아3380 4 72 234001511 222000178 11 
2020-12-07T09:51:57 0 0 경기74아3357 4 47 234001511 221000039 18 
2020-12-07T09:52:56 0 0 경기74아3380 4 68 234001511 222000178 11 
2020-12-07T09:52:56 0 0 경기74아3357 4 47 234001511 221000039 18 
2020-12-07T09:53:56 0 0 경기74아3380 4 67 234001511 222000177 12 
2020-12-07T09:53:56 0 0 경기74아3357 4 47 234001511 277100104 19 
2020-12-07T09:54:55 0 0 경기74아3357 4 47 234001511 277103306 20 
2020-12-07T09:54:55 0 0 경기74아3380 4 67 234001511 222000177 12 
2020-12-07T09:55:54 0 0 경기74아3357 4 47 234001511 277103306 20 
2020-12-07T09:55:54 0 0 경기74아3380 4 67 234001511 277102831 13 
2020-12-07T09:56:54 0 0 경기74아3357 4 47 234001511 277103306 20 
2020-12-07T09:56:54 0 0 경기74아3380 4 67 234001511 277102831 13 
2020-12-07T09:57:53 0 0 경기74아3380 4 67 234001511 277102831 13 
2020-12-07T09:57:53 0 0 경기74아3357 4 47 234001511 277102674 21 
2020-12-07T09:58:53 0 0 경기74아3380 4 67 234001511 277102831 13 
2020-12-07T09:58:53 0 0 경기74아3357 4 47 234001511 277102674 21 
2020-12-07T09:59:52 0 0 경기74아3357 4 47 234001511 277103309 22 
2020-12-07T09:59:52 0 0 경기74아3380 4 67 234001511 277102833 14 
2020-12-07T10:00:51 0 0 경기74아3380 4 67 234001511 277102833 14 
2020-12-07T10:00:51 0 0 경기74아3357 4 47 234001511 277103309 22 
2020-12-07T10:01:50 0 0 경기74아3357 4 47 234001511 277103309 22 
2020-12-07T10:01:50 0 0 경기74아3380 4 67 234001511 277102835 15 
2020-12-07T10:02:50 0 0 경기74아3357 4 47 234001511 277103309 22 
2020-12-07T10:02:50 0 0 경기74아3380 4 67 234001511 277102837 16 
2020-12-07T10:03:50 0 0 경기74아3357 4 47 234001511 277103308 23 
2020-12-07T10:03:50 0 0 경기74아3380 4 67 234001511 222000302 17 
2020-12-07T10:04:49 0 0 경기74아3380 4 67 234001511 222000302 17 
2020-12-07T10:04:49 0 0 경기74아3357 4 47 234001511 277103308 23 
2020-12-07T10:05:48 0 0 경기74아3357 4 47 234001511 277102302 24 
2020-12-07T10:05:48 0 0 경기74아3380 4 67 234001511 222000302 17 
2020-12-07T10:06:48 0 0 경기74아3380 4 67 234001511 221000039 18 
2020-12-07T10:06:48 0 0 경기74아3357 4 47 234001511 277102302 24 
2020-12-07T10:07:48 0 0 경기74아3380 4 67 234001511 221000039 18 
2020-12-07T10:07:48 0 0 경기74아3357 4 47 234001511 277102302 24 
2020-12-07T10:08:47 0 0 경기74아3357 4 47 234001511 277102302 24 
2020-12-07T10:08:47 0 0 경기74아3380 4 67 234001511 277100104 19 
2020-12-07T10:09:46 0 0 경기74아3380 4 67 234001511 277103306 20 
2020-12-07T10:09:46 0 0 경기74아3357 4 48 234001511 123000611 25 
2020-12-07T10:10:47 0 0 경기74아3357 4 48 234001511 123000611 25 
2020-12-07T10:10:47 0 0 경기74아3380 4 67 234001511 277103306 20 
2020-12-07T10:11:48 0 0 경기74아3357 4 48 234001511 123000611 25 
2020-12-07T10:11:48 0 0 경기74아3380 4 67 234001511 277103306 20 
2020-12-07T10:12:48 0 0 경기74아3357 4 48 234001511 123000611 25 
2020-12-07T10:12:48 0 0 경기74아3380 4 67 234001511 277103306 20 
2020-12-07T10:13:46 0 0 경기74아3357 4 48 234001511 123000611 25 
2020-12-07T10:13:46 0 0 경기74아3380 4 67 234001511 277102674 21 
2020-12-07T10:14:44 0 0 경기74아3357 4 48 234001511 123000611 25 
2020-12-07T10:14:44 0 0 경기74아3380 4 67 234001511 277103309 22 
2020-12-07T10:15:43 0 0 경기74아3357 4 48 234001511 123000611 25 
2020-12-07T10:15:43 0 0 경기74아3380 4 67 234001511 277103309 22 
2020-12-07T10:16:43 0 0 경기74아3357 4 48 234001511 123000611 25 
2020-12-07T10:16:43 0 0 경기74아3380 4 67 234001511 277103309 22 
2020-12-07T10:17:42 0 0 경기74아3357 4 48 234001511 123000611 25 
2020-12-07T10:17:42 0 0 경기74아3380 4 67 234001511 277103309 22 
2020-12-07T10:18:41 0 0 경기74아3357 4 48 234001511 123000611 25 
2020-12-07T10:18:41 0 0 경기74아3380 4 67 234001511 277103309 22 
2020-12-07T10:19:40 0 0 경기74아3380 4 67 234001511 277103308 23 
2020-12-07T10:19:40 0 0 경기74아3357 4 68 234001511 123000611 25 
2020-12-07T10:20:39 0 0 경기74아3380 4 67 234001511 277103308 23 
2020-12-07T10:20:39 0 0 경기74아3357 4 68 234001511 123000611 25 
2020-12-07T10:21:39 0 0 경기74아3380 4 67 234001511 277102302 24 
2020-12-07T10:21:39 0 0 경기74아3357 4 68 234001511 123000611 25 
2020-12-07T10:22:37 0 0 경기74아3380 4 67 234001511 277102302 24 
2020-12-07T10:22:37 0 0 경기74아3357 4 68 234001511 123000611 25 
2020-12-07T10:23:38 0 0 경기74아3380 4 67 234001511 277102302 24 
2020-12-07T10:23:38 0 0 경기74아3357 4 68 234001511 277103310 26 
2020-12-07T10:24:36 0 0 경기74아3357 4 68 234001511 277102675 27 
2020-12-07T10:24:36 0 0 경기74아3380 4 67 234001511 123000611 25 
2020-12-07T10:25:36 0 0 경기74아3357 4 68 234001511 277102675 27 
2020-12-07T10:25:36 0 0 경기74아3380 4 67 234001511 123000611 25 
2020-12-07T10:26:35 0 0 경기74아3357 4 68 234001511 277102675 27 
2020-12-07T10:26:35 0 0 경기74아3380 4 67 234001511 123000611 25 
2020-12-07T10:27:36 0 0 경기74아3380 4 67 234001511 123000611 25 
2020-12-07T10:27:36 0 0 경기74아3357 4 68 234001511 277103307 28 
2020-12-07T10:28:35 0 0 경기74아3380 4 67 234001511 123000611 25 
2020-12-07T10:28:35 0 0 경기74아3357 4 68 234001511 277103313 29 
2020-12-07T10:29:34 0 0 경기74아3380 4 67 234001511 123000611 25 
2020-12-07T10:29:34 0 0 경기74아3357 4 68 234001511 221000238 30 
2020-12-07T10:30:35 0 0 경기74아3380 4 67 234001511 123000611 25 
2020-12-07T10:30:35 0 0 경기74아3357 4 68 234001511 221000238 30 
2020-12-07T10:31:34 0 0 경기74아3380 4 67 234001511 123000611 25 
2020-12-07T10:31:34 0 0 경기74아3357 4 68 234001511 221000238 30 
2020-12-07T10:32:33 0 0 경기74아3357 4 68 234001511 222000301 31 
2020-12-07T10:32:33 0 0 경기74아3380 4 71 234001511 123000611 25 
2020-12-07T10:33:33 0 0 경기74아3357 4 68 234001511 277102838 32 
2020-12-07T10:33:33 0 0 경기74아3380 4 71 234001511 123000611 25 
2020-12-07T10:34:33 0 0 경기74아3380 4 71 234001511 123000611 25 
2020-12-07T10:34:33 0 0 경기74아3357 4 68 234001511 277102836 33 
2020-12-07T10:35:33 0 0 경기74아3357 4 68 234001511 277102836 33 
2020-12-07T10:35:33 0 0 경기74아3380 4 71 234001511 123000611 25 
2020-12-07T10:36:32 0 0 경기74아3357 4 68 234001511 277102834 34 
2020-12-07T10:36:32 0 0 경기74아3380 4 71 234001511 277103310 26 
2020-12-07T10:37:31 0 0 경기74아3357 4 68 234001511 277102834 34 
2020-12-07T10:37:31 0 0 경기74아3380 4 71 234001511 277102675 27 
2020-12-07T10:38:31 0 0 경기74아3357 4 68 234001511 277102834 34 
2020-12-07T10:38:31 0 0 경기74아3380 4 71 234001511 277102675 27 
2020-12-07T10:39:31 0 0 경기74아3357 4 68 234001511 277102834 34 
2020-12-07T10:39:31 0 0 경기74아3380 4 71 234001511 277102675 27 
2020-12-07T10:40:30 0 0 경기74아3380 4 71 234001511 277103307 28 
2020-12-07T10:40:30 0 0 경기74아3357 4 68 234001511 277102832 35 
2020-12-07T10:41:30 0 0 경기74아3357 4 68 234001511 277102832 35 
2020-12-07T10:41:30 0 0 경기74아3380 4 71 234001511 277103307 28 
2020-12-07T10:42:29 0 0 경기74아3380 4 71 234001511 277103313 29 
2020-12-07T10:42:29 0 0 경기74아3357 4 68 234001511 222000186 36 
2020-12-07T10:43:28 0 0 경기74아3357 4 68 234001511 222000186 36 
2020-12-07T10:43:28 0 0 경기74아3380 4 71 234001511 221000238 30 
2020-12-07T10:44:28 0 0 경기74아3380 4 71 234001511 221000238 30 
2020-12-07T10:44:28 0 0 경기74아3357 4 68 234001511 222000185 37 
2020-12-07T10:45:27 0 0 경기74아3380 4 71 234001511 222000301 31 
2020-12-07T10:45:27 0 0 경기74아3357 4 68 234001511 222000184 38 
2020-12-07T10:46:26 0 0 경기74아3380 4 71 234001511 277102838 32 
2020-12-07T10:46:26 0 0 경기74아3357 4 68 234001511 222000182 40 
2020-12-07T10:47:25 0 0 경기74아3380 4 71 234001511 277102836 33 
2020-12-07T10:47:25 0 0 경기74아3357 4 68 234001511 222000327 42 
2020-12-07T10:48:24 0 0 경기74아3380 4 71 234001511 277102836 33 
2020-12-07T10:48:24 0 0 경기74아3357 4 68 234001511 222000325 44 
2020-12-07T10:49:24 0 0 경기74아3380 4 71 234001511 277102834 34 
2020-12-07T10:49:24 0 0 경기74아3357 4 68 234001511 222000324 46 
2020-12-07T10:50:23 0 0 경기74아3380 4 71 234001511 277102834 34 
2020-12-07T10:50:23 0 0 경기74아3357 4 68 234001511 222000175 47 
2020-12-07T10:51:22 0 0 경기74아3380 4 71 234001511 277102834 34 
2020-12-07T10:51:22 0 0 경기74아3357 4 68 234001511 222001419 49 
2020-12-07T10:52:22 0 0 경기74아3380 4 71 234001511 277102834 34 
2020-12-07T10:52:22 0 0 경기74아3357 4 68 234001511 222000163 51 
2020-12-07T10:53:22 0 0 경기74아3357 4 68 234001511 222000163 51 
2020-12-07T10:53:22 0 0 경기74아3380 4 71 234001511 277102832 35 
2020-12-07T10:54:22 0 0 경기74아3357 4 69 234001511 222000958 52 
2020-12-07T10:54:22 0 0 경기74아3380 4 71 234001511 277102832 35 
2020-12-07T10:55:21 0 0 경기74아3380 4 71 234001511 222000186 36 
2020-12-07T10:55:21 0 0 경기74아3357 4 69 234001511 222001580 53 
2020-12-07T10:56:20 0 0 경기74아3357 4 69 234001511 222001580 53 
2020-12-07T10:56:20 0 0 경기74아3380 4 71 234001511 222000185 37 
2020-12-07T10:57:20 0 0 경기74아3357 4 70 234001511 222000164 54 
2020-12-07T10:57:20 0 0 경기74아3380 4 71 234001511 222000185 37 
2020-12-07T10:58:20 0 0 경기74아3357 4 70 234001511 222001096 55 
2020-12-07T10:58:20 0 0 경기74아3380 4 71 234001511 222000184 38 
2020-12-07T10:59:20 0 0 경기74아3357 4 70 234001511 222000166 56 
2020-12-07T10:59:20 0 0 경기74아3380 4 71 234001511 222000182 40 
2020-12-07T11:00:20 0 0 경기74아3357 4 70 234001511 222000166 56 
2020-12-07T11:00:20 0 0 경기74아3380 4 72 234001511 222000328 41 
2020-12-07T11:01:19 0 0 경기74아3357 4 70 234001511 222000825 57 
2020-12-07T11:01:19 0 0 경기74아3380 4 72 234001511 222000327 42 
2020-12-07T11:02:19 0 0 경기74아3357 4 70 234001511 222000825 57 
2020-12-07T11:02:19 0 0 경기74아3380 4 72 234001511 222000327 42 
2020-12-07T11:03:18 0 0 경기74아3357 4 70 234001511 222000825 57 
2020-12-07T11:03:18 0 0 경기74아3380 4 72 234001511 222000749 45 
2020-12-07T11:04:17 0 0 경기74아3357 4 70 234001511 222000825 57 
2020-12-07T11:04:17 0 0 경기74아3380 4 72 234001511 222000324 46 
2020-12-07T11:05:17 0 0 경기74아3357 4 70 234001511 222000825 57 
2020-12-07T11:05:17 0 0 경기74아3380 4 72 234001511 222000175 47 
2020-12-07T11:06:16 0 0 경기74아3357 4 70 234001511 222000825 57 
2020-12-07T11:06:16 0 0 경기74아3380 4 72 234001511 222000173 50 
2020-12-07T11:07:15 0 0 경기74아3357 4 70 234001511 222000825 57 
2020-12-07T11:07:15 0 0 경기74아3380 4 72 234001511 222000163 51 
2020-12-07T11:08:14 0 0 경기74아3357 4 70 234001511 222000825 57 
2020-12-07T11:08:14 0 0 경기74아3380 4 72 234001511 222000163 51 
2020-12-07T11:09:14 0 0 경기74아3357 4 70 234001511 222000825 57 
2020-12-07T11:09:14 0 0 경기74아3380 4 72 234001511 222000958 52 
2020-12-07T11:10:13 0 0 경기74아3357 4 70 234001511 222000825 57 
2020-12-07T11:10:13 0 0 경기74아3380 4 72 234001511 222001580 53 
2020-12-07T11:11:12 0 0 경기74아3357 4 70 234001511 222000825 57 
2020-12-07T11:11:12 0 0 경기74아3380 4 72 234001511 222001096 55 
2020-12-07T11:12:11 0 0 경기74아3357 4 70 234001511 222000825 57 
2020-12-07T11:12:11 0 0 경기74아3380 4 72 234001511 222000166 56 
2020-12-07T11:13:12 0 0 경기74아3357 4 70 234001511 222000825 57 
2020-12-07T11:13:12 0 0 경기74아3380 4 72 234001511 222000825 57 
2020-12-07T11:14:11 0 0 경기74아3357 4 70 234001511 222000825 57 
2020-12-07T11:14:11 0 0 경기74아3380 4 72 234001511 222000825 57 
2020-12-07T11:15:10 0 0 경기74아3357 4 70 234001511 222000825 57 
2020-12-07T11:15:10 0 0 경기74아3380 4 72 234001511 222000825 57 
2020-12-07T11:16:09 0 0 경기74아3380 4 72 234001511 222000825 57 
2020-12-07T11:17:09 0 0 경기74아3380 4 72 234001511 222000825 57 
2020-12-07T11:18:09 0 0 경기74아3380 4 72 234001511 222000825 57 
2020-12-07T11:19:08 0 0 경기74아3380 4 72 234001511 222000825 57 
2020-12-07T11:20:08 0 0 경기74아3380 4 72 234001511 222000825 57 
2020-12-07T11:21:06 0 0 경기74아3380 4 72 234001511 222000825 57 
2020-12-07T11:22:06 0 0 경기74아3380 4 72 234001511 222000825 57 
2020-12-07T11:23:07 0 0 경기74아3380 4 72 234001511 222000825 57 
2020-12-07T11:24:06 0 0 경기74아3380 4 72 234001511 222000825 57 
2020-12-07T11:25:06 0 0 경기74아3380 4 72 234001511 222000825 57 
2020-12-07T11:26:05 0 0 경기74아3380 4 72 234001511 222000825 57 
2020-12-07T11:27:04 0 0 경기74아3380 4 72 234001511 222000825 57 
2020-12-07T11:28:03 0 0 경기74아3380 4 72 234001511 222000825 57 
2020-12-07T12:20:39 0 0 경기74아3357 4 70 234001511 222000825 57 
2020-12-07T12:21:39 0 0 경기74아3357 4 70 234001511 222000824 1 
2020-12-07T12:22:39 0 0 경기74아3357 4 70 234001511 222000171 2 
2020-12-07T12:23:37 0 0 경기74아3357 4 69 234001511 222000170 3 
2020-12-07T12:24:37 0 0 경기74아3357 4 69 234001511 222000170 3 
2020-12-07T12:25:37 0 0 경기74아3357 4 69 234001511 222000170 3 
2020-12-07T12:26:36 0 0 경기74아3357 4 69 234001511 222000322 5 
2020-12-07T12:27:35 0 0 경기74아3357 4 68 234001511 222000320 7 
2020-12-07T12:28:35 0 0 경기74아3357 4 68 234001511 222000181 8 
2020-12-07T12:29:35 0 0 경기74아3357 4 68 234001511 222000180 9 
2020-12-07T12:30:35 0 0 경기74아3357 4 68 234001511 222000179 10 
2020-12-07T12:31:33 0 0 경기74아3357 4 66 234001511 222000179 10 
2020-12-07T12:32:34 0 0 경기74아3357 4 66 234001511 222000179 10 
2020-12-07T12:33:32 0 0 경기74아3357 4 66 234001511 222000178 11 
2020-12-07T12:34:33 0 0 경기74아3357 4 66 234001511 222000177 12 
2020-12-07T12:35:31 0 0 경기74아3357 4 65 234001511 222000177 12 
2020-12-07T12:36:32 0 0 경기74아3357 4 65 234001511 222000177 12 
2020-12-07T12:37:31 0 0 경기74아3357 4 65 234001511 277102831 13 
2020-12-07T12:38:30 0 0 경기74아3357 4 65 234001511 277102831 13 
2020-12-07T12:39:29 0 0 경기74아3357 4 65 234001511 277102831 13 
2020-12-07T12:40:29 0 0 경기74아3357 4 65 234001511 277102831 13 
2020-12-07T12:41:28 0 0 경기74아3380 4 72 234001511 222000824 1 
2020-12-07T12:41:28 0 0 경기74아3357 4 65 234001511 277102833 14 
2020-12-07T12:42:28 0 0 경기74아3357 4 65 234001511 277102833 14 
2020-12-07T12:42:28 0 0 경기74아3380 4 72 234001511 222000824 1 
2020-12-07T12:43:27 0 0 경기74아3357 4 65 234001511 277102835 15 
2020-12-07T12:43:27 0 0 경기74아3380 4 72 234001511 222000170 3 
2020-12-07T12:44:27 0 0 경기74아3357 4 65 234001511 277102835 15 
2020-12-07T12:44:27 0 0 경기74아3380 4 72 234001511 222000170 3 
2020-12-07T12:45:27 0 0 경기74아3380 4 72 234001511 222000322 5 
2020-12-07T12:45:27 0 0 경기74아3357 4 65 234001511 277102837 16 
2020-12-07T12:46:26 0 0 경기74아3357 4 65 234001511 222000302 17 
2020-12-07T12:46:26 0 0 경기74아3380 4 72 234001511 222000320 7 
2020-12-07T12:47:26 0 0 경기74아3380 4 71 234001511 222000320 7 
2020-12-07T12:47:26 0 0 경기74아3357 4 65 234001511 222000302 17 
2020-12-07T12:48:24 0 0 경기74아3357 4 65 234001511 221000039 18 
2020-12-07T12:48:24 0 0 경기74아3380 4 71 234001511 222000320 7 
2020-12-07T12:49:24 0 0 경기74아3357 4 65 234001511 221000039 18 
2020-12-07T12:49:24 0 0 경기74아3380 4 71 234001511 222000320 7 
2020-12-07T12:50:24 0 0 경기74아3357 4 65 234001511 277100104 19 
2020-12-07T12:50:24 0 0 경기74아3380 4 71 234001511 222000181 8 
2020-12-07T12:51:24 0 0 경기74아3380 4 71 234001511 222000180 9 
2020-12-07T12:51:24 0 0 경기74아3357 4 65 234001511 277103306 20 
2020-12-07T12:52:23 0 0 경기74아3357 4 65 234001511 277103306 20 
2020-12-07T12:52:23 0 0 경기74아3380 4 71 234001511 222000179 10 
2020-12-07T12:53:22 0 0 경기74아3357 4 65 234001511 277103306 20 
2020-12-07T12:53:22 0 0 경기74아3380 4 71 234001511 222000179 10 
2020-12-07T12:54:21 0 0 경기74아3380 4 71 234001511 222000178 11 
2020-12-07T12:54:21 0 0 경기74아3357 4 65 234001511 277102674 21 
2020-12-07T12:55:21 0 0 경기74아3357 4 65 234001511 277103309 22 
2020-12-07T12:55:21 0 0 경기74아3380 4 69 234001511 222000178 11 
2020-12-07T12:56:20 0 0 경기74아3380 4 66 234001511 222000177 12 
2020-12-07T12:56:20 0 0 경기74아3357 4 65 234001511 277103309 22 
2020-12-07T12:57:21 0 0 경기74아3380 4 66 234001511 222000177 12 
2020-12-07T12:57:21 0 0 경기74아3357 4 65 234001511 277103308 23 
2020-12-07T12:58:19 0 0 경기74아3380 4 66 234001511 222000177 12 
2020-12-07T12:58:19 0 0 경기74아3357 4 65 234001511 277102302 24 
2020-12-07T12:59:19 0 0 경기74아3380 4 66 234001511 222000177 12 
2020-12-07T12:59:19 0 0 경기74아3357 4 65 234001511 277102302 24 
2020-12-07T13:00:18 0 0 경기74아3357 4 65 234001511 277102302 24 
2020-12-07T13:00:18 0 0 경기74아3380 4 66 234001511 277102831 13 
2020-12-07T13:01:18 0 0 경기74아3357 4 65 234001511 277102302 24 
2020-12-07T13:01:18 0 0 경기74아3380 4 66 234001511 277102831 13 
2020-12-07T13:02:17 0 0 경기74아3380 4 66 234001511 277102831 13 
2020-12-07T13:02:17 0 0 경기74아3357 4 65 234001511 123000611 25 
2020-12-07T13:03:16 0 0 경기74아3380 4 66 234001511 277102831 13 
2020-12-07T13:03:16 0 0 경기74아3357 4 65 234001511 123000611 25 
2020-12-07T13:04:16 0 0 경기74아3357 4 65 234001511 123000611 25 
2020-12-07T13:04:16 0 0 경기74아3380 4 66 234001511 277102833 14 
2020-12-07T13:05:16 0 0 경기74아3357 4 65 234001511 123000611 25 
2020-12-07T13:05:16 0 0 경기74아3380 4 66 234001511 277102835 15 
2020-12-07T13:06:15 0 0 경기74아3357 4 65 234001511 123000611 25 
2020-12-07T13:06:15 0 0 경기74아3380 4 66 234001511 277102835 15 
2020-12-07T13:07:14 0 0 경기74아3357 4 65 234001511 123000611 25 
2020-12-07T13:07:14 0 0 경기74아3380 4 66 234001511 277102837 16 
2020-12-07T13:08:13 0 0 경기74아3357 4 65 234001511 123000611 25 
2020-12-07T13:08:13 0 0 경기74아3380 4 66 234001511 222000302 17 
2020-12-07T13:09:13 0 0 경기74아3357 4 65 234001511 123000611 25 
2020-12-07T13:09:13 0 0 경기74아3380 4 66 234001511 221000039 18 
2020-12-07T13:10:12 0 0 경기74아3380 4 66 234001511 221000039 18 
2020-12-07T13:10:12 0 0 경기74아3357 4 65 234001511 123000611 25 
2020-12-07T13:11:11 0 0 경기74아3357 4 65 234001511 123000611 25 
2020-12-07T13:11:11 0 0 경기74아3380 4 66 234001511 277100104 19 
2020-12-07T13:12:10 0 0 경기74아3357 4 65 234001511 123000611 25 
2020-12-07T13:12:10 0 0 경기74아3380 4 66 234001511 277100104 19 
2020-12-07T13:13:10 0 0 경기74아3357 4 65 234001511 123000611 25 
2020-12-07T13:13:10 0 0 경기74아3380 4 66 234001511 277103306 20 
2020-12-07T13:14:09 0 0 경기74아3380 4 66 234001511 277103306 20 
2020-12-07T13:14:09 0 0 경기74아3357 4 65 234001511 277103310 26 
2020-12-07T13:15:09 0 0 경기74아3380 4 66 234001511 277103306 20 
2020-12-07T13:15:09 0 0 경기74아3357 4 65 234001511 277102675 27 
2020-12-07T13:16:09 0 0 경기74아3357 4 65 234001511 277102675 27 
2020-12-07T13:16:09 0 0 경기74아3380 4 66 234001511 277102674 21 
2020-12-07T13:17:08 0 0 경기74아3357 4 65 234001511 277102675 27 
2020-12-07T13:17:08 0 0 경기74아3380 4 66 234001511 277103309 22 
2020-12-07T13:18:08 0 0 경기74아3380 4 66 234001511 277103308 23 
2020-12-07T13:18:08 0 0 경기74아3357 4 65 234001511 277103307 28 
2020-12-07T13:19:12 0 0 경기74아3357 4 65 234001511 277103313 29 
2020-12-07T13:19:12 0 0 경기74아3380 4 66 234001511 277102302 24 
2020-12-07T13:20:07 0 0 경기74아3357 4 65 234001511 277103313 29 
2020-12-07T13:20:07 0 0 경기74아3380 4 66 234001511 277102302 24 
2020-12-07T13:21:05 0 0 경기74아3380 4 66 234001511 123000611 25 
2020-12-07T13:21:05 0 0 경기74아3357 4 65 234001511 221000238 30 
2020-12-07T13:22:05 0 0 경기74아3380 4 66 234001511 123000611 25 
2020-12-07T13:22:05 0 0 경기74아3357 4 65 234001511 222000301 31 
2020-12-07T13:23:05 0 0 경기74아3380 4 66 234001511 123000611 25 
2020-12-07T13:23:05 0 0 경기74아3357 4 65 234001511 277102838 32 
2020-12-07T13:24:04 0 0 경기74아3380 4 66 234001511 123000611 25 
2020-12-07T13:24:04 0 0 경기74아3357 4 65 234001511 277102838 32 
2020-12-07T13:25:02 0 0 경기74아3380 4 66 234001511 123000611 25 
2020-12-07T13:25:02 0 0 경기74아3357 4 65 234001511 277102836 33 
2020-12-07T13:26:02 0 0 경기74아3380 4 66 234001511 123000611 25 
2020-12-07T13:26:02 0 0 경기74아3357 4 65 234001511 277102836 33 
2020-12-07T13:27:02 0 0 경기74아3380 4 66 234001511 123000611 25 
2020-12-07T13:27:02 0 0 경기74아3357 4 65 234001511 277102834 34 
2020-12-07T13:28:02 0 0 경기74아3357 4 65 234001511 277102834 34 
2020-12-07T13:28:02 0 0 경기74아3380 4 68 234001511 123000611 25 
2020-12-07T13:29:01 0 0 경기74아3357 4 65 234001511 277102834 34 
2020-12-07T13:29:01 0 0 경기74아3380 4 68 234001511 123000611 25 
2020-12-07T13:30:00 0 0 경기74아3357 4 65 234001511 277102834 34 
2020-12-07T13:30:00 0 0 경기74아3380 4 68 234001511 123000611 25 
2020-12-07T13:31:00 0 0 경기74아3380 4 68 234001511 123000611 25 
2020-12-07T13:31:00 0 0 경기74아3357 4 66 234001511 277102832 35 
2020-12-07T13:31:59 0 0 경기74아3357 4 66 234001511 277102832 35 
2020-12-07T13:31:59 0 0 경기74아3380 4 68 234001511 277103310 26 
2020-12-07T13:32:59 0 0 경기74아3357 4 66 234001511 277102832 35 
2020-12-07T13:32:59 0 0 경기74아3380 4 68 234001511 277102675 27 
2020-12-07T13:33:59 0 0 경기74아3357 4 66 234001511 277102832 35 
2020-12-07T13:33:59 0 0 경기74아3380 4 68 234001511 277102675 27 
2020-12-07T13:34:57 0 0 경기74아3380 4 68 234001511 277102675 27 
2020-12-07T13:34:57 0 0 경기74아3357 4 66 234001511 222000186 36 
2020-12-07T13:35:58 0 0 경기74아3357 4 66 234001511 222000186 36 
2020-12-07T13:35:58 0 0 경기74아3380 4 68 234001511 277103307 28 
2020-12-07T13:36:57 0 0 경기74아3380 4 68 234001511 277103307 28 
2020-12-07T13:36:57 0 0 경기74아3357 4 67 234001511 222000185 37 
2020-12-07T13:37:55 0 0 경기74아3357 4 67 234001511 222000185 37 
2020-12-07T13:37:55 0 0 경기74아3380 4 68 234001511 277103313 29 
2020-12-07T13:38:55 0 0 경기74아3357 4 67 234001511 222000185 37 
2020-12-07T13:38:55 0 0 경기74아3380 4 68 234001511 221000238 30 
2020-12-07T13:39:55 0 0 경기74아3380 4 68 234001511 221000238 30 
2020-12-07T13:39:55 0 0 경기74아3357 4 67 234001511 222000184 38 
2020-12-07T13:40:54 0 0 경기74아3380 4 68 234001511 222000301 31 
2020-12-07T13:40:54 0 0 경기74아3357 4 68 234001511 222000183 39 
2020-12-07T13:41:52 0 0 경기74아3380 4 68 234001511 277102838 32 
2020-12-07T13:41:52 0 0 경기74아3357 4 68 234001511 222000182 40 
2020-12-07T13:42:52 0 0 경기74아3357 4 68 234001511 222000328 41 
2020-12-07T13:42:52 0 0 경기74아3380 4 68 234001511 277102836 33 
2020-12-07T13:43:52 0 0 경기74아3380 4 68 234001511 277102836 33 
2020-12-07T13:43:52 0 0 경기74아3357 4 68 234001511 222000326 43 
2020-12-07T13:44:52 0 0 경기74아3380 4 68 234001511 277102834 34 
2020-12-07T13:44:52 0 0 경기74아3357 4 66 234001511 222000325 44 
2020-12-07T13:45:50 0 0 경기74아3380 4 68 234001511 277102834 34 
2020-12-07T13:45:50 0 0 경기74아3357 4 67 234001511 222000749 45 
2020-12-07T13:46:50 0 0 경기74아3380 4 68 234001511 277102834 34 
2020-12-07T13:46:50 0 0 경기74아3357 4 68 234001511 222000324 46 
2020-12-07T13:47:50 0 0 경기74아3380 4 68 234001511 277102834 34 
2020-12-07T13:47:50 0 0 경기74아3357 4 68 234001511 222000175 47 
2020-12-07T13:48:50 0 0 경기74아3357 4 69 234001511 222000174 48 
2020-12-07T13:48:50 0 0 경기74아3380 4 68 234001511 277102832 35 
2020-12-07T13:49:48 0 0 경기74아3357 4 69 234001511 222000174 48 
2020-12-07T13:49:48 0 0 경기74아3380 4 68 234001511 277102832 35 
2020-12-07T13:50:49 0 0 경기74아3380 4 68 234001511 277102832 35 
2020-12-07T13:50:49 0 0 경기74아3357 4 69 234001511 222001419 49 
2020-12-07T13:51:48 0 0 경기74아3357 4 69 234001511 222000173 50 
2020-12-07T13:51:48 0 0 경기74아3380 4 68 234001511 277102832 35 
2020-12-07T13:52:47 0 0 경기74아3357 4 69 234001511 222000163 51 
2020-12-07T13:52:47 0 0 경기74아3380 4 70 234001511 222000186 36 
2020-12-07T13:53:47 0 0 경기74아3357 4 69 234001511 222000163 51 
2020-12-07T13:53:47 0 0 경기74아3380 4 70 234001511 222000185 37 
2020-12-07T13:54:46 0 0 경기74아3380 4 70 234001511 222000185 37 
2020-12-07T13:54:46 0 0 경기74아3357 4 70 234001511 222000958 52 
2020-12-07T13:55:46 0 0 경기74아3357 4 70 234001511 222000958 52 
2020-12-07T13:55:46 0 0 경기74아3380 4 70 234001511 222000184 38 
2020-12-07T13:56:45 0 0 경기74아3357 4 70 234001511 222001580 53 
2020-12-07T13:56:45 0 0 경기74아3380 4 70 234001511 222000183 39 
2020-12-07T13:57:44 0 0 경기74아3357 4 70 234001511 222000164 54 
2020-12-07T13:57:44 0 0 경기74아3380 4 70 234001511 222000327 42 
2020-12-07T13:58:44 0 0 경기74아3357 4 70 234001511 222001096 55 
2020-12-07T13:58:44 0 0 경기74아3380 4 71 234001511 222000325 44 
2020-12-07T13:59:44 0 0 경기74아3357 4 70 234001511 222000166 56 
2020-12-07T13:59:44 0 0 경기74아3380 4 71 234001511 222000749 45 
2020-12-07T14:00:44 0 0 경기74아3380 4 71 234001511 222000749 45 
2020-12-07T14:00:44 0 0 경기74아3357 4 70 234001511 222000825 57 
2020-12-07T14:01:43 0 0 경기74아3357 4 70 234001511 222000825 57 
2020-12-07T14:01:43 0 0 경기74아3380 4 71 234001511 222000324 46 
2020-12-07T14:02:42 0 0 경기74아3357 4 70 234001511 222000825 57 
2020-12-07T14:02:42 0 0 경기74아3380 4 71 234001511 222000175 47 
2020-12-07T14:03:42 0 0 경기74아3357 4 70 234001511 222000825 57 
2020-12-07T14:03:42 0 0 경기74아3380 4 71 234001511 222000173 50 
2020-12-07T14:04:43 0 0 경기74아3357 4 70 234001511 222000825 57 
2020-12-07T14:04:43 0 0 경기74아3380 4 71 234001511 222000163 51 
2020-12-07T14:05:42 0 0 경기74아3357 4 70 234001511 222000825 57 
2020-12-07T14:05:42 0 0 경기74아3380 4 71 234001511 222000163 51 
2020-12-07T14:06:40 0 0 경기74아3357 4 70 234001511 222000825 57 
2020-12-07T14:06:40 0 0 경기74아3380 4 71 234001511 222000958 52 
2020-12-07T14:07:40 0 0 경기74아3357 4 70 234001511 222000825 57 
2020-12-07T14:07:40 0 0 경기74아3380 4 72 234001511 222001580 53 
2020-12-07T14:08:39 0 0 경기74아3357 4 70 234001511 222000825 57 
2020-12-07T14:08:39 0 0 경기74아3380 4 72 234001511 222001580 53 
2020-12-07T14:09:39 0 0 경기74아3357 4 70 234001511 222000825 57 
2020-12-07T14:09:39 0 0 경기74아3380 4 72 234001511 222000164 54 
2020-12-07T14:10:39 0 0 경기74아3357 4 70 234001511 222000825 57 
2020-12-07T14:10:39 0 0 경기74아3380 4 72 234001511 222001096 55 
2020-12-07T14:11:39 0 0 경기74아3357 4 70 234001511 222000825 57 
2020-12-07T14:11:39 0 0 경기74아3380 4 72 234001511 222001096 55 
2020-12-07T14:12:39 0 0 경기74아3357 4 70 234001511 222000825 57 
2020-12-07T14:12:39 0 0 경기74아3380 4 72 234001511 222000825 57 
2020-12-07T14:13:38 0 0 경기74아3357 4 70 234001511 222000825 57 
2020-12-07T14:14:38 0 0 경기74아3357 4 70 234001511 222000825 57 
2020-12-07T15:21:15 0 0 경기74아3357 4 70 234001511 222000824 1 
2020-12-07T15:22:15 0 0 경기74아3357 4 70 234001511 222000824 1 
2020-12-07T15:23:15 0 0 경기74아3357 4 69 234001511 222000170 3 
2020-12-07T15:24:15 0 0 경기74아3357 4 69 234001511 222000323 4 
2020-12-07T15:25:15 0 0 경기74아3357 4 69 234001511 222000323 4 
2020-12-07T15:26:14 0 0 경기74아3357 4 69 234001511 222000322 5 
2020-12-07T15:27:13 0 0 경기74아3357 4 68 234001511 222000321 6 
2020-12-07T15:28:12 0 0 경기74아3357 4 68 234001511 222000320 7 
2020-12-07T15:29:13 0 0 경기74아3357 4 68 234001511 222000320 7 
2020-12-07T15:30:12 0 0 경기74아3357 4 68 234001511 222000320 7 
2020-12-07T15:31:10 0 0 경기74아3357 4 68 234001511 222000320 7 
2020-12-07T15:32:10 0 0 경기74아3357 4 68 234001511 222000180 9 
2020-12-07T15:33:10 0 0 경기74아3357 4 67 234001511 222000179 10 
2020-12-07T15:34:09 0 0 경기74아3357 4 67 234001511 222000179 10 
2020-12-07T15:35:09 0 0 경기74아3357 4 67 234001511 222000179 10 
2020-12-07T15:36:09 0 0 경기74아3357 4 65 234001511 222000178 11 
2020-12-07T15:37:09 0 0 경기74아3357 4 65 234001511 222000178 11 
2020-12-07T15:38:09 0 0 경기74아3357 4 64 234001511 222000177 12 
2020-12-07T15:39:09 0 0 경기74아3357 4 64 234001511 222000177 12 
2020-12-07T15:40:07 0 0 경기74아3357 4 64 234001511 277102831 13 
2020-12-07T15:40:07 0 0 경기74아3380 4 72 234001511 222000824 1 
2020-12-07T15:41:07 0 0 경기74아3357 4 64 234001511 277102831 13 
2020-12-07T15:41:07 0 0 경기74아3380 4 72 234001511 222000824 1 
2020-12-07T15:42:07 0 0 경기74아3357 4 64 234001511 277102831 13 
2020-12-07T15:42:07 0 0 경기74아3380 4 72 234001511 222000824 1 
2020-12-07T15:43:06 0 0 경기74아3357 4 64 234001511 277102831 13 
2020-12-07T15:43:06 0 0 경기74아3380 4 72 234001511 222000171 2 
2020-12-07T15:44:06 0 0 경기74아3380 4 72 234001511 222000170 3 
2020-12-07T15:44:06 0 0 경기74아3357 4 64 234001511 277102833 14 
2020-12-07T15:45:06 0 0 경기74아3357 4 64 234001511 277102833 14 
2020-12-07T15:45:06 0 0 경기74아3380 4 72 234001511 222000323 4 
2020-12-07T15:46:05 0 0 경기74아3357 4 64 234001511 277102835 15 
2020-12-07T15:46:05 0 0 경기74아3380 4 72 234001511 222000321 6 
2020-12-07T15:47:05 0 0 경기74아3357 4 64 234001511 277102835 15 
2020-12-07T15:47:05 0 0 경기74아3380 4 72 234001511 222000320 7 
2020-12-07T15:48:04 0 0 경기74아3380 4 72 234001511 222000320 7 
2020-12-07T15:48:04 0 0 경기74아3357 4 64 234001511 222000302 17 
2020-12-07T15:49:04 0 0 경기74아3380 4 72 234001511 222000320 7 
2020-12-07T15:49:04 0 0 경기74아3357 4 64 234001511 222000302 17 
2020-12-07T15:50:03 0 0 경기74아3380 4 72 234001511 222000181 8 
2020-12-07T15:50:03 0 0 경기74아3357 4 64 234001511 221000039 18 
2020-12-07T15:51:03 0 0 경기74아3380 4 72 234001511 222000180 9 
2020-12-07T15:51:03 0 0 경기74아3357 4 64 234001511 277100104 19 
2020-12-07T15:52:03 0 0 경기74아3380 4 72 234001511 222000179 10 
2020-12-07T15:52:03 0 0 경기74아3357 4 64 234001511 277100104 19 
2020-12-07T15:53:03 0 0 경기74아3357 4 64 234001511 277103306 20 
2020-12-07T15:53:03 0 0 경기74아3380 4 70 234001511 222000179 10 
2020-12-07T15:54:02 0 0 경기74아3357 4 64 234001511 277103306 20 
2020-12-07T15:54:02 0 0 경기74아3380 4 67 234001511 222000178 11 
2020-12-07T15:55:02 0 0 경기74아3357 4 64 234001511 277103306 20 
2020-12-07T15:55:02 0 0 경기74아3380 4 67 234001511 222000178 11 
2020-12-07T15:56:02 0 0 경기74아3380 4 67 234001511 222000177 12 
2020-12-07T15:56:02 0 0 경기74아3357 4 64 234001511 277103306 20 
2020-12-07T15:57:02 0 0 경기74아3380 4 67 234001511 222000177 12 
2020-12-07T15:57:02 0 0 경기74아3357 4 64 234001511 277102674 21 
2020-12-07T15:58:01 0 0 경기74아3357 4 64 234001511 277103309 22 
2020-12-07T15:58:01 0 0 경기74아3380 4 67 234001511 277102831 13 
2020-12-07T15:59:01 0 0 경기74아3380 4 67 234001511 277102831 13 
2020-12-07T15:59:01 0 0 경기74아3357 4 64 234001511 277103309 22 
2020-12-07T16:00:01 0 0 경기74아3380 4 67 234001511 277102831 13 
2020-12-07T16:00:01 0 0 경기74아3357 4 64 234001511 277103308 23 
2020-12-07T16:00:59 0 0 경기74아3380 4 67 234001511 277102831 13 
2020-12-07T16:00:59 0 0 경기74아3357 4 64 234001511 277102302 24 
2020-12-07T16:01:59 0 0 경기74아3357 4 64 234001511 277102302 24 
2020-12-07T16:01:59 0 0 경기74아3380 4 67 234001511 277102833 14 
2020-12-07T16:02:59 0 0 경기74아3357 4 64 234001511 277102302 24 
2020-12-07T16:02:59 0 0 경기74아3380 4 67 234001511 277102833 14 
2020-12-07T16:03:58 0 0 경기74아3357 4 64 234001511 277102302 24 
2020-12-07T16:03:58 0 0 경기74아3380 4 67 234001511 277102835 15 
2020-12-07T16:04:58 0 0 경기74아3357 4 64 234001511 123000611 25 
2020-12-07T16:04:58 0 0 경기74아3380 4 67 234001511 277102837 16 
2020-12-07T16:05:58 0 0 경기74아3357 4 64 234001511 123000611 25 
2020-12-07T16:05:58 0 0 경기74아3380 4 67 234001511 222000302 17 
2020-12-07T16:06:58 0 0 경기74아3357 4 64 234001511 123000611 25 
2020-12-07T16:06:58 0 0 경기74아3380 4 67 234001511 222000302 17 
2020-12-07T16:07:56 0 0 경기74아3357 4 64 234001511 123000611 25 
2020-12-07T16:07:56 0 0 경기74아3380 4 67 234001511 222000302 17 
2020-12-07T16:08:56 0 0 경기74아3357 4 64 234001511 123000611 25 
2020-12-07T16:08:56 0 0 경기74아3380 4 67 234001511 221000039 18 
2020-12-07T16:09:56 0 0 경기74아3380 4 67 234001511 277100104 19 
2020-12-07T16:09:56 0 0 경기74아3357 4 64 234001511 123000611 25 
2020-12-07T16:10:55 0 0 경기74아3380 4 67 234001511 277100104 19 
2020-12-07T16:10:55 0 0 경기74아3357 4 64 234001511 123000611 25 
2020-12-07T16:11:55 0 0 경기74아3357 4 64 234001511 123000611 25 
2020-12-07T16:11:55 0 0 경기74아3380 4 67 234001511 277103306 20 
2020-12-07T16:12:54 0 0 경기74아3380 4 67 234001511 277103306 20 
2020-12-07T16:12:54 0 0 경기74아3357 4 64 234001511 123000611 25 
2020-12-07T16:13:54 0 0 경기74아3380 4 67 234001511 277103306 20 
2020-12-07T16:13:54 0 0 경기74아3357 4 64 234001511 277103310 26 
2020-12-07T16:14:54 0 0 경기74아3357 4 64 234001511 277102675 27 
2020-12-07T16:14:54 0 0 경기74아3380 4 67 234001511 277102674 21 
2020-12-07T16:15:54 0 0 경기74아3357 4 64 234001511 277102675 27 
2020-12-07T16:15:54 0 0 경기74아3380 4 67 234001511 277103309 22 
2020-12-07T16:16:53 0 0 경기74아3357 4 64 234001511 277102675 27 
2020-12-07T16:16:53 0 0 경기74아3380 4 67 234001511 277103309 22 
2020-12-07T16:17:52 0 0 경기74아3357 4 64 234001511 277103307 28 
2020-12-07T16:17:52 0 0 경기74아3380 4 67 234001511 277103308 23 
2020-12-07T16:18:52 0 0 경기74아3380 4 67 234001511 277103308 23 
2020-12-07T16:18:52 0 0 경기74아3357 4 64 234001511 277103307 28 
2020-12-07T16:19:52 0 0 경기74아3357 4 64 234001511 277103313 29 
2020-12-07T16:19:52 0 0 경기74아3380 4 67 234001511 277102302 24 
2020-12-07T16:20:51 0 0 경기74아3380 4 67 234001511 123000611 25 
2020-12-07T16:20:51 0 0 경기74아3357 4 64 234001511 221000238 30 
2020-12-07T16:21:52 0 0 경기74아3380 4 67 234001511 123000611 25 
2020-12-07T16:21:52 0 0 경기74아3357 4 64 234001511 221000238 30 
2020-12-07T16:22:50 0 0 경기74아3380 4 67 234001511 123000611 25 
2020-12-07T16:22:50 0 0 경기74아3357 4 64 234001511 222000301 31 
2020-12-07T16:23:50 0 0 경기74아3380 4 67 234001511 123000611 25 
2020-12-07T16:23:50 0 0 경기74아3357 4 64 234001511 277102838 32 
2020-12-07T16:24:50 0 0 경기74아3380 4 67 234001511 123000611 25 
2020-12-07T16:24:50 0 0 경기74아3357 4 64 234001511 277102836 33 
2020-12-07T16:25:50 0 0 경기74아3380 4 67 234001511 123000611 25 
2020-12-07T16:25:50 0 0 경기74아3357 4 64 234001511 277102836 33 
2020-12-07T16:26:49 0 0 경기74아3380 4 67 234001511 123000611 25 
2020-12-07T16:26:49 0 0 경기74아3357 4 64 234001511 277102834 34 
2020-12-07T16:27:48 0 0 경기74아3357 4 64 234001511 277102834 34 
2020-12-07T16:27:48 0 0 경기74아3380 4 63 234001511 123000611 25 
2020-12-07T16:28:48 0 0 경기74아3357 4 64 234001511 277102834 34 
2020-12-07T16:28:48 0 0 경기74아3380 4 63 234001511 123000611 25 
2020-12-07T16:29:47 0 0 경기74아3357 4 64 234001511 277102834 34 
2020-12-07T16:29:47 0 0 경기74아3380 4 63 234001511 123000611 25 
2020-12-07T16:30:47 0 0 경기74아3357 4 64 234001511 277102832 35 
2020-12-07T16:30:47 0 0 경기74아3380 4 63 234001511 123000611 25 
2020-12-07T16:31:46 0 0 경기74아3380 4 63 234001511 277103310 26 
2020-12-07T16:31:46 0 0 경기74아3357 4 64 234001511 277102832 35 
2020-12-07T16:32:46 0 0 경기74아3380 4 63 234001511 277102675 27 
2020-12-07T16:32:46 0 0 경기74아3357 4 64 234001511 222000186 36 
2020-12-07T16:33:46 0 0 경기74아3380 4 63 234001511 277102675 27 
2020-12-07T16:33:46 0 0 경기74아3357 4 65 234001511 222000185 37 
2020-12-07T16:34:44 0 0 경기74아3380 4 63 234001511 277102675 27 
2020-12-07T16:34:44 0 0 경기74아3357 4 65 234001511 222000185 37 
2020-12-07T16:35:44 0 0 경기74아3380 4 63 234001511 277103307 28 
2020-12-07T16:35:44 0 0 경기74아3357 4 66 234001511 222000184 38 
2020-12-07T16:36:44 0 0 경기74아3380 4 63 234001511 277103307 28 
2020-12-07T16:36:44 0 0 경기74아3357 4 66 234001511 222000182 40 
2020-12-07T16:37:42 0 0 경기74아3357 4 67 234001511 222000328 41 
2020-12-07T16:37:42 0 0 경기74아3380 4 63 234001511 277103313 29 
2020-12-07T16:38:42 0 0 경기74아3357 4 67 234001511 222000326 43 
2020-12-07T16:38:42 0 0 경기74아3380 4 63 234001511 221000238 30 
2020-12-07T16:39:42 0 0 경기74아3380 4 63 234001511 221000238 30 
2020-12-07T16:39:42 0 0 경기74아3357 4 68 234001511 222000325 44 
2020-12-07T16:40:41 0 0 경기74아3380 4 63 234001511 222000301 31 
2020-12-07T16:40:41 0 0 경기74아3357 4 68 234001511 222000324 46 
2020-12-07T16:41:41 0 0 경기74아3357 4 68 234001511 222000324 46 
2020-12-07T16:41:41 0 0 경기74아3380 4 63 234001511 277102838 32 
2020-12-07T16:42:41 0 0 경기74아3380 4 63 234001511 277102838 32 
2020-12-07T16:42:41 0 0 경기74아3357 4 69 234001511 222000175 47 
2020-12-07T16:43:40 0 0 경기74아3380 4 63 234001511 277102836 33 
2020-12-07T16:43:40 0 0 경기74아3357 4 69 234001511 222001419 49 
2020-12-07T16:44:40 0 0 경기74아3357 4 69 234001511 222000173 50 
2020-12-07T16:44:40 0 0 경기74아3380 4 63 234001511 277102834 34 
2020-12-07T16:45:40 0 0 경기74아3380 4 63 234001511 277102834 34 
2020-12-07T16:45:40 0 0 경기74아3357 4 69 234001511 222000163 51 
2020-12-07T16:46:39 0 0 경기74아3380 4 63 234001511 277102834 34 
2020-12-07T16:46:39 0 0 경기74아3357 4 69 234001511 222000958 52 
2020-12-07T16:47:39 0 0 경기74아3380 4 63 234001511 277102834 34 
2020-12-07T16:47:39 0 0 경기74아3357 4 69 234001511 222001580 53 
2020-12-07T16:48:39 0 0 경기74아3357 4 69 234001511 222001580 53 
2020-12-07T16:48:39 0 0 경기74아3380 4 63 234001511 277102832 35 
2020-12-07T16:49:39 0 0 경기74아3380 4 63 234001511 277102832 35 
2020-12-07T16:49:39 0 0 경기74아3357 4 70 234001511 222000164 54 
2020-12-07T16:50:38 0 0 경기74아3380 4 63 234001511 277102832 35 
2020-12-07T16:50:38 0 0 경기74아3357 4 70 234001511 222001096 55 
2020-12-07T16:51:38 0 0 경기74아3380 4 63 234001511 277102832 35 
2020-12-07T16:51:38 0 0 경기74아3357 4 70 234001511 222000166 56 
2020-12-07T16:52:38 0 0 경기74아3357 4 70 234001511 222000825 57 
2020-12-07T16:52:38 0 0 경기74아3380 4 63 234001511 222000186 36 
2020-12-07T16:53:38 0 0 경기74아3357 4 70 234001511 222000825 57 
2020-12-07T16:53:38 0 0 경기74아3380 4 66 234001511 222000185 37 
2020-12-07T16:54:38 0 0 경기74아3357 4 70 234001511 222000825 57 
2020-12-07T16:54:38 0 0 경기74아3380 4 68 234001511 222000185 37 
2020-12-07T16:55:37 0 0 경기74아3357 4 70 234001511 222000825 57 
2020-12-07T16:55:37 0 0 경기74아3380 4 68 234001511 222000184 38 
2020-12-07T16:56:37 0 0 경기74아3357 4 70 234001511 222000825 57 
2020-12-07T16:56:37 0 0 경기74아3380 4 68 234001511 222000183 39 
2020-12-07T16:57:37 0 0 경기74아3357 4 70 234001511 222000825 57 
2020-12-07T16:57:37 0 0 경기74아3380 4 68 234001511 222000327 42 
2020-12-07T16:58:35 0 0 경기74아3357 4 70 234001511 222000825 57 
2020-12-07T16:58:35 0 0 경기74아3380 4 68 234001511 222000325 44 
2020-12-07T16:59:35 0 0 경기74아3357 4 70 234001511 222000825 57 
2020-12-07T16:59:35 0 0 경기74아3380 4 69 234001511 222000749 45 
2020-12-07T17:00:35 0 0 경기74아3357 4 70 234001511 222000825 57 
2020-12-07T17:00:35 0 0 경기74아3380 4 69 234001511 222000749 45 
2020-12-07T17:01:35 0 0 경기74아3357 4 70 234001511 222000825 57 
2020-12-07T17:01:35 0 0 경기74아3380 4 69 234001511 222000324 46 
2020-12-07T17:02:35 0 0 경기74아3357 4 70 234001511 222000825 57 
2020-12-07T17:02:35 0 0 경기74아3380 4 69 234001511 222000175 47 
2020-12-07T17:03:34 0 0 경기74아3357 4 70 234001511 222000825 57 
2020-12-07T17:03:34 0 0 경기74아3380 4 71 234001511 222000174 48 
2020-12-07T17:04:35 0 0 경기74아3357 4 70 234001511 222000825 57 
2020-12-07T17:04:35 0 0 경기74아3380 4 71 234001511 222000173 50 
2020-12-07T17:05:33 0 0 경기74아3357 4 70 234001511 222000825 57 
2020-12-07T17:05:33 0 0 경기74아3380 4 71 234001511 222000163 51 
2020-12-07T17:06:33 0 0 경기74아3357 4 70 234001511 222000825 57 
2020-12-07T17:06:33 0 0 경기74아3380 4 72 234001511 222000163 51 
2020-12-07T17:07:32 0 0 경기74아3357 4 70 234001511 222000825 57 
2020-12-07T17:07:32 0 0 경기74아3380 4 72 234001511 222000958 52 
2020-12-07T17:08:32 0 0 경기74아3380 4 72 234001511 222001580 53 
2020-12-07T17:09:32 0 0 경기74아3380 4 72 234001511 222001580 53 
2020-12-07T17:10:32 0 0 경기74아3380 4 72 234001511 222000164 54 
2020-12-07T17:11:31 0 0 경기74아3380 4 72 234001511 222001096 55 
2020-12-07T18:12:03 0 0 경기74아3357 4 70 234001511 222000824 1 
2020-12-07T18:13:03 0 0 경기74아3357 4 70 234001511 222000171 2 
2020-12-07T18:14:01 0 0 경기74아3357 4 69 234001511 222000170 3 
2020-12-07T18:15:01 0 0 경기74아3357 4 69 234001511 222000323 4 
2020-12-07T18:16:01 0 0 경기74아3357 4 69 234001511 222000321 6 
2020-12-07T18:17:00 0 0 경기74아3357 4 69 234001511 222000320 7 
2020-12-07T18:17:59 0 0 경기74아3357 4 69 234001511 222000320 7 
2020-12-07T18:18:59 0 0 경기74아3357 4 69 234001511 222000320 7 
2020-12-07T18:19:59 0 0 경기74아3357 4 69 234001511 222000320 7 
2020-12-07T18:20:58 0 0 경기74아3357 4 69 234001511 222000180 9 
2020-12-07T18:21:59 0 0 경기74아3357 4 69 234001511 222000180 9 
2020-12-07T18:22:58 0 0 경기74아3357 4 69 234001511 222000179 10 
2020-12-07T18:23:57 0 0 경기74아3357 4 69 234001511 222000178 11 
2020-12-07T18:24:57 0 0 경기74아3357 4 69 234001511 222000178 11 
2020-12-07T18:25:57 0 0 경기74아3357 4 69 234001511 222000177 12 
2020-12-07T18:26:56 0 0 경기74아3357 4 69 234001511 222000177 12 
2020-12-07T18:27:56 0 0 경기74아3357 4 69 234001511 277102831 13 
2020-12-07T18:28:56 0 0 경기74아3357 4 69 234001511 277102831 13 
2020-12-07T18:29:55 0 0 경기74아3357 4 69 234001511 277102831 13 
2020-12-07T18:30:55 0 0 경기74아3357 4 69 234001511 277102831 13 
2020-12-07T18:30:55 0 0 경기74아3380 4 72 234001511 222000824 1 
2020-12-07T18:31:55 0 0 경기74아3380 4 72 234001511 222000824 1 
2020-12-07T18:31:55 0 0 경기74아3357 4 69 234001511 277102833 14 
2020-12-07T18:32:55 0 0 경기74아3357 4 69 234001511 277102833 14 
2020-12-07T18:32:55 0 0 경기74아3380 4 72 234001511 222000171 2 
2020-12-07T18:33:53 0 0 경기74아3380 4 71 234001511 222000170 3 
2020-12-07T18:33:53 0 0 경기74아3357 4 69 234001511 277102835 15 
2020-12-07T18:34:53 0 0 경기74아3357 4 69 234001511 277102835 15 
2020-12-07T18:34:53 0 0 경기74아3380 4 71 234001511 222000323 4 
2020-12-07T18:35:54 0 0 경기74아3380 4 71 234001511 222000323 4 
2020-12-07T18:35:54 0 0 경기74아3357 4 69 234001511 277102837 16 
2020-12-07T18:36:52 0 0 경기74아3357 4 69 234001511 222000302 17 
2020-12-07T18:36:52 0 0 경기74아3380 4 71 234001511 222000322 5 
2020-12-07T18:37:53 0 0 경기74아3357 4 69 234001511 222000302 17 
2020-12-07T18:37:53 0 0 경기74아3380 4 71 234001511 222000320 7 
2020-12-07T18:38:52 0 0 경기74아3357 4 69 234001511 221000039 18 
2020-12-07T18:38:52 0 0 경기74아3380 4 71 234001511 222000320 7 
2020-12-07T18:39:51 0 0 경기74아3357 4 66 234001511 221000039 18 
2020-12-07T18:39:51 0 0 경기74아3380 4 71 234001511 222000180 9 
2020-12-07T18:40:51 0 0 경기74아3357 4 66 234001511 221000039 18 
2020-12-07T18:40:51 0 0 경기74아3380 4 72 234001511 222000179 10 
2020-12-07T18:41:50 0 0 경기74아3357 4 66 234001511 221000039 18 
2020-12-07T18:41:50 0 0 경기74아3380 4 72 234001511 222000179 10 
2020-12-07T18:42:50 0 0 경기74아3357 4 66 234001511 277100104 19 
2020-12-07T18:42:50 0 0 경기74아3380 4 72 234001511 222000178 11 
2020-12-07T18:43:50 0 0 경기74아3380 4 72 234001511 222000178 11 
2020-12-07T18:43:50 0 0 경기74아3357 4 66 234001511 277100104 19 
2020-12-07T18:44:48 0 0 경기74아3380 4 72 234001511 222000177 12 
2020-12-07T18:44:48 0 0 경기74아3357 4 66 234001511 277103306 20 
2020-12-07T18:45:48 0 0 경기74아3380 4 72 234001511 222000177 12 
2020-12-07T18:45:48 0 0 경기74아3357 4 66 234001511 277103306 20 
2020-12-07T18:46:48 0 0 경기74아3380 4 72 234001511 222000177 12 
2020-12-07T18:46:48 0 0 경기74아3357 4 66 234001511 277103306 20 
2020-12-07T18:47:46 0 0 경기74아3380 4 72 234001511 277102831 13 
2020-12-07T18:47:46 0 0 경기74아3357 4 66 234001511 277103309 22 
2020-12-07T18:48:46 0 0 경기74아3380 4 72 234001511 277102831 13 
2020-12-07T18:48:46 0 0 경기74아3357 4 66 234001511 277103309 22 
2020-12-07T18:49:46 0 0 경기74아3380 4 72 234001511 277102831 13 
2020-12-07T18:49:46 0 0 경기74아3357 4 66 234001511 277103308 23 
2020-12-07T18:50:46 0 0 경기74아3380 4 72 234001511 277102831 13 
2020-12-07T18:50:46 0 0 경기74아3357 4 66 234001511 277102302 24 
2020-12-07T18:51:46 0 0 경기74아3357 4 66 234001511 277102302 24 
2020-12-07T18:51:46 0 0 경기74아3380 4 72 234001511 277102833 14 
2020-12-07T18:52:45 0 0 경기74아3357 4 66 234001511 277102302 24 
2020-12-07T18:52:45 0 0 경기74아3380 4 72 234001511 277102835 15 
2020-12-07T18:53:45 0 0 경기74아3380 4 72 234001511 277102835 15 
2020-12-07T18:53:45 0 0 경기74아3357 4 66 234001511 277102302 24 
2020-12-07T18:54:44 0 0 경기74아3357 4 67 234001511 123000611 25 
2020-12-07T18:54:44 0 0 경기74아3380 4 72 234001511 277102837 16 
2020-12-07T18:55:44 0 0 경기74아3357 4 67 234001511 123000611 25 
2020-12-07T18:55:44 0 0 경기74아3380 4 71 234001511 222000302 17 
2020-12-07T18:56:44 0 0 경기74아3357 4 67 234001511 123000611 25 
2020-12-07T18:56:44 0 0 경기74아3380 4 71 234001511 222000302 17 
2020-12-07T18:57:43 0 0 경기74아3357 4 67 234001511 123000611 25 
2020-12-07T18:57:43 0 0 경기74아3380 4 70 234001511 221000039 18 
2020-12-07T18:58:43 0 0 경기74아3357 4 67 234001511 123000611 25 
2020-12-07T18:58:43 0 0 경기74아3380 4 70 234001511 277100104 19 
2020-12-07T18:59:43 0 0 경기74아3357 4 67 234001511 123000611 25 
2020-12-07T18:59:43 0 0 경기74아3380 4 70 234001511 277100104 19 
2020-12-07T19:00:43 0 0 경기74아3357 4 67 234001511 123000611 25 
2020-12-07T19:00:43 0 0 경기74아3380 4 70 234001511 277103306 20 
2020-12-07T19:01:42 0 0 경기74아3357 4 67 234001511 123000611 25 
2020-12-07T19:01:42 0 0 경기74아3380 4 70 234001511 277103306 20 
2020-12-07T19:02:42 0 0 경기74아3357 4 67 234001511 123000611 25 
2020-12-07T19:02:42 0 0 경기74아3380 4 70 234001511 277103306 20 
2020-12-07T19:03:42 0 0 경기74아3380 4 70 234001511 277102674 21 
2020-12-07T19:03:42 0 0 경기74아3357 4 23 234001511 123000611 25 
2020-12-07T19:04:41 0 0 경기74아3380 4 70 234001511 277103309 22 
2020-12-07T19:04:41 0 0 경기74아3357 4 23 234001511 123000611 25 
2020-12-07T19:05:41 0 0 경기74아3357 4 23 234001511 123000611 25 
2020-12-07T19:05:41 0 0 경기74아3380 4 70 234001511 277103309 22 
2020-12-07T19:06:41 0 0 경기74아3380 4 70 234001511 277103308 23 
2020-12-07T19:06:41 0 0 경기74아3357 4 23 234001511 123000611 25 
2020-12-07T19:07:40 0 0 경기74아3357 4 23 234001511 123000611 25 
2020-12-07T19:07:40 0 0 경기74아3380 4 70 234001511 277102302 24 
2020-12-07T19:08:40 0 0 경기74아3357 4 23 234001511 123000611 25 
2020-12-07T19:08:40 0 0 경기74아3380 4 70 234001511 123000611 25 
2020-12-07T19:09:40 0 0 경기74아3357 4 23 234001511 123000611 25 
2020-12-07T19:09:40 0 0 경기74아3380 4 70 234001511 123000611 25 
2020-12-07T19:10:40 0 0 경기74아3380 4 70 234001511 123000611 25 
2020-12-07T19:10:40 0 0 경기74아3357 4 23 234001511 123000611 25 
2020-12-07T19:11:40 0 0 경기74아3380 4 70 234001511 123000611 25 
2020-12-07T19:11:40 0 0 경기74아3357 4 23 234001511 123000611 25 
2020-12-07T19:12:38 0 0 경기74아3380 4 70 234001511 123000611 25 
2020-12-07T19:12:38 0 0 경기74아3357 4 23 234001511 277103310 26 
2020-12-07T19:13:38 0 0 경기74아3380 4 70 234001511 123000611 25 
2020-12-07T19:13:38 0 0 경기74아3357 4 23 234001511 277103310 26 
2020-12-07T19:14:38 0 0 경기74아3380 4 70 234001511 123000611 25 
2020-12-07T19:14:38 0 0 경기74아3357 4 23 234001511 277103310 26 
2020-12-07T19:15:38 0 0 경기74아3380 4 70 234001511 123000611 25 
2020-12-07T19:15:38 0 0 경기74아3357 4 23 234001511 277103310 26 
2020-12-07T19:16:38 0 0 경기74아3380 4 70 234001511 123000611 25 
2020-12-07T19:16:38 0 0 경기74아3357 4 23 234001511 277102675 27 
2020-12-07T19:17:38 0 0 경기74아3380 4 70 234001511 123000611 25 
2020-12-07T19:17:38 0 0 경기74아3357 4 23 234001511 277102675 27 
2020-12-07T19:18:38 0 0 경기74아3357 4 23 234001511 277102675 27 
2020-12-07T19:18:38 0 0 경기74아3380 4 48 234001511 123000611 25 
2020-12-07T19:19:37 0 0 경기74아3357 4 23 234001511 277102675 27 
2020-12-07T19:19:37 0 0 경기74아3380 4 48 234001511 123000611 25 
2020-12-07T19:20:36 0 0 경기74아3357 4 23 234001511 277102675 27 
2020-12-07T19:20:36 0 0 경기74아3380 4 48 234001511 123000611 25 
2020-12-07T19:21:36 0 0 경기74아3380 4 48 234001511 123000611 25 
2020-12-07T19:21:36 0 0 경기74아3357 4 23 234001511 277103307 28 
2020-12-07T19:22:36 0 0 경기74아3380 4 48 234001511 123000611 25 
2020-12-07T19:22:36 0 0 경기74아3357 4 23 234001511 277103307 28 
2020-12-07T19:23:35 0 0 경기74아3357 4 23 234001511 277103313 29 
2020-12-07T19:23:35 0 0 경기74아3380 4 48 234001511 123000611 25 
2020-12-07T19:24:35 0 0 경기74아3380 4 48 234001511 123000611 25 
2020-12-07T19:24:35 0 0 경기74아3357 4 23 234001511 221000238 30 
2020-12-07T19:25:35 0 0 경기74아3357 4 23 234001511 221000238 30 
2020-12-07T19:25:35 0 0 경기74아3380 4 48 234001511 277103310 26 
2020-12-07T19:26:34 0 0 경기74아3380 4 48 234001511 277103310 26 
2020-12-07T19:26:34 0 0 경기74아3357 4 23 234001511 222000301 31 
2020-12-07T19:27:34 0 0 경기74아3380 4 48 234001511 277103310 26 
2020-12-07T19:27:34 0 0 경기74아3357 4 23 234001511 222000301 31 
2020-12-07T19:28:34 0 0 경기74아3357 4 23 234001511 277102838 32 
2020-12-07T19:28:34 0 0 경기74아3380 4 48 234001511 277103310 26 
2020-12-07T19:29:34 0 0 경기74아3380 4 48 234001511 277103310 26 
2020-12-07T19:29:34 0 0 경기74아3357 4 23 234001511 277102836 33 
2020-12-07T19:30:33 0 0 경기74아3357 4 23 234001511 277102836 33 
2020-12-07T19:30:33 0 0 경기74아3380 4 48 234001511 277102675 27 
2020-12-07T19:31:33 0 0 경기74아3380 4 48 234001511 277102675 27 
2020-12-07T19:31:33 0 0 경기74아3357 4 23 234001511 277102834 34 
2020-12-07T19:32:33 0 0 경기74아3380 4 48 234001511 277102675 27 
2020-12-07T19:32:33 0 0 경기74아3357 4 23 234001511 277102834 34 
2020-12-07T19:33:32 0 0 경기74아3380 4 48 234001511 277102675 27 
2020-12-07T19:33:32 0 0 경기74아3357 4 23 234001511 277102834 34 
2020-12-07T19:34:32 0 0 경기74아3380 4 48 234001511 277102675 27 
2020-12-07T19:34:32 0 0 경기74아3357 4 23 234001511 277102834 34 
2020-12-07T19:35:32 0 0 경기74아3380 4 48 234001511 277102675 27 
2020-12-07T19:35:32 0 0 경기74아3357 4 23 234001511 277102832 35 
2020-12-07T19:36:32 0 0 경기74아3357 4 23 234001511 277102832 35 
2020-12-07T19:36:32 0 0 경기74아3380 4 48 234001511 277103307 28 
2020-12-07T19:37:32 0 0 경기74아3357 4 23 234001511 277102832 35 
2020-12-07T19:37:32 0 0 경기74아3380 4 48 234001511 277103313 29 
2020-12-07T19:38:32 0 0 경기74아3357 4 35 234001511 222000186 36 
2020-12-07T19:38:32 0 0 경기74아3380 4 48 234001511 221000238 30 
2020-12-07T19:39:32 0 0 경기74아3380 4 48 234001511 221000238 30 
2020-12-07T19:39:32 0 0 경기74아3357 4 37 234001511 222000186 36 
2020-12-07T19:40:31 0 0 경기74아3380 4 48 234001511 221000238 30 
2020-12-07T19:40:31 0 0 경기74아3357 4 37 234001511 222000185 37 
2020-12-07T19:41:31 0 0 경기74아3357 4 49 234001511 222000185 37 
2020-12-07T19:41:31 0 0 경기74아3380 4 48 234001511 277102838 32 
2020-12-07T19:42:31 0 0 경기74아3380 4 48 234001511 277102838 32 
2020-12-07T19:42:31 0 0 경기74아3357 4 55 234001511 222000184 38 
2020-12-07T19:43:30 0 0 경기74아3380 4 48 234001511 277102836 33 
2020-12-07T19:43:30 0 0 경기74아3357 4 59 234001511 222000184 38 
2020-12-07T19:44:29 0 0 경기74아3357 4 59 234001511 222000328 41 
2020-12-07T19:44:29 0 0 경기74아3380 4 48 234001511 277102834 34 
2020-12-07T19:45:29 0 0 경기74아3380 4 48 234001511 277102834 34 
2020-12-07T19:45:29 0 0 경기74아3357 4 60 234001511 222000326 43 
2020-12-07T19:46:29 0 0 경기74아3380 4 48 234001511 277102834 34 
2020-12-07T19:46:29 0 0 경기74아3357 4 60 234001511 222000326 43 
2020-12-07T19:47:29 0 0 경기74아3380 4 48 234001511 277102834 34 
2020-12-07T19:47:29 0 0 경기74아3357 4 61 234001511 222000749 45 
2020-12-07T19:48:28 0 0 경기74아3380 4 48 234001511 277102834 34 
2020-12-07T19:48:28 0 0 경기74아3357 4 61 234001511 222000324 46 
2020-12-07T19:49:28 0 0 경기74아3357 4 61 234001511 222000324 46 
2020-12-07T19:49:28 0 0 경기74아3380 4 48 234001511 277102832 35 
2020-12-07T19:50:28 0 0 경기74아3380 4 48 234001511 277102832 35 
2020-12-07T19:50:28 0 0 경기74아3357 4 62 234001511 222000175 47 
2020-12-07T19:51:28 0 0 경기74아3380 4 48 234001511 277102832 35 
2020-12-07T19:51:28 0 0 경기74아3357 4 62 234001511 222001419 49 
2020-12-07T19:52:27 0 0 경기74아3357 4 64 234001511 222000173 50 
2020-12-07T19:52:27 0 0 경기74아3380 4 50 234001511 222000186 36 
2020-12-07T19:53:26 0 0 경기74아3357 4 65 234001511 222000163 51 
2020-12-07T19:53:26 0 0 경기74아3380 4 54 234001511 222000186 36 
2020-12-07T19:54:26 0 0 경기74아3357 4 66 234001511 222000958 52 
2020-12-07T19:54:26 0 0 경기74아3380 4 54 234001511 222000186 36 
2020-12-07T19:55:25 0 0 경기74아3380 4 54 234001511 222000185 37 
2020-12-07T19:55:25 0 0 경기74아3357 4 68 234001511 222001580 53 
2020-12-07T19:56:25 0 0 경기74아3357 4 69 234001511 222001580 53 
2020-12-07T19:56:25 0 0 경기74아3380 4 55 234001511 222000185 37 
2020-12-07T19:57:24 0 0 경기74아3357 4 70 234001511 222000164 54 
2020-12-07T19:57:24 0 0 경기74아3380 4 57 234001511 222000184 38 
2020-12-07T19:58:24 0 0 경기74아3357 4 70 234001511 222001096 55 
2020-12-07T19:58:24 0 0 경기74아3380 4 57 234001511 222000182 40 
2020-12-07T19:59:24 0 0 경기74아3357 4 70 234001511 222000166 56 
2020-12-07T19:59:24 0 0 경기74아3380 4 57 234001511 222000328 41 
2020-12-07T20:00:23 0 0 경기74아3357 4 70 234001511 222000166 56 
2020-12-07T20:00:23 0 0 경기74아3380 4 57 234001511 222000326 43 
2020-12-07T20:01:23 0 0 경기74아3380 4 58 234001511 222000326 43 
2020-12-07T20:02:23 0 0 경기74아3380 4 59 234001511 222000325 44 
2020-12-07T20:03:22 0 0 경기74아3380 4 59 234001511 222000749 45 
2020-12-07T20:04:22 0 0 경기74아3380 4 59 234001511 222000749 45 
2020-12-07T20:05:22 0 0 경기74아3380 4 59 234001511 222000175 47 
2020-12-07T20:06:21 0 0 경기74아3380 4 63 234001511 222000174 48 
2020-12-07T20:07:21 0 0 경기74아3380 4 63 234001511 222001419 49 
2020-12-07T20:08:20 0 0 경기74아3380 4 63 234001511 222001419 49 
2020-12-07T20:09:20 0 0 경기74아3380 4 66 234001511 222000173 50 
2020-12-07T20:10:20 0 0 경기74아3380 4 66 234001511 222000163 51 
2020-12-07T20:11:18 0 0 경기74아3380 4 66 234001511 222000163 51 
2020-12-07T20:12:18 0 0 경기74아3380 4 69 234001511 222000958 52 
2020-12-07T20:13:18 0 0 경기74아3380 4 69 234001511 222001580 53 
2020-12-07T20:14:18 0 0 경기74아3380 4 69 234001511 222001580 53 
2020-12-07T20:15:18 0 0 경기74아3380 4 69 234001511 222000164 54 
2020-12-07T20:16:17 0 0 경기74아3380 4 69 234001511 222001096 55 
2020-12-07T20:17:16 0 0 경기74아3380 4 70 234001511 222000166 56 
2020-12-07T20:18:17 0 0 경기74아3380 4 70 234001511 222000825 57 
2020-12-07T21:11:54 0 0 경기74아3357 4 70 234001511 222000824 1 
2020-12-07T21:12:54 0 0 경기74아3357 4 70 234001511 222000171 2 
2020-12-07T21:13:54 0 0 경기74아3357 4 70 234001511 222000170 3 
2020-12-07T21:14:54 0 0 경기74아3357 4 70 234001511 222000322 5 
2020-12-07T21:15:54 0 0 경기74아3357 4 70 234001511 222000320 7 
2020-12-07T21:16:53 0 0 경기74아3357 4 70 234001511 222000181 8 
2020-12-07T21:17:54 0 0 경기74아3357 4 70 234001511 222000180 9 
2020-12-07T21:18:53 0 0 경기74아3357 4 70 234001511 222000179 10 
2020-12-07T21:19:52 0 0 경기74아3357 4 70 234001511 222000179 10 
2020-12-07T21:20:51 0 0 경기74아3357 4 70 234001511 222000178 11 
2020-12-07T21:21:51 0 0 경기74아3357 4 70 234001511 222000178 11 
2020-12-07T21:22:50 0 0 경기74아3357 4 70 234001511 222000177 12 
2020-12-07T21:23:48 0 0 경기74아3357 4 70 234001511 222000177 12 
2020-12-07T21:24:48 0 0 경기74아3357 4 70 234001511 222000177 12 
2020-12-07T21:25:48 0 0 경기74아3357 4 70 234001511 277102831 13 
2020-12-07T21:26:47 0 0 경기74아3357 4 70 234001511 277102831 13 
2020-12-07T21:27:47 0 0 경기74아3357 4 70 234001511 277102831 13 
2020-12-07T21:28:47 0 0 경기74아3357 4 70 234001511 277102831 13 
2020-12-07T21:29:45 0 0 경기74아3357 4 70 234001511 277102833 14 
2020-12-07T21:30:45 0 0 경기74아3357 4 70 234001511 277102833 14 
2020-12-07T21:31:45 0 0 경기74아3357 4 70 234001511 277102835 15 
2020-12-07T21:31:45 0 0 경기74아3380 4 72 234001511 222000824 1 
2020-12-07T21:32:45 0 0 경기74아3357 4 70 234001511 277102835 15 
2020-12-07T21:32:45 0 0 경기74아3380 4 72 234001511 222000171 2 
2020-12-07T21:33:44 0 0 경기74아3357 4 70 234001511 277102837 16 
2020-12-07T21:33:44 0 0 경기74아3380 4 72 234001511 222000170 3 
2020-12-07T21:34:44 0 0 경기74아3357 4 70 234001511 222000302 17 
2020-12-07T21:34:44 0 0 경기74아3380 4 72 234001511 222000323 4 
2020-12-07T21:35:44 0 0 경기74아3357 4 70 234001511 222000302 17 
2020-12-07T21:35:44 0 0 경기74아3380 4 72 234001511 222000323 4 
2020-12-07T21:36:44 0 0 경기74아3357 4 70 234001511 221000039 18 
2020-12-07T21:36:44 0 0 경기74아3380 4 72 234001511 222000322 5 
2020-12-07T21:37:43 0 0 경기74아3357 4 70 234001511 221000039 18 
2020-12-07T21:37:43 0 0 경기74아3380 4 72 234001511 222000320 7 
2020-12-07T21:38:43 0 0 경기74아3380 4 72 234001511 222000320 7 
2020-12-07T21:38:43 0 0 경기74아3357 4 70 234001511 277100104 19 
2020-12-07T21:39:43 0 0 경기74아3380 4 72 234001511 222000320 7 
2020-12-07T21:39:43 0 0 경기74아3357 4 70 234001511 277100104 19 
2020-12-07T21:40:41 0 0 경기74아3380 4 72 234001511 222000320 7 
2020-12-07T21:40:41 0 0 경기74아3357 4 70 234001511 277103306 20 
2020-12-07T21:41:41 0 0 경기74아3357 4 70 234001511 277103306 20 
2020-12-07T21:41:41 0 0 경기74아3380 4 72 234001511 222000320 7 
2020-12-07T21:42:40 0 0 경기74아3357 4 70 234001511 277103306 20 
2020-12-07T21:42:40 0 0 경기74아3380 4 72 234001511 222000180 9 
2020-12-07T21:43:40 0 0 경기74아3380 4 72 234001511 222000179 10 
2020-12-07T21:43:40 0 0 경기74아3357 4 70 234001511 277103309 22 
2020-12-07T21:44:40 0 0 경기74아3380 4 72 234001511 222000179 10 
2020-12-07T21:44:40 0 0 경기74아3357 4 70 234001511 277103309 22 
2020-12-07T21:45:39 0 0 경기74아3357 4 70 234001511 277103308 23 
2020-12-07T21:45:39 0 0 경기74아3380 4 72 234001511 222000178 11 
2020-12-07T21:46:39 0 0 경기74아3380 4 71 234001511 222000178 11 
2020-12-07T21:46:39 0 0 경기74아3357 4 70 234001511 277102302 24 
2020-12-07T21:47:38 0 0 경기74아3357 4 70 234001511 277102302 24 
2020-12-07T21:47:38 0 0 경기74아3380 4 71 234001511 222000177 12 
2020-12-07T21:48:38 0 0 경기74아3357 4 70 234001511 277102302 24 
2020-12-07T21:48:38 0 0 경기74아3380 4 71 234001511 222000177 12 
2020-12-07T21:49:38 0 0 경기74아3357 4 70 234001511 277102302 24 
2020-12-07T21:49:38 0 0 경기74아3380 4 71 234001511 222000177 12 
2020-12-07T21:50:37 0 0 경기74아3357 4 70 234001511 123000611 25 
2020-12-07T21:50:37 0 0 경기74아3380 4 71 234001511 277102831 13 
2020-12-07T21:51:37 0 0 경기74아3357 4 70 234001511 123000611 25 
2020-12-07T21:51:37 0 0 경기74아3380 4 71 234001511 277102831 13 
2020-12-07T21:52:37 0 0 경기74아3357 4 70 234001511 123000611 25 
2020-12-07T21:52:37 0 0 경기74아3380 4 71 234001511 277102831 13 
2020-12-07T21:53:38 0 0 경기74아3357 4 70 234001511 123000611 25 
2020-12-07T21:53:38 0 0 경기74아3380 4 71 234001511 277102831 13 
2020-12-07T21:54:36 0 0 경기74아3357 4 70 234001511 123000611 25 
2020-12-07T21:54:36 0 0 경기74아3380 4 71 234001511 277102833 14 
2020-12-07T21:55:37 0 0 경기74아3357 4 70 234001511 123000611 25 
2020-12-07T21:55:37 0 0 경기74아3380 4 71 234001511 277102833 14 
2020-12-07T21:56:36 0 0 경기74아3357 4 70 234001511 123000611 25 
2020-12-07T21:56:36 0 0 경기74아3380 4 71 234001511 277102835 15 
2020-12-07T21:57:35 0 0 경기74아3380 4 71 234001511 277102837 16 
2020-12-07T21:57:35 0 0 경기74아3357 4 68 234001511 123000611 25 
2020-12-07T21:58:35 0 0 경기74아3357 4 68 234001511 123000611 25 
2020-12-07T21:58:35 0 0 경기74아3380 4 71 234001511 222000302 17 
2020-12-07T21:59:35 0 0 경기74아3357 4 68 234001511 123000611 25 
2020-12-07T21:59:35 0 0 경기74아3380 4 71 234001511 222000302 17 
2020-12-07T22:00:34 0 0 경기74아3380 4 71 234001511 221000039 18 
2020-12-07T22:00:34 0 0 경기74아3357 4 68 234001511 277103310 26 
2020-12-07T22:01:33 0 0 경기74아3380 4 71 234001511 277100104 19 
2020-12-07T22:01:33 0 0 경기74아3357 4 68 234001511 277102675 27 
2020-12-07T22:02:33 0 0 경기74아3357 4 68 234001511 277102675 27 
2020-12-07T22:02:33 0 0 경기74아3380 4 71 234001511 277103306 20 
2020-12-07T22:03:32 0 0 경기74아3357 4 68 234001511 277102675 27 
2020-12-07T22:03:32 0 0 경기74아3380 4 71 234001511 277103306 20 
2020-12-07T22:04:32 0 0 경기74아3380 4 71 234001511 277103306 20 
2020-12-07T22:04:32 0 0 경기74아3357 4 68 234001511 277103307 28 
2020-12-07T22:05:32 0 0 경기74아3357 4 68 234001511 277103307 28 
2020-12-07T22:05:32 0 0 경기74아3380 4 71 234001511 277102674 21 
2020-12-07T22:06:31 0 0 경기74아3380 4 71 234001511 277103309 22 
2020-12-07T22:06:31 0 0 경기74아3357 4 68 234001511 221000238 30 
2020-12-07T22:07:31 0 0 경기74아3357 4 68 234001511 221000238 30 
2020-12-07T22:07:31 0 0 경기74아3380 4 71 234001511 277103308 23 
2020-12-07T22:08:30 0 0 경기74아3380 4 71 234001511 277103308 23 
2020-12-07T22:08:30 0 0 경기74아3357 4 68 234001511 222000301 31 
2020-12-07T22:09:30 0 0 경기74아3380 4 71 234001511 277102302 24 
2020-12-07T22:09:30 0 0 경기74아3357 4 68 234001511 277102838 32 
2020-12-07T22:10:29 0 0 경기74아3380 4 71 234001511 277102302 24 
2020-12-07T22:10:29 0 0 경기74아3357 4 68 234001511 277102838 32 
2020-12-07T22:11:29 0 0 경기74아3357 4 68 234001511 277102836 33 
2020-12-07T22:11:29 0 0 경기74아3380 4 71 234001511 277102302 24 
2020-12-07T22:12:35 0 0 경기74아3357 4 68 234001511 277102836 33 
2020-12-07T22:12:35 0 0 경기74아3380 4 71 234001511 123000611 25 
2020-12-07T22:13:29 0 0 경기74아3380 4 71 234001511 123000611 25 
2020-12-07T22:13:29 0 0 경기74아3357 4 68 234001511 277102834 34 
2020-12-07T22:14:29 0 0 경기74아3380 4 71 234001511 123000611 25 
2020-12-07T22:14:29 0 0 경기74아3357 4 68 234001511 277102834 34 
2020-12-07T22:15:29 0 0 경기74아3380 4 71 234001511 123000611 25 
2020-12-07T22:15:29 0 0 경기74아3357 4 68 234001511 277102834 34 
2020-12-07T22:16:28 0 0 경기74아3380 4 71 234001511 123000611 25 
2020-12-07T22:16:28 0 0 경기74아3357 4 68 234001511 277102834 34 
2020-12-07T22:17:27 0 0 경기74아3380 4 71 234001511 123000611 25 
2020-12-07T22:17:27 0 0 경기74아3357 4 68 234001511 277102832 35 
2020-12-07T22:18:27 0 0 경기74아3380 4 71 234001511 123000611 25 
2020-12-07T22:18:27 0 0 경기74아3357 4 68 234001511 277102832 35 
2020-12-07T22:19:27 0 0 경기74아3380 4 71 234001511 123000611 25 
2020-12-07T22:19:27 0 0 경기74아3357 4 68 234001511 277102832 35 
2020-12-07T22:20:26 0 0 경기74아3357 4 68 234001511 222000186 36 
2020-12-07T22:20:26 0 0 경기74아3380 4 63 234001511 123000611 25 
2020-12-07T22:21:26 0 0 경기74아3380 4 63 234001511 123000611 25 
2020-12-07T22:21:26 0 0 경기74아3357 4 68 234001511 222000185 37 
2020-12-07T22:22:26 0 0 경기74아3380 4 63 234001511 123000611 25 
2020-12-07T22:22:26 0 0 경기74아3357 4 69 234001511 222000184 38 
2020-12-07T22:23:26 0 0 경기74아3357 4 69 234001511 222000183 39 
2020-12-07T22:23:26 0 0 경기74아3380 4 63 234001511 277103310 26 
2020-12-07T22:24:25 0 0 경기74아3380 4 63 234001511 277102675 27 
2020-12-07T22:24:25 0 0 경기74아3357 4 69 234001511 222000328 41 
2020-12-07T22:25:25 0 0 경기74아3380 4 63 234001511 277102675 27 
2020-12-07T22:25:25 0 0 경기74아3357 4 69 234001511 222000327 42 
2020-12-07T22:26:25 0 0 경기74아3380 4 63 234001511 277102675 27 
2020-12-07T22:26:25 0 0 경기74아3357 4 69 234001511 222000325 44 
2020-12-07T22:27:24 0 0 경기74아3357 4 69 234001511 222000325 44 
2020-12-07T22:27:24 0 0 경기74아3380 4 63 234001511 277103307 28 
2020-12-07T22:28:24 0 0 경기74아3380 4 63 234001511 277103313 29 
2020-12-07T22:28:24 0 0 경기74아3357 4 69 234001511 222000324 46 
2020-12-07T22:29:24 0 0 경기74아3357 4 69 234001511 222000324 46 
2020-12-07T22:29:24 0 0 경기74아3380 4 63 234001511 221000238 30 
2020-12-07T22:30:24 0 0 경기74아3380 4 63 234001511 221000238 30 
2020-12-07T22:30:24 0 0 경기74아3357 4 69 234001511 222000174 48 
2020-12-07T22:31:23 0 0 경기74아3357 4 69 234001511 222000173 50 
2020-12-07T22:31:23 0 0 경기74아3380 4 63 234001511 222000301 31 
2020-12-07T22:32:23 0 0 경기74아3357 4 69 234001511 222000163 51 
2020-12-07T22:32:23 0 0 경기74아3380 4 63 234001511 277102838 32 
2020-12-07T22:33:23 0 0 경기74아3357 4 69 234001511 222000163 51 
2020-12-07T22:33:23 0 0 경기74아3380 4 63 234001511 277102838 32 
2020-12-07T22:34:22 0 0 경기74아3380 4 63 234001511 277102836 33 
2020-12-07T22:34:22 0 0 경기74아3357 4 69 234001511 222000958 52 
2020-12-07T22:35:21 0 0 경기74아3357 4 69 234001511 222001580 53 
2020-12-07T22:35:21 0 0 경기74아3380 4 63 234001511 277102834 34 
2020-12-07T22:36:21 0 0 경기74아3357 4 69 234001511 222001580 53 
2020-12-07T22:36:21 0 0 경기74아3380 4 63 234001511 277102834 34 
2020-12-07T22:37:21 0 0 경기74아3380 4 63 234001511 277102834 34 
2020-12-07T22:37:21 0 0 경기74아3357 4 70 234001511 222000164 54 
2020-12-07T22:38:21 0 0 경기74아3380 4 63 234001511 277102834 34 
2020-12-07T22:38:21 0 0 경기74아3357 4 70 234001511 222001096 55 
2020-12-07T22:39:20 0 0 경기74아3357 4 70 234001511 222000166 56 
2020-12-07T22:39:20 0 0 경기74아3380 4 63 234001511 277102832 35 
2020-12-07T22:40:19 0 0 경기74아3380 4 63 234001511 277102832 35 
2020-12-07T22:40:19 0 0 경기74아3357 4 70 234001511 222000825 57 
2020-12-07T22:41:19 0 0 경기74아3357 4 70 234001511 222000825 57 
2020-12-07T22:41:19 0 0 경기74아3380 4 63 234001511 277102832 35 
2020-12-07T22:42:19 0 0 경기74아3357 4 70 234001511 222000825 57 
2020-12-07T22:42:19 0 0 경기74아3380 4 64 234001511 222000186 36 
2020-12-07T22:43:18 0 0 경기74아3357 4 70 234001511 222000825 57 
2020-12-07T22:43:18 0 0 경기74아3380 4 64 234001511 222000186 36 
2020-12-07T22:44:18 0 0 경기74아3357 4 70 234001511 222000825 57 
2020-12-07T22:44:18 0 0 경기74아3380 4 64 234001511 222000185 37 
2020-12-07T22:45:18 0 0 경기74아3357 4 70 234001511 222000825 57 
2020-12-07T22:45:18 0 0 경기74아3380 4 64 234001511 222000185 37 
2020-12-07T22:46:17 0 0 경기74아3357 4 70 234001511 222000825 57 
2020-12-07T22:46:17 0 0 경기74아3380 4 66 234001511 222000184 38 
2020-12-07T22:47:16 0 0 경기74아3357 4 70 234001511 222000825 57 
2020-12-07T22:47:16 0 0 경기74아3380 4 66 234001511 222000183 39 
2020-12-07T22:48:16 0 0 경기74아3357 4 70 234001511 222000825 57 
2020-12-07T22:48:16 0 0 경기74아3380 4 67 234001511 222000182 40 
2020-12-07T22:49:16 0 0 경기74아3357 4 70 234001511 222000825 57 
2020-12-07T22:49:16 0 0 경기74아3380 4 67 234001511 222000328 41 
2020-12-07T22:50:15 0 0 경기74아3357 4 70 234001511 222000825 57 
2020-12-07T22:50:15 0 0 경기74아3380 4 67 234001511 222000325 44 
2020-12-07T22:51:15 0 0 경기74아3357 4 70 234001511 222000825 57 
2020-12-07T22:51:15 0 0 경기74아3380 4 68 234001511 222000324 46 
2020-12-07T22:52:14 0 0 경기74아3357 4 70 234001511 222000825 57 
2020-12-07T22:52:14 0 0 경기74아3380 4 68 234001511 222000324 46 
2020-12-07T22:53:14 0 0 경기74아3357 4 70 234001511 222000825 57 
2020-12-07T22:53:14 0 0 경기74아3380 4 68 234001511 222000175 47 
2020-12-07T22:54:13 0 0 경기74아3357 4 70 234001511 222000825 57 
2020-12-07T22:54:13 0 0 경기74아3380 4 70 234001511 222000173 50 
2020-12-07T22:55:12 0 0 경기74아3380 4 70 234001511 222000163 51 
2020-12-07T22:56:12 0 0 경기74아3380 4 70 234001511 222000163 51 
2020-12-07T22:57:13 0 0 경기74아3380 4 71 234001511 222000958 52 
2020-12-07T22:58:12 0 0 경기74아3380 4 71 234001511 222001580 53 
2020-12-07T22:59:11 0 0 경기74아3380 4 71 234001511 222001580 53 
2020-12-07T23:00:12 0 0 경기74아3380 4 71 234001511 222000164 54 
2020-12-07T23:01:10 0 0 경기74아3380 4 71 234001511 222001096 55 
2020-12-07T23:02:10 0 0 경기74아3380 4 71 234001511 222000825 57 
2020-12-07T23:03:09 0 0 경기74아3380 4 71 234001511 222000825 57 
2020-12-07T23:04:09 0 0 경기74아3380 4 71 234001511 222000825 57 
2020-12-07T23:05:09 0 0 경기74아3380 4 71 234001511 222000825 57 
2020-12-07T23:06:09 0 0 경기74아3380 4 71 234001511 222000825 57 
2020-12-07T23:07:08 0 0 경기74아3380 4 71 234001511 222000825 57 
2020-12-07T23:08:07 0 0 경기74아3380 4 71 234001511 222000825 57 
2020-12-07T23:09:08 0 0 경기74아3380 4 71 234001511 222000825 57 
2020-12-07T23:10:08 0 0 경기74아3380 4 71 234001511 222000825 57 
2020-12-07T23:11:08 0 0 경기74아3380 4 71 234001511 222000825 57 
2020-12-07T23:12:07 0 0 경기74아3380 4 71 234001511 222000825 57 
2020-12-07T23:13:07 0 0 경기74아3380 4 71 234001511 222000825 57 
2020-12-07T23:14:06 0 0 경기74아3380 4 71 234001511 222000825 57 
2020-12-07T23:15:06 0 0 경기74아3380 4 71 234001511 222000825 57 
2020-12-07T23:16:06 0 0 경기74아3380 4 71 234001511 222000825 57 
