234001511 2020-11-26T21:30:29.129374+09:00
2020-11-27T06:51:13.242275+09:00 0 0 경기74아3357 4 69 234001511 222000824 1 
2020-11-27T06:52:12.835553+09:00 0 0 경기74아3357 4 69 234001511 222000824 1 
2020-11-27T06:53:11.739706+09:00 0 0 경기74아3357 4 69 234001511 222000171 2 
2020-11-27T06:54:12.113801+09:00 0 0 경기74아3357 4 67 234001511 222000170 3 
2020-11-27T06:55:11.607927+09:00 0 0 경기74아3357 4 67 234001511 222000323 4 
2020-11-27T06:56:10.711870+09:00 0 0 경기74아3357 4 67 234001511 222000323 4 
2020-11-27T06:57:10.036217+09:00 0 0 경기74아3357 4 64 234001511 222000322 5 
2020-11-27T06:58:09.330102+09:00 0 0 경기74아3357 4 64 234001511 222000320 7 
2020-11-27T06:59:08.654882+09:00 0 0 경기74아1383 3 36 234001511 222000824 1 
2020-11-27T06:59:08.654947+09:00 0 0 경기74아3357 4 64 234001511 222000320 7 
2020-11-27T07:00:08.918412+09:00 0 0 경기74아1383 3 36 234001511 222000824 1 
2020-11-27T07:00:08.918474+09:00 0 0 경기74아3357 4 64 234001511 222000320 7 
2020-11-27T07:01:07.492543+09:00 0 0 경기74아1383 3 36 234001511 222000824 1 
2020-11-27T07:01:07.492607+09:00 0 0 경기74아3357 4 64 234001511 222000320 7 
2020-11-27T07:02:06.556395+09:00 0 0 경기74아1383 3 36 234001511 222000824 1 
2020-11-27T07:02:06.556464+09:00 0 0 경기74아3357 4 64 234001511 222000320 7 
2020-11-27T07:03:06.750733+09:00 0 0 경기74아1383 3 35 234001511 222000171 2 
2020-11-27T07:03:06.750796+09:00 0 0 경기74아3357 4 62 234001511 222000180 9 
2020-11-27T07:04:05.714713+09:00 0 0 경기74아1383 3 35 234001511 222000170 3 
2020-11-27T07:04:05.714775+09:00 0 0 경기74아3357 4 59 234001511 222000180 9 
2020-11-27T07:05:05.868885+09:00 0 0 경기74아1383 3 35 234001511 222000322 5 
2020-11-27T07:05:05.868952+09:00 0 0 경기74아3357 4 59 234001511 222000179 10 
2020-11-27T07:06:05.022898+09:00 0 0 경기74아1383 3 35 234001511 222000320 7 
2020-11-27T07:06:05.022962+09:00 0 0 경기74아3357 4 52 234001511 222000179 10 
2020-11-27T07:07:04.076932+09:00 0 0 경기74아1383 3 34 234001511 222000320 7 
2020-11-27T07:07:04.076996+09:00 0 0 경기74아3357 4 52 234001511 222000179 10 
2020-11-27T07:08:03.170949+09:00 0 0 경기74아1383 3 34 234001511 222000320 7 
2020-11-27T07:08:03.171013+09:00 0 0 경기74아3357 4 52 234001511 222000178 11 
2020-11-27T07:09:02.255051+09:00 0 0 경기74아1383 3 34 234001511 222000320 7 
2020-11-27T07:09:02.255111+09:00 0 0 경기74아3357 4 34 234001511 222000178 11 
2020-11-27T07:10:02.429322+09:00 0 0 경기74아1383 3 34 234001511 222000180 9 
2020-11-27T07:10:02.429386+09:00 0 0 경기74아3357 4 34 234001511 222000177 12 
2020-11-27T07:11:01.673658+09:00 0 0 경기74아1383 3 32 234001511 222000179 10 
2020-11-27T07:11:01.673722+09:00 0 0 경기74아3357 4 31 234001511 222000177 12 
2020-11-27T07:12:01.078494+09:00 0 0 경기74아1383 3 28 234001511 222000179 10 
2020-11-27T07:12:01.078559+09:00 0 0 경기74아3357 4 31 234001511 222000177 12 
2020-11-27T07:13:00.763239+09:00 0 0 경기74아1383 3 28 234001511 222000179 10 
2020-11-27T07:13:00.763304+09:00 0 0 경기74아3357 4 31 234001511 277102831 13 
2020-11-27T07:13:59.787954+09:00 0 0 경기74아1383 3 20 234001511 222000178 11 
2020-11-27T07:13:59.788020+09:00 0 0 경기74아3357 4 31 234001511 277102831 13 
2020-11-27T07:14:59.982641+09:00 0 0 경기74아1383 3 20 234001511 222000178 11 
2020-11-27T07:14:59.982704+09:00 0 0 경기74아3357 4 31 234001511 277102831 13 
2020-11-27T07:15:58.817265+09:00 0 0 경기74아1383 3 19 234001511 222000177 12 
2020-11-27T07:15:58.817328+09:00 0 0 경기74아3357 4 31 234001511 277102831 13 
2020-11-27T07:16:59.331812+09:00 0 0 경기74아1383 3 19 234001511 222000177 12 
2020-11-27T07:16:59.331877+09:00 0 0 경기74아3357 4 31 234001511 277102833 14 
2020-11-27T07:17:58.996302+09:00 0 0 경기74아1383 3 19 234001511 277102831 13 
2020-11-27T07:17:58.996362+09:00 0 0 경기74아3357 4 31 234001511 277102833 14 
2020-11-27T07:18:57.900690+09:00 0 0 경기74아1383 3 19 234001511 277102831 13 
2020-11-27T07:18:57.900751+09:00 0 0 경기74아3357 4 31 234001511 277102835 15 
2020-11-27T07:19:57.800121+09:00 0 0 경기74아1383 3 19 234001511 277102831 13 
2020-11-27T07:19:57.800168+09:00 0 0 경기74아3357 4 31 234001511 277102835 15 
2020-11-27T07:20:56.899674+09:00 0 0 경기74아1383 3 19 234001511 277102831 13 
2020-11-27T07:20:56.899739+09:00 0 0 경기74아3357 4 31 234001511 277102837 16 
2020-11-27T07:21:56.353994+09:00 0 0 경기74아1383 3 19 234001511 277102833 14 
2020-11-27T07:21:56.354052+09:00 0 0 경기74아3357 4 31 234001511 222000302 17 
2020-11-27T07:22:55.318417+09:00 0 0 경기74아1383 3 19 234001511 277102835 15 
2020-11-27T07:22:55.318487+09:00 0 0 경기74아3357 4 31 234001511 222000302 17 
2020-11-27T07:23:55.842940+09:00 0 0 경기74아1383 3 19 234001511 277102835 15 
2020-11-27T07:23:55.843003+09:00 0 0 경기74아3357 4 31 234001511 221000039 18 
2020-11-27T07:24:55.467125+09:00 0 0 경기74아1383 3 19 234001511 277102837 16 
2020-11-27T07:24:55.467186+09:00 0 0 경기74아3357 4 31 234001511 277100104 19 
2020-11-27T07:25:54.918359+09:00 0 0 경기74아1383 3 19 234001511 222000302 17 
2020-11-27T07:25:54.918423+09:00 0 0 경기74아3357 4 31 234001511 277100104 19 
2020-11-27T07:26:53.925678+09:00 0 0 경기74아1383 3 19 234001511 222000302 17 
2020-11-27T07:26:53.925744+09:00 0 0 경기74아3357 4 31 234001511 277100104 19 
2020-11-27T07:27:53.109937+09:00 0 0 경기74아1383 3 19 234001511 221000039 18 
2020-11-27T07:27:53.110003+09:00 0 0 경기74아3357 4 31 234001511 277100104 19 
2020-11-27T07:28:52.274172+09:00 0 0 경기74아1383 3 19 234001511 277100104 19 
2020-11-27T07:28:52.274231+09:00 0 0 경기74아3357 4 31 234001511 277100104 19 
2020-11-27T07:29:51.108413+09:00 0 0 경기74아1383 3 19 234001511 277100104 19 
2020-11-27T07:29:51.108464+09:00 0 0 경기74아3357 4 31 234001511 277103306 20 
2020-11-27T07:30:51.192756+09:00 0 0 경기74아1383 3 19 234001511 277100104 19 
2020-11-27T07:30:51.192820+09:00 0 0 경기74아3357 4 31 234001511 277103306 20 
2020-11-27T07:31:50.216952+09:00 0 0 경기74아1383 3 19 234001511 277100104 19 
2020-11-27T07:31:50.217016+09:00 0 0 경기74아3357 4 31 234001511 277103306 20 
2020-11-27T07:32:49.541158+09:00 0 0 경기74아1383 3 19 234001511 277100104 19 
2020-11-27T07:32:49.541235+09:00 0 0 경기74아3357 4 31 234001511 277103306 20 
2020-11-27T07:33:48.185436+09:00 0 0 경기74아1383 3 19 234001511 277100104 19 
2020-11-27T07:33:48.185499+09:00 0 0 경기74아3357 4 31 234001511 277103306 20 
2020-11-27T07:34:48.719607+09:00 0 0 경기74아1383 3 19 234001511 277103306 20 
2020-11-27T07:34:48.719671+09:00 0 0 경기74아3357 4 31 234001511 277103306 20 
2020-11-27T07:35:47.903856+09:00 0 0 경기74아1383 3 19 234001511 277103306 20 
2020-11-27T07:35:47.903917+09:00 0 0 경기74아3357 4 31 234001511 277103306 20 
2020-11-27T07:36:47.668080+09:00 0 0 경기74아1383 3 19 234001511 277103306 20 
2020-11-27T07:36:47.668147+09:00 0 0 경기74아3357 4 31 234001511 277103306 20 
2020-11-27T07:37:47.022287+09:00 0 0 경기74아1383 3 19 234001511 277103306 20 
2020-11-27T07:37:47.022352+09:00 0 0 경기74아3357 4 31 234001511 277102674 21 
2020-11-27T07:38:46.036537+09:00 0 0 경기74아1383 3 19 234001511 277103306 20 
2020-11-27T07:38:46.036599+09:00 0 0 경기74아3357 4 31 234001511 277102674 21 
2020-11-27T07:39:45.380619+09:00 0 0 경기74아1383 3 19 234001511 277103306 20 
2020-11-27T07:39:45.380684+09:00 0 0 경기74아3357 4 31 234001511 277102674 21 
2020-11-27T07:40:44.704960+09:00 0 0 경기74아1383 3 19 234001511 277103306 20 
2020-11-27T07:40:44.705024+09:00 0 0 경기74아3357 4 31 234001511 277102674 21 
2020-11-27T07:41:43.829055+09:00 0 0 경기74아1383 3 19 234001511 277103306 20 
2020-11-27T07:41:43.829119+09:00 0 0 경기74아3357 4 31 234001511 277103309 22 
2020-11-27T07:42:43.113229+09:00 0 0 경기74아1383 3 19 234001511 277103306 20 
2020-11-27T07:42:43.113295+09:00 0 0 경기74아3357 4 31 234001511 277103309 22 
2020-11-27T07:43:42.277431+09:00 0 0 경기74아1383 3 19 234001511 277102674 21 
2020-11-27T07:43:42.277489+09:00 0 0 경기74아3357 4 31 234001511 277103309 22 
2020-11-27T07:44:41.461516+09:00 0 0 경기74아1383 3 19 234001511 277102674 21 
2020-11-27T07:44:41.461578+09:00 0 0 경기74아3357 4 31 234001511 277103309 22 
2020-11-27T07:45:40.624916+09:00 0 0 경기74아1383 3 19 234001511 277103309 22 
2020-11-27T07:45:40.624980+09:00 0 0 경기74아3357 4 31 234001511 277103309 22 
2020-11-27T07:46:39.928215+09:00 0 0 경기74아1383 3 19 234001511 277103309 22 
2020-11-27T07:46:39.928280+09:00 0 0 경기74아3357 4 31 234001511 277103309 22 
2020-11-27T07:47:39.261619+09:00 0 0 경기74아1383 3 19 234001511 277103309 22 
2020-11-27T07:47:39.261685+09:00 0 0 경기74아3357 4 31 234001511 277103308 23 
2020-11-27T07:48:38.265101+09:00 0 0 경기74아1383 3 19 234001511 277103309 22 
2020-11-27T07:48:38.265166+09:00 0 0 경기74아3357 4 31 234001511 277103308 23 
2020-11-27T07:49:38.268574+09:00 0 0 경기74아1383 3 19 234001511 277103309 22 
2020-11-27T07:49:38.268637+09:00 0 0 경기74아3357 4 31 234001511 277103308 23 
2020-11-27T07:50:38.392194+09:00 0 0 경기74아1383 3 19 234001511 277103308 23 
2020-11-27T07:50:38.392258+09:00 0 0 경기74아3357 4 31 234001511 277102302 24 
2020-11-27T07:51:37.625926+09:00 0 0 경기74아1383 3 19 234001511 277103308 23 
2020-11-27T07:51:37.625991+09:00 0 0 경기74아3357 4 31 234001511 277102302 24 
2020-11-27T07:52:36.519340+09:00 0 0 경기74아1383 3 19 234001511 277102302 24 
2020-11-27T07:52:36.519382+09:00 0 0 경기74아3357 4 31 234001511 277102302 24 
2020-11-27T07:53:36.093235+09:00 0 0 경기74아1383 3 19 234001511 277102302 24 
2020-11-27T07:53:36.093299+09:00 0 0 경기74아3357 4 32 234001511 277102302 24 
2020-11-27T07:54:36.436949+09:00 0 0 경기74아1383 3 19 234001511 277102302 24 
2020-11-27T07:54:36.437013+09:00 0 0 경기74아3357 4 32 234001511 123000611 25 
2020-11-27T07:55:35.950828+09:00 0 0 경기74아1383 3 19 234001511 277102302 24 
2020-11-27T07:55:35.950894+09:00 0 0 경기74아3357 4 32 234001511 123000611 25 
2020-11-27T07:56:35.104621+09:00 0 0 경기74아1383 3 19 234001511 277102302 24 
2020-11-27T07:56:35.104687+09:00 0 0 경기74아3357 4 32 234001511 123000611 25 
2020-11-27T07:57:34.088425+09:00 0 0 경기74아1383 3 19 234001511 277102302 24 
2020-11-27T07:57:34.088490+09:00 0 0 경기74아3357 4 32 234001511 123000611 25 
2020-11-27T07:58:34.332324+09:00 0 0 경기74아1383 3 19 234001511 123000611 25 
2020-11-27T07:58:34.332388+09:00 0 0 경기74아3357 4 32 234001511 123000611 25 
2020-11-27T07:59:33.356185+09:00 0 0 경기74아1383 3 19 234001511 123000611 25 
2020-11-27T07:59:33.356249+09:00 0 0 경기74아3357 4 32 234001511 123000611 25 
2020-11-27T08:00:32.610032+09:00 0 0 경기74아1383 3 19 234001511 123000611 25 
2020-11-27T08:00:32.610096+09:00 0 0 경기74아3357 4 32 234001511 123000611 25 
2020-11-27T08:01:32.083989+09:00 0 0 경기74아1383 3 19 234001511 123000611 25 
2020-11-27T08:01:32.084053+09:00 0 0 경기74아3357 4 32 234001511 123000611 25 
2020-11-27T08:02:32.938093+09:00 0 0 경기74아1383 3 39 234001511 123000611 25 
2020-11-27T08:02:32.938154+09:00 0 0 경기74아3357 4 65 234001511 123000611 25 
2020-11-27T08:03:31.611837+09:00 0 0 경기74아1383 3 39 234001511 123000611 25 
2020-11-27T08:03:31.611901+09:00 0 0 경기74아3357 4 65 234001511 123000611 25 
2020-11-27T08:04:31.015645+09:00 0 0 경기74아1383 3 39 234001511 123000611 25 
2020-11-27T08:04:31.015698+09:00 0 0 경기74아3357 4 65 234001511 123000611 25 
2020-11-27T08:05:30.189720+09:00 0 0 경기74아1383 3 39 234001511 123000611 25 
2020-11-27T08:05:30.189796+09:00 0 0 경기74아3357 4 65 234001511 277103310 26 
2020-11-27T08:06:29.663736+09:00 0 0 경기74아1383 3 39 234001511 123000611 25 
2020-11-27T08:06:29.663798+09:00 0 0 경기74아3357 4 65 234001511 277102675 27 
2020-11-27T08:07:29.067745+09:00 0 0 경기74아1383 3 39 234001511 277103310 26 
2020-11-27T08:07:29.067810+09:00 0 0 경기74아3357 4 65 234001511 277102675 27 
2020-11-27T08:08:27.891598+09:00 0 0 경기74아1383 3 39 234001511 277102675 27 
2020-11-27T08:08:27.891662+09:00 0 0 경기74아3357 4 65 234001511 277102675 27 
2020-11-27T08:09:28.325581+09:00 0 0 경기74아1383 3 39 234001511 277102675 27 
2020-11-27T08:09:28.325649+09:00 0 0 경기74아3357 4 65 234001511 277103307 28 
2020-11-27T08:10:27.539529+09:00 0 0 경기74아1383 3 39 234001511 277102675 27 
2020-11-27T08:10:27.539594+09:00 0 0 경기74아3357 4 65 234001511 277103313 29 
2020-11-27T08:11:26.753539+09:00 0 0 경기74아1383 3 39 234001511 277103307 28 
2020-11-27T08:11:26.753601+09:00 0 0 경기74아3357 4 64 234001511 221000238 30 
2020-11-27T08:12:26.307501+09:00 0 0 경기74아1383 3 39 234001511 277103313 29 
2020-11-27T08:12:26.307564+09:00 0 0 경기74아3357 4 64 234001511 221000238 30 
2020-11-27T08:13:25.291536+09:00 0 0 경기74아1383 3 39 234001511 221000238 30 
2020-11-27T08:13:25.291599+09:00 0 0 경기74아3357 4 64 234001511 221000238 30 
2020-11-27T08:14:25.805593+09:00 0 0 경기74아1383 3 39 234001511 221000238 30 
2020-11-27T08:14:25.805658+09:00 0 0 경기74아3357 4 64 234001511 277102838 32 
2020-11-27T08:15:24.959558+09:00 0 0 경기74아1383 3 39 234001511 221000238 30 
2020-11-27T08:15:24.959617+09:00 0 0 경기74아3357 4 64 234001511 277102838 32 
2020-11-27T08:16:24.953660+09:00 0 0 경기74아1383 3 39 234001511 222000301 31 
2020-11-27T08:16:24.953722+09:00 0 0 경기74아3357 4 64 234001511 277102836 33 
2020-11-27T08:17:25.807815+09:00 0 0 경기74아1383 3 39 234001511 277102838 32 
2020-11-27T08:17:25.807877+09:00 0 0 경기74아3357 4 64 234001511 277102836 33 
2020-11-27T08:18:24.491688+09:00 0 0 경기74아1383 3 39 234001511 277102836 33 
2020-11-27T08:18:24.491751+09:00 0 0 경기74아3357 4 64 234001511 277102834 34 
2020-11-27T08:19:23.435734+09:00 0 0 경기74아1383 3 39 234001511 277102836 33 
2020-11-27T08:19:23.435798+09:00 0 0 경기74아3357 4 64 234001511 277102834 34 
2020-11-27T08:20:22.870019+09:00 0 0 경기74아1383 3 39 234001511 277102834 34 
2020-11-27T08:20:22.870084+09:00 0 0 경기74아3357 4 64 234001511 277102834 34 
2020-11-27T08:21:21.844276+09:00 0 0 경기74아1383 3 39 234001511 277102834 34 
2020-11-27T08:21:21.844342+09:00 0 0 경기74아3357 4 64 234001511 277102834 34 
2020-11-27T08:22:21.948571+09:00 0 0 경기74아1383 3 39 234001511 277102834 34 
2020-11-27T08:22:21.948640+09:00 0 0 경기74아3357 4 64 234001511 277102832 35 
2020-11-27T08:23:20.902710+09:00 0 0 경기74아1383 3 39 234001511 277102834 34 
2020-11-27T08:23:20.902766+09:00 0 0 경기74아3357 4 64 234001511 277102832 35 
2020-11-27T08:24:20.957082+09:00 0 0 경기74아1383 3 39 234001511 277102834 34 
2020-11-27T08:24:20.957147+09:00 0 0 경기74아3357 4 65 234001511 277102832 35 
2020-11-27T08:25:20.381211+09:00 0 0 경기74아1383 3 39 234001511 277102834 34 
2020-11-27T08:25:20.381275+09:00 0 0 경기74아3357 4 66 234001511 222000186 36 
2020-11-27T08:26:19.325310+09:00 0 0 경기74아1383 3 39 234001511 277102832 35 
2020-11-27T08:26:19.325372+09:00 0 0 경기74아3357 4 66 234001511 222000186 36 
2020-11-27T08:27:18.519416+09:00 0 0 경기74아1383 3 39 234001511 222000186 36 
2020-11-27T08:27:18.519489+09:00 0 0 경기74아3357 4 68 234001511 222000185 37 
2020-11-27T08:28:17.743594+09:00 0 0 경기74아1383 3 39 234001511 222000185 37 
2020-11-27T08:28:17.743657+09:00 0 0 경기74아3357 4 69 234001511 222000184 38 
2020-11-27T08:29:16.837674+09:00 0 0 경기74아1383 3 39 234001511 222000185 37 
2020-11-27T08:29:16.837743+09:00 0 0 경기74아3357 4 69 234001511 222000182 40 
2020-11-27T08:30:16.191811+09:00 0 0 경기74아1383 3 39 234001511 222000184 38 
2020-11-27T08:30:16.191880+09:00 0 0 경기74아3357 4 69 234001511 222000327 42 
2020-11-27T08:31:15.515919+09:00 0 0 경기74아1383 3 39 234001511 222000328 41 
2020-11-27T08:31:15.515984+09:00 0 0 경기74아3357 4 69 234001511 222000326 43 
2020-11-27T08:32:14.950006+09:00 0 0 경기74아1383 3 39 234001511 222000326 43 
2020-11-27T08:32:14.950070+09:00 0 0 경기74아3357 4 69 234001511 222000749 45 
2020-11-27T08:33:14.184092+09:00 0 0 경기74아1383 3 39 234001511 222000324 46 
2020-11-27T08:33:14.184162+09:00 0 0 경기74아3357 4 69 234001511 222000324 46 
2020-11-27T08:34:13.228308+09:00 0 0 경기74아1383 3 39 234001511 222000324 46 
2020-11-27T08:34:13.228382+09:00 0 0 경기74아3357 4 69 234001511 222000324 46 
2020-11-27T08:35:12.752352+09:00 0 0 경기74아1383 3 39 234001511 222000324 46 
2020-11-27T08:35:12.752417+09:00 0 0 경기74아3357 4 69 234001511 222000324 46 
2020-11-27T08:36:11.776377+09:00 0 0 경기74아1383 3 39 234001511 222000174 48 
2020-11-27T08:36:11.776441+09:00 0 0 경기74아3357 4 69 234001511 222000174 48 
2020-11-27T08:37:12.130553+09:00 0 0 경기74아1383 3 39 234001511 222001419 49 
2020-11-27T08:37:12.130600+09:00 0 0 경기74아3357 4 69 234001511 222000173 50 
2020-11-27T08:38:11.424619+09:00 0 0 경기74아1383 3 39 234001511 222000163 51 
2020-11-27T08:38:11.424683+09:00 0 0 경기74아3357 4 69 234001511 222000163 51 
2020-11-27T08:39:11.208699+09:00 0 0 경기74아1383 3 39 234001511 222000163 51 
2020-11-27T08:39:11.208769+09:00 0 0 경기74아3357 4 69 234001511 222000163 51 
2020-11-27T08:40:10.162831+09:00 0 0 경기74아1383 3 39 234001511 222000163 51 
2020-11-27T08:40:10.162894+09:00 0 0 경기74아3357 4 70 234001511 222000958 52 
2020-11-27T08:41:10.506872+09:00 0 0 경기74아1383 3 39 234001511 222000163 51 
2020-11-27T08:41:10.506939+09:00 0 0 경기74아3357 4 70 234001511 222001580 53 
2020-11-27T08:42:10.550963+09:00 0 0 경기74아1383 3 39 234001511 222000958 52 
2020-11-27T08:42:10.551030+09:00 0 0 경기74아3357 4 70 234001511 222001580 53 
2020-11-27T08:43:09.905019+09:00 0 0 경기74아1383 3 39 234001511 222000958 52 
2020-11-27T08:43:09.905106+09:00 0 0 경기74아3357 4 70 234001511 222000164 54 
2020-11-27T08:44:08.549101+09:00 0 0 경기74아1383 3 39 234001511 222000958 52 
2020-11-27T08:44:08.549165+09:00 0 0 경기74아3357 4 70 234001511 222000166 56 
2020-11-27T08:45:09.393235+09:00 0 0 경기74아1383 3 39 234001511 222000958 52 
2020-11-27T08:45:09.393297+09:00 0 0 경기74아3357 4 70 234001511 222000825 57 
2020-11-27T08:46:08.807300+09:00 0 0 경기74아1383 3 39 234001511 222000958 52 
2020-11-27T08:46:08.807360+09:00 0 0 경기74아3357 4 70 234001511 222000825 57 
2020-11-27T08:47:07.401301+09:00 0 0 경기74아1383 3 39 234001511 222001580 53 
2020-11-27T08:47:07.401367+09:00 0 0 경기74아3357 4 70 234001511 222000825 57 
2020-11-27T08:48:07.545499+09:00 0 0 경기74아1383 3 39 234001511 222000164 54 
2020-11-27T08:48:07.545563+09:00 0 0 경기74아3357 4 70 234001511 222000825 57 
2020-11-27T08:49:06.689428+09:00 0 0 경기74아1383 3 39 234001511 222001096 55 
2020-11-27T08:49:06.689490+09:00 0 0 경기74아3357 4 70 234001511 222000825 57 
2020-11-27T08:50:05.693473+09:00 0 0 경기74아1383 3 39 234001511 222000825 57 
2020-11-27T08:50:05.693535+09:00 0 0 경기74아3357 4 70 234001511 222000825 57 
2020-11-27T08:51:05.697579+09:00 0 0 경기74아1383 3 39 234001511 222000825 57 
2020-11-27T08:51:05.697647+09:00 0 0 경기74아3357 4 70 234001511 222000825 57 
2020-11-27T08:52:05.472073+09:00 0 0 경기74아3357 4 70 234001511 222000825 57 
2020-11-27T08:53:05.975754+09:00 0 0 경기74아3357 4 70 234001511 222000825 57 
2020-11-27T08:54:05.580334+09:00 0 0 경기74아3357 4 70 234001511 222000825 57 
2020-11-27T08:55:04.784689+09:00 0 0 경기74아3357 4 70 234001511 222000825 57 
2020-11-27T08:56:03.469018+09:00 0 0 경기74아3357 4 70 234001511 222000825 57 
2020-11-27T08:57:03.573471+09:00 0 0 경기74아3357 4 70 234001511 222000825 57 
2020-11-27T08:58:02.658089+09:00 0 0 경기74아3357 4 70 234001511 222000825 57 
2020-11-27T08:59:02.262200+09:00 0 0 경기74아3357 4 70 234001511 222000825 57 
2020-11-27T09:21:50.668711+09:00 0 0 경기74아3357 4 69 234001511 222000824 1 
2020-11-27T09:22:49.802851+09:00 0 0 경기74아3357 4 69 234001511 222000171 2 
2020-11-27T09:23:49.116979+09:00 0 0 경기74아3357 4 69 234001511 222000170 3 
2020-11-27T09:24:48.171056+09:00 0 0 경기74아3357 4 69 234001511 222000323 4 
2020-11-27T09:25:47.635227+09:00 0 0 경기74아3357 4 69 234001511 222000323 4 
2020-11-27T09:26:46.819397+09:00 0 0 경기74아3357 4 69 234001511 222000322 5 
2020-11-27T09:27:45.913465+09:00 0 0 경기74아3357 4 69 234001511 222000321 6 
2020-11-27T09:28:45.107458+09:00 0 0 경기74아3357 4 69 234001511 222000320 7 
2020-11-27T09:29:44.301638+09:00 0 0 경기74아3357 4 69 234001511 222000320 7 
2020-11-27T09:30:43.335632+09:00 0 0 경기74아3357 4 69 234001511 222000320 7 
2020-11-27T09:31:43.810112+09:00 0 0 경기74아3357 4 69 234001511 222000320 7 
2020-11-27T09:32:42.743909+09:00 0 0 경기74아3357 4 69 234001511 222000181 8 
2020-11-27T09:33:42.878016+09:00 0 0 경기74아3357 4 69 234001511 222000180 9 
2020-11-27T09:34:42.022161+09:00 0 0 경기74아3357 4 69 234001511 222000179 10 
2020-11-27T09:35:41.106246+09:00 0 0 경기74아3357 4 68 234001511 222000179 10 
2020-11-27T09:36:40.080306+09:00 0 0 경기74아3357 4 68 234001511 222000178 11 
2020-11-27T09:37:40.324513+09:00 0 0 경기74아3357 4 64 234001511 222000178 11 
2020-11-27T09:38:39.409156+09:00 0 0 경기74아3357 4 64 234001511 222000177 12 
2020-11-27T09:39:38.612530+09:00 0 0 경기74아3357 4 62 234001511 222000177 12 
2020-11-27T09:40:37.986814+09:00 0 0 경기74아3357 4 62 234001511 222000177 12 
2020-11-27T09:41:37.150867+09:00 0 0 경기74아3357 4 62 234001511 222000177 12 
2020-11-27T09:42:36.585217+09:00 0 0 경기74아3357 4 62 234001511 277102831 13 
2020-11-27T09:43:36.019141+09:00 0 0 경기74아3357 4 62 234001511 277102831 13 
2020-11-27T09:44:34.903297+09:00 0 0 경기74아3357 4 62 234001511 277102831 13 
2020-11-27T09:45:34.857330+09:00 0 0 경기74아3357 4 62 234001511 277102831 13 
2020-11-27T09:46:34.241450+09:00 0 0 경기74아3357 4 62 234001511 277102833 14 
2020-11-27T09:47:33.605546+09:00 0 0 경기74아3357 4 62 234001511 277102833 14 
2020-11-27T09:48:32.529826+09:00 0 0 경기74아3357 4 62 234001511 277102835 15 
2020-11-27T09:49:33.093896+09:00 0 0 경기74아3357 4 62 234001511 277102835 15 
2020-11-27T09:50:32.308004+09:00 0 0 경기74아3357 4 62 234001511 277102837 16 
2020-11-27T09:51:31.312066+09:00 0 0 경기74아3357 4 63 234001511 222000302 17 
2020-11-27T09:52:31.456352+09:00 0 0 경기74아3357 4 63 234001511 222000302 17 
2020-11-27T09:53:30.900411+09:00 0 0 경기74아3357 4 63 234001511 222000302 17 
2020-11-27T09:54:30.264483+09:00 0 0 경기74아3357 4 63 234001511 221000039 18 
2020-11-27T09:55:29.838615+09:00 0 0 경기74아3357 4 63 234001511 277100104 19 
2020-11-27T09:56:28.972722+09:00 0 0 경기74아3357 4 63 234001511 277100104 19 
2020-11-27T09:57:28.576886+09:00 0 0 경기74아3357 4 63 234001511 277103306 20 
2020-11-27T09:58:28.010986+09:00 0 0 경기74아3357 4 63 234001511 277103306 20 
2020-11-27T09:59:27.405118+09:00 0 0 경기74아3357 4 63 234001511 277103306 20 
2020-11-27T10:00:26.689249+09:00 0 0 경기74아3357 4 63 234001511 277103306 20 
2020-11-27T10:01:25.473300+09:00 0 0 경기74아3357 4 63 234001511 277103306 20 
2020-11-27T10:02:25.537469+09:00 0 0 경기74아3357 4 63 234001511 277102674 21 
2020-11-27T10:03:24.851756+09:00 0 0 경기74아3357 4 63 234001511 277103309 22 
2020-11-27T10:04:24.015670+09:00 0 0 경기74아3357 4 63 234001511 277103309 22 
2020-11-27T10:05:22.749652+09:00 0 0 경기74아3357 4 63 234001511 277103309 22 
2020-11-27T10:06:22.483745+09:00 0 0 경기74아3357 4 63 234001511 277103309 22 
2020-11-27T10:07:22.758028+09:00 0 0 경기74아3357 4 63 234001511 277103308 23 
2020-11-27T10:08:21.492090+09:00 0 0 경기74아3357 4 63 234001511 277103308 23 
2020-11-27T10:09:21.546141+09:00 0 0 경기74아3357 4 63 234001511 277102302 24 
2020-11-27T10:10:20.280209+09:00 0 0 경기74아3357 4 63 234001511 123000611 25 
2020-11-27T10:11:20.324395+09:00 0 0 경기74아3357 4 63 234001511 123000611 25 
2020-11-27T10:12:19.018449+09:00 0 0 경기74아3357 4 63 234001511 123000611 25 
2020-11-27T10:13:19.212925+09:00 0 0 경기74아3357 4 63 234001511 123000611 25 
2020-11-27T10:14:18.486648+09:00 0 0 경기74아3357 4 63 234001511 123000611 25 
2020-11-27T10:15:17.670851+09:00 0 0 경기74아3357 4 63 234001511 123000611 25 
2020-11-27T10:16:16.654901+09:00 0 0 경기74아3357 4 63 234001511 123000611 25 
2020-11-27T10:17:16.179006+09:00 0 0 경기74아3357 4 63 234001511 123000611 25 
2020-11-27T10:18:16.463094+09:00 0 0 경기74아3357 4 69 234001511 123000611 25 
2020-11-27T10:19:15.647301+09:00 0 0 경기74아3357 4 69 234001511 123000611 25 
2020-11-27T10:20:14.951424+09:00 0 0 경기74아3357 4 69 234001511 123000611 25 
2020-11-27T10:21:13.575466+09:00 0 0 경기74아3357 4 69 234001511 277103310 26 
2020-11-27T10:22:13.609586+09:00 0 0 경기74아3357 4 69 234001511 277102675 27 
2020-11-27T10:23:13.003766+09:00 0 0 경기74아3357 4 69 234001511 277102675 27 
2020-11-27T10:24:11.537710+09:00 0 0 경기74아3357 4 69 234001511 277102675 27 
2020-11-27T10:25:11.851896+09:00 0 0 경기74아3357 4 69 234001511 277102675 27 
2020-11-27T10:26:11.106045+09:00 0 0 경기74아3357 4 69 234001511 277103307 28 
2020-11-27T10:27:10.600144+09:00 0 0 경기74아3357 4 69 234001511 277103313 29 
2020-11-27T10:28:09.554284+09:00 0 0 경기74아3357 4 69 234001511 277103313 29 
2020-11-27T10:29:09.739567+09:00 0 0 경기74아3357 4 69 234001511 221000238 30 
2020-11-27T10:30:08.742538+09:00 0 0 경기74아3357 4 69 234001511 221000238 30 
2020-11-27T10:31:07.776620+09:00 0 0 경기74아3357 4 69 234001511 221000238 30 
2020-11-27T10:32:07.810697+09:00 0 0 경기74아3357 4 69 234001511 222000301 31 
2020-11-27T10:33:07.444855+09:00 0 0 경기74아3357 4 69 234001511 277102838 32 
2020-11-27T10:34:07.829089+09:00 0 0 경기74아3357 4 69 234001511 277102836 33 
2020-11-27T10:35:06.913267+09:00 0 0 경기74아3357 4 69 234001511 277102836 33 
2020-11-27T10:36:06.217713+09:00 0 0 경기74아3357 4 69 234001511 277102836 33 
2020-11-27T10:37:05.452246+09:00 0 0 경기74아3357 4 69 234001511 277102834 34 
2020-11-27T10:38:04.406820+09:00 0 0 경기74아3357 4 69 234001511 277102834 34 
2020-11-27T10:39:04.201350+09:00 0 0 경기74아3357 4 69 234001511 277102834 34 
2020-11-27T10:40:04.255942+09:00 0 0 경기74아3357 4 69 234001511 277102834 34 
2020-11-27T10:41:03.320446+09:00 0 0 경기74아3357 4 69 234001511 277102832 35 
2020-11-27T10:42:04.024976+09:00 0 0 경기74아3357 4 69 234001511 277102832 35 
2020-11-27T10:43:03.069263+09:00 0 0 경기74아3357 4 69 234001511 222000186 36 
2020-11-27T10:44:02.483578+09:00 0 0 경기74아3357 4 69 234001511 222000186 36 
2020-11-27T10:45:01.428061+09:00 0 0 경기74아3357 4 69 234001511 222000184 38 
2020-11-27T10:46:01.492323+09:00 0 0 경기74아3357 4 69 234001511 222000184 38 
2020-11-27T10:47:01.706828+09:00 0 0 경기74아3357 4 69 234001511 222000328 41 
2020-11-27T10:48:01.001209+09:00 0 0 경기74아3357 4 69 234001511 222000326 43 
2020-11-27T10:49:00.345310+09:00 0 0 경기74아3357 4 69 234001511 222000749 45 
2020-11-27T10:49:59.249595+09:00 0 0 경기74아3357 4 69 234001511 222000324 46 
2020-11-27T10:50:59.513878+09:00 0 0 경기74아3357 4 70 234001511 222000174 48 
2020-11-27T10:51:58.548112+09:00 0 0 경기74아3357 4 70 234001511 222001419 49 
2020-11-27T10:52:58.302370+09:00 0 0 경기74아3357 4 70 234001511 222000173 50 
2020-11-27T10:53:58.376926+09:00 0 0 경기74아3357 4 70 234001511 222000163 51 
2020-11-27T10:54:56.860891+09:00 0 0 경기74아3357 4 70 234001511 222000958 52 
2020-11-27T10:55:57.335245+09:00 0 0 경기74아3357 4 70 234001511 222001580 53 
2020-11-27T10:56:56.379332+09:00 0 0 경기74아3357 4 70 234001511 222001580 53 
2020-11-27T10:57:56.293731+09:00 0 0 경기74아3357 4 70 234001511 222001096 55 
2020-11-27T10:58:56.577879+09:00 0 0 경기74아3357 4 70 234001511 222000166 56 
2020-11-27T10:59:55.312095+09:00 0 0 경기74아3357 4 70 234001511 222000825 57 
2020-11-27T11:00:54.736138+09:00 0 0 경기74아3357 4 70 234001511 222000825 57 
2020-11-27T11:01:54.630782+09:00 0 0 경기74아3357 4 70 234001511 222000825 57 
2020-11-27T11:02:54.084750+09:00 0 0 경기74아3357 4 70 234001511 222000825 57 
2020-11-27T11:03:54.178969+09:00 0 0 경기74아3357 4 70 234001511 222000825 57 
2020-11-27T11:04:53.423133+09:00 0 0 경기74아3357 4 70 234001511 222000825 57 
2020-11-27T11:05:52.217264+09:00 0 0 경기74아3357 4 70 234001511 222000825 57 
2020-11-27T11:06:52.431475+09:00 0 0 경기74아3357 4 70 234001511 222000825 57 
2020-11-27T11:07:51.085775+09:00 0 0 경기74아3357 4 70 234001511 222000825 57 
2020-11-27T11:08:51.289953+09:00 0 0 경기74아3357 4 70 234001511 222000825 57 
2020-11-27T11:09:50.294112+09:00 0 0 경기74아3357 4 70 234001511 222000825 57 
2020-11-27T11:10:49.407168+09:00 0 0 경기74아3357 4 70 234001511 222000825 57 
2020-11-27T11:11:48.340409+09:00 0 0 경기74아3357 4 70 234001511 222000825 57 
2020-11-27T11:12:48.373852+09:00 0 0 경기74아3357 4 70 234001511 222000825 57 
2020-11-27T11:13:48.067417+09:00 0 0 경기74아3357 4 70 234001511 222000825 57 
2020-11-27T12:21:22.233237+09:00 0 0 경기74아3357 4 70 234001511 222000824 1 
2020-11-27T12:22:22.007595+09:00 0 0 경기74아3357 4 70 234001511 222000824 1 
2020-11-27T12:23:22.011732+09:00 0 0 경기74아3357 4 70 234001511 222000170 3 
2020-11-27T12:24:22.076100+09:00 0 0 경기74아3357 4 70 234001511 222000170 3 
2020-11-27T12:25:22.260294+09:00 0 0 경기74아3357 4 70 234001511 222000170 3 
2020-11-27T12:26:21.224493+09:00 0 0 경기74아3357 4 70 234001511 222000323 4 
2020-11-27T12:27:21.498844+09:00 0 0 경기74아3357 4 70 234001511 222000322 5 
2020-11-27T12:28:20.302972+09:00 0 0 경기74아3357 4 70 234001511 222000320 7 
2020-11-27T12:29:20.427260+09:00 0 0 경기74아3357 4 70 234001511 222000320 7 
2020-11-27T12:30:19.151339+09:00 0 0 경기74아3357 4 70 234001511 222000320 7 
2020-11-27T12:31:19.455553+09:00 0 0 경기74아3357 4 70 234001511 222000320 7 
2020-11-27T12:32:18.329706+09:00 0 0 경기74아3357 4 70 234001511 222000181 8 
2020-11-27T12:33:18.543806+09:00 0 0 경기74아3357 4 70 234001511 222000180 9 
2020-11-27T12:34:17.708126+09:00 0 0 경기74아3357 4 70 234001511 222000179 10 
2020-11-27T12:35:16.362151+09:00 0 0 경기74아3357 4 70 234001511 222000179 10 
2020-11-27T12:36:16.866185+09:00 0 0 경기74아3357 4 70 234001511 222000178 11 
2020-11-27T12:37:16.760497+09:00 0 0 경기74아3357 4 70 234001511 222000178 11 
2020-11-27T12:38:15.834628+09:00 0 0 경기74아3357 4 70 234001511 222000177 12 
2020-11-27T12:39:15.098734+09:00 0 0 경기74아3357 4 70 234001511 222000177 12 
2020-11-27T12:40:14.272890+09:00 0 0 경기74아3357 4 70 234001511 277102831 13 
2020-11-27T12:41:13.246905+09:00 0 0 경기74아3357 4 70 234001511 277102831 13 
2020-11-27T12:42:13.531140+09:00 0 0 경기74아3357 4 70 234001511 277102831 13 
2020-11-27T12:43:12.295150+09:00 0 0 경기74아3357 4 70 234001511 277102831 13 
2020-11-27T12:44:12.539363+09:00 0 0 경기74아3357 4 70 234001511 277102831 13 
2020-11-27T12:45:11.833839+09:00 0 0 경기74아3357 4 70 234001511 277102833 14 
2020-11-27T12:46:11.137618+09:00 0 0 경기74아3357 4 70 234001511 277102835 15 
2020-11-27T12:47:09.731697+09:00 0 0 경기74아3357 4 70 234001511 277102835 15 
2020-11-27T12:48:09.485838+09:00 0 0 경기74아3357 4 70 234001511 277102837 16 
2020-11-27T12:49:09.870047+09:00 0 0 경기74아3357 4 70 234001511 222000302 17 
2020-11-27T12:50:08.814062+09:00 0 0 경기74아3357 4 70 234001511 222000302 17 
2020-11-27T12:51:08.568296+09:00 0 0 경기74아3357 4 70 234001511 221000039 18 
2020-11-27T12:52:08.752380+09:00 0 0 경기74아3357 4 70 234001511 221000039 18 
2020-11-27T12:53:07.696568+09:00 0 0 경기74아3357 4 70 234001511 277100104 19 
2020-11-27T12:54:07.830813+09:00 0 0 경기74아3357 4 70 234001511 277103306 20 
2020-11-27T12:55:06.764856+09:00 0 0 경기74아3357 4 70 234001511 277103306 20 
2020-11-27T12:56:05.478923+09:00 0 0 경기74아3357 4 70 234001511 277103306 20 
2020-11-27T12:57:05.422955+09:00 0 0 경기74아3357 4 70 234001511 277103306 20 
2020-11-27T12:58:05.427225+09:00 0 0 경기74아3357 4 70 234001511 277103309 22 
2020-11-27T12:59:04.341354+09:00 0 0 경기74아3357 4 70 234001511 277103309 22 
2020-11-27T13:00:04.665538+09:00 0 0 경기74아3357 4 70 234001511 277103308 23 
2020-11-27T13:01:03.119644+09:00 0 0 경기74아3357 4 70 234001511 277103308 23 
2020-11-27T13:02:03.173843+09:00 0 0 경기74아3357 4 70 234001511 277102302 24 
2020-11-27T13:03:02.587989+09:00 0 0 경기74아3357 4 70 234001511 277102302 24 
2020-11-27T13:04:01.882099+09:00 0 0 경기74아3357 4 70 234001511 277102302 24 
2020-11-27T13:05:01.086137+09:00 0 0 경기74아3357 4 70 234001511 277102302 24 
2020-11-27T13:06:00.260241+09:00 0 0 경기74아3357 4 70 234001511 123000611 25 
2020-11-27T13:06:58.894371+09:00 0 0 경기74아3357 4 70 234001511 123000611 25 
2020-11-27T13:07:58.928501+09:00 0 0 경기74아3357 4 70 234001511 123000611 25 
2020-11-27T13:08:57.632557+09:00 0 0 경기74아3357 4 70 234001511 123000611 25 
2020-11-27T13:09:57.776753+09:00 0 0 경기74아3357 4 70 234001511 123000611 25 
2020-11-27T13:10:56.380684+09:00 0 0 경기74아3357 4 70 234001511 123000611 25 
2020-11-27T13:11:56.654973+09:00 0 0 경기74아3357 4 70 234001511 123000611 25 
2020-11-27T13:12:55.489065+09:00 0 0 경기74아3357 4 70 234001511 123000611 25 
2020-11-27T13:13:54.843052+09:00 0 0 경기74아3357 4 70 234001511 123000611 25 
2020-11-27T13:14:53.967313+09:00 0 0 경기74아3357 4 70 234001511 123000611 25 
2020-11-27T13:15:53.311367+09:00 0 0 경기74아3357 4 63 234001511 123000611 25 
2020-11-27T13:16:52.155507+09:00 0 0 경기74아3357 4 63 234001511 123000611 25 
2020-11-27T13:17:52.429610+09:00 0 0 경기74아3357 4 63 234001511 123000611 25 
2020-11-27T13:18:51.253732+09:00 0 0 경기74아3357 4 63 234001511 123000611 25 
2020-11-27T13:19:50.877856+09:00 0 0 경기74아3357 4 63 234001511 277103310 26 
2020-11-27T13:20:50.682006+09:00 0 0 경기74아3357 4 63 234001511 277102675 27 
2020-11-27T13:21:50.586214+09:00 0 0 경기74아3357 4 63 234001511 277102675 27 
2020-11-27T13:22:50.840337+09:00 0 0 경기74아3357 4 63 234001511 277102675 27 
2020-11-27T13:23:49.554459+09:00 0 0 경기74아3357 4 63 234001511 277103307 28 
2020-11-27T13:24:49.778547+09:00 0 0 경기74아3357 4 63 234001511 277103313 29 
2020-11-27T13:25:48.672609+09:00 0 0 경기74아3357 4 63 234001511 221000238 30 
2020-11-27T13:26:48.217117+09:00 0 0 경기74아3357 4 63 234001511 221000238 30 
2020-11-27T13:27:48.001740+09:00 0 0 경기74아3357 4 63 234001511 221000238 30 
2020-11-27T13:28:48.016405+09:00 0 0 경기74아3357 4 63 234001511 277102838 32 
2020-11-27T13:29:47.770990+09:00 0 0 경기74아3357 4 63 234001511 277102838 32 
2020-11-27T13:30:47.475458+09:00 0 0 경기74아3357 4 63 234001511 277102836 33 
2020-11-27T13:31:47.319820+09:00 0 0 경기74아3357 4 63 234001511 277102836 33 
2020-11-27T13:32:47.284347+09:00 0 0 경기74아3357 4 63 234001511 277102834 34 
2020-11-27T13:33:46.978855+09:00 0 0 경기74아3357 4 63 234001511 277102834 34 
2020-11-27T13:34:46.973224+09:00 0 0 경기74아3357 4 63 234001511 277102834 34 
2020-11-27T13:35:46.707585+09:00 0 0 경기74아3357 4 63 234001511 277102834 34 
2020-11-27T13:36:46.441882+09:00 0 0 경기74아3357 4 63 234001511 277102834 34 
2020-11-27T13:37:15.813961+09:00 0 0 경기74아3357 4 63 234001511 277102834 34 
2020-11-27T13:38:15.878411+09:00 0 0 경기74아3357 4 63 234001511 277102834 34 
2020-11-27T13:39:15.042845+09:00 0 0 경기74아3357 4 63 234001511 277102834 34 
2020-11-27T13:40:14.187002+09:00 0 0 경기74아3357 4 63 234001511 277102834 34 
2020-11-27T13:41:12.841189+09:00 0 0 경기74아3357 4 63 234001511 277102834 34 
2020-11-27T13:42:13.105406+09:00 0 0 경기74아3357 4 63 234001511 277102834 34 
2020-11-27T13:43:12.149781+09:00 0 0 경기74아3357 4 63 234001511 277102834 34 
2020-11-27T13:44:11.383975+09:00 0 0 경기74아3357 4 63 234001511 277102834 34 
2020-11-27T13:45:10.268246+09:00 0 0 경기74아3357 4 63 234001511 277102834 34 
2020-11-27T13:46:10.342504+09:00 0 0 경기74아3357 4 65 234001511 222000183 39 
2020-11-27T13:47:09.296700+09:00 0 0 경기74아3357 4 65 234001511 222000327 42 
2020-11-27T13:48:09.551036+09:00 0 0 경기74아3357 4 65 234001511 222000325 44 
2020-11-27T13:49:08.645258+09:00 0 0 경기74아3357 4 66 234001511 222000324 46 
2020-11-27T13:50:07.679611+09:00 0 0 경기74아3357 4 66 234001511 222000324 46 
2020-11-27T13:50:50.802466+09:00 0 0 경기74아3357 4 69 234001511 222000175 47 
2020-11-27T13:51:49.966681+09:00 0 0 경기74아3357 4 69 234001511 222000174 48 
2020-11-27T13:52:49.080937+09:00 0 0 경기74아3357 4 69 234001511 222000174 48 
2020-11-27T13:53:47.995151+09:00 0 0 경기74아3357 4 69 234001511 222000173 50 
2020-11-27T13:54:48.059295+09:00 0 0 경기74아3357 4 70 234001511 222000163 51 
2020-11-27T13:55:47.113578+09:00 0 0 경기74아3357 4 70 234001511 222000163 51 
2020-11-27T13:56:47.137807+09:00 0 0 경기74아3357 4 70 234001511 222000958 52 
2020-11-27T13:57:46.342364+09:00 0 0 경기74아3357 4 70 234001511 222001580 53 
2020-11-27T13:58:45.356097+09:00 0 0 경기74아3357 4 70 234001511 222001580 53 
2020-11-27T13:59:45.090378+09:00 0 0 경기74아3357 4 70 234001511 222000164 54 
2020-11-27T14:00:45.154321+09:00 0 0 경기74아3357 4 70 234001511 222001096 55 
2020-11-27T14:01:44.847265+09:00 0 0 경기74아3357 4 70 234001511 222000166 56 
2020-11-27T14:02:44.790442+09:00 0 0 경기74아3357 4 70 234001511 222000825 57 
2020-11-27T14:03:44.503886+09:00 0 0 경기74아3357 4 70 234001511 222000825 57 
2020-11-27T14:04:44.187251+09:00 0 0 경기74아3357 4 70 234001511 222000825 57 
2020-11-27T14:05:44.280670+09:00 0 0 경기74아3357 4 70 234001511 222000825 57 
2020-11-27T14:06:43.274155+09:00 0 0 경기74아3357 4 70 234001511 222000825 57 
2020-11-27T14:07:43.317764+09:00 0 0 경기74아3357 4 70 234001511 222000825 57 
2020-11-27T14:08:42.301445+09:00 0 0 경기74아3357 4 70 234001511 222000825 57 
2020-11-27T14:09:41.735447+09:00 0 0 경기74아3357 4 70 234001511 222000825 57 
2020-11-27T14:10:41.758784+09:00 0 0 경기74아3357 4 70 234001511 222000825 57 
2020-11-27T14:11:40.712682+09:00 0 0 경기74아3357 4 70 234001511 222000825 57 
2020-11-27T14:12:40.186370+09:00 0 0 경기74아3357 4 70 234001511 222000825 57 
2020-11-27T14:13:40.320298+09:00 0 0 경기74아3357 4 70 234001511 222000825 57 
2020-11-27T14:14:39.363990+09:00 0 0 경기74아3357 4 70 234001511 222000825 57 
2020-11-27T14:15:37.897941+09:00 0 0 경기74아3357 4 70 234001511 222000825 57 
2020-11-27T14:16:37.861903+09:00 0 0 경기74아3357 4 70 234001511 222000825 57 
2020-11-27T15:21:57.486150+09:00 0 0 경기74아3357 4 70 234001511 222000824 1 
2020-11-27T15:22:56.219970+09:00 0 0 경기74아3357 4 70 234001511 222000171 2 
2020-11-27T15:23:55.624006+09:00 0 0 경기74아3357 4 69 234001511 222000171 2 
2020-11-27T15:24:55.277953+09:00 0 0 경기74아3357 4 69 234001511 222000171 2 
2020-11-27T15:25:55.011874+09:00 0 0 경기74아3357 4 69 234001511 222000170 3 
2020-11-27T15:26:54.815812+09:00 0 0 경기74아3357 4 69 234001511 222000322 5 
2020-11-27T15:27:54.419940+09:00 0 0 경기74아3357 4 69 234001511 222000320 7 
2020-11-27T15:28:54.043984+09:00 0 0 경기74아3357 4 69 234001511 222000320 7 
2020-11-27T15:29:53.748039+09:00 0 0 경기74아3357 4 69 234001511 222000320 7 
2020-11-27T15:30:53.492050+09:00 0 0 경기74아3357 4 69 234001511 222000320 7 
2020-11-27T15:31:52.846137+09:00 0 0 경기74아3357 4 69 234001511 222000181 8 
2020-11-27T15:32:53.100291+09:00 0 0 경기74아3357 4 69 234001511 222000180 9 
2020-11-27T15:33:51.704480+09:00 0 0 경기74아3357 4 69 234001511 222000179 10 
2020-11-27T15:34:51.348294+09:00 0 0 경기74아3357 4 69 234001511 222000179 10 
2020-11-27T15:35:51.262435+09:00 0 0 경기74아3357 4 69 234001511 222000178 11 
2020-11-27T15:36:50.976796+09:00 0 0 경기74아3357 4 68 234001511 222000178 11 
2020-11-27T15:37:50.650686+09:00 0 0 경기74아3357 4 68 234001511 222000177 12 
2020-11-27T15:38:50.174779+09:00 0 0 경기74아3357 4 68 234001511 222000177 12 
2020-11-27T15:39:49.929009+09:00 0 0 경기74아3357 4 68 234001511 222000177 12 
2020-11-27T15:40:49.613003+09:00 0 0 경기74아3357 4 68 234001511 277102831 13 
2020-11-27T15:41:49.017130+09:00 0 0 경기74아3357 4 68 234001511 277102831 13 
2020-11-27T15:42:48.691157+09:00 0 0 경기74아3357 4 68 234001511 277102831 13 
2020-11-27T15:43:48.765460+09:00 0 0 경기74아3357 4 68 234001511 277102831 13 
2020-11-27T15:44:47.449542+09:00 0 0 경기74아3357 4 68 234001511 277102833 14 
2020-11-27T15:45:47.343682+09:00 0 0 경기74아3357 4 68 234001511 277102833 14 
2020-11-27T15:46:46.947941+09:00 0 0 경기74아3357 4 68 234001511 277102835 15 
2020-11-27T15:47:46.792081+09:00 0 0 경기74아3357 4 68 234001511 277102837 16 
2020-11-27T15:48:46.386236+09:00 0 0 경기74아3357 4 69 234001511 222000302 17 
2020-11-27T15:49:46.310425+09:00 0 0 경기74아3357 4 69 234001511 222000302 17 
2020-11-27T15:50:40.424249+09:00 0 0 경기74아3357 4 69 234001511 221000039 18 
2020-11-27T15:51:07.966086+09:00 0 0 경기74아3357 4 69 234001511 221000039 18 
2020-11-27T15:51:57.299567+09:00 0 0 경기74아3357 4 69 234001511 221000039 18 
2020-11-27T15:52:56.373664+09:00 0 0 경기74아3357 4 69 234001511 277100104 19 
2020-11-27T15:53:55.777833+09:00 0 0 경기74아3357 4 69 234001511 277100104 19 
2020-11-27T15:54:55.572039+09:00 0 0 경기74아3357 4 69 234001511 277103306 20 
2020-11-27T15:55:55.963227+09:00 0 0 경기74아3357 4 69 234001511 277103306 20 
2020-11-27T15:56:54.760359+09:00 0 0 경기74아3357 4 69 234001511 277103306 20 
2020-11-27T15:57:54.714505+09:00 0 0 경기74아3357 4 69 234001511 277103306 20 
2020-11-27T15:58:54.678617+09:00 0 0 경기74아3357 4 69 234001511 277103306 20 
2020-11-27T15:59:54.402695+09:00 0 0 경기74아3357 4 69 234001511 277102674 21 
2020-11-27T16:00:55.902845+09:00 0 0 경기74아3357 4 69 234001511 277103309 22 
2020-11-27T16:01:53.611023+09:00 0 0 경기74아3357 4 69 234001511 277103309 22 
2020-11-27T16:02:53.565303+09:00 0 0 경기74아3357 4 69 234001511 277103308 23 
2020-11-27T16:03:53.379317+09:00 0 0 경기74아3357 4 69 234001511 277103308 23 
2020-11-27T16:04:53.293505+09:00 0 0 경기74아3357 4 69 234001511 277102302 24 
2020-11-27T16:05:51.917716+09:00 0 0 경기74아3357 4 69 234001511 123000611 25 
2020-11-27T16:06:23.349811+09:00 0 0 경기74아3357 4 69 234001511 123000611 25 
2020-11-27T16:07:22.463879+09:00 0 0 경기74아3357 4 69 234001511 123000611 25 
2020-11-27T16:08:21.127941+09:00 0 0 경기74아3357 4 69 234001511 123000611 25 
2020-11-27T16:09:21.022198+09:00 0 0 경기74아3357 4 69 234001511 123000611 25 
2020-11-27T16:10:20.876230+09:00 0 0 경기74아3357 4 69 234001511 123000611 25 
2020-11-27T16:11:20.130366+09:00 0 0 경기74아3357 4 69 234001511 123000611 25 
2020-11-27T16:12:19.674551+09:00 0 0 경기74아3357 4 69 234001511 123000611 25 
2020-11-27T16:13:19.118736+09:00 0 0 경기74아3357 4 66 234001511 123000611 25 
2020-11-27T16:14:19.142771+09:00 0 0 경기74아3357 4 66 234001511 123000611 25 
2020-11-27T16:15:18.606990+09:00 0 0 경기74아3357 4 66 234001511 123000611 25 
2020-11-27T16:16:18.291164+09:00 0 0 경기74아3357 4 66 234001511 123000611 25 
2020-11-27T16:17:17.635477+09:00 0 0 경기74아3357 4 66 234001511 277103310 26 
2020-11-27T16:18:16.879983+09:00 0 0 경기74아3357 4 66 234001511 277102675 27 
2020-11-27T16:19:16.704475+09:00 0 0 경기74아3357 4 66 234001511 277102675 27 
2020-11-27T16:20:16.559045+09:00 0 0 경기74아3357 4 66 234001511 277102675 27 
2020-11-27T16:21:16.393229+09:00 0 0 경기74아3357 4 66 234001511 277102675 27 
2020-11-27T16:22:16.137861+09:00 0 0 경기74아3357 4 66 234001511 277102675 27 
2020-11-27T16:23:16.242162+09:00 0 0 경기74아3357 4 66 234001511 277103307 28 
2020-11-27T16:24:15.166613+09:00 0 0 경기74아3357 4 66 234001511 277103307 28 
2020-11-27T16:25:15.200882+09:00 0 0 경기74아3357 4 66 234001511 277103313 29 
2020-11-27T16:26:13.565146+09:00 0 0 경기74아3357 4 66 234001511 221000238 30 
2020-11-27T16:27:13.799416+09:00 0 0 경기74아3357 4 66 234001511 221000238 30 
2020-11-27T16:28:12.253642+09:00 0 0 경기74아3357 4 66 234001511 222000301 31 
2020-11-27T16:29:12.267997+09:00 0 0 경기74아3357 4 66 234001511 277102838 32 
2020-11-27T16:30:11.862836+09:00 0 0 경기74아3357 4 66 234001511 277102838 32 
2020-11-27T16:31:11.976656+09:00 0 0 경기74아3357 4 66 234001511 277102836 33 
2020-11-27T16:32:11.010748+09:00 0 0 경기74아3357 4 66 234001511 277102836 33 
2020-11-27T16:33:10.535004+09:00 0 0 경기74아3357 4 66 234001511 277102834 34 
2020-11-27T16:34:10.389370+09:00 0 0 경기74아3357 4 66 234001511 277102834 34 
2020-11-27T16:35:10.013539+09:00 0 0 경기74아3357 4 66 234001511 277102834 34 
2020-11-27T16:36:09.827917+09:00 0 0 경기74아3357 4 66 234001511 277102832 35 
2020-11-27T16:37:09.372011+09:00 0 0 경기74아3357 4 66 234001511 277102832 35 
2020-11-27T16:38:09.456410+09:00 0 0 경기74아3357 4 66 234001511 277102832 35 
2020-11-27T16:39:09.380510+09:00 0 0 경기74아3357 4 66 234001511 277102832 35 
2020-11-27T16:40:07.824623+09:00 0 0 경기74아3357 4 66 234001511 222000186 36 
2020-11-27T16:41:07.108755+09:00 0 0 경기74아3357 4 66 234001511 222000185 37 
2020-11-27T16:42:07.183014+09:00 0 0 경기74아3357 4 68 234001511 222000185 37 
2020-11-27T16:43:06.397309+09:00 0 0 경기74아3357 4 68 234001511 222000184 38 
2020-11-27T16:44:05.451423+09:00 0 0 경기74아3357 4 68 234001511 222000182 40 
2020-11-27T16:45:04.075608+09:00 0 0 경기74아3357 4 68 234001511 222000327 42 
2020-11-27T16:46:03.319710+09:00 0 0 경기74아3357 4 68 234001511 222000326 43 
2020-11-27T16:47:02.953861+09:00 0 0 경기74아3357 4 68 234001511 222000326 43 
2020-11-27T16:48:02.848049+09:00 0 0 경기74아3357 4 69 234001511 222000749 45 
2020-11-27T16:49:02.592424+09:00 0 0 경기74아3357 4 69 234001511 222000324 46 
2020-11-27T16:50:02.446587+09:00 0 0 경기74아3357 4 69 234001511 222000324 46 
2020-11-27T16:51:02.130800+09:00 0 0 경기74아3357 4 69 234001511 222000174 48 
2020-11-27T16:52:02.424267+09:00 0 0 경기74아3357 4 69 234001511 222000173 50 
2020-11-27T16:53:01.317917+09:00 0 0 경기74아3357 4 69 234001511 222000163 51 
2020-11-27T16:54:00.831344+09:00 0 0 경기74아3357 4 69 234001511 222000163 51 
2020-11-27T16:55:01.005060+09:00 0 0 경기74아3357 4 69 234001511 222000958 52 
2020-11-27T16:55:59.978655+09:00 0 0 경기74아3357 4 70 234001511 222001580 53 
2020-11-27T16:56:59.962510+09:00 0 0 경기74아3357 4 70 234001511 222001580 53 
2020-11-27T16:57:59.746377+09:00 0 0 경기74아3357 4 70 234001511 222001096 55 
2020-11-27T16:58:59.850193+09:00 0 0 경기74아3357 4 70 234001511 222000166 56 
2020-11-27T16:59:58.534011+09:00 0 0 경기74아3357 4 70 234001511 222000166 56 
2020-11-27T17:00:58.477856+09:00 0 0 경기74아3357 4 70 234001511 222000825 57 
2020-11-27T17:01:58.421796+09:00 0 0 경기74아3357 4 70 234001511 222000825 57 
2020-11-27T17:02:58.575763+09:00 0 0 경기74아3357 4 70 234001511 222000825 57 
2020-11-27T17:03:57.319609+09:00 0 0 경기74아3357 4 70 234001511 222000825 57 
2020-11-27T17:04:57.003596+09:00 0 0 경기74아3357 4 70 234001511 222000825 57 
2020-11-27T17:05:56.917537+09:00 0 0 경기74아3357 4 70 234001511 222000825 57 
2020-11-27T17:06:56.681408+09:00 0 0 경기74아3357 4 70 234001511 222000825 57 
2020-11-27T17:07:56.655447+09:00 0 0 경기74아3357 4 70 234001511 222000825 57 
2020-11-27T17:08:56.819454+09:00 0 0 경기74아3357 4 70 234001511 222000825 57 
2020-11-27T17:09:55.513477+09:00 0 0 경기74아3357 4 70 234001511 222000825 57 
2020-11-27T17:10:55.317516+09:00 0 0 경기74아3357 4 70 234001511 222000825 57 
2020-11-27T17:11:54.951563+09:00 0 0 경기74아3357 4 70 234001511 222000825 57 
2020-11-27T17:12:54.905562+09:00 0 0 경기74아3357 4 70 234001511 222000825 57 
2020-11-27T17:13:54.459706+09:00 0 0 경기74아3357 4 70 234001511 222000825 57 
2020-11-27T17:14:53.883539+09:00 0 0 경기74아3357 4 70 234001511 222000825 57 
2020-11-27T18:10:36.709940+09:00 0 0 경기74아3357 4 70 234001511 222000824 1 
2020-11-27T18:11:36.193902+09:00 0 0 경기74아3357 4 70 234001511 222000824 1 
2020-11-27T18:12:35.878508+09:00 0 0 경기74아3357 4 70 234001511 222000171 2 
2020-11-27T18:13:35.432032+09:00 0 0 경기74아3357 4 67 234001511 222000170 3 
2020-11-27T18:14:35.106196+09:00 0 0 경기74아3357 4 67 234001511 222000170 3 
2020-11-27T18:15:34.840260+09:00 0 0 경기74아3357 4 67 234001511 222000322 5 
2020-11-27T18:16:34.174390+09:00 0 0 경기74아3357 4 66 234001511 222000320 7 
2020-11-27T18:17:34.048438+09:00 0 0 경기74아3357 4 66 234001511 222000320 7 
2020-11-27T18:18:33.792691+09:00 0 0 경기74아3357 4 66 234001511 222000320 7 
2020-11-27T18:19:33.586685+09:00 0 0 경기74아3357 4 66 234001511 222000320 7 
2020-11-27T18:20:33.250880+09:00 0 0 경기74아3357 4 66 234001511 222000181 8 
2020-11-27T18:21:32.884880+09:00 0 0 경기74아3357 4 65 234001511 222000180 9 
2020-11-27T18:22:32.929214+09:00 0 0 경기74아3357 4 65 234001511 222000179 10 
2020-11-27T18:23:32.543149+09:00 0 0 경기74아3357 4 65 234001511 222000179 10 
2020-11-27T18:24:32.247270+09:00 0 0 경기74아3357 4 65 234001511 222000178 11 
2020-11-27T18:25:32.231423+09:00 0 0 경기74아3357 4 65 234001511 222000177 12 
2020-11-27T18:26:32.035562+09:00 0 0 경기74아3357 4 65 234001511 222000177 12 
2020-11-27T18:27:32.279828+09:00 0 0 경기74아3357 4 65 234001511 277102831 13 
2020-11-27T18:28:31.453855+09:00 0 0 경기74아3357 4 65 234001511 277102831 13 
2020-11-27T18:29:30.647939+09:00 0 0 경기74아3357 4 65 234001511 277102831 13 
2020-11-27T18:29:30.647997+09:00 0 0 경기74아3380 4 72 234001511 222000824 1 
2020-11-27T18:30:29.531923+09:00 0 0 경기74아3357 4 65 234001511 277102831 13 
2020-11-27T18:30:29.531989+09:00 0 0 경기74아3380 4 72 234001511 222000824 1 
2020-11-27T18:31:29.976255+09:00 0 0 경기74아3380 4 72 234001511 222000824 1 
2020-11-27T18:31:29.976316+09:00 0 0 경기74아3357 4 65 234001511 277102833 14 
2020-11-27T18:32:29.020226+09:00 0 0 경기74아3357 4 65 234001511 277102833 14 
2020-11-27T18:32:29.020288+09:00 0 0 경기74아3380 4 72 234001511 222000171 2 
2020-11-27T18:33:28.894388+09:00 0 0 경기74아3357 4 65 234001511 277102835 15 
2020-11-27T18:33:28.894450+09:00 0 0 경기74아3380 4 70 234001511 222000170 3 
2020-11-27T18:34:28.608587+09:00 0 0 경기74아3357 4 65 234001511 277102837 16 
2020-11-27T18:34:28.608649+09:00 0 0 경기74아3380 4 70 234001511 222000170 3 
2020-11-27T18:35:28.672901+09:00 0 0 경기74아3380 4 70 234001511 222000323 4 
2020-11-27T18:35:28.672958+09:00 0 0 경기74아3357 4 65 234001511 277102837 16 
2020-11-27T18:36:27.417194+09:00 0 0 경기74아3380 4 70 234001511 222000323 4 
2020-11-27T18:36:27.417256+09:00 0 0 경기74아3357 4 65 234001511 222000302 17 
2020-11-27T18:37:27.271318+09:00 0 0 경기74아3357 4 65 234001511 222000302 17 
2020-11-27T18:37:27.271379+09:00 0 0 경기74아3380 4 70 234001511 222000322 5 
2020-11-27T18:38:26.835586+09:00 0 0 경기74아3357 4 65 234001511 221000039 18 
2020-11-27T18:38:26.835648+09:00 0 0 경기74아3380 4 70 234001511 222000320 7 
2020-11-27T18:39:26.399724+09:00 0 0 경기74아3380 4 70 234001511 222000320 7 
2020-11-27T18:39:26.399785+09:00 0 0 경기74아3357 4 65 234001511 221000039 18 
2020-11-27T18:40:26.444015+09:00 0 0 경기74아3380 4 70 234001511 222000320 7 
2020-11-27T18:40:26.444078+09:00 0 0 경기74아3357 4 65 234001511 277100104 19 
2020-11-27T18:41:25.088156+09:00 0 0 경기74아3380 4 70 234001511 222000320 7 
2020-11-27T18:41:25.088218+09:00 0 0 경기74아3357 4 65 234001511 277100104 19 
2020-11-27T18:42:24.882240+09:00 0 0 경기74아3357 4 65 234001511 277103306 20 
2020-11-27T18:42:24.882303+09:00 0 0 경기74아3380 4 70 234001511 222000181 8 
2020-11-27T18:43:24.676428+09:00 0 0 경기74아3380 4 70 234001511 222000180 9 
2020-11-27T18:43:24.676492+09:00 0 0 경기74아3357 4 65 234001511 277103306 20 
2020-11-27T18:44:24.610568+09:00 0 0 경기74아3357 4 65 234001511 277103306 20 
2020-11-27T18:44:24.610622+09:00 0 0 경기74아3380 4 70 234001511 222000179 10 
2020-11-27T18:45:24.314877+09:00 0 0 경기74아3357 4 65 234001511 277103306 20 
2020-11-27T18:45:24.314940+09:00 0 0 경기74아3380 4 70 234001511 222000179 10 
2020-11-27T18:46:23.599040+09:00 0 0 경기74아3357 4 65 234001511 277103306 20 
2020-11-27T18:46:23.599103+09:00 0 0 경기74아3380 4 70 234001511 222000178 11 
2020-11-27T18:47:23.533172+09:00 0 0 경기74아3357 4 65 234001511 277103306 20 
2020-11-27T18:47:23.533233+09:00 0 0 경기74아3380 4 70 234001511 222000177 12 
2020-11-27T18:48:23.427245+09:00 0 0 경기74아3357 4 65 234001511 277103306 20 
2020-11-27T18:48:23.427304+09:00 0 0 경기74아3380 4 70 234001511 222000177 12 
2020-11-27T18:49:23.281423+09:00 0 0 경기74아3380 4 70 234001511 222000177 12 
2020-11-27T18:49:23.281497+09:00 0 0 경기74아3357 4 65 234001511 277102674 21 
2020-11-27T18:50:23.175663+09:00 0 0 경기74아3380 4 70 234001511 277102831 13 
2020-11-27T18:50:23.175723+09:00 0 0 경기74아3357 4 65 234001511 277103309 22 
2020-11-27T18:51:22.949808+09:00 0 0 경기74아3380 4 70 234001511 277102831 13 
2020-11-27T18:51:22.949870+09:00 0 0 경기74아3357 4 65 234001511 277103309 22 
2020-11-27T18:52:22.713916+09:00 0 0 경기74아3380 4 70 234001511 277102831 13 
2020-11-27T18:52:22.713970+09:00 0 0 경기74아3357 4 65 234001511 277103308 23 
2020-11-27T18:53:22.398172+09:00 0 0 경기74아3380 4 70 234001511 277102831 13 
2020-11-27T18:53:22.398234+09:00 0 0 경기74아3357 4 65 234001511 277103308 23 
2020-11-27T18:54:22.232141+09:00 0 0 경기74아3380 4 70 234001511 277102833 14 
2020-11-27T18:54:22.232184+09:00 0 0 경기74아3357 4 65 234001511 277102302 24 
2020-11-27T18:55:21.696427+09:00 0 0 경기74아3357 4 65 234001511 277102302 24 
2020-11-27T18:55:21.696489+09:00 0 0 경기74아3380 4 70 234001511 277102835 15 
2020-11-27T18:56:21.440664+09:00 0 0 경기74아3357 4 65 234001511 277102302 24 
2020-11-27T18:56:21.440734+09:00 0 0 경기74아3380 4 70 234001511 277102835 15 
2020-11-27T18:57:21.294886+09:00 0 0 경기74아3357 4 65 234001511 277102302 24 
2020-11-27T18:57:21.294946+09:00 0 0 경기74아3380 4 70 234001511 277102837 16 
2020-11-27T18:58:21.039090+09:00 0 0 경기74아3357 4 65 234001511 123000611 25 
2020-11-27T18:58:21.039150+09:00 0 0 경기74아3380 4 70 234001511 222000302 17 
2020-11-27T18:59:20.953123+09:00 0 0 경기74아3357 4 65 234001511 123000611 25 
2020-11-27T18:59:20.953194+09:00 0 0 경기74아3380 4 70 234001511 222000302 17 
2020-11-27T19:00:20.577251+09:00 0 0 경기74아3357 4 65 234001511 123000611 25 
2020-11-27T19:00:20.577313+09:00 0 0 경기74아3380 4 70 234001511 222000302 17 
2020-11-27T19:01:20.131251+09:00 0 0 경기74아3357 4 65 234001511 123000611 25 
2020-11-27T19:01:20.131316+09:00 0 0 경기74아3380 4 70 234001511 221000039 18 
2020-11-27T19:02:19.965433+09:00 0 0 경기74아3357 4 65 234001511 123000611 25 
2020-11-27T19:02:19.965495+09:00 0 0 경기74아3380 4 70 234001511 277100104 19 
2020-11-27T19:03:19.759710+09:00 0 0 경기74아3357 4 65 234001511 123000611 25 
2020-11-27T19:03:19.759775+09:00 0 0 경기74아3380 4 70 234001511 277103306 20 
2020-11-27T19:04:19.814281+09:00 0 0 경기74아3357 4 65 234001511 123000611 25 
2020-11-27T19:04:19.814345+09:00 0 0 경기74아3380 4 70 234001511 277103306 20 
2020-11-27T19:05:18.537932+09:00 0 0 경기74아3357 4 65 234001511 123000611 25 
2020-11-27T19:05:18.537994+09:00 0 0 경기74아3380 4 70 234001511 277103306 20 
2020-11-27T19:06:18.022041+09:00 0 0 경기74아3380 4 70 234001511 277103306 20 
2020-11-27T19:06:18.022104+09:00 0 0 경기74아3357 4 38 234001511 123000611 25 
2020-11-27T19:07:17.576225+09:00 0 0 경기74아3357 4 38 234001511 123000611 25 
2020-11-27T19:07:17.576288+09:00 0 0 경기74아3380 4 70 234001511 277103306 20 
2020-11-27T19:08:17.780266+09:00 0 0 경기74아3357 4 38 234001511 123000611 25 
2020-11-27T19:08:17.780328+09:00 0 0 경기74아3380 4 70 234001511 277103309 22 
2020-11-27T19:09:16.594232+09:00 0 0 경기74아3357 4 38 234001511 123000611 25 
2020-11-27T19:09:16.594294+09:00 0 0 경기74아3380 4 70 234001511 277103309 22 
2020-11-27T19:10:16.588319+09:00 0 0 경기74아3357 4 38 234001511 123000611 25 
2020-11-27T19:10:16.588375+09:00 0 0 경기74아3380 4 70 234001511 277103308 23 
2020-11-27T19:11:16.422360+09:00 0 0 경기74아3357 4 38 234001511 123000611 25 
2020-11-27T19:11:16.422421+09:00 0 0 경기74아3380 4 70 234001511 277103308 23 
2020-11-27T19:12:16.466366+09:00 0 0 경기74아3380 4 70 234001511 277102302 24 
2020-11-27T19:12:16.466423+09:00 0 0 경기74아3357 4 38 234001511 123000611 25 
2020-11-27T19:13:15.290525+09:00 0 0 경기74아3357 4 38 234001511 123000611 25 
2020-11-27T19:13:15.290586+09:00 0 0 경기74아3380 4 70 234001511 277102302 24 
2020-11-27T19:14:15.034549+09:00 0 0 경기74아3357 4 38 234001511 123000611 25 
2020-11-27T19:14:15.034610+09:00 0 0 경기74아3380 4 70 234001511 277102302 24 
2020-11-27T19:15:14.858544+09:00 0 0 경기74아3357 4 38 234001511 123000611 25 
2020-11-27T19:15:14.858604+09:00 0 0 경기74아3380 4 70 234001511 277102302 24 
2020-11-27T19:16:14.492645+09:00 0 0 경기74아3357 4 38 234001511 123000611 25 
2020-11-27T19:16:14.492704+09:00 0 0 경기74아3380 4 71 234001511 123000611 25 
2020-11-27T19:17:13.866782+09:00 0 0 경기74아3357 4 38 234001511 123000611 25 
2020-11-27T19:17:13.866844+09:00 0 0 경기74아3380 4 71 234001511 123000611 25 
2020-11-27T19:18:13.980831+09:00 0 0 경기74아3380 4 71 234001511 123000611 25 
2020-11-27T19:18:13.980890+09:00 0 0 경기74아3357 4 38 234001511 277103310 26 
2020-11-27T19:19:13.135107+09:00 0 0 경기74아3380 4 71 234001511 123000611 25 
2020-11-27T19:19:13.135167+09:00 0 0 경기74아3357 4 38 234001511 277103310 26 
2020-11-27T19:20:11.848882+09:00 0 0 경기74아3380 4 71 234001511 123000611 25 
2020-11-27T19:20:11.848941+09:00 0 0 경기74아3357 4 38 234001511 277103310 26 
2020-11-27T19:21:11.893139+09:00 0 0 경기74아3380 4 71 234001511 123000611 25 
2020-11-27T19:21:11.893199+09:00 0 0 경기74아3357 4 38 234001511 277103310 26 
2020-11-27T19:22:11.847303+09:00 0 0 경기74아3380 4 71 234001511 123000611 25 
2020-11-27T19:22:11.847365+09:00 0 0 경기74아3357 4 38 234001511 277102675 27 
2020-11-27T19:23:11.511393+09:00 0 0 경기74아3380 4 71 234001511 123000611 25 
2020-11-27T19:23:11.511454+09:00 0 0 경기74아3357 4 38 234001511 277102675 27 
2020-11-27T19:24:11.055359+09:00 0 0 경기74아3380 4 71 234001511 123000611 25 
2020-11-27T19:24:11.055421+09:00 0 0 경기74아3357 4 38 234001511 277102675 27 
2020-11-27T19:25:16.439809+09:00 0 0 경기74아3357 4 38 234001511 277102675 27 
2020-11-27T19:25:16.439869+09:00 0 0 경기74아3380 4 53 234001511 123000611 25 
2020-11-27T19:26:09.913578+09:00 0 0 경기74아3357 4 38 234001511 277102675 27 
2020-11-27T19:26:09.913647+09:00 0 0 경기74아3380 4 53 234001511 123000611 25 
2020-11-27T19:27:10.027747+09:00 0 0 경기74아3357 4 38 234001511 277102675 27 
2020-11-27T19:27:10.027810+09:00 0 0 경기74아3380 4 53 234001511 123000611 25 
2020-11-27T19:28:09.501712+09:00 0 0 경기74아3380 4 53 234001511 123000611 25 
2020-11-27T19:28:09.501773+09:00 0 0 경기74아3357 4 38 234001511 277103307 28 
2020-11-27T19:29:09.215894+09:00 0 0 경기74아3380 4 53 234001511 123000611 25 
2020-11-27T19:29:09.215956+09:00 0 0 경기74아3357 4 38 234001511 277103313 29 
2020-11-27T19:30:09.270061+09:00 0 0 경기74아3380 4 53 234001511 123000611 25 
2020-11-27T19:30:09.270124+09:00 0 0 경기74아3357 4 38 234001511 221000238 30 
2020-11-27T19:31:09.054138+09:00 0 0 경기74아3380 4 53 234001511 123000611 25 
2020-11-27T19:31:09.054199+09:00 0 0 경기74아3357 4 38 234001511 221000238 30 
2020-11-27T19:32:08.938242+09:00 0 0 경기74아3380 4 53 234001511 123000611 25 
2020-11-27T19:32:08.938306+09:00 0 0 경기74아3357 4 38 234001511 221000238 30 
2020-11-27T19:33:08.572377+09:00 0 0 경기74아3357 4 38 234001511 277102838 32 
2020-11-27T19:33:08.572439+09:00 0 0 경기74아3380 4 53 234001511 123000611 25 
2020-11-27T19:34:08.446504+09:00 0 0 경기74아3357 4 38 234001511 277102838 32 
2020-11-27T19:34:08.446566+09:00 0 0 경기74아3380 4 53 234001511 123000611 25 
2020-11-27T19:35:08.290662+09:00 0 0 경기74아3380 4 53 234001511 123000611 25 
2020-11-27T19:35:08.290726+09:00 0 0 경기74아3357 4 38 234001511 277102836 33 
2020-11-27T19:36:07.904697+09:00 0 0 경기74아3380 4 53 234001511 123000611 25 
2020-11-27T19:36:07.904761+09:00 0 0 경기74아3357 4 38 234001511 277102836 33 
2020-11-27T19:37:07.809003+09:00 0 0 경기74아3380 4 53 234001511 123000611 25 
2020-11-27T19:37:07.809111+09:00 0 0 경기74아3357 4 38 234001511 277102834 34 
2020-11-27T19:38:07.163045+09:00 0 0 경기74아3380 4 53 234001511 123000611 25 
2020-11-27T19:38:07.163106+09:00 0 0 경기74아3357 4 38 234001511 277102834 34 
2020-11-27T19:39:06.898402+09:00 0 0 경기74아3380 4 53 234001511 123000611 25 
2020-11-27T19:39:06.898465+09:00 0 0 경기74아3357 4 38 234001511 277102834 34 
2020-11-27T19:40:06.841309+09:00 0 0 경기74아3357 4 38 234001511 277102834 34 
2020-11-27T19:40:06.841370+09:00 0 0 경기74아3380 4 53 234001511 123000611 25 
2020-11-27T19:41:06.425469+09:00 0 0 경기74아3380 4 53 234001511 123000611 25 
2020-11-27T19:41:06.425532+09:00 0 0 경기74아3357 4 38 234001511 277102832 35 
2020-11-27T19:42:05.899425+09:00 0 0 경기74아3380 4 53 234001511 123000611 25 
2020-11-27T19:42:05.899486+09:00 0 0 경기74아3357 4 38 234001511 277102832 35 
2020-11-27T19:43:05.393391+09:00 0 0 경기74아3380 4 53 234001511 123000611 25 
2020-11-27T19:43:05.393456+09:00 0 0 경기74아3357 4 45 234001511 222000186 36 
2020-11-27T19:44:05.287407+09:00 0 0 경기74아3357 4 46 234001511 222000186 36 
2020-11-27T19:44:05.287468+09:00 0 0 경기74아3380 4 53 234001511 123000611 25 
2020-11-27T19:45:05.281485+09:00 0 0 경기74아3380 4 53 234001511 123000611 25 
2020-11-27T19:45:05.281559+09:00 0 0 경기74아3357 4 57 234001511 222000185 37 
2020-11-27T19:46:05.025394+09:00 0 0 경기74아3357 4 58 234001511 222000184 38 
2020-11-27T19:46:05.025458+09:00 0 0 경기74아3380 4 53 234001511 277103310 26 
2020-11-27T19:47:05.089363+09:00 0 0 경기74아3380 4 53 234001511 277103310 26 
2020-11-27T19:47:05.089426+09:00 0 0 경기74아3357 4 60 234001511 222000184 38 
2020-11-27T19:48:03.933415+09:00 0 0 경기74아3357 4 60 234001511 222000328 41 
2020-11-27T19:48:03.933477+09:00 0 0 경기74아3380 4 53 234001511 277103310 26 
2020-11-27T19:49:03.527368+09:00 0 0 경기74아3357 4 60 234001511 222000326 43 
2020-11-27T19:49:03.527432+09:00 0 0 경기74아3380 4 53 234001511 277103310 26 
2020-11-27T19:50:03.451455+09:00 0 0 경기74아3357 4 60 234001511 222000326 43 
2020-11-27T19:50:03.451516+09:00 0 0 경기74아3380 4 53 234001511 277103310 26 
2020-11-27T19:51:03.385653+09:00 0 0 경기74아3380 4 53 234001511 277102675 27 
2020-11-27T19:51:03.385715+09:00 0 0 경기74아3357 4 61 234001511 222000749 45 
2020-11-27T19:52:02.929645+09:00 0 0 경기74아3380 4 53 234001511 277102675 27 
2020-11-27T19:52:02.929707+09:00 0 0 경기74아3357 4 61 234001511 222000324 46 
2020-11-27T19:53:02.763623+09:00 0 0 경기74아3380 4 53 234001511 277102675 27 
2020-11-27T19:53:02.763695+09:00 0 0 경기74아3357 4 62 234001511 222000175 47 
2020-11-27T19:54:02.037704+09:00 0 0 경기74아3380 4 53 234001511 277102675 27 
2020-11-27T19:54:02.037769+09:00 0 0 경기74아3357 4 64 234001511 222001419 49 
2020-11-27T19:55:01.541835+09:00 0 0 경기74아3380 4 53 234001511 277102675 27 
2020-11-27T19:55:01.541902+09:00 0 0 경기74아3357 4 68 234001511 222000173 50 
2020-11-27T19:56:01.635841+09:00 0 0 경기74아3357 4 68 234001511 222000163 51 
2020-11-27T19:56:01.635904+09:00 0 0 경기74아3380 4 53 234001511 277103307 28 
2020-11-27T19:57:00.739785+09:00 0 0 경기74아3380 4 53 234001511 277103307 28 
2020-11-27T19:57:00.739845+09:00 0 0 경기74아3357 4 69 234001511 222000958 52 
2020-11-27T19:57:59.533845+09:00 0 0 경기74아3380 4 53 234001511 277103313 29 
2020-11-27T19:57:59.533906+09:00 0 0 경기74아3357 4 69 234001511 222001580 53 
2020-11-27T19:58:59.387967+09:00 0 0 경기74아3380 4 53 234001511 221000238 30 
2020-11-27T19:58:59.388028+09:00 0 0 경기74아3357 4 69 234001511 222001580 53 
2020-11-27T19:59:59.051995+09:00 0 0 경기74아3380 4 53 234001511 221000238 30 
2020-11-27T19:59:59.052058+09:00 0 0 경기74아3357 4 69 234001511 222000164 54 
2020-11-27T20:00:58.696135+09:00 0 0 경기74아3380 4 53 234001511 222000301 31 
2020-11-27T20:00:58.696194+09:00 0 0 경기74아3357 4 70 234001511 222001096 55 
2020-11-27T20:01:58.420194+09:00 0 0 경기74아3380 4 53 234001511 277102838 32 
2020-11-27T20:01:58.420257+09:00 0 0 경기74아3357 4 70 234001511 222000166 56 
2020-11-27T20:02:58.264280+09:00 0 0 경기74아3380 4 53 234001511 277102836 33 
2020-11-27T20:03:58.228536+09:00 0 0 경기74아3380 4 53 234001511 277102836 33 
2020-11-27T20:04:58.162407+09:00 0 0 경기74아3380 4 53 234001511 277102834 34 
2020-11-27T20:05:58.296727+09:00 0 0 경기74아3380 4 53 234001511 277102834 34 
2020-11-27T20:06:57.540720+09:00 0 0 경기74아3380 4 53 234001511 277102834 34 
2020-11-27T20:07:55.814815+09:00 0 0 경기74아3380 4 53 234001511 277102834 34 
2020-11-27T20:08:55.788879+09:00 0 0 경기74아3380 4 53 234001511 277102832 35 
2020-11-27T20:09:55.882855+09:00 0 0 경기74아3380 4 53 234001511 277102832 35 
2020-11-27T20:10:54.576999+09:00 0 0 경기74아3380 4 53 234001511 277102832 35 
2020-11-27T20:11:54.571177+09:00 0 0 경기74아3380 4 53 234001511 277102832 35 
2020-11-27T20:12:54.125202+09:00 0 0 경기74아3380 4 53 234001511 222000186 36 
2020-11-27T20:13:53.899325+09:00 0 0 경기74아3380 4 53 234001511 222000186 36 
2020-11-27T20:14:53.613481+09:00 0 0 경기74아3380 4 54 234001511 222000185 37 
2020-11-27T20:15:53.397539+09:00 0 0 경기74아3380 4 56 234001511 222000185 37 
2020-11-27T20:16:53.351833+09:00 0 0 경기74아3380 4 58 234001511 222000185 37 
2020-11-27T20:17:52.865967+09:00 0 0 경기74아3380 4 58 234001511 222000184 38 
2020-11-27T20:18:52.600322+09:00 0 0 경기74아3380 4 59 234001511 222000183 39 
2020-11-27T20:19:52.334540+09:00 0 0 경기74아3380 4 59 234001511 222000182 40 
2020-11-27T20:20:51.438811+09:00 0 0 경기74아3380 4 59 234001511 222000327 42 
2020-11-27T20:21:51.003073+09:00 0 0 경기74아3380 4 59 234001511 222000326 43 
2020-11-27T20:22:51.737247+09:00 0 0 경기74아3380 4 59 234001511 222000326 43 
2020-11-27T20:23:52.451543+09:00 0 0 경기74아3380 4 59 234001511 222000749 45 
2020-11-27T20:24:50.335683+09:00 0 0 경기74아3380 4 59 234001511 222000175 47 
2020-11-27T20:25:49.684499+09:00 0 0 경기74아3380 4 60 234001511 222000175 47 
2020-11-27T20:26:49.683992+09:00 0 0 경기74아3380 4 64 234001511 222001419 49 
2020-11-27T20:27:49.238374+09:00 0 0 경기74아3380 4 66 234001511 222001419 49 
2020-11-27T20:28:48.692346+09:00 0 0 경기74아3380 4 66 234001511 222000173 50 
2020-11-27T20:29:47.886512+09:00 0 0 경기74아3380 4 66 234001511 222000173 50 
2020-11-27T20:30:47.830756+09:00 0 0 경기74아3380 4 66 234001511 222000163 51 
2020-11-27T20:31:47.694902+09:00 0 0 경기74아3380 4 68 234001511 222000958 52 
2020-11-27T20:32:47.556957+09:00 0 0 경기74아3380 4 68 234001511 222001580 53 
2020-11-27T20:33:47.293085+09:00 0 0 경기74아3380 4 68 234001511 222001580 53 
2020-11-27T20:34:47.177381+09:00 0 0 경기74아3380 4 71 234001511 222000164 54 
2020-11-27T20:35:46.931506+09:00 0 0 경기74아3380 4 71 234001511 222001096 55 
2020-11-27T20:36:46.775648+09:00 0 0 경기74아3380 4 72 234001511 222000166 56 
2020-11-27T21:11:35.518833+09:00 0 0 경기74아3357 4 70 234001511 222000824 1 
2020-11-27T21:12:35.313308+09:00 0 0 경기74아3357 4 70 234001511 222000171 2 
2020-11-27T21:13:34.946358+09:00 0 0 경기74아3357 4 70 234001511 222000170 3 
2020-11-27T21:14:34.780491+09:00 0 0 경기74아3357 4 70 234001511 222000323 4 
2020-11-27T21:15:34.674508+09:00 0 0 경기74아3357 4 70 234001511 222000321 6 
2020-11-27T21:16:34.688674+09:00 0 0 경기74아3357 4 70 234001511 222000181 8 
2020-11-27T21:17:34.922820+09:00 0 0 경기74아3357 4 70 234001511 222000180 9 
2020-11-27T21:18:33.176920+09:00 0 0 경기74아3357 4 70 234001511 222000179 10 
2020-11-27T21:19:33.040970+09:00 0 0 경기74아3357 4 69 234001511 222000179 10 
2020-11-27T21:20:32.895004+09:00 0 0 경기74아3357 4 69 234001511 222000178 11 
2020-11-27T21:21:32.779138+09:00 0 0 경기74아3357 4 69 234001511 222000178 11 
2020-11-27T21:22:32.823245+09:00 0 0 경기74아3357 4 69 234001511 222000177 12 
2020-11-27T21:23:32.677398+09:00 0 0 경기74아3357 4 69 234001511 222000177 12 
2020-11-27T21:24:32.001185+09:00 0 0 경기74아3357 4 69 234001511 222000177 12 
2020-11-27T21:25:31.934558+09:00 0 0 경기74아3357 4 69 234001511 277102831 13 
2020-11-27T21:26:31.917968+09:00 0 0 경기74아3357 4 69 234001511 277102831 13 
2020-11-27T21:27:31.681489+09:00 0 0 경기74아3357 4 69 234001511 277102831 13 
2020-11-27T21:28:31.454971+09:00 0 0 경기74아3357 4 69 234001511 277102831 13 
2020-11-27T21:29:31.558696+09:00 0 0 경기74아3357 4 69 234001511 277102833 14 
2020-11-27T21:30:30.722581+09:00 0 0 경기74아3380 4 72 234001511 222000824 1 
2020-11-27T21:30:30.722617+09:00 0 0 경기74아3357 4 69 234001511 277102835 15 
2020-11-27T21:31:29.946002+09:00 0 0 경기74아3380 4 72 234001511 222000824 1 
2020-11-27T21:31:29.946039+09:00 0 0 경기74아3357 4 69 234001511 277102835 15 
2020-11-27T21:32:29.269616+09:00 0 0 경기74아3357 4 69 234001511 277102837 16 
2020-11-27T21:32:29.269657+09:00 0 0 경기74아3380 4 72 234001511 222000171 2 
2020-11-27T21:33:28.373346+09:00 0 0 경기74아3357 4 70 234001511 222000302 17 
2020-11-27T21:33:28.373382+09:00 0 0 경기74아3380 4 72 234001511 222000170 3 
2020-11-27T21:34:27.217164+09:00 0 0 경기74아3380 4 72 234001511 222000323 4 
2020-11-27T21:34:27.217199+09:00 0 0 경기74아3357 4 70 234001511 222000302 17 
2020-11-27T21:35:26.910877+09:00 0 0 경기74아3380 4 72 234001511 222000323 4 
2020-11-27T21:35:26.910915+09:00 0 0 경기74아3357 4 70 234001511 277100104 19 
2020-11-27T21:36:26.824681+09:00 0 0 경기74아3357 4 70 234001511 277100104 19 
2020-11-27T21:36:26.824725+09:00 0 0 경기74아3380 4 72 234001511 222000322 5 
2020-11-27T21:37:27.078546+09:00 0 0 경기74아3357 4 70 234001511 277103306 20 
2020-11-27T21:37:27.078586+09:00 0 0 경기74아3380 4 72 234001511 222000320 7 
2020-11-27T21:38:26.222373+09:00 0 0 경기74아3357 4 70 234001511 277103306 20 
2020-11-27T21:38:26.222409+09:00 0 0 경기74아3380 4 72 234001511 222000181 8 
2020-11-27T21:39:24.966193+09:00 0 0 경기74아3380 4 72 234001511 222000180 9 
2020-11-27T21:39:24.966229+09:00 0 0 경기74아3357 4 70 234001511 277103306 20 
2020-11-27T21:40:25.039993+09:00 0 0 경기74아3357 4 70 234001511 277102674 21 
2020-11-27T21:40:25.040030+09:00 0 0 경기74아3380 4 72 234001511 222000179 10 
2020-11-27T21:41:23.926136+09:00 0 0 경기74아3380 4 72 234001511 222000179 10 
2020-11-27T21:41:23.926171+09:00 0 0 경기74아3357 4 70 234001511 277103309 22 
2020-11-27T21:42:23.627844+09:00 0 0 경기74아3357 4 70 234001511 277103308 23 
2020-11-27T21:42:23.627880+09:00 0 0 경기74아3380 4 72 234001511 222000178 11 
2020-11-27T21:43:23.431707+09:00 0 0 경기74아3380 4 72 234001511 222000178 11 
2020-11-27T21:43:23.431743+09:00 0 0 경기74아3357 4 70 234001511 277102302 24 
2020-11-27T21:44:23.495638+09:00 0 0 경기74아3357 4 70 234001511 277102302 24 
2020-11-27T21:44:23.495673+09:00 0 0 경기74아3380 4 72 234001511 222000177 12 
2020-11-27T21:45:22.919503+09:00 0 0 경기74아3357 4 70 234001511 277102302 24 
2020-11-27T21:45:22.919546+09:00 0 0 경기74아3380 4 72 234001511 222000177 12 
2020-11-27T21:46:22.303396+09:00 0 0 경기74아3380 4 72 234001511 222000177 12 
2020-11-27T21:46:22.303432+09:00 0 0 경기74아3357 4 70 234001511 123000611 25 
2020-11-27T21:47:22.177435+09:00 0 0 경기74아3357 4 70 234001511 123000611 25 
2020-11-27T21:47:22.177472+09:00 0 0 경기74아3380 4 72 234001511 277102831 13 
2020-11-27T21:48:21.421302+09:00 0 0 경기74아3357 4 70 234001511 123000611 25 
2020-11-27T21:48:21.421337+09:00 0 0 경기74아3380 4 72 234001511 277102831 13 
2020-11-27T21:49:21.125176+09:00 0 0 경기74아3357 4 70 234001511 123000611 25 
2020-11-27T21:49:21.125211+09:00 0 0 경기74아3380 4 72 234001511 277102831 13 
2020-11-27T21:50:20.918938+09:00 0 0 경기74아3357 4 70 234001511 123000611 25 
2020-11-27T21:50:20.918967+09:00 0 0 경기74아3380 4 72 234001511 277102831 13 
2020-11-27T21:51:20.243049+09:00 0 0 경기74아3357 4 70 234001511 123000611 25 
2020-11-27T21:51:20.243083+09:00 0 0 경기74아3380 4 72 234001511 277102833 14 
2020-11-27T21:52:20.067049+09:00 0 0 경기74아3357 4 70 234001511 123000611 25 
2020-11-27T21:52:20.067085+09:00 0 0 경기74아3380 4 72 234001511 277102833 14 
2020-11-27T21:53:20.241172+09:00 0 0 경기74아3357 4 70 234001511 123000611 25 
2020-11-27T21:53:20.241208+09:00 0 0 경기74아3380 4 72 234001511 277102835 15 
2020-11-27T21:54:19.204857+09:00 0 0 경기74아3357 4 70 234001511 123000611 25 
2020-11-27T21:54:19.204890+09:00 0 0 경기74아3380 4 72 234001511 277102835 15 
2020-11-27T21:55:19.168874+09:00 0 0 경기74아3357 4 60 234001511 123000611 25 
2020-11-27T21:55:19.168912+09:00 0 0 경기74아3380 4 72 234001511 222000302 17 
2020-11-27T21:56:18.843062+09:00 0 0 경기74아3380 4 72 234001511 222000302 17 
2020-11-27T21:56:18.843098+09:00 0 0 경기74아3357 4 60 234001511 123000611 25 
2020-11-27T21:57:18.626896+09:00 0 0 경기74아3357 4 60 234001511 123000611 25 
2020-11-27T21:57:18.626931+09:00 0 0 경기74아3380 4 72 234001511 221000039 18 
2020-11-27T21:58:18.420703+09:00 0 0 경기74아3380 4 72 234001511 277100104 19 
2020-11-27T21:58:18.420733+09:00 0 0 경기74아3357 4 60 234001511 277103310 26 
2020-11-27T21:59:18.164749+09:00 0 0 경기74아3380 4 72 234001511 277103306 20 
2020-11-27T21:59:18.164785+09:00 0 0 경기74아3357 4 60 234001511 277102675 27 
2020-11-27T22:00:17.958830+09:00 0 0 경기74아3357 4 60 234001511 277102675 27 
2020-11-27T22:00:17.958868+09:00 0 0 경기74아3380 4 72 234001511 277103306 20 
2020-11-27T22:01:17.642738+09:00 0 0 경기74아3357 4 60 234001511 277102675 27 
2020-11-27T22:01:17.642780+09:00 0 0 경기74아3380 4 72 234001511 277103306 20 
2020-11-27T22:02:17.326727+09:00 0 0 경기74아3357 4 60 234001511 277102675 27 
2020-11-27T22:02:17.326764+09:00 0 0 경기74아3380 4 72 234001511 277103306 20 
2020-11-27T22:03:17.090750+09:00 0 0 경기74아3357 4 60 234001511 277102675 27 
2020-11-27T22:03:17.090786+09:00 0 0 경기74아3380 4 72 234001511 277102674 21 
2020-11-27T22:04:17.204722+09:00 0 0 경기74아3357 4 60 234001511 277103307 28 
2020-11-27T22:04:17.204758+09:00 0 0 경기74아3380 4 72 234001511 277103309 22 
2020-11-27T22:05:16.218671+09:00 0 0 경기74아3357 4 60 234001511 277103307 28 
2020-11-27T22:05:16.218708+09:00 0 0 경기74아3380 4 72 234001511 277103308 23 
2020-11-27T22:06:16.112573+09:00 0 0 경기74아3380 4 72 234001511 277103308 23 
2020-11-27T22:06:16.112608+09:00 0 0 경기74아3357 4 60 234001511 277103313 29 
2020-11-27T22:07:15.816784+09:00 0 0 경기74아3380 4 72 234001511 277102302 24 
2020-11-27T22:07:15.816820+09:00 0 0 경기74아3357 4 60 234001511 221000238 30 
2020-11-27T22:08:15.350553+09:00 0 0 경기74아3357 4 60 234001511 221000238 30 
2020-11-27T22:08:15.350589+09:00 0 0 경기74아3380 4 72 234001511 277102302 24 
2020-11-27T22:09:15.224553+09:00 0 0 경기74아3380 4 72 234001511 123000611 25 
2020-11-27T22:09:15.224589+09:00 0 0 경기74아3357 4 59 234001511 222000301 31 
2020-11-27T22:10:15.858654+09:00 0 0 경기74아3380 4 72 234001511 123000611 25 
2020-11-27T22:10:15.858693+09:00 0 0 경기74아3357 4 59 234001511 277102838 32 
2020-11-27T22:11:14.642608+09:00 0 0 경기74아3380 4 72 234001511 123000611 25 
2020-11-27T22:11:14.642644+09:00 0 0 경기74아3357 4 59 234001511 277102838 32 
2020-11-27T22:12:14.246426+09:00 0 0 경기74아3380 4 72 234001511 123000611 25 
2020-11-27T22:12:14.246466+09:00 0 0 경기74아3357 4 59 234001511 277102836 33 
2020-11-27T22:13:14.070799+09:00 0 0 경기74아3380 4 72 234001511 123000611 25 
2020-11-27T22:13:14.070840+09:00 0 0 경기74아3357 4 59 234001511 277102836 33 
2020-11-27T22:14:14.264369+09:00 0 0 경기74아3380 4 72 234001511 123000611 25 
2020-11-27T22:14:14.264402+09:00 0 0 경기74아3357 4 59 234001511 277102834 34 
2020-11-27T22:15:12.678334+09:00 0 0 경기74아3380 4 72 234001511 123000611 25 
2020-11-27T22:15:12.678370+09:00 0 0 경기74아3357 4 59 234001511 277102834 34 
2020-11-27T22:16:12.492248+09:00 0 0 경기74아3380 4 72 234001511 123000611 25 
2020-11-27T22:16:12.492287+09:00 0 0 경기74아3357 4 59 234001511 277102834 34 
2020-11-27T22:17:12.546278+09:00 0 0 경기74아3380 4 72 234001511 123000611 25 
2020-11-27T22:17:12.546313+09:00 0 0 경기74아3357 4 59 234001511 277102834 34 
2020-11-27T22:18:12.410303+09:00 0 0 경기74아3380 4 72 234001511 123000611 25 
2020-11-27T22:18:12.410343+09:00 0 0 경기74아3357 4 59 234001511 277102832 35 
2020-11-27T22:19:11.924253+09:00 0 0 경기74아3380 4 72 234001511 123000611 25 
2020-11-27T22:19:11.924290+09:00 0 0 경기74아3357 4 59 234001511 277102832 35 
2020-11-27T22:20:11.578313+09:00 0 0 경기74아3380 4 59 234001511 123000611 25 
2020-11-27T22:20:11.578349+09:00 0 0 경기74아3357 4 61 234001511 222000186 36 
2020-11-27T22:21:11.742357+09:00 0 0 경기74아3380 4 59 234001511 123000611 25 
2020-11-27T22:21:11.742392+09:00 0 0 경기74아3357 4 63 234001511 222000186 36 
2020-11-27T22:22:09.951787+09:00 0 0 경기74아3380 4 59 234001511 123000611 25 
2020-11-27T22:22:09.951823+09:00 0 0 경기74아3357 4 64 234001511 222000185 37 
2020-11-27T22:23:09.920141+09:00 0 0 경기74아3380 4 59 234001511 123000611 25 
2020-11-27T22:23:09.920178+09:00 0 0 경기74아3357 4 64 234001511 222000185 37 
2020-11-27T22:24:09.754176+09:00 0 0 경기74아3357 4 64 234001511 222000184 38 
2020-11-27T22:24:09.754212+09:00 0 0 경기74아3380 4 59 234001511 277103310 26 
2020-11-27T22:25:09.548321+09:00 0 0 경기74아3380 4 59 234001511 277102675 27 
2020-11-27T22:25:09.548357+09:00 0 0 경기74아3357 4 66 234001511 222000183 39 
2020-11-27T22:26:09.052109+09:00 0 0 경기74아3380 4 59 234001511 277102675 27 
2020-11-27T22:26:09.052146+09:00 0 0 경기74아3357 4 66 234001511 222000183 39 
2020-11-27T22:27:08.375987+09:00 0 0 경기74아3380 4 59 234001511 277102675 27 
2020-11-27T22:27:08.376023+09:00 0 0 경기74아3357 4 66 234001511 222000328 41 
2020-11-27T22:28:08.010053+09:00 0 0 경기74아3357 4 66 234001511 222000326 43 
2020-11-27T22:28:08.010089+09:00 0 0 경기74아3380 4 59 234001511 277103307 28 
2020-11-27T22:29:07.123972+09:00 0 0 경기74아3380 4 59 234001511 277103313 29 
2020-11-27T22:29:07.124008+09:00 0 0 경기74아3357 4 66 234001511 222000324 46 
2020-11-27T22:30:07.218032+09:00 0 0 경기74아3380 4 59 234001511 221000238 30 
2020-11-27T22:30:07.218068+09:00 0 0 경기74아3357 4 67 234001511 222000175 47 
2020-11-27T22:31:05.901963+09:00 0 0 경기74아3380 4 59 234001511 221000238 30 
2020-11-27T22:31:05.902000+09:00 0 0 경기74아3357 4 67 234001511 222000175 47 
2020-11-27T22:32:05.475994+09:00 0 0 경기74아3357 4 69 234001511 222000174 48 
2020-11-27T22:32:05.476031+09:00 0 0 경기74아3380 4 59 234001511 222000301 31 
2020-11-27T22:33:04.911297+09:00 0 0 경기74아3380 4 59 234001511 277102838 32 
2020-11-27T22:33:04.911332+09:00 0 0 경기74아3357 4 69 234001511 222000174 48 
2020-11-27T22:34:04.697318+09:00 0 0 경기74아3380 4 59 234001511 277102836 33 
2020-11-27T22:34:04.697358+09:00 0 0 경기74아3357 4 69 234001511 222000173 50 
2020-11-27T22:35:04.053190+09:00 0 0 경기74아3380 4 59 234001511 277102836 33 
2020-11-27T22:35:04.053226+09:00 0 0 경기74아3357 4 69 234001511 222000163 51 
2020-11-27T22:36:02.968696+09:00 0 0 경기74아3357 4 69 234001511 222000163 51 
2020-11-27T22:36:02.968744+09:00 0 0 경기74아3380 4 59 234001511 277102834 34 
2020-11-27T22:37:03.444351+09:00 0 0 경기74아3380 4 59 234001511 277102834 34 
2020-11-27T22:37:03.444388+09:00 0 0 경기74아3357 4 69 234001511 222000958 52 
2020-11-27T22:38:02.919944+09:00 0 0 경기74아3380 4 59 234001511 277102834 34 
2020-11-27T22:38:02.919981+09:00 0 0 경기74아3357 4 69 234001511 222000164 54 
2020-11-27T22:39:02.464984+09:00 0 0 경기74아3380 4 59 234001511 277102834 34 
2020-11-27T22:39:02.465021+09:00 0 0 경기74아3357 4 70 234001511 222001096 55 
2020-11-27T22:40:01.800108+09:00 0 0 경기74아3380 4 59 234001511 277102834 34 
2020-11-27T22:40:01.800147+09:00 0 0 경기74아3357 4 70 234001511 222000825 57 
2020-11-27T22:41:01.325209+09:00 0 0 경기74아3380 4 59 234001511 277102834 34 
2020-11-27T22:41:01.325246+09:00 0 0 경기74아3357 4 70 234001511 222000825 57 
2020-11-27T22:42:01.050062+09:00 0 0 경기74아3357 4 70 234001511 222000825 57 
2020-11-27T22:42:01.050099+09:00 0 0 경기74아3380 4 59 234001511 277102832 35 
2020-11-27T22:43:00.905110+09:00 0 0 경기74아3357 4 70 234001511 222000825 57 
2020-11-27T22:43:00.905149+09:00 0 0 경기74아3380 4 62 234001511 222000186 36 
2020-11-27T22:44:00.949967+09:00 0 0 경기74아3357 4 70 234001511 222000825 57 
2020-11-27T22:44:00.950005+09:00 0 0 경기74아3380 4 65 234001511 222000185 37 
2020-11-27T22:44:59.794651+09:00 0 0 경기74아3357 4 70 234001511 222000825 57 
2020-11-27T22:44:59.794688+09:00 0 0 경기74아3380 4 68 234001511 222000185 37 
2020-11-27T22:45:59.699367+09:00 0 0 경기74아3357 4 70 234001511 222000825 57 
2020-11-27T22:45:59.699404+09:00 0 0 경기74아3380 4 68 234001511 222000184 38 
2020-11-27T22:46:59.514111+09:00 0 0 경기74아3357 4 70 234001511 222000825 57 
2020-11-27T22:46:59.514158+09:00 0 0 경기74아3380 4 68 234001511 222000182 40 
2020-11-27T22:47:59.309548+09:00 0 0 경기74아3357 4 70 234001511 222000825 57 
2020-11-27T22:47:59.309590+09:00 0 0 경기74아3380 4 68 234001511 222000327 42 
2020-11-27T22:48:59.023285+09:00 0 0 경기74아3357 4 70 234001511 222000825 57 
2020-11-27T22:48:59.023322+09:00 0 0 경기74아3380 4 68 234001511 222000326 43 
2020-11-27T22:49:58.877893+09:00 0 0 경기74아3357 4 70 234001511 222000825 57 
2020-11-27T22:49:58.877929+09:00 0 0 경기74아3380 4 69 234001511 222000325 44 
2020-11-27T22:50:58.632428+09:00 0 0 경기74아3357 4 70 234001511 222000825 57 
2020-11-27T22:50:58.632463+09:00 0 0 경기74아3380 4 70 234001511 222000749 45 
2020-11-27T22:51:58.136865+09:00 0 0 경기74아3357 4 70 234001511 222000825 57 
2020-11-27T22:51:58.136894+09:00 0 0 경기74아3380 4 70 234001511 222000324 46 
2020-11-27T22:52:57.881426+09:00 0 0 경기74아3357 4 70 234001511 222000825 57 
2020-11-27T22:52:57.881462+09:00 0 0 경기74아3380 4 70 234001511 222000175 47 
2020-11-27T22:53:58.055924+09:00 0 0 경기74아3357 4 70 234001511 222000825 57 
2020-11-27T22:53:58.055961+09:00 0 0 경기74아3380 4 71 234001511 222001419 49 
2020-11-27T22:54:56.580261+09:00 0 0 경기74아3380 4 71 234001511 222000163 51 
2020-11-27T22:55:56.574675+09:00 0 0 경기74아3380 4 71 234001511 222000163 51 
2020-11-27T22:56:56.309123+09:00 0 0 경기74아3380 4 72 234001511 222000958 52 
2020-11-27T22:57:55.993533+09:00 0 0 경기74아3380 4 72 234001511 222001580 53 
2020-11-27T22:58:55.847983+09:00 0 0 경기74아3380 4 72 234001511 222001580 53 
2020-11-27T22:59:55.222287+09:00 0 0 경기74아3380 4 72 234001511 222000164 54 
2020-11-27T23:00:55.026647+09:00 0 0 경기74아3380 4 72 234001511 222001096 55 
2020-11-27T23:01:53.801465+09:00 0 0 경기74아3380 4 72 234001511 222000166 56 
2020-11-27T23:02:53.146307+09:00 0 0 경기74아3380 4 72 234001511 222000825 57 
2020-11-27T23:03:52.759554+09:00 0 0 경기74아3380 4 72 234001511 222000825 57 
2020-11-27T23:04:52.073938+09:00 0 0 경기74아3380 4 72 234001511 222000825 57 
2020-11-27T23:05:51.748251+09:00 0 0 경기74아3380 4 72 234001511 222000825 57 
2020-11-27T23:06:51.522638+09:00 0 0 경기74아3380 4 72 234001511 222000825 57 
2020-11-27T23:07:51.376582+09:00 0 0 경기74아3380 4 72 234001511 222000825 57 
2020-11-27T23:08:51.400578+09:00 0 0 경기74아3380 4 72 234001511 222000825 57 
2020-11-27T23:09:50.524628+09:00 0 0 경기74아3380 4 72 234001511 222000825 57 
2020-11-27T23:10:50.168682+09:00 0 0 경기74아3380 4 72 234001511 222000825 57 
2020-11-27T23:11:49.872929+09:00 0 0 경기74아3380 4 72 234001511 222000825 57 
2020-11-27T23:12:49.446916+09:00 0 0 경기74아3380 4 72 234001511 222000825 57 
2020-11-27T23:13:49.021120+09:00 0 0 경기74아3380 4 72 234001511 222000825 57 
2020-11-27T23:14:49.435282+09:00 0 0 경기74아3380 4 72 234001511 222000825 57 
2020-11-27T23:15:48.189433+09:00 0 0 경기74아3380 4 72 234001511 222000825 57 
2020-11-27T23:16:48.043629+09:00 0 0 경기74아3380 4 72 234001511 222000825 57 
