234001511 2020-12-21T23:18:23.145153+09:00
2020-12-22T06:50:37 0 0 경기74아3380 4 70 234001511 222000824 1 
2020-12-22T06:51:36 0 0 경기74아3380 4 70 234001511 222000824 1 
2020-12-22T06:52:36 0 0 경기74아3380 4 70 234001511 222000171 2 
2020-12-22T06:53:35 0 0 경기74아3380 4 69 234001511 222000170 3 
2020-12-22T06:54:35 0 0 경기74아3380 4 69 234001511 222000323 4 
2020-12-22T06:55:34 0 0 경기74아3380 4 69 234001511 222000323 4 
2020-12-22T06:56:33 0 0 경기74아3380 4 69 234001511 222000322 5 
2020-12-22T06:57:32 0 0 경기74아3380 4 65 234001511 222000321 6 
2020-12-22T06:58:33 0 0 경기74아3380 4 65 234001511 222000320 7 
2020-12-22T06:59:32 0 0 경기74아3380 4 65 234001511 222000320 7 
2020-12-22T07:00:31 0 0 경기74아3380 4 65 234001511 222000320 7 
2020-12-22T07:01:31 0 0 경기74아3380 4 65 234001511 222000320 7 
2020-12-22T07:02:30 0 0 경기74아1388 3 44 234001511 222000171 2 
2020-12-22T07:02:30 0 0 경기74아3380 4 64 234001511 222000181 8 
2020-12-22T07:03:30 0 0 경기74아3380 4 64 234001511 222000180 9 
2020-12-22T07:03:30 0 0 경기74아1388 3 42 234001511 222000170 3 
2020-12-22T07:04:29 0 0 경기74아1388 3 42 234001511 222000323 4 
2020-12-22T07:04:29 0 0 경기74아3380 4 60 234001511 222000179 10 
2020-12-22T07:05:29 0 0 경기74아3380 4 52 234001511 222000179 10 
2020-12-22T07:05:29 0 0 경기74아1388 3 42 234001511 222000322 5 
2020-12-22T07:06:28 0 0 경기74아3380 4 52 234001511 222000179 10 
2020-12-22T07:06:28 0 0 경기74아1388 3 42 234001511 222000322 5 
2020-12-22T07:07:28 0 0 경기74아1388 3 42 234001511 222000321 6 
2020-12-22T07:07:28 0 0 경기74아3380 4 52 234001511 222000179 10 
2020-12-22T07:08:27 0 0 경기74아3380 4 37 234001511 222000178 11 
2020-12-22T07:08:27 0 0 경기74아1388 3 41 234001511 222000320 7 
2020-12-22T07:09:28 0 0 경기74아3380 4 37 234001511 222000178 11 
2020-12-22T07:09:28 0 0 경기74아1388 3 41 234001511 222000181 8 
2020-12-22T07:10:27 0 0 경기74아3380 4 33 234001511 222000177 12 
2020-12-22T07:10:27 0 0 경기74아1388 3 40 234001511 222000180 9 
2020-12-22T07:11:26 0 0 경기74아3380 4 33 234001511 222000177 12 
2020-12-22T07:11:26 0 0 경기74아1388 3 37 234001511 222000180 9 
2020-12-22T07:11:26 0 0 경기74아3357 4 69 234001511 222000824 1 
2020-12-22T07:12:27 0 0 경기74아3380 4 33 234001511 222000177 12 
2020-12-22T07:12:27 0 0 경기74아1388 3 35 234001511 222000179 10 
2020-12-22T07:12:27 0 0 경기74아3357 4 69 234001511 222000171 2 
2020-12-22T07:13:26 0 0 경기74아1388 3 35 234001511 222000179 10 
2020-12-22T07:13:26 0 0 경기74아3380 4 33 234001511 277102831 13 
2020-12-22T07:13:26 0 0 경기74아3357 4 68 234001511 222000170 3 
2020-12-22T07:14:25 0 0 경기74아3380 4 33 234001511 277102831 13 
2020-12-22T07:14:25 0 0 경기74아3357 4 67 234001511 222000170 3 
2020-12-22T07:14:25 0 0 경기74아1388 3 35 234001511 222000179 10 
2020-12-22T07:15:24 0 0 경기74아3380 4 33 234001511 277102831 13 
2020-12-22T07:15:24 0 0 경기74아3357 4 67 234001511 222000322 5 
2020-12-22T07:15:24 0 0 경기74아1388 3 27 234001511 222000178 11 
2020-12-22T07:16:24 0 0 경기74아1388 3 27 234001511 222000178 11 
2020-12-22T07:16:24 0 0 경기74아3357 4 66 234001511 222000322 5 
2020-12-22T07:16:24 0 0 경기74아3380 4 33 234001511 277102833 14 
2020-12-22T07:17:24 0 0 경기74아3357 4 66 234001511 222000322 5 
2020-12-22T07:17:24 0 0 경기74아3380 4 33 234001511 277102833 14 
2020-12-22T07:17:24 0 0 경기74아1388 3 27 234001511 222000177 12 
2020-12-22T07:18:23 0 0 경기74아1388 3 22 234001511 222000177 12 
2020-12-22T07:18:23 0 0 경기74아3380 4 33 234001511 277102835 15 
2020-12-22T07:18:23 0 0 경기74아3357 4 66 234001511 222000321 6 
2020-12-22T07:19:22 0 0 경기74아3380 4 33 234001511 277102835 15 
2020-12-22T07:19:22 0 0 경기74아3357 4 66 234001511 222000320 7 
2020-12-22T07:19:22 0 0 경기74아1388 3 22 234001511 222000177 12 
2020-12-22T07:20:22 0 0 경기74아1388 3 22 234001511 277102831 13 
2020-12-22T07:20:22 0 0 경기74아3380 4 33 234001511 277102837 16 
2020-12-22T07:20:22 0 0 경기74아3357 4 64 234001511 222000181 8 
2020-12-22T07:21:22 0 0 경기74아1388 3 22 234001511 277102831 13 
2020-12-22T07:21:22 0 0 경기74아3380 4 33 234001511 222000302 17 
2020-12-22T07:21:22 0 0 경기74아3357 4 64 234001511 222000180 9 
2020-12-22T07:22:21 0 0 경기74아1388 3 22 234001511 277102831 13 
2020-12-22T07:22:21 0 0 경기74아3380 4 33 234001511 222000302 17 
2020-12-22T07:22:21 0 0 경기74아3357 4 63 234001511 222000180 9 
2020-12-22T07:23:20 0 0 경기74아1388 3 22 234001511 277102831 13 
2020-12-22T07:23:20 0 0 경기74아3357 4 63 234001511 222000179 10 
2020-12-22T07:23:20 0 0 경기74아3380 4 33 234001511 221000039 18 
2020-12-22T07:24:20 0 0 경기74아3357 4 59 234001511 222000179 10 
2020-12-22T07:24:20 0 0 경기74아1388 3 22 234001511 277102833 14 
2020-12-22T07:24:20 0 0 경기74아3380 4 33 234001511 277100104 19 
2020-12-22T07:25:19 0 0 경기74아1388 3 22 234001511 277102833 14 
2020-12-22T07:25:19 0 0 경기74아3380 4 33 234001511 277100104 19 
2020-12-22T07:25:19 0 0 경기74아3357 4 59 234001511 222000179 10 
2020-12-22T07:26:18 0 0 경기74아3380 4 33 234001511 277100104 19 
2020-12-22T07:26:18 0 0 경기74아1388 3 22 234001511 277102835 15 
2020-12-22T07:26:18 0 0 경기74아3357 4 59 234001511 222000178 11 
2020-12-22T07:27:17 0 0 경기74아3357 4 59 234001511 222000178 11 
2020-12-22T07:27:17 0 0 경기74아3380 4 33 234001511 277100104 19 
2020-12-22T07:27:17 0 0 경기74아1388 3 22 234001511 277102837 16 
2020-12-22T07:28:16 0 0 경기74아3380 4 33 234001511 277100104 19 
2020-12-22T07:28:16 0 0 경기74아1388 3 22 234001511 277102837 16 
2020-12-22T07:28:16 0 0 경기74아3357 4 48 234001511 222000177 12 
2020-12-22T07:29:16 0 0 경기74아1388 3 22 234001511 222000302 17 
2020-12-22T07:29:16 0 0 경기74아3357 4 41 234001511 222000177 12 
2020-12-22T07:29:16 0 0 경기74아3380 4 33 234001511 277103306 20 
2020-12-22T07:30:16 0 0 경기74아3380 4 33 234001511 277103306 20 
2020-12-22T07:30:16 0 0 경기74아3357 4 41 234001511 222000177 12 
2020-12-22T07:30:16 0 0 경기74아1388 3 22 234001511 222000302 17 
2020-12-22T07:31:15 0 0 경기74아1388 3 22 234001511 221000039 18 
2020-12-22T07:31:15 0 0 경기74아3380 4 33 234001511 277103306 20 
2020-12-22T07:31:15 0 0 경기74아3357 4 41 234001511 222000177 12 
2020-12-22T07:32:14 0 0 경기74아3380 4 33 234001511 277103306 20 
2020-12-22T07:32:14 0 0 경기74아1388 3 22 234001511 277100104 19 
2020-12-22T07:32:14 0 0 경기74아3357 4 41 234001511 277102831 13 
2020-12-22T07:33:14 0 0 경기74아3380 4 33 234001511 277103306 20 
2020-12-22T07:33:14 0 0 경기74아3357 4 41 234001511 277102831 13 
2020-12-22T07:33:14 0 0 경기74아1388 3 22 234001511 277100104 19 
2020-12-22T07:34:13 0 0 경기74아3380 4 33 234001511 277103306 20 
2020-12-22T07:34:13 0 0 경기74아3357 4 41 234001511 277102831 13 
2020-12-22T07:34:13 0 0 경기74아1388 3 22 234001511 277100104 19 
2020-12-22T07:35:13 0 0 경기74아3357 4 41 234001511 277102831 13 
2020-12-22T07:35:13 0 0 경기74아3380 4 33 234001511 277102674 21 
2020-12-22T07:35:13 0 0 경기74아1388 3 22 234001511 277103306 20 
2020-12-22T07:36:13 0 0 경기74아1388 3 22 234001511 277103306 20 
2020-12-22T07:36:13 0 0 경기74아3380 4 33 234001511 277103309 22 
2020-12-22T07:36:13 0 0 경기74아3357 4 41 234001511 277102833 14 
2020-12-22T07:37:13 0 0 경기74아3380 4 33 234001511 277103309 22 
2020-12-22T07:37:13 0 0 경기74아3357 4 41 234001511 277102833 14 
2020-12-22T07:37:13 0 0 경기74아1388 3 22 234001511 277103306 20 
2020-12-22T07:38:12 0 0 경기74아1388 3 22 234001511 277103306 20 
2020-12-22T07:38:12 0 0 경기74아3380 4 33 234001511 277103309 22 
2020-12-22T07:38:12 0 0 경기74아3357 4 41 234001511 277102835 15 
2020-12-22T07:39:11 0 0 경기74아1388 3 22 234001511 277103306 20 
2020-12-22T07:39:11 0 0 경기74아3380 4 33 234001511 277103309 22 
2020-12-22T07:39:11 0 0 경기74아3357 4 41 234001511 277102835 15 
2020-12-22T07:40:10 0 0 경기74아1388 3 22 234001511 277103306 20 
2020-12-22T07:40:10 0 0 경기74아3380 4 33 234001511 277103309 22 
2020-12-22T07:40:10 0 0 경기74아3357 4 41 234001511 277102837 16 
2020-12-22T07:41:09 0 0 경기74아3357 4 41 234001511 222000302 17 
2020-12-22T07:41:09 0 0 경기74아1388 3 22 234001511 277102674 21 
2020-12-22T07:41:09 0 0 경기74아3380 4 33 234001511 277103308 23 
2020-12-22T07:42:08 0 0 경기74아3380 4 33 234001511 277103308 23 
2020-12-22T07:42:08 0 0 경기74아3357 4 41 234001511 222000302 17 
2020-12-22T07:42:08 0 0 경기74아1388 3 22 234001511 277103309 22 
2020-12-22T07:43:07 0 0 경기74아1388 3 22 234001511 277103309 22 
2020-12-22T07:43:07 0 0 경기74아3357 4 41 234001511 221000039 18 
2020-12-22T07:43:07 0 0 경기74아3380 4 33 234001511 277102302 24 
2020-12-22T07:44:08 0 0 경기74아3380 4 33 234001511 277102302 24 
2020-12-22T07:44:08 0 0 경기74아3357 4 41 234001511 277100104 19 
2020-12-22T07:44:08 0 0 경기74아1388 3 22 234001511 277103309 22 
2020-12-22T07:45:07 0 0 경기74아3380 4 33 234001511 277102302 24 
2020-12-22T07:45:07 0 0 경기74아1388 3 22 234001511 277103309 22 
2020-12-22T07:45:07 0 0 경기74아3357 4 41 234001511 277100104 19 
2020-12-22T07:46:06 0 0 경기74아1388 3 22 234001511 277103309 22 
2020-12-22T07:46:06 0 0 경기74아3357 4 41 234001511 277100104 19 
2020-12-22T07:46:06 0 0 경기74아3380 4 33 234001511 277102302 24 
2020-12-22T07:47:05 0 0 경기74아1388 3 22 234001511 277103309 22 
2020-12-22T07:47:05 0 0 경기74아3380 4 33 234001511 123000611 25 
2020-12-22T07:47:05 0 0 경기74아3357 4 41 234001511 277103306 20 
2020-12-22T07:48:05 0 0 경기74아3380 4 33 234001511 123000611 25 
2020-12-22T07:48:05 0 0 경기74아3357 4 41 234001511 277103306 20 
2020-12-22T07:48:05 0 0 경기74아1388 3 22 234001511 277103308 23 
2020-12-22T07:49:03 0 0 경기74아3380 4 33 234001511 123000611 25 
2020-12-22T07:49:03 0 0 경기74아3357 4 41 234001511 277103306 20 
2020-12-22T07:49:03 0 0 경기74아1388 3 22 234001511 277103308 23 
2020-12-22T07:50:03 0 0 경기74아3380 4 33 234001511 123000611 25 
2020-12-22T07:50:03 0 0 경기74아3357 4 41 234001511 277103306 20 
2020-12-22T07:50:03 0 0 경기74아1388 3 22 234001511 277102302 24 
2020-12-22T07:51:02 0 0 경기74아3380 4 33 234001511 123000611 25 
2020-12-22T07:51:02 0 0 경기74아3357 4 41 234001511 277103306 20 
2020-12-22T07:51:02 0 0 경기74아1388 3 22 234001511 277102302 24 
2020-12-22T07:52:02 0 0 경기74아3380 4 33 234001511 123000611 25 
2020-12-22T07:52:02 0 0 경기74아3357 4 41 234001511 277103306 20 
2020-12-22T07:52:02 0 0 경기74아1388 3 22 234001511 277102302 24 
2020-12-22T07:53:01 0 0 경기74아3380 4 33 234001511 123000611 25 
2020-12-22T07:53:01 0 0 경기74아3357 4 41 234001511 277102674 21 
2020-12-22T07:53:01 0 0 경기74아1388 3 22 234001511 277102302 24 
2020-12-22T07:54:01 0 0 경기74아3357 4 41 234001511 277103309 22 
2020-12-22T07:54:01 0 0 경기74아3380 4 68 234001511 123000611 25 
2020-12-22T07:54:01 0 0 경기74아1388 3 22 234001511 123000611 25 
2020-12-22T07:55:00 0 0 경기74아3357 4 41 234001511 277103309 22 
2020-12-22T07:55:00 0 0 경기74아1388 3 22 234001511 123000611 25 
2020-12-22T07:55:00 0 0 경기74아3380 4 68 234001511 123000611 25 
2020-12-22T07:55:59 0 0 경기74아3357 4 41 234001511 277103309 22 
2020-12-22T07:55:59 0 0 경기74아1388 3 22 234001511 123000611 25 
2020-12-22T07:55:59 0 0 경기74아3380 4 68 234001511 123000611 25 
2020-12-22T07:56:58 0 0 경기74아3357 4 41 234001511 277103309 22 
2020-12-22T07:56:58 0 0 경기74아1388 3 22 234001511 123000611 25 
2020-12-22T07:56:58 0 0 경기74아3380 4 68 234001511 123000611 25 
2020-12-22T07:57:58 0 0 경기74아1388 3 22 234001511 123000611 25 
2020-12-22T07:57:58 0 0 경기74아3380 4 68 234001511 277103310 26 
2020-12-22T07:57:58 0 0 경기74아3357 4 41 234001511 277103309 22 
2020-12-22T07:58:58 0 0 경기74아1388 3 22 234001511 123000611 25 
2020-12-22T07:58:58 0 0 경기74아3357 4 41 234001511 277103309 22 
2020-12-22T07:58:58 0 0 경기74아3380 4 68 234001511 277102675 27 
2020-12-22T07:59:57 0 0 경기74아1388 3 22 234001511 123000611 25 
2020-12-22T07:59:57 0 0 경기74아3357 4 41 234001511 277103309 22 
2020-12-22T07:59:57 0 0 경기74아3380 4 68 234001511 277102675 27 
2020-12-22T08:00:56 0 0 경기74아1388 3 22 234001511 123000611 25 
2020-12-22T08:00:56 0 0 경기74아3380 4 68 234001511 277102675 27 
2020-12-22T08:00:56 0 0 경기74아3357 4 41 234001511 277103309 22 
2020-12-22T08:01:56 0 0 경기74아3380 4 68 234001511 277103307 28 
2020-12-22T08:01:56 0 0 경기74아1388 3 44 234001511 123000611 25 
2020-12-22T08:01:56 0 0 경기74아3357 4 41 234001511 277103308 23 
2020-12-22T08:02:55 0 0 경기74아3357 4 41 234001511 277103308 23 
2020-12-22T08:02:55 0 0 경기74아1388 3 44 234001511 123000611 25 
2020-12-22T08:02:55 0 0 경기74아3380 4 68 234001511 277103313 29 
2020-12-22T08:03:54 0 0 경기74아3357 4 41 234001511 277102302 24 
2020-12-22T08:03:54 0 0 경기74아3380 4 68 234001511 221000238 30 
2020-12-22T08:03:54 0 0 경기74아1388 3 44 234001511 123000611 25 
2020-12-22T08:04:53 0 0 경기74아3357 4 41 234001511 277102302 24 
2020-12-22T08:04:53 0 0 경기74아1388 3 44 234001511 123000611 25 
2020-12-22T08:04:53 0 0 경기74아3380 4 67 234001511 221000238 30 
2020-12-22T08:05:52 0 0 경기74아3380 4 67 234001511 221000238 30 
2020-12-22T08:05:52 0 0 경기74아3357 4 41 234001511 277102302 24 
2020-12-22T08:05:52 0 0 경기74아1388 3 44 234001511 277103310 26 
2020-12-22T08:06:52 0 0 경기74아3357 4 41 234001511 277102302 24 
2020-12-22T08:06:52 0 0 경기74아1388 3 44 234001511 277102675 27 
2020-12-22T08:06:52 0 0 경기74아3380 4 67 234001511 277102838 32 
2020-12-22T08:07:51 0 0 경기74아3357 4 41 234001511 277102302 24 
2020-12-22T08:07:51 0 0 경기74아1388 3 44 234001511 277102675 27 
2020-12-22T08:07:51 0 0 경기74아3380 4 67 234001511 277102838 32 
2020-12-22T08:08:51 0 0 경기74아1388 3 44 234001511 277102675 27 
2020-12-22T08:08:51 0 0 경기74아3380 4 67 234001511 277102836 33 
2020-12-22T08:08:51 0 0 경기74아3357 4 41 234001511 123000611 25 
2020-12-22T08:09:49 0 0 경기74아3357 4 41 234001511 123000611 25 
2020-12-22T08:09:49 0 0 경기74아1388 3 44 234001511 277103307 28 
2020-12-22T08:09:49 0 0 경기74아3380 4 67 234001511 277102834 34 
2020-12-22T08:10:49 0 0 경기74아3357 4 41 234001511 123000611 25 
2020-12-22T08:10:49 0 0 경기74아3380 4 67 234001511 277102834 34 
2020-12-22T08:10:49 0 0 경기74아1388 3 44 234001511 277103313 29 
2020-12-22T08:11:49 0 0 경기74아3357 4 41 234001511 123000611 25 
2020-12-22T08:11:49 0 0 경기74아3380 4 67 234001511 277102834 34 
2020-12-22T08:11:49 0 0 경기74아1388 3 45 234001511 221000238 30 
2020-12-22T08:12:48 0 0 경기74아3357 4 41 234001511 123000611 25 
2020-12-22T08:12:48 0 0 경기74아3380 4 67 234001511 277102834 34 
2020-12-22T08:12:48 0 0 경기74아1388 3 45 234001511 221000238 30 
2020-12-22T08:13:48 0 0 경기74아3357 4 41 234001511 123000611 25 
2020-12-22T08:13:48 0 0 경기74아3380 4 67 234001511 277102834 34 
2020-12-22T08:13:48 0 0 경기74아1388 3 45 234001511 221000238 30 
2020-12-22T08:14:48 0 0 경기74아3357 4 41 234001511 123000611 25 
2020-12-22T08:14:48 0 0 경기74아3380 4 67 234001511 277102834 34 
2020-12-22T08:14:48 0 0 경기74아1388 3 45 234001511 222000301 31 
2020-12-22T08:15:47 0 0 경기74아3357 4 41 234001511 123000611 25 
2020-12-22T08:15:47 0 0 경기74아3380 4 67 234001511 277102832 35 
2020-12-22T08:15:47 0 0 경기74아1388 3 45 234001511 277102838 32 
2020-12-22T08:16:46 0 0 경기74아3357 4 66 234001511 123000611 25 
2020-12-22T08:16:46 0 0 경기74아1388 3 45 234001511 277102836 33 
2020-12-22T08:16:46 0 0 경기74아3380 4 67 234001511 277102832 35 
2020-12-22T08:17:45 0 0 경기74아1388 3 45 234001511 277102836 33 
2020-12-22T08:17:45 0 0 경기74아3357 4 66 234001511 123000611 25 
2020-12-22T08:17:45 0 0 경기74아3380 4 68 234001511 222000186 36 
2020-12-22T08:18:44 0 0 경기74아3380 4 68 234001511 222000186 36 
2020-12-22T08:18:44 0 0 경기74아3357 4 66 234001511 123000611 25 
2020-12-22T08:18:44 0 0 경기74아1388 3 45 234001511 277102834 34 
2020-12-22T08:19:43 0 0 경기74아1388 3 45 234001511 277102834 34 
2020-12-22T08:19:43 0 0 경기74아3357 4 66 234001511 123000611 25 
2020-12-22T08:19:43 0 0 경기74아3380 4 68 234001511 222000185 37 
2020-12-22T08:20:42 0 0 경기74아1388 3 45 234001511 277102834 34 
2020-12-22T08:20:42 0 0 경기74아3357 4 66 234001511 277103310 26 
2020-12-22T08:20:42 0 0 경기74아3380 4 69 234001511 222000184 38 
2020-12-22T08:21:42 0 0 경기74아1388 3 45 234001511 277102834 34 
2020-12-22T08:21:42 0 0 경기74아3357 4 66 234001511 277102675 27 
2020-12-22T08:21:42 0 0 경기74아3380 4 69 234001511 222000182 40 
2020-12-22T08:22:42 0 0 경기74아1388 3 45 234001511 277102834 34 
2020-12-22T08:22:42 0 0 경기74아3357 4 66 234001511 277102675 27 
2020-12-22T08:22:42 0 0 경기74아3380 4 69 234001511 222000328 41 
2020-12-22T08:23:42 0 0 경기74아3357 4 66 234001511 277102675 27 
2020-12-22T08:23:42 0 0 경기74아1388 3 45 234001511 277102832 35 
2020-12-22T08:23:42 0 0 경기74아3380 4 69 234001511 222000326 43 
2020-12-22T08:24:41 0 0 경기74아1388 3 45 234001511 277102832 35 
2020-12-22T08:24:41 0 0 경기74아3357 4 66 234001511 277103307 28 
2020-12-22T08:24:41 0 0 경기74아3380 4 69 234001511 222000326 43 
2020-12-22T08:25:40 0 0 경기74아1388 3 45 234001511 277102832 35 
2020-12-22T08:25:40 0 0 경기74아3380 4 69 234001511 222000749 45 
2020-12-22T08:25:40 0 0 경기74아3357 4 66 234001511 277103313 29 
2020-12-22T08:26:40 0 0 경기74아3380 4 69 234001511 222000324 46 
2020-12-22T08:26:40 0 0 경기74아3357 4 66 234001511 221000238 30 
2020-12-22T08:26:40 0 0 경기74아1388 3 45 234001511 277102832 35 
2020-12-22T08:27:38 0 0 경기74아1388 3 45 234001511 222000186 36 
2020-12-22T08:27:38 0 0 경기74아3357 4 66 234001511 221000238 30 
2020-12-22T08:27:38 0 0 경기74아3380 4 69 234001511 222000175 47 
2020-12-22T08:28:39 0 0 경기74아3357 4 66 234001511 221000238 30 
2020-12-22T08:28:39 0 0 경기74아1388 3 45 234001511 222000186 36 
2020-12-22T08:28:39 0 0 경기74아3380 4 71 234001511 222001419 49 
2020-12-22T08:29:38 0 0 경기74아1388 3 45 234001511 222000185 37 
2020-12-22T08:29:38 0 0 경기74아3380 4 71 234001511 222000163 51 
2020-12-22T08:29:38 0 0 경기74아3357 4 66 234001511 277102838 32 
2020-12-22T08:30:38 0 0 경기74아3357 4 66 234001511 277102838 32 
2020-12-22T08:30:38 0 0 경기74아3380 4 71 234001511 222000163 51 
2020-12-22T08:30:38 0 0 경기74아1388 3 45 234001511 222000185 37 
2020-12-22T08:31:37 0 0 경기74아1388 3 45 234001511 222000184 38 
2020-12-22T08:31:37 0 0 경기74아3357 4 66 234001511 277102836 33 
2020-12-22T08:31:37 0 0 경기74아3380 4 71 234001511 222000958 52 
2020-12-22T08:32:37 0 0 경기74아3357 4 66 234001511 277102836 33 
2020-12-22T08:32:37 0 0 경기74아3380 4 71 234001511 222000958 52 
2020-12-22T08:32:37 0 0 경기74아1388 3 45 234001511 222000182 40 
2020-12-22T08:33:36 0 0 경기74아3380 4 71 234001511 222001580 53 
2020-12-22T08:33:36 0 0 경기74아3357 4 66 234001511 277102834 34 
2020-12-22T08:33:36 0 0 경기74아1388 3 45 234001511 222000328 41 
2020-12-22T08:34:35 0 0 경기74아3357 4 66 234001511 277102834 34 
2020-12-22T08:34:35 0 0 경기74아3380 4 71 234001511 222001580 53 
2020-12-22T08:34:35 0 0 경기74아1388 3 45 234001511 222000326 43 
2020-12-22T08:35:35 0 0 경기74아3357 4 66 234001511 277102834 34 
2020-12-22T08:35:35 0 0 경기74아3380 4 71 234001511 222000164 54 
2020-12-22T08:35:35 0 0 경기74아1388 3 45 234001511 222000325 44 
2020-12-22T08:36:34 0 0 경기74아3357 4 66 234001511 277102834 34 
2020-12-22T08:36:34 0 0 경기74아3380 4 71 234001511 222001096 55 
2020-12-22T08:36:34 0 0 경기74아1388 3 45 234001511 222000324 46 
2020-12-22T08:37:35 0 0 경기74아3380 4 71 234001511 222000166 56 
2020-12-22T08:37:35 0 0 경기74아3357 4 66 234001511 277102832 35 
2020-12-22T08:37:35 0 0 경기74아1388 3 45 234001511 222000175 47 
2020-12-22T08:38:34 0 0 경기74아3357 4 66 234001511 277102832 35 
2020-12-22T08:38:34 0 0 경기74아3380 4 71 234001511 222000825 57 
2020-12-22T08:38:34 0 0 경기74아1388 3 45 234001511 222001419 49 
2020-12-22T08:39:33 0 0 경기74아3380 4 71 234001511 222000825 57 
2020-12-22T08:39:33 0 0 경기74아3357 4 66 234001511 277102832 35 
2020-12-22T08:39:33 0 0 경기74아1388 3 45 234001511 222000163 51 
2020-12-22T08:40:33 0 0 경기74아3380 4 71 234001511 222000825 57 
2020-12-22T08:40:33 0 0 경기74아1388 3 45 234001511 222000163 51 
2020-12-22T08:40:33 0 0 경기74아3357 4 67 234001511 222000186 36 
2020-12-22T08:41:33 0 0 경기74아3380 4 71 234001511 222000825 57 
2020-12-22T08:41:33 0 0 경기74아3357 4 67 234001511 222000186 36 
2020-12-22T08:41:33 0 0 경기74아1388 3 45 234001511 222000163 51 
2020-12-22T08:42:32 0 0 경기74아3380 4 71 234001511 222000825 57 
2020-12-22T08:42:32 0 0 경기74아3357 4 68 234001511 222000185 37 
2020-12-22T08:42:32 0 0 경기74아1388 3 45 234001511 222001580 53 
2020-12-22T08:43:31 0 0 경기74아3380 4 71 234001511 222000825 57 
2020-12-22T08:43:31 0 0 경기74아1388 3 45 234001511 222001580 53 
2020-12-22T08:43:31 0 0 경기74아3357 4 68 234001511 222000185 37 
2020-12-22T08:44:31 0 0 경기74아3380 4 71 234001511 222000825 57 
2020-12-22T08:44:31 0 0 경기74아3357 4 69 234001511 222000184 38 
2020-12-22T08:44:31 0 0 경기74아1388 3 45 234001511 222001580 53 
2020-12-22T08:45:30 0 0 경기74아3380 4 71 234001511 222000825 57 
2020-12-22T08:45:30 0 0 경기74아1388 3 45 234001511 222000164 54 
2020-12-22T08:45:30 0 0 경기74아3357 4 69 234001511 222000182 40 
2020-12-22T08:46:30 0 0 경기74아3380 4 71 234001511 222000825 57 
2020-12-22T08:46:30 0 0 경기74아1388 3 45 234001511 222000166 56 
2020-12-22T08:46:30 0 0 경기74아3357 4 69 234001511 222000327 42 
2020-12-22T08:47:29 0 0 경기74아3380 4 71 234001511 222000825 57 
2020-12-22T08:47:29 0 0 경기74아1388 3 45 234001511 222000825 57 
2020-12-22T08:47:29 0 0 경기74아3357 4 69 234001511 222000749 45 
2020-12-22T08:48:28 0 0 경기74아3380 4 71 234001511 222000825 57 
2020-12-22T08:48:28 0 0 경기74아3357 4 69 234001511 222000324 46 
2020-12-22T08:49:27 0 0 경기74아3380 4 71 234001511 222000825 57 
2020-12-22T08:49:27 0 0 경기74아3357 4 69 234001511 222000324 46 
2020-12-22T08:50:26 0 0 경기74아3380 4 71 234001511 222000825 57 
2020-12-22T08:50:26 0 0 경기74아3357 4 68 234001511 222000175 47 
2020-12-22T08:51:25 0 0 경기74아3380 4 71 234001511 222000825 57 
2020-12-22T08:51:25 0 0 경기74아3357 4 69 234001511 222001419 49 
2020-12-22T08:52:25 0 0 경기74아3380 4 71 234001511 222000825 57 
2020-12-22T08:52:25 0 0 경기74아3357 4 70 234001511 222000173 50 
2020-12-22T08:53:24 0 0 경기74아3357 4 70 234001511 222000163 51 
2020-12-22T08:54:24 0 0 경기74아3357 4 70 234001511 222000958 52 
2020-12-22T08:55:23 0 0 경기74아3357 4 70 234001511 222001580 53 
2020-12-22T08:56:23 0 0 경기74아3357 4 70 234001511 222001096 55 
2020-12-22T08:57:22 0 0 경기74아3357 4 70 234001511 222000825 57 
2020-12-22T08:58:22 0 0 경기74아3357 4 70 234001511 222000825 57 
2020-12-22T08:59:21 0 0 경기74아3357 4 70 234001511 222000825 57 
2020-12-22T09:00:20 0 0 경기74아3357 4 70 234001511 222000825 57 
2020-12-22T09:01:19 0 0 경기74아3357 4 70 234001511 222000825 57 
2020-12-22T09:02:19 0 0 경기74아3357 4 70 234001511 222000825 57 
2020-12-22T09:03:18 0 0 경기74아3357 4 70 234001511 222000825 57 
2020-12-22T09:04:17 0 0 경기74아3357 4 70 234001511 222000825 57 
2020-12-22T09:05:16 0 0 경기74아3357 4 70 234001511 222000825 57 
2020-12-22T09:06:16 0 0 경기74아3357 4 70 234001511 222000825 57 
2020-12-22T09:07:15 0 0 경기74아3357 4 70 234001511 222000825 57 
2020-12-22T09:08:15 0 0 경기74아3357 4 70 234001511 222000825 57 
2020-12-22T09:09:14 0 0 경기74아3357 4 70 234001511 222000825 57 
2020-12-22T09:10:13 0 0 경기74아3357 4 70 234001511 222000825 57 
2020-12-22T09:11:13 0 0 경기74아3357 4 70 234001511 222000825 57 
2020-12-22T09:12:12 0 0 경기74아3357 4 70 234001511 222000825 57 
2020-12-22T09:21:08 0 0 경기74아3380 4 72 234001511 222000824 1 
2020-12-22T09:22:08 0 0 경기74아3380 4 72 234001511 222000824 1 
2020-12-22T09:23:07 0 0 경기74아3380 4 69 234001511 222000170 3 
2020-12-22T09:24:07 0 0 경기74아3380 4 69 234001511 222000323 4 
2020-12-22T09:25:07 0 0 경기74아3380 4 69 234001511 222000322 5 
2020-12-22T09:26:06 0 0 경기74아3380 4 69 234001511 222000322 5 
2020-12-22T09:27:05 0 0 경기74아3380 4 69 234001511 222000321 6 
2020-12-22T09:28:05 0 0 경기74아3380 4 69 234001511 222000320 7 
2020-12-22T09:29:05 0 0 경기74아3380 4 69 234001511 222000181 8 
2020-12-22T09:30:04 0 0 경기74아3380 4 69 234001511 222000180 9 
2020-12-22T09:31:03 0 0 경기74아3380 4 67 234001511 222000179 10 
2020-12-22T09:32:04 0 0 경기74아3380 4 67 234001511 222000179 10 
2020-12-22T09:33:03 0 0 경기74아3380 4 67 234001511 222000178 11 
2020-12-22T09:34:02 0 0 경기74아3380 4 67 234001511 222000178 11 
2020-12-22T09:35:02 0 0 경기74아3380 4 67 234001511 222000177 12 
2020-12-22T09:36:01 0 0 경기74아3380 4 67 234001511 222000177 12 
2020-12-22T09:37:01 0 0 경기74아3380 4 67 234001511 277102831 13 
2020-12-22T09:38:00 0 0 경기74아3380 4 67 234001511 277102831 13 
2020-12-22T09:38:59 0 0 경기74아3380 4 67 234001511 277102831 13 
2020-12-22T09:39:59 0 0 경기74아3380 4 67 234001511 277102831 13 
2020-12-22T09:40:57 0 0 경기74아3357 4 70 234001511 222000824 1 
2020-12-22T09:40:57 0 0 경기74아3380 4 67 234001511 277102833 14 
2020-12-22T09:41:57 0 0 경기74아3380 4 67 234001511 277102833 14 
2020-12-22T09:41:57 0 0 경기74아3357 4 70 234001511 222000824 1 
2020-12-22T09:42:58 0 0 경기74아3380 4 67 234001511 277102835 15 
2020-12-22T09:42:58 0 0 경기74아3357 4 68 234001511 222000171 2 
2020-12-22T09:43:57 0 0 경기74아3357 4 68 234001511 222000170 3 
2020-12-22T09:43:57 0 0 경기74아3380 4 67 234001511 277102837 16 
2020-12-22T09:44:57 0 0 경기74아3357 4 68 234001511 222000170 3 
2020-12-22T09:44:57 0 0 경기74아3380 4 67 234001511 222000302 17 
2020-12-22T09:45:56 0 0 경기74아3380 4 67 234001511 222000302 17 
2020-12-22T09:45:56 0 0 경기74아3357 4 68 234001511 222000322 5 
2020-12-22T09:46:55 0 0 경기74아3357 4 68 234001511 222000320 7 
2020-12-22T09:46:55 0 0 경기74아3380 4 67 234001511 222000302 17 
2020-12-22T09:47:54 0 0 경기74아3380 4 67 234001511 221000039 18 
2020-12-22T09:47:54 0 0 경기74아3357 4 68 234001511 222000180 9 
2020-12-22T09:48:53 0 0 경기74아3357 4 68 234001511 222000179 10 
2020-12-22T09:48:53 0 0 경기74아3380 4 67 234001511 277100104 19 
2020-12-22T09:49:53 0 0 경기74아3357 4 67 234001511 222000179 10 
2020-12-22T09:49:53 0 0 경기74아3380 4 67 234001511 277100104 19 
2020-12-22T09:50:52 0 0 경기74아3380 4 67 234001511 277100104 19 
2020-12-22T09:50:52 0 0 경기74아3357 4 67 234001511 222000178 11 
2020-12-22T09:51:52 0 0 경기74아3357 4 63 234001511 222000178 11 
2020-12-22T09:51:52 0 0 경기74아3380 4 67 234001511 277103306 20 
2020-12-22T09:52:52 0 0 경기74아3380 4 67 234001511 277103306 20 
2020-12-22T09:52:52 0 0 경기74아3357 4 63 234001511 222000177 12 
2020-12-22T09:53:51 0 0 경기74아3380 4 67 234001511 277103306 20 
2020-12-22T09:53:51 0 0 경기74아3357 4 59 234001511 222000177 12 
2020-12-22T09:54:50 0 0 경기74아3380 4 67 234001511 277103306 20 
2020-12-22T09:54:50 0 0 경기74아3357 4 59 234001511 222000177 12 
2020-12-22T09:55:50 0 0 경기74아3380 4 67 234001511 277103306 20 
2020-12-22T09:55:50 0 0 경기74아3357 4 59 234001511 222000177 12 
2020-12-22T09:56:50 0 0 경기74아3380 4 67 234001511 277102674 21 
2020-12-22T09:56:50 0 0 경기74아3357 4 59 234001511 277102831 13 
2020-12-22T09:57:49 0 0 경기74아3357 4 59 234001511 277102831 13 
2020-12-22T09:57:49 0 0 경기74아3380 4 67 234001511 277103309 22 
2020-12-22T09:58:49 0 0 경기74아3357 4 59 234001511 277102831 13 
2020-12-22T09:58:49 0 0 경기74아3380 4 67 234001511 277103309 22 
2020-12-22T09:59:48 0 0 경기74아3357 4 59 234001511 277102831 13 
2020-12-22T09:59:48 0 0 경기74아3380 4 67 234001511 277103309 22 
2020-12-22T10:00:47 0 0 경기74아3380 4 67 234001511 277103309 22 
2020-12-22T10:00:47 0 0 경기74아3357 4 59 234001511 277102833 14 
2020-12-22T10:01:46 0 0 경기74아3380 4 67 234001511 277103309 22 
2020-12-22T10:01:46 0 0 경기74아3357 4 59 234001511 277102833 14 
2020-12-22T10:02:46 0 0 경기74아3380 4 67 234001511 277103309 22 
2020-12-22T10:02:46 0 0 경기74아3357 4 59 234001511 277102835 15 
2020-12-22T10:03:44 0 0 경기74아3357 4 59 234001511 277102835 15 
2020-12-22T10:03:44 0 0 경기74아3380 4 67 234001511 277103308 23 
2020-12-22T10:04:44 0 0 경기74아3357 4 59 234001511 277102837 16 
2020-12-22T10:04:44 0 0 경기74아3380 4 67 234001511 277102302 24 
2020-12-22T10:05:44 0 0 경기74아3357 4 59 234001511 277102837 16 
2020-12-22T10:05:44 0 0 경기74아3380 4 67 234001511 277102302 24 
2020-12-22T10:06:44 0 0 경기74아3380 4 67 234001511 123000611 25 
2020-12-22T10:06:44 0 0 경기74아3357 4 59 234001511 222000302 17 
2020-12-22T10:07:43 0 0 경기74아3380 4 67 234001511 123000611 25 
2020-12-22T10:07:43 0 0 경기74아3357 4 59 234001511 222000302 17 
2020-12-22T10:08:43 0 0 경기74아3380 4 67 234001511 123000611 25 
2020-12-22T10:08:43 0 0 경기74아3357 4 59 234001511 277100104 19 
2020-12-22T10:09:43 0 0 경기74아3380 4 67 234001511 123000611 25 
2020-12-22T10:09:43 0 0 경기74아3357 4 59 234001511 277100104 19 
2020-12-22T10:10:42 0 0 경기74아3380 4 67 234001511 123000611 25 
2020-12-22T10:10:42 0 0 경기74아3357 4 59 234001511 277100104 19 
2020-12-22T10:11:41 0 0 경기74아3380 4 67 234001511 123000611 25 
2020-12-22T10:11:41 0 0 경기74아3357 4 59 234001511 277100104 19 
2020-12-22T10:12:41 0 0 경기74아3380 4 67 234001511 123000611 25 
2020-12-22T10:12:41 0 0 경기74아3357 4 59 234001511 277103306 20 
2020-12-22T10:13:41 0 0 경기74아3357 4 59 234001511 277103306 20 
2020-12-22T10:13:41 0 0 경기74아3380 4 71 234001511 123000611 25 
2020-12-22T10:14:41 0 0 경기74아3380 4 71 234001511 123000611 25 
2020-12-22T10:14:41 0 0 경기74아3357 4 59 234001511 277103306 20 
2020-12-22T10:15:40 0 0 경기74아3357 4 59 234001511 277103306 20 
2020-12-22T10:15:40 0 0 경기74아3380 4 71 234001511 123000611 25 
2020-12-22T10:16:40 0 0 경기74아3357 4 59 234001511 277103306 20 
2020-12-22T10:16:40 0 0 경기74아3380 4 71 234001511 277103310 26 
2020-12-22T10:17:39 0 0 경기74아3380 4 71 234001511 277102675 27 
2020-12-22T10:17:39 0 0 경기74아3357 4 59 234001511 277102674 21 
2020-12-22T10:18:38 0 0 경기74아3380 4 71 234001511 277102675 27 
2020-12-22T10:18:38 0 0 경기74아3357 4 59 234001511 277103309 22 
2020-12-22T10:19:37 0 0 경기74아3380 4 71 234001511 277102675 27 
2020-12-22T10:19:37 0 0 경기74아3357 4 59 234001511 277103309 22 
2020-12-22T10:20:37 0 0 경기74아3357 4 59 234001511 277103309 22 
2020-12-22T10:20:37 0 0 경기74아3380 4 71 234001511 277103307 28 
2020-12-22T10:21:36 0 0 경기74아3357 4 59 234001511 277103309 22 
2020-12-22T10:21:36 0 0 경기74아3380 4 71 234001511 277103313 29 
2020-12-22T10:22:35 0 0 경기74아3357 4 59 234001511 277103308 23 
2020-12-22T10:22:35 0 0 경기74아3380 4 71 234001511 221000238 30 
2020-12-22T10:23:34 0 0 경기74아3357 4 59 234001511 277103308 23 
2020-12-22T10:23:34 0 0 경기74아3380 4 71 234001511 221000238 30 
2020-12-22T10:24:33 0 0 경기74아3380 4 71 234001511 221000238 30 
2020-12-22T10:24:33 0 0 경기74아3357 4 59 234001511 277102302 24 
2020-12-22T10:25:33 0 0 경기74아3357 4 59 234001511 277102302 24 
2020-12-22T10:25:33 0 0 경기74아3380 4 71 234001511 277102838 32 
2020-12-22T10:26:33 0 0 경기74아3357 4 59 234001511 277102302 24 
2020-12-22T10:26:33 0 0 경기74아3380 4 71 234001511 277102838 32 
2020-12-22T10:27:33 0 0 경기74아3357 4 59 234001511 277102302 24 
2020-12-22T10:27:33 0 0 경기74아3380 4 71 234001511 277102836 33 
2020-12-22T10:28:32 0 0 경기74아3380 4 71 234001511 277102836 33 
2020-12-22T10:28:32 0 0 경기74아3357 4 59 234001511 123000611 25 
2020-12-22T10:29:31 0 0 경기74아3357 4 59 234001511 123000611 25 
2020-12-22T10:29:31 0 0 경기74아3380 4 71 234001511 277102834 34 
2020-12-22T10:30:30 0 0 경기74아3357 4 59 234001511 123000611 25 
2020-12-22T10:30:30 0 0 경기74아3380 4 71 234001511 277102834 34 
2020-12-22T10:31:30 0 0 경기74아3357 4 59 234001511 123000611 25 
2020-12-22T10:31:30 0 0 경기74아3380 4 71 234001511 277102834 34 
2020-12-22T10:32:29 0 0 경기74아3357 4 59 234001511 123000611 25 
2020-12-22T10:32:29 0 0 경기74아3380 4 71 234001511 277102834 34 
2020-12-22T10:33:28 0 0 경기74아3357 4 59 234001511 123000611 25 
2020-12-22T10:33:28 0 0 경기74아3380 4 71 234001511 277102834 34 
2020-12-22T10:34:28 0 0 경기74아3357 4 59 234001511 123000611 25 
2020-12-22T10:34:28 0 0 경기74아3380 4 71 234001511 277102832 35 
2020-12-22T10:35:27 0 0 경기74아3380 4 71 234001511 222000185 37 
2020-12-22T10:35:27 0 0 경기74아3357 4 69 234001511 123000611 25 
2020-12-22T10:36:27 0 0 경기74아3380 4 71 234001511 222000185 37 
2020-12-22T10:36:27 0 0 경기74아3357 4 69 234001511 123000611 25 
2020-12-22T10:37:26 0 0 경기74아3357 4 69 234001511 123000611 25 
2020-12-22T10:37:26 0 0 경기74아3380 4 71 234001511 222000185 37 
2020-12-22T10:38:26 0 0 경기74아3357 4 69 234001511 123000611 25 
2020-12-22T10:38:26 0 0 경기74아3380 4 72 234001511 222000184 38 
2020-12-22T10:39:25 0 0 경기74아3380 4 72 234001511 222000328 41 
2020-12-22T10:39:25 0 0 경기74아3357 4 69 234001511 277103310 26 
2020-12-22T10:40:25 0 0 경기74아3357 4 69 234001511 277102675 27 
2020-12-22T10:40:25 0 0 경기74아3380 4 71 234001511 222000327 42 
2020-12-22T10:41:25 0 0 경기74아3357 4 69 234001511 277102675 27 
2020-12-22T10:41:25 0 0 경기74아3380 4 72 234001511 222000325 44 
2020-12-22T10:42:24 0 0 경기74아3357 4 69 234001511 277102675 27 
2020-12-22T10:42:24 0 0 경기74아3380 4 72 234001511 222000749 45 
2020-12-22T10:43:24 0 0 경기74아3357 4 69 234001511 277103307 28 
2020-12-22T10:43:24 0 0 경기74아3380 4 72 234001511 222000324 46 
2020-12-22T10:44:23 0 0 경기74아3380 4 72 234001511 222000324 46 
2020-12-22T10:44:23 0 0 경기74아3357 4 69 234001511 277103313 29 
2020-12-22T10:45:23 0 0 경기74아3380 4 72 234001511 222000175 47 
2020-12-22T10:45:23 0 0 경기74아3357 4 69 234001511 221000238 30 
2020-12-22T10:46:22 0 0 경기74아3357 4 69 234001511 221000238 30 
2020-12-22T10:46:22 0 0 경기74아3380 4 72 234001511 222000173 50 
2020-12-22T10:47:23 0 0 경기74아3380 4 72 234001511 222000163 51 
2020-12-22T10:47:23 0 0 경기74아3357 4 69 234001511 222000301 31 
2020-12-22T10:48:21 0 0 경기74아3380 4 72 234001511 222000163 51 
2020-12-22T10:48:21 0 0 경기74아3357 4 69 234001511 277102838 32 
2020-12-22T10:49:21 0 0 경기74아3380 4 72 234001511 222000958 52 
2020-12-22T10:49:21 0 0 경기74아3357 4 69 234001511 277102836 33 
2020-12-22T10:50:21 0 0 경기74아3357 4 69 234001511 277102836 33 
2020-12-22T10:50:21 0 0 경기74아3380 4 72 234001511 222001580 53 
2020-12-22T10:51:21 0 0 경기74아3380 4 72 234001511 222001580 53 
2020-12-22T10:51:21 0 0 경기74아3357 4 69 234001511 277102834 34 
2020-12-22T10:52:20 0 0 경기74아3357 4 69 234001511 277102834 34 
2020-12-22T10:52:20 0 0 경기74아3380 4 72 234001511 222000164 54 
2020-12-22T10:53:20 0 0 경기74아3357 4 69 234001511 277102834 34 
2020-12-22T10:53:20 0 0 경기74아3380 4 72 234001511 222001096 55 
2020-12-22T10:54:20 0 0 경기74아3357 4 69 234001511 277102834 34 
2020-12-22T10:54:20 0 0 경기74아3380 4 72 234001511 222000166 56 
2020-12-22T10:55:21 0 0 경기74아3380 4 72 234001511 222000825 57 
2020-12-22T10:55:21 0 0 경기74아3357 4 69 234001511 277102832 35 
2020-12-22T10:56:19 0 0 경기74아3357 4 69 234001511 277102832 35 
2020-12-22T10:57:19 0 0 경기74아3357 4 69 234001511 277102832 35 
2020-12-22T10:58:18 0 0 경기74아3357 4 69 234001511 222000186 36 
2020-12-22T10:59:18 0 0 경기74아3357 4 69 234001511 222000186 36 
2020-12-22T11:00:17 0 0 경기74아3357 4 70 234001511 222000185 37 
2020-12-22T11:01:17 0 0 경기74아3357 4 70 234001511 222000185 37 
2020-12-22T11:02:17 0 0 경기74아3357 4 70 234001511 222000184 38 
2020-12-22T11:03:17 0 0 경기74아3357 4 70 234001511 222000182 40 
2020-12-22T11:04:17 0 0 경기74아3357 4 70 234001511 222000328 41 
2020-12-22T11:05:17 0 0 경기74아3357 4 70 234001511 222000327 42 
2020-12-22T11:06:17 0 0 경기74아3357 4 70 234001511 222000326 43 
2020-12-22T11:07:16 0 0 경기74아3357 4 70 234001511 222000324 46 
2020-12-22T11:08:16 0 0 경기74아3357 4 70 234001511 222000174 48 
2020-12-22T11:09:16 0 0 경기74아3357 4 70 234001511 222000173 50 
2020-12-22T11:10:15 0 0 경기74아3357 4 70 234001511 222000173 50 
2020-12-22T11:11:15 0 0 경기74아3357 4 70 234001511 222000163 51 
2020-12-22T11:12:14 0 0 경기74아3357 4 70 234001511 222000958 52 
2020-12-22T11:13:13 0 0 경기74아3357 4 70 234001511 222001580 53 
2020-12-22T11:14:12 0 0 경기74아3357 4 70 234001511 222001580 53 
2020-12-22T11:15:12 0 0 경기74아3357 4 70 234001511 222001096 55 
2020-12-22T11:16:11 0 0 경기74아3357 4 70 234001511 222001096 55 
2020-12-22T11:17:10 0 0 경기74아3357 4 70 234001511 222000825 57 
2020-12-22T11:18:11 0 0 경기74아3357 4 70 234001511 222000825 57 
2020-12-22T11:19:10 0 0 경기74아3357 4 70 234001511 222000825 57 
2020-12-22T11:20:08 0 0 경기74아3357 4 70 234001511 222000825 57 
2020-12-22T11:21:09 0 0 경기74아3357 4 70 234001511 222000825 57 
2020-12-22T11:22:08 0 0 경기74아3357 4 70 234001511 222000825 57 
2020-12-22T11:23:07 0 0 경기74아3357 4 70 234001511 222000825 57 
2020-12-22T11:24:06 0 0 경기74아3357 4 70 234001511 222000825 57 
2020-12-22T11:25:06 0 0 경기74아3357 4 70 234001511 222000825 57 
2020-12-22T11:26:06 0 0 경기74아3357 4 70 234001511 222000825 57 
2020-12-22T11:27:05 0 0 경기74아3357 4 70 234001511 222000825 57 
2020-12-22T11:28:04 0 0 경기74아3357 4 70 234001511 222000825 57 
2020-12-22T11:29:04 0 0 경기74아3357 4 70 234001511 222000825 57 
2020-12-22T11:30:04 0 0 경기74아3357 4 70 234001511 222000825 57 
2020-12-22T11:31:03 0 0 경기74아3357 4 70 234001511 222000825 57 
2020-12-22T12:20:42 0 0 경기74아3380 4 72 234001511 222000824 1 
2020-12-22T12:21:41 0 0 경기74아3380 4 72 234001511 222000824 1 
2020-12-22T12:22:41 0 0 경기74아3380 4 72 234001511 222000171 2 
2020-12-22T12:23:40 0 0 경기74아3380 4 70 234001511 222000170 3 
2020-12-22T12:24:39 0 0 경기74아3380 4 70 234001511 222000323 4 
2020-12-22T12:25:39 0 0 경기74아3380 4 70 234001511 222000323 4 
2020-12-22T12:26:39 0 0 경기74아3380 4 70 234001511 222000322 5 
2020-12-22T12:27:38 0 0 경기74아3380 4 69 234001511 222000320 7 
2020-12-22T12:28:38 0 0 경기74아3380 4 69 234001511 222000181 8 
2020-12-22T12:29:37 0 0 경기74아3380 4 69 234001511 222000180 9 
2020-12-22T12:30:37 0 0 경기74아3380 4 69 234001511 222000179 10 
2020-12-22T12:31:37 0 0 경기74아3380 4 69 234001511 222000179 10 
2020-12-22T12:32:36 0 0 경기74아3380 4 68 234001511 222000178 11 
2020-12-22T12:33:36 0 0 경기74아3380 4 68 234001511 222000178 11 
2020-12-22T12:34:35 0 0 경기74아3380 4 67 234001511 222000177 12 
2020-12-22T12:35:34 0 0 경기74아3380 4 67 234001511 222000177 12 
2020-12-22T12:36:34 0 0 경기74아3380 4 67 234001511 222000177 12 
2020-12-22T12:37:34 0 0 경기74아3380 4 67 234001511 277102831 13 
2020-12-22T12:38:34 0 0 경기74아3380 4 67 234001511 277102831 13 
2020-12-22T12:39:33 0 0 경기74아3380 4 67 234001511 277102831 13 
2020-12-22T12:40:32 0 0 경기74아3380 4 67 234001511 277102831 13 
2020-12-22T12:41:32 0 0 경기74아3380 4 67 234001511 277102833 14 
2020-12-22T12:41:32 0 0 경기74아3357 4 70 234001511 222000824 1 
2020-12-22T12:42:32 0 0 경기74아3357 4 70 234001511 222000171 2 
2020-12-22T12:42:32 0 0 경기74아3380 4 67 234001511 277102835 15 
2020-12-22T12:43:31 0 0 경기74아3380 4 67 234001511 277102835 15 
2020-12-22T12:43:31 0 0 경기74아3357 4 70 234001511 222000170 3 
2020-12-22T12:44:31 0 0 경기74아3357 4 70 234001511 222000170 3 
2020-12-22T12:44:31 0 0 경기74아3380 4 67 234001511 222000302 17 
2020-12-22T12:45:31 0 0 경기74아3380 4 67 234001511 222000302 17 
2020-12-22T12:45:31 0 0 경기74아3357 4 70 234001511 222000322 5 
2020-12-22T12:46:31 0 0 경기74아3380 4 67 234001511 222000302 17 
2020-12-22T12:46:31 0 0 경기74아3357 4 69 234001511 222000321 6 
2020-12-22T12:47:31 0 0 경기74아3357 4 69 234001511 222000320 7 
2020-12-22T12:47:31 0 0 경기74아3380 4 67 234001511 221000039 18 
2020-12-22T12:48:30 0 0 경기74아3357 4 69 234001511 222000320 7 
2020-12-22T12:48:30 0 0 경기74아3380 4 67 234001511 277100104 19 
2020-12-22T12:49:30 0 0 경기74아3357 4 69 234001511 222000320 7 
2020-12-22T12:49:30 0 0 경기74아3380 4 67 234001511 277103306 20 
2020-12-22T12:50:28 0 0 경기74아3380 4 67 234001511 277103306 20 
2020-12-22T12:50:28 0 0 경기74아3357 4 69 234001511 222000181 8 
2020-12-22T12:51:29 0 0 경기74아3380 4 67 234001511 277103306 20 
2020-12-22T12:51:29 0 0 경기74아3357 4 69 234001511 222000180 9 
2020-12-22T12:52:28 0 0 경기74아3357 4 69 234001511 222000179 10 
2020-12-22T12:52:28 0 0 경기74아3380 4 67 234001511 277103306 20 
2020-12-22T12:53:27 0 0 경기74아3380 4 67 234001511 277102674 21 
2020-12-22T12:53:27 0 0 경기74아3357 4 68 234001511 222000179 10 
2020-12-22T12:54:27 0 0 경기74아3380 4 67 234001511 277103309 22 
2020-12-22T12:54:27 0 0 경기74아3357 4 68 234001511 222000178 11 
2020-12-22T12:55:27 0 0 경기74아3357 4 67 234001511 222000178 11 
2020-12-22T12:55:27 0 0 경기74아3380 4 67 234001511 277103309 22 
2020-12-22T12:56:25 0 0 경기74아3380 4 67 234001511 277103308 23 
2020-12-22T12:56:25 0 0 경기74아3357 4 64 234001511 222000177 12 
2020-12-22T12:57:24 0 0 경기74아3380 4 67 234001511 277103308 23 
2020-12-22T12:57:24 0 0 경기74아3357 4 64 234001511 222000177 12 
2020-12-22T12:58:24 0 0 경기74아3357 4 64 234001511 222000177 12 
2020-12-22T12:58:24 0 0 경기74아3380 4 67 234001511 277102302 24 
2020-12-22T12:59:24 0 0 경기74아3380 4 67 234001511 277102302 24 
2020-12-22T12:59:24 0 0 경기74아3357 4 64 234001511 277102831 13 
2020-12-22T13:00:24 0 0 경기74아3380 4 67 234001511 277102302 24 
2020-12-22T13:00:24 0 0 경기74아3357 4 64 234001511 277102831 13 
2020-12-22T13:01:24 0 0 경기74아3380 4 67 234001511 277102302 24 
2020-12-22T13:01:24 0 0 경기74아3357 4 64 234001511 277102831 13 
2020-12-22T13:02:24 0 0 경기74아3357 4 64 234001511 277102831 13 
2020-12-22T13:02:24 0 0 경기74아3380 4 67 234001511 123000611 25 
2020-12-22T13:03:23 0 0 경기74아3380 4 67 234001511 123000611 25 
2020-12-22T13:03:23 0 0 경기74아3357 4 64 234001511 277102833 14 
2020-12-22T13:04:23 0 0 경기74아3380 4 67 234001511 123000611 25 
2020-12-22T13:04:23 0 0 경기74아3357 4 64 234001511 277102833 14 
2020-12-22T13:05:24 0 0 경기74아3380 4 67 234001511 123000611 25 
2020-12-22T13:05:24 0 0 경기74아3357 4 64 234001511 277102835 15 
2020-12-22T13:06:22 0 0 경기74아3380 4 67 234001511 123000611 25 
2020-12-22T13:06:22 0 0 경기74아3357 4 64 234001511 277102835 15 
2020-12-22T13:07:22 0 0 경기74아3380 4 67 234001511 123000611 25 
2020-12-22T13:07:22 0 0 경기74아3357 4 64 234001511 277102837 16 
2020-12-22T13:08:22 0 0 경기74아3380 4 67 234001511 123000611 25 
2020-12-22T13:08:22 0 0 경기74아3357 4 64 234001511 222000302 17 
2020-12-22T13:09:20 0 0 경기74아3380 4 67 234001511 123000611 25 
2020-12-22T13:09:20 0 0 경기74아3357 4 64 234001511 222000302 17 
2020-12-22T13:10:20 0 0 경기74아3380 4 67 234001511 123000611 25 
2020-12-22T13:10:20 0 0 경기74아3357 4 64 234001511 222000302 17 
2020-12-22T13:11:20 0 0 경기74아3380 4 67 234001511 123000611 25 
2020-12-22T13:11:20 0 0 경기74아3357 4 64 234001511 277100104 19 
2020-12-22T13:12:20 0 0 경기74아3380 4 67 234001511 123000611 25 
2020-12-22T13:12:20 0 0 경기74아3357 4 64 234001511 277100104 19 
2020-12-22T13:13:19 0 0 경기74아3357 4 64 234001511 277103306 20 
2020-12-22T13:13:19 0 0 경기74아3380 4 67 234001511 277103310 26 
2020-12-22T13:14:19 0 0 경기74아3357 4 64 234001511 277103306 20 
2020-12-22T13:14:19 0 0 경기74아3380 4 67 234001511 277102675 27 
2020-12-22T13:15:18 0 0 경기74아3357 4 64 234001511 277103306 20 
2020-12-22T13:15:18 0 0 경기74아3380 4 67 234001511 277102675 27 
2020-12-22T13:16:18 0 0 경기74아3380 4 67 234001511 277102675 27 
2020-12-22T13:16:18 0 0 경기74아3357 4 64 234001511 277103306 20 
2020-12-22T13:17:17 0 0 경기74아3357 4 64 234001511 277102674 21 
2020-12-22T13:17:17 0 0 경기74아3380 4 67 234001511 277103307 28 
2020-12-22T13:18:17 0 0 경기74아3380 4 67 234001511 277103307 28 
2020-12-22T13:18:17 0 0 경기74아3357 4 64 234001511 277103309 22 
2020-12-22T13:19:17 0 0 경기74아3357 4 64 234001511 277103308 23 
2020-12-22T13:19:17 0 0 경기74아3380 4 67 234001511 221000238 30 
2020-12-22T13:20:17 0 0 경기74아3357 4 64 234001511 277103308 23 
2020-12-22T13:20:17 0 0 경기74아3380 4 67 234001511 221000238 30 
2020-12-22T13:21:17 0 0 경기74아3380 4 67 234001511 221000238 30 
2020-12-22T13:21:17 0 0 경기74아3357 4 64 234001511 277102302 24 
2020-12-22T13:22:16 0 0 경기74아3357 4 64 234001511 277102302 24 
2020-12-22T13:22:16 0 0 경기74아3380 4 67 234001511 222000301 31 
2020-12-22T13:23:16 0 0 경기74아3380 4 67 234001511 277102838 32 
2020-12-22T13:23:16 0 0 경기74아3357 4 64 234001511 277102302 24 
2020-12-22T13:24:15 0 0 경기74아3357 4 64 234001511 123000611 25 
2020-12-22T13:24:15 0 0 경기74아3380 4 67 234001511 277102836 33 
2020-12-22T13:25:15 0 0 경기74아3357 4 64 234001511 123000611 25 
2020-12-22T13:25:15 0 0 경기74아3380 4 67 234001511 277102836 33 
2020-12-22T13:26:14 0 0 경기74아3357 4 64 234001511 123000611 25 
2020-12-22T13:26:14 0 0 경기74아3380 4 67 234001511 277102834 34 
2020-12-22T13:27:14 0 0 경기74아3357 4 64 234001511 123000611 25 
2020-12-22T13:27:14 0 0 경기74아3380 4 67 234001511 277102834 34 
2020-12-22T13:28:13 0 0 경기74아3357 4 64 234001511 123000611 25 
2020-12-22T13:28:13 0 0 경기74아3380 4 67 234001511 277102834 34 
2020-12-22T13:29:13 0 0 경기74아3357 4 64 234001511 123000611 25 
2020-12-22T13:29:13 0 0 경기74아3380 4 67 234001511 277102834 34 
2020-12-22T13:30:13 0 0 경기74아3357 4 64 234001511 123000611 25 
2020-12-22T13:30:13 0 0 경기74아3380 4 67 234001511 277102832 35 
2020-12-22T13:31:13 0 0 경기74아3357 4 64 234001511 123000611 25 
2020-12-22T13:31:13 0 0 경기74아3380 4 67 234001511 277102832 35 
2020-12-22T13:32:13 0 0 경기74아3380 4 67 234001511 277102832 35 
2020-12-22T13:32:13 0 0 경기74아3357 4 67 234001511 123000611 25 
2020-12-22T13:33:12 0 0 경기74아3357 4 67 234001511 123000611 25 
2020-12-22T13:33:12 0 0 경기74아3380 4 67 234001511 222000186 36 
2020-12-22T13:34:12 0 0 경기74아3380 4 67 234001511 222000185 37 
2020-12-22T13:34:12 0 0 경기74아3357 4 67 234001511 123000611 25 
2020-12-22T13:35:12 0 0 경기74아3380 4 68 234001511 222000185 37 
2020-12-22T13:35:12 0 0 경기74아3357 4 67 234001511 277103310 26 
2020-12-22T13:36:11 0 0 경기74아3357 4 67 234001511 277102675 27 
2020-12-22T13:36:11 0 0 경기74아3380 4 70 234001511 222000184 38 
2020-12-22T13:37:11 0 0 경기74아3357 4 67 234001511 277102675 27 
2020-12-22T13:37:11 0 0 경기74아3380 4 70 234001511 222000182 40 
2020-12-22T13:38:10 0 0 경기74아3357 4 67 234001511 277102675 27 
2020-12-22T13:38:10 0 0 경기74아3380 4 70 234001511 222000328 41 
2020-12-22T13:39:09 0 0 경기74아3380 4 70 234001511 222000326 43 
2020-12-22T13:39:09 0 0 경기74아3357 4 67 234001511 277103307 28 
2020-12-22T13:40:09 0 0 경기74아3357 4 67 234001511 277103307 28 
2020-12-22T13:40:09 0 0 경기74아3380 4 70 234001511 222000325 44 
2020-12-22T13:41:08 0 0 경기74아3357 4 67 234001511 277103313 29 
2020-12-22T13:41:08 0 0 경기74아3380 4 70 234001511 222000324 46 
2020-12-22T13:42:07 0 0 경기74아3380 4 70 234001511 222000324 46 
2020-12-22T13:42:07 0 0 경기74아3357 4 67 234001511 221000238 30 
2020-12-22T13:43:06 0 0 경기74아3357 4 67 234001511 221000238 30 
2020-12-22T13:43:06 0 0 경기74아3380 4 71 234001511 222000175 47 
2020-12-22T13:44:06 0 0 경기74아3357 4 67 234001511 222000301 31 
2020-12-22T13:44:06 0 0 경기74아3380 4 72 234001511 222001419 49 
2020-12-22T13:45:07 0 0 경기74아3357 4 67 234001511 277102838 32 
2020-12-22T13:45:07 0 0 경기74아3380 4 72 234001511 222000163 51 
2020-12-22T13:46:05 0 0 경기74아3380 4 72 234001511 222000163 51 
2020-12-22T13:46:05 0 0 경기74아3357 4 67 234001511 277102836 33 
2020-12-22T13:47:06 0 0 경기74아3357 4 67 234001511 277102836 33 
2020-12-22T13:47:06 0 0 경기74아3380 4 72 234001511 222000958 52 
2020-12-22T13:48:05 0 0 경기74아3380 4 72 234001511 222001580 53 
2020-12-22T13:48:05 0 0 경기74아3357 4 67 234001511 277102834 34 
2020-12-22T13:49:04 0 0 경기74아3380 4 72 234001511 222001580 53 
2020-12-22T13:49:04 0 0 경기74아3357 4 67 234001511 277102834 34 
2020-12-22T13:50:03 0 0 경기74아3357 4 67 234001511 277102834 34 
2020-12-22T13:50:03 0 0 경기74아3380 4 72 234001511 222000164 54 
2020-12-22T13:51:03 0 0 경기74아3357 4 67 234001511 277102834 34 
2020-12-22T13:51:03 0 0 경기74아3380 4 72 234001511 222001096 55 
2020-12-22T13:52:03 0 0 경기74아3380 4 72 234001511 222000166 56 
2020-12-22T13:52:03 0 0 경기74아3357 4 67 234001511 277102832 35 
2020-12-22T13:53:03 0 0 경기74아3357 4 67 234001511 277102832 35 
2020-12-22T13:53:03 0 0 경기74아3380 4 72 234001511 222000825 57 
2020-12-22T13:54:03 0 0 경기74아3357 4 67 234001511 277102832 35 
2020-12-22T13:55:03 0 0 경기74아3357 4 67 234001511 222000186 36 
2020-12-22T13:56:02 0 0 경기74아3357 4 67 234001511 222000186 36 
2020-12-22T13:57:01 0 0 경기74아3357 4 67 234001511 222000185 37 
2020-12-22T13:58:01 0 0 경기74아3357 4 67 234001511 222000184 38 
2020-12-22T13:59:01 0 0 경기74아3357 4 67 234001511 222000182 40 
2020-12-22T14:00:00 0 0 경기74아3357 4 67 234001511 222000327 42 
2020-12-22T14:01:00 0 0 경기74아3357 4 67 234001511 222000326 43 
2020-12-22T14:02:00 0 0 경기74아3357 4 67 234001511 222000325 44 
2020-12-22T14:03:00 0 0 경기74아3357 4 67 234001511 222000324 46 
2020-12-22T14:04:00 0 0 경기74아3357 4 67 234001511 222000324 46 
2020-12-22T14:04:59 0 0 경기74아3357 4 67 234001511 222000175 47 
2020-12-22T14:05:59 0 0 경기74아3357 4 68 234001511 222000174 48 
2020-12-22T14:06:59 0 0 경기74아3357 4 68 234001511 222000173 50 
2020-12-22T14:07:58 0 0 경기74아3357 4 68 234001511 222000173 50 
2020-12-22T14:08:58 0 0 경기74아3357 4 70 234001511 222000163 51 
2020-12-22T14:09:58 0 0 경기74아3357 4 70 234001511 222000958 52 
2020-12-22T14:10:58 0 0 경기74아3357 4 70 234001511 222001580 53 
2020-12-22T14:11:58 0 0 경기74아3357 4 70 234001511 222000164 54 
2020-12-22T14:12:58 0 0 경기74아3357 4 70 234001511 222001096 55 
2020-12-22T14:13:57 0 0 경기74아3357 4 70 234001511 222000166 56 
2020-12-22T14:14:57 0 0 경기74아3357 4 70 234001511 222000825 57 
2020-12-22T14:15:57 0 0 경기74아3357 4 70 234001511 222000825 57 
2020-12-22T14:16:55 0 0 경기74아3357 4 70 234001511 222000825 57 
2020-12-22T14:17:55 0 0 경기74아3357 4 70 234001511 222000825 57 
2020-12-22T14:18:54 0 0 경기74아3357 4 70 234001511 222000825 57 
2020-12-22T14:19:54 0 0 경기74아3357 4 70 234001511 222000825 57 
2020-12-22T14:20:54 0 0 경기74아3357 4 70 234001511 222000825 57 
2020-12-22T14:21:53 0 0 경기74아3357 4 70 234001511 222000825 57 
2020-12-22T14:22:53 0 0 경기74아3357 4 70 234001511 222000825 57 
2020-12-22T14:23:52 0 0 경기74아3357 4 70 234001511 222000825 57 
2020-12-22T14:24:51 0 0 경기74아3357 4 70 234001511 222000825 57 
2020-12-22T14:25:50 0 0 경기74아3357 4 70 234001511 222000825 57 
2020-12-22T14:26:50 0 0 경기74아3357 4 70 234001511 222000825 57 
2020-12-22T14:27:50 0 0 경기74아3357 4 70 234001511 222000825 57 
2020-12-22T14:28:50 0 0 경기74아3357 4 70 234001511 222000825 57 
2020-12-22T15:21:24 0 0 경기74아3380 4 72 234001511 222000824 1 
2020-12-22T15:22:23 0 0 경기74아3380 4 72 234001511 222000171 2 
2020-12-22T15:23:23 0 0 경기74아3380 4 72 234001511 222000170 3 
2020-12-22T15:24:23 0 0 경기74아3380 4 71 234001511 222000170 3 
2020-12-22T15:25:22 0 0 경기74아3380 4 71 234001511 222000170 3 
2020-12-22T15:26:22 0 0 경기74아3380 4 71 234001511 222000322 5 
2020-12-22T15:27:22 0 0 경기74아3380 4 71 234001511 222000321 6 
2020-12-22T15:28:22 0 0 경기74아3380 4 72 234001511 222000320 7 
2020-12-22T15:29:22 0 0 경기74아3380 4 72 234001511 222000320 7 
2020-12-22T15:30:21 0 0 경기74아3380 4 72 234001511 222000320 7 
2020-12-22T15:31:20 0 0 경기74아3380 4 72 234001511 222000320 7 
2020-12-22T15:32:20 0 0 경기74아3380 4 72 234001511 222000180 9 
2020-12-22T15:33:20 0 0 경기74아3380 4 72 234001511 222000180 9 
2020-12-22T15:34:20 0 0 경기74아3380 4 72 234001511 222000179 10 
2020-12-22T15:35:19 0 0 경기74아3380 4 72 234001511 222000178 11 
2020-12-22T15:36:20 0 0 경기74아3380 4 72 234001511 222000178 11 
2020-12-22T15:37:18 0 0 경기74아3380 4 72 234001511 222000177 12 
2020-12-22T15:38:18 0 0 경기74아3380 4 72 234001511 222000177 12 
2020-12-22T15:39:18 0 0 경기74아3380 4 72 234001511 222000177 12 
2020-12-22T15:40:18 0 0 경기74아3380 4 72 234001511 277102831 13 
2020-12-22T15:41:17 0 0 경기74아3380 4 72 234001511 277102831 13 
2020-12-22T15:41:17 0 0 경기74아3357 4 70 234001511 222000824 1 
2020-12-22T15:42:17 0 0 경기74아3380 4 72 234001511 277102831 13 
2020-12-22T15:42:17 0 0 경기74아3357 4 70 234001511 222000824 1 
2020-12-22T15:43:16 0 0 경기74아3380 4 72 234001511 277102833 14 
2020-12-22T15:43:16 0 0 경기74아3357 4 69 234001511 222000170 3 
2020-12-22T15:44:17 0 0 경기74아3380 4 72 234001511 277102833 14 
2020-12-22T15:44:17 0 0 경기74아3357 4 69 234001511 222000170 3 
2020-12-22T15:45:15 0 0 경기74아3380 4 72 234001511 277102835 15 
2020-12-22T15:45:15 0 0 경기74아3357 4 69 234001511 222000322 5 
2020-12-22T15:46:15 0 0 경기74아3380 4 72 234001511 277102835 15 
2020-12-22T15:46:15 0 0 경기74아3357 4 69 234001511 222000320 7 
2020-12-22T15:47:15 0 0 경기74아3357 4 69 234001511 222000320 7 
2020-12-22T15:47:15 0 0 경기74아3380 4 72 234001511 277102837 16 
2020-12-22T15:48:14 0 0 경기74아3357 4 69 234001511 222000320 7 
2020-12-22T15:48:14 0 0 경기74아3380 4 72 234001511 222000302 17 
2020-12-22T15:49:14 0 0 경기74아3357 4 69 234001511 222000320 7 
2020-12-22T15:49:14 0 0 경기74아3380 4 72 234001511 222000302 17 
2020-12-22T15:50:13 0 0 경기74아3357 4 69 234001511 222000181 8 
2020-12-22T15:50:13 0 0 경기74아3380 4 72 234001511 221000039 18 
2020-12-22T15:51:12 0 0 경기74아3357 4 69 234001511 222000179 10 
2020-12-22T15:51:12 0 0 경기74아3380 4 72 234001511 277100104 19 
2020-12-22T15:52:12 0 0 경기74아3357 4 68 234001511 222000179 10 
2020-12-22T15:52:12 0 0 경기74아3380 4 72 234001511 277100104 19 
2020-12-22T15:53:12 0 0 경기74아3357 4 68 234001511 222000179 10 
2020-12-22T15:53:12 0 0 경기74아3380 4 72 234001511 277103306 20 
2020-12-22T15:54:12 0 0 경기74아3380 4 72 234001511 277103306 20 
2020-12-22T15:54:12 0 0 경기74아3357 4 66 234001511 222000178 11 
2020-12-22T15:55:12 0 0 경기74아3380 4 72 234001511 277103306 20 
2020-12-22T15:55:12 0 0 경기74아3357 4 66 234001511 222000178 11 
2020-12-22T15:56:11 0 0 경기74아3357 4 65 234001511 222000177 12 
2020-12-22T15:56:11 0 0 경기74아3380 4 72 234001511 277102674 21 
2020-12-22T15:57:11 0 0 경기74아3380 4 72 234001511 277103309 22 
2020-12-22T15:57:11 0 0 경기74아3357 4 65 234001511 222000177 12 
2020-12-22T15:58:11 0 0 경기74아3357 4 65 234001511 277102831 13 
2020-12-22T15:58:11 0 0 경기74아3380 4 72 234001511 277103309 22 
2020-12-22T15:59:11 0 0 경기74아3357 4 65 234001511 277102831 13 
2020-12-22T15:59:11 0 0 경기74아3380 4 72 234001511 277103308 23 
2020-12-22T16:00:10 0 0 경기74아3357 4 65 234001511 277102831 13 
2020-12-22T16:00:10 0 0 경기74아3380 4 72 234001511 277102302 24 
2020-12-22T16:01:11 0 0 경기74아3357 4 65 234001511 277102831 13 
2020-12-22T16:01:11 0 0 경기74아3380 4 72 234001511 277102302 24 
2020-12-22T16:02:10 0 0 경기74아3380 4 72 234001511 123000611 25 
2020-12-22T16:02:10 0 0 경기74아3357 4 65 234001511 277102833 14 
2020-12-22T16:03:09 0 0 경기74아3380 4 72 234001511 123000611 25 
2020-12-22T16:03:09 0 0 경기74아3357 4 65 234001511 277102833 14 
2020-12-22T16:04:10 0 0 경기74아3380 4 72 234001511 123000611 25 
2020-12-22T16:04:10 0 0 경기74아3357 4 65 234001511 277102835 15 
2020-12-22T16:05:09 0 0 경기74아3380 4 72 234001511 123000611 25 
2020-12-22T16:05:09 0 0 경기74아3357 4 65 234001511 277102837 16 
2020-12-22T16:06:09 0 0 경기74아3380 4 72 234001511 123000611 25 
2020-12-22T16:06:09 0 0 경기74아3357 4 65 234001511 222000302 17 
2020-12-22T16:07:08 0 0 경기74아3380 4 72 234001511 123000611 25 
2020-12-22T16:07:08 0 0 경기74아3357 4 65 234001511 222000302 17 
2020-12-22T16:08:07 0 0 경기74아3380 4 72 234001511 123000611 25 
2020-12-22T16:08:07 0 0 경기74아3357 4 65 234001511 222000302 17 
2020-12-22T16:09:07 0 0 경기74아3380 4 72 234001511 123000611 25 
2020-12-22T16:09:07 0 0 경기74아3357 4 65 234001511 221000039 18 
2020-12-22T16:10:06 0 0 경기74아3357 4 65 234001511 277100104 19 
2020-12-22T16:10:06 0 0 경기74아3380 4 66 234001511 123000611 25 
2020-12-22T16:11:05 0 0 경기74아3380 4 66 234001511 123000611 25 
2020-12-22T16:11:05 0 0 경기74아3357 4 65 234001511 277103306 20 
2020-12-22T16:12:05 0 0 경기74아3380 4 66 234001511 123000611 25 
2020-12-22T16:12:05 0 0 경기74아3357 4 65 234001511 277103306 20 
2020-12-22T16:13:05 0 0 경기74아3357 4 65 234001511 277103306 20 
2020-12-22T16:13:05 0 0 경기74아3380 4 66 234001511 123000611 25 
2020-12-22T16:14:05 0 0 경기74아3357 4 65 234001511 277103306 20 
2020-12-22T16:14:05 0 0 경기74아3380 4 66 234001511 277103310 26 
2020-12-22T16:15:04 0 0 경기74아3380 4 66 234001511 277102675 27 
2020-12-22T16:15:04 0 0 경기74아3357 4 65 234001511 277102674 21 
2020-12-22T16:16:04 0 0 경기74아3380 4 66 234001511 277102675 27 
2020-12-22T16:16:04 0 0 경기74아3357 4 65 234001511 277103309 22 
2020-12-22T16:17:04 0 0 경기74아3380 4 66 234001511 277102675 27 
2020-12-22T16:17:04 0 0 경기74아3357 4 65 234001511 277103309 22 
2020-12-22T16:18:03 0 0 경기74아3357 4 65 234001511 277103308 23 
2020-12-22T16:18:03 0 0 경기74아3380 4 66 234001511 277103307 28 
2020-12-22T16:19:03 0 0 경기74아3357 4 65 234001511 277103308 23 
2020-12-22T16:19:03 0 0 경기74아3380 4 66 234001511 277103307 28 
2020-12-22T16:20:02 0 0 경기74아3357 4 65 234001511 277102302 24 
2020-12-22T16:20:02 0 0 경기74아3380 4 66 234001511 277103313 29 
2020-12-22T16:21:02 0 0 경기74아3380 4 66 234001511 277103313 29 
2020-12-22T16:21:02 0 0 경기74아3357 4 65 234001511 277102302 24 
2020-12-22T16:22:01 0 0 경기74아3357 4 65 234001511 277102302 24 
2020-12-22T16:22:01 0 0 경기74아3380 4 66 234001511 221000238 30 
2020-12-22T16:23:01 0 0 경기74아3357 4 65 234001511 277102302 24 
2020-12-22T16:23:01 0 0 경기74아3380 4 66 234001511 221000238 30 
2020-12-22T16:24:01 0 0 경기74아3380 4 66 234001511 221000238 30 
2020-12-22T16:24:01 0 0 경기74아3357 4 65 234001511 123000611 25 
2020-12-22T16:25:01 0 0 경기74아3357 4 65 234001511 123000611 25 
2020-12-22T16:25:01 0 0 경기74아3380 4 66 234001511 277102838 32 
2020-12-22T16:26:01 0 0 경기74아3357 4 65 234001511 123000611 25 
2020-12-22T16:26:01 0 0 경기74아3380 4 66 234001511 277102838 32 
2020-12-22T16:27:01 0 0 경기74아3357 4 65 234001511 123000611 25 
2020-12-22T16:27:01 0 0 경기74아3380 4 66 234001511 277102836 33 
2020-12-22T16:28:00 0 0 경기74아3357 4 65 234001511 123000611 25 
2020-12-22T16:28:00 0 0 경기74아3380 4 66 234001511 277102836 33 
2020-12-22T16:29:00 0 0 경기74아3357 4 65 234001511 123000611 25 
2020-12-22T16:29:00 0 0 경기74아3380 4 66 234001511 277102834 34 
2020-12-22T16:30:00 0 0 경기74아3357 4 65 234001511 123000611 25 
2020-12-22T16:30:00 0 0 경기74아3380 4 66 234001511 277102834 34 
2020-12-22T16:30:59 0 0 경기74아3357 4 65 234001511 123000611 25 
2020-12-22T16:30:59 0 0 경기74아3380 4 66 234001511 277102834 34 
2020-12-22T16:31:59 0 0 경기74아3380 4 66 234001511 277102834 34 
2020-12-22T16:31:59 0 0 경기74아3357 4 68 234001511 123000611 25 
2020-12-22T16:32:59 0 0 경기74아3357 4 68 234001511 123000611 25 
2020-12-22T16:32:59 0 0 경기74아3380 4 66 234001511 277102832 35 
2020-12-22T16:33:58 0 0 경기74아3380 4 66 234001511 277102832 35 
2020-12-22T16:33:58 0 0 경기74아3357 4 68 234001511 123000611 25 
2020-12-22T16:34:58 0 0 경기74아3357 4 68 234001511 123000611 25 
2020-12-22T16:34:58 0 0 경기74아3380 4 67 234001511 222000186 36 
2020-12-22T16:35:57 0 0 경기74아3357 4 68 234001511 123000611 25 
2020-12-22T16:35:57 0 0 경기74아3380 4 68 234001511 222000186 36 
2020-12-22T16:36:57 0 0 경기74아3380 4 68 234001511 222000185 37 
2020-12-22T16:36:57 0 0 경기74아3357 4 68 234001511 277103310 26 
2020-12-22T16:37:56 0 0 경기74아3380 4 70 234001511 222000185 37 
2020-12-22T16:37:56 0 0 경기74아3357 4 68 234001511 277102675 27 
2020-12-22T16:38:56 0 0 경기74아3357 4 68 234001511 277102675 27 
2020-12-22T16:38:56 0 0 경기74아3380 4 70 234001511 222000184 38 
2020-12-22T16:39:57 0 0 경기74아3357 4 68 234001511 277102675 27 
2020-12-22T16:39:57 0 0 경기74아3380 4 70 234001511 222000184 38 
2020-12-22T16:40:55 0 0 경기74아3380 4 70 234001511 222000328 41 
2020-12-22T16:40:55 0 0 경기74아3357 4 68 234001511 277103307 28 
2020-12-22T16:41:55 0 0 경기74아3380 4 70 234001511 222000326 43 
2020-12-22T16:41:55 0 0 경기74아3357 4 68 234001511 277103313 29 
2020-12-22T16:42:55 0 0 경기74아3380 4 70 234001511 222000326 43 
2020-12-22T16:42:55 0 0 경기74아3357 4 68 234001511 277103313 29 
2020-12-22T16:43:54 0 0 경기74아3357 4 68 234001511 277103313 29 
2020-12-22T16:43:54 0 0 경기74아3380 4 70 234001511 222000749 45 
2020-12-22T16:44:54 0 0 경기74아3380 4 70 234001511 222000324 46 
2020-12-22T16:44:54 0 0 경기74아3357 4 68 234001511 221000238 30 
2020-12-22T16:45:53 0 0 경기74아3357 4 68 234001511 221000238 30 
2020-12-22T16:45:53 0 0 경기74아3380 4 71 234001511 222000174 48 
2020-12-22T16:46:54 0 0 경기74아3357 4 68 234001511 222000301 31 
2020-12-22T16:46:54 0 0 경기74아3380 4 71 234001511 222000173 50 
2020-12-22T16:47:53 0 0 경기74아3357 4 68 234001511 277102838 32 
2020-12-22T16:47:53 0 0 경기74아3380 4 71 234001511 222000163 51 
2020-12-22T16:48:53 0 0 경기74아3380 4 71 234001511 222000163 51 
2020-12-22T16:48:53 0 0 경기74아3357 4 68 234001511 277102836 33 
2020-12-22T16:49:52 0 0 경기74아3357 4 68 234001511 277102836 33 
2020-12-22T16:49:52 0 0 경기74아3380 4 71 234001511 222000958 52 
2020-12-22T16:50:52 0 0 경기74아3380 4 71 234001511 222001580 53 
2020-12-22T16:50:52 0 0 경기74아3357 4 68 234001511 277102834 34 
2020-12-22T16:51:52 0 0 경기74아3357 4 68 234001511 277102834 34 
2020-12-22T16:51:52 0 0 경기74아3380 4 72 234001511 222001580 53 
2020-12-22T16:52:51 0 0 경기74아3357 4 68 234001511 277102834 34 
2020-12-22T16:52:51 0 0 경기74아3380 4 72 234001511 222000164 54 
2020-12-22T16:53:51 0 0 경기74아3357 4 68 234001511 277102834 34 
2020-12-22T16:53:51 0 0 경기74아3380 4 72 234001511 222001096 55 
2020-12-22T16:54:50 0 0 경기74아3380 4 72 234001511 222000166 56 
2020-12-22T16:54:50 0 0 경기74아3357 4 68 234001511 277102832 35 
2020-12-22T16:55:50 0 0 경기74아3357 4 68 234001511 277102832 35 
2020-12-22T16:56:49 0 0 경기74아3357 4 68 234001511 277102832 35 
2020-12-22T16:57:49 0 0 경기74아3357 4 69 234001511 222000186 36 
2020-12-22T16:58:48 0 0 경기74아3357 4 69 234001511 222000185 37 
2020-12-22T16:59:48 0 0 경기74아3357 4 69 234001511 222000185 37 
2020-12-22T17:00:48 0 0 경기74아3357 4 69 234001511 222000184 38 
2020-12-22T17:01:48 0 0 경기74아3357 4 69 234001511 222000184 38 
2020-12-22T17:02:47 0 0 경기74아3357 4 69 234001511 222000328 41 
2020-12-22T17:03:46 0 0 경기74아3357 4 69 234001511 222000326 43 
2020-12-22T17:04:46 0 0 경기74아3357 4 69 234001511 222000326 43 
2020-12-22T17:05:46 0 0 경기74아3357 4 69 234001511 222000749 45 
2020-12-22T17:06:46 0 0 경기74아3357 4 69 234001511 222000324 46 
2020-12-22T17:07:45 0 0 경기74아3357 4 69 234001511 222000175 47 
2020-12-22T17:08:45 0 0 경기74아3357 4 70 234001511 222001419 49 
2020-12-22T17:09:45 0 0 경기74아3357 4 70 234001511 222000163 51 
2020-12-22T17:10:44 0 0 경기74아3357 4 70 234001511 222000163 51 
2020-12-22T17:11:44 0 0 경기74아3357 4 70 234001511 222000958 52 
2020-12-22T17:12:44 0 0 경기74아3357 4 70 234001511 222000958 52 
2020-12-22T17:13:44 0 0 경기74아3357 4 70 234001511 222000958 52 
2020-12-22T17:14:43 0 0 경기74아3357 4 70 234001511 222001580 53 
2020-12-22T17:15:43 0 0 경기74아3357 4 70 234001511 222001096 55 
2020-12-22T17:16:43 0 0 경기74아3357 4 70 234001511 222000166 56 
2020-12-22T17:17:43 0 0 경기74아3357 4 70 234001511 222000825 57 
2020-12-22T17:18:42 0 0 경기74아3357 4 70 234001511 222000825 57 
2020-12-22T17:19:42 0 0 경기74아3357 4 70 234001511 222000825 57 
2020-12-22T17:20:42 0 0 경기74아3357 4 70 234001511 222000825 57 
2020-12-22T17:21:41 0 0 경기74아3357 4 70 234001511 222000825 57 
2020-12-22T17:22:41 0 0 경기74아3357 4 70 234001511 222000825 57 
2020-12-22T17:23:41 0 0 경기74아3357 4 70 234001511 222000825 57 
2020-12-22T17:24:39 0 0 경기74아3357 4 70 234001511 222000825 57 
2020-12-22T17:25:39 0 0 경기74아3357 4 70 234001511 222000825 57 
2020-12-22T17:26:38 0 0 경기74아3357 4 70 234001511 222000825 57 
2020-12-22T17:27:40 0 0 경기74아3357 4 70 234001511 222000825 57 
2020-12-22T17:28:38 0 0 경기74아3357 4 70 234001511 222000825 57 
2020-12-22T17:29:37 0 0 경기74아3357 4 70 234001511 222000825 57 
2020-12-22T17:30:37 0 0 경기74아3357 4 70 234001511 222000825 57 
2020-12-22T17:31:37 0 0 경기74아3357 4 70 234001511 222000825 57 
2020-12-22T18:10:23 0 0 경기74아3380 4 72 234001511 222000824 1 
2020-12-22T18:11:22 0 0 경기74아3380 4 72 234001511 222000824 1 
2020-12-22T18:12:22 0 0 경기74아3380 4 72 234001511 222000824 1 
2020-12-22T18:13:22 0 0 경기74아3380 4 72 234001511 222000171 2 
2020-12-22T18:14:22 0 0 경기74아3380 4 72 234001511 222000171 2 
2020-12-22T18:15:20 0 0 경기74아3380 4 72 234001511 222000170 3 
2020-12-22T18:16:20 0 0 경기74아3380 4 72 234001511 222000170 3 
2020-12-22T18:17:20 0 0 경기74아3380 4 72 234001511 222000170 3 
2020-12-22T18:18:19 0 0 경기74아3380 4 72 234001511 222000323 4 
2020-12-22T18:19:19 0 0 경기74아3380 4 72 234001511 222000321 6 
2020-12-22T18:20:18 0 0 경기74아3380 4 72 234001511 222000320 7 
2020-12-22T18:21:18 0 0 경기74아3380 4 72 234001511 222000320 7 
2020-12-22T18:22:18 0 0 경기74아3380 4 72 234001511 222000320 7 
2020-12-22T18:23:16 0 0 경기74아3380 4 72 234001511 222000320 7 
2020-12-22T18:24:16 0 0 경기74아3380 4 72 234001511 222000181 8 
2020-12-22T18:25:16 0 0 경기74아3380 4 72 234001511 222000179 10 
2020-12-22T18:26:16 0 0 경기74아3380 4 72 234001511 222000179 10 
2020-12-22T18:27:15 0 0 경기74아3380 4 72 234001511 222000179 10 
2020-12-22T18:28:14 0 0 경기74아3380 4 72 234001511 222000178 11 
2020-12-22T18:29:14 0 0 경기74아3380 4 72 234001511 222000178 11 
2020-12-22T18:30:13 0 0 경기74아3380 4 72 234001511 222000177 12 
2020-12-22T18:31:13 0 0 경기74아3380 4 72 234001511 222000177 12 
2020-12-22T18:32:13 0 0 경기74아3357 4 70 234001511 222000824 1 
2020-12-22T18:32:13 0 0 경기74아3380 4 72 234001511 277102831 13 
2020-12-22T18:33:13 0 0 경기74아3380 4 72 234001511 277102831 13 
2020-12-22T18:33:13 0 0 경기74아3357 4 68 234001511 222000171 2 
2020-12-22T18:34:12 0 0 경기74아3380 4 72 234001511 277102831 13 
2020-12-22T18:34:12 0 0 경기74아3357 4 68 234001511 222000323 4 
2020-12-22T18:35:12 0 0 경기74아3380 4 72 234001511 277102831 13 
2020-12-22T18:35:12 0 0 경기74아3357 4 68 234001511 222000322 5 
2020-12-22T18:36:12 0 0 경기74아3357 4 68 234001511 222000322 5 
2020-12-22T18:36:12 0 0 경기74아3380 4 72 234001511 277102833 14 
2020-12-22T18:37:10 0 0 경기74아3380 4 72 234001511 277102833 14 
2020-12-22T18:37:10 0 0 경기74아3357 4 68 234001511 222000320 7 
2020-12-22T18:38:11 0 0 경기74아3357 4 68 234001511 222000320 7 
2020-12-22T18:38:11 0 0 경기74아3380 4 72 234001511 277102835 15 
2020-12-22T18:39:10 0 0 경기74아3380 4 72 234001511 277102835 15 
2020-12-22T18:39:10 0 0 경기74아3357 4 68 234001511 222000180 9 
2020-12-22T18:40:09 0 0 경기74아3380 4 72 234001511 277102837 16 
2020-12-22T18:40:09 0 0 경기74아3357 4 67 234001511 222000179 10 
2020-12-22T18:41:09 0 0 경기74아3357 4 67 234001511 222000179 10 
2020-12-22T18:41:09 0 0 경기74아3380 4 72 234001511 222000302 17 
2020-12-22T18:42:09 0 0 경기74아3380 4 72 234001511 222000302 17 
2020-12-22T18:42:09 0 0 경기74아3357 4 67 234001511 222000179 10 
2020-12-22T18:43:08 0 0 경기74아3380 4 72 234001511 222000302 17 
2020-12-22T18:43:08 0 0 경기74아3357 4 67 234001511 222000177 12 
2020-12-22T18:44:08 0 0 경기74아3357 4 67 234001511 222000177 12 
2020-12-22T18:44:08 0 0 경기74아3380 4 72 234001511 222000302 17 
2020-12-22T18:45:08 0 0 경기74아3380 4 72 234001511 221000039 18 
2020-12-22T18:45:08 0 0 경기74아3357 4 67 234001511 277102831 13 
2020-12-22T18:46:07 0 0 경기74아3380 4 72 234001511 221000039 18 
2020-12-22T18:46:07 0 0 경기74아3357 4 67 234001511 277102831 13 
2020-12-22T18:47:07 0 0 경기74아3380 4 72 234001511 221000039 18 
2020-12-22T18:47:07 0 0 경기74아3357 4 67 234001511 277102831 13 
2020-12-22T18:48:07 0 0 경기74아3357 4 67 234001511 277102831 13 
2020-12-22T18:48:07 0 0 경기74아3380 4 72 234001511 277100104 19 
2020-12-22T18:49:07 0 0 경기74아3380 4 72 234001511 277100104 19 
2020-12-22T18:49:07 0 0 경기74아3357 4 67 234001511 277102833 14 
2020-12-22T18:50:06 0 0 경기74아3357 4 67 234001511 277102833 14 
2020-12-22T18:50:06 0 0 경기74아3380 4 72 234001511 277103306 20 
2020-12-22T18:51:05 0 0 경기74아3380 4 72 234001511 277103306 20 
2020-12-22T18:51:05 0 0 경기74아3357 4 67 234001511 277102835 15 
2020-12-22T18:52:06 0 0 경기74아3380 4 72 234001511 277103306 20 
2020-12-22T18:52:06 0 0 경기74아3357 4 67 234001511 277102835 15 
2020-12-22T18:53:05 0 0 경기74아3357 4 67 234001511 277102837 16 
2020-12-22T18:53:05 0 0 경기74아3380 4 72 234001511 277102674 21 
2020-12-22T18:54:04 0 0 경기74아3357 4 67 234001511 222000302 17 
2020-12-22T18:54:04 0 0 경기74아3380 4 72 234001511 277103309 22 
2020-12-22T18:55:04 0 0 경기74아3357 4 67 234001511 222000302 17 
2020-12-22T18:55:04 0 0 경기74아3380 4 72 234001511 277103309 22 
2020-12-22T18:56:04 0 0 경기74아3380 4 72 234001511 277103308 23 
2020-12-22T18:56:04 0 0 경기74아3357 4 67 234001511 221000039 18 
2020-12-22T18:57:04 0 0 경기74아3357 4 67 234001511 221000039 18 
2020-12-22T18:57:04 0 0 경기74아3380 4 72 234001511 277102302 24 
2020-12-22T18:58:03 0 0 경기74아3357 4 67 234001511 221000039 18 
2020-12-22T18:58:03 0 0 경기74아3380 4 72 234001511 277102302 24 
2020-12-22T18:59:03 0 0 경기74아3380 4 72 234001511 277102302 24 
2020-12-22T18:59:03 0 0 경기74아3357 4 67 234001511 277100104 19 
2020-12-22T19:00:03 0 0 경기74아3380 4 72 234001511 277102302 24 
2020-12-22T19:00:03 0 0 경기74아3357 4 67 234001511 277100104 19 
2020-12-22T19:01:02 0 0 경기74아3380 4 72 234001511 277102302 24 
2020-12-22T19:01:02 0 0 경기74아3357 4 67 234001511 277103306 20 
2020-12-22T19:02:01 0 0 경기74아3357 4 67 234001511 277103306 20 
2020-12-22T19:02:01 0 0 경기74아3380 4 72 234001511 123000611 25 
2020-12-22T19:03:01 0 0 경기74아3357 4 67 234001511 277103306 20 
2020-12-22T19:03:01 0 0 경기74아3380 4 72 234001511 123000611 25 
2020-12-22T19:04:00 0 0 경기74아3380 4 72 234001511 123000611 25 
2020-12-22T19:04:00 0 0 경기74아3357 4 67 234001511 277102674 21 
2020-12-22T19:04:59 0 0 경기74아3380 4 72 234001511 123000611 25 
2020-12-22T19:04:59 0 0 경기74아3357 4 67 234001511 277103309 22 
2020-12-22T19:05:59 0 0 경기74아3380 4 72 234001511 123000611 25 
2020-12-22T19:05:59 0 0 경기74아3357 4 67 234001511 277103309 22 
2020-12-22T19:06:59 0 0 경기74아3380 4 72 234001511 123000611 25 
2020-12-22T19:06:59 0 0 경기74아3357 4 67 234001511 277103309 22 
2020-12-22T19:07:59 0 0 경기74아3380 4 72 234001511 123000611 25 
2020-12-22T19:07:59 0 0 경기74아3357 4 67 234001511 277103308 23 
2020-12-22T19:08:58 0 0 경기74아3357 4 67 234001511 277102302 24 
2020-12-22T19:08:58 0 0 경기74아3380 4 24 234001511 123000611 25 
2020-12-22T19:09:57 0 0 경기74아3357 4 67 234001511 277102302 24 
2020-12-22T19:09:57 0 0 경기74아3380 4 24 234001511 123000611 25 
2020-12-22T19:10:57 0 0 경기74아3357 4 67 234001511 277102302 24 
2020-12-22T19:10:57 0 0 경기74아3380 4 24 234001511 123000611 25 
2020-12-22T19:11:57 0 0 경기74아3357 4 67 234001511 277102302 24 
2020-12-22T19:11:57 0 0 경기74아3380 4 24 234001511 123000611 25 
2020-12-22T19:12:57 0 0 경기74아3380 4 24 234001511 123000611 25 
2020-12-22T19:12:57 0 0 경기74아3357 4 67 234001511 123000611 25 
2020-12-22T19:13:56 0 0 경기74아3380 4 24 234001511 123000611 25 
2020-12-22T19:13:56 0 0 경기74아3357 4 67 234001511 123000611 25 
2020-12-22T19:14:56 0 0 경기74아3380 4 24 234001511 123000611 25 
2020-12-22T19:14:56 0 0 경기74아3357 4 67 234001511 123000611 25 
2020-12-22T19:15:56 0 0 경기74아3380 4 24 234001511 123000611 25 
2020-12-22T19:15:56 0 0 경기74아3357 4 67 234001511 123000611 25 
2020-12-22T19:16:55 0 0 경기74아3380 4 24 234001511 123000611 25 
2020-12-22T19:16:55 0 0 경기74아3357 4 67 234001511 123000611 25 
2020-12-22T19:17:54 0 0 경기74아3380 4 24 234001511 123000611 25 
2020-12-22T19:17:54 0 0 경기74아3357 4 67 234001511 123000611 25 
2020-12-22T19:18:54 0 0 경기74아3357 4 67 234001511 123000611 25 
2020-12-22T19:18:54 0 0 경기74아3380 4 24 234001511 123000611 25 
2020-12-22T19:19:54 0 0 경기74아3380 4 24 234001511 123000611 25 
2020-12-22T19:19:54 0 0 경기74아3357 4 58 234001511 123000611 25 
2020-12-22T19:20:53 0 0 경기74아3380 4 24 234001511 123000611 25 
2020-12-22T19:20:53 0 0 경기74아3357 4 58 234001511 123000611 25 
2020-12-22T19:21:53 0 0 경기74아3380 4 24 234001511 123000611 25 
2020-12-22T19:21:53 0 0 경기74아3357 4 58 234001511 123000611 25 
2020-12-22T19:22:53 0 0 경기74아3357 4 58 234001511 123000611 25 
2020-12-22T19:22:53 0 0 경기74아3380 4 24 234001511 123000611 25 
2020-12-22T19:23:53 0 0 경기74아3357 4 58 234001511 123000611 25 
2020-12-22T19:23:53 0 0 경기74아3380 4 24 234001511 123000611 25 
2020-12-22T19:24:53 0 0 경기74아3357 4 58 234001511 123000611 25 
2020-12-22T19:24:53 0 0 경기74아3380 4 24 234001511 123000611 25 
2020-12-22T19:25:52 0 0 경기74아3357 4 58 234001511 123000611 25 
2020-12-22T19:25:52 0 0 경기74아3380 4 24 234001511 123000611 25 
2020-12-22T19:26:52 0 0 경기74아3357 4 58 234001511 123000611 25 
2020-12-22T19:26:52 0 0 경기74아3380 4 24 234001511 123000611 25 
2020-12-22T19:27:52 0 0 경기74아3357 4 58 234001511 123000611 25 
2020-12-22T19:27:52 0 0 경기74아3380 4 24 234001511 123000611 25 
2020-12-22T19:28:52 0 0 경기74아3357 4 58 234001511 123000611 25 
2020-12-22T19:28:52 0 0 경기74아3380 4 24 234001511 277103310 26 
2020-12-22T19:29:51 0 0 경기74아3380 4 24 234001511 277103310 26 
2020-12-22T19:29:51 0 0 경기74아3357 4 58 234001511 123000611 25 
2020-12-22T19:30:50 0 0 경기74아3357 4 58 234001511 123000611 25 
2020-12-22T19:30:50 0 0 경기74아3380 4 24 234001511 277103310 26 
2020-12-22T19:31:50 0 0 경기74아3380 4 24 234001511 277103310 26 
2020-12-22T19:31:50 0 0 경기74아3357 4 58 234001511 123000611 25 
2020-12-22T19:32:50 0 0 경기74아3357 4 58 234001511 123000611 25 
2020-12-22T19:32:50 0 0 경기74아3380 4 24 234001511 277103310 26 
2020-12-22T19:33:50 0 0 경기74아3357 4 58 234001511 123000611 25 
2020-12-22T19:33:50 0 0 경기74아3380 4 24 234001511 277102675 27 
2020-12-22T19:34:50 0 0 경기74아3357 4 58 234001511 123000611 25 
2020-12-22T19:34:50 0 0 경기74아3380 4 24 234001511 277102675 27 
2020-12-22T19:35:50 0 0 경기74아3380 4 24 234001511 277102675 27 
2020-12-22T19:35:50 0 0 경기74아3357 4 58 234001511 123000611 25 
2020-12-22T19:36:48 0 0 경기74아3380 4 24 234001511 277102675 27 
2020-12-22T19:36:48 0 0 경기74아3357 4 58 234001511 123000611 25 
2020-12-22T19:37:48 0 0 경기74아3380 4 24 234001511 277102675 27 
2020-12-22T19:37:48 0 0 경기74아3357 4 58 234001511 277103310 26 
2020-12-22T19:38:48 0 0 경기74아3357 4 58 234001511 277103310 26 
2020-12-22T19:38:48 0 0 경기74아3380 4 24 234001511 277102675 27 
2020-12-22T19:39:48 0 0 경기74아3357 4 58 234001511 277103310 26 
2020-12-22T19:39:48 0 0 경기74아3380 4 24 234001511 277103307 28 
2020-12-22T19:40:47 0 0 경기74아3357 4 58 234001511 277103310 26 
2020-12-22T19:40:47 0 0 경기74아3380 4 24 234001511 277103307 28 
2020-12-22T19:41:47 0 0 경기74아3357 4 58 234001511 277103310 26 
2020-12-22T19:41:47 0 0 경기74아3380 4 24 234001511 221000238 30 
2020-12-22T19:42:47 0 0 경기74아3357 4 58 234001511 277103310 26 
2020-12-22T19:42:47 0 0 경기74아3380 4 24 234001511 221000238 30 
2020-12-22T19:43:47 0 0 경기74아3380 4 24 234001511 221000238 30 
2020-12-22T19:43:47 0 0 경기74아3357 4 58 234001511 277103310 26 
2020-12-22T19:44:47 0 0 경기74아3380 4 24 234001511 222000301 31 
2020-12-22T19:44:47 0 0 경기74아3357 4 58 234001511 277102675 27 
2020-12-22T19:45:48 0 0 경기74아3357 4 58 234001511 277102675 27 
2020-12-22T19:45:48 0 0 경기74아3380 4 24 234001511 222000301 31 
2020-12-22T19:46:46 0 0 경기74아3357 4 58 234001511 277102675 27 
2020-12-22T19:46:46 0 0 경기74아3380 4 24 234001511 277102838 32 
2020-12-22T19:47:45 0 0 경기74아3357 4 58 234001511 277102675 27 
2020-12-22T19:47:45 0 0 경기74아3380 4 24 234001511 277102836 33 
2020-12-22T19:48:45 0 0 경기74아3357 4 58 234001511 277102675 27 
2020-12-22T19:48:45 0 0 경기74아3380 4 24 234001511 277102836 33 
2020-12-22T19:49:45 0 0 경기74아3357 4 58 234001511 277102675 27 
2020-12-22T19:49:45 0 0 경기74아3380 4 24 234001511 277102834 34 
2020-12-22T19:50:45 0 0 경기74아3380 4 24 234001511 277102834 34 
2020-12-22T19:50:45 0 0 경기74아3357 4 58 234001511 277103307 28 
2020-12-22T19:51:44 0 0 경기74아3380 4 24 234001511 277102834 34 
2020-12-22T19:51:44 0 0 경기74아3357 4 58 234001511 277103313 29 
2020-12-22T19:52:44 0 0 경기74아3380 4 24 234001511 277102834 34 
2020-12-22T19:52:44 0 0 경기74아3357 4 58 234001511 221000238 30 
2020-12-22T19:53:43 0 0 경기74아3357 4 58 234001511 221000238 30 
2020-12-22T19:53:43 0 0 경기74아3380 4 24 234001511 277102832 35 
2020-12-22T19:54:41 0 0 경기74아3380 4 26 234001511 277102832 35 
2020-12-22T19:54:41 0 0 경기74아3357 4 57 234001511 222000301 31 
2020-12-22T19:55:41 0 0 경기74아3357 4 57 234001511 277102838 32 
2020-12-22T19:55:41 0 0 경기74아3380 4 38 234001511 222000186 36 
2020-12-22T19:56:41 0 0 경기74아3357 4 57 234001511 277102838 32 
2020-12-22T19:56:41 0 0 경기74아3380 4 40 234001511 222000185 37 
2020-12-22T19:57:41 0 0 경기74아3357 4 57 234001511 277102836 33 
2020-12-22T19:57:41 0 0 경기74아3380 4 47 234001511 222000185 37 
2020-12-22T19:58:41 0 0 경기74아3357 4 57 234001511 277102836 33 
2020-12-22T19:58:41 0 0 경기74아3380 4 49 234001511 222000184 38 
2020-12-22T19:59:41 0 0 경기74아3357 4 57 234001511 277102834 34 
2020-12-22T19:59:41 0 0 경기74아3380 4 55 234001511 222000184 38 
2020-12-22T20:00:41 0 0 경기74아3357 4 57 234001511 277102834 34 
2020-12-22T20:00:41 0 0 경기74아3380 4 55 234001511 222000328 41 
2020-12-22T20:01:40 0 0 경기74아3357 4 57 234001511 277102834 34 
2020-12-22T20:01:40 0 0 경기74아3380 4 55 234001511 222000326 43 
2020-12-22T20:02:40 0 0 경기74아3357 4 57 234001511 277102834 34 
2020-12-22T20:02:40 0 0 경기74아3380 4 59 234001511 222000749 45 
2020-12-22T20:03:40 0 0 경기74아3380 4 59 234001511 222000749 45 
2020-12-22T20:03:40 0 0 경기74아3357 4 57 234001511 277102832 35 
2020-12-22T20:04:40 0 0 경기74아3380 4 59 234001511 222000324 46 
2020-12-22T20:04:40 0 0 경기74아3357 4 57 234001511 277102832 35 
2020-12-22T20:05:38 0 0 경기74아3380 4 61 234001511 222000175 47 
2020-12-22T20:05:38 0 0 경기74아3357 4 60 234001511 222000186 36 
2020-12-22T20:06:38 0 0 경기74아3380 4 62 234001511 222000174 48 
2020-12-22T20:06:38 0 0 경기74아3357 4 60 234001511 222000186 36 
2020-12-22T20:07:38 0 0 경기74아3380 4 62 234001511 222000174 48 
2020-12-22T20:07:38 0 0 경기74아3357 4 63 234001511 222000185 37 
2020-12-22T20:08:38 0 0 경기74아3357 4 64 234001511 222000184 38 
2020-12-22T20:08:38 0 0 경기74아3380 4 65 234001511 222001419 49 
2020-12-22T20:09:38 0 0 경기74아3380 4 66 234001511 222000173 50 
2020-12-22T20:09:38 0 0 경기74아3357 4 64 234001511 222000328 41 
2020-12-22T20:10:38 0 0 경기74아3380 4 66 234001511 222000163 51 
2020-12-22T20:10:38 0 0 경기74아3357 4 64 234001511 222000326 43 
2020-12-22T20:11:37 0 0 경기74아3357 4 64 234001511 222000326 43 
2020-12-22T20:11:37 0 0 경기74아3380 4 67 234001511 222000958 52 
2020-12-22T20:12:36 0 0 경기74아3380 4 69 234001511 222000958 52 
2020-12-22T20:12:36 0 0 경기74아3357 4 64 234001511 222000749 45 
2020-12-22T20:13:36 0 0 경기74아3357 4 64 234001511 222000324 46 
2020-12-22T20:13:36 0 0 경기74아3380 4 69 234001511 222001580 53 
2020-12-22T20:14:36 0 0 경기74아3357 4 64 234001511 222000324 46 
2020-12-22T20:14:36 0 0 경기74아3380 4 70 234001511 222000164 54 
2020-12-22T20:15:36 0 0 경기74아3380 4 71 234001511 222001096 55 
2020-12-22T20:15:36 0 0 경기74아3357 4 66 234001511 222000174 48 
2020-12-22T20:16:34 0 0 경기74아3380 4 71 234001511 222000166 56 
2020-12-22T20:16:34 0 0 경기74아3357 4 67 234001511 222000173 50 
2020-12-22T20:17:34 0 0 경기74아3380 4 71 234001511 222000825 57 
2020-12-22T20:17:34 0 0 경기74아3357 4 67 234001511 222000163 51 
2020-12-22T20:18:34 0 0 경기74아3357 4 67 234001511 222000163 51 
2020-12-22T20:19:33 0 0 경기74아3357 4 68 234001511 222000958 52 
2020-12-22T20:20:33 0 0 경기74아3357 4 69 234001511 222001580 53 
2020-12-22T20:21:33 0 0 경기74아3357 4 69 234001511 222001580 53 
2020-12-22T20:22:33 0 0 경기74아3357 4 70 234001511 222000164 54 
2020-12-22T20:23:32 0 0 경기74아3357 4 70 234001511 222001096 55 
2020-12-22T20:24:32 0 0 경기74아3357 4 70 234001511 222000166 56 
2020-12-22T21:11:16 0 0 경기74아3380 4 71 234001511 222000824 1 
2020-12-22T21:12:16 0 0 경기74아3380 4 71 234001511 222000824 1 
2020-12-22T21:13:15 0 0 경기74아3380 4 71 234001511 222000170 3 
2020-12-22T21:14:15 0 0 경기74아3380 4 71 234001511 222000170 3 
2020-12-22T21:15:15 0 0 경기74아3380 4 71 234001511 222000321 6 
2020-12-22T21:16:14 0 0 경기74아3380 4 71 234001511 222000320 7 
2020-12-22T21:17:14 0 0 경기74아3380 4 71 234001511 222000320 7 
2020-12-22T21:18:12 0 0 경기74아3380 4 71 234001511 222000320 7 
2020-12-22T21:19:12 0 0 경기74아3380 4 71 234001511 222000320 7 
2020-12-22T21:20:12 0 0 경기74아3380 4 71 234001511 222000181 8 
2020-12-22T21:21:11 0 0 경기74아3380 4 71 234001511 222000179 10 
2020-12-22T21:22:11 0 0 경기74아3380 4 70 234001511 222000179 10 
2020-12-22T21:23:11 0 0 경기74아3380 4 70 234001511 222000179 10 
2020-12-22T21:24:10 0 0 경기74아3380 4 70 234001511 222000178 11 
2020-12-22T21:25:10 0 0 경기74아3380 4 70 234001511 222000177 12 
2020-12-22T21:26:10 0 0 경기74아3380 4 70 234001511 222000177 12 
2020-12-22T21:27:09 0 0 경기74아3380 4 70 234001511 277102831 13 
2020-12-22T21:28:09 0 0 경기74아3380 4 70 234001511 277102831 13 
2020-12-22T21:29:09 0 0 경기74아3380 4 70 234001511 277102831 13 
2020-12-22T21:30:09 0 0 경기74아3380 4 70 234001511 277102831 13 
2020-12-22T21:31:09 0 0 경기74아3357 4 69 234001511 222000824 1 
2020-12-22T21:31:09 0 0 경기74아3380 4 70 234001511 277102833 14 
2020-12-22T21:32:09 0 0 경기74아3380 4 70 234001511 277102833 14 
2020-12-22T21:32:09 0 0 경기74아3357 4 69 234001511 222000824 1 
2020-12-22T21:33:09 0 0 경기74아3380 4 70 234001511 277102835 15 
2020-12-22T21:33:09 0 0 경기74아3357 4 69 234001511 222000170 3 
2020-12-22T21:34:08 0 0 경기74아3380 4 70 234001511 277102837 16 
2020-12-22T21:34:08 0 0 경기74아3357 4 69 234001511 222000322 5 
2020-12-22T21:35:08 0 0 경기74아3357 4 69 234001511 222000322 5 
2020-12-22T21:35:08 0 0 경기74아3380 4 70 234001511 222000302 17 
2020-12-22T21:36:08 0 0 경기74아3357 4 69 234001511 222000322 5 
2020-12-22T21:36:08 0 0 경기74아3380 4 70 234001511 222000302 17 
2020-12-22T21:37:07 0 0 경기74아3357 4 69 234001511 222000320 7 
2020-12-22T21:37:07 0 0 경기74아3380 4 69 234001511 222000302 17 
2020-12-22T21:38:07 0 0 경기74아3380 4 69 234001511 221000039 18 
2020-12-22T21:38:07 0 0 경기74아3357 4 69 234001511 222000320 7 
2020-12-22T21:39:06 0 0 경기74아3380 4 69 234001511 277100104 19 
2020-12-22T21:39:06 0 0 경기74아3357 4 69 234001511 222000180 9 
2020-12-22T21:40:04 0 0 경기74아3357 4 69 234001511 222000179 10 
2020-12-22T21:40:04 0 0 경기74아3380 4 69 234001511 277103306 20 
2020-12-22T21:41:04 0 0 경기74아3380 4 69 234001511 277103306 20 
2020-12-22T21:41:04 0 0 경기74아3357 4 69 234001511 222000179 10 
2020-12-22T21:42:04 0 0 경기74아3380 4 69 234001511 277103306 20 
2020-12-22T21:42:04 0 0 경기74아3357 4 69 234001511 222000178 11 
2020-12-22T21:43:03 0 0 경기74아3357 4 69 234001511 222000177 12 
2020-12-22T21:43:03 0 0 경기74아3380 4 69 234001511 277103306 20 
2020-12-22T21:44:03 0 0 경기74아3357 4 69 234001511 222000177 12 
2020-12-22T21:44:03 0 0 경기74아3380 4 69 234001511 277103309 22 
2020-12-22T21:45:03 0 0 경기74아3380 4 69 234001511 277103309 22 
2020-12-22T21:45:03 0 0 경기74아3357 4 69 234001511 277102831 13 
2020-12-22T21:46:02 0 0 경기74아3357 4 69 234001511 277102831 13 
2020-12-22T21:46:02 0 0 경기74아3380 4 69 234001511 277103308 23 
2020-12-22T21:47:02 0 0 경기74아3357 4 69 234001511 277102831 13 
2020-12-22T21:47:02 0 0 경기74아3380 4 69 234001511 277102302 24 
2020-12-22T21:48:02 0 0 경기74아3357 4 69 234001511 277102831 13 
2020-12-22T21:48:02 0 0 경기74아3380 4 69 234001511 277102302 24 
2020-12-22T21:49:01 0 0 경기74아3357 4 69 234001511 277102833 14 
2020-12-22T21:49:01 0 0 경기74아3380 4 69 234001511 277102302 24 
2020-12-22T21:50:01 0 0 경기74아3357 4 69 234001511 277102833 14 
2020-12-22T21:50:01 0 0 경기74아3380 4 69 234001511 277102302 24 
2020-12-22T21:51:01 0 0 경기74아3380 4 69 234001511 277102302 24 
2020-12-22T21:51:01 0 0 경기74아3357 4 69 234001511 277102835 15 
2020-12-22T21:52:00 0 0 경기74아3380 4 69 234001511 277102302 24 
2020-12-22T21:52:00 0 0 경기74아3357 4 69 234001511 277102835 15 
2020-12-22T21:53:00 0 0 경기74아3380 4 69 234001511 277102302 24 
2020-12-22T21:53:00 0 0 경기74아3357 4 69 234001511 277102837 16 
2020-12-22T21:54:00 0 0 경기74아3380 4 69 234001511 277102302 24 
2020-12-22T21:54:00 0 0 경기74아3357 4 69 234001511 222000302 17 
2020-12-22T21:54:59 0 0 경기74아3380 4 69 234001511 277102302 24 
2020-12-22T21:54:59 0 0 경기74아3357 4 69 234001511 222000302 17 
2020-12-22T21:55:59 0 0 경기74아3380 4 69 234001511 277102302 24 
2020-12-22T21:55:59 0 0 경기74아3357 4 69 234001511 221000039 18 
2020-12-22T21:56:58 0 0 경기74아3380 4 69 234001511 277102302 24 
2020-12-22T21:56:58 0 0 경기74아3357 4 69 234001511 277100104 19 
2020-12-22T21:57:58 0 0 경기74아3357 4 69 234001511 277100104 19 
2020-12-22T21:57:58 0 0 경기74아3380 4 62 234001511 277102302 24 
2020-12-22T21:58:57 0 0 경기74아3357 4 69 234001511 277103306 20 
2020-12-22T21:58:57 0 0 경기74아3380 4 62 234001511 123000611 25 
2020-12-22T21:59:57 0 0 경기74아3357 4 69 234001511 277103306 20 
2020-12-22T21:59:57 0 0 경기74아3380 4 62 234001511 123000611 25 
2020-12-22T22:00:57 0 0 경기74아3357 4 69 234001511 277103306 20 
2020-12-22T22:00:57 0 0 경기74아3380 4 62 234001511 123000611 25 
2020-12-22T22:01:57 0 0 경기74아3357 4 69 234001511 277103309 22 
2020-12-22T22:01:57 0 0 경기74아3380 4 62 234001511 277102675 27 
2020-12-22T22:02:56 0 0 경기74아3380 4 62 234001511 277102675 27 
2020-12-22T22:02:56 0 0 경기74아3357 4 69 234001511 277103309 22 
2020-12-22T22:03:56 0 0 경기74아3380 4 62 234001511 277102675 27 
2020-12-22T22:03:56 0 0 경기74아3357 4 69 234001511 277103308 23 
2020-12-22T22:04:56 0 0 경기74아3357 4 69 234001511 277102302 24 
2020-12-22T22:04:56 0 0 경기74아3380 4 62 234001511 277103307 28 
2020-12-22T22:05:55 0 0 경기74아3357 4 69 234001511 277102302 24 
2020-12-22T22:05:55 0 0 경기74아3380 4 62 234001511 277103307 28 
2020-12-22T22:06:54 0 0 경기74아3357 4 69 234001511 277102302 24 
2020-12-22T22:06:54 0 0 경기74아3380 4 62 234001511 221000238 30 
2020-12-22T22:07:54 0 0 경기74아3357 4 69 234001511 277102302 24 
2020-12-22T22:07:54 0 0 경기74아3380 4 62 234001511 221000238 30 
2020-12-22T22:08:54 0 0 경기74아3380 4 62 234001511 221000238 30 
2020-12-22T22:08:54 0 0 경기74아3357 4 69 234001511 123000611 25 
2020-12-22T22:09:54 0 0 경기74아3357 4 69 234001511 123000611 25 
2020-12-22T22:09:54 0 0 경기74아3380 4 62 234001511 277102838 32 
2020-12-22T22:10:53 0 0 경기74아3357 4 69 234001511 123000611 25 
2020-12-22T22:10:53 0 0 경기74아3380 4 62 234001511 277102838 32 
2020-12-22T22:11:53 0 0 경기74아3357 4 69 234001511 123000611 25 
2020-12-22T22:11:53 0 0 경기74아3380 4 62 234001511 277102836 33 
2020-12-22T22:12:53 0 0 경기74아3357 4 69 234001511 123000611 25 
2020-12-22T22:12:53 0 0 경기74아3380 4 62 234001511 277102836 33 
2020-12-22T22:13:53 0 0 경기74아3357 4 69 234001511 123000611 25 
2020-12-22T22:13:53 0 0 경기74아3380 4 62 234001511 277102834 34 
2020-12-22T22:14:52 0 0 경기74아3357 4 69 234001511 123000611 25 
2020-12-22T22:14:52 0 0 경기74아3380 4 62 234001511 277102834 34 
2020-12-22T22:15:52 0 0 경기74아3380 4 62 234001511 277102834 34 
2020-12-22T22:15:52 0 0 경기74아3357 4 67 234001511 123000611 25 
2020-12-22T22:16:52 0 0 경기74아3380 4 62 234001511 277102834 34 
2020-12-22T22:16:52 0 0 경기74아3357 4 67 234001511 123000611 25 
2020-12-22T22:17:51 0 0 경기74아3380 4 62 234001511 277102832 35 
2020-12-22T22:17:51 0 0 경기74아3357 4 67 234001511 123000611 25 
2020-12-22T22:18:51 0 0 경기74아3380 4 62 234001511 277102832 35 
2020-12-22T22:18:51 0 0 경기74아3357 4 67 234001511 123000611 25 
2020-12-22T22:19:50 0 0 경기74아3380 4 64 234001511 222000186 36 
2020-12-22T22:19:50 0 0 경기74아3357 4 67 234001511 277103310 26 
2020-12-22T22:20:50 0 0 경기74아3357 4 67 234001511 277102675 27 
2020-12-22T22:20:50 0 0 경기74아3380 4 66 234001511 222000186 36 
2020-12-22T22:21:49 0 0 경기74아3357 4 67 234001511 277102675 27 
2020-12-22T22:21:49 0 0 경기74아3380 4 67 234001511 222000185 37 
2020-12-22T22:22:49 0 0 경기74아3357 4 67 234001511 277102675 27 
2020-12-22T22:22:49 0 0 경기74아3380 4 67 234001511 222000185 37 
2020-12-22T22:23:49 0 0 경기74아3380 4 67 234001511 222000184 38 
2020-12-22T22:23:49 0 0 경기74아3357 4 67 234001511 277103307 28 
2020-12-22T22:24:48 0 0 경기74아3357 4 67 234001511 277103313 29 
2020-12-22T22:24:48 0 0 경기74아3380 4 67 234001511 222000183 39 
2020-12-22T22:25:48 0 0 경기74아3380 4 67 234001511 222000183 39 
2020-12-22T22:25:48 0 0 경기74아3357 4 67 234001511 221000238 30 
2020-12-22T22:26:48 0 0 경기74아3357 4 67 234001511 221000238 30 
2020-12-22T22:26:48 0 0 경기74아3380 4 67 234001511 222000328 41 
2020-12-22T22:27:47 0 0 경기74아3357 4 67 234001511 221000238 30 
2020-12-22T22:27:47 0 0 경기74아3380 4 67 234001511 222000326 43 
2020-12-22T22:28:46 0 0 경기74아3357 4 67 234001511 277102838 32 
2020-12-22T22:28:46 0 0 경기74아3380 4 67 234001511 222000324 46 
2020-12-22T22:29:46 0 0 경기74아3357 4 67 234001511 277102838 32 
2020-12-22T22:29:46 0 0 경기74아3380 4 67 234001511 222000324 46 
2020-12-22T22:30:45 0 0 경기74아3357 4 67 234001511 277102836 33 
2020-12-22T22:30:45 0 0 경기74아3380 4 69 234001511 222000174 48 
2020-12-22T22:31:45 0 0 경기74아3357 4 67 234001511 277102836 33 
2020-12-22T22:31:45 0 0 경기74아3380 4 69 234001511 222000173 50 
2020-12-22T22:32:44 0 0 경기74아3357 4 67 234001511 277102834 34 
2020-12-22T22:32:44 0 0 경기74아3380 4 69 234001511 222000163 51 
2020-12-22T22:33:44 0 0 경기74아3357 4 67 234001511 277102834 34 
2020-12-22T22:33:44 0 0 경기74아3380 4 69 234001511 222000163 51 
2020-12-22T22:34:44 0 0 경기74아3357 4 67 234001511 277102834 34 
2020-12-22T22:34:44 0 0 경기74아3380 4 72 234001511 222000958 52 
2020-12-22T22:35:43 0 0 경기74아3357 4 67 234001511 277102834 34 
2020-12-22T22:35:43 0 0 경기74아3380 4 72 234001511 222001580 53 
2020-12-22T22:36:43 0 0 경기74아3357 4 67 234001511 277102832 35 
2020-12-22T22:36:43 0 0 경기74아3380 4 72 234001511 222001580 53 
2020-12-22T22:37:43 0 0 경기74아3380 4 72 234001511 222000164 54 
2020-12-22T22:37:43 0 0 경기74아3357 4 67 234001511 277102832 35 
2020-12-22T22:38:42 0 0 경기74아3357 4 67 234001511 277102832 35 
2020-12-22T22:38:42 0 0 경기74아3380 4 72 234001511 222001096 55 
2020-12-22T22:39:42 0 0 경기74아3380 4 72 234001511 222001096 55 
2020-12-22T22:39:42 0 0 경기74아3357 4 67 234001511 222000186 36 
2020-12-22T22:40:42 0 0 경기74아3380 4 72 234001511 222000166 56 
2020-12-22T22:40:42 0 0 경기74아3357 4 68 234001511 222000186 36 
2020-12-22T22:41:41 0 0 경기74아3357 4 68 234001511 222000185 37 
2020-12-22T22:41:41 0 0 경기74아3380 4 72 234001511 222000825 57 
2020-12-22T22:42:41 0 0 경기74아3357 4 68 234001511 222000185 37 
2020-12-22T22:43:41 0 0 경기74아3357 4 68 234001511 222000184 38 
2020-12-22T22:44:41 0 0 경기74아3357 4 69 234001511 222000184 38 
2020-12-22T22:45:40 0 0 경기74아3357 4 69 234001511 222000328 41 
2020-12-22T22:46:40 0 0 경기74아3357 4 69 234001511 222000326 43 
2020-12-22T22:47:39 0 0 경기74아3357 4 69 234001511 222000324 46 
2020-12-22T22:48:38 0 0 경기74아3357 4 69 234001511 222001419 49 
2020-12-22T22:49:38 0 0 경기74아3357 4 69 234001511 222000163 51 
2020-12-22T22:50:37 0 0 경기74아3357 4 69 234001511 222000163 51 
2020-12-22T22:51:36 0 0 경기74아3357 4 69 234001511 222000958 52 
2020-12-22T22:52:36 0 0 경기74아3357 4 69 234001511 222001580 53 
2020-12-22T22:53:36 0 0 경기74아3357 4 69 234001511 222001096 55 
2020-12-22T22:54:35 0 0 경기74아3357 4 69 234001511 222000825 57 
2020-12-22T22:55:35 0 0 경기74아3357 4 69 234001511 222000825 57 
2020-12-22T22:56:35 0 0 경기74아3357 4 69 234001511 222000825 57 
2020-12-22T22:57:34 0 0 경기74아3357 4 69 234001511 222000825 57 
2020-12-22T22:58:34 0 0 경기74아3357 4 69 234001511 222000825 57 
2020-12-22T22:59:34 0 0 경기74아3357 4 69 234001511 222000825 57 
2020-12-22T23:00:33 0 0 경기74아3357 4 69 234001511 222000825 57 
2020-12-22T23:01:33 0 0 경기74아3357 4 69 234001511 222000825 57 
2020-12-22T23:02:33 0 0 경기74아3357 4 69 234001511 222000825 57 
2020-12-22T23:03:32 0 0 경기74아3357 4 69 234001511 222000825 57 
2020-12-22T23:04:32 0 0 경기74아3357 4 69 234001511 222000825 57 
2020-12-22T23:05:31 0 0 경기74아3357 4 69 234001511 222000825 57 
2020-12-22T23:06:31 0 0 경기74아3357 4 69 234001511 222000825 57 
2020-12-22T23:07:30 0 0 경기74아3357 4 69 234001511 222000825 57 
2020-12-22T23:08:29 0 0 경기74아3357 4 69 234001511 222000825 57 
2020-12-22T23:09:29 0 0 경기74아3357 4 69 234001511 222000825 57 
