234001511 2020-12-16T23:22:47.551422+09:00
2020-12-17T06:51:49 0 0 경기74아3357 4 69 234001511 222000824 1 
2020-12-17T06:52:48 0 0 경기74아3357 4 68 234001511 222000171 2 
2020-12-17T06:53:48 0 0 경기74아3357 4 68 234001511 222000170 3 
2020-12-17T06:54:47 0 0 경기74아3357 4 68 234001511 222000323 4 
2020-12-17T06:55:46 0 0 경기74아3357 4 68 234001511 222000323 4 
2020-12-17T06:56:46 0 0 경기74아3357 4 64 234001511 222000322 5 
2020-12-17T06:57:45 0 0 경기74아3357 4 63 234001511 222000320 7 
2020-12-17T06:58:44 0 0 경기74아1387 3 45 234001511 222000824 1 
2020-12-17T06:58:44 0 0 경기74아3357 4 63 234001511 222000181 8 
2020-12-17T06:59:43 0 0 경기74아1387 3 45 234001511 222000824 1 
2020-12-17T06:59:43 0 0 경기74아3357 4 62 234001511 222000180 9 
2020-12-17T07:00:42 0 0 경기74아1387 3 45 234001511 222000824 1 
2020-12-17T07:00:42 0 0 경기74아3357 4 57 234001511 222000179 10 
2020-12-17T07:01:42 0 0 경기74아1387 3 43 234001511 222000824 1 
2020-12-17T07:01:42 0 0 경기74아3357 4 53 234001511 222000179 10 
2020-12-17T07:02:41 0 0 경기74아1387 3 43 234001511 222000171 2 
2020-12-17T07:02:41 0 0 경기74아3357 4 53 234001511 222000179 10 
2020-12-17T07:03:40 0 0 경기74아1387 3 43 234001511 222000170 3 
2020-12-17T07:03:40 0 0 경기74아3357 4 53 234001511 222000179 10 
2020-12-17T07:04:39 0 0 경기74아1387 3 43 234001511 222000322 5 
2020-12-17T07:04:39 0 0 경기74아3357 4 53 234001511 222000178 11 
2020-12-17T07:05:39 0 0 경기74아1387 3 43 234001511 222000320 7 
2020-12-17T07:05:39 0 0 경기74아3357 4 38 234001511 222000178 11 
2020-12-17T07:06:39 0 0 경기74아1387 3 43 234001511 222000320 7 
2020-12-17T07:06:39 0 0 경기74아3357 4 35 234001511 222000177 12 
2020-12-17T07:07:38 0 0 경기74아1387 3 43 234001511 222000320 7 
2020-12-17T07:07:38 0 0 경기74아3357 4 35 234001511 222000177 12 
2020-12-17T07:08:37 0 0 경기74아1387 3 43 234001511 222000320 7 
2020-12-17T07:08:37 0 0 경기74아3357 4 35 234001511 222000177 12 
2020-12-17T07:09:38 0 0 경기74아1387 3 43 234001511 222000181 8 
2020-12-17T07:09:38 0 0 경기74아3357 4 35 234001511 277102831 13 
2020-12-17T07:10:37 0 0 경기74아1387 3 41 234001511 222000180 9 
2020-12-17T07:10:37 0 0 경기74아3357 4 35 234001511 277102831 13 
2020-12-17T07:10:37 0 0 경기74아3380 4 71 234001511 222000824 1 
2020-12-17T07:11:36 0 0 경기74아1387 3 41 234001511 222000179 10 
2020-12-17T07:11:36 0 0 경기74아3357 4 35 234001511 277102831 13 
2020-12-17T07:11:36 0 0 경기74아3380 4 71 234001511 222000824 1 
2020-12-17T07:12:36 0 0 경기74아1387 3 40 234001511 222000179 10 
2020-12-17T07:12:36 0 0 경기74아3357 4 35 234001511 277102831 13 
2020-12-17T07:12:36 0 0 경기74아3380 4 71 234001511 222000171 2 
2020-12-17T07:13:36 0 0 경기74아1387 3 36 234001511 222000178 11 
2020-12-17T07:13:36 0 0 경기74아3380 4 71 234001511 222000170 3 
2020-12-17T07:13:36 0 0 경기74아3357 4 35 234001511 277102833 14 
2020-12-17T07:14:35 0 0 경기74아1387 3 36 234001511 222000178 11 
2020-12-17T07:14:35 0 0 경기74아3357 4 35 234001511 277102833 14 
2020-12-17T07:14:35 0 0 경기74아3380 4 70 234001511 222000323 4 
2020-12-17T07:15:33 0 0 경기74아1387 3 36 234001511 222000177 12 
2020-12-17T07:15:33 0 0 경기74아3357 4 35 234001511 277102835 15 
2020-12-17T07:15:33 0 0 경기74아3380 4 70 234001511 222000322 5 
2020-12-17T07:16:33 0 0 경기74아1387 3 34 234001511 222000177 12 
2020-12-17T07:16:33 0 0 경기74아3357 4 35 234001511 277102835 15 
2020-12-17T07:16:33 0 0 경기74아3380 4 70 234001511 222000321 6 
2020-12-17T07:17:33 0 0 경기74아1387 3 34 234001511 277102831 13 
2020-12-17T07:17:33 0 0 경기74아3380 4 69 234001511 222000320 7 
2020-12-17T07:17:33 0 0 경기74아3357 4 35 234001511 277102837 16 
2020-12-17T07:18:33 0 0 경기74아1387 3 34 234001511 277102831 13 
2020-12-17T07:18:33 0 0 경기74아3380 4 69 234001511 222000320 7 
2020-12-17T07:18:33 0 0 경기74아3357 4 35 234001511 222000302 17 
2020-12-17T07:19:34 0 0 경기74아1387 3 34 234001511 277102831 13 
2020-12-17T07:19:34 0 0 경기74아3380 4 69 234001511 222000320 7 
2020-12-17T07:19:34 0 0 경기74아3357 4 35 234001511 222000302 17 
2020-12-17T07:20:33 0 0 경기74아1387 3 34 234001511 277102831 13 
2020-12-17T07:20:33 0 0 경기74아3357 4 35 234001511 222000302 17 
2020-12-17T07:20:33 0 0 경기74아3380 4 69 234001511 222000181 8 
2020-12-17T07:21:32 0 0 경기74아1387 3 34 234001511 277102833 14 
2020-12-17T07:21:32 0 0 경기74아3380 4 68 234001511 222000180 9 
2020-12-17T07:21:32 0 0 경기74아3357 4 35 234001511 222000302 17 
2020-12-17T07:22:31 0 0 경기74아1387 3 34 234001511 277102833 14 
2020-12-17T07:22:31 0 0 경기74아3380 4 68 234001511 222000180 9 
2020-12-17T07:22:31 0 0 경기74아3357 4 35 234001511 221000039 18 
2020-12-17T07:23:31 0 0 경기74아1387 3 34 234001511 277102835 15 
2020-12-17T07:23:31 0 0 경기74아3357 4 35 234001511 277100104 19 
2020-12-17T07:23:31 0 0 경기74아3380 4 65 234001511 222000179 10 
2020-12-17T07:24:31 0 0 경기74아1387 3 34 234001511 277102837 16 
2020-12-17T07:24:31 0 0 경기74아3380 4 65 234001511 222000179 10 
2020-12-17T07:24:31 0 0 경기74아3357 4 35 234001511 277100104 19 
2020-12-17T07:25:31 0 0 경기74아1387 3 34 234001511 222000302 17 
2020-12-17T07:25:31 0 0 경기74아3380 4 65 234001511 222000179 10 
2020-12-17T07:25:31 0 0 경기74아3357 4 35 234001511 277103306 20 
2020-12-17T07:26:30 0 0 경기74아1387 3 34 234001511 222000302 17 
2020-12-17T07:26:30 0 0 경기74아3357 4 35 234001511 277103306 20 
2020-12-17T07:26:30 0 0 경기74아3380 4 65 234001511 222000178 11 
2020-12-17T07:27:30 0 0 경기74아1387 3 34 234001511 221000039 18 
2020-12-17T07:27:30 0 0 경기74아3380 4 56 234001511 222000178 11 
2020-12-17T07:27:30 0 0 경기74아3357 4 35 234001511 277103306 20 
2020-12-17T07:28:29 0 0 경기74아1387 3 34 234001511 277100104 19 
2020-12-17T07:28:29 0 0 경기74아3357 4 35 234001511 277103306 20 
2020-12-17T07:28:29 0 0 경기74아3380 4 56 234001511 222000177 12 
2020-12-17T07:29:29 0 0 경기74아1387 3 34 234001511 277100104 19 
2020-12-17T07:29:29 0 0 경기74아3357 4 35 234001511 277103306 20 
2020-12-17T07:29:29 0 0 경기74아3380 4 49 234001511 222000177 12 
2020-12-17T07:30:28 0 0 경기74아1387 3 34 234001511 277103306 20 
2020-12-17T07:30:28 0 0 경기74아3357 4 35 234001511 277103306 20 
2020-12-17T07:30:28 0 0 경기74아3380 4 49 234001511 222000177 12 
2020-12-17T07:31:27 0 0 경기74아1387 3 34 234001511 277103306 20 
2020-12-17T07:31:27 0 0 경기74아3357 4 35 234001511 277103306 20 
2020-12-17T07:31:27 0 0 경기74아3380 4 49 234001511 222000177 12 
2020-12-17T07:32:27 0 0 경기74아1387 3 34 234001511 277103306 20 
2020-12-17T07:32:27 0 0 경기74아3380 4 49 234001511 277102831 13 
2020-12-17T07:32:27 0 0 경기74아3357 4 35 234001511 277102674 21 
2020-12-17T07:33:27 0 0 경기74아1387 3 34 234001511 277103306 20 
2020-12-17T07:33:27 0 0 경기74아3380 4 49 234001511 277102831 13 
2020-12-17T07:33:27 0 0 경기74아3357 4 35 234001511 277103309 22 
2020-12-17T07:34:27 0 0 경기74아1387 3 34 234001511 277103306 20 
2020-12-17T07:34:27 0 0 경기74아3380 4 49 234001511 277102831 13 
2020-12-17T07:34:27 0 0 경기74아3357 4 35 234001511 277103309 22 
2020-12-17T07:35:26 0 0 경기74아1387 3 34 234001511 277103306 20 
2020-12-17T07:35:26 0 0 경기74아3380 4 49 234001511 277102831 13 
2020-12-17T07:35:26 0 0 경기74아3357 4 35 234001511 277103309 22 
2020-12-17T07:36:26 0 0 경기74아1387 3 34 234001511 277103306 20 
2020-12-17T07:36:26 0 0 경기74아3380 4 49 234001511 277102833 14 
2020-12-17T07:36:26 0 0 경기74아3357 4 35 234001511 277103309 22 
2020-12-17T07:37:25 0 0 경기74아1387 3 34 234001511 277102674 21 
2020-12-17T07:37:25 0 0 경기74아3380 4 49 234001511 277102833 14 
2020-12-17T07:37:25 0 0 경기74아3357 4 35 234001511 277103309 22 
2020-12-17T07:38:24 0 0 경기74아1387 3 34 234001511 277103309 22 
2020-12-17T07:38:24 0 0 경기74아3357 4 35 234001511 277103309 22 
2020-12-17T07:38:24 0 0 경기74아3380 4 49 234001511 277102835 15 
2020-12-17T07:39:24 0 0 경기74아1387 3 34 234001511 277103309 22 
2020-12-17T07:39:24 0 0 경기74아3380 4 49 234001511 277102837 16 
2020-12-17T07:39:24 0 0 경기74아3357 4 35 234001511 277103308 23 
2020-12-17T07:40:23 0 0 경기74아1387 3 34 234001511 277103309 22 
2020-12-17T07:40:23 0 0 경기74아3357 4 35 234001511 277103308 23 
2020-12-17T07:40:23 0 0 경기74아3380 4 49 234001511 222000302 17 
2020-12-17T07:41:23 0 0 경기74아1387 3 34 234001511 277103309 22 
2020-12-17T07:41:23 0 0 경기74아3380 4 49 234001511 222000302 17 
2020-12-17T07:41:23 0 0 경기74아3357 4 35 234001511 277102302 24 
2020-12-17T07:42:22 0 0 경기74아1387 3 34 234001511 277103309 22 
2020-12-17T07:42:22 0 0 경기74아3380 4 49 234001511 222000302 17 
2020-12-17T07:42:22 0 0 경기74아3357 4 35 234001511 277102302 24 
2020-12-17T07:43:22 0 0 경기74아1387 3 34 234001511 277103308 23 
2020-12-17T07:43:22 0 0 경기74아3380 4 49 234001511 222000302 17 
2020-12-17T07:43:22 0 0 경기74아3357 4 35 234001511 123000611 25 
2020-12-17T07:44:20 0 0 경기74아1387 3 34 234001511 277103308 23 
2020-12-17T07:44:20 0 0 경기74아3357 4 35 234001511 123000611 25 
2020-12-17T07:44:20 0 0 경기74아3380 4 49 234001511 222000302 17 
2020-12-17T07:45:20 0 0 경기74아1387 3 34 234001511 277102302 24 
2020-12-17T07:45:20 0 0 경기74아3357 4 35 234001511 123000611 25 
2020-12-17T07:45:20 0 0 경기74아3380 4 49 234001511 221000039 18 
2020-12-17T07:46:20 0 0 경기74아1387 3 34 234001511 277102302 24 
2020-12-17T07:46:20 0 0 경기74아3357 4 35 234001511 123000611 25 
2020-12-17T07:46:20 0 0 경기74아3380 4 49 234001511 277100104 19 
2020-12-17T07:47:20 0 0 경기74아1387 3 34 234001511 123000611 25 
2020-12-17T07:47:20 0 0 경기74아3357 4 35 234001511 123000611 25 
2020-12-17T07:47:20 0 0 경기74아3380 4 49 234001511 277100104 19 
2020-12-17T07:48:18 0 0 경기74아1387 3 34 234001511 123000611 25 
2020-12-17T07:48:18 0 0 경기74아3357 4 35 234001511 123000611 25 
2020-12-17T07:48:18 0 0 경기74아3380 4 49 234001511 277100104 19 
2020-12-17T07:49:19 0 0 경기74아1387 3 34 234001511 123000611 25 
2020-12-17T07:49:19 0 0 경기74아3357 4 35 234001511 123000611 25 
2020-12-17T07:49:19 0 0 경기74아3380 4 49 234001511 277103306 20 
2020-12-17T07:50:18 0 0 경기74아1387 3 34 234001511 123000611 25 
2020-12-17T07:50:18 0 0 경기74아3380 4 49 234001511 277103306 20 
2020-12-17T07:50:18 0 0 경기74아3357 4 70 234001511 123000611 25 
2020-12-17T07:51:18 0 0 경기74아1387 3 34 234001511 123000611 25 
2020-12-17T07:51:18 0 0 경기74아3380 4 49 234001511 277103306 20 
2020-12-17T07:51:18 0 0 경기74아3357 4 70 234001511 123000611 25 
2020-12-17T07:52:17 0 0 경기74아1387 3 34 234001511 123000611 25 
2020-12-17T07:52:17 0 0 경기74아3380 4 49 234001511 277103306 20 
2020-12-17T07:52:17 0 0 경기74아3357 4 70 234001511 123000611 25 
2020-12-17T07:53:16 0 0 경기74아1387 3 34 234001511 123000611 25 
2020-12-17T07:53:16 0 0 경기74아3357 4 70 234001511 123000611 25 
2020-12-17T07:53:16 0 0 경기74아3380 4 49 234001511 277103306 20 
2020-12-17T07:54:16 0 0 경기74아1387 3 45 234001511 123000611 25 
2020-12-17T07:54:16 0 0 경기74아3380 4 49 234001511 277102674 21 
2020-12-17T07:54:16 0 0 경기74아3357 4 70 234001511 277103310 26 
2020-12-17T07:55:15 0 0 경기74아1387 3 45 234001511 123000611 25 
2020-12-17T07:55:15 0 0 경기74아3380 4 49 234001511 277103309 22 
2020-12-17T07:55:15 0 0 경기74아3357 4 70 234001511 277102675 27 
2020-12-17T07:56:14 0 0 경기74아1387 3 45 234001511 123000611 25 
2020-12-17T07:56:14 0 0 경기74아3380 4 49 234001511 277103309 22 
2020-12-17T07:56:14 0 0 경기74아3357 4 70 234001511 277102675 27 
2020-12-17T07:57:14 0 0 경기74아1387 3 45 234001511 277103310 26 
2020-12-17T07:57:14 0 0 경기74아3357 4 70 234001511 277102675 27 
2020-12-17T07:57:14 0 0 경기74아3380 4 49 234001511 277103309 22 
2020-12-17T07:58:13 0 0 경기74아1387 3 45 234001511 277102675 27 
2020-12-17T07:58:13 0 0 경기74아3380 4 49 234001511 277103309 22 
2020-12-17T07:58:13 0 0 경기74아3357 4 70 234001511 277103307 28 
2020-12-17T07:59:12 0 0 경기74아1387 3 45 234001511 277102675 27 
2020-12-17T07:59:12 0 0 경기74아3380 4 49 234001511 277103309 22 
2020-12-17T07:59:12 0 0 경기74아3357 4 70 234001511 277103313 29 
2020-12-17T08:00:11 0 0 경기74아1387 3 45 234001511 277102675 27 
2020-12-17T08:00:11 0 0 경기74아3357 4 70 234001511 221000238 30 
2020-12-17T08:00:11 0 0 경기74아3380 4 49 234001511 277103308 23 
2020-12-17T08:01:11 0 0 경기74아1387 3 45 234001511 277103307 28 
2020-12-17T08:01:11 0 0 경기74아3380 4 49 234001511 277103308 23 
2020-12-17T08:01:11 0 0 경기74아3357 4 70 234001511 221000238 30 
2020-12-17T08:02:10 0 0 경기74아1387 3 45 234001511 277103313 29 
2020-12-17T08:02:10 0 0 경기74아3380 4 49 234001511 277102302 24 
2020-12-17T08:02:10 0 0 경기74아3357 4 70 234001511 222000301 31 
2020-12-17T08:03:10 0 0 경기74아1387 3 45 234001511 221000238 30 
2020-12-17T08:03:10 0 0 경기74아3380 4 49 234001511 277102302 24 
2020-12-17T08:03:10 0 0 경기74아3357 4 70 234001511 277102838 32 
2020-12-17T08:04:11 0 0 경기74아1387 3 45 234001511 221000238 30 
2020-12-17T08:04:11 0 0 경기74아3380 4 49 234001511 277102302 24 
2020-12-17T08:04:11 0 0 경기74아3357 4 70 234001511 277102836 33 
2020-12-17T08:05:08 0 0 경기74아1387 3 45 234001511 221000238 30 
2020-12-17T08:05:08 0 0 경기74아3357 4 70 234001511 277102836 33 
2020-12-17T08:05:08 0 0 경기74아3380 4 49 234001511 277102302 24 
2020-12-17T08:06:09 0 0 경기74아1387 3 45 234001511 277102838 32 
2020-12-17T08:06:09 0 0 경기74아3380 4 49 234001511 123000611 25 
2020-12-17T08:06:09 0 0 경기74아3357 4 70 234001511 277102834 34 
2020-12-17T08:07:08 0 0 경기74아1387 3 45 234001511 277102838 32 
2020-12-17T08:07:08 0 0 경기74아3380 4 49 234001511 123000611 25 
2020-12-17T08:07:08 0 0 경기74아3357 4 70 234001511 277102834 34 
2020-12-17T08:08:07 0 0 경기74아1387 3 45 234001511 277102836 33 
2020-12-17T08:08:07 0 0 경기74아3380 4 49 234001511 123000611 25 
2020-12-17T08:08:07 0 0 경기74아3357 4 70 234001511 277102834 34 
2020-12-17T08:09:07 0 0 경기74아1387 3 45 234001511 277102836 33 
2020-12-17T08:09:07 0 0 경기74아3380 4 49 234001511 123000611 25 
2020-12-17T08:09:07 0 0 경기74아3357 4 70 234001511 277102834 34 
2020-12-17T08:10:06 0 0 경기74아1387 3 45 234001511 277102836 33 
2020-12-17T08:10:06 0 0 경기74아3380 4 49 234001511 123000611 25 
2020-12-17T08:10:06 0 0 경기74아3357 4 70 234001511 277102834 34 
2020-12-17T08:11:06 0 0 경기74아1387 3 45 234001511 277102836 33 
2020-12-17T08:11:06 0 0 경기74아3380 4 49 234001511 123000611 25 
2020-12-17T08:11:06 0 0 경기74아3357 4 70 234001511 277102832 35 
2020-12-17T08:12:05 0 0 경기74아1387 3 45 234001511 277102836 33 
2020-12-17T08:12:05 0 0 경기74아3380 4 49 234001511 123000611 25 
2020-12-17T08:12:05 0 0 경기74아3357 4 70 234001511 277102832 35 
2020-12-17T08:13:05 0 0 경기74아1387 3 45 234001511 277102836 33 
2020-12-17T08:13:05 0 0 경기74아3357 4 70 234001511 277102832 35 
2020-12-17T08:13:05 0 0 경기74아3380 4 69 234001511 123000611 25 
2020-12-17T08:14:05 0 0 경기74아1387 3 45 234001511 277102836 33 
2020-12-17T08:14:05 0 0 경기74아3357 4 70 234001511 277102832 35 
2020-12-17T08:14:05 0 0 경기74아3380 4 69 234001511 123000611 25 
2020-12-17T08:15:05 0 0 경기74아1387 3 45 234001511 277102836 33 
2020-12-17T08:15:05 0 0 경기74아3380 4 69 234001511 123000611 25 
2020-12-17T08:15:05 0 0 경기74아3357 4 70 234001511 222000186 36 
2020-12-17T08:16:04 0 0 경기74아1387 3 45 234001511 277102834 34 
2020-12-17T08:16:04 0 0 경기74아3380 4 69 234001511 123000611 25 
2020-12-17T08:16:04 0 0 경기74아3357 4 70 234001511 222000186 36 
2020-12-17T08:17:04 0 0 경기74아1387 3 45 234001511 277102834 34 
2020-12-17T08:17:04 0 0 경기74아3357 4 70 234001511 222000185 37 
2020-12-17T08:17:04 0 0 경기74아3380 4 69 234001511 123000611 25 
2020-12-17T08:18:03 0 0 경기74아1387 3 45 234001511 277102834 34 
2020-12-17T08:18:03 0 0 경기74아3357 4 70 234001511 222000185 37 
2020-12-17T08:18:03 0 0 경기74아3380 4 69 234001511 123000611 25 
2020-12-17T08:19:03 0 0 경기74아1387 3 45 234001511 277102834 34 
2020-12-17T08:19:03 0 0 경기74아3357 4 70 234001511 222000184 38 
2020-12-17T08:19:03 0 0 경기74아3380 4 69 234001511 277103310 26 
2020-12-17T08:20:02 0 0 경기74아1387 3 45 234001511 277102832 35 
2020-12-17T08:20:02 0 0 경기74아3380 4 69 234001511 277102675 27 
2020-12-17T08:20:02 0 0 경기74아3357 4 70 234001511 222000328 41 
2020-12-17T08:21:01 0 0 경기74아1387 3 45 234001511 277102832 35 
2020-12-17T08:21:01 0 0 경기74아3380 4 69 234001511 277102675 27 
2020-12-17T08:21:01 0 0 경기74아3357 4 70 234001511 222000326 43 
2020-12-17T08:22:00 0 0 경기74아1387 3 45 234001511 277102832 35 
2020-12-17T08:22:00 0 0 경기74아3357 4 70 234001511 222000749 45 
2020-12-17T08:22:00 0 0 경기74아3380 4 69 234001511 277102675 27 
2020-12-17T08:23:01 0 0 경기74아1387 3 45 234001511 222000186 36 
2020-12-17T08:23:01 0 0 경기74아3380 4 69 234001511 277103307 28 
2020-12-17T08:23:01 0 0 경기74아3357 4 70 234001511 222000174 48 
2020-12-17T08:24:00 0 0 경기74아1387 3 45 234001511 222000185 37 
2020-12-17T08:24:00 0 0 경기74아3357 4 70 234001511 222000173 50 
2020-12-17T08:24:00 0 0 경기74아3380 4 69 234001511 221000238 30 
2020-12-17T08:24:59 0 0 경기74아1387 3 45 234001511 222000185 37 
2020-12-17T08:24:59 0 0 경기74아3357 4 70 234001511 222000163 51 
2020-12-17T08:24:59 0 0 경기74아3380 4 69 234001511 221000238 30 
2020-12-17T08:25:58 0 0 경기74아1387 3 45 234001511 222000184 38 
2020-12-17T08:25:58 0 0 경기74아3357 4 70 234001511 222000163 51 
2020-12-17T08:25:58 0 0 경기74아3380 4 69 234001511 221000238 30 
2020-12-17T08:26:57 0 0 경기74아1387 3 45 234001511 222000184 38 
2020-12-17T08:26:57 0 0 경기74아3357 4 70 234001511 222000958 52 
2020-12-17T08:26:57 0 0 경기74아3380 4 70 234001511 222000301 31 
2020-12-17T08:27:57 0 0 경기74아1387 3 45 234001511 222000183 39 
2020-12-17T08:27:57 0 0 경기74아3380 4 70 234001511 277102838 32 
2020-12-17T08:27:57 0 0 경기74아3357 4 70 234001511 222001580 53 
2020-12-17T08:28:57 0 0 경기74아1387 3 45 234001511 222000328 41 
2020-12-17T08:28:57 0 0 경기74아3380 4 70 234001511 277102838 32 
2020-12-17T08:28:57 0 0 경기74아3357 4 70 234001511 222001580 53 
2020-12-17T08:29:58 0 0 경기74아1387 3 45 234001511 222000326 43 
2020-12-17T08:29:58 0 0 경기74아3380 4 70 234001511 277102836 33 
2020-12-17T08:29:58 0 0 경기74아3357 4 70 234001511 222000164 54 
2020-12-17T08:30:57 0 0 경기74아1387 3 45 234001511 222000326 43 
2020-12-17T08:30:57 0 0 경기74아3357 4 70 234001511 222001096 55 
2020-12-17T08:30:57 0 0 경기74아3380 4 70 234001511 277102834 34 
2020-12-17T08:31:56 0 0 경기74아1387 3 45 234001511 222000325 44 
2020-12-17T08:31:56 0 0 경기74아3380 4 70 234001511 277102834 34 
2020-12-17T08:31:56 0 0 경기74아3357 4 70 234001511 222000825 57 
2020-12-17T08:32:55 0 0 경기74아1387 3 45 234001511 222000324 46 
2020-12-17T08:32:55 0 0 경기74아3380 4 70 234001511 277102834 34 
2020-12-17T08:32:55 0 0 경기74아3357 4 70 234001511 222000825 57 
2020-12-17T08:33:54 0 0 경기74아1387 3 45 234001511 222000324 46 
2020-12-17T08:33:54 0 0 경기74아3380 4 70 234001511 277102834 34 
2020-12-17T08:33:54 0 0 경기74아3357 4 70 234001511 222000825 57 
2020-12-17T08:34:53 0 0 경기74아1387 3 45 234001511 222000175 47 
2020-12-17T08:34:53 0 0 경기74아3357 4 70 234001511 222000825 57 
2020-12-17T08:34:53 0 0 경기74아3380 4 70 234001511 277102832 35 
2020-12-17T08:35:52 0 0 경기74아1387 3 45 234001511 222001419 49 
2020-12-17T08:35:52 0 0 경기74아3357 4 70 234001511 222000825 57 
2020-12-17T08:35:52 0 0 경기74아3380 4 70 234001511 277102832 35 
2020-12-17T08:36:51 0 0 경기74아1387 3 45 234001511 222000163 51 
2020-12-17T08:36:51 0 0 경기74아3357 4 70 234001511 222000825 57 
2020-12-17T08:36:51 0 0 경기74아3380 4 70 234001511 277102832 35 
2020-12-17T08:37:51 0 0 경기74아1387 3 45 234001511 222000163 51 
2020-12-17T08:37:51 0 0 경기74아3357 4 70 234001511 222000825 57 
2020-12-17T08:37:51 0 0 경기74아3380 4 70 234001511 222000186 36 
2020-12-17T08:38:50 0 0 경기74아1387 3 45 234001511 222000163 51 
2020-12-17T08:38:50 0 0 경기74아3357 4 70 234001511 222000825 57 
2020-12-17T08:38:50 0 0 경기74아3380 4 71 234001511 222000186 36 
2020-12-17T08:39:49 0 0 경기74아1387 3 45 234001511 222001580 53 
2020-12-17T08:39:49 0 0 경기74아3357 4 70 234001511 222000825 57 
2020-12-17T08:39:49 0 0 경기74아3380 4 71 234001511 222000185 37 
2020-12-17T08:40:48 0 0 경기74아1387 3 45 234001511 222000164 54 
2020-12-17T08:40:48 0 0 경기74아3357 4 70 234001511 222000825 57 
2020-12-17T08:40:48 0 0 경기74아3380 4 72 234001511 222000185 37 
2020-12-17T08:41:47 0 0 경기74아1387 3 45 234001511 222000166 56 
2020-12-17T08:41:47 0 0 경기74아3357 4 70 234001511 222000825 57 
2020-12-17T08:41:47 0 0 경기74아3380 4 72 234001511 222000185 37 
2020-12-17T08:42:47 0 0 경기74아1387 3 45 234001511 222000166 56 
2020-12-17T08:42:47 0 0 경기74아3357 4 70 234001511 222000825 57 
2020-12-17T08:42:47 0 0 경기74아3380 4 72 234001511 222000184 38 
2020-12-17T08:43:46 0 0 경기74아1387 3 45 234001511 222000166 56 
2020-12-17T08:43:46 0 0 경기74아3357 4 70 234001511 222000825 57 
2020-12-17T08:43:46 0 0 경기74아3380 4 72 234001511 222000182 40 
2020-12-17T08:44:45 0 0 경기74아1387 3 45 234001511 222000166 56 
2020-12-17T08:44:45 0 0 경기74아3357 4 70 234001511 222000825 57 
2020-12-17T08:44:45 0 0 경기74아3380 4 72 234001511 222000328 41 
2020-12-17T08:45:46 0 0 경기74아1387 3 45 234001511 222000166 56 
2020-12-17T08:45:46 0 0 경기74아3357 4 70 234001511 222000825 57 
2020-12-17T08:45:46 0 0 경기74아3380 4 72 234001511 222000327 42 
2020-12-17T08:46:45 0 0 경기74아1387 3 45 234001511 222000166 56 
2020-12-17T08:46:45 0 0 경기74아3357 4 70 234001511 222000825 57 
2020-12-17T08:46:45 0 0 경기74아3380 4 72 234001511 222000326 43 
2020-12-17T08:47:44 0 0 경기74아1387 3 45 234001511 222000166 56 
2020-12-17T08:47:44 0 0 경기74아3380 4 72 234001511 222000749 45 
2020-12-17T08:48:44 0 0 경기74아1387 3 45 234001511 222000166 56 
2020-12-17T08:48:44 0 0 경기74아3380 4 72 234001511 222000749 45 
2020-12-17T08:49:43 0 0 경기74아1387 3 45 234001511 222000166 56 
2020-12-17T08:49:43 0 0 경기74아3380 4 72 234001511 222000324 46 
2020-12-17T08:50:43 0 0 경기74아1387 3 45 234001511 222000166 56 
2020-12-17T08:50:43 0 0 경기74아3380 4 72 234001511 222000174 48 
2020-12-17T08:51:42 0 0 경기74아1387 3 45 234001511 222000166 56 
2020-12-17T08:51:42 0 0 경기74아3380 4 72 234001511 222000173 50 
2020-12-17T08:52:41 0 0 경기74아1387 3 45 234001511 222000166 56 
2020-12-17T08:52:41 0 0 경기74아3380 4 72 234001511 222000163 51 
2020-12-17T08:53:40 0 0 경기74아1387 3 45 234001511 222000166 56 
2020-12-17T08:53:40 0 0 경기74아3380 4 72 234001511 222000163 51 
2020-12-17T08:54:41 0 0 경기74아1387 3 45 234001511 222000166 56 
2020-12-17T08:54:41 0 0 경기74아3380 4 72 234001511 222000958 52 
2020-12-17T08:55:40 0 0 경기74아1387 3 45 234001511 222000166 56 
2020-12-17T08:55:40 0 0 경기74아3380 4 72 234001511 222001580 53 
2020-12-17T08:56:39 0 0 경기74아1387 3 45 234001511 222000166 56 
2020-12-17T08:56:39 0 0 경기74아3380 4 72 234001511 222001580 53 
2020-12-17T08:57:38 0 0 경기74아3380 4 72 234001511 222000164 54 
2020-12-17T08:58:39 0 0 경기74아3380 4 72 234001511 222001096 55 
2020-12-17T08:59:37 0 0 경기74아3380 4 72 234001511 222000166 56 
2020-12-17T09:00:38 0 0 경기74아3380 4 72 234001511 222000825 57 
2020-12-17T09:01:37 0 0 경기74아3380 4 72 234001511 222000825 57 
2020-12-17T09:20:26 0 0 경기74아3357 4 70 234001511 222000824 1 
2020-12-17T09:21:25 0 0 경기74아3357 4 70 234001511 222000824 1 
2020-12-17T09:22:25 0 0 경기74아3357 4 70 234001511 222000171 2 
2020-12-17T09:23:25 0 0 경기74아3357 4 69 234001511 222000170 3 
2020-12-17T09:24:24 0 0 경기74아3357 4 69 234001511 222000322 5 
2020-12-17T09:25:25 0 0 경기74아3357 4 69 234001511 222000320 7 
2020-12-17T09:26:24 0 0 경기74아3357 4 69 234001511 222000320 7 
2020-12-17T09:27:24 0 0 경기74아3357 4 69 234001511 222000320 7 
2020-12-17T09:28:23 0 0 경기74아3357 4 69 234001511 222000320 7 
2020-12-17T09:29:22 0 0 경기74아3357 4 69 234001511 222000180 9 
2020-12-17T09:30:22 0 0 경기74아3357 4 69 234001511 222000179 10 
2020-12-17T09:31:22 0 0 경기74아3357 4 69 234001511 222000179 10 
2020-12-17T09:32:21 0 0 경기74아3357 4 69 234001511 222000178 11 
2020-12-17T09:33:21 0 0 경기74아3357 4 67 234001511 222000178 11 
2020-12-17T09:34:20 0 0 경기74아3357 4 67 234001511 222000177 12 
2020-12-17T09:35:20 0 0 경기74아3357 4 66 234001511 222000177 12 
2020-12-17T09:36:19 0 0 경기74아3357 4 66 234001511 222000177 12 
2020-12-17T09:37:19 0 0 경기74아3357 4 66 234001511 277102831 13 
2020-12-17T09:38:19 0 0 경기74아3357 4 66 234001511 277102831 13 
2020-12-17T09:39:19 0 0 경기74아3357 4 66 234001511 277102831 13 
2020-12-17T09:40:19 0 0 경기74아3357 4 66 234001511 277102831 13 
2020-12-17T09:41:18 0 0 경기74아3357 4 66 234001511 277102833 14 
2020-12-17T09:41:18 0 0 경기74아3380 4 71 234001511 222000824 1 
2020-12-17T09:42:17 0 0 경기74아3357 4 66 234001511 277102833 14 
2020-12-17T09:42:17 0 0 경기74아3380 4 71 234001511 222000824 1 
2020-12-17T09:43:16 0 0 경기74아3357 4 66 234001511 277102835 15 
2020-12-17T09:43:16 0 0 경기74아3380 4 71 234001511 222000170 3 
2020-12-17T09:44:15 0 0 경기74아3357 4 66 234001511 277102835 15 
2020-12-17T09:44:15 0 0 경기74아3380 4 71 234001511 222000170 3 
2020-12-17T09:45:15 0 0 경기74아3357 4 66 234001511 277102837 16 
2020-12-17T09:45:15 0 0 경기74아3380 4 71 234001511 222000323 4 
2020-12-17T09:46:14 0 0 경기74아3357 4 66 234001511 222000302 17 
2020-12-17T09:46:14 0 0 경기74아3380 4 70 234001511 222000322 5 
2020-12-17T09:47:14 0 0 경기74아3357 4 66 234001511 222000302 17 
2020-12-17T09:47:14 0 0 경기74아3380 4 70 234001511 222000320 7 
2020-12-17T09:48:13 0 0 경기74아3380 4 70 234001511 222000320 7 
2020-12-17T09:48:13 0 0 경기74아3357 4 66 234001511 221000039 18 
2020-12-17T09:49:12 0 0 경기74아3380 4 70 234001511 222000320 7 
2020-12-17T09:49:12 0 0 경기74아3357 4 66 234001511 277100104 19 
2020-12-17T09:50:11 0 0 경기74아3380 4 70 234001511 222000320 7 
2020-12-17T09:50:11 0 0 경기74아3357 4 66 234001511 277100104 19 
2020-12-17T09:51:11 0 0 경기74아3357 4 66 234001511 277100104 19 
2020-12-17T09:51:11 0 0 경기74아3380 4 70 234001511 222000180 9 
2020-12-17T09:52:10 0 0 경기74아3357 4 66 234001511 277100104 19 
2020-12-17T09:52:10 0 0 경기74아3380 4 70 234001511 222000179 10 
2020-12-17T09:53:09 0 0 경기74아3357 4 66 234001511 277100104 19 
2020-12-17T09:53:09 0 0 경기74아3380 4 66 234001511 222000179 10 
2020-12-17T09:54:09 0 0 경기74아3357 4 66 234001511 277103306 20 
2020-12-17T09:54:09 0 0 경기74아3380 4 66 234001511 222000179 10 
2020-12-17T09:55:08 0 0 경기74아3357 4 66 234001511 277103306 20 
2020-12-17T09:55:08 0 0 경기74아3380 4 63 234001511 222000178 11 
2020-12-17T09:56:09 0 0 경기74아3357 4 66 234001511 277103306 20 
2020-12-17T09:56:09 0 0 경기74아3380 4 63 234001511 222000177 12 
2020-12-17T09:57:08 0 0 경기74아3357 4 66 234001511 277103306 20 
2020-12-17T09:57:08 0 0 경기74아3380 4 63 234001511 222000177 12 
2020-12-17T09:58:08 0 0 경기74아3357 4 66 234001511 277103306 20 
2020-12-17T09:58:08 0 0 경기74아3380 4 63 234001511 222000177 12 
2020-12-17T09:59:07 0 0 경기74아3380 4 63 234001511 222000177 12 
2020-12-17T09:59:07 0 0 경기74아3357 4 66 234001511 277103306 20 
2020-12-17T10:00:06 0 0 경기74아3380 4 63 234001511 277102831 13 
2020-12-17T10:00:06 0 0 경기74아3357 4 66 234001511 277102674 21 
2020-12-17T10:01:05 0 0 경기74아3380 4 63 234001511 277102831 13 
2020-12-17T10:01:05 0 0 경기74아3357 4 66 234001511 277103309 22 
2020-12-17T10:02:04 0 0 경기74아3380 4 63 234001511 277102831 13 
2020-12-17T10:02:04 0 0 경기74아3357 4 66 234001511 277103309 22 
2020-12-17T10:03:03 0 0 경기74아3380 4 63 234001511 277102831 13 
2020-12-17T10:03:03 0 0 경기74아3357 4 66 234001511 277103309 22 
2020-12-17T10:04:03 0 0 경기74아3357 4 66 234001511 277103309 22 
2020-12-17T10:04:03 0 0 경기74아3380 4 63 234001511 277102833 14 
2020-12-17T10:05:02 0 0 경기74아3357 4 66 234001511 277103309 22 
2020-12-17T10:05:02 0 0 경기74아3380 4 63 234001511 277102835 15 
2020-12-17T10:06:00 0 0 경기74아3357 4 66 234001511 277103309 22 
2020-12-17T10:06:00 0 0 경기74아3380 4 63 234001511 277102835 15 
2020-12-17T10:07:01 0 0 경기74아3380 4 63 234001511 277102837 16 
2020-12-17T10:07:01 0 0 경기74아3357 4 66 234001511 277103309 22 
2020-12-17T10:07:59 0 0 경기74아3380 4 63 234001511 222000302 17 
2020-12-17T10:07:59 0 0 경기74아3357 4 66 234001511 277103308 23 
2020-12-17T10:09:00 0 0 경기74아3380 4 63 234001511 222000302 17 
2020-12-17T10:09:00 0 0 경기74아3357 4 66 234001511 277102302 24 
2020-12-17T10:09:59 0 0 경기74아3357 4 66 234001511 123000611 25 
2020-12-17T10:09:59 0 0 경기74아3380 4 62 234001511 222000302 17 
2020-12-17T10:10:57 0 0 경기74아3357 4 66 234001511 123000611 25 
2020-12-17T10:10:57 0 0 경기74아3380 4 62 234001511 221000039 18 
2020-12-17T10:11:58 0 0 경기74아3357 4 66 234001511 123000611 25 
2020-12-17T10:11:58 0 0 경기74아3380 4 62 234001511 277100104 19 
2020-12-17T10:12:57 0 0 경기74아3357 4 66 234001511 123000611 25 
2020-12-17T10:12:57 0 0 경기74아3380 4 62 234001511 277100104 19 
2020-12-17T10:13:56 0 0 경기74아3357 4 66 234001511 123000611 25 
2020-12-17T10:13:56 0 0 경기74아3380 4 62 234001511 277103306 20 
2020-12-17T10:14:56 0 0 경기74아3357 4 66 234001511 123000611 25 
2020-12-17T10:14:56 0 0 경기74아3380 4 62 234001511 277103306 20 
2020-12-17T10:15:54 0 0 경기74아3357 4 66 234001511 123000611 25 
2020-12-17T10:15:54 0 0 경기74아3380 4 62 234001511 277103306 20 
2020-12-17T10:16:54 0 0 경기74아3357 4 66 234001511 123000611 25 
2020-12-17T10:16:54 0 0 경기74아3380 4 62 234001511 277103306 20 
2020-12-17T10:17:54 0 0 경기74아3380 4 62 234001511 277103306 20 
2020-12-17T10:17:54 0 0 경기74아3357 4 70 234001511 123000611 25 
2020-12-17T10:18:54 0 0 경기74아3380 4 62 234001511 277103306 20 
2020-12-17T10:18:54 0 0 경기74아3357 4 70 234001511 123000611 25 
2020-12-17T10:19:52 0 0 경기74아3380 4 62 234001511 277102674 21 
2020-12-17T10:19:52 0 0 경기74아3357 4 70 234001511 123000611 25 
2020-12-17T10:20:53 0 0 경기74아3357 4 70 234001511 277103310 26 
2020-12-17T10:20:53 0 0 경기74아3380 4 62 234001511 277103309 22 
2020-12-17T10:21:52 0 0 경기74아3380 4 62 234001511 277103309 22 
2020-12-17T10:21:52 0 0 경기74아3357 4 70 234001511 277102675 27 
2020-12-17T10:22:51 0 0 경기74아3380 4 62 234001511 277103309 22 
2020-12-17T10:22:51 0 0 경기74아3357 4 70 234001511 277102675 27 
2020-12-17T10:23:50 0 0 경기74아3357 4 70 234001511 277102675 27 
2020-12-17T10:23:50 0 0 경기74아3380 4 62 234001511 277103308 23 
2020-12-17T10:24:51 0 0 경기74아3380 4 62 234001511 277103308 23 
2020-12-17T10:24:51 0 0 경기74아3357 4 70 234001511 277103307 28 
2020-12-17T10:25:49 0 0 경기74아3380 4 62 234001511 277102302 24 
2020-12-17T10:25:49 0 0 경기74아3357 4 70 234001511 277103313 29 
2020-12-17T10:26:50 0 0 경기74아3380 4 62 234001511 277102302 24 
2020-12-17T10:26:50 0 0 경기74아3357 4 70 234001511 221000238 30 
2020-12-17T10:27:48 0 0 경기74아3357 4 70 234001511 221000238 30 
2020-12-17T10:27:48 0 0 경기74아3380 4 62 234001511 123000611 25 
2020-12-17T10:28:48 0 0 경기74아3380 4 62 234001511 123000611 25 
2020-12-17T10:28:48 0 0 경기74아3357 4 70 234001511 222000301 31 
2020-12-17T10:29:48 0 0 경기74아3380 4 62 234001511 123000611 25 
2020-12-17T10:29:48 0 0 경기74아3357 4 70 234001511 277102838 32 
2020-12-17T10:30:48 0 0 경기74아3380 4 62 234001511 123000611 25 
2020-12-17T10:30:48 0 0 경기74아3357 4 70 234001511 277102838 32 
2020-12-17T10:31:48 0 0 경기74아3380 4 62 234001511 123000611 25 
2020-12-17T10:31:48 0 0 경기74아3357 4 70 234001511 277102836 33 
2020-12-17T10:32:48 0 0 경기74아3380 4 62 234001511 123000611 25 
2020-12-17T10:32:48 0 0 경기74아3357 4 70 234001511 277102834 34 
2020-12-17T10:33:47 0 0 경기74아3380 4 62 234001511 123000611 25 
2020-12-17T10:33:47 0 0 경기74아3357 4 70 234001511 277102834 34 
2020-12-17T10:34:47 0 0 경기74아3380 4 62 234001511 123000611 25 
2020-12-17T10:34:47 0 0 경기74아3357 4 70 234001511 277102834 34 
2020-12-17T10:35:47 0 0 경기74아3380 4 62 234001511 123000611 25 
2020-12-17T10:35:47 0 0 경기74아3357 4 70 234001511 277102834 34 
2020-12-17T10:36:47 0 0 경기74아3380 4 62 234001511 123000611 25 
2020-12-17T10:36:47 0 0 경기74아3357 4 70 234001511 277102832 35 
2020-12-17T10:37:46 0 0 경기74아3380 4 62 234001511 123000611 25 
2020-12-17T10:37:46 0 0 경기74아3357 4 70 234001511 277102832 35 
2020-12-17T10:38:46 0 0 경기74아3380 4 72 234001511 123000611 25 
2020-12-17T10:38:46 0 0 경기74아3357 4 70 234001511 277102832 35 
2020-12-17T10:39:45 0 0 경기74아3380 4 72 234001511 123000611 25 
2020-12-17T10:39:45 0 0 경기74아3357 4 70 234001511 222000186 36 
2020-12-17T10:40:45 0 0 경기74아3380 4 72 234001511 123000611 25 
2020-12-17T10:40:45 0 0 경기74아3357 4 70 234001511 222000185 37 
2020-12-17T10:41:43 0 0 경기74아3357 4 70 234001511 222000184 38 
2020-12-17T10:41:43 0 0 경기74아3380 4 72 234001511 277103310 26 
2020-12-17T10:42:43 0 0 경기74아3380 4 72 234001511 277102675 27 
2020-12-17T10:42:43 0 0 경기74아3357 4 70 234001511 222000182 40 
2020-12-17T10:43:43 0 0 경기74아3380 4 72 234001511 277102675 27 
2020-12-17T10:43:43 0 0 경기74아3357 4 70 234001511 222000327 42 
2020-12-17T10:44:43 0 0 경기74아3380 4 72 234001511 277102675 27 
2020-12-17T10:44:43 0 0 경기74아3357 4 70 234001511 222000749 45 
2020-12-17T10:45:42 0 0 경기74아3357 4 70 234001511 222000324 46 
2020-12-17T10:45:42 0 0 경기74아3380 4 72 234001511 277103307 28 
2020-12-17T10:46:41 0 0 경기74아3357 4 70 234001511 222000324 46 
2020-12-17T10:46:41 0 0 경기74아3380 4 72 234001511 277103313 29 
2020-12-17T10:47:40 0 0 경기74아3380 4 72 234001511 221000238 30 
2020-12-17T10:47:40 0 0 경기74아3357 4 70 234001511 222000175 47 
2020-12-17T10:48:40 0 0 경기74아3380 4 72 234001511 221000238 30 
2020-12-17T10:48:40 0 0 경기74아3357 4 70 234001511 222000173 50 
2020-12-17T10:49:39 0 0 경기74아3380 4 72 234001511 221000238 30 
2020-12-17T10:49:39 0 0 경기74아3357 4 70 234001511 222000163 51 
2020-12-17T10:50:38 0 0 경기74아3357 4 70 234001511 222000163 51 
2020-12-17T10:50:38 0 0 경기74아3380 4 72 234001511 222000301 31 
2020-12-17T10:51:38 0 0 경기74아3380 4 72 234001511 277102838 32 
2020-12-17T10:51:38 0 0 경기74아3357 4 70 234001511 222000958 52 
2020-12-17T10:52:38 0 0 경기74아3380 4 72 234001511 277102836 33 
2020-12-17T10:52:38 0 0 경기74아3357 4 70 234001511 222001580 53 
2020-12-17T10:53:37 0 0 경기74아3380 4 72 234001511 277102836 33 
2020-12-17T10:53:37 0 0 경기74아3357 4 70 234001511 222001580 53 
2020-12-17T10:54:36 0 0 경기74아3380 4 72 234001511 277102834 34 
2020-12-17T10:54:36 0 0 경기74아3357 4 70 234001511 222000164 54 
2020-12-17T10:55:35 0 0 경기74아3380 4 72 234001511 277102834 34 
2020-12-17T10:55:35 0 0 경기74아3357 4 70 234001511 222001096 55 
2020-12-17T10:56:36 0 0 경기74아3380 4 72 234001511 277102834 34 
2020-12-17T10:56:36 0 0 경기74아3357 4 70 234001511 222000166 56 
2020-12-17T10:57:35 0 0 경기74아3380 4 72 234001511 277102834 34 
2020-12-17T10:57:35 0 0 경기74아3357 4 70 234001511 222000825 57 
2020-12-17T10:58:33 0 0 경기74아3380 4 72 234001511 277102834 34 
2020-12-17T10:59:33 0 0 경기74아3380 4 72 234001511 277102834 34 
2020-12-17T11:00:33 0 0 경기74아3380 4 72 234001511 277102832 35 
2020-12-17T11:01:32 0 0 경기74아3380 4 72 234001511 277102832 35 
2020-12-17T11:02:32 0 0 경기74아3380 4 72 234001511 222000186 36 
2020-12-17T11:03:32 0 0 경기74아3380 4 72 234001511 222000185 37 
2020-12-17T11:04:31 0 0 경기74아3380 4 72 234001511 222000185 37 
2020-12-17T11:05:31 0 0 경기74아3380 4 72 234001511 222000184 38 
2020-12-17T11:06:30 0 0 경기74아3380 4 72 234001511 222000183 39 
2020-12-17T11:07:30 0 0 경기74아3380 4 72 234001511 222000328 41 
2020-12-17T11:08:29 0 0 경기74아3380 4 72 234001511 222000327 42 
2020-12-17T11:09:29 0 0 경기74아3380 4 72 234001511 222000327 42 
2020-12-17T11:10:28 0 0 경기74아3380 4 72 234001511 222000749 45 
2020-12-17T11:11:28 0 0 경기74아3380 4 72 234001511 222000749 45 
2020-12-17T11:12:29 0 0 경기74아3380 4 72 234001511 222000324 46 
2020-12-17T11:13:27 0 0 경기74아3380 4 72 234001511 222000174 48 
2020-12-17T11:14:27 0 0 경기74아3380 4 72 234001511 222000173 50 
2020-12-17T11:15:27 0 0 경기74아3380 4 72 234001511 222000163 51 
2020-12-17T11:16:27 0 0 경기74아3380 4 72 234001511 222000163 51 
2020-12-17T11:17:26 0 0 경기74아3380 4 72 234001511 222000958 52 
2020-12-17T11:18:26 0 0 경기74아3380 4 72 234001511 222001580 53 
2020-12-17T11:19:25 0 0 경기74아3380 4 72 234001511 222001580 53 
2020-12-17T11:20:25 0 0 경기74아3380 4 72 234001511 222000164 54 
2020-12-17T11:21:25 0 0 경기74아3380 4 72 234001511 222000166 56 
2020-12-17T12:20:53 0 0 경기74아3357 4 70 234001511 222000824 1 
2020-12-17T12:21:53 0 0 경기74아3357 4 70 234001511 222000824 1 
2020-12-17T12:22:53 0 0 경기74아3357 4 70 234001511 222000171 2 
2020-12-17T12:23:53 0 0 경기74아3357 4 70 234001511 222000323 4 
2020-12-17T12:24:52 0 0 경기74아3357 4 70 234001511 222000322 5 
2020-12-17T12:25:52 0 0 경기74아3357 4 70 234001511 222000322 5 
2020-12-17T12:26:51 0 0 경기74아3357 4 70 234001511 222000320 7 
2020-12-17T12:27:51 0 0 경기74아3357 4 70 234001511 222000320 7 
2020-12-17T12:28:52 0 0 경기74아3357 4 70 234001511 222000181 8 
2020-12-17T12:29:51 0 0 경기74아3357 4 68 234001511 222000180 9 
2020-12-17T12:30:49 0 0 경기74아3357 4 68 234001511 222000179 10 
2020-12-17T12:31:49 0 0 경기74아3357 4 68 234001511 222000179 10 
2020-12-17T12:32:49 0 0 경기74아3357 4 68 234001511 222000177 12 
2020-12-17T12:33:48 0 0 경기74아3357 4 67 234001511 222000177 12 
2020-12-17T12:34:48 0 0 경기74아3357 4 67 234001511 222000177 12 
2020-12-17T12:35:48 0 0 경기74아3357 4 67 234001511 277102831 13 
2020-12-17T12:36:47 0 0 경기74아3357 4 67 234001511 277102831 13 
2020-12-17T12:37:47 0 0 경기74아3357 4 67 234001511 277102831 13 
2020-12-17T12:38:46 0 0 경기74아3357 4 67 234001511 277102831 13 
2020-12-17T12:39:45 0 0 경기74아3357 4 67 234001511 277102833 14 
2020-12-17T12:40:44 0 0 경기74아3357 4 67 234001511 277102833 14 
2020-12-17T12:41:44 0 0 경기74아3357 4 67 234001511 277102835 15 
2020-12-17T12:41:44 0 0 경기74아3380 4 72 234001511 222000824 1 
2020-12-17T12:42:43 0 0 경기74아3380 4 72 234001511 222000171 2 
2020-12-17T12:42:43 0 0 경기74아3357 4 67 234001511 277102837 16 
2020-12-17T12:43:43 0 0 경기74아3380 4 69 234001511 222000170 3 
2020-12-17T12:43:43 0 0 경기74아3357 4 67 234001511 222000302 17 
2020-12-17T12:44:42 0 0 경기74아3357 4 67 234001511 222000302 17 
2020-12-17T12:44:42 0 0 경기74아3380 4 69 234001511 222000323 4 
2020-12-17T12:45:42 0 0 경기74아3357 4 67 234001511 222000302 17 
2020-12-17T12:45:42 0 0 경기74아3380 4 68 234001511 222000322 5 
2020-12-17T12:46:41 0 0 경기74아3357 4 67 234001511 221000039 18 
2020-12-17T12:46:41 0 0 경기74아3380 4 68 234001511 222000320 7 
2020-12-17T12:47:41 0 0 경기74아3380 4 68 234001511 222000320 7 
2020-12-17T12:47:41 0 0 경기74아3357 4 67 234001511 277100104 19 
2020-12-17T12:48:40 0 0 경기74아3380 4 68 234001511 222000320 7 
2020-12-17T12:48:40 0 0 경기74아3357 4 67 234001511 277100104 19 
2020-12-17T12:49:39 0 0 경기74아3380 4 68 234001511 222000320 7 
2020-12-17T12:49:39 0 0 경기74아3357 4 67 234001511 277103306 20 
2020-12-17T12:50:39 0 0 경기74아3357 4 67 234001511 277103306 20 
2020-12-17T12:50:39 0 0 경기74아3380 4 68 234001511 222000180 9 
2020-12-17T12:51:38 0 0 경기74아3357 4 67 234001511 277103306 20 
2020-12-17T12:51:38 0 0 경기74아3380 4 68 234001511 222000179 10 
2020-12-17T12:52:37 0 0 경기74아3380 4 67 234001511 222000179 10 
2020-12-17T12:52:37 0 0 경기74아3357 4 67 234001511 277102674 21 
2020-12-17T12:53:38 0 0 경기74아3357 4 67 234001511 277103309 22 
2020-12-17T12:53:38 0 0 경기74아3380 4 67 234001511 222000179 10 
2020-12-17T12:54:37 0 0 경기74아3380 4 67 234001511 222000178 11 
2020-12-17T12:54:37 0 0 경기74아3357 4 67 234001511 277103309 22 
2020-12-17T12:55:37 0 0 경기74아3380 4 64 234001511 222000178 11 
2020-12-17T12:55:37 0 0 경기74아3357 4 67 234001511 277103308 23 
2020-12-17T12:56:36 0 0 경기74아3357 4 67 234001511 277102302 24 
2020-12-17T12:56:36 0 0 경기74아3380 4 64 234001511 222000177 12 
2020-12-17T12:57:35 0 0 경기74아3357 4 67 234001511 277102302 24 
2020-12-17T12:57:35 0 0 경기74아3380 4 64 234001511 222000177 12 
2020-12-17T12:58:37 0 0 경기74아3380 4 64 234001511 222000177 12 
2020-12-17T12:58:37 0 0 경기74아3357 4 67 234001511 123000611 25 
2020-12-17T12:59:35 0 0 경기74아3357 4 67 234001511 123000611 25 
2020-12-17T12:59:35 0 0 경기74아3380 4 64 234001511 277102831 13 
2020-12-17T13:00:34 0 0 경기74아3357 4 67 234001511 123000611 25 
2020-12-17T13:00:34 0 0 경기74아3380 4 64 234001511 277102831 13 
2020-12-17T13:01:33 0 0 경기74아3357 4 67 234001511 123000611 25 
2020-12-17T13:01:33 0 0 경기74아3380 4 64 234001511 277102831 13 
2020-12-17T13:02:32 0 0 경기74아3357 4 67 234001511 123000611 25 
2020-12-17T13:02:32 0 0 경기74아3380 4 64 234001511 277102831 13 
2020-12-17T13:03:32 0 0 경기74아3357 4 67 234001511 123000611 25 
2020-12-17T13:03:32 0 0 경기74아3380 4 64 234001511 277102833 14 
2020-12-17T13:04:32 0 0 경기74아3357 4 67 234001511 123000611 25 
2020-12-17T13:04:32 0 0 경기74아3380 4 64 234001511 277102833 14 
2020-12-17T13:05:31 0 0 경기74아3357 4 67 234001511 123000611 25 
2020-12-17T13:05:31 0 0 경기74아3380 4 64 234001511 277102835 15 
2020-12-17T13:06:31 0 0 경기74아3380 4 64 234001511 277102835 15 
2020-12-17T13:06:31 0 0 경기74아3357 4 69 234001511 123000611 25 
2020-12-17T13:07:31 0 0 경기74아3357 4 69 234001511 123000611 25 
2020-12-17T13:07:31 0 0 경기74아3380 4 64 234001511 222000302 17 
2020-12-17T13:08:29 0 0 경기74아3380 4 64 234001511 222000302 17 
2020-12-17T13:08:29 0 0 경기74아3357 4 69 234001511 123000611 25 
2020-12-17T13:09:29 0 0 경기74아3380 4 64 234001511 221000039 18 
2020-12-17T13:09:29 0 0 경기74아3357 4 69 234001511 123000611 25 
2020-12-17T13:10:28 0 0 경기74아3380 4 64 234001511 221000039 18 
2020-12-17T13:10:28 0 0 경기74아3357 4 69 234001511 277103310 26 
2020-12-17T13:11:27 0 0 경기74아3357 4 69 234001511 277102675 27 
2020-12-17T13:11:27 0 0 경기74아3380 4 64 234001511 277100104 19 
2020-12-17T13:12:27 0 0 경기74아3357 4 69 234001511 277102675 27 
2020-12-17T13:12:27 0 0 경기74아3380 4 64 234001511 277103306 20 
2020-12-17T13:13:27 0 0 경기74아3357 4 69 234001511 277102675 27 
2020-12-17T13:13:27 0 0 경기74아3380 4 64 234001511 277103306 20 
2020-12-17T13:14:26 0 0 경기74아3380 4 64 234001511 277103306 20 
2020-12-17T13:14:26 0 0 경기74아3357 4 69 234001511 277103307 28 
2020-12-17T13:15:26 0 0 경기74아3357 4 69 234001511 277103313 29 
2020-12-17T13:15:26 0 0 경기74아3380 4 64 234001511 277102674 21 
2020-12-17T13:16:25 0 0 경기74아3380 4 64 234001511 277103309 22 
2020-12-17T13:16:25 0 0 경기74아3357 4 69 234001511 221000238 30 
2020-12-17T13:17:24 0 0 경기74아3357 4 69 234001511 221000238 30 
2020-12-17T13:17:24 0 0 경기74아3380 4 64 234001511 277103309 22 
2020-12-17T13:18:24 0 0 경기74아3380 4 64 234001511 277103308 23 
2020-12-17T13:18:24 0 0 경기74아3357 4 69 234001511 277102838 32 
2020-12-17T13:19:24 0 0 경기74아3357 4 69 234001511 277102838 32 
2020-12-17T13:19:24 0 0 경기74아3380 4 64 234001511 277102302 24 
2020-12-17T13:20:24 0 0 경기74아3357 4 69 234001511 277102836 33 
2020-12-17T13:20:24 0 0 경기74아3380 4 64 234001511 123000611 25 
2020-12-17T13:21:23 0 0 경기74아3357 4 69 234001511 277102836 33 
2020-12-17T13:21:23 0 0 경기74아3380 4 64 234001511 123000611 25 
2020-12-17T13:22:23 0 0 경기74아3380 4 64 234001511 123000611 25 
2020-12-17T13:22:23 0 0 경기74아3357 4 69 234001511 277102834 34 
2020-12-17T13:23:22 0 0 경기74아3380 4 64 234001511 123000611 25 
2020-12-17T13:23:22 0 0 경기74아3357 4 69 234001511 277102834 34 
2020-12-17T13:24:21 0 0 경기74아3380 4 64 234001511 123000611 25 
2020-12-17T13:24:21 0 0 경기74아3357 4 69 234001511 277102834 34 
2020-12-17T13:25:21 0 0 경기74아3380 4 64 234001511 123000611 25 
2020-12-17T13:25:21 0 0 경기74아3357 4 69 234001511 277102834 34 
2020-12-17T13:26:21 0 0 경기74아3380 4 64 234001511 123000611 25 
2020-12-17T13:26:21 0 0 경기74아3357 4 69 234001511 277102832 35 
2020-12-17T13:27:21 0 0 경기74아3380 4 64 234001511 123000611 25 
2020-12-17T13:27:21 0 0 경기74아3357 4 69 234001511 277102832 35 
2020-12-17T13:28:21 0 0 경기74아3357 4 69 234001511 277102832 35 
2020-12-17T13:28:21 0 0 경기74아3380 4 68 234001511 123000611 25 
2020-12-17T13:29:21 0 0 경기74아3380 4 68 234001511 123000611 25 
2020-12-17T13:29:21 0 0 경기74아3357 4 69 234001511 277102832 35 
2020-12-17T13:30:20 0 0 경기74아3380 4 68 234001511 123000611 25 
2020-12-17T13:30:20 0 0 경기74아3357 4 69 234001511 222000186 36 
2020-12-17T13:31:20 0 0 경기74아3380 4 68 234001511 123000611 25 
2020-12-17T13:31:20 0 0 경기74아3357 4 69 234001511 222000186 36 
2020-12-17T13:32:20 0 0 경기74아3357 4 69 234001511 222000185 37 
2020-12-17T13:32:20 0 0 경기74아3380 4 68 234001511 277103310 26 
2020-12-17T13:33:20 0 0 경기74아3380 4 68 234001511 277102675 27 
2020-12-17T13:33:20 0 0 경기74아3357 4 69 234001511 222000185 37 
2020-12-17T13:34:19 0 0 경기74아3380 4 68 234001511 277102675 27 
2020-12-17T13:34:19 0 0 경기74아3357 4 69 234001511 222000184 38 
2020-12-17T13:35:19 0 0 경기74아3357 4 69 234001511 222000182 40 
2020-12-17T13:35:19 0 0 경기74아3380 4 68 234001511 277102675 27 
2020-12-17T13:36:19 0 0 경기74아3380 4 68 234001511 277103307 28 
2020-12-17T13:36:19 0 0 경기74아3357 4 69 234001511 222000328 41 
2020-12-17T13:37:18 0 0 경기74아3380 4 68 234001511 277103313 29 
2020-12-17T13:37:18 0 0 경기74아3357 4 69 234001511 222000326 43 
2020-12-17T13:38:18 0 0 경기74아3357 4 69 234001511 222000325 44 
2020-12-17T13:38:18 0 0 경기74아3380 4 68 234001511 221000238 30 
2020-12-17T13:39:17 0 0 경기74아3357 4 69 234001511 222000325 44 
2020-12-17T13:39:17 0 0 경기74아3380 4 68 234001511 221000238 30 
2020-12-17T13:40:17 0 0 경기74아3380 4 68 234001511 222000301 31 
2020-12-17T13:40:17 0 0 경기74아3357 4 69 234001511 222000324 46 
2020-12-17T13:41:18 0 0 경기74아3357 4 69 234001511 222000324 46 
2020-12-17T13:41:18 0 0 경기74아3380 4 68 234001511 277102838 32 
2020-12-17T13:42:17 0 0 경기74아3380 4 68 234001511 277102836 33 
2020-12-17T13:42:17 0 0 경기74아3357 4 69 234001511 222000324 46 
2020-12-17T13:43:17 0 0 경기74아3380 4 68 234001511 277102836 33 
2020-12-17T13:43:17 0 0 경기74아3357 4 69 234001511 222001419 49 
2020-12-17T13:44:16 0 0 경기74아3380 4 68 234001511 277102834 34 
2020-12-17T13:44:16 0 0 경기74아3357 4 69 234001511 222000163 51 
2020-12-17T13:45:15 0 0 경기74아3380 4 68 234001511 277102834 34 
2020-12-17T13:45:15 0 0 경기74아3357 4 69 234001511 222000163 51 
2020-12-17T13:46:14 0 0 경기74아3380 4 68 234001511 277102834 34 
2020-12-17T13:46:14 0 0 경기74아3357 4 69 234001511 222000163 51 
2020-12-17T13:47:15 0 0 경기74아3380 4 68 234001511 277102834 34 
2020-12-17T13:47:15 0 0 경기74아3357 4 69 234001511 222000958 52 
2020-12-17T13:48:14 0 0 경기74아3357 4 69 234001511 222001580 53 
2020-12-17T13:48:14 0 0 경기74아3380 4 68 234001511 277102832 35 
2020-12-17T13:49:13 0 0 경기74아3357 4 70 234001511 222001580 53 
2020-12-17T13:49:13 0 0 경기74아3380 4 68 234001511 277102832 35 
2020-12-17T13:50:12 0 0 경기74아3380 4 68 234001511 277102832 35 
2020-12-17T13:50:12 0 0 경기74아3357 4 70 234001511 222000164 54 
2020-12-17T13:51:12 0 0 경기74아3380 4 68 234001511 277102832 35 
2020-12-17T13:51:12 0 0 경기74아3357 4 70 234001511 222001096 55 
2020-12-17T13:52:12 0 0 경기74아3380 4 68 234001511 222000186 36 
2020-12-17T13:53:11 0 0 경기74아3380 4 68 234001511 222000186 36 
2020-12-17T13:54:10 0 0 경기74아3380 4 68 234001511 222000185 37 
2020-12-17T13:55:09 0 0 경기74아3380 4 68 234001511 222000185 37 
2020-12-17T13:56:09 0 0 경기74아3380 4 68 234001511 222000184 38 
2020-12-17T13:57:08 0 0 경기74아3380 4 68 234001511 222000182 40 
2020-12-17T13:58:07 0 0 경기74아3380 4 68 234001511 222000327 42 
2020-12-17T13:59:07 0 0 경기74아3380 4 68 234001511 222000325 44 
2020-12-17T14:00:06 0 0 경기74아3380 4 68 234001511 222000749 45 
2020-12-17T14:01:07 0 0 경기74아3380 4 68 234001511 222000324 46 
2020-12-17T14:02:06 0 0 경기74아3380 4 68 234001511 222000324 46 
2020-12-17T14:03:05 0 0 경기74아3380 4 70 234001511 222000175 47 
2020-12-17T14:04:05 0 0 경기74아3380 4 72 234001511 222000174 48 
2020-12-17T14:05:04 0 0 경기74아3380 4 72 234001511 222000174 48 
2020-12-17T14:06:03 0 0 경기74아3380 4 72 234001511 222000173 50 
2020-12-17T14:07:03 0 0 경기74아3380 4 72 234001511 222000163 51 
2020-12-17T14:08:02 0 0 경기74아3380 4 72 234001511 222000163 51 
2020-12-17T14:09:02 0 0 경기74아3380 4 72 234001511 222000958 52 
2020-12-17T14:10:00 0 0 경기74아3380 4 72 234001511 222001580 53 
2020-12-17T14:11:01 0 0 경기74아3380 4 72 234001511 222001096 55 
2020-12-17T14:12:00 0 0 경기74아3380 4 72 234001511 222000825 57 
2020-12-17T15:21:31 0 0 경기74아3357 4 70 234001511 222000824 1 
2020-12-17T15:22:31 0 0 경기74아3357 4 70 234001511 222000171 2 
2020-12-17T15:23:31 0 0 경기74아3357 4 70 234001511 222000170 3 
2020-12-17T15:24:30 0 0 경기74아3357 4 70 234001511 222000170 3 
2020-12-17T15:25:30 0 0 경기74아3357 4 70 234001511 222000170 3 
2020-12-17T15:26:30 0 0 경기74아3357 4 70 234001511 222000322 5 
2020-12-17T15:27:30 0 0 경기74아3357 4 69 234001511 222000321 6 
2020-12-17T15:28:29 0 0 경기74아3357 4 69 234001511 222000320 7 
2020-12-17T15:29:29 0 0 경기74아3357 4 69 234001511 222000320 7 
2020-12-17T15:30:29 0 0 경기74아3357 4 69 234001511 222000320 7 
2020-12-17T15:31:29 0 0 경기74아3357 4 70 234001511 222000320 7 
2020-12-17T15:32:29 0 0 경기74아3357 4 70 234001511 222000181 8 
2020-12-17T15:33:28 0 0 경기74아3357 4 69 234001511 222000180 9 
2020-12-17T15:34:28 0 0 경기74아3357 4 69 234001511 222000179 10 
2020-12-17T15:35:28 0 0 경기74아3357 4 69 234001511 222000178 11 
2020-12-17T15:36:27 0 0 경기74아3357 4 68 234001511 222000178 11 
2020-12-17T15:37:27 0 0 경기74아3357 4 68 234001511 222000177 12 
2020-12-17T15:38:27 0 0 경기74아3357 4 67 234001511 222000177 12 
2020-12-17T15:39:26 0 0 경기74아3357 4 67 234001511 222000177 12 
2020-12-17T15:40:26 0 0 경기74아3357 4 67 234001511 277102831 13 
2020-12-17T15:41:26 0 0 경기74아3357 4 67 234001511 277102831 13 
2020-12-17T15:41:26 0 0 경기74아3380 4 72 234001511 222000824 1 
2020-12-17T15:42:25 0 0 경기74아3357 4 67 234001511 277102831 13 
2020-12-17T15:42:25 0 0 경기74아3380 4 72 234001511 222000171 2 
2020-12-17T15:43:25 0 0 경기74아3357 4 67 234001511 277102831 13 
2020-12-17T15:43:25 0 0 경기74아3380 4 72 234001511 222000170 3 
2020-12-17T15:44:25 0 0 경기74아3380 4 72 234001511 222000170 3 
2020-12-17T15:44:25 0 0 경기74아3357 4 67 234001511 277102833 14 
2020-12-17T15:45:25 0 0 경기74아3357 4 67 234001511 277102833 14 
2020-12-17T15:45:25 0 0 경기74아3380 4 72 234001511 222000321 6 
2020-12-17T15:46:24 0 0 경기74아3380 4 72 234001511 222000320 7 
2020-12-17T15:46:24 0 0 경기74아3357 4 67 234001511 277102835 15 
2020-12-17T15:47:24 0 0 경기74아3380 4 72 234001511 222000320 7 
2020-12-17T15:47:24 0 0 경기74아3357 4 67 234001511 277102835 15 
2020-12-17T15:48:24 0 0 경기74아3380 4 72 234001511 222000320 7 
2020-12-17T15:48:24 0 0 경기74아3357 4 67 234001511 277102837 16 
2020-12-17T15:49:23 0 0 경기74아3380 4 72 234001511 222000320 7 
2020-12-17T15:49:23 0 0 경기74아3357 4 67 234001511 222000302 17 
2020-12-17T15:50:23 0 0 경기74아3357 4 67 234001511 222000302 17 
2020-12-17T15:50:23 0 0 경기74아3380 4 72 234001511 222000181 8 
2020-12-17T15:51:23 0 0 경기74아3357 4 67 234001511 221000039 18 
2020-12-17T15:51:23 0 0 경기74아3380 4 71 234001511 222000179 10 
2020-12-17T15:52:22 0 0 경기74아3357 4 67 234001511 221000039 18 
2020-12-17T15:52:22 0 0 경기74아3380 4 71 234001511 222000179 10 
2020-12-17T15:53:22 0 0 경기74아3357 4 67 234001511 277100104 19 
2020-12-17T15:53:22 0 0 경기74아3380 4 71 234001511 222000179 10 
2020-12-17T15:54:21 0 0 경기74아3357 4 67 234001511 277103306 20 
2020-12-17T15:54:21 0 0 경기74아3380 4 70 234001511 222000178 11 
2020-12-17T15:55:21 0 0 경기74아3380 4 70 234001511 222000178 11 
2020-12-17T15:55:21 0 0 경기74아3357 4 67 234001511 277103306 20 
2020-12-17T15:56:21 0 0 경기74아3357 4 67 234001511 277103306 20 
2020-12-17T15:56:21 0 0 경기74아3380 4 70 234001511 222000177 12 
2020-12-17T15:57:21 0 0 경기74아3380 4 70 234001511 222000177 12 
2020-12-17T15:57:21 0 0 경기74아3357 4 67 234001511 277102674 21 
2020-12-17T15:58:20 0 0 경기74아3380 4 70 234001511 222000177 12 
2020-12-17T15:58:20 0 0 경기74아3357 4 67 234001511 277103309 22 
2020-12-17T15:59:20 0 0 경기74아3380 4 70 234001511 222000177 12 
2020-12-17T15:59:20 0 0 경기74아3357 4 67 234001511 277103309 22 
2020-12-17T16:00:19 0 0 경기74아3380 4 70 234001511 277102831 13 
2020-12-17T16:00:19 0 0 경기74아3357 4 67 234001511 277103308 23 
2020-12-17T16:01:19 0 0 경기74아3380 4 70 234001511 277102831 13 
2020-12-17T16:01:19 0 0 경기74아3357 4 67 234001511 277102302 24 
2020-12-17T16:02:19 0 0 경기74아3380 4 70 234001511 277102831 13 
2020-12-17T16:02:19 0 0 경기74아3357 4 67 234001511 277102302 24 
2020-12-17T16:03:19 0 0 경기74아3357 4 67 234001511 277102302 24 
2020-12-17T16:03:19 0 0 경기74아3380 4 70 234001511 277102833 14 
2020-12-17T16:04:17 0 0 경기74아3357 4 67 234001511 277102302 24 
2020-12-17T16:04:17 0 0 경기74아3380 4 70 234001511 277102833 14 
2020-12-17T16:05:17 0 0 경기74아3357 4 67 234001511 123000611 25 
2020-12-17T16:05:17 0 0 경기74아3380 4 70 234001511 277102835 15 
2020-12-17T16:06:17 0 0 경기74아3357 4 67 234001511 123000611 25 
2020-12-17T16:06:17 0 0 경기74아3380 4 70 234001511 277102837 16 
2020-12-17T16:07:16 0 0 경기74아3357 4 67 234001511 123000611 25 
2020-12-17T16:07:16 0 0 경기74아3380 4 70 234001511 222000302 17 
2020-12-17T16:08:17 0 0 경기74아3357 4 67 234001511 123000611 25 
2020-12-17T16:08:17 0 0 경기74아3380 4 70 234001511 222000302 17 
2020-12-17T16:09:16 0 0 경기74아3357 4 67 234001511 123000611 25 
2020-12-17T16:09:16 0 0 경기74아3380 4 70 234001511 221000039 18 
2020-12-17T16:10:15 0 0 경기74아3357 4 67 234001511 123000611 25 
2020-12-17T16:10:15 0 0 경기74아3380 4 70 234001511 221000039 18 
2020-12-17T16:11:14 0 0 경기74아3357 4 67 234001511 123000611 25 
2020-12-17T16:11:14 0 0 경기74아3380 4 70 234001511 221000039 18 
2020-12-17T16:12:13 0 0 경기74아3357 4 67 234001511 123000611 25 
2020-12-17T16:12:13 0 0 경기74아3380 4 70 234001511 277100104 19 
2020-12-17T16:13:12 0 0 경기74아3380 4 70 234001511 277100104 19 
2020-12-17T16:13:12 0 0 경기74아3357 4 64 234001511 123000611 25 
2020-12-17T16:14:12 0 0 경기74아3357 4 64 234001511 123000611 25 
2020-12-17T16:14:12 0 0 경기74아3380 4 70 234001511 277103306 20 
2020-12-17T16:15:11 0 0 경기74아3380 4 70 234001511 277103306 20 
2020-12-17T16:15:11 0 0 경기74아3357 4 64 234001511 123000611 25 
2020-12-17T16:16:10 0 0 경기74아3357 4 64 234001511 123000611 25 
2020-12-17T16:16:10 0 0 경기74아3380 4 70 234001511 277103306 20 
2020-12-17T16:17:09 0 0 경기74아3380 4 70 234001511 277103309 22 
2020-12-17T16:17:09 0 0 경기74아3357 4 64 234001511 123000611 25 
2020-12-17T16:18:09 0 0 경기74아3380 4 70 234001511 277103309 22 
2020-12-17T16:18:09 0 0 경기74아3357 4 64 234001511 277103310 26 
2020-12-17T16:19:08 0 0 경기74아3357 4 64 234001511 277102675 27 
2020-12-17T16:19:08 0 0 경기74아3380 4 70 234001511 277103308 23 
2020-12-17T16:20:08 0 0 경기74아3357 4 64 234001511 277102675 27 
2020-12-17T16:20:08 0 0 경기74아3380 4 70 234001511 277102302 24 
2020-12-17T16:21:08 0 0 경기74아3357 4 64 234001511 277102675 27 
2020-12-17T16:21:08 0 0 경기74아3380 4 70 234001511 277102302 24 
2020-12-17T16:22:07 0 0 경기74아3357 4 64 234001511 277102675 27 
2020-12-17T16:22:07 0 0 경기74아3380 4 70 234001511 277102302 24 
2020-12-17T16:23:06 0 0 경기74아3380 4 70 234001511 277102302 24 
2020-12-17T16:23:06 0 0 경기74아3357 4 64 234001511 277103307 28 
2020-12-17T16:24:06 0 0 경기74아3380 4 70 234001511 123000611 25 
2020-12-17T16:24:06 0 0 경기74아3357 4 64 234001511 277103307 28 
2020-12-17T16:25:06 0 0 경기74아3380 4 70 234001511 123000611 25 
2020-12-17T16:25:06 0 0 경기74아3357 4 64 234001511 221000238 30 
2020-12-17T16:26:05 0 0 경기74아3380 4 70 234001511 123000611 25 
2020-12-17T16:26:05 0 0 경기74아3357 4 64 234001511 221000238 30 
2020-12-17T16:27:05 0 0 경기74아3380 4 70 234001511 123000611 25 
2020-12-17T16:27:05 0 0 경기74아3357 4 64 234001511 221000238 30 
2020-12-17T16:28:05 0 0 경기74아3380 4 70 234001511 123000611 25 
2020-12-17T16:28:05 0 0 경기74아3357 4 64 234001511 222000301 31 
2020-12-17T16:29:03 0 0 경기74아3380 4 70 234001511 123000611 25 
2020-12-17T16:29:03 0 0 경기74아3357 4 64 234001511 277102838 32 
2020-12-17T16:30:03 0 0 경기74아3380 4 70 234001511 123000611 25 
2020-12-17T16:30:03 0 0 경기74아3357 4 64 234001511 277102836 33 
2020-12-17T16:31:03 0 0 경기74아3357 4 64 234001511 277102836 33 
2020-12-17T16:31:03 0 0 경기74아3380 4 56 234001511 123000611 25 
2020-12-17T16:32:02 0 0 경기74아3357 4 64 234001511 277102834 34 
2020-12-17T16:32:02 0 0 경기74아3380 4 56 234001511 123000611 25 
2020-12-17T16:33:02 0 0 경기74아3357 4 64 234001511 277102834 34 
2020-12-17T16:33:02 0 0 경기74아3380 4 56 234001511 123000611 25 
2020-12-17T16:34:02 0 0 경기74아3357 4 64 234001511 277102834 34 
2020-12-17T16:34:02 0 0 경기74아3380 4 56 234001511 123000611 25 
2020-12-17T16:35:02 0 0 경기74아3357 4 64 234001511 277102834 34 
2020-12-17T16:35:02 0 0 경기74아3380 4 56 234001511 277103310 26 
2020-12-17T16:36:02 0 0 경기74아3357 4 64 234001511 277102834 34 
2020-12-17T16:36:02 0 0 경기74아3380 4 56 234001511 277103310 26 
2020-12-17T16:37:01 0 0 경기74아3357 4 64 234001511 277102832 35 
2020-12-17T16:37:01 0 0 경기74아3380 4 56 234001511 277103310 26 
2020-12-17T16:38:01 0 0 경기74아3357 4 64 234001511 277102832 35 
2020-12-17T16:38:01 0 0 경기74아3380 4 56 234001511 277102675 27 
2020-12-17T16:39:00 0 0 경기74아3357 4 64 234001511 277102832 35 
2020-12-17T16:39:00 0 0 경기74아3380 4 56 234001511 277102675 27 
2020-12-17T16:40:00 0 0 경기74아3380 4 56 234001511 277102675 27 
2020-12-17T16:40:00 0 0 경기74아3357 4 67 234001511 222000186 36 
2020-12-17T16:41:00 0 0 경기74아3380 4 56 234001511 277102675 27 
2020-12-17T16:41:00 0 0 경기74아3357 4 67 234001511 222000186 36 
2020-12-17T16:42:00 0 0 경기74아3380 4 56 234001511 277102675 27 
2020-12-17T16:42:00 0 0 경기74아3357 4 67 234001511 222000185 37 
2020-12-17T16:42:59 0 0 경기74아3357 4 67 234001511 222000185 37 
2020-12-17T16:42:59 0 0 경기74아3380 4 56 234001511 277103307 28 
2020-12-17T16:43:59 0 0 경기74아3380 4 56 234001511 277103307 28 
2020-12-17T16:43:59 0 0 경기74아3357 4 67 234001511 222000185 37 
2020-12-17T16:44:59 0 0 경기74아3357 4 68 234001511 222000184 38 
2020-12-17T16:44:59 0 0 경기74아3380 4 56 234001511 277103313 29 
2020-12-17T16:45:58 0 0 경기74아3380 4 56 234001511 221000238 30 
2020-12-17T16:45:58 0 0 경기74아3357 4 69 234001511 222000183 39 
2020-12-17T16:46:58 0 0 경기74아3380 4 56 234001511 221000238 30 
2020-12-17T16:46:58 0 0 경기74아3357 4 69 234001511 222000182 40 
2020-12-17T16:47:58 0 0 경기74아3357 4 69 234001511 222000328 41 
2020-12-17T16:47:58 0 0 경기74아3380 4 56 234001511 222000301 31 
2020-12-17T16:48:58 0 0 경기74아3380 4 56 234001511 277102838 32 
2020-12-17T16:48:58 0 0 경기74아3357 4 69 234001511 222000326 43 
2020-12-17T16:49:57 0 0 경기74아3357 4 69 234001511 222000326 43 
2020-12-17T16:49:57 0 0 경기74아3380 4 56 234001511 277102836 33 
2020-12-17T16:50:57 0 0 경기74아3380 4 56 234001511 277102836 33 
2020-12-17T16:50:57 0 0 경기74아3357 4 69 234001511 222000325 44 
2020-12-17T16:51:57 0 0 경기74아3380 4 56 234001511 277102834 34 
2020-12-17T16:51:57 0 0 경기74아3357 4 69 234001511 222000324 46 
2020-12-17T16:52:57 0 0 경기74아3380 4 56 234001511 277102834 34 
2020-12-17T16:52:57 0 0 경기74아3357 4 69 234001511 222000174 48 
2020-12-17T16:53:56 0 0 경기74아3380 4 56 234001511 277102834 34 
2020-12-17T16:53:56 0 0 경기74아3357 4 69 234001511 222000173 50 
2020-12-17T16:54:56 0 0 경기74아3380 4 56 234001511 277102834 34 
2020-12-17T16:54:56 0 0 경기74아3357 4 69 234001511 222000163 51 
2020-12-17T16:55:56 0 0 경기74아3357 4 69 234001511 222000163 51 
2020-12-17T16:55:56 0 0 경기74아3380 4 56 234001511 277102832 35 
2020-12-17T16:56:56 0 0 경기74아3357 4 70 234001511 222000958 52 
2020-12-17T16:56:56 0 0 경기74아3380 4 56 234001511 277102832 35 
2020-12-17T16:57:56 0 0 경기74아3357 4 70 234001511 222001580 53 
2020-12-17T16:57:56 0 0 경기74아3380 4 58 234001511 222000186 36 
2020-12-17T16:58:55 0 0 경기74아3357 4 70 234001511 222001580 53 
2020-12-17T16:58:55 0 0 경기74아3380 4 59 234001511 222000185 37 
