234001203 2020-12-29T10:07:22.699203+09:00
2020-12-30T07:49:06 0 0 경기77바2050 4 72 234001203 277101909 2 
2020-12-30T07:50:05 0 0 경기77바2050 4 72 234001203 104000064 3 
2020-12-30T07:51:04 0 0 경기77바2050 4 72 234001203 104000064 3 
2020-12-30T07:52:04 0 0 경기77바2050 4 72 234001203 104000074 4 
2020-12-30T07:53:04 0 0 경기77바2050 4 72 234001203 104000074 4 
2020-12-30T07:54:03 0 0 경기77바2050 4 72 234001203 277102303 5 
2020-12-30T07:55:02 0 0 경기77바2050 4 72 234001203 277102303 5 
2020-12-30T07:56:02 0 0 경기77바2050 4 72 234001203 277102304 6 
2020-12-30T07:57:01 0 0 경기77바2050 4 72 234001203 277102304 6 
2020-12-30T07:58:01 0 0 경기77바2050 4 68 234001203 124000454 7 
2020-12-30T07:58:01 0 0 경기77바2457 3 45 234001203 277101909 2 
2020-12-30T07:59:00 0 0 경기77바2050 4 68 234001203 124000454 7 
2020-12-30T07:59:00 0 0 경기77바2457 3 45 234001203 104000064 3 
2020-12-30T07:59:59 0 0 경기77바2050 4 67 234001203 124000366 8 
2020-12-30T07:59:59 0 0 경기77바2457 3 45 234001203 104000064 3 
2020-12-30T08:00:58 0 0 경기77바2050 4 67 234001203 124000365 9 
2020-12-30T08:00:58 0 0 경기77바2457 3 45 234001203 104000074 4 
2020-12-30T08:01:58 0 0 경기77바2050 4 66 234001203 124000365 9 
2020-12-30T08:01:58 0 0 경기77바2457 3 45 234001203 104000074 4 
2020-12-30T08:02:57 0 0 경기77바2050 4 66 234001203 124000365 9 
2020-12-30T08:02:57 0 0 경기77바2457 3 45 234001203 277102303 5 
2020-12-30T08:03:56 0 0 경기77바2050 4 65 234001203 124000364 10 
2020-12-30T08:03:56 0 0 경기77바2457 3 45 234001203 277102304 6 
2020-12-30T08:04:56 0 0 경기77바2050 4 65 234001203 124000363 11 
2020-12-30T08:04:56 0 0 경기77바2457 3 45 234001203 277102304 6 
2020-12-30T08:05:55 0 0 경기77바2050 4 65 234001203 124000363 11 
2020-12-30T08:05:55 0 0 경기77바2457 3 45 234001203 277102304 6 
2020-12-30T08:06:55 0 0 경기77바2050 4 65 234001203 124000363 11 
2020-12-30T08:06:55 0 0 경기77바2457 3 44 234001203 124000454 7 
2020-12-30T08:07:54 0 0 경기77바2050 4 65 234001203 124000370 12 
2020-12-30T08:07:54 0 0 경기77바2457 3 44 234001203 124000366 8 
2020-12-30T08:08:54 0 0 경기77바2050 4 65 234001203 124000370 12 
2020-12-30T08:08:54 0 0 경기77바2457 3 44 234001203 124000366 8 
2020-12-30T08:09:53 0 0 경기77바2050 4 62 234001203 124000356 13 
2020-12-30T08:09:53 0 0 경기77바2457 3 43 234001203 124000365 9 
2020-12-30T08:10:53 0 0 경기77바2050 4 62 234001203 124000356 13 
2020-12-30T08:10:53 0 0 경기77바2457 3 43 234001203 124000365 9 
2020-12-30T08:11:52 0 0 경기77바2050 4 62 234001203 124000356 13 
2020-12-30T08:11:52 0 0 경기77바2457 3 43 234001203 124000365 9 
2020-12-30T08:12:51 0 0 경기77바2050 4 62 234001203 124000356 13 
2020-12-30T08:12:51 0 0 경기77바2290 3 45 234001203 104000064 3 
2020-12-30T08:12:51 0 0 경기77바2457 3 43 234001203 124000364 10 
2020-12-30T08:13:51 0 0 경기77바2050 4 62 234001203 124000356 13 
2020-12-30T08:13:51 0 0 경기77바2290 3 45 234001203 104000064 3 
2020-12-30T08:13:51 0 0 경기77바2457 3 43 234001203 124000363 11 
2020-12-30T08:14:50 0 0 경기77바2050 4 62 234001203 124000356 13 
2020-12-30T08:14:50 0 0 경기77바2457 3 42 234001203 124000363 11 
2020-12-30T08:14:50 0 0 경기77바2290 3 45 234001203 104000074 4 
2020-12-30T08:15:49 0 0 경기77바2050 4 62 234001203 124000356 13 
2020-12-30T08:15:49 0 0 경기77바2290 3 45 234001203 104000074 4 
2020-12-30T08:15:49 0 0 경기77바2457 3 42 234001203 124000363 11 
2020-12-30T08:16:48 0 0 경기77바2050 4 62 234001203 124000356 13 
2020-12-30T08:16:48 0 0 경기77바2290 3 45 234001203 277102303 5 
2020-12-30T08:16:48 0 0 경기77바2457 3 42 234001203 124000370 12 
2020-12-30T08:17:48 0 0 경기77바2050 4 62 234001203 124000356 13 
2020-12-30T08:17:48 0 0 경기77바2457 3 42 234001203 124000370 12 
2020-12-30T08:17:48 0 0 경기77바2290 3 45 234001203 277102304 6 
2020-12-30T08:18:48 0 0 경기77바2050 4 62 234001203 277102817 14 
2020-12-30T08:18:48 0 0 경기77바2290 3 45 234001203 277102304 6 
2020-12-30T08:18:48 0 0 경기77바2457 3 42 234001203 124000370 12 
2020-12-30T08:19:46 0 0 경기77바2050 4 62 234001203 277103086 15 
2020-12-30T08:19:46 0 0 경기77바2290 3 45 234001203 277102304 6 
2020-12-30T08:19:46 0 0 경기77바2457 3 40 234001203 124000356 13 
2020-12-30T08:20:46 0 0 경기77바2050 4 62 234001203 277103086 15 
2020-12-30T08:20:46 0 0 경기77바2290 3 44 234001203 124000454 7 
2020-12-30T08:20:46 0 0 경기77바2457 3 40 234001203 124000356 13 
2020-12-30T08:21:47 0 0 경기77바2050 4 62 234001203 277103086 15 
2020-12-30T08:21:47 0 0 경기77바2457 3 40 234001203 124000356 13 
2020-12-30T08:21:47 0 0 경기77바2290 3 44 234001203 124000454 7 
2020-12-30T08:22:46 0 0 경기77바2050 4 62 234001203 277103262 16 
2020-12-30T08:22:46 0 0 경기77바2457 3 40 234001203 124000356 13 
2020-12-30T08:22:46 0 0 경기77바2290 3 44 234001203 124000365 9 
2020-12-30T08:23:45 0 0 경기77바2050 4 62 234001203 277103262 16 
2020-12-30T08:23:45 0 0 경기77바2290 3 44 234001203 124000365 9 
2020-12-30T08:23:45 0 0 경기77바2457 3 40 234001203 124000356 13 
2020-12-30T08:24:44 0 0 경기77바2050 4 62 234001203 277103262 16 
2020-12-30T08:24:44 0 0 경기77바2290 3 44 234001203 124000365 9 
2020-12-30T08:24:44 0 0 경기77바2457 3 40 234001203 124000356 13 
2020-12-30T08:25:43 0 0 경기77바2050 4 62 234001203 277103262 16 
2020-12-30T08:25:43 0 0 경기77바2457 3 40 234001203 124000356 13 
2020-12-30T08:25:43 0 0 경기77바2290 3 44 234001203 124000364 10 
2020-12-30T08:26:42 0 0 경기77바2050 4 62 234001203 277103262 16 
2020-12-30T08:26:42 0 0 경기77바2457 3 40 234001203 124000356 13 
2020-12-30T08:26:42 0 0 경기77바2290 3 44 234001203 124000363 11 
2020-12-30T08:27:42 0 0 경기77바2050 4 62 234001203 277103262 16 
2020-12-30T08:27:42 0 0 경기77바2290 3 44 234001203 124000363 11 
2020-12-30T08:27:42 0 0 경기77바2457 3 40 234001203 277102817 14 
2020-12-30T08:28:41 0 0 경기77바2050 4 62 234001203 277103262 16 
2020-12-30T08:28:41 0 0 경기77바2457 3 40 234001203 277103086 15 
2020-12-30T08:28:41 0 0 경기77바2290 3 44 234001203 124000363 11 
2020-12-30T08:29:40 0 0 경기77바2050 4 62 234001203 277103262 16 
2020-12-30T08:29:40 0 0 경기77바2457 3 40 234001203 277103086 15 
2020-12-30T08:29:40 0 0 경기77바2290 3 44 234001203 124000363 11 
2020-12-30T08:30:40 0 0 경기77바2050 4 62 234001203 277103262 16 
2020-12-30T08:30:40 0 0 경기77바2290 3 43 234001203 124000370 12 
2020-12-30T08:30:40 0 0 경기77바2457 3 40 234001203 277103086 15 
2020-12-30T08:31:39 0 0 경기77바2050 4 62 234001203 277103262 16 
2020-12-30T08:31:39 0 0 경기77바2290 3 43 234001203 124000370 12 
2020-12-30T08:31:39 0 0 경기77바2457 3 40 234001203 277103262 16 
2020-12-30T08:32:39 0 0 경기77바2050 4 62 234001203 277103262 16 
2020-12-30T08:32:39 0 0 경기77바2457 3 40 234001203 277103262 16 
2020-12-30T08:32:39 0 0 경기77바2290 3 43 234001203 124000356 13 
2020-12-30T08:33:38 0 0 경기77바2050 4 62 234001203 277103605 17 
2020-12-30T08:33:38 0 0 경기77바2457 3 40 234001203 277103262 16 
2020-12-30T08:33:38 0 0 경기77바2290 3 42 234001203 124000356 13 
2020-12-30T08:34:38 0 0 경기77바2050 4 63 234001203 277103605 17 
2020-12-30T08:34:38 0 0 경기77바2290 3 42 234001203 124000356 13 
2020-12-30T08:34:38 0 0 경기77바2457 3 40 234001203 277103262 16 
2020-12-30T08:35:38 0 0 경기77바2050 4 67 234001203 234000359 18 
2020-12-30T08:35:38 0 0 경기77바2457 3 40 234001203 277103262 16 
2020-12-30T08:35:38 0 0 경기77바2290 3 42 234001203 124000356 13 
2020-12-30T08:36:36 0 0 경기77바2050 4 67 234001203 234000358 19 
2020-12-30T08:36:36 0 0 경기77바2457 3 40 234001203 277103262 16 
2020-12-30T08:36:36 0 0 경기77바2290 3 42 234001203 124000356 13 
2020-12-30T08:37:35 0 0 경기77바2050 4 67 234001203 234000358 19 
2020-12-30T08:37:35 0 0 경기77바2457 3 40 234001203 277103262 16 
2020-12-30T08:37:35 0 0 경기77바2290 3 42 234001203 124000356 13 
2020-12-30T08:38:34 0 0 경기77바2050 4 68 234001203 234001005 20 
2020-12-30T08:38:34 0 0 경기77바2457 3 40 234001203 277103262 16 
2020-12-30T08:38:34 0 0 경기77바2290 3 42 234001203 124000356 13 
2020-12-30T08:39:34 0 0 경기77바2050 4 71 234001203 234000357 21 
2020-12-30T08:39:34 0 0 경기77바2457 3 40 234001203 277103262 16 
2020-12-30T08:39:34 0 0 경기77바2290 3 42 234001203 124000356 13 
2020-12-30T08:40:34 0 0 경기77바2050 4 71 234001203 234000356 22 
2020-12-30T08:40:34 0 0 경기77바2290 3 42 234001203 124000356 13 
2020-12-30T08:40:34 0 0 경기77바2457 3 40 234001203 277103262 16 
2020-12-30T08:41:33 0 0 경기77바2050 4 71 234001203 234000356 22 
2020-12-30T08:41:33 0 0 경기77바2457 3 40 234001203 277103605 17 
2020-12-30T08:41:33 0 0 경기77바2290 3 42 234001203 277103086 15 
2020-12-30T08:42:33 0 0 경기77바2050 4 72 234001203 234000355 23 
2020-12-30T08:42:33 0 0 경기77바2457 3 40 234001203 277103605 17 
2020-12-30T08:42:33 0 0 경기77바2290 3 42 234001203 277103086 15 
2020-12-30T08:43:32 0 0 경기77바2050 4 73 234001203 234001061 24 
2020-12-30T08:43:32 0 0 경기77바2290 3 42 234001203 277103086 15 
2020-12-30T08:43:32 0 0 경기77바2457 3 40 234001203 234000359 18 
2020-12-30T08:44:31 0 0 경기77바2050 4 73 234001203 234001061 24 
2020-12-30T08:44:31 0 0 경기77바2173 3 44 234001203 277101909 2 
2020-12-30T08:44:31 0 0 경기77바2457 3 40 234001203 234000358 19 
2020-12-30T08:44:31 0 0 경기77바2290 3 42 234001203 277103262 16 
2020-12-30T08:45:30 0 0 경기77바2050 4 73 234001203 234001061 24 
2020-12-30T08:45:30 0 0 경기77바2290 3 42 234001203 277103262 16 
2020-12-30T08:45:30 0 0 경기77바2457 3 40 234001203 234000358 19 
2020-12-30T08:45:30 0 0 경기77바2173 3 43 234001203 104000064 3 
2020-12-30T08:46:30 0 0 경기77바2050 4 73 234001203 234000353 26 
2020-12-30T08:46:30 0 0 경기77바2290 3 42 234001203 277103262 16 
2020-12-30T08:46:30 0 0 경기77바2457 3 40 234001203 234000358 19 
2020-12-30T08:46:30 0 0 경기77바2173 3 43 234001203 104000064 3 
2020-12-30T08:47:29 0 0 경기77바2050 4 73 234001203 234000352 27 
2020-12-30T08:47:29 0 0 경기77바2290 3 42 234001203 277103262 16 
2020-12-30T08:47:29 0 0 경기77바2173 3 43 234001203 104000064 3 
2020-12-30T08:47:29 0 0 경기77바2457 3 40 234001203 234000357 21 
2020-12-30T08:48:29 0 0 경기77바2050 4 74 234001203 234000351 28 
2020-12-30T08:48:29 0 0 경기77바2290 3 42 234001203 277103262 16 
2020-12-30T08:48:29 0 0 경기77바2457 3 40 234001203 234000356 22 
2020-12-30T08:48:29 0 0 경기77바2173 3 43 234001203 104000074 4 
2020-12-30T08:49:28 0 0 경기77바2050 4 74 234001203 234000350 29 
2020-12-30T08:49:28 0 0 경기77바2290 3 42 234001203 277103262 16 
2020-12-30T08:49:28 0 0 경기77바2173 3 43 234001203 104000074 4 
2020-12-30T08:49:28 0 0 경기77바2457 3 40 234001203 234000355 23 
2020-12-30T08:50:27 0 0 경기77바2050 4 74 234001203 234000350 29 
2020-12-30T08:50:27 0 0 경기77바2290 3 42 234001203 277103262 16 
2020-12-30T08:50:27 0 0 경기77바2173 3 43 234001203 277102303 5 
2020-12-30T08:50:27 0 0 경기77바2457 3 40 234001203 234001061 24 
2020-12-30T08:51:28 0 0 경기77바2050 4 74 234001203 234000350 29 
2020-12-30T08:51:28 0 0 경기77바2262 3 45 234001203 277101909 2 
2020-12-30T08:51:28 0 0 경기77바2290 3 42 234001203 277103262 16 
2020-12-30T08:51:28 0 0 경기77바2457 3 40 234001203 234001061 24 
2020-12-30T08:51:28 0 0 경기77바2173 3 43 234001203 277102303 5 
2020-12-30T08:52:27 0 0 경기77바2050 4 74 234001203 234000350 29 
2020-12-30T08:52:27 0 0 경기77바2262 3 45 234001203 104000064 3 
2020-12-30T08:52:27 0 0 경기77바2290 3 42 234001203 277103262 16 
2020-12-30T08:52:27 0 0 경기77바2173 3 43 234001203 277102304 6 
2020-12-30T08:52:27 0 0 경기77바2457 3 40 234001203 234000353 26 
2020-12-30T08:53:26 0 0 경기77바2262 3 45 234001203 104000074 4 
2020-12-30T08:53:26 0 0 경기77바2173 3 43 234001203 277102304 6 
2020-12-30T08:53:26 0 0 경기77바2457 3 40 234001203 234000351 28 
2020-12-30T08:53:26 0 0 경기77바2290 3 42 234001203 277103605 17 
2020-12-30T08:54:26 0 0 경기77바2262 3 45 234001203 104000074 4 
2020-12-30T08:54:26 0 0 경기77바2457 3 41 234001203 234000350 29 
2020-12-30T08:54:26 0 0 경기77바2173 3 43 234001203 124000454 7 
2020-12-30T08:54:26 0 0 경기77바2290 3 42 234001203 234000359 18 
2020-12-30T08:55:26 0 0 경기77바2262 3 45 234001203 277102303 5 
2020-12-30T08:55:26 0 0 경기77바2173 3 43 234001203 124000366 8 
2020-12-30T08:55:26 0 0 경기77바2457 3 42 234001203 234000350 29 
2020-12-30T08:55:26 0 0 경기77바2290 3 42 234001203 234000358 19 
2020-12-30T08:56:25 0 0 경기77바2262 3 45 234001203 277102303 5 
2020-12-30T08:56:25 0 0 경기77바2173 3 43 234001203 124000366 8 
2020-12-30T08:56:25 0 0 경기77바2290 3 42 234001203 234000357 21 
2020-12-30T08:57:24 0 0 경기77바2262 3 45 234001203 277102304 6 
2020-12-30T08:57:24 0 0 경기77바2290 3 44 234001203 234000357 21 
2020-12-30T08:57:24 0 0 경기77바2173 3 44 234001203 124000365 9 
2020-12-30T08:58:24 0 0 경기77바2262 3 45 234001203 277102304 6 
2020-12-30T08:58:24 0 0 경기77바2173 3 44 234001203 124000364 10 
2020-12-30T08:58:24 0 0 경기77바2290 3 44 234001203 234000357 21 
2020-12-30T08:59:23 0 0 경기77바2262 3 45 234001203 277102304 6 
2020-12-30T08:59:23 0 0 경기77바2173 3 44 234001203 124000363 11 
2020-12-30T08:59:23 0 0 경기77바2290 3 44 234001203 234000355 23 
2020-12-30T09:00:23 0 0 경기77바2262 3 45 234001203 124000454 7 
2020-12-30T09:00:23 0 0 경기77바2173 3 44 234001203 124000363 11 
2020-12-30T09:00:23 0 0 경기77바2290 3 44 234001203 234001061 24 
2020-12-30T09:01:22 0 0 경기77바2262 3 45 234001203 124000366 8 
2020-12-30T09:01:22 0 0 경기77바2173 3 44 234001203 124000363 11 
2020-12-30T09:01:22 0 0 경기77바2290 3 45 234001203 234000353 26 
2020-12-30T09:02:21 0 0 경기77바2262 3 45 234001203 124000366 8 
2020-12-30T09:02:21 0 0 경기77바2290 3 45 234001203 234000352 27 
2020-12-30T09:02:21 0 0 경기77바2173 3 44 234001203 124000370 12 
2020-12-30T09:03:20 0 0 경기77바2262 3 43 234001203 124000365 9 
2020-12-30T09:03:20 0 0 경기77바2173 3 44 234001203 124000356 13 
2020-12-30T09:03:20 0 0 경기77바2290 3 45 234001203 234000350 29 
2020-12-30T09:03:20 0 0 경기77바2215 3 39 234001203 104000064 3 
2020-12-30T09:04:20 0 0 경기77바2262 3 43 234001203 124000364 10 
2020-12-30T09:04:20 0 0 경기77바2173 3 43 234001203 124000356 13 
2020-12-30T09:04:20 0 0 경기77바2215 3 39 234001203 104000064 3 
2020-12-30T09:04:20 0 0 경기77바2290 3 45 234001203 234000350 29 
2020-12-30T09:05:19 0 0 경기77바2262 3 43 234001203 124000363 11 
2020-12-30T09:05:19 0 0 경기77바2173 3 43 234001203 124000356 13 
2020-12-30T09:05:19 0 0 경기77바2215 3 39 234001203 104000064 3 
2020-12-30T09:05:19 0 0 경기77바2290 3 45 234001203 234000350 29 
2020-12-30T09:06:18 0 0 경기77바2262 3 43 234001203 124000363 11 
2020-12-30T09:06:18 0 0 경기77바2290 3 45 234001203 234000350 29 
2020-12-30T09:06:18 0 0 경기77바2173 3 43 234001203 124000356 13 
2020-12-30T09:06:18 0 0 경기77바2215 3 39 234001203 104000074 4 
2020-12-30T09:07:18 0 0 경기77바2262 3 43 234001203 124000363 11 
2020-12-30T09:07:18 0 0 경기77바2173 3 43 234001203 124000356 13 
2020-12-30T09:07:18 0 0 경기77바2215 3 39 234001203 277102303 5 
2020-12-30T09:08:17 0 0 경기77바2262 3 43 234001203 124000363 11 
2020-12-30T09:08:17 0 0 경기77바2215 3 39 234001203 277102303 5 
2020-12-30T09:08:17 0 0 경기77바2173 3 43 234001203 124000356 13 
2020-12-30T09:09:16 0 0 경기77바2262 3 43 234001203 124000363 11 
2020-12-30T09:09:16 0 0 경기77바2215 3 39 234001203 277102304 6 
2020-12-30T09:09:16 0 0 경기77바2173 3 43 234001203 124000356 13 
2020-12-30T09:10:16 0 0 경기77바2262 3 43 234001203 124000363 11 
2020-12-30T09:10:16 0 0 경기77바2215 3 39 234001203 277102304 6 
2020-12-30T09:10:16 0 0 경기77바2173 3 43 234001203 124000356 13 
2020-12-30T09:11:16 0 0 경기77바2262 3 43 234001203 124000370 12 
2020-12-30T09:11:16 0 0 경기77바2173 3 43 234001203 124000356 13 
2020-12-30T09:11:16 0 0 경기77바2215 3 38 234001203 124000366 8 
2020-12-30T09:12:15 0 0 경기77바2262 3 43 234001203 124000370 12 
2020-12-30T09:12:15 0 0 경기77바2173 3 43 234001203 124000356 13 
2020-12-30T09:12:15 0 0 경기77바2215 3 38 234001203 124000366 8 
2020-12-30T09:13:14 0 0 경기77바2262 3 43 234001203 124000356 13 
2020-12-30T09:13:14 0 0 경기77바2173 3 43 234001203 124000356 13 
2020-12-30T09:13:14 0 0 경기77바2215 3 38 234001203 124000365 9 
2020-12-30T09:14:14 0 0 경기77바2262 3 43 234001203 124000356 13 
2020-12-30T09:14:14 0 0 경기77바2173 3 43 234001203 124000356 13 
2020-12-30T09:14:14 0 0 경기77바2215 3 38 234001203 124000365 9 
2020-12-30T09:15:14 0 0 경기77바2262 3 43 234001203 124000356 13 
2020-12-30T09:15:14 0 0 경기77바2215 3 38 234001203 124000365 9 
2020-12-30T09:15:14 0 0 경기77바2173 3 43 234001203 277103086 15 
2020-12-30T09:16:13 0 0 경기77바2262 3 43 234001203 124000356 13 
2020-12-30T09:16:13 0 0 경기77바2173 3 43 234001203 277103086 15 
2020-12-30T09:16:13 0 0 경기77바2215 3 38 234001203 124000364 10 
2020-12-30T09:17:12 0 0 경기77바2262 3 43 234001203 124000356 13 
2020-12-30T09:17:12 0 0 경기77바2173 3 43 234001203 277103086 15 
2020-12-30T09:17:12 0 0 경기77바2215 3 38 234001203 124000363 11 
2020-12-30T09:18:12 0 0 경기77바2262 3 43 234001203 124000356 13 
2020-12-30T09:18:12 0 0 경기77바2215 3 38 234001203 124000363 11 
2020-12-30T09:18:12 0 0 경기77바2173 3 43 234001203 277103086 15 
2020-12-30T09:19:12 0 0 경기77바2262 3 43 234001203 124000356 13 
2020-12-30T09:19:12 0 0 경기77바2173 3 43 234001203 277103262 16 
2020-12-30T09:19:12 0 0 경기77바2215 3 38 234001203 124000363 11 
2020-12-30T09:20:12 0 0 경기77바2262 3 43 234001203 124000356 13 
2020-12-30T09:20:12 0 0 경기77바2173 3 43 234001203 277103262 16 
2020-12-30T09:20:12 0 0 경기77바2215 3 38 234001203 124000370 12 
2020-12-30T09:21:11 0 0 경기77바2262 3 43 234001203 124000356 13 
2020-12-30T09:21:11 0 0 경기77바2173 3 43 234001203 277103262 16 
2020-12-30T09:21:11 0 0 경기77바2215 3 38 234001203 124000370 12 
2020-12-30T09:22:10 0 0 경기77바2262 3 43 234001203 277103086 15 
2020-12-30T09:22:10 0 0 경기77바2173 3 43 234001203 277103262 16 
2020-12-30T09:22:10 0 0 경기77바2215 3 38 234001203 124000370 12 
2020-12-30T09:23:10 0 0 경기77바2262 3 43 234001203 277103086 15 
2020-12-30T09:23:10 0 0 경기77바2173 3 43 234001203 277103262 16 
2020-12-30T09:23:10 0 0 경기77바2215 3 38 234001203 124000356 13 
2020-12-30T09:24:09 0 0 경기77바2262 3 43 234001203 277103086 15 
2020-12-30T09:24:09 0 0 경기77바2173 3 43 234001203 277103262 16 
2020-12-30T09:24:09 0 0 경기77바2215 3 38 234001203 124000356 13 
2020-12-30T09:25:08 0 0 경기77바2262 3 43 234001203 277103086 15 
2020-12-30T09:25:08 0 0 경기77바2173 3 43 234001203 277103262 16 
2020-12-30T09:25:08 0 0 경기77바2215 3 38 234001203 124000356 13 
2020-12-30T09:26:07 0 0 경기77바2262 3 43 234001203 277103262 16 
2020-12-30T09:26:07 0 0 경기77바2173 3 43 234001203 277103262 16 
2020-12-30T09:26:07 0 0 경기77바2215 3 38 234001203 124000356 13 
2020-12-30T09:27:07 0 0 경기77바2262 3 43 234001203 277103262 16 
2020-12-30T09:27:07 0 0 경기77바2173 3 43 234001203 277103262 16 
2020-12-30T09:27:07 0 0 경기77바2215 3 38 234001203 124000356 13 
2020-12-30T09:28:06 0 0 경기77바2262 3 43 234001203 277103262 16 
2020-12-30T09:28:06 0 0 경기77바2215 3 38 234001203 124000356 13 
2020-12-30T09:28:06 0 0 경기77바2173 3 43 234001203 277103262 16 
2020-12-30T09:29:05 0 0 경기77바2262 3 43 234001203 277103262 16 
2020-12-30T09:29:05 0 0 경기77바2215 3 38 234001203 124000356 13 
2020-12-30T09:29:05 0 0 경기77바2173 3 43 234001203 277103605 17 
2020-12-30T09:30:04 0 0 경기77바2262 3 43 234001203 277103262 16 
2020-12-30T09:30:04 0 0 경기77바2215 3 38 234001203 124000356 13 
2020-12-30T09:30:04 0 0 경기77바2173 3 43 234001203 234000359 18 
2020-12-30T09:31:04 0 0 경기77바2262 3 43 234001203 277103262 16 
2020-12-30T09:31:04 0 0 경기77바2215 3 38 234001203 124000356 13 
2020-12-30T09:31:04 0 0 경기77바2173 3 44 234001203 234000358 19 
2020-12-30T09:32:03 0 0 경기77바2262 3 43 234001203 277103262 16 
2020-12-30T09:32:03 0 0 경기77바2173 3 44 234001203 234000358 19 
2020-12-30T09:32:03 0 0 경기77바2215 3 38 234001203 277103086 15 
2020-12-30T09:33:02 0 0 경기77바2262 3 43 234001203 277103262 16 
2020-12-30T09:33:02 0 0 경기77바2215 3 38 234001203 277103086 15 
2020-12-30T09:33:02 0 0 경기77바2173 3 45 234001203 234001005 20 
2020-12-30T09:34:01 0 0 경기77바2262 3 43 234001203 277103262 16 
2020-12-30T09:34:01 0 0 경기77바2173 3 45 234001203 234000357 21 
2020-12-30T09:34:01 0 0 경기77바2215 3 38 234001203 277103086 15 
2020-12-30T09:35:00 0 0 경기77바2262 3 43 234001203 277103262 16 
2020-12-30T09:35:00 0 0 경기77바2215 3 38 234001203 277103262 16 
2020-12-30T09:35:00 0 0 경기77바2173 3 45 234001203 234000355 23 
2020-12-30T09:36:00 0 0 경기77바2262 3 43 234001203 277103605 17 
2020-12-30T09:36:00 0 0 경기77바2215 3 38 234001203 277103262 16 
2020-12-30T09:36:00 0 0 경기77바2173 3 45 234001203 234000355 23 
2020-12-30T09:36:59 0 0 경기77바2262 3 43 234001203 234000358 19 
2020-12-30T09:36:59 0 0 경기77바2215 3 38 234001203 277103262 16 
2020-12-30T09:36:59 0 0 경기77바2173 3 45 234001203 234001061 24 
2020-12-30T09:37:59 0 0 경기77바2262 3 45 234001203 234001005 20 
2020-12-30T09:37:59 0 0 경기77바2215 3 38 234001203 277103262 16 
2020-12-30T09:37:59 0 0 경기77바2173 3 45 234001203 234000354 25 
2020-12-30T09:38:58 0 0 경기77바2262 3 44 234001203 234000357 21 
2020-12-30T09:38:58 0 0 경기77바2215 3 38 234001203 277103262 16 
2020-12-30T09:38:58 0 0 경기77바2173 3 45 234001203 234000353 26 
2020-12-30T09:39:58 0 0 경기77바2262 3 44 234001203 234000357 21 
2020-12-30T09:39:58 0 0 경기77바2215 3 38 234001203 277103262 16 
2020-12-30T09:39:58 0 0 경기77바2173 3 45 234001203 234000352 27 
2020-12-30T09:40:57 0 0 경기77바2262 3 45 234001203 234000355 23 
2020-12-30T09:40:57 0 0 경기77바2215 3 38 234001203 277103262 16 
2020-12-30T09:40:57 0 0 경기77바2173 3 45 234001203 234000351 28 
2020-12-30T09:41:58 0 0 경기77바2262 3 45 234001203 234000355 23 
2020-12-30T09:41:58 0 0 경기77바2215 3 38 234001203 277103262 16 
2020-12-30T09:41:58 0 0 경기77바2173 3 45 234001203 234000350 29 
2020-12-30T09:42:56 0 0 경기77바2262 3 45 234001203 234001061 24 
2020-12-30T09:42:56 0 0 경기77바2215 3 38 234001203 277103262 16 
2020-12-30T09:42:56 0 0 경기77바2173 3 45 234001203 234000350 29 
2020-12-30T09:43:56 0 0 경기77바2262 3 45 234001203 234001061 24 
2020-12-30T09:43:56 0 0 경기77바2215 3 38 234001203 277103262 16 
2020-12-30T09:44:56 0 0 경기77바2262 3 45 234001203 234000354 25 
2020-12-30T09:44:56 0 0 경기77바2215 3 38 234001203 234000358 19 
2020-12-30T09:45:55 0 0 경기77바2262 3 45 234001203 234000353 26 
2020-12-30T09:45:55 0 0 경기77바2215 3 38 234001203 234000358 19 
2020-12-30T09:46:55 0 0 경기77바2262 3 45 234001203 234000352 27 
2020-12-30T09:46:55 0 0 경기77바2215 3 39 234001203 234000356 22 
2020-12-30T09:47:54 0 0 경기77바2262 3 45 234001203 234000351 28 
2020-12-30T09:47:54 0 0 경기77바2215 3 39 234001203 234000355 23 
2020-12-30T09:48:53 0 0 경기77바2262 3 45 234001203 234000350 29 
2020-12-30T09:48:53 0 0 경기77바2215 3 39 234001203 234000355 23 
2020-12-30T09:49:53 0 0 경기77바2262 3 45 234001203 234000350 29 
2020-12-30T09:49:53 0 0 경기77바2215 3 39 234001203 234001061 24 
2020-12-30T09:50:52 0 0 경기77바2215 3 39 234001203 234000353 26 
2020-12-30T09:51:52 0 0 경기77바2215 3 39 234001203 234000352 27 
2020-12-30T09:52:51 0 0 경기77바2215 3 39 234001203 234000351 28 
2020-12-30T09:53:51 0 0 경기77바2215 3 39 234001203 234000350 29 
