234001203 2020-12-01T10:07:38.312768+09:00
2020-12-02T07:50:53.307549+09:00 0 0 경기77바2050 4 67 234001203 277101909 2 
2020-12-02T07:51:53.471772+09:00 0 0 경기77바2050 4 67 234001203 104000064 3 
2020-12-02T07:52:52.865838+09:00 0 0 경기77바2050 4 67 234001203 104000064 3 
2020-12-02T07:53:52.319919+09:00 0 0 경기77바2050 4 67 234001203 104000064 3 
2020-12-02T07:54:51.003980+09:00 0 0 경기77바2050 4 66 234001203 104000074 4 
2020-12-02T07:55:51.388212+09:00 0 0 경기77바2050 4 66 234001203 104000074 4 
2020-12-02T07:56:50.982282+09:00 0 0 경기77바2050 4 66 234001203 277102303 5 
2020-12-02T07:57:50.246374+09:00 0 0 경기77바2050 4 66 234001203 277102304 6 
2020-12-02T07:58:49.640411+09:00 0 0 경기77바2050 4 66 234001203 277102304 6 
2020-12-02T07:59:48.634571+09:00 0 0 경기77바2050 4 66 234001203 277102304 6 
2020-12-02T08:01:48.392819+09:00 0 0 경기77바2050 4 58 234001203 124000454 7 
2020-12-02T08:02:48.497702+09:00 0 0 경기77바2050 4 58 234001203 124000366 8 
2020-12-02T08:03:47.501061+09:00 0 0 경기77바2050 4 57 234001203 124000366 8 
2020-12-02T08:04:47.775176+09:00 0 0 경기77바2050 4 57 234001203 124000366 8 
2020-12-02T08:05:46.669238+09:00 0 0 경기77바2050 4 57 234001203 124000366 8 
2020-12-02T08:06:47.333391+09:00 0 0 경기77바2050 4 56 234001203 124000365 9 
2020-12-02T08:07:46.487501+09:00 0 0 경기77바2050 4 56 234001203 124000365 9 
2020-12-02T08:08:45.541588+09:00 0 0 경기77바2050 4 56 234001203 124000365 9 
2020-12-02T08:09:44.755745+09:00 0 0 경기77바2050 4 56 234001203 124000364 10 
2020-12-02T08:09:44.755807+09:00 0 0 경기77바2141 3 39 234001203 277101909 2 
2020-12-02T08:10:43.899787+09:00 0 0 경기77바2050 4 55 234001203 124000363 11 
2020-12-02T08:10:43.899847+09:00 0 0 경기77바2141 3 39 234001203 104000064 3 
2020-12-02T08:11:43.213896+09:00 0 0 경기77바2050 4 55 234001203 124000363 11 
2020-12-02T08:11:43.213956+09:00 0 0 경기77바2141 3 38 234001203 104000064 3 
2020-12-02T08:12:42.397886+09:00 0 0 경기77바2050 4 55 234001203 124000363 11 
2020-12-02T08:12:42.397947+09:00 0 0 경기77바2141 3 38 234001203 104000074 4 
2020-12-02T08:13:41.492006+09:00 0 0 경기77바2050 4 55 234001203 124000370 12 
2020-12-02T08:13:41.492066+09:00 0 0 경기77바2141 3 38 234001203 104000074 4 
2020-12-02T08:14:40.636144+09:00 0 0 경기77바2050 4 55 234001203 124000370 12 
2020-12-02T08:14:40.636204+09:00 0 0 경기77바2141 3 38 234001203 277102303 5 
2020-12-02T08:15:39.780239+09:00 0 0 경기77바2050 4 55 234001203 124000370 12 
2020-12-02T08:15:39.780303+09:00 0 0 경기77바2141 3 38 234001203 277102303 5 
2020-12-02T08:16:38.994277+09:00 0 0 경기77바2050 4 55 234001203 124000356 13 
2020-12-02T08:16:38.994338+09:00 0 0 경기77바2141 3 38 234001203 277102303 5 
2020-12-02T08:17:38.288462+09:00 0 0 경기77바2050 4 49 234001203 124000356 13 
2020-12-02T08:17:38.288527+09:00 0 0 경기77바2141 3 38 234001203 277102304 6 
2020-12-02T08:18:37.932550+09:00 0 0 경기77바2050 4 49 234001203 124000356 13 
2020-12-02T08:18:37.932618+09:00 0 0 경기77바2141 3 38 234001203 277102304 6 
2020-12-02T08:18:37.932638+09:00 0 0 경기77바2457 3 43 234001203 277101909 2 
2020-12-02T08:19:36.876703+09:00 0 0 경기77바2050 4 49 234001203 124000356 13 
2020-12-02T08:19:36.876757+09:00 0 0 경기77바2457 3 43 234001203 104000064 3 
2020-12-02T08:19:36.876777+09:00 0 0 경기77바2141 3 37 234001203 124000454 7 
2020-12-02T08:20:37.300806+09:00 0 0 경기77바2050 4 49 234001203 124000356 13 
2020-12-02T08:20:37.300867+09:00 0 0 경기77바2457 3 43 234001203 104000064 3 
2020-12-02T08:20:37.300888+09:00 0 0 경기77바2141 3 37 234001203 124000366 8 
2020-12-02T08:21:36.044872+09:00 0 0 경기77바2050 4 49 234001203 124000356 13 
2020-12-02T08:21:36.044938+09:00 0 0 경기77바2141 3 38 234001203 124000366 8 
2020-12-02T08:21:36.044958+09:00 0 0 경기77바2457 3 43 234001203 104000064 3 
2020-12-02T08:22:36.779071+09:00 0 0 경기77바2050 4 49 234001203 124000356 13 
2020-12-02T08:22:36.779131+09:00 0 0 경기77바2141 3 38 234001203 124000365 9 
2020-12-02T08:22:36.779152+09:00 0 0 경기77바2457 3 43 234001203 104000074 4 
2020-12-02T08:23:36.283060+09:00 0 0 경기77바2050 4 49 234001203 124000356 13 
2020-12-02T08:23:36.283122+09:00 0 0 경기77바2457 3 43 234001203 104000074 4 
2020-12-02T08:23:36.283146+09:00 0 0 경기77바2141 3 38 234001203 124000365 9 
2020-12-02T08:24:35.267251+09:00 0 0 경기77바2050 4 49 234001203 124000356 13 
2020-12-02T08:24:35.267309+09:00 0 0 경기77바2141 3 38 234001203 124000365 9 
2020-12-02T08:24:35.267329+09:00 0 0 경기77바2457 3 43 234001203 277102303 5 
2020-12-02T08:25:34.971275+09:00 0 0 경기77바2050 4 49 234001203 124000356 13 
2020-12-02T08:25:34.971334+09:00 0 0 경기77바2457 3 43 234001203 277102304 6 
2020-12-02T08:25:34.971354+09:00 0 0 경기77바2141 3 38 234001203 124000364 10 
2020-12-02T08:26:35.315546+09:00 0 0 경기77바2050 4 49 234001203 277102817 14 
2020-12-02T08:26:35.315607+09:00 0 0 경기77바2457 3 43 234001203 277102304 6 
2020-12-02T08:26:35.315627+09:00 0 0 경기77바2141 3 38 234001203 124000363 11 
2020-12-02T08:27:34.389692+09:00 0 0 경기77바2050 4 49 234001203 277102817 14 
2020-12-02T08:27:34.389752+09:00 0 0 경기77바2457 3 43 234001203 277102304 6 
2020-12-02T08:27:34.389773+09:00 0 0 경기77바2141 3 38 234001203 124000363 11 
2020-12-02T08:28:33.673821+09:00 0 0 경기77바2050 4 49 234001203 277102817 14 
2020-12-02T08:28:33.673882+09:00 0 0 경기77바2141 3 38 234001203 124000363 11 
2020-12-02T08:28:33.673901+09:00 0 0 경기77바2457 3 42 234001203 124000366 8 
2020-12-02T08:29:32.847877+09:00 0 0 경기77바2050 4 49 234001203 277102817 14 
2020-12-02T08:29:32.847937+09:00 0 0 경기77바2457 3 41 234001203 124000366 8 
2020-12-02T08:29:32.847958+09:00 0 0 경기77바2141 3 39 234001203 124000363 11 
2020-12-02T08:30:31.903035+09:00 0 0 경기77바2050 4 49 234001203 277103086 15 
2020-12-02T08:30:31.903099+09:00 0 0 경기77바2457 3 41 234001203 124000366 8 
2020-12-02T08:30:31.903118+09:00 0 0 경기77바2141 3 39 234001203 124000370 12 
2020-12-02T08:31:31.876211+09:00 0 0 경기77바2050 4 49 234001203 277103086 15 
2020-12-02T08:31:31.876271+09:00 0 0 경기77바2141 3 39 234001203 124000370 12 
2020-12-02T08:31:31.876292+09:00 0 0 경기77바2457 3 41 234001203 124000366 8 
2020-12-02T08:32:31.920327+09:00 0 0 경기77바2050 4 49 234001203 277103086 15 
2020-12-02T08:32:31.920395+09:00 0 0 경기77바2141 3 39 234001203 124000370 12 
2020-12-02T08:32:31.920416+09:00 0 0 경기77바2457 3 41 234001203 124000365 9 
2020-12-02T08:33:31.274536+09:00 0 0 경기77바2050 4 49 234001203 277103262 16 
2020-12-02T08:33:31.274599+09:00 0 0 경기77바2457 3 41 234001203 124000365 9 
2020-12-02T08:33:31.274624+09:00 0 0 경기77바2141 3 38 234001203 124000356 13 
2020-12-02T08:34:30.468647+09:00 0 0 경기77바2050 4 49 234001203 277103262 16 
2020-12-02T08:34:30.468713+09:00 0 0 경기77바2457 3 41 234001203 124000365 9 
2020-12-02T08:34:30.468734+09:00 0 0 경기77바2141 3 38 234001203 124000356 13 
2020-12-02T08:35:29.422650+09:00 0 0 경기77바2050 4 49 234001203 277103262 16 
2020-12-02T08:35:29.422713+09:00 0 0 경기77바2141 3 38 234001203 124000356 13 
2020-12-02T08:35:29.422733+09:00 0 0 경기77바2457 3 42 234001203 124000364 10 
2020-12-02T08:36:29.706896+09:00 0 0 경기77바2050 4 49 234001203 277103262 16 
2020-12-02T08:36:29.706956+09:00 0 0 경기77바2141 3 38 234001203 124000356 13 
2020-12-02T08:36:29.706977+09:00 0 0 경기77바2457 3 42 234001203 124000363 11 
2020-12-02T08:37:28.940982+09:00 0 0 경기77바2050 4 49 234001203 277103262 16 
2020-12-02T08:37:28.941075+09:00 0 0 경기77바2457 3 42 234001203 124000363 11 
2020-12-02T08:37:28.941100+09:00 0 0 경기77바2141 3 38 234001203 124000356 13 
2020-12-02T08:38:28.225097+09:00 0 0 경기77바2050 4 49 234001203 277103262 16 
2020-12-02T08:38:28.225160+09:00 0 0 경기77바2141 3 38 234001203 124000356 13 
2020-12-02T08:38:28.225180+09:00 0 0 경기77바2457 3 42 234001203 124000363 11 
2020-12-02T08:39:27.379259+09:00 0 0 경기77바2050 4 49 234001203 277103262 16 
2020-12-02T08:39:27.379318+09:00 0 0 경기77바2141 3 38 234001203 277102817 14 
2020-12-02T08:39:27.379349+09:00 0 0 경기77바2457 3 42 234001203 124000370 12 
2020-12-02T08:40:26.723356+09:00 0 0 경기77바2050 4 49 234001203 277103262 16 
2020-12-02T08:40:26.723423+09:00 0 0 경기77바2141 3 38 234001203 277102817 14 
2020-12-02T08:40:26.723447+09:00 0 0 경기77바2457 3 42 234001203 124000370 12 
2020-12-02T08:41:25.817383+09:00 0 0 경기77바2050 4 49 234001203 277103262 16 
2020-12-02T08:41:25.817444+09:00 0 0 경기77바2141 3 38 234001203 277102817 14 
2020-12-02T08:41:25.817464+09:00 0 0 경기77바2457 3 41 234001203 124000356 13 
2020-12-02T08:41:25.817480+09:00 0 0 경기77바2290 3 45 234001203 104000064 3 
2020-12-02T08:42:25.241579+09:00 0 0 경기77바2050 4 49 234001203 277103262 16 
2020-12-02T08:42:25.241640+09:00 0 0 경기77바2457 3 41 234001203 124000356 13 
2020-12-02T08:42:25.241660+09:00 0 0 경기77바2290 3 45 234001203 104000064 3 
2020-12-02T08:42:25.241674+09:00 0 0 경기77바2141 3 38 234001203 277103086 15 
2020-12-02T08:43:24.165671+09:00 0 0 경기77바2050 4 49 234001203 277103262 16 
2020-12-02T08:43:24.165731+09:00 0 0 경기77바2141 3 38 234001203 277103086 15 
2020-12-02T08:43:24.165750+09:00 0 0 경기77바2457 3 41 234001203 124000356 13 
2020-12-02T08:43:24.165766+09:00 0 0 경기77바2290 3 45 234001203 104000074 4 
2020-12-02T08:44:24.469753+09:00 0 0 경기77바2050 4 51 234001203 277103605 17 
2020-12-02T08:44:24.469809+09:00 0 0 경기77바2141 3 38 234001203 277103086 15 
2020-12-02T08:44:24.469829+09:00 0 0 경기77바2457 3 41 234001203 124000356 13 
2020-12-02T08:44:24.469844+09:00 0 0 경기77바2290 3 45 234001203 104000074 4 
2020-12-02T08:45:23.753748+09:00 0 0 경기77바2050 4 51 234001203 277103605 17 
2020-12-02T08:45:23.753803+09:00 0 0 경기77바2141 3 38 234001203 277103086 15 
2020-12-02T08:45:23.753823+09:00 0 0 경기77바2457 3 41 234001203 124000356 13 
2020-12-02T08:45:23.753838+09:00 0 0 경기77바2290 3 45 234001203 277102303 5 
2020-12-02T08:46:23.247980+09:00 0 0 경기77바2050 4 53 234001203 234000359 18 
2020-12-02T08:46:23.248038+09:00 0 0 경기77바2457 3 41 234001203 124000356 13 
2020-12-02T08:46:23.248057+09:00 0 0 경기77바2141 3 38 234001203 277103262 16 
2020-12-02T08:46:23.248072+09:00 0 0 경기77바2290 3 45 234001203 277102304 6 
2020-12-02T08:47:22.852069+09:00 0 0 경기77바2050 4 55 234001203 234000358 19 
2020-12-02T08:47:22.852133+09:00 0 0 경기77바2141 3 38 234001203 277103262 16 
2020-12-02T08:47:22.852153+09:00 0 0 경기77바2457 3 41 234001203 124000356 13 
2020-12-02T08:47:22.852170+09:00 0 0 경기77바2290 3 45 234001203 277102304 6 
2020-12-02T08:48:21.746112+09:00 0 0 경기77바2050 4 56 234001203 234000358 19 
2020-12-02T08:48:21.746179+09:00 0 0 경기77바2141 3 38 234001203 277103262 16 
2020-12-02T08:48:21.746200+09:00 0 0 경기77바2457 3 41 234001203 277102817 14 
2020-12-02T08:48:21.746216+09:00 0 0 경기77바2290 3 44 234001203 124000454 7 
2020-12-02T08:49:21.200224+09:00 0 0 경기77바2050 4 56 234001203 234000358 19 
2020-12-02T08:49:21.200287+09:00 0 0 경기77바2457 3 41 234001203 277102817 14 
2020-12-02T08:49:21.200307+09:00 0 0 경기77바2290 3 44 234001203 124000366 8 
2020-12-02T08:49:21.200324+09:00 0 0 경기77바2141 3 38 234001203 277103262 16 
2020-12-02T08:50:20.784406+09:00 0 0 경기77바2050 4 57 234001203 234001005 20 
2020-12-02T08:50:20.784469+09:00 0 0 경기77바2457 3 41 234001203 277102817 14 
2020-12-02T08:50:20.784489+09:00 0 0 경기77바2141 3 38 234001203 277103262 16 
2020-12-02T08:50:20.784506+09:00 0 0 경기77바2290 3 43 234001203 124000366 8 
2020-12-02T08:51:20.418478+09:00 0 0 경기77바2050 4 64 234001203 234000357 21 
2020-12-02T08:51:20.418532+09:00 0 0 경기77바2141 3 38 234001203 277103262 16 
2020-12-02T08:51:20.418552+09:00 0 0 경기77바2290 3 43 234001203 124000365 9 
2020-12-02T08:51:20.418567+09:00 0 0 경기77바2045 3 37 234001203 277101909 2 
2020-12-02T08:51:20.418584+09:00 0 0 경기77바2457 3 41 234001203 277103086 15 
2020-12-02T08:52:19.502624+09:00 0 0 경기77바2050 4 64 234001203 234000356 22 
2020-12-02T08:52:19.502684+09:00 0 0 경기77바2141 3 38 234001203 277103262 16 
2020-12-02T08:52:19.502704+09:00 0 0 경기77바2290 3 43 234001203 124000365 9 
2020-12-02T08:52:19.502721+09:00 0 0 경기77바2045 3 37 234001203 104000064 3 
2020-12-02T08:52:19.502738+09:00 0 0 경기77바2457 3 41 234001203 277103086 15 
2020-12-02T08:53:18.656754+09:00 0 0 경기77바2050 4 66 234001203 234000355 23 
2020-12-02T08:53:18.656814+09:00 0 0 경기77바2141 3 38 234001203 277103262 16 
2020-12-02T08:53:18.656835+09:00 0 0 경기77바2290 3 43 234001203 124000365 9 
2020-12-02T08:53:18.656851+09:00 0 0 경기77바2045 3 37 234001203 104000064 3 
2020-12-02T08:53:18.656868+09:00 0 0 경기77바2457 3 41 234001203 277103086 15 
2020-12-02T08:54:17.770777+09:00 0 0 경기77바2050 4 66 234001203 234001061 24 
2020-12-02T08:54:17.770837+09:00 0 0 경기77바2141 3 38 234001203 277103262 16 
2020-12-02T08:54:17.770857+09:00 0 0 경기77바2290 3 43 234001203 124000364 10 
2020-12-02T08:54:17.770872+09:00 0 0 경기77바2457 3 41 234001203 277103086 15 
2020-12-02T08:54:17.770889+09:00 0 0 경기77바2045 3 37 234001203 104000064 3 
2020-12-02T08:55:17.354918+09:00 0 0 경기77바2050 4 66 234001203 234001061 24 
2020-12-02T08:55:17.354978+09:00 0 0 경기77바2045 3 37 234001203 104000074 4 
2020-12-02T08:55:17.354998+09:00 0 0 경기77바2457 3 41 234001203 277103262 16 
2020-12-02T08:55:17.355014+09:00 0 0 경기77바2290 3 43 234001203 124000363 11 
2020-12-02T08:55:17.355036+09:00 0 0 경기77바2141 3 38 234001203 277103262 16 
2020-12-02T08:56:17.119076+09:00 0 0 경기77바2050 4 66 234001203 234000354 25 
2020-12-02T08:56:17.119137+09:00 0 0 경기77바2457 3 41 234001203 277103262 16 
2020-12-02T08:56:17.119158+09:00 0 0 경기77바2290 3 43 234001203 124000363 11 
2020-12-02T08:56:17.119173+09:00 0 0 경기77바2045 3 37 234001203 104000074 4 
2020-12-02T08:56:17.119190+09:00 0 0 경기77바2141 3 38 234001203 277103605 17 
2020-12-02T08:57:16.483212+09:00 0 0 경기77바2050 4 67 234001203 234000353 26 
2020-12-02T08:57:16.483277+09:00 0 0 경기77바2457 3 41 234001203 277103262 16 
2020-12-02T08:57:16.483297+09:00 0 0 경기77바2045 3 37 234001203 277102303 5 
2020-12-02T08:57:16.483313+09:00 0 0 경기77바2141 3 38 234001203 277103605 17 
2020-12-02T08:57:16.483329+09:00 0 0 경기77바2290 3 43 234001203 124000363 11 
2020-12-02T08:58:15.687304+09:00 0 0 경기77바2050 4 67 234001203 234000352 27 
2020-12-02T08:58:15.687367+09:00 0 0 경기77바2045 3 37 234001203 277102304 6 
2020-12-02T08:58:15.687393+09:00 0 0 경기77바2457 3 41 234001203 277103262 16 
2020-12-02T08:58:15.687413+09:00 0 0 경기77바2290 3 43 234001203 124000370 12 
2020-12-02T08:58:15.687430+09:00 0 0 경기77바2141 3 39 234001203 234000358 19 
2020-12-02T08:59:14.901390+09:00 0 0 경기77바2050 4 68 234001203 234000351 28 
2020-12-02T08:59:14.901448+09:00 0 0 경기77바2045 3 37 234001203 277102304 6 
2020-12-02T08:59:14.901467+09:00 0 0 경기77바2457 3 41 234001203 277103262 16 
2020-12-02T08:59:14.901482+09:00 0 0 경기77바2290 3 43 234001203 124000370 12 
2020-12-02T08:59:14.901502+09:00 0 0 경기77바2141 3 39 234001203 234001005 20 
2020-12-02T09:00:14.015632+09:00 0 0 경기77바2050 4 68 234001203 234000350 29 
2020-12-02T09:00:14.015669+09:00 0 0 경기77바2457 3 41 234001203 277103262 16 
2020-12-02T09:00:14.015687+09:00 0 0 경기77바2290 3 43 234001203 124000356 13 
2020-12-02T09:00:14.015703+09:00 0 0 경기77바2141 3 39 234001203 234000356 22 
2020-12-02T09:00:14.015719+09:00 0 0 경기77바2045 3 37 234001203 277102304 6 
2020-12-02T09:01:13.449917+09:00 0 0 경기77바2050 4 68 234001203 234000350 29 
2020-12-02T09:01:13.449953+09:00 0 0 경기77바2457 3 41 234001203 277103262 16 
2020-12-02T09:01:13.449971+09:00 0 0 경기77바2290 3 42 234001203 124000356 13 
2020-12-02T09:01:13.449986+09:00 0 0 경기77바2045 3 37 234001203 124000366 8 
2020-12-02T09:01:13.450002+09:00 0 0 경기77바2141 3 39 234001203 234000355 23 
2020-12-02T09:02:12.853772+09:00 0 0 경기77바2050 4 68 234001203 234000350 29 
2020-12-02T09:02:12.853809+09:00 0 0 경기77바2457 3 41 234001203 277103262 16 
2020-12-02T09:02:12.853826+09:00 0 0 경기77바2290 3 42 234001203 124000356 13 
2020-12-02T09:02:12.853842+09:00 0 0 경기77바2141 3 39 234001203 234001061 24 
2020-12-02T09:02:12.853859+09:00 0 0 경기77바2045 3 36 234001203 124000366 8 
2020-12-02T09:03:12.077890+09:00 0 0 경기77바2050 4 68 234001203 234000350 29 
2020-12-02T09:03:12.077927+09:00 0 0 경기77바2457 3 41 234001203 277103262 16 
2020-12-02T09:03:12.077945+09:00 0 0 경기77바2045 3 36 234001203 124000366 8 
2020-12-02T09:03:12.077960+09:00 0 0 경기77바2141 3 39 234001203 234000353 26 
2020-12-02T09:03:12.077975+09:00 0 0 경기77바2290 3 42 234001203 124000356 13 
2020-12-02T09:04:11.131939+09:00 0 0 경기77바2290 3 42 234001203 124000356 13 
2020-12-02T09:04:11.131976+09:00 0 0 경기77바2141 3 39 234001203 234000352 27 
2020-12-02T09:04:11.131994+09:00 0 0 경기77바2457 3 41 234001203 277103262 16 
2020-12-02T09:04:11.132009+09:00 0 0 경기77바2045 3 36 234001203 124000365 9 
2020-12-02T09:05:10.546079+09:00 0 0 경기77바2045 3 36 234001203 124000365 9 
2020-12-02T09:05:10.546115+09:00 0 0 경기77바2290 3 42 234001203 124000356 13 
2020-12-02T09:05:10.546133+09:00 0 0 경기77바2457 3 41 234001203 277103605 17 
2020-12-02T09:05:10.546148+09:00 0 0 경기77바2141 3 39 234001203 234000350 29 
2020-12-02T09:06:09.700095+09:00 0 0 경기77바2045 3 36 234001203 124000365 9 
2020-12-02T09:06:09.700130+09:00 0 0 경기77바2290 3 42 234001203 124000356 13 
2020-12-02T09:06:09.700149+09:00 0 0 경기77바2141 3 39 234001203 234000350 29 
2020-12-02T09:06:09.700164+09:00 0 0 경기77바2457 3 41 234001203 234000358 19 
2020-12-02T09:07:08.824179+09:00 0 0 경기77바2290 3 42 234001203 124000356 13 
2020-12-02T09:07:08.824215+09:00 0 0 경기77바2045 3 36 234001203 124000364 10 
2020-12-02T09:07:08.824234+09:00 0 0 경기77바2457 3 42 234001203 234000358 19 
2020-12-02T09:08:08.278400+09:00 0 0 경기77바2290 3 42 234001203 277102817 14 
2020-12-02T09:08:08.278436+09:00 0 0 경기77바2457 3 43 234001203 234000357 21 
2020-12-02T09:08:08.278455+09:00 0 0 경기77바2045 3 36 234001203 124000363 11 
2020-12-02T09:09:07.522381+09:00 0 0 경기77바2290 3 42 234001203 277102817 14 
2020-12-02T09:09:07.522416+09:00 0 0 경기77바2045 3 36 234001203 124000363 11 
2020-12-02T09:09:07.522433+09:00 0 0 경기77바2457 3 43 234001203 234000355 23 
2020-12-02T09:10:06.826525+09:00 0 0 경기77바2290 3 42 234001203 277102817 14 
2020-12-02T09:10:06.826561+09:00 0 0 경기77바2045 3 36 234001203 124000363 11 
2020-12-02T09:10:06.826580+09:00 0 0 경기77바2457 3 43 234001203 234001061 24 
2020-12-02T09:11:06.030683+09:00 0 0 경기77바2045 3 36 234001203 124000370 12 
2020-12-02T09:11:06.030718+09:00 0 0 경기77바2290 3 42 234001203 277102817 14 
2020-12-02T09:11:06.030737+09:00 0 0 경기77바2457 3 43 234001203 234000354 25 
2020-12-02T09:12:05.104699+09:00 0 0 경기77바2262 3 44 234001203 277101909 2 
2020-12-02T09:12:05.104735+09:00 0 0 경기77바2290 3 42 234001203 277103086 15 
2020-12-02T09:12:05.104754+09:00 0 0 경기77바2045 3 36 234001203 124000370 12 
2020-12-02T09:12:05.104770+09:00 0 0 경기77바2457 3 43 234001203 234000352 27 
2020-12-02T09:13:05.098839+09:00 0 0 경기77바2262 3 44 234001203 104000064 3 
2020-12-02T09:13:05.098874+09:00 0 0 경기77바2290 3 42 234001203 277103086 15 
2020-12-02T09:13:05.098893+09:00 0 0 경기77바2045 3 36 234001203 124000356 13 
2020-12-02T09:13:05.098908+09:00 0 0 경기77바2457 3 43 234001203 234000351 28 
2020-12-02T09:14:04.362964+09:00 0 0 경기77바2262 3 44 234001203 104000074 4 
2020-12-02T09:14:04.362998+09:00 0 0 경기77바2290 3 42 234001203 277103086 15 
2020-12-02T09:14:04.363016+09:00 0 0 경기77바2045 3 36 234001203 124000356 13 
2020-12-02T09:14:04.363030+09:00 0 0 경기77바2457 3 43 234001203 234000350 29 
2020-12-02T09:15:03.687052+09:00 0 0 경기77바2262 3 44 234001203 104000074 4 
2020-12-02T09:15:03.687087+09:00 0 0 경기77바2045 3 36 234001203 124000356 13 
2020-12-02T09:15:03.687105+09:00 0 0 경기77바2290 3 42 234001203 277103262 16 
2020-12-02T09:16:02.751041+09:00 0 0 경기77바2262 3 44 234001203 277102303 5 
2020-12-02T09:16:02.751076+09:00 0 0 경기77바2290 3 42 234001203 277103262 16 
2020-12-02T09:16:02.751094+09:00 0 0 경기77바2045 3 36 234001203 124000356 13 
2020-12-02T09:17:02.085343+09:00 0 0 경기77바2262 3 44 234001203 277102303 5 
2020-12-02T09:17:02.085379+09:00 0 0 경기77바2290 3 42 234001203 277103262 16 
2020-12-02T09:17:02.085397+09:00 0 0 경기77바2045 3 36 234001203 124000356 13 
2020-12-02T09:18:01.359426+09:00 0 0 경기77바2262 3 44 234001203 277102304 6 
2020-12-02T09:18:01.359462+09:00 0 0 경기77바2045 3 36 234001203 124000356 13 
2020-12-02T09:18:01.359481+09:00 0 0 경기77바2290 3 42 234001203 277103262 16 
2020-12-02T09:19:00.143427+09:00 0 0 경기77바2262 3 44 234001203 277102304 6 
2020-12-02T09:19:00.143464+09:00 0 0 경기77바2290 3 42 234001203 277103262 16 
2020-12-02T09:19:00.143487+09:00 0 0 경기77바2045 3 36 234001203 124000356 13 
2020-12-02T09:20:00.347582+09:00 0 0 경기77바2262 3 42 234001203 124000454 7 
2020-12-02T09:20:00.347617+09:00 0 0 경기77바2290 3 42 234001203 277103262 16 
2020-12-02T09:20:00.347635+09:00 0 0 경기77바2045 3 36 234001203 277102817 14 
2020-12-02T09:20:59.631782+09:00 0 0 경기77바2262 3 42 234001203 124000366 8 
2020-12-02T09:20:59.631819+09:00 0 0 경기77바2045 3 36 234001203 277102817 14 
2020-12-02T09:20:59.631837+09:00 0 0 경기77바2290 3 42 234001203 277103262 16 
2020-12-02T09:21:58.695642+09:00 0 0 경기77바2262 3 40 234001203 124000366 8 
2020-12-02T09:21:58.695676+09:00 0 0 경기77바2290 3 42 234001203 277103262 16 
2020-12-02T09:21:58.695695+09:00 0 0 경기77바2045 3 36 234001203 277102817 14 
2020-12-02T09:22:58.689955+09:00 0 0 경기77바2262 3 40 234001203 124000365 9 
2020-12-02T09:22:58.689991+09:00 0 0 경기77바2290 3 42 234001203 277103262 16 
2020-12-02T09:22:58.690009+09:00 0 0 경기77바2045 3 36 234001203 277103086 15 
2020-12-02T09:23:57.893981+09:00 0 0 경기77바2262 3 40 234001203 124000365 9 
2020-12-02T09:23:57.894017+09:00 0 0 경기77바2045 3 36 234001203 277103086 15 
2020-12-02T09:23:57.894035+09:00 0 0 경기77바2290 3 42 234001203 277103262 16 
2020-12-02T09:24:56.648052+09:00 0 0 경기77바2262 3 40 234001203 124000365 9 
2020-12-02T09:24:56.648088+09:00 0 0 경기77바2045 3 36 234001203 277103086 15 
2020-12-02T09:24:56.648105+09:00 0 0 경기77바2290 3 42 234001203 277103605 17 
2020-12-02T09:25:56.982297+09:00 0 0 경기77바2262 3 40 234001203 124000364 10 
2020-12-02T09:25:56.982333+09:00 0 0 경기77바2290 3 42 234001203 234000358 19 
2020-12-02T09:25:56.982352+09:00 0 0 경기77바2045 3 36 234001203 277103262 16 
2020-12-02T09:26:56.436424+09:00 0 0 경기77바2262 3 40 234001203 124000363 11 
2020-12-02T09:26:56.436460+09:00 0 0 경기77바2045 3 36 234001203 277103262 16 
2020-12-02T09:26:56.436479+09:00 0 0 경기77바2290 3 43 234001203 234000357 21 
2020-12-02T09:27:55.530437+09:00 0 0 경기77바2262 3 40 234001203 124000363 11 
2020-12-02T09:27:55.530474+09:00 0 0 경기77바2045 3 36 234001203 277103262 16 
2020-12-02T09:27:55.530493+09:00 0 0 경기77바2290 3 43 234001203 234000356 22 
2020-12-02T09:28:54.814540+09:00 0 0 경기77바2262 3 40 234001203 124000363 11 
2020-12-02T09:28:54.814577+09:00 0 0 경기77바2045 3 36 234001203 277103262 16 
2020-12-02T09:28:54.814595+09:00 0 0 경기77바2290 3 43 234001203 234001061 24 
2020-12-02T09:29:54.298646+09:00 0 0 경기77바2262 3 40 234001203 124000363 11 
2020-12-02T09:29:54.298682+09:00 0 0 경기77바2045 3 36 234001203 277103262 16 
2020-12-02T09:29:54.298701+09:00 0 0 경기77바2290 3 43 234001203 234001061 24 
2020-12-02T09:30:53.502791+09:00 0 0 경기77바2262 3 40 234001203 124000370 12 
2020-12-02T09:30:53.502826+09:00 0 0 경기77바2045 3 36 234001203 277103262 16 
2020-12-02T09:30:53.502844+09:00 0 0 경기77바2290 3 43 234001203 234000353 26 
2020-12-02T09:31:52.896833+09:00 0 0 경기77바2262 3 40 234001203 124000370 12 
2020-12-02T09:31:52.896868+09:00 0 0 경기77바2045 3 36 234001203 277103262 16 
2020-12-02T09:31:52.896886+09:00 0 0 경기77바2290 3 43 234001203 234000352 27 
2020-12-02T09:32:51.820985+09:00 0 0 경기77바2262 3 40 234001203 124000370 12 
2020-12-02T09:32:51.821023+09:00 0 0 경기77바2045 3 36 234001203 277103262 16 
2020-12-02T09:32:51.821075+09:00 0 0 경기77바2290 3 43 234001203 234000350 29 
2020-12-02T09:33:51.135147+09:00 0 0 경기77바2262 3 40 234001203 124000356 13 
2020-12-02T09:33:51.135183+09:00 0 0 경기77바2045 3 36 234001203 277103262 16 
2020-12-02T09:33:51.135201+09:00 0 0 경기77바2290 3 43 234001203 234000350 29 
2020-12-02T09:34:51.099169+09:00 0 0 경기77바2262 3 40 234001203 124000356 13 
2020-12-02T09:34:51.099206+09:00 0 0 경기77바2290 3 43 234001203 234000350 29 
2020-12-02T09:34:51.099228+09:00 0 0 경기77바2045 3 36 234001203 277103262 16 
2020-12-02T09:35:50.883169+09:00 0 0 경기77바2262 3 40 234001203 124000356 13 
2020-12-02T09:35:50.883206+09:00 0 0 경기77바2290 3 43 234001203 234000350 29 
2020-12-02T09:35:50.883225+09:00 0 0 경기77바2045 3 36 234001203 277103605 17 
2020-12-02T09:36:50.717332+09:00 0 0 경기77바2262 3 40 234001203 124000356 13 
2020-12-02T09:36:50.717370+09:00 0 0 경기77바2045 3 36 234001203 234000358 19 
2020-12-02T09:37:51.041474+09:00 0 0 경기77바2262 3 40 234001203 124000356 13 
2020-12-02T09:37:51.041510+09:00 0 0 경기77바2045 3 36 234001203 234000357 21 
2020-12-02T09:38:49.925421+09:00 0 0 경기77바2262 3 40 234001203 124000356 13 
2020-12-02T09:38:49.925458+09:00 0 0 경기77바2045 3 36 234001203 234000357 21 
2020-12-02T09:39:50.129730+09:00 0 0 경기77바2262 3 40 234001203 124000356 13 
2020-12-02T09:39:50.129765+09:00 0 0 경기77바2045 3 36 234001203 234000357 21 
2020-12-02T09:40:49.293621+09:00 0 0 경기77바2262 3 40 234001203 124000356 13 
2020-12-02T09:40:49.293657+09:00 0 0 경기77바2045 3 36 234001203 234000355 23 
2020-12-02T09:41:48.347728+09:00 0 0 경기77바2262 3 40 234001203 124000356 13 
2020-12-02T09:41:48.347764+09:00 0 0 경기77바2045 3 36 234001203 234001061 24 
2020-12-02T09:42:47.681831+09:00 0 0 경기77바2262 3 40 234001203 124000356 13 
2020-12-02T09:42:47.681867+09:00 0 0 경기77바2045 3 36 234001203 234000353 26 
2020-12-02T09:43:46.335709+09:00 0 0 경기77바2262 3 40 234001203 277102817 14 
2020-12-02T09:43:46.335739+09:00 0 0 경기77바2045 3 36 234001203 234000352 27 
2020-12-02T09:44:46.102158+09:00 0 0 경기77바2262 3 40 234001203 277102817 14 
2020-12-02T09:44:46.102195+09:00 0 0 경기77바2045 3 36 234001203 234000351 28 
2020-12-02T09:45:45.874183+09:00 0 0 경기77바2262 3 40 234001203 277102817 14 
2020-12-02T09:45:45.874220+09:00 0 0 경기77바2045 3 36 234001203 234000350 29 
2020-12-02T09:46:46.078246+09:00 0 0 경기77바2262 3 40 234001203 277103086 15 
2020-12-02T09:46:46.078287+09:00 0 0 경기77바2045 3 36 234001203 234000350 29 
2020-12-02T09:47:44.762358+09:00 0 0 경기77바2262 3 40 234001203 277103086 15 
2020-12-02T09:47:44.762394+09:00 0 0 경기77바2045 3 36 234001203 234000350 29 
2020-12-02T09:48:44.766311+09:00 0 0 경기77바2262 3 40 234001203 277103086 15 
2020-12-02T09:49:44.470453+09:00 0 0 경기77바2262 3 40 234001203 277103086 15 
2020-12-02T09:50:44.584616+09:00 0 0 경기77바2262 3 40 234001203 277103262 16 
2020-12-02T09:51:43.518745+09:00 0 0 경기77바2262 3 40 234001203 277103262 16 
2020-12-02T09:52:43.983226+09:00 0 0 경기77바2262 3 40 234001203 277103262 16 
2020-12-02T09:53:42.766902+09:00 0 0 경기77바2262 3 40 234001203 277103262 16 
2020-12-02T09:54:43.021198+09:00 0 0 경기77바2262 3 40 234001203 277103262 16 
2020-12-02T09:55:41.805246+09:00 0 0 경기77바2262 3 40 234001203 277103262 16 
2020-12-02T09:56:41.629292+09:00 0 0 경기77바2262 3 40 234001203 277103262 16 
2020-12-02T09:57:41.463449+09:00 0 0 경기77바2262 3 40 234001203 277103262 16 
2020-12-02T09:58:41.137556+09:00 0 0 경기77바2262 3 40 234001203 277103262 16 
2020-12-02T09:59:40.971643+09:00 0 0 경기77바2262 3 40 234001203 277103262 16 
2020-12-02T10:00:40.835821+09:00 0 0 경기77바2262 3 40 234001203 234000359 18 
2020-12-02T10:01:41.280032+09:00 0 0 경기77바2262 3 42 234001203 234000359 18 
2020-12-02T10:02:41.274092+09:00 0 0 경기77바2262 3 42 234001203 234000359 18 
2020-12-02T10:03:40.418262+09:00 0 0 경기77바2262 3 43 234001203 234000358 19 
2020-12-02T10:04:39.642239+09:00 0 0 경기77바2262 3 44 234001203 234000357 21 
2020-12-02T10:05:38.586377+09:00 0 0 경기77바2262 3 44 234001203 234000357 21 
2020-12-02T10:06:38.210418+09:00 0 0 경기77바2262 3 44 234001203 234000357 21 
2020-12-02T10:07:38.384599+09:00 0 0 경기77바2262 3 44 234001203 234000355 23 
2020-12-02T10:08:37.288661+09:00 0 0 경기77바2262 3 44 234001203 234000355 23 
2020-12-02T10:09:37.272727+09:00 0 0 경기77바2262 3 44 234001203 234001061 24 
2020-12-02T10:10:37.516770+09:00 0 0 경기77바2262 3 44 234001203 234000353 26 
2020-12-02T10:11:36.680837+09:00 0 0 경기77바2262 3 45 234001203 234000351 28 
2020-12-02T10:12:35.534900+09:00 0 0 경기77바2262 3 45 234001203 234000350 29 
2020-12-02T10:13:35.719058+09:00 0 0 경기77바2262 3 45 234001203 234000350 29 
2020-12-02T10:14:34.613153+09:00 0 0 경기77바2262 3 45 234001203 234000350 29 
