234001203 2020-12-15T10:02:05.754570+09:00
2020-12-16T07:50:40 0 0 경기77바2050 4 69 234001203 277101909 2 
2020-12-16T07:51:40 0 0 경기77바2050 4 69 234001203 104000064 3 
2020-12-16T07:52:40 0 0 경기77바2050 4 69 234001203 104000064 3 
2020-12-16T07:53:38 0 0 경기77바2050 4 69 234001203 104000064 3 
2020-12-16T07:54:38 0 0 경기77바2050 4 68 234001203 104000074 4 
2020-12-16T07:55:38 0 0 경기77바2050 4 68 234001203 104000074 4 
2020-12-16T07:56:38 0 0 경기77바2050 4 68 234001203 277102303 5 
2020-12-16T07:57:38 0 0 경기77바2050 4 68 234001203 277102303 5 
2020-12-16T07:58:38 0 0 경기77바2050 4 68 234001203 277102304 6 
2020-12-16T07:59:37 0 0 경기77바2050 4 68 234001203 277102304 6 
2020-12-16T08:00:37 0 0 경기77바2050 4 68 234001203 277102304 6 
2020-12-16T08:01:36 0 0 경기77바2050 4 61 234001203 124000454 7 
2020-12-16T08:02:36 0 0 경기77바2050 4 61 234001203 124000454 7 
2020-12-16T08:03:37 0 0 경기77바2050 4 60 234001203 124000366 8 
2020-12-16T08:04:35 0 0 경기77바2050 4 59 234001203 124000365 9 
2020-12-16T08:05:36 0 0 경기77바2050 4 59 234001203 124000365 9 
2020-12-16T08:05:36 0 0 경기77바2219 3 39 234001203 104000064 3 
2020-12-16T08:06:35 0 0 경기77바2050 4 59 234001203 124000364 10 
2020-12-16T08:06:35 0 0 경기77바2219 3 39 234001203 104000064 3 
2020-12-16T08:07:34 0 0 경기77바2050 4 58 234001203 124000363 11 
2020-12-16T08:07:34 0 0 경기77바2219 3 39 234001203 104000064 3 
2020-12-16T08:08:34 0 0 경기77바2050 4 58 234001203 124000363 11 
2020-12-16T08:08:34 0 0 경기77바2219 3 39 234001203 104000074 4 
2020-12-16T08:09:34 0 0 경기77바2050 4 58 234001203 124000363 11 
2020-12-16T08:09:34 0 0 경기77바2219 3 39 234001203 104000074 4 
2020-12-16T08:10:33 0 0 경기77바2050 4 58 234001203 124000363 11 
2020-12-16T08:10:33 0 0 경기77바2219 3 39 234001203 277102303 5 
2020-12-16T08:11:32 0 0 경기77바2050 4 58 234001203 124000370 12 
2020-12-16T08:11:32 0 0 경기77바2219 3 39 234001203 277102303 5 
2020-12-16T08:12:32 0 0 경기77바2050 4 58 234001203 124000356 13 
2020-12-16T08:12:32 0 0 경기77바2219 3 39 234001203 277102304 6 
2020-12-16T08:13:32 0 0 경기77바2050 4 55 234001203 124000356 13 
2020-12-16T08:13:32 0 0 경기77바2219 3 37 234001203 124000454 7 
2020-12-16T08:14:31 0 0 경기77바2050 4 55 234001203 124000356 13 
2020-12-16T08:14:31 0 0 경기77바2219 3 37 234001203 124000454 7 
2020-12-16T08:15:31 0 0 경기77바2050 4 55 234001203 124000356 13 
2020-12-16T08:15:31 0 0 경기77바2219 3 37 234001203 124000454 7 
2020-12-16T08:16:30 0 0 경기77바2050 4 55 234001203 124000356 13 
2020-12-16T08:16:30 0 0 경기77바2219 3 36 234001203 124000365 9 
2020-12-16T08:17:30 0 0 경기77바2050 4 55 234001203 124000356 13 
2020-12-16T08:17:30 0 0 경기77바2219 3 35 234001203 124000365 9 
2020-12-16T08:18:30 0 0 경기77바2050 4 55 234001203 124000356 13 
2020-12-16T08:18:30 0 0 경기77바2219 3 35 234001203 124000365 9 
2020-12-16T08:19:30 0 0 경기77바2050 4 55 234001203 124000356 13 
2020-12-16T08:19:30 0 0 경기77바2219 3 35 234001203 124000365 9 
2020-12-16T08:20:29 0 0 경기77바2050 4 55 234001203 124000356 13 
2020-12-16T08:20:29 0 0 경기77바2509 3 45 234001203 277101909 2 
2020-12-16T08:20:29 0 0 경기77바2219 3 35 234001203 124000364 10 
2020-12-16T08:21:29 0 0 경기77바2050 4 55 234001203 124000356 13 
2020-12-16T08:21:29 0 0 경기77바2509 3 45 234001203 104000064 3 
2020-12-16T08:21:29 0 0 경기77바2219 3 35 234001203 124000364 10 
2020-12-16T08:22:28 0 0 경기77바2050 4 55 234001203 124000356 13 
2020-12-16T08:22:28 0 0 경기77바2509 3 45 234001203 104000064 3 
2020-12-16T08:22:28 0 0 경기77바2219 3 35 234001203 124000364 10 
2020-12-16T08:23:28 0 0 경기77바2509 3 45 234001203 104000064 3 
2020-12-16T08:23:28 0 0 경기77바2050 4 55 234001203 277102817 14 
2020-12-16T08:23:28 0 0 경기77바2219 3 35 234001203 124000363 11 
2020-12-16T08:24:27 0 0 경기77바2050 4 55 234001203 277103086 15 
2020-12-16T08:24:27 0 0 경기77바2509 3 45 234001203 104000074 4 
2020-12-16T08:24:27 0 0 경기77바2219 3 35 234001203 124000363 11 
2020-12-16T08:25:26 0 0 경기77바2050 4 55 234001203 277103086 15 
2020-12-16T08:25:26 0 0 경기77바2509 3 45 234001203 104000074 4 
2020-12-16T08:25:26 0 0 경기77바2219 3 35 234001203 124000363 11 
2020-12-16T08:26:26 0 0 경기77바2050 4 55 234001203 277103086 15 
2020-12-16T08:26:26 0 0 경기77바2509 3 45 234001203 277102303 5 
2020-12-16T08:26:26 0 0 경기77바2219 3 35 234001203 124000363 11 
2020-12-16T08:27:25 0 0 경기77바2509 3 45 234001203 277102304 6 
2020-12-16T08:27:25 0 0 경기77바2050 4 55 234001203 277103262 16 
2020-12-16T08:27:25 0 0 경기77바2219 3 35 234001203 124000370 12 
2020-12-16T08:28:24 0 0 경기77바2050 4 55 234001203 277103262 16 
2020-12-16T08:28:24 0 0 경기77바2509 3 45 234001203 277102304 6 
2020-12-16T08:28:24 0 0 경기77바2219 3 35 234001203 124000370 12 
2020-12-16T08:29:23 0 0 경기77바2050 4 55 234001203 277103262 16 
2020-12-16T08:29:23 0 0 경기77바2509 3 42 234001203 124000454 7 
2020-12-16T08:29:23 0 0 경기77바2219 3 35 234001203 124000356 13 
2020-12-16T08:30:23 0 0 경기77바2050 4 55 234001203 277103262 16 
2020-12-16T08:30:23 0 0 경기77바2509 3 42 234001203 124000366 8 
2020-12-16T08:30:23 0 0 경기77바2219 3 32 234001203 124000356 13 
2020-12-16T08:31:22 0 0 경기77바2050 4 55 234001203 277103262 16 
2020-12-16T08:31:22 0 0 경기77바2509 3 41 234001203 124000366 8 
2020-12-16T08:31:22 0 0 경기77바2219 3 32 234001203 124000356 13 
2020-12-16T08:32:21 0 0 경기77바2050 4 55 234001203 277103262 16 
2020-12-16T08:32:21 0 0 경기77바2509 3 41 234001203 124000365 9 
2020-12-16T08:32:21 0 0 경기77바2219 3 32 234001203 124000356 13 
2020-12-16T08:33:22 0 0 경기77바2050 4 55 234001203 277103262 16 
2020-12-16T08:33:22 0 0 경기77바2509 3 41 234001203 124000365 9 
2020-12-16T08:33:22 0 0 경기77바2219 3 32 234001203 124000356 13 
2020-12-16T08:34:21 0 0 경기77바2050 4 55 234001203 277103262 16 
2020-12-16T08:34:21 0 0 경기77바2509 3 41 234001203 124000365 9 
2020-12-16T08:34:21 0 0 경기77바2219 3 32 234001203 124000356 13 
2020-12-16T08:35:19 0 0 경기77바2050 4 55 234001203 277103262 16 
2020-12-16T08:35:19 0 0 경기77바2509 3 41 234001203 124000364 10 
2020-12-16T08:35:19 0 0 경기77바2219 3 32 234001203 124000356 13 
2020-12-16T08:36:20 0 0 경기77바2050 4 55 234001203 277103262 16 
2020-12-16T08:36:20 0 0 경기77바2509 3 41 234001203 124000363 11 
2020-12-16T08:36:20 0 0 경기77바2219 3 32 234001203 124000356 13 
2020-12-16T08:37:18 0 0 경기77바2509 3 41 234001203 124000363 11 
2020-12-16T08:37:18 0 0 경기77바2050 4 55 234001203 277103262 16 
2020-12-16T08:37:18 0 0 경기77바2219 3 32 234001203 124000356 13 
2020-12-16T08:38:18 0 0 경기77바2050 4 55 234001203 277103605 17 
2020-12-16T08:38:18 0 0 경기77바2509 3 40 234001203 124000363 11 
2020-12-16T08:38:18 0 0 경기77바2219 3 32 234001203 277102817 14 
2020-12-16T08:39:18 0 0 경기77바2509 3 40 234001203 124000363 11 
2020-12-16T08:39:18 0 0 경기77바2050 4 56 234001203 277103605 17 
2020-12-16T08:39:18 0 0 경기77바2219 3 32 234001203 277103086 15 
2020-12-16T08:40:18 0 0 경기77바2050 4 57 234001203 234000359 18 
2020-12-16T08:40:18 0 0 경기77바2509 3 40 234001203 124000370 12 
2020-12-16T08:40:18 0 0 경기77바2219 3 32 234001203 277103086 15 
2020-12-16T08:41:17 0 0 경기77바2509 3 40 234001203 124000370 12 
2020-12-16T08:41:17 0 0 경기77바2050 4 60 234001203 234000358 19 
2020-12-16T08:41:17 0 0 경기77바2219 3 32 234001203 277103086 15 
2020-12-16T08:42:18 0 0 경기77바2050 4 60 234001203 234000358 19 
2020-12-16T08:42:18 0 0 경기77바2509 3 40 234001203 124000370 12 
2020-12-16T08:42:18 0 0 경기77바2219 3 32 234001203 277103262 16 
2020-12-16T08:43:17 0 0 경기77바2509 3 40 234001203 124000356 13 
2020-12-16T08:43:17 0 0 경기77바2050 4 61 234001203 234000358 19 
2020-12-16T08:43:17 0 0 경기77바2219 3 32 234001203 277103262 16 
2020-12-16T08:44:17 0 0 경기77바2509 3 40 234001203 124000356 13 
2020-12-16T08:44:17 0 0 경기77바2050 4 63 234001203 234000357 21 
2020-12-16T08:44:17 0 0 경기77바2219 3 32 234001203 277103262 16 
2020-12-16T08:45:16 0 0 경기77바2509 3 40 234001203 124000356 13 
2020-12-16T08:45:16 0 0 경기77바2050 4 63 234001203 234000356 22 
2020-12-16T08:45:16 0 0 경기77바2219 3 32 234001203 277103262 16 
2020-12-16T08:46:15 0 0 경기77바2050 4 62 234001203 234000356 22 
2020-12-16T08:46:15 0 0 경기77바2509 3 40 234001203 124000356 13 
2020-12-16T08:46:15 0 0 경기77바2219 3 32 234001203 277103262 16 
2020-12-16T08:47:14 0 0 경기77바2509 3 40 234001203 124000356 13 
2020-12-16T08:47:14 0 0 경기77바2050 4 63 234001203 234000355 23 
2020-12-16T08:47:14 0 0 경기77바2219 3 32 234001203 277103262 16 
2020-12-16T08:47:14 0 0 경기77바3446 3 45 234001203 277101909 2 
2020-12-16T08:48:14 0 0 경기77바2509 3 40 234001203 124000356 13 
2020-12-16T08:48:14 0 0 경기77바2050 4 64 234001203 234000355 23 
2020-12-16T08:48:14 0 0 경기77바2219 3 32 234001203 277103262 16 
2020-12-16T08:48:14 0 0 경기77바3446 3 43 234001203 104000064 3 
2020-12-16T08:49:14 0 0 경기77바2050 4 64 234001203 234001061 24 
2020-12-16T08:49:14 0 0 경기77바2509 3 40 234001203 124000356 13 
2020-12-16T08:49:14 0 0 경기77바2219 3 32 234001203 277103262 16 
2020-12-16T08:49:14 0 0 경기77바3446 3 43 234001203 104000064 3 
2020-12-16T08:50:13 0 0 경기77바2509 3 40 234001203 124000356 13 
2020-12-16T08:50:13 0 0 경기77바2050 4 65 234001203 234000354 25 
2020-12-16T08:50:13 0 0 경기77바2219 3 32 234001203 277103262 16 
2020-12-16T08:50:13 0 0 경기77바3446 3 43 234001203 104000074 4 
2020-12-16T08:51:12 0 0 경기77바2509 3 40 234001203 124000356 13 
2020-12-16T08:51:12 0 0 경기77바2050 4 65 234001203 234000354 25 
2020-12-16T08:51:12 0 0 경기77바3446 3 43 234001203 104000074 4 
2020-12-16T08:51:12 0 0 경기77바2219 3 32 234001203 277103262 16 
2020-12-16T08:52:12 0 0 경기77바2509 3 40 234001203 124000356 13 
2020-12-16T08:52:12 0 0 경기77바2050 4 66 234001203 234000352 27 
2020-12-16T08:52:12 0 0 경기77바3446 3 43 234001203 277102303 5 
2020-12-16T08:52:12 0 0 경기77바2219 3 33 234001203 234000359 18 
2020-12-16T08:53:11 0 0 경기77바2509 3 40 234001203 124000356 13 
2020-12-16T08:53:11 0 0 경기77바2050 4 67 234001203 234000352 27 
2020-12-16T08:53:11 0 0 경기77바2219 3 33 234001203 234000359 18 
2020-12-16T08:53:11 0 0 경기77바3446 3 43 234001203 277102303 5 
2020-12-16T08:54:10 0 0 경기77바2509 3 40 234001203 124000356 13 
2020-12-16T08:54:10 0 0 경기77바2050 4 69 234001203 234000351 28 
2020-12-16T08:54:10 0 0 경기77바3446 3 43 234001203 277102304 6 
2020-12-16T08:54:10 0 0 경기77바2219 3 34 234001203 234000358 19 
2020-12-16T08:55:11 0 0 경기77바2050 4 69 234001203 234000350 29 
2020-12-16T08:55:11 0 0 경기77바2509 3 40 234001203 277103086 15 
2020-12-16T08:55:11 0 0 경기77바2219 3 34 234001203 234000358 19 
2020-12-16T08:55:11 0 0 경기77바3446 3 42 234001203 124000454 7 
2020-12-16T08:56:10 0 0 경기77바2509 3 40 234001203 277103086 15 
2020-12-16T08:56:10 0 0 경기77바2050 4 69 234001203 234000350 29 
2020-12-16T08:56:10 0 0 경기77바2074 3 42 234001203 277101909 2 
2020-12-16T08:56:10 0 0 경기77바3446 3 42 234001203 124000454 7 
2020-12-16T08:56:10 0 0 경기77바2219 3 35 234001203 234000357 21 
2020-12-16T08:57:10 0 0 경기77바2509 3 40 234001203 277103086 15 
2020-12-16T08:57:10 0 0 경기77바2074 3 42 234001203 104000064 3 
2020-12-16T08:57:10 0 0 경기77바2219 3 36 234001203 234000357 21 
2020-12-16T08:57:10 0 0 경기77바3446 3 43 234001203 124000366 8 
2020-12-16T08:58:09 0 0 경기77바2074 3 42 234001203 104000064 3 
2020-12-16T08:58:09 0 0 경기77바2509 3 40 234001203 277103086 15 
2020-12-16T08:58:09 0 0 경기77바2219 3 36 234001203 234000357 21 
2020-12-16T08:58:09 0 0 경기77바3446 3 43 234001203 124000365 9 
2020-12-16T08:59:08 0 0 경기77바2509 3 40 234001203 277103262 16 
2020-12-16T08:59:08 0 0 경기77바2074 3 42 234001203 104000064 3 
2020-12-16T08:59:08 0 0 경기77바2219 3 36 234001203 234000356 22 
2020-12-16T08:59:08 0 0 경기77바3446 3 43 234001203 124000365 9 
2020-12-16T09:00:08 0 0 경기77바2509 3 40 234001203 277103262 16 
2020-12-16T09:00:08 0 0 경기77바2074 3 42 234001203 104000064 3 
2020-12-16T09:00:08 0 0 경기77바2219 3 36 234001203 234000355 23 
2020-12-16T09:00:08 0 0 경기77바3446 3 43 234001203 124000365 9 
2020-12-16T09:01:07 0 0 경기77바2509 3 40 234001203 277103262 16 
2020-12-16T09:01:07 0 0 경기77바2074 3 42 234001203 104000064 3 
2020-12-16T09:01:07 0 0 경기77바3446 3 43 234001203 124000364 10 
2020-12-16T09:01:07 0 0 경기77바2219 3 36 234001203 234001061 24 
2020-12-16T09:02:06 0 0 경기77바2509 3 40 234001203 277103262 16 
2020-12-16T09:02:06 0 0 경기77바2074 3 42 234001203 277102303 5 
2020-12-16T09:02:06 0 0 경기77바3446 3 43 234001203 124000363 11 
2020-12-16T09:02:06 0 0 경기77바2219 3 36 234001203 234000354 25 
2020-12-16T09:03:06 0 0 경기77바2509 3 40 234001203 277103262 16 
2020-12-16T09:03:06 0 0 경기77바2074 3 42 234001203 277102304 6 
2020-12-16T09:03:06 0 0 경기77바3446 3 43 234001203 124000363 11 
2020-12-16T09:03:06 0 0 경기77바2219 3 36 234001203 234000352 27 
2020-12-16T09:04:06 0 0 경기77바2509 3 40 234001203 277103262 16 
2020-12-16T09:04:06 0 0 경기77바2074 3 42 234001203 277102304 6 
2020-12-16T09:04:06 0 0 경기77바3446 3 43 234001203 124000363 11 
2020-12-16T09:04:06 0 0 경기77바2219 3 36 234001203 234000351 28 
2020-12-16T09:05:06 0 0 경기77바2509 3 40 234001203 277103262 16 
2020-12-16T09:05:06 0 0 경기77바2074 3 42 234001203 277102304 6 
2020-12-16T09:05:06 0 0 경기77바3446 3 43 234001203 124000370 12 
2020-12-16T09:05:06 0 0 경기77바2219 3 36 234001203 234000350 29 
2020-12-16T09:06:05 0 0 경기77바2509 3 40 234001203 277103262 16 
2020-12-16T09:06:05 0 0 경기77바2074 3 38 234001203 124000454 7 
2020-12-16T09:06:05 0 0 경기77바2219 3 36 234001203 234000350 29 
2020-12-16T09:06:05 0 0 경기77바3446 3 43 234001203 124000370 12 
2020-12-16T09:07:04 0 0 경기77바2509 3 40 234001203 277103262 16 
2020-12-16T09:07:04 0 0 경기77바2074 3 38 234001203 124000366 8 
2020-12-16T09:07:04 0 0 경기77바3446 3 43 234001203 124000370 12 
2020-12-16T09:08:04 0 0 경기77바2074 3 38 234001203 124000365 9 
2020-12-16T09:08:04 0 0 경기77바2509 3 40 234001203 277103262 16 
2020-12-16T09:08:04 0 0 경기77바3446 3 41 234001203 124000356 13 
2020-12-16T09:09:04 0 0 경기77바2074 3 38 234001203 124000365 9 
2020-12-16T09:09:04 0 0 경기77바2509 3 40 234001203 277103605 17 
2020-12-16T09:09:04 0 0 경기77바3446 3 41 234001203 124000356 13 
2020-12-16T09:10:03 0 0 경기77바2509 3 40 234001203 234000358 19 
2020-12-16T09:10:03 0 0 경기77바2074 3 39 234001203 124000364 10 
2020-12-16T09:10:03 0 0 경기77바3446 3 41 234001203 124000356 13 
2020-12-16T09:11:03 0 0 경기77바2074 3 39 234001203 124000363 11 
2020-12-16T09:11:03 0 0 경기77바2509 3 40 234001203 234000357 21 
2020-12-16T09:11:03 0 0 경기77바3446 3 41 234001203 124000356 13 
2020-12-16T09:12:02 0 0 경기77바2074 3 39 234001203 124000363 11 
2020-12-16T09:12:02 0 0 경기77바2509 3 40 234001203 234000357 21 
2020-12-16T09:12:02 0 0 경기77바3446 3 41 234001203 124000356 13 
2020-12-16T09:12:02 0 0 경기77바2155 3 39 234001203 277101909 2 
2020-12-16T09:13:01 0 0 경기77바2509 3 40 234001203 234000357 21 
2020-12-16T09:13:01 0 0 경기77바2074 3 39 234001203 124000363 11 
2020-12-16T09:13:01 0 0 경기77바3446 3 41 234001203 124000356 13 
2020-12-16T09:13:01 0 0 경기77바2155 3 39 234001203 104000064 3 
2020-12-16T09:14:01 0 0 경기77바2074 3 39 234001203 124000370 12 
2020-12-16T09:14:01 0 0 경기77바2509 3 40 234001203 234000355 23 
2020-12-16T09:14:01 0 0 경기77바2155 3 39 234001203 104000064 3 
2020-12-16T09:14:01 0 0 경기77바3446 3 41 234001203 124000356 13 
2020-12-16T09:15:01 0 0 경기77바2074 3 39 234001203 124000370 12 
2020-12-16T09:15:01 0 0 경기77바2509 3 40 234001203 234001061 24 
2020-12-16T09:15:01 0 0 경기77바2155 3 39 234001203 104000064 3 
2020-12-16T09:15:01 0 0 경기77바3446 3 41 234001203 124000356 13 
2020-12-16T09:16:00 0 0 경기77바2509 3 40 234001203 234000354 25 
2020-12-16T09:16:00 0 0 경기77바2074 3 39 234001203 124000356 13 
2020-12-16T09:16:00 0 0 경기77바3446 3 41 234001203 124000356 13 
2020-12-16T09:16:00 0 0 경기77바2155 3 39 234001203 104000064 3 
2020-12-16T09:17:00 0 0 경기77바2509 3 40 234001203 234000352 27 
2020-12-16T09:17:00 0 0 경기77바2074 3 38 234001203 124000356 13 
2020-12-16T09:17:00 0 0 경기77바3446 3 41 234001203 124000356 13 
2020-12-16T09:17:00 0 0 경기77바2155 3 39 234001203 104000074 4 
2020-12-16T09:17:59 0 0 경기77바2509 3 40 234001203 234000351 28 
2020-12-16T09:17:59 0 0 경기77바2074 3 38 234001203 124000356 13 
2020-12-16T09:17:59 0 0 경기77바2155 3 39 234001203 104000074 4 
2020-12-16T09:17:59 0 0 경기77바3446 3 41 234001203 277102817 14 
2020-12-16T09:18:58 0 0 경기77바2074 3 38 234001203 124000356 13 
2020-12-16T09:18:58 0 0 경기77바2509 3 40 234001203 234000350 29 
2020-12-16T09:18:58 0 0 경기77바3446 3 41 234001203 277103086 15 
2020-12-16T09:18:58 0 0 경기77바2155 3 39 234001203 277102303 5 
2020-12-16T09:19:57 0 0 경기77바2509 3 40 234001203 234000350 29 
2020-12-16T09:19:57 0 0 경기77바2074 3 38 234001203 124000356 13 
2020-12-16T09:19:57 0 0 경기77바3446 3 41 234001203 277103086 15 
2020-12-16T09:19:57 0 0 경기77바2155 3 39 234001203 277102304 6 
2020-12-16T09:20:57 0 0 경기77바2074 3 38 234001203 124000356 13 
2020-12-16T09:20:57 0 0 경기77바2155 3 39 234001203 277102304 6 
2020-12-16T09:20:57 0 0 경기77바3446 3 41 234001203 277103086 15 
2020-12-16T09:21:57 0 0 경기77바2074 3 38 234001203 124000356 13 
2020-12-16T09:21:57 0 0 경기77바2155 3 39 234001203 277102304 6 
2020-12-16T09:21:57 0 0 경기77바3446 3 41 234001203 277103262 16 
2020-12-16T09:22:56 0 0 경기77바2074 3 38 234001203 124000356 13 
2020-12-16T09:22:56 0 0 경기77바3446 3 41 234001203 277103262 16 
2020-12-16T09:22:56 0 0 경기77바2155 3 39 234001203 277102304 6 
2020-12-16T09:23:55 0 0 경기77바2074 3 38 234001203 124000356 13 
2020-12-16T09:23:55 0 0 경기77바3446 3 41 234001203 277103262 16 
2020-12-16T09:23:55 0 0 경기77바2155 3 38 234001203 124000366 8 
2020-12-16T09:24:54 0 0 경기77바2074 3 38 234001203 124000356 13 
2020-12-16T09:24:54 0 0 경기77바3446 3 41 234001203 277103262 16 
2020-12-16T09:24:54 0 0 경기77바2155 3 36 234001203 124000366 8 
2020-12-16T09:25:54 0 0 경기77바2074 3 38 234001203 277102817 14 
2020-12-16T09:25:54 0 0 경기77바3446 3 41 234001203 277103262 16 
2020-12-16T09:25:54 0 0 경기77바2155 3 36 234001203 124000365 9 
2020-12-16T09:26:53 0 0 경기77바2074 3 38 234001203 277103086 15 
2020-12-16T09:26:53 0 0 경기77바3446 3 41 234001203 277103262 16 
2020-12-16T09:26:53 0 0 경기77바2155 3 36 234001203 124000365 9 
2020-12-16T09:27:52 0 0 경기77바2074 3 38 234001203 277103086 15 
2020-12-16T09:27:52 0 0 경기77바3446 3 41 234001203 277103262 16 
2020-12-16T09:27:52 0 0 경기77바2155 3 36 234001203 124000365 9 
2020-12-16T09:28:51 0 0 경기77바2074 3 38 234001203 277103086 15 
2020-12-16T09:28:51 0 0 경기77바3446 3 41 234001203 277103262 16 
2020-12-16T09:28:51 0 0 경기77바2155 3 36 234001203 124000364 10 
2020-12-16T09:29:50 0 0 경기77바2074 3 38 234001203 277103086 15 
2020-12-16T09:29:50 0 0 경기77바3446 3 41 234001203 277103262 16 
2020-12-16T09:29:50 0 0 경기77바2155 3 36 234001203 124000363 11 
2020-12-16T09:30:50 0 0 경기77바2074 3 38 234001203 277103262 16 
2020-12-16T09:30:50 0 0 경기77바2155 3 36 234001203 124000363 11 
2020-12-16T09:30:50 0 0 경기77바3446 3 41 234001203 277103262 16 
2020-12-16T09:31:50 0 0 경기77바2074 3 38 234001203 277103262 16 
2020-12-16T09:31:50 0 0 경기77바3446 3 41 234001203 277103605 17 
2020-12-16T09:31:50 0 0 경기77바2155 3 36 234001203 124000363 11 
2020-12-16T09:32:50 0 0 경기77바2074 3 38 234001203 277103262 16 
2020-12-16T09:32:50 0 0 경기77바2155 3 36 234001203 124000370 12 
2020-12-16T09:32:50 0 0 경기77바3446 3 41 234001203 234000359 18 
2020-12-16T09:33:50 0 0 경기77바2074 3 38 234001203 277103262 16 
2020-12-16T09:33:50 0 0 경기77바2155 3 36 234001203 124000370 12 
2020-12-16T09:33:50 0 0 경기77바3446 3 42 234001203 234000358 19 
2020-12-16T09:34:50 0 0 경기77바2074 3 38 234001203 277103262 16 
2020-12-16T09:34:50 0 0 경기77바2155 3 36 234001203 124000370 12 
2020-12-16T09:34:50 0 0 경기77바3446 3 42 234001203 234000357 21 
2020-12-16T09:35:50 0 0 경기77바2074 3 38 234001203 277103262 16 
2020-12-16T09:35:50 0 0 경기77바3446 3 42 234001203 234000357 21 
2020-12-16T09:35:50 0 0 경기77바2155 3 36 234001203 124000356 13 
2020-12-16T09:36:49 0 0 경기77바2074 3 38 234001203 277103262 16 
2020-12-16T09:36:49 0 0 경기77바2155 3 36 234001203 124000356 13 
2020-12-16T09:36:49 0 0 경기77바3446 3 42 234001203 234000356 22 
2020-12-16T09:37:48 0 0 경기77바2074 3 38 234001203 277103262 16 
2020-12-16T09:37:48 0 0 경기77바2155 3 36 234001203 124000356 13 
2020-12-16T09:37:48 0 0 경기77바3446 3 42 234001203 234001061 24 
2020-12-16T09:38:47 0 0 경기77바2074 3 38 234001203 277103262 16 
2020-12-16T09:38:47 0 0 경기77바3446 3 42 234001203 234001061 24 
2020-12-16T09:38:47 0 0 경기77바2155 3 36 234001203 124000356 13 
2020-12-16T09:39:47 0 0 경기77바2074 3 38 234001203 277103262 16 
2020-12-16T09:39:47 0 0 경기77바2155 3 36 234001203 124000356 13 
2020-12-16T09:39:47 0 0 경기77바3446 3 42 234001203 234000354 25 
2020-12-16T09:40:47 0 0 경기77바2074 3 38 234001203 277103262 16 
2020-12-16T09:40:47 0 0 경기77바2155 3 36 234001203 124000356 13 
2020-12-16T09:40:47 0 0 경기77바3446 3 42 234001203 234000352 27 
2020-12-16T09:41:46 0 0 경기77바2074 3 39 234001203 234000359 18 
2020-12-16T09:41:46 0 0 경기77바2155 3 36 234001203 124000356 13 
2020-12-16T09:41:46 0 0 경기77바3446 3 42 234001203 234000351 28 
2020-12-16T09:42:45 0 0 경기77바2074 3 39 234001203 234000359 18 
2020-12-16T09:42:45 0 0 경기77바2155 3 36 234001203 124000356 13 
2020-12-16T09:42:45 0 0 경기77바3446 3 43 234001203 234000350 29 
2020-12-16T09:43:45 0 0 경기77바2074 3 39 234001203 234000358 19 
2020-12-16T09:43:45 0 0 경기77바2155 3 36 234001203 277102817 14 
2020-12-16T09:44:44 0 0 경기77바2074 3 40 234001203 234000358 19 
2020-12-16T09:44:44 0 0 경기77바2155 3 36 234001203 277103086 15 
2020-12-16T09:45:44 0 0 경기77바2074 3 40 234001203 234000357 21 
2020-12-16T09:45:44 0 0 경기77바2155 3 36 234001203 277103086 15 
2020-12-16T09:46:43 0 0 경기77바2074 3 40 234001203 234000357 21 
2020-12-16T09:46:43 0 0 경기77바2155 3 36 234001203 277103086 15 
2020-12-16T09:47:42 0 0 경기77바2074 3 40 234001203 234000355 23 
2020-12-16T09:47:42 0 0 경기77바2155 3 36 234001203 277103262 16 
2020-12-16T09:48:41 0 0 경기77바2074 3 40 234001203 234000355 23 
2020-12-16T09:48:41 0 0 경기77바2155 3 36 234001203 277103262 16 
2020-12-16T09:49:40 0 0 경기77바2074 3 40 234001203 234001061 24 
2020-12-16T09:49:40 0 0 경기77바2155 3 36 234001203 277103262 16 
2020-12-16T09:50:39 0 0 경기77바2074 3 40 234001203 234001061 24 
2020-12-16T09:50:39 0 0 경기77바2155 3 36 234001203 277103262 16 
2020-12-16T09:51:39 0 0 경기77바2074 3 40 234001203 234000354 25 
2020-12-16T09:51:39 0 0 경기77바2155 3 36 234001203 277103262 16 
2020-12-16T09:52:38 0 0 경기77바2074 3 40 234001203 234000352 27 
2020-12-16T09:52:38 0 0 경기77바2155 3 36 234001203 277103262 16 
2020-12-16T09:53:39 0 0 경기77바2074 3 40 234001203 234000351 28 
2020-12-16T09:53:39 0 0 경기77바2155 3 36 234001203 277103262 16 
2020-12-16T09:54:38 0 0 경기77바2074 3 40 234001203 234000350 29 
2020-12-16T09:54:38 0 0 경기77바2155 3 36 234001203 277103262 16 
2020-12-16T09:55:37 0 0 경기77바2155 3 36 234001203 277103262 16 
2020-12-16T09:56:36 0 0 경기77바2155 3 36 234001203 234000358 19 
2020-12-16T09:57:35 0 0 경기77바2155 3 38 234001203 234001005 20 
2020-12-16T09:58:35 0 0 경기77바2155 3 38 234001203 234000357 21 
2020-12-16T09:59:34 0 0 경기77바2155 3 38 234001203 234000357 21 
2020-12-16T10:00:34 0 0 경기77바2155 3 38 234001203 234000355 23 
2020-12-16T10:01:33 0 0 경기77바2155 3 38 234001203 234001061 24 
2020-12-16T10:02:33 0 0 경기77바2155 3 38 234001203 234001061 24 
2020-12-16T10:03:33 0 0 경기77바2155 3 38 234001203 234000354 25 
2020-12-16T10:04:32 0 0 경기77바2155 3 38 234001203 234000352 27 
2020-12-16T10:05:31 0 0 경기77바2155 3 38 234001203 234000350 29 
2020-12-16T10:06:31 0 0 경기77바2155 3 38 234001203 234000350 29 
