234001203 2020-12-13T09:00:37.336656+09:00
2020-12-14T07:55:02 0 0 경기77바2050 4 67 234001203 277101909 2 
2020-12-14T07:56:02 0 0 경기77바2050 4 67 234001203 104000064 3 
2020-12-14T07:57:01 0 0 경기77바2050 4 66 234001203 104000074 4 
2020-12-14T07:58:00 0 0 경기77바2050 4 66 234001203 104000074 4 
2020-12-14T07:58:59 0 0 경기77바2050 4 66 234001203 104000074 4 
2020-12-14T07:59:58 0 0 경기77바2050 4 66 234001203 277102303 5 
2020-12-14T08:00:58 0 0 경기77바2050 4 66 234001203 277102303 5 
2020-12-14T08:01:57 0 0 경기77바2050 4 66 234001203 277102304 6 
2020-12-14T08:02:56 0 0 경기77바2050 4 66 234001203 277102304 6 
2020-12-14T08:03:55 0 0 경기77바2050 4 66 234001203 277102304 6 
2020-12-14T08:04:54 0 0 경기77바2050 4 58 234001203 124000454 7 
2020-12-14T08:05:53 0 0 경기77바2050 4 58 234001203 124000366 8 
2020-12-14T08:06:54 0 0 경기77바2050 4 56 234001203 124000365 9 
2020-12-14T08:07:53 0 0 경기77바2050 4 54 234001203 124000365 9 
2020-12-14T08:08:52 0 0 경기77바2050 4 54 234001203 124000365 9 
2020-12-14T08:09:51 0 0 경기77바2050 4 54 234001203 124000364 10 
2020-12-14T08:10:51 0 0 경기77바2050 4 54 234001203 124000364 10 
2020-12-14T08:11:50 0 0 경기77바2050 4 54 234001203 124000363 11 
2020-12-14T08:12:50 0 0 경기77바2050 4 54 234001203 124000363 11 
2020-12-14T08:13:49 0 0 경기77바2050 4 54 234001203 124000363 11 
2020-12-14T08:13:49 0 0 경기77바2290 3 45 234001203 277101909 2 
2020-12-14T08:14:48 0 0 경기77바2050 4 54 234001203 124000370 12 
2020-12-14T08:14:48 0 0 경기77바2290 3 45 234001203 104000064 3 
2020-12-14T08:15:47 0 0 경기77바2050 4 54 234001203 124000370 12 
2020-12-14T08:15:47 0 0 경기77바2290 3 45 234001203 104000064 3 
2020-12-14T08:16:47 0 0 경기77바2050 4 54 234001203 124000370 12 
2020-12-14T08:16:47 0 0 경기77바2290 3 45 234001203 104000064 3 
2020-12-14T08:17:46 0 0 경기77바2050 4 46 234001203 124000356 13 
2020-12-14T08:17:46 0 0 경기77바2290 3 45 234001203 104000064 3 
2020-12-14T08:18:46 0 0 경기77바2050 4 46 234001203 124000356 13 
2020-12-14T08:18:46 0 0 경기77바2290 3 45 234001203 104000074 4 
2020-12-14T08:19:45 0 0 경기77바2050 4 46 234001203 124000356 13 
2020-12-14T08:19:45 0 0 경기77바2290 3 45 234001203 277102303 5 
2020-12-14T08:20:44 0 0 경기77바2050 4 46 234001203 124000356 13 
2020-12-14T08:20:44 0 0 경기77바2290 3 45 234001203 277102304 6 
2020-12-14T08:21:44 0 0 경기77바2050 4 46 234001203 124000356 13 
2020-12-14T08:21:44 0 0 경기77바2290 3 45 234001203 277102304 6 
2020-12-14T08:22:44 0 0 경기77바2050 4 46 234001203 124000356 13 
2020-12-14T08:22:44 0 0 경기77바2290 3 41 234001203 124000454 7 
2020-12-14T08:23:43 0 0 경기77바2050 4 46 234001203 124000356 13 
2020-12-14T08:23:43 0 0 경기77바2290 3 42 234001203 124000366 8 
2020-12-14T08:24:42 0 0 경기77바2050 4 46 234001203 124000356 13 
2020-12-14T08:24:42 0 0 경기77바2290 3 39 234001203 124000366 8 
2020-12-14T08:25:42 0 0 경기77바2050 4 46 234001203 124000356 13 
2020-12-14T08:25:42 0 0 경기77바2173 3 44 234001203 277101909 2 
2020-12-14T08:25:42 0 0 경기77바2290 3 39 234001203 124000365 9 
2020-12-14T08:26:42 0 0 경기77바2050 4 46 234001203 124000356 13 
2020-12-14T08:26:42 0 0 경기77바2173 3 44 234001203 104000064 3 
2020-12-14T08:26:42 0 0 경기77바2290 3 38 234001203 124000365 9 
2020-12-14T08:27:41 0 0 경기77바2050 4 46 234001203 124000356 13 
2020-12-14T08:27:41 0 0 경기77바2290 3 38 234001203 124000365 9 
2020-12-14T08:27:41 0 0 경기77바2173 3 43 234001203 104000064 3 
2020-12-14T08:28:41 0 0 경기77바2050 4 46 234001203 124000356 13 
2020-12-14T08:28:41 0 0 경기77바2290 3 38 234001203 124000365 9 
2020-12-14T08:28:41 0 0 경기77바2173 3 43 234001203 104000064 3 
2020-12-14T08:29:40 0 0 경기77바2050 4 46 234001203 277102817 14 
2020-12-14T08:29:40 0 0 경기77바2173 3 42 234001203 104000074 4 
2020-12-14T08:29:40 0 0 경기77바2290 3 37 234001203 124000364 10 
2020-12-14T08:30:40 0 0 경기77바2050 4 46 234001203 277103086 15 
2020-12-14T08:30:40 0 0 경기77바2290 3 37 234001203 124000363 11 
2020-12-14T08:30:40 0 0 경기77바2173 3 42 234001203 277102303 5 
2020-12-14T08:31:40 0 0 경기77바2050 4 46 234001203 277103086 15 
2020-12-14T08:31:40 0 0 경기77바2290 3 37 234001203 124000363 11 
2020-12-14T08:31:40 0 0 경기77바2173 3 42 234001203 277102304 6 
2020-12-14T08:32:40 0 0 경기77바2050 4 46 234001203 277103086 15 
2020-12-14T08:32:40 0 0 경기77바2173 3 42 234001203 277102304 6 
2020-12-14T08:32:40 0 0 경기77바2290 3 37 234001203 124000363 11 
2020-12-14T08:33:39 0 0 경기77바2050 4 46 234001203 277103262 16 
2020-12-14T08:33:39 0 0 경기77바2173 3 42 234001203 277102304 6 
2020-12-14T08:33:39 0 0 경기77바2290 3 37 234001203 124000370 12 
2020-12-14T08:34:39 0 0 경기77바2050 4 46 234001203 277103262 16 
2020-12-14T08:34:39 0 0 경기77바2173 3 40 234001203 124000366 8 
2020-12-14T08:34:39 0 0 경기77바2290 3 37 234001203 124000370 12 
2020-12-14T08:35:38 0 0 경기77바2050 4 46 234001203 277103262 16 
2020-12-14T08:35:38 0 0 경기77바2173 3 40 234001203 124000365 9 
2020-12-14T08:35:38 0 0 경기77바2290 3 37 234001203 124000370 12 
2020-12-14T08:36:38 0 0 경기77바2050 4 46 234001203 277103262 16 
2020-12-14T08:36:38 0 0 경기77바2173 3 40 234001203 124000365 9 
2020-12-14T08:36:38 0 0 경기77바2290 3 38 234001203 124000356 13 
2020-12-14T08:37:37 0 0 경기77바2050 4 46 234001203 277103262 16 
2020-12-14T08:37:37 0 0 경기77바2173 3 40 234001203 124000365 9 
2020-12-14T08:37:37 0 0 경기77바2290 3 35 234001203 124000356 13 
2020-12-14T08:38:37 0 0 경기77바2050 4 46 234001203 277103262 16 
2020-12-14T08:38:37 0 0 경기77바2290 3 35 234001203 124000356 13 
2020-12-14T08:38:37 0 0 경기77바2173 3 41 234001203 124000364 10 
2020-12-14T08:39:37 0 0 경기77바2050 4 46 234001203 277103262 16 
2020-12-14T08:39:37 0 0 경기77바2290 3 35 234001203 124000356 13 
2020-12-14T08:39:37 0 0 경기77바2173 3 41 234001203 124000363 11 
2020-12-14T08:40:36 0 0 경기77바2050 4 46 234001203 277103262 16 
2020-12-14T08:40:36 0 0 경기77바2173 3 41 234001203 124000363 11 
2020-12-14T08:40:36 0 0 경기77바2290 3 35 234001203 124000356 13 
2020-12-14T08:41:35 0 0 경기77바2050 4 46 234001203 277103262 16 
2020-12-14T08:41:35 0 0 경기77바2290 3 35 234001203 124000356 13 
2020-12-14T08:41:35 0 0 경기77바2173 3 41 234001203 124000363 11 
2020-12-14T08:41:35 0 0 경기77바2241 3 45 234001203 277101909 2 
2020-12-14T08:42:35 0 0 경기77바2050 4 46 234001203 277103262 16 
2020-12-14T08:42:35 0 0 경기77바2290 3 35 234001203 124000356 13 
2020-12-14T08:42:35 0 0 경기77바2173 3 41 234001203 124000363 11 
2020-12-14T08:42:35 0 0 경기77바2241 3 45 234001203 104000064 3 
2020-12-14T08:43:34 0 0 경기77바2050 4 46 234001203 277103262 16 
2020-12-14T08:43:34 0 0 경기77바2241 3 45 234001203 104000064 3 
2020-12-14T08:43:34 0 0 경기77바2290 3 35 234001203 124000356 13 
2020-12-14T08:43:34 0 0 경기77바2173 3 41 234001203 124000370 12 
2020-12-14T08:44:34 0 0 경기77바2050 4 46 234001203 277103605 17 
2020-12-14T08:44:34 0 0 경기77바2241 3 45 234001203 104000064 3 
2020-12-14T08:44:34 0 0 경기77바2290 3 35 234001203 124000356 13 
2020-12-14T08:44:34 0 0 경기77바2173 3 41 234001203 124000370 12 
2020-12-14T08:45:33 0 0 경기77바2050 4 47 234001203 277103605 17 
2020-12-14T08:45:33 0 0 경기77바2290 3 35 234001203 124000356 13 
2020-12-14T08:45:33 0 0 경기77바2241 3 45 234001203 104000064 3 
2020-12-14T08:45:33 0 0 경기77바2173 3 41 234001203 124000370 12 
2020-12-14T08:46:32 0 0 경기77바2050 4 49 234001203 277103605 17 
2020-12-14T08:46:32 0 0 경기77바2290 3 35 234001203 124000356 13 
2020-12-14T08:46:32 0 0 경기77바2241 3 45 234001203 104000074 4 
2020-12-14T08:46:32 0 0 경기77바2173 3 40 234001203 124000356 13 
2020-12-14T08:47:31 0 0 경기77바2050 4 49 234001203 234000359 18 
2020-12-14T08:47:31 0 0 경기77바2290 3 35 234001203 277103086 15 
2020-12-14T08:47:31 0 0 경기77바2173 3 40 234001203 124000356 13 
2020-12-14T08:47:31 0 0 경기77바2241 3 45 234001203 277102303 5 
2020-12-14T08:48:32 0 0 경기77바2050 4 51 234001203 234000358 19 
2020-12-14T08:48:32 0 0 경기77바2290 3 35 234001203 277103086 15 
2020-12-14T08:48:32 0 0 경기77바2173 3 40 234001203 124000356 13 
2020-12-14T08:48:32 0 0 경기77바2241 3 45 234001203 277102304 6 
2020-12-14T08:49:30 0 0 경기77바2050 4 51 234001203 234000358 19 
2020-12-14T08:49:30 0 0 경기77바2241 3 45 234001203 277102304 6 
2020-12-14T08:49:30 0 0 경기77바2173 3 40 234001203 124000356 13 
2020-12-14T08:49:30 0 0 경기77바2290 3 35 234001203 277103086 15 
2020-12-14T08:50:30 0 0 경기77바2050 4 51 234001203 234000358 19 
2020-12-14T08:50:30 0 0 경기77바2173 3 40 234001203 124000356 13 
2020-12-14T08:50:30 0 0 경기77바2290 3 35 234001203 277103262 16 
2020-12-14T08:50:30 0 0 경기77바2241 3 45 234001203 277102304 6 
2020-12-14T08:51:29 0 0 경기77바2050 4 52 234001203 234001005 20 
2020-12-14T08:51:29 0 0 경기77바2290 3 35 234001203 277103262 16 
2020-12-14T08:51:29 0 0 경기77바2173 3 40 234001203 124000356 13 
2020-12-14T08:51:29 0 0 경기77바2241 3 43 234001203 124000454 7 
2020-12-14T08:52:29 0 0 경기77바2050 4 57 234001203 234000357 21 
2020-12-14T08:52:29 0 0 경기77바2173 3 40 234001203 124000356 13 
2020-12-14T08:52:29 0 0 경기77바2241 3 43 234001203 124000366 8 
2020-12-14T08:52:29 0 0 경기77바2290 3 35 234001203 277103262 16 
2020-12-14T08:53:28 0 0 경기77바2050 4 57 234001203 234000356 22 
2020-12-14T08:53:28 0 0 경기77바2173 3 40 234001203 124000356 13 
2020-12-14T08:53:28 0 0 경기77바2290 3 35 234001203 277103262 16 
2020-12-14T08:53:28 0 0 경기77바2241 3 42 234001203 124000366 8 
2020-12-14T08:54:27 0 0 경기77바2050 4 59 234001203 234000355 23 
2020-12-14T08:54:27 0 0 경기77바2173 3 40 234001203 124000356 13 
2020-12-14T08:54:27 0 0 경기77바2290 3 35 234001203 277103262 16 
2020-12-14T08:54:27 0 0 경기77바2241 3 42 234001203 124000365 9 
2020-12-14T08:55:27 0 0 경기77바2050 4 60 234001203 234000355 23 
2020-12-14T08:55:27 0 0 경기77바2290 3 35 234001203 277103262 16 
2020-12-14T08:55:27 0 0 경기77바2241 3 42 234001203 124000365 9 
2020-12-14T08:55:27 0 0 경기77바2173 3 40 234001203 277102817 14 
2020-12-14T08:56:26 0 0 경기77바2050 4 61 234001203 234001061 24 
2020-12-14T08:56:26 0 0 경기77바2262 3 45 234001203 104000064 3 
2020-12-14T08:56:26 0 0 경기77바2290 3 35 234001203 277103262 16 
2020-12-14T08:56:26 0 0 경기77바2241 3 42 234001203 124000365 9 
2020-12-14T08:56:26 0 0 경기77바2173 3 40 234001203 277103086 15 
2020-12-14T08:57:25 0 0 경기77바2050 4 61 234001203 234001061 24 
2020-12-14T08:57:25 0 0 경기77바2262 3 45 234001203 104000064 3 
2020-12-14T08:57:25 0 0 경기77바2290 3 35 234001203 277103262 16 
2020-12-14T08:57:25 0 0 경기77바2173 3 40 234001203 277103086 15 
2020-12-14T08:57:25 0 0 경기77바2241 3 42 234001203 124000364 10 
2020-12-14T08:58:25 0 0 경기77바2262 3 45 234001203 104000064 3 
2020-12-14T08:58:25 0 0 경기77바2050 4 62 234001203 234000353 26 
2020-12-14T08:58:25 0 0 경기77바2241 3 42 234001203 124000364 10 
2020-12-14T08:58:25 0 0 경기77바2290 3 35 234001203 277103605 17 
2020-12-14T08:58:25 0 0 경기77바2173 3 40 234001203 277103086 15 
2020-12-14T08:59:25 0 0 경기77바2262 3 45 234001203 104000064 3 
2020-12-14T08:59:25 0 0 경기77바2050 4 62 234001203 234000353 26 
2020-12-14T08:59:25 0 0 경기77바2241 3 42 234001203 124000363 11 
2020-12-14T08:59:25 0 0 경기77바2290 3 35 234001203 234000358 19 
2020-12-14T08:59:25 0 0 경기77바2173 3 40 234001203 277103262 16 
2020-12-14T09:00:24 0 0 경기77바2050 4 62 234001203 234000352 27 
2020-12-14T09:00:24 0 0 경기77바2262 3 45 234001203 104000074 4 
2020-12-14T09:00:24 0 0 경기77바2173 3 40 234001203 277103262 16 
2020-12-14T09:00:24 0 0 경기77바2290 3 36 234001203 234000358 19 
2020-12-14T09:00:24 0 0 경기77바2241 3 42 234001203 124000363 11 
2020-12-14T09:01:24 0 0 경기77바2050 4 63 234001203 234000351 28 
2020-12-14T09:01:24 0 0 경기77바2262 3 45 234001203 277102303 5 
2020-12-14T09:01:24 0 0 경기77바2173 3 40 234001203 277103262 16 
2020-12-14T09:01:24 0 0 경기77바2290 3 36 234001203 234000358 19 
2020-12-14T09:01:24 0 0 경기77바2241 3 42 234001203 124000363 11 
2020-12-14T09:02:23 0 0 경기77바2050 4 63 234001203 234000350 29 
2020-12-14T09:02:23 0 0 경기77바2262 3 45 234001203 277102303 5 
2020-12-14T09:02:23 0 0 경기77바2173 3 40 234001203 277103262 16 
2020-12-14T09:02:23 0 0 경기77바2241 3 42 234001203 124000370 12 
2020-12-14T09:02:23 0 0 경기77바2290 3 36 234001203 234001005 20 
2020-12-14T09:03:22 0 0 경기77바2050 4 63 234001203 234000350 29 
2020-12-14T09:03:22 0 0 경기77바2262 3 45 234001203 277102304 6 
2020-12-14T09:03:22 0 0 경기77바2173 3 40 234001203 277103262 16 
2020-12-14T09:03:22 0 0 경기77바3446 3 45 234001203 277101909 2 
2020-12-14T09:03:22 0 0 경기77바2241 3 41 234001203 124000356 13 
2020-12-14T09:03:22 0 0 경기77바2290 3 36 234001203 234000356 22 
2020-12-14T09:04:21 0 0 경기77바2050 4 63 234001203 234000350 29 
2020-12-14T09:04:21 0 0 경기77바2262 3 45 234001203 277102304 6 
2020-12-14T09:04:21 0 0 경기77바2173 3 40 234001203 277103262 16 
2020-12-14T09:04:21 0 0 경기77바2241 3 41 234001203 124000356 13 
2020-12-14T09:04:21 0 0 경기77바3446 3 45 234001203 104000064 3 
2020-12-14T09:04:21 0 0 경기77바2290 3 36 234001203 234000355 23 
2020-12-14T09:05:21 0 0 경기77바2050 4 63 234001203 234000350 29 
2020-12-14T09:05:21 0 0 경기77바2262 3 44 234001203 124000454 7 
2020-12-14T09:05:21 0 0 경기77바2173 3 40 234001203 277103262 16 
2020-12-14T09:05:21 0 0 경기77바2241 3 41 234001203 124000356 13 
2020-12-14T09:05:21 0 0 경기77바2290 3 36 234001203 234001061 24 
2020-12-14T09:05:21 0 0 경기77바3446 3 45 234001203 104000064 3 
2020-12-14T09:06:20 0 0 경기77바2262 3 44 234001203 124000366 8 
2020-12-14T09:06:20 0 0 경기77바2050 4 63 234001203 234000350 29 
2020-12-14T09:06:20 0 0 경기77바2173 3 40 234001203 277103262 16 
2020-12-14T09:06:20 0 0 경기77바3446 3 45 234001203 104000064 3 
2020-12-14T09:06:20 0 0 경기77바2241 3 41 234001203 124000356 13 
2020-12-14T09:06:20 0 0 경기77바2290 3 37 234001203 234000353 26 
2020-12-14T09:07:20 0 0 경기77바2262 3 44 234001203 124000365 9 
2020-12-14T09:07:20 0 0 경기77바2173 3 40 234001203 277103262 16 
2020-12-14T09:07:20 0 0 경기77바2290 3 37 234001203 234000353 26 
2020-12-14T09:07:20 0 0 경기77바2241 3 41 234001203 124000356 13 
2020-12-14T09:07:20 0 0 경기77바3446 3 45 234001203 104000064 3 
2020-12-14T09:08:19 0 0 경기77바2262 3 44 234001203 124000365 9 
2020-12-14T09:08:19 0 0 경기77바2173 3 40 234001203 277103262 16 
2020-12-14T09:08:19 0 0 경기77바2241 3 41 234001203 124000356 13 
2020-12-14T09:08:19 0 0 경기77바3446 3 45 234001203 104000064 3 
2020-12-14T09:08:19 0 0 경기77바2290 3 37 234001203 234000352 27 
2020-12-14T09:09:18 0 0 경기77바2262 3 44 234001203 124000365 9 
2020-12-14T09:09:18 0 0 경기77바3446 3 45 234001203 104000074 4 
2020-12-14T09:09:18 0 0 경기77바2173 3 40 234001203 277103262 16 
2020-12-14T09:09:18 0 0 경기77바2290 3 37 234001203 234000351 28 
2020-12-14T09:09:18 0 0 경기77바2241 3 41 234001203 124000356 13 
2020-12-14T09:10:18 0 0 경기77바2262 3 44 234001203 124000364 10 
2020-12-14T09:10:18 0 0 경기77바2241 3 41 234001203 124000356 13 
2020-12-14T09:10:18 0 0 경기77바3446 3 45 234001203 277102303 5 
2020-12-14T09:10:18 0 0 경기77바2173 3 40 234001203 234000359 18 
2020-12-14T09:10:18 0 0 경기77바2290 3 38 234001203 234000350 29 
2020-12-14T09:11:17 0 0 경기77바2262 3 44 234001203 124000363 11 
2020-12-14T09:11:17 0 0 경기77바2241 3 41 234001203 124000356 13 
2020-12-14T09:11:17 0 0 경기77바2173 3 41 234001203 234000358 19 
2020-12-14T09:11:17 0 0 경기77바2290 3 38 234001203 234000350 29 
2020-12-14T09:11:17 0 0 경기77바3446 3 45 234001203 277102303 5 
2020-12-14T09:12:16 0 0 경기77바2262 3 44 234001203 124000363 11 
2020-12-14T09:12:16 0 0 경기77바2241 3 41 234001203 124000356 13 
2020-12-14T09:12:16 0 0 경기77바2290 3 38 234001203 234000350 29 
2020-12-14T09:12:16 0 0 경기77바2173 3 41 234001203 234000358 19 
2020-12-14T09:12:16 0 0 경기77바3446 3 45 234001203 277102304 6 
2020-12-14T09:13:16 0 0 경기77바2262 3 44 234001203 124000363 11 
2020-12-14T09:13:16 0 0 경기77바2241 3 41 234001203 124000356 13 
2020-12-14T09:13:16 0 0 경기77바2290 3 38 234001203 234000350 29 
2020-12-14T09:13:16 0 0 경기77바3446 3 45 234001203 277102304 6 
2020-12-14T09:13:16 0 0 경기77바2173 3 41 234001203 234000357 21 
2020-12-14T09:14:15 0 0 경기77바2262 3 44 234001203 124000370 12 
2020-12-14T09:14:15 0 0 경기77바2241 3 41 234001203 124000356 13 
2020-12-14T09:14:15 0 0 경기77바2173 3 41 234001203 234000356 22 
2020-12-14T09:14:15 0 0 경기77바3446 3 41 234001203 124000454 7 
2020-12-14T09:14:15 0 0 경기77바2290 3 38 234001203 234000350 29 
2020-12-14T09:15:14 0 0 경기77바2262 3 44 234001203 124000370 12 
2020-12-14T09:15:14 0 0 경기77바2241 3 41 234001203 277103086 15 
2020-12-14T09:15:14 0 0 경기77바3446 3 41 234001203 124000454 7 
2020-12-14T09:15:14 0 0 경기77바2173 3 41 234001203 234001061 24 
2020-12-14T09:16:14 0 0 경기77바2262 3 44 234001203 124000356 13 
2020-12-14T09:16:14 0 0 경기77바2241 3 41 234001203 277103086 15 
2020-12-14T09:16:14 0 0 경기77바3446 3 41 234001203 124000366 8 
2020-12-14T09:16:14 0 0 경기77바2173 3 41 234001203 234001061 24 
2020-12-14T09:17:13 0 0 경기77바2262 3 44 234001203 124000356 13 
2020-12-14T09:17:13 0 0 경기77바3446 3 40 234001203 124000365 9 
2020-12-14T09:17:13 0 0 경기77바2173 3 42 234001203 234000354 25 
2020-12-14T09:17:13 0 0 경기77바2241 3 41 234001203 277103086 15 
2020-12-14T09:18:13 0 0 경기77바2262 3 44 234001203 124000356 13 
2020-12-14T09:18:13 0 0 경기77바3446 3 40 234001203 124000365 9 
2020-12-14T09:18:13 0 0 경기77바2173 3 42 234001203 234000353 26 
2020-12-14T09:18:13 0 0 경기77바2241 3 41 234001203 277103262 16 
2020-12-14T09:19:12 0 0 경기77바2262 3 44 234001203 124000356 13 
2020-12-14T09:19:12 0 0 경기77바2241 3 41 234001203 277103262 16 
2020-12-14T09:19:12 0 0 경기77바2173 3 42 234001203 234000352 27 
2020-12-14T09:19:12 0 0 경기77바3446 3 40 234001203 124000365 9 
2020-12-14T09:20:12 0 0 경기77바2262 3 44 234001203 124000356 13 
2020-12-14T09:20:12 0 0 경기77바2241 3 41 234001203 277103262 16 
2020-12-14T09:20:12 0 0 경기77바3446 3 40 234001203 124000364 10 
2020-12-14T09:20:12 0 0 경기77바2173 3 42 234001203 234000351 28 
2020-12-14T09:21:11 0 0 경기77바2262 3 44 234001203 124000356 13 
2020-12-14T09:21:11 0 0 경기77바2241 3 41 234001203 277103262 16 
2020-12-14T09:21:11 0 0 경기77바2173 3 42 234001203 234000350 29 
2020-12-14T09:21:11 0 0 경기77바3446 3 40 234001203 124000363 11 
2020-12-14T09:22:11 0 0 경기77바2262 3 44 234001203 124000356 13 
2020-12-14T09:22:11 0 0 경기77바2241 3 41 234001203 277103262 16 
2020-12-14T09:22:11 0 0 경기77바2173 3 42 234001203 234000350 29 
2020-12-14T09:22:11 0 0 경기77바3446 3 40 234001203 124000363 11 
2020-12-14T09:23:11 0 0 경기77바2262 3 44 234001203 124000356 13 
2020-12-14T09:23:11 0 0 경기77바2241 3 41 234001203 277103262 16 
2020-12-14T09:23:11 0 0 경기77바3446 3 40 234001203 124000363 11 
2020-12-14T09:24:10 0 0 경기77바2262 3 44 234001203 124000356 13 
2020-12-14T09:24:10 0 0 경기77바2241 3 41 234001203 277103262 16 
2020-12-14T09:24:10 0 0 경기77바3446 3 40 234001203 124000370 12 
2020-12-14T09:25:08 0 0 경기77바2262 3 44 234001203 124000356 13 
2020-12-14T09:25:08 0 0 경기77바2241 3 41 234001203 277103262 16 
2020-12-14T09:25:08 0 0 경기77바3446 3 40 234001203 124000370 12 
2020-12-14T09:26:09 0 0 경기77바2262 3 44 234001203 124000356 13 
2020-12-14T09:26:09 0 0 경기77바3446 3 40 234001203 124000356 13 
2020-12-14T09:26:09 0 0 경기77바2241 3 41 234001203 277103262 16 
2020-12-14T09:27:08 0 0 경기77바2262 3 44 234001203 124000356 13 
2020-12-14T09:27:08 0 0 경기77바3446 3 37 234001203 124000356 13 
2020-12-14T09:27:08 0 0 경기77바2241 3 41 234001203 277103605 17 
2020-12-14T09:28:08 0 0 경기77바2262 3 44 234001203 277103086 15 
2020-12-14T09:28:08 0 0 경기77바2241 3 41 234001203 277103605 17 
2020-12-14T09:28:08 0 0 경기77바3446 3 37 234001203 124000356 13 
2020-12-14T09:29:07 0 0 경기77바2262 3 44 234001203 277103086 15 
2020-12-14T09:29:07 0 0 경기77바2241 3 41 234001203 234000358 19 
2020-12-14T09:29:07 0 0 경기77바3446 3 37 234001203 124000356 13 
2020-12-14T09:30:07 0 0 경기77바2262 3 44 234001203 277103086 15 
2020-12-14T09:30:07 0 0 경기77바3446 3 37 234001203 124000356 13 
2020-12-14T09:30:07 0 0 경기77바2241 3 43 234001203 234000358 19 
2020-12-14T09:31:06 0 0 경기77바2262 3 44 234001203 277103086 15 
2020-12-14T09:31:06 0 0 경기77바2241 3 43 234001203 234000357 21 
2020-12-14T09:31:06 0 0 경기77바3446 3 37 234001203 124000356 13 
2020-12-14T09:32:06 0 0 경기77바2262 3 44 234001203 277103262 16 
2020-12-14T09:32:06 0 0 경기77바3446 3 37 234001203 124000356 13 
2020-12-14T09:32:06 0 0 경기77바2241 3 43 234001203 234000356 22 
2020-12-14T09:33:05 0 0 경기77바2262 3 44 234001203 277103262 16 
2020-12-14T09:33:05 0 0 경기77바3446 3 37 234001203 124000356 13 
2020-12-14T09:33:05 0 0 경기77바2241 3 43 234001203 234000355 23 
2020-12-14T09:34:04 0 0 경기77바2262 3 44 234001203 277103262 16 
2020-12-14T09:34:04 0 0 경기77바3446 3 37 234001203 124000356 13 
2020-12-14T09:34:04 0 0 경기77바2241 3 43 234001203 234001061 24 
2020-12-14T09:35:03 0 0 경기77바2262 3 44 234001203 277103262 16 
2020-12-14T09:35:03 0 0 경기77바3446 3 37 234001203 277102817 14 
2020-12-14T09:35:03 0 0 경기77바2241 3 43 234001203 234000354 25 
2020-12-14T09:36:03 0 0 경기77바2262 3 44 234001203 277103262 16 
2020-12-14T09:36:03 0 0 경기77바3446 3 37 234001203 277103086 15 
2020-12-14T09:36:03 0 0 경기77바2241 3 43 234001203 234000352 27 
2020-12-14T09:37:03 0 0 경기77바2262 3 44 234001203 277103262 16 
2020-12-14T09:37:03 0 0 경기77바3446 3 37 234001203 277103086 15 
2020-12-14T09:37:03 0 0 경기77바2241 3 43 234001203 234000351 28 
2020-12-14T09:38:02 0 0 경기77바2262 3 44 234001203 277103262 16 
2020-12-14T09:38:02 0 0 경기77바2241 3 43 234001203 234000350 29 
2020-12-14T09:38:02 0 0 경기77바3446 3 37 234001203 277103086 15 
2020-12-14T09:39:01 0 0 경기77바2262 3 44 234001203 277103262 16 
2020-12-14T09:39:01 0 0 경기77바3446 3 37 234001203 277103262 16 
2020-12-14T09:40:01 0 0 경기77바2262 3 44 234001203 277103262 16 
2020-12-14T09:40:01 0 0 경기77바3446 3 37 234001203 277103262 16 
2020-12-14T09:41:00 0 0 경기77바2262 3 44 234001203 277103262 16 
2020-12-14T09:41:00 0 0 경기77바3446 3 37 234001203 277103262 16 
2020-12-14T09:41:59 0 0 경기77바2262 3 44 234001203 277103605 17 
2020-12-14T09:41:59 0 0 경기77바3446 3 37 234001203 277103262 16 
2020-12-14T09:43:00 0 0 경기77바2262 3 44 234001203 277103605 17 
2020-12-14T09:43:00 0 0 경기77바3446 3 37 234001203 277103262 16 
2020-12-14T09:43:59 0 0 경기77바2262 3 45 234001203 234000358 19 
2020-12-14T09:43:59 0 0 경기77바3446 3 37 234001203 277103262 16 
2020-12-14T09:44:58 0 0 경기77바2262 3 45 234001203 234001005 20 
2020-12-14T09:44:58 0 0 경기77바3446 3 37 234001203 277103262 16 
2020-12-14T09:45:57 0 0 경기77바2262 3 44 234001203 234000357 21 
2020-12-14T09:45:57 0 0 경기77바3446 3 37 234001203 277103262 16 
2020-12-14T09:46:57 0 0 경기77바2262 3 44 234001203 234000356 22 
2020-12-14T09:46:57 0 0 경기77바3446 3 37 234001203 277103262 16 
2020-12-14T09:47:56 0 0 경기77바2262 3 44 234001203 234000355 23 
2020-12-14T09:47:56 0 0 경기77바3446 3 37 234001203 277103262 16 
2020-12-14T09:48:56 0 0 경기77바2262 3 44 234001203 234000355 23 
2020-12-14T09:48:56 0 0 경기77바3446 3 37 234001203 277103605 17 
2020-12-14T09:49:55 0 0 경기77바2262 3 44 234001203 234001061 24 
2020-12-14T09:49:55 0 0 경기77바3446 3 37 234001203 234000358 19 
2020-12-14T09:50:54 0 0 경기77바2262 3 44 234001203 234000353 26 
2020-12-14T09:50:54 0 0 경기77바3446 3 37 234001203 234000358 19 
2020-12-14T09:51:54 0 0 경기77바2262 3 45 234001203 234000352 27 
2020-12-14T09:51:54 0 0 경기77바3446 3 37 234001203 234000358 19 
2020-12-14T09:52:53 0 0 경기77바2262 3 45 234001203 234000352 27 
2020-12-14T09:52:53 0 0 경기77바3446 3 38 234001203 234000357 21 
2020-12-14T09:53:53 0 0 경기77바2262 3 45 234001203 234000351 28 
2020-12-14T09:53:53 0 0 경기77바3446 3 38 234001203 234000356 22 
2020-12-14T09:54:51 0 0 경기77바2262 3 45 234001203 234000350 29 
2020-12-14T09:54:51 0 0 경기77바3446 3 38 234001203 234000356 22 
2020-12-14T09:55:52 0 0 경기77바3446 3 38 234001203 234000355 23 
2020-12-14T09:56:51 0 0 경기77바3446 3 38 234001203 234001061 24 
2020-12-14T09:57:50 0 0 경기77바3446 3 38 234001203 234001061 24 
2020-12-14T09:58:50 0 0 경기77바3446 3 38 234001203 234000354 25 
2020-12-14T09:59:49 0 0 경기77바3446 3 38 234001203 234000353 26 
2020-12-14T10:00:49 0 0 경기77바3446 3 38 234001203 234000352 27 
2020-12-14T10:01:48 0 0 경기77바3446 3 38 234001203 234000351 28 
2020-12-14T10:02:48 0 0 경기77바3446 3 38 234001203 234000350 29 
2020-12-14T10:03:47 0 0 경기77바3446 3 38 234001203 234000350 29 
