234001203 2020-12-14T10:04:47.197226+09:00
2020-12-15T07:51:15 0 0 경기77바2049 4 64 234001203 104000064 3 
2020-12-15T07:52:15 0 0 경기77바2049 4 64 234001203 104000064 3 
2020-12-15T07:53:14 0 0 경기77바2049 4 64 234001203 104000064 3 
2020-12-15T07:54:14 0 0 경기77바2049 4 64 234001203 104000064 3 
2020-12-15T07:55:18 0 0 경기77바2049 4 63 234001203 104000074 4 
2020-12-15T07:56:20 0 0 경기77바2049 4 63 234001203 104000074 4 
2020-12-15T07:57:18 0 0 경기77바2049 4 63 234001203 277102303 5 
2020-12-15T07:58:18 0 0 경기77바2049 4 63 234001203 277102304 6 
2020-12-15T07:59:18 0 0 경기77바2049 4 63 234001203 277102304 6 
2020-12-15T08:00:17 0 0 경기77바2049 4 63 234001203 277102304 6 
2020-12-15T08:01:18 0 0 경기77바2049 4 53 234001203 124000454 7 
2020-12-15T08:02:17 0 0 경기77바2049 4 53 234001203 124000366 8 
2020-12-15T08:03:20 0 0 경기77바2049 4 52 234001203 124000365 9 
2020-12-15T08:04:15 0 0 경기77바2049 4 51 234001203 124000365 9 
2020-12-15T08:05:14 0 0 경기77바2049 4 51 234001203 124000365 9 
2020-12-15T08:06:14 0 0 경기77바2049 4 51 234001203 124000365 9 
2020-12-15T08:07:13 0 0 경기77바2049 4 50 234001203 124000364 10 
2020-12-15T08:08:09 0 0 경기77바2049 4 50 234001203 124000363 11 
2020-12-15T08:09:09 0 0 경기77바2126 3 39 234001203 277101909 2 
2020-12-15T08:09:09 0 0 경기77바2049 4 50 234001203 124000363 11 
2020-12-15T08:10:07 0 0 경기77바2126 3 39 234001203 104000064 3 
2020-12-15T08:10:07 0 0 경기77바2049 4 50 234001203 124000363 11 
2020-12-15T08:11:06 0 0 경기77바2126 3 38 234001203 104000064 3 
2020-12-15T08:11:06 0 0 경기77바2049 4 50 234001203 124000363 11 
2020-12-15T08:12:05 0 0 경기77바2126 3 38 234001203 104000064 3 
2020-12-15T08:12:05 0 0 경기77바2049 4 50 234001203 124000370 12 
2020-12-15T08:13:05 0 0 경기77바2126 3 38 234001203 104000074 4 
2020-12-15T08:13:05 0 0 경기77바2049 4 51 234001203 124000356 13 
2020-12-15T08:14:04 0 0 경기77바2126 3 38 234001203 104000074 4 
2020-12-15T08:14:04 0 0 경기77바2049 4 46 234001203 124000356 13 
2020-12-15T08:15:03 0 0 경기77바2126 3 38 234001203 277102303 5 
2020-12-15T08:15:03 0 0 경기77바2049 4 46 234001203 124000356 13 
2020-12-15T08:16:03 0 0 경기77바2126 3 38 234001203 277102303 5 
2020-12-15T08:16:03 0 0 경기77바2049 4 46 234001203 124000356 13 
2020-12-15T08:17:02 0 0 경기77바2126 3 38 234001203 277102304 6 
2020-12-15T08:17:02 0 0 경기77바2049 4 46 234001203 124000356 13 
2020-12-15T08:18:01 0 0 경기77바2126 3 38 234001203 277102304 6 
2020-12-15T08:18:01 0 0 경기77바2049 4 46 234001203 124000356 13 
2020-12-15T08:19:01 0 0 경기77바2126 3 38 234001203 277102304 6 
2020-12-15T08:19:01 0 0 경기77바2049 4 46 234001203 124000356 13 
2020-12-15T08:20:00 0 0 경기77바2126 3 36 234001203 124000454 7 
2020-12-15T08:20:00 0 0 경기77바2049 4 46 234001203 124000356 13 
2020-12-15T08:20:59 0 0 경기77바2126 3 36 234001203 124000454 7 
2020-12-15T08:20:59 0 0 경기77바2049 4 46 234001203 124000356 13 
2020-12-15T08:21:58 0 0 경기77바2126 3 36 234001203 124000366 8 
2020-12-15T08:21:58 0 0 경기77바2049 4 46 234001203 124000356 13 
2020-12-15T08:22:58 0 0 경기77바2126 3 34 234001203 124000365 9 
2020-12-15T08:22:58 0 0 경기77바2049 4 46 234001203 124000356 13 
2020-12-15T08:22:58 0 0 경기77바2045 3 37 234001203 277101909 2 
2020-12-15T08:23:57 0 0 경기77바2126 3 34 234001203 124000365 9 
2020-12-15T08:23:57 0 0 경기77바2049 4 46 234001203 124000356 13 
2020-12-15T08:23:57 0 0 경기77바2045 3 37 234001203 104000064 3 
2020-12-15T08:24:56 0 0 경기77바2126 3 34 234001203 124000365 9 
2020-12-15T08:24:56 0 0 경기77바2049 4 46 234001203 277102817 14 
2020-12-15T08:24:56 0 0 경기77바2045 3 37 234001203 104000074 4 
2020-12-15T08:25:56 0 0 경기77바2126 3 34 234001203 124000364 10 
2020-12-15T08:25:56 0 0 경기77바2045 3 37 234001203 104000074 4 
2020-12-15T08:25:56 0 0 경기77바2049 4 46 234001203 277103086 15 
2020-12-15T08:26:56 0 0 경기77바2126 3 34 234001203 124000363 11 
2020-12-15T08:26:56 0 0 경기77바2049 4 46 234001203 277103086 15 
2020-12-15T08:26:56 0 0 경기77바2045 3 37 234001203 104000074 4 
2020-12-15T08:27:56 0 0 경기77바2126 3 34 234001203 124000363 11 
2020-12-15T08:27:56 0 0 경기77바2045 3 37 234001203 277102303 5 
2020-12-15T08:27:56 0 0 경기77바2049 4 46 234001203 277103086 15 
2020-12-15T08:28:55 0 0 경기77바2126 3 34 234001203 124000363 11 
2020-12-15T08:28:55 0 0 경기77바2045 3 37 234001203 277102303 5 
2020-12-15T08:28:55 0 0 경기77바2049 4 46 234001203 277103262 16 
2020-12-15T08:29:54 0 0 경기77바2126 3 34 234001203 124000370 12 
2020-12-15T08:29:54 0 0 경기77바2049 4 46 234001203 277103262 16 
2020-12-15T08:29:54 0 0 경기77바2045 3 37 234001203 277102304 6 
2020-12-15T08:30:53 0 0 경기77바2126 3 34 234001203 124000370 12 
2020-12-15T08:30:53 0 0 경기77바2049 4 46 234001203 277103262 16 
2020-12-15T08:30:53 0 0 경기77바2045 3 37 234001203 277102304 6 
2020-12-15T08:31:53 0 0 경기77바2126 3 34 234001203 124000370 12 
2020-12-15T08:31:53 0 0 경기77바2049 4 46 234001203 277103262 16 
2020-12-15T08:31:53 0 0 경기77바2045 3 37 234001203 277102304 6 
2020-12-15T08:32:52 0 0 경기77바2126 3 34 234001203 124000356 13 
2020-12-15T08:32:52 0 0 경기77바2049 4 46 234001203 277103262 16 
2020-12-15T08:32:52 0 0 경기77바2045 3 36 234001203 124000454 7 
2020-12-15T08:33:51 0 0 경기77바2126 3 27 234001203 124000356 13 
2020-12-15T08:33:51 0 0 경기77바2049 4 46 234001203 277103262 16 
2020-12-15T08:33:51 0 0 경기77바2045 3 36 234001203 124000366 8 
2020-12-15T08:34:51 0 0 경기77바2126 3 27 234001203 124000356 13 
2020-12-15T08:34:51 0 0 경기77바2049 4 46 234001203 277103262 16 
2020-12-15T08:34:51 0 0 경기77바2045 3 35 234001203 124000366 8 
2020-12-15T08:35:49 0 0 경기77바2126 3 27 234001203 124000356 13 
2020-12-15T08:35:49 0 0 경기77바2049 4 46 234001203 277103262 16 
2020-12-15T08:35:49 0 0 경기77바2045 3 37 234001203 124000365 9 
2020-12-15T08:36:49 0 0 경기77바2126 3 27 234001203 124000356 13 
2020-12-15T08:36:49 0 0 경기77바2049 4 46 234001203 277103262 16 
2020-12-15T08:36:49 0 0 경기77바2045 3 37 234001203 124000365 9 
2020-12-15T08:37:48 0 0 경기77바2126 3 27 234001203 124000356 13 
2020-12-15T08:37:48 0 0 경기77바2049 4 46 234001203 277103262 16 
2020-12-15T08:37:48 0 0 경기77바2045 3 37 234001203 124000365 9 
2020-12-15T08:38:48 0 0 경기77바2126 3 27 234001203 124000356 13 
2020-12-15T08:38:48 0 0 경기77바2045 3 37 234001203 124000364 10 
2020-12-15T08:38:48 0 0 경기77바2049 4 46 234001203 277103262 16 
2020-12-15T08:39:48 0 0 경기77바2126 3 27 234001203 124000356 13 
2020-12-15T08:39:48 0 0 경기77바2049 4 47 234001203 277103605 17 
2020-12-15T08:39:48 0 0 경기77바2045 3 37 234001203 124000363 11 
2020-12-15T08:40:48 0 0 경기77바2126 3 27 234001203 124000356 13 
2020-12-15T08:40:48 0 0 경기77바2045 3 37 234001203 124000363 11 
2020-12-15T08:40:48 0 0 경기77바2049 4 47 234001203 277103605 17 
2020-12-15T08:41:47 0 0 경기77바2126 3 27 234001203 124000356 13 
2020-12-15T08:41:47 0 0 경기77바2049 4 47 234001203 277103605 17 
2020-12-15T08:41:47 0 0 경기77바2045 3 37 234001203 124000363 11 
2020-12-15T08:42:46 0 0 경기77바2126 3 27 234001203 124000356 13 
2020-12-15T08:42:46 0 0 경기77바2045 3 37 234001203 124000370 12 
2020-12-15T08:42:46 0 0 경기77바2049 4 51 234001203 234000359 18 
2020-12-15T08:43:46 0 0 경기77바2126 3 27 234001203 124000356 13 
2020-12-15T08:43:46 0 0 경기77바2049 4 52 234001203 234000359 18 
2020-12-15T08:43:46 0 0 경기77바2045 3 37 234001203 124000370 12 
2020-12-15T08:44:46 0 0 경기77바2212 3 39 234001203 277101909 2 
2020-12-15T08:44:46 0 0 경기77바2126 3 27 234001203 277103086 15 
2020-12-15T08:44:46 0 0 경기77바2045 3 37 234001203 124000370 12 
2020-12-15T08:44:46 0 0 경기77바2049 4 52 234001203 234000358 19 
2020-12-15T08:45:46 0 0 경기77바2126 3 27 234001203 277103086 15 
2020-12-15T08:45:46 0 0 경기77바2212 3 39 234001203 104000064 3 
2020-12-15T08:45:46 0 0 경기77바2049 4 52 234001203 234000358 19 
2020-12-15T08:45:46 0 0 경기77바2045 3 36 234001203 124000356 13 
2020-12-15T08:46:45 0 0 경기77바2212 3 39 234001203 104000064 3 
2020-12-15T08:46:45 0 0 경기77바2126 3 27 234001203 277103086 15 
2020-12-15T08:46:45 0 0 경기77바2049 4 52 234001203 234000358 19 
2020-12-15T08:46:45 0 0 경기77바2045 3 36 234001203 124000356 13 
2020-12-15T08:47:45 0 0 경기77바2126 3 27 234001203 277103262 16 
2020-12-15T08:47:45 0 0 경기77바2212 3 39 234001203 104000064 3 
2020-12-15T08:47:45 0 0 경기77바2045 3 36 234001203 124000356 13 
2020-12-15T08:47:45 0 0 경기77바2049 4 57 234001203 234001005 20 
2020-12-15T08:48:44 0 0 경기77바2126 3 27 234001203 277103262 16 
2020-12-15T08:48:44 0 0 경기77바2212 3 39 234001203 104000074 4 
2020-12-15T08:48:44 0 0 경기77바2049 4 59 234001203 234000357 21 
2020-12-15T08:48:44 0 0 경기77바2045 3 36 234001203 124000356 13 
2020-12-15T08:49:44 0 0 경기77바2126 3 27 234001203 277103262 16 
2020-12-15T08:49:44 0 0 경기77바2212 3 39 234001203 104000074 4 
2020-12-15T08:49:44 0 0 경기77바2045 3 36 234001203 124000356 13 
2020-12-15T08:49:44 0 0 경기77바2049 4 58 234001203 234000356 22 
2020-12-15T08:50:44 0 0 경기77바2126 3 27 234001203 277103262 16 
2020-12-15T08:50:44 0 0 경기77바2212 3 39 234001203 277102303 5 
2020-12-15T08:50:44 0 0 경기77바2045 3 36 234001203 124000356 13 
2020-12-15T08:50:44 0 0 경기77바2049 4 59 234001203 234000355 23 
2020-12-15T08:51:43 0 0 경기77바2126 3 27 234001203 277103262 16 
2020-12-15T08:51:43 0 0 경기77바2212 3 39 234001203 277102303 5 
2020-12-15T08:51:43 0 0 경기77바2045 3 36 234001203 124000356 13 
2020-12-15T08:51:43 0 0 경기77바2049 4 60 234001203 234000355 23 
2020-12-15T08:52:42 0 0 경기77바2126 3 27 234001203 277103262 16 
2020-12-15T08:52:42 0 0 경기77바2212 3 39 234001203 277102304 6 
2020-12-15T08:52:42 0 0 경기77바2045 3 36 234001203 124000356 13 
2020-12-15T08:52:42 0 0 경기77바2049 4 61 234001203 234000355 23 
2020-12-15T08:53:41 0 0 경기77바2126 3 27 234001203 277103262 16 
2020-12-15T08:53:41 0 0 경기77바2212 3 39 234001203 277102304 6 
2020-12-15T08:53:41 0 0 경기77바2045 3 36 234001203 124000356 13 
2020-12-15T08:53:41 0 0 경기77바2049 4 62 234001203 234001061 24 
2020-12-15T08:54:40 0 0 경기77바2126 3 27 234001203 277103262 16 
2020-12-15T08:54:40 0 0 경기77바2509 3 45 234001203 104000064 3 
2020-12-15T08:54:40 0 0 경기77바2212 3 37 234001203 124000454 7 
2020-12-15T08:54:40 0 0 경기77바2049 4 62 234001203 234001061 24 
2020-12-15T08:54:40 0 0 경기77바2045 3 36 234001203 277103086 15 
2020-12-15T08:55:40 0 0 경기77바2509 3 45 234001203 104000064 3 
2020-12-15T08:55:40 0 0 경기77바2212 3 37 234001203 124000366 8 
2020-12-15T08:55:40 0 0 경기77바2126 3 28 234001203 277103262 16 
2020-12-15T08:55:40 0 0 경기77바2045 3 36 234001203 277103086 15 
2020-12-15T08:55:40 0 0 경기77바2049 4 64 234001203 234000354 25 
2020-12-15T08:56:39 0 0 경기77바2126 3 28 234001203 277103605 17 
2020-12-15T08:56:39 0 0 경기77바2509 3 45 234001203 104000064 3 
2020-12-15T08:56:39 0 0 경기77바2212 3 37 234001203 124000366 8 
2020-12-15T08:56:39 0 0 경기77바2045 3 36 234001203 277103086 15 
2020-12-15T08:56:39 0 0 경기77바2049 4 64 234001203 234000354 25 
2020-12-15T08:57:39 0 0 경기77바2509 3 45 234001203 104000064 3 
2020-12-15T08:57:39 0 0 경기77바2126 3 28 234001203 277103605 17 
2020-12-15T08:57:39 0 0 경기77바2212 3 37 234001203 124000365 9 
2020-12-15T08:57:39 0 0 경기77바2049 4 64 234001203 234000352 27 
2020-12-15T08:57:39 0 0 경기77바2045 3 36 234001203 277103262 16 
2020-12-15T08:58:38 0 0 경기77바2212 3 37 234001203 124000365 9 
2020-12-15T08:58:38 0 0 경기77바2509 3 45 234001203 104000074 4 
2020-12-15T08:58:38 0 0 경기77바2126 3 28 234001203 234000359 18 
2020-12-15T08:58:38 0 0 경기77바2049 4 64 234001203 234000352 27 
2020-12-15T08:58:38 0 0 경기77바2045 3 36 234001203 277103262 16 
2020-12-15T08:59:38 0 0 경기77바2212 3 37 234001203 124000365 9 
2020-12-15T08:59:38 0 0 경기77바2126 3 29 234001203 234000358 19 
2020-12-15T08:59:38 0 0 경기77바2509 3 45 234001203 277102303 5 
2020-12-15T08:59:38 0 0 경기77바2045 3 36 234001203 277103262 16 
2020-12-15T08:59:38 0 0 경기77바2049 4 66 234001203 234000351 28 
2020-12-15T09:00:38 0 0 경기77바2126 3 29 234001203 234000358 19 
2020-12-15T09:00:38 0 0 경기77바2509 3 45 234001203 277102304 6 
2020-12-15T09:00:38 0 0 경기77바2212 3 36 234001203 124000364 10 
2020-12-15T09:00:38 0 0 경기77바2045 3 36 234001203 277103262 16 
2020-12-15T09:00:38 0 0 경기77바2049 4 66 234001203 234000350 29 
2020-12-15T09:01:37 0 0 경기77바2126 3 29 234001203 234000358 19 
2020-12-15T09:01:37 0 0 경기77바2509 3 45 234001203 277102304 6 
2020-12-15T09:01:37 0 0 경기77바2212 3 36 234001203 124000363 11 
2020-12-15T09:01:37 0 0 경기77바2049 4 66 234001203 234000350 29 
2020-12-15T09:01:37 0 0 경기77바2045 3 36 234001203 277103262 16 
2020-12-15T09:02:36 0 0 경기77바2509 3 45 234001203 277102304 6 
2020-12-15T09:02:36 0 0 경기77바2212 3 36 234001203 124000363 11 
2020-12-15T09:02:36 0 0 경기77바2126 3 30 234001203 234000357 21 
2020-12-15T09:02:36 0 0 경기77바2049 4 66 234001203 234000350 29 
2020-12-15T09:02:36 0 0 경기77바2045 3 36 234001203 277103262 16 
2020-12-15T09:03:36 0 0 경기77바2509 3 45 234001203 277102304 6 
2020-12-15T09:03:36 0 0 경기77바2212 3 36 234001203 124000363 11 
2020-12-15T09:03:36 0 0 경기77바2126 3 34 234001203 234000356 22 
2020-12-15T09:03:36 0 0 경기77바2049 4 66 234001203 234000350 29 
2020-12-15T09:03:36 0 0 경기77바2045 3 36 234001203 277103262 16 
2020-12-15T09:04:35 0 0 경기77바2509 3 44 234001203 124000366 8 
2020-12-15T09:04:35 0 0 경기77바2126 3 34 234001203 234000355 23 
2020-12-15T09:04:35 0 0 경기77바2212 3 36 234001203 124000370 12 
2020-12-15T09:04:35 0 0 경기77바2049 4 66 234001203 234000350 29 
2020-12-15T09:04:35 0 0 경기77바2045 3 36 234001203 277103262 16 
2020-12-15T09:05:35 0 0 경기77바2509 3 43 234001203 124000366 8 
2020-12-15T09:05:35 0 0 경기77바2126 3 34 234001203 234001061 24 
2020-12-15T09:05:35 0 0 경기77바2212 3 36 234001203 124000370 12 
2020-12-15T09:05:35 0 0 경기77바2049 4 66 234001203 234000350 29 
2020-12-15T09:05:35 0 0 경기77바3442 3 45 234001203 277101909 2 
2020-12-15T09:05:35 0 0 경기77바2045 3 36 234001203 277103262 16 
2020-12-15T09:06:34 0 0 경기77바2126 3 34 234001203 234000354 25 
2020-12-15T09:06:34 0 0 경기77바2509 3 43 234001203 124000365 9 
2020-12-15T09:06:34 0 0 경기77바2212 3 33 234001203 124000356 13 
2020-12-15T09:06:34 0 0 경기77바2049 4 66 234001203 234000350 29 
2020-12-15T09:06:34 0 0 경기77바3442 3 45 234001203 104000064 3 
2020-12-15T09:06:34 0 0 경기77바2045 3 36 234001203 277103262 16 
2020-12-15T09:07:34 0 0 경기77바2509 3 43 234001203 124000365 9 
2020-12-15T09:07:34 0 0 경기77바2126 3 34 234001203 234000353 26 
2020-12-15T09:07:34 0 0 경기77바2212 3 33 234001203 124000356 13 
2020-12-15T09:07:34 0 0 경기77바3442 3 45 234001203 104000074 4 
2020-12-15T09:07:34 0 0 경기77바2045 3 36 234001203 277103605 17 
2020-12-15T09:08:33 0 0 경기77바2509 3 43 234001203 124000365 9 
2020-12-15T09:08:33 0 0 경기77바2212 3 33 234001203 124000356 13 
2020-12-15T09:08:33 0 0 경기77바2126 3 34 234001203 234000352 27 
2020-12-15T09:08:33 0 0 경기77바3442 3 45 234001203 277102303 5 
2020-12-15T09:08:33 0 0 경기77바2045 3 36 234001203 277103605 17 
2020-12-15T09:09:32 0 0 경기77바2212 3 33 234001203 124000356 13 
2020-12-15T09:09:32 0 0 경기77바2509 3 43 234001203 124000365 9 
2020-12-15T09:09:32 0 0 경기77바2126 3 34 234001203 234000351 28 
2020-12-15T09:09:32 0 0 경기77바3442 3 45 234001203 277102303 5 
2020-12-15T09:09:32 0 0 경기77바2045 3 36 234001203 234000358 19 
2020-12-15T09:10:31 0 0 경기77바2212 3 33 234001203 124000356 13 
2020-12-15T09:10:31 0 0 경기77바2509 3 43 234001203 124000364 10 
2020-12-15T09:10:31 0 0 경기77바2126 3 35 234001203 234000350 29 
2020-12-15T09:10:31 0 0 경기77바2045 3 36 234001203 234001005 20 
2020-12-15T09:10:31 0 0 경기77바3442 3 45 234001203 277102304 6 
2020-12-15T09:11:30 0 0 경기77바2126 3 35 234001203 234000350 29 
2020-12-15T09:11:30 0 0 경기77바2509 3 42 234001203 124000363 11 
2020-12-15T09:11:30 0 0 경기77바2212 3 33 234001203 124000356 13 
2020-12-15T09:11:30 0 0 경기77바3442 3 45 234001203 277102304 6 
2020-12-15T09:11:30 0 0 경기77바2045 3 36 234001203 234000356 22 
2020-12-15T09:12:29 0 0 경기77바2126 3 35 234001203 234000350 29 
2020-12-15T09:12:29 0 0 경기77바2509 3 42 234001203 124000363 11 
2020-12-15T09:12:29 0 0 경기77바2212 3 33 234001203 124000356 13 
2020-12-15T09:12:29 0 0 경기77바2045 3 36 234001203 234001061 24 
2020-12-15T09:12:29 0 0 경기77바3442 3 45 234001203 277102304 6 
2020-12-15T09:13:28 0 0 경기77바2126 3 35 234001203 234000350 29 
2020-12-15T09:13:28 0 0 경기77바2212 3 33 234001203 124000356 13 
2020-12-15T09:13:28 0 0 경기77바2509 3 42 234001203 124000363 11 
2020-12-15T09:13:28 0 0 경기77바2045 3 36 234001203 234001061 24 
2020-12-15T09:13:28 0 0 경기77바3442 3 45 234001203 277102304 6 
2020-12-15T09:14:27 0 0 경기77바2212 3 33 234001203 124000356 13 
2020-12-15T09:14:27 0 0 경기77바2509 3 42 234001203 124000370 12 
2020-12-15T09:14:27 0 0 경기77바2126 3 35 234001203 234000350 29 
2020-12-15T09:14:27 0 0 경기77바2045 3 36 234001203 234000353 26 
2020-12-15T09:14:27 0 0 경기77바3442 3 44 234001203 124000366 8 
2020-12-15T09:15:28 0 0 경기77바2212 3 33 234001203 277102817 14 
2020-12-15T09:15:28 0 0 경기77바2509 3 42 234001203 124000370 12 
2020-12-15T09:15:28 0 0 경기77바2045 3 36 234001203 234000353 26 
2020-12-15T09:15:28 0 0 경기77바3442 3 41 234001203 124000366 8 
2020-12-15T09:16:27 0 0 경기77바2212 3 33 234001203 277103086 15 
2020-12-15T09:16:27 0 0 경기77바2509 3 42 234001203 124000356 13 
2020-12-15T09:16:27 0 0 경기77바3442 3 41 234001203 124000365 9 
2020-12-15T09:16:27 0 0 경기77바2045 3 36 234001203 234000352 27 
2020-12-15T09:17:27 0 0 경기77바2212 3 33 234001203 277103086 15 
2020-12-15T09:17:27 0 0 경기77바2509 3 42 234001203 124000356 13 
2020-12-15T09:17:27 0 0 경기77바3442 3 41 234001203 124000365 9 
2020-12-15T09:17:27 0 0 경기77바2045 3 36 234001203 234000351 28 
2020-12-15T09:18:27 0 0 경기77바2509 3 42 234001203 124000356 13 
2020-12-15T09:18:27 0 0 경기77바2212 3 33 234001203 277103086 15 
2020-12-15T09:18:27 0 0 경기77바2045 3 36 234001203 234000350 29 
2020-12-15T09:18:27 0 0 경기77바3442 3 41 234001203 124000365 9 
2020-12-15T09:19:27 0 0 경기77바2212 3 33 234001203 277103262 16 
2020-12-15T09:19:27 0 0 경기77바2509 3 42 234001203 124000356 13 
2020-12-15T09:19:27 0 0 경기77바3442 3 41 234001203 124000365 9 
2020-12-15T09:19:27 0 0 경기77바2045 3 36 234001203 234000350 29 
2020-12-15T09:20:25 0 0 경기77바2212 3 33 234001203 277103262 16 
2020-12-15T09:20:25 0 0 경기77바2509 3 42 234001203 124000356 13 
2020-12-15T09:20:25 0 0 경기77바3442 3 41 234001203 124000364 10 
2020-12-15T09:21:26 0 0 경기77바2212 3 33 234001203 277103262 16 
2020-12-15T09:21:26 0 0 경기77바2509 3 42 234001203 124000356 13 
2020-12-15T09:21:26 0 0 경기77바3442 3 41 234001203 124000363 11 
2020-12-15T09:22:25 0 0 경기77바2509 3 42 234001203 124000356 13 
2020-12-15T09:22:25 0 0 경기77바2212 3 33 234001203 277103262 16 
2020-12-15T09:22:25 0 0 경기77바3442 3 41 234001203 124000363 11 
2020-12-15T09:23:24 0 0 경기77바2509 3 42 234001203 124000356 13 
2020-12-15T09:23:24 0 0 경기77바2212 3 33 234001203 277103262 16 
2020-12-15T09:23:24 0 0 경기77바3442 3 41 234001203 124000363 11 
2020-12-15T09:24:25 0 0 경기77바2509 3 42 234001203 124000356 13 
2020-12-15T09:24:25 0 0 경기77바2212 3 33 234001203 277103262 16 
2020-12-15T09:24:25 0 0 경기77바3442 3 41 234001203 124000370 12 
2020-12-15T09:25:24 0 0 경기77바2212 3 33 234001203 277103262 16 
2020-12-15T09:25:24 0 0 경기77바2509 3 42 234001203 277102817 14 
2020-12-15T09:25:24 0 0 경기77바3442 3 41 234001203 124000370 12 
2020-12-15T09:26:24 0 0 경기77바2212 3 33 234001203 277103262 16 
2020-12-15T09:26:24 0 0 경기77바2509 3 42 234001203 277103086 15 
2020-12-15T09:26:24 0 0 경기77바3442 3 40 234001203 124000356 13 
2020-12-15T09:27:23 0 0 경기77바2212 3 33 234001203 277103262 16 
2020-12-15T09:27:23 0 0 경기77바2509 3 42 234001203 277103086 15 
2020-12-15T09:27:23 0 0 경기77바3442 3 40 234001203 124000356 13 
2020-12-15T09:28:22 0 0 경기77바2212 3 33 234001203 277103262 16 
2020-12-15T09:28:22 0 0 경기77바2509 3 42 234001203 277103086 15 
2020-12-15T09:28:22 0 0 경기77바3442 3 40 234001203 124000356 13 
2020-12-15T09:29:20 0 0 경기77바2509 3 42 234001203 277103262 16 
2020-12-15T09:29:20 0 0 경기77바2212 3 33 234001203 277103605 17 
2020-12-15T09:29:20 0 0 경기77바3442 3 40 234001203 124000356 13 
2020-12-15T09:30:20 0 0 경기77바2509 3 42 234001203 277103262 16 
2020-12-15T09:30:20 0 0 경기77바2212 3 33 234001203 234000358 19 
2020-12-15T09:30:20 0 0 경기77바3442 3 40 234001203 124000356 13 
2020-12-15T09:31:20 0 0 경기77바2509 3 42 234001203 277103262 16 
2020-12-15T09:31:20 0 0 경기77바2212 3 34 234001203 234000358 19 
2020-12-15T09:31:20 0 0 경기77바3442 3 40 234001203 124000356 13 
2020-12-15T09:32:20 0 0 경기77바2509 3 42 234001203 277103262 16 
2020-12-15T09:32:20 0 0 경기77바2212 3 34 234001203 234000358 19 
2020-12-15T09:32:20 0 0 경기77바3442 3 40 234001203 124000356 13 
2020-12-15T09:33:20 0 0 경기77바2509 3 42 234001203 277103262 16 
2020-12-15T09:33:20 0 0 경기77바2212 3 34 234001203 234001005 20 
2020-12-15T09:33:20 0 0 경기77바3442 3 40 234001203 124000356 13 
2020-12-15T09:34:20 0 0 경기77바2509 3 42 234001203 277103262 16 
2020-12-15T09:34:20 0 0 경기77바2212 3 33 234001203 234000357 21 
2020-12-15T09:34:20 0 0 경기77바3442 3 40 234001203 124000356 13 
2020-12-15T09:35:20 0 0 경기77바2509 3 42 234001203 277103262 16 
2020-12-15T09:35:20 0 0 경기77바2212 3 33 234001203 234000355 23 
2020-12-15T09:35:20 0 0 경기77바3442 3 40 234001203 277102817 14 
2020-12-15T09:36:20 0 0 경기77바2509 3 42 234001203 277103262 16 
2020-12-15T09:36:20 0 0 경기77바2212 3 33 234001203 234000355 23 
2020-12-15T09:36:20 0 0 경기77바3442 3 40 234001203 277103086 15 
2020-12-15T09:37:19 0 0 경기77바2509 3 42 234001203 277103262 16 
2020-12-15T09:37:19 0 0 경기77바2212 3 33 234001203 234001061 24 
2020-12-15T09:37:19 0 0 경기77바3442 3 40 234001203 277103086 15 
2020-12-15T09:38:20 0 0 경기77바2509 3 42 234001203 277103262 16 
2020-12-15T09:38:20 0 0 경기77바2212 3 33 234001203 234000354 25 
2020-12-15T09:38:20 0 0 경기77바3442 3 40 234001203 277103086 15 
2020-12-15T09:39:18 0 0 경기77바2509 3 42 234001203 277103262 16 
2020-12-15T09:39:18 0 0 경기77바2212 3 33 234001203 234000353 26 
2020-12-15T09:39:18 0 0 경기77바3442 3 40 234001203 277103262 16 
2020-12-15T09:40:18 0 0 경기77바2212 3 33 234001203 234000352 27 
2020-12-15T09:40:18 0 0 경기77바2509 3 42 234001203 234000359 18 
2020-12-15T09:40:18 0 0 경기77바3442 3 40 234001203 277103262 16 
2020-12-15T09:41:17 0 0 경기77바2509 3 42 234001203 234000358 19 
2020-12-15T09:41:17 0 0 경기77바2212 3 33 234001203 234000351 28 
2020-12-15T09:41:17 0 0 경기77바3442 3 40 234001203 277103262 16 
2020-12-15T09:42:17 0 0 경기77바2212 3 33 234001203 234000350 29 
2020-12-15T09:42:17 0 0 경기77바2509 3 43 234001203 234000357 21 
2020-12-15T09:42:17 0 0 경기77바3442 3 40 234001203 277103262 16 
2020-12-15T09:43:17 0 0 경기77바2509 3 43 234001203 234000357 21 
2020-12-15T09:43:17 0 0 경기77바3442 3 40 234001203 277103262 16 
2020-12-15T09:44:16 0 0 경기77바2509 3 43 234001203 234000355 23 
2020-12-15T09:44:16 0 0 경기77바3442 3 40 234001203 277103262 16 
2020-12-15T09:45:17 0 0 경기77바2509 3 43 234001203 234000355 23 
2020-12-15T09:45:17 0 0 경기77바3442 3 40 234001203 277103262 16 
2020-12-15T09:46:16 0 0 경기77바2509 3 43 234001203 234001061 24 
2020-12-15T09:46:16 0 0 경기77바3442 3 40 234001203 277103262 16 
2020-12-15T09:47:15 0 0 경기77바2509 3 43 234001203 234000354 25 
2020-12-15T09:47:15 0 0 경기77바3442 3 40 234001203 277103262 16 
2020-12-15T09:48:14 0 0 경기77바2509 3 43 234001203 234000353 26 
2020-12-15T09:48:14 0 0 경기77바3442 3 40 234001203 277103262 16 
2020-12-15T09:49:13 0 0 경기77바2509 3 43 234001203 234000352 27 
2020-12-15T09:49:13 0 0 경기77바3442 3 40 234001203 277103605 17 
2020-12-15T09:50:12 0 0 경기77바2509 3 43 234001203 234000351 28 
2020-12-15T09:50:12 0 0 경기77바3442 3 40 234001203 277103605 17 
2020-12-15T09:51:12 0 0 경기77바2509 3 43 234001203 234000350 29 
2020-12-15T09:51:12 0 0 경기77바3442 3 40 234001203 234000359 18 
2020-12-15T09:52:12 0 0 경기77바2509 3 43 234001203 234000350 29 
2020-12-15T09:52:12 0 0 경기77바3442 3 39 234001203 234000358 19 
2020-12-15T09:53:12 0 0 경기77바3442 3 41 234001203 234001005 20 
2020-12-15T09:54:11 0 0 경기77바3442 3 41 234001203 234000357 21 
2020-12-15T09:55:10 0 0 경기77바3442 3 42 234001203 234000356 22 
2020-12-15T09:56:09 0 0 경기77바3442 3 42 234001203 234000355 23 
2020-12-15T09:57:09 0 0 경기77바3442 3 42 234001203 234001061 24 
2020-12-15T09:58:08 0 0 경기77바3442 3 42 234001203 234001061 24 
2020-12-15T09:59:08 0 0 경기77바3442 3 42 234001203 234000353 26 
2020-12-15T10:00:07 0 0 경기77바3442 3 42 234001203 234000351 28 
2020-12-15T10:01:06 0 0 경기77바3442 3 42 234001203 234000350 29 
