234001203 2020-11-30T10:13:31.000191+09:00
2020-12-01T07:48:50.697174+09:00 0 0 경기77바2049 4 71 234001203 104000064 3 
2020-12-01T07:49:50.741354+09:00 0 0 경기77바2049 4 71 234001203 104000064 3 
2020-12-01T07:50:49.725410+09:00 0 0 경기77바2049 4 70 234001203 104000074 4 
2020-12-01T07:51:49.489505+09:00 0 0 경기77바2049 4 70 234001203 104000074 4 
2020-12-01T07:52:49.683653+09:00 0 0 경기77바2049 4 70 234001203 104000074 4 
2020-12-01T07:53:48.997777+09:00 0 0 경기77바2049 4 70 234001203 277102303 5 
2020-12-01T07:54:48.071637+09:00 0 0 경기77바2049 4 70 234001203 277102304 6 
2020-12-01T07:55:47.195850+09:00 0 0 경기77바2049 4 70 234001203 277102304 6 
2020-12-01T07:56:46.049810+09:00 0 0 경기77바2049 4 70 234001203 277102304 6 
2020-12-01T07:57:45.804160+09:00 0 0 경기77바2049 4 70 234001203 277102304 6 
2020-12-01T07:58:46.019124+09:00 0 0 경기77바2049 4 64 234001203 124000366 8 
2020-12-01T07:59:44.923758+09:00 0 0 경기77바2049 4 62 234001203 124000366 8 
2020-12-01T08:00:45.008322+09:00 0 0 경기77바2049 4 61 234001203 124000365 9 
2020-12-01T08:01:45.512886+09:00 0 0 경기77바2049 4 61 234001203 124000365 9 
2020-12-01T08:02:44.347328+09:00 0 0 경기77바2049 4 61 234001203 124000365 9 
2020-12-01T08:03:43.961834+09:00 0 0 경기77바2049 4 61 234001203 124000364 10 
2020-12-01T08:04:43.636260+09:00 0 0 경기77바2049 4 61 234001203 124000364 10 
2020-12-01T08:05:43.580720+09:00 0 0 경기77바2049 4 61 234001203 124000363 11 
2020-12-01T08:06:43.525147+09:00 0 0 경기77바2049 4 61 234001203 124000363 11 
2020-12-01T08:06:43.525208+09:00 0 0 경기77바2000 3 45 234001203 277101909 2 
2020-12-01T08:07:43.439641+09:00 0 0 경기77바2000 3 45 234001203 104000064 3 
2020-12-01T08:07:43.439704+09:00 0 0 경기77바2049 4 61 234001203 124000370 12 
2020-12-01T08:08:43.464003+09:00 0 0 경기77바2000 3 44 234001203 104000064 3 
2020-12-01T08:08:43.464065+09:00 0 0 경기77바2049 4 61 234001203 124000370 12 
2020-12-01T08:09:44.558355+09:00 0 0 경기77바2000 3 44 234001203 104000064 3 
2020-12-01T08:09:44.558417+09:00 0 0 경기77바2049 4 61 234001203 124000370 12 
2020-12-01T08:10:42.662513+09:00 0 0 경기77바2049 4 59 234001203 124000356 13 
2020-12-01T08:10:42.662580+09:00 0 0 경기77바2000 3 43 234001203 104000074 4 
2020-12-01T08:11:41.816888+09:00 0 0 경기77바2049 4 59 234001203 124000356 13 
2020-12-01T08:11:41.816949+09:00 0 0 경기77바2000 3 43 234001203 104000074 4 
2020-12-01T08:12:40.761072+09:00 0 0 경기77바2000 3 43 234001203 277102303 5 
2020-12-01T08:12:40.761134+09:00 0 0 경기77바2049 4 59 234001203 124000356 13 
2020-12-01T08:13:40.905369+09:00 0 0 경기77바2049 4 59 234001203 124000356 13 
2020-12-01T08:13:40.905432+09:00 0 0 경기77바2000 3 43 234001203 277102303 5 
2020-12-01T08:14:39.899567+09:00 0 0 경기77바2049 4 59 234001203 124000356 13 
2020-12-01T08:14:39.899632+09:00 0 0 경기77바2000 3 43 234001203 277102304 6 
2020-12-01T08:15:38.393839+09:00 0 0 경기77바2049 4 59 234001203 124000356 13 
2020-12-01T08:15:38.393910+09:00 0 0 경기77바2000 3 43 234001203 277102304 6 
2020-12-01T08:16:38.628041+09:00 0 0 경기77바2049 4 59 234001203 124000356 13 
2020-12-01T08:16:38.628102+09:00 0 0 경기77바2000 3 43 234001203 277102304 6 
2020-12-01T08:17:38.132253+09:00 0 0 경기77바2049 4 59 234001203 124000356 13 
2020-12-01T08:17:38.132313+09:00 0 0 경기77바2000 3 38 234001203 124000366 8 
2020-12-01T08:18:36.876430+09:00 0 0 경기77바2000 3 38 234001203 124000366 8 
2020-12-01T08:18:36.876492+09:00 0 0 경기77바2049 4 59 234001203 124000356 13 
2020-12-01T08:19:37.000694+09:00 0 0 경기77바2049 4 59 234001203 124000356 13 
2020-12-01T08:19:37.000755+09:00 0 0 경기77바2000 3 38 234001203 124000365 9 
2020-12-01T08:20:35.844842+09:00 0 0 경기77바2049 4 59 234001203 277102817 14 
2020-12-01T08:20:35.844905+09:00 0 0 경기77바2000 3 39 234001203 124000365 9 
2020-12-01T08:21:35.789119+09:00 0 0 경기77바2049 4 59 234001203 277102817 14 
2020-12-01T08:21:35.789183+09:00 0 0 경기77바2000 3 39 234001203 124000365 9 
2020-12-01T08:21:35.789203+09:00 0 0 경기77바2155 3 37 234001203 104000064 3 
2020-12-01T08:22:34.913336+09:00 0 0 경기77바2049 4 59 234001203 277102817 14 
2020-12-01T08:22:34.913399+09:00 0 0 경기77바2155 3 37 234001203 104000064 3 
2020-12-01T08:22:34.913420+09:00 0 0 경기77바2000 3 39 234001203 124000365 9 
2020-12-01T08:23:33.787419+09:00 0 0 경기77바2049 4 59 234001203 277102817 14 
2020-12-01T08:23:33.787482+09:00 0 0 경기77바2155 3 37 234001203 104000064 3 
2020-12-01T08:23:33.787502+09:00 0 0 경기77바2000 3 40 234001203 124000364 10 
2020-12-01T08:24:33.821668+09:00 0 0 경기77바2049 4 59 234001203 277103086 15 
2020-12-01T08:24:33.821727+09:00 0 0 경기77바2155 3 37 234001203 104000064 3 
2020-12-01T08:24:33.821746+09:00 0 0 경기77바2000 3 40 234001203 124000363 11 
2020-12-01T08:25:34.016304+09:00 0 0 경기77바2049 4 59 234001203 277103086 15 
2020-12-01T08:25:34.016367+09:00 0 0 경기77바2000 3 40 234001203 124000363 11 
2020-12-01T08:25:34.016388+09:00 0 0 경기77바2155 3 36 234001203 104000074 4 
2020-12-01T08:26:33.190042+09:00 0 0 경기77바2000 3 40 234001203 124000363 11 
2020-12-01T08:26:33.190101+09:00 0 0 경기77바2049 4 59 234001203 277103086 15 
2020-12-01T08:26:33.190121+09:00 0 0 경기77바2155 3 36 234001203 277102303 5 
2020-12-01T08:27:32.134379+09:00 0 0 경기77바2000 3 40 234001203 124000370 12 
2020-12-01T08:27:32.134441+09:00 0 0 경기77바2049 4 59 234001203 277103262 16 
2020-12-01T08:27:32.134462+09:00 0 0 경기77바2155 3 36 234001203 277102303 5 
2020-12-01T08:28:32.158456+09:00 0 0 경기77바2049 4 59 234001203 277103262 16 
2020-12-01T08:28:32.158519+09:00 0 0 경기77바2000 3 40 234001203 124000370 12 
2020-12-01T08:28:32.158541+09:00 0 0 경기77바2155 3 36 234001203 277102304 6 
2020-12-01T08:29:31.942669+09:00 0 0 경기77바2049 4 59 234001203 277103262 16 
2020-12-01T08:29:31.942742+09:00 0 0 경기77바2000 3 38 234001203 124000356 13 
2020-12-01T08:29:31.942774+09:00 0 0 경기77바2155 3 35 234001203 124000454 7 
2020-12-01T08:30:31.846928+09:00 0 0 경기77바2155 3 35 234001203 124000454 7 
2020-12-01T08:30:31.846990+09:00 0 0 경기77바2000 3 39 234001203 124000356 13 
2020-12-01T08:30:31.847011+09:00 0 0 경기77바2049 4 59 234001203 277103262 16 
2020-12-01T08:31:31.771079+09:00 0 0 경기77바2049 4 59 234001203 277103262 16 
2020-12-01T08:31:31.771139+09:00 0 0 경기77바2000 3 39 234001203 124000356 13 
2020-12-01T08:31:31.771159+09:00 0 0 경기77바2155 3 35 234001203 124000366 8 
2020-12-01T08:32:32.175035+09:00 0 0 경기77바2049 4 59 234001203 277103262 16 
2020-12-01T08:32:32.175098+09:00 0 0 경기77바2000 3 39 234001203 124000356 13 
2020-12-01T08:32:32.175119+09:00 0 0 경기77바2155 3 32 234001203 124000366 8 
2020-12-01T08:33:31.258981+09:00 0 0 경기77바2049 4 59 234001203 277103262 16 
2020-12-01T08:33:31.259042+09:00 0 0 경기77바2155 3 34 234001203 124000365 9 
2020-12-01T08:33:31.259062+09:00 0 0 경기77바2000 3 39 234001203 124000356 13 
2020-12-01T08:34:31.233086+09:00 0 0 경기77바2049 4 59 234001203 277103262 16 
2020-12-01T08:34:31.233148+09:00 0 0 경기77바2155 3 34 234001203 124000365 9 
2020-12-01T08:34:31.233168+09:00 0 0 경기77바2000 3 39 234001203 124000356 13 
2020-12-01T08:35:30.057122+09:00 0 0 경기77바2049 4 59 234001203 277103262 16 
2020-12-01T08:35:30.057192+09:00 0 0 경기77바2155 3 35 234001203 124000364 10 
2020-12-01T08:35:30.057213+09:00 0 0 경기77바2000 3 39 234001203 277102817 14 
2020-12-01T08:36:30.301073+09:00 0 0 경기77바2049 4 59 234001203 277103262 16 
2020-12-01T08:36:30.301137+09:00 0 0 경기77바2155 3 35 234001203 124000364 10 
2020-12-01T08:36:30.301161+09:00 0 0 경기77바2000 3 39 234001203 277102817 14 
2020-12-01T08:37:29.655239+09:00 0 0 경기77바2000 3 39 234001203 277102817 14 
2020-12-01T08:37:29.655299+09:00 0 0 경기77바2155 3 35 234001203 124000363 11 
2020-12-01T08:37:29.655319+09:00 0 0 경기77바2049 4 60 234001203 277103262 16 
2020-12-01T08:38:28.349057+09:00 0 0 경기77바2000 3 39 234001203 277102817 14 
2020-12-01T08:38:28.349121+09:00 0 0 경기77바2049 4 60 234001203 277103605 17 
2020-12-01T08:38:28.349143+09:00 0 0 경기77바2155 3 35 234001203 124000363 11 
2020-12-01T08:39:28.843190+09:00 0 0 경기77바2000 3 39 234001203 277103086 15 
2020-12-01T08:39:28.843252+09:00 0 0 경기77바2049 4 61 234001203 277103605 17 
2020-12-01T08:39:28.843273+09:00 0 0 경기77바2155 3 35 234001203 124000370 12 
2020-12-01T08:40:28.237290+09:00 0 0 경기77바2000 3 39 234001203 277103086 15 
2020-12-01T08:40:28.237351+09:00 0 0 경기77바2049 4 59 234001203 234000359 18 
2020-12-01T08:40:28.237372+09:00 0 0 경기77바2155 3 35 234001203 124000370 12 
2020-12-01T08:41:27.151317+09:00 0 0 경기77바2000 3 39 234001203 277103086 15 
2020-12-01T08:41:27.151379+09:00 0 0 경기77바2155 3 35 234001203 124000356 13 
2020-12-01T08:41:27.151399+09:00 0 0 경기77바2049 4 60 234001203 234000358 19 
2020-12-01T08:42:27.455262+09:00 0 0 경기77바2000 3 39 234001203 277103086 15 
2020-12-01T08:42:27.455302+09:00 0 0 경기77바2155 3 33 234001203 124000356 13 
2020-12-01T08:42:27.455322+09:00 0 0 경기77바2049 4 61 234001203 234000358 19 
2020-12-01T08:43:26.809415+09:00 0 0 경기77바2074 3 41 234001203 104000064 3 
2020-12-01T08:43:26.809488+09:00 0 0 경기77바2000 3 39 234001203 277103262 16 
2020-12-01T08:43:26.809508+09:00 0 0 경기77바2049 4 62 234001203 234001005 20 
2020-12-01T08:43:26.809524+09:00 0 0 경기77바2155 3 33 234001203 124000356 13 
2020-12-01T08:44:26.063594+09:00 0 0 경기77바2074 3 41 234001203 104000064 3 
2020-12-01T08:44:26.063655+09:00 0 0 경기77바2000 3 39 234001203 277103262 16 
2020-12-01T08:44:26.063675+09:00 0 0 경기77바2155 3 33 234001203 124000356 13 
2020-12-01T08:44:26.063691+09:00 0 0 경기77바2049 4 62 234001203 234000357 21 
2020-12-01T08:45:24.847566+09:00 0 0 경기77바2074 3 41 234001203 104000064 3 
2020-12-01T08:45:24.847628+09:00 0 0 경기77바2000 3 39 234001203 277103262 16 
2020-12-01T08:45:24.847648+09:00 0 0 경기77바2155 3 33 234001203 124000356 13 
2020-12-01T08:45:24.847665+09:00 0 0 경기77바2049 4 62 234001203 234000357 21 
2020-12-01T08:46:25.091782+09:00 0 0 경기77바2074 3 41 234001203 104000064 3 
2020-12-01T08:46:25.091843+09:00 0 0 경기77바2049 4 62 234001203 234000356 22 
2020-12-01T08:46:25.091864+09:00 0 0 경기77바2000 3 39 234001203 277103262 16 
2020-12-01T08:46:25.091880+09:00 0 0 경기77바2155 3 33 234001203 124000356 13 
2020-12-01T08:47:24.395745+09:00 0 0 경기77바2074 3 41 234001203 277102303 5 
2020-12-01T08:47:24.395807+09:00 0 0 경기77바2000 3 39 234001203 277103262 16 
2020-12-01T08:47:24.395827+09:00 0 0 경기77바2049 4 65 234001203 234000355 23 
2020-12-01T08:47:24.395844+09:00 0 0 경기77바2155 3 33 234001203 124000356 13 
2020-12-01T08:48:23.850014+09:00 0 0 경기77바2074 3 41 234001203 277102304 6 
2020-12-01T08:48:23.850076+09:00 0 0 경기77바2000 3 39 234001203 277103262 16 
2020-12-01T08:48:23.850097+09:00 0 0 경기77바2155 3 33 234001203 277102817 14 
2020-12-01T08:48:23.850113+09:00 0 0 경기77바2049 4 67 234001203 234001061 24 
2020-12-01T08:49:23.214027+09:00 0 0 경기77바2074 3 41 234001203 277102304 6 
2020-12-01T08:49:23.214090+09:00 0 0 경기77바2000 3 39 234001203 277103262 16 
2020-12-01T08:49:23.214109+09:00 0 0 경기77바2155 3 33 234001203 277102817 14 
2020-12-01T08:49:23.214128+09:00 0 0 경기77바2049 4 67 234001203 234001061 24 
2020-12-01T08:50:21.988058+09:00 0 0 경기77바2074 3 41 234001203 277102304 6 
2020-12-01T08:50:21.988119+09:00 0 0 경기77바2000 3 39 234001203 277103262 16 
2020-12-01T08:50:21.988138+09:00 0 0 경기77바2155 3 33 234001203 277102817 14 
2020-12-01T08:50:21.988155+09:00 0 0 경기77바2049 4 67 234001203 234001061 24 
2020-12-01T08:51:22.192257+09:00 0 0 경기77바2074 3 41 234001203 277102304 6 
2020-12-01T08:51:22.192321+09:00 0 0 경기77바2000 3 39 234001203 277103262 16 
2020-12-01T08:51:22.192340+09:00 0 0 경기77바2155 3 33 234001203 277102817 14 
2020-12-01T08:51:22.192356+09:00 0 0 경기77바2049 4 67 234001203 234000352 27 
2020-12-01T08:51:22.192372+09:00 0 0 경기77바2457 3 45 234001203 277101909 2 
2020-12-01T08:52:21.216268+09:00 0 0 경기77바2074 3 38 234001203 124000454 7 
2020-12-01T08:52:21.216330+09:00 0 0 경기77바2155 3 33 234001203 277103086 15 
2020-12-01T08:52:21.216354+09:00 0 0 경기77바2049 4 68 234001203 234000351 28 
2020-12-01T08:52:21.216370+09:00 0 0 경기77바2000 3 39 234001203 277103605 17 
2020-12-01T08:52:21.216386+09:00 0 0 경기77바2457 3 45 234001203 104000064 3 
2020-12-01T08:53:20.900397+09:00 0 0 경기77바2074 3 38 234001203 124000454 7 
2020-12-01T08:53:20.900457+09:00 0 0 경기77바2155 3 33 234001203 277103086 15 
2020-12-01T08:53:20.900476+09:00 0 0 경기77바2000 3 39 234001203 277103605 17 
2020-12-01T08:53:20.900492+09:00 0 0 경기77바2457 3 45 234001203 104000064 3 
2020-12-01T08:53:20.900509+09:00 0 0 경기77바2049 4 68 234001203 234000350 29 
2020-12-01T08:54:20.904689+09:00 0 0 경기77바2074 3 38 234001203 124000366 8 
2020-12-01T08:54:20.904754+09:00 0 0 경기77바2000 3 39 234001203 277103605 17 
2020-12-01T08:54:20.904775+09:00 0 0 경기77바2457 3 45 234001203 104000064 3 
2020-12-01T08:54:20.904791+09:00 0 0 경기77바2049 4 68 234001203 234000350 29 
2020-12-01T08:54:20.904808+09:00 0 0 경기77바2155 3 33 234001203 277103086 15 
2020-12-01T08:55:20.008654+09:00 0 0 경기77바2074 3 38 234001203 124000365 9 
2020-12-01T08:55:20.008717+09:00 0 0 경기77바2155 3 33 234001203 277103262 16 
2020-12-01T08:55:20.008738+09:00 0 0 경기77바2457 3 45 234001203 104000074 4 
2020-12-01T08:55:20.008755+09:00 0 0 경기77바2000 3 39 234001203 234000359 18 
2020-12-01T08:56:18.682735+09:00 0 0 경기77바2074 3 38 234001203 124000365 9 
2020-12-01T08:56:18.682796+09:00 0 0 경기77바2155 3 33 234001203 277103262 16 
2020-12-01T08:56:18.682816+09:00 0 0 경기77바2457 3 45 234001203 104000074 4 
2020-12-01T08:56:18.682833+09:00 0 0 경기77바2000 3 40 234001203 234000358 19 
2020-12-01T08:57:18.666862+09:00 0 0 경기77바2074 3 38 234001203 124000364 10 
2020-12-01T08:57:18.666923+09:00 0 0 경기77바2457 3 45 234001203 277102303 5 
2020-12-01T08:57:18.666944+09:00 0 0 경기77바2155 3 33 234001203 277103262 16 
2020-12-01T08:57:18.666961+09:00 0 0 경기77바2000 3 40 234001203 234000358 19 
2020-12-01T08:58:17.760951+09:00 0 0 경기77바2074 3 38 234001203 124000364 10 
2020-12-01T08:58:17.761012+09:00 0 0 경기77바2155 3 33 234001203 277103262 16 
2020-12-01T08:58:17.761077+09:00 0 0 경기77바2457 3 45 234001203 277102304 6 
2020-12-01T08:58:17.761101+09:00 0 0 경기77바2000 3 40 234001203 234000357 21 
2020-12-01T08:59:17.085118+09:00 0 0 경기77바2074 3 38 234001203 124000363 11 
2020-12-01T08:59:17.085180+09:00 0 0 경기77바2155 3 33 234001203 277103262 16 
2020-12-01T08:59:17.085200+09:00 0 0 경기77바2457 3 45 234001203 277102304 6 
2020-12-01T08:59:17.085217+09:00 0 0 경기77바2000 3 41 234001203 234000356 22 
2020-12-01T09:00:16.269359+09:00 0 0 경기77바2074 3 38 234001203 124000363 11 
2020-12-01T09:00:16.269393+09:00 0 0 경기77바2155 3 33 234001203 277103262 16 
2020-12-01T09:00:16.269411+09:00 0 0 경기77바2000 3 41 234001203 234000355 23 
2020-12-01T09:00:16.269425+09:00 0 0 경기77바2457 3 45 234001203 277102304 6 
2020-12-01T09:01:15.743379+09:00 0 0 경기77바2074 3 38 234001203 124000363 11 
2020-12-01T09:01:15.743415+09:00 0 0 경기77바2155 3 33 234001203 277103262 16 
2020-12-01T09:01:15.743433+09:00 0 0 경기77바2457 3 45 234001203 124000454 7 
2020-12-01T09:01:15.743449+09:00 0 0 경기77바2000 3 41 234001203 234000355 23 
2020-12-01T09:02:14.797564+09:00 0 0 경기77바2074 3 38 234001203 124000370 12 
2020-12-01T09:02:14.797624+09:00 0 0 경기77바2155 3 33 234001203 277103262 16 
2020-12-01T09:02:14.797642+09:00 0 0 경기77바2000 3 41 234001203 234001061 24 
2020-12-01T09:02:14.797657+09:00 0 0 경기77바2457 3 45 234001203 124000366 8 
2020-12-01T09:03:14.871612+09:00 0 0 경기77바2074 3 38 234001203 124000356 13 
2020-12-01T09:03:14.871661+09:00 0 0 경기77바2155 3 33 234001203 277103262 16 
2020-12-01T09:03:14.871692+09:00 0 0 경기77바2457 3 45 234001203 124000365 9 
2020-12-01T09:03:14.871707+09:00 0 0 경기77바2000 3 41 234001203 234000352 27 
2020-12-01T09:04:14.105747+09:00 0 0 경기77바2074 3 37 234001203 124000356 13 
2020-12-01T09:04:14.105782+09:00 0 0 경기77바2457 3 45 234001203 124000364 10 
2020-12-01T09:04:14.105801+09:00 0 0 경기77바2155 3 33 234001203 277103605 17 
2020-12-01T09:04:14.105816+09:00 0 0 경기77바2000 3 42 234001203 234000351 28 
2020-12-01T09:05:13.479851+09:00 0 0 경기77바2074 3 37 234001203 124000356 13 
2020-12-01T09:05:13.479886+09:00 0 0 경기77바2155 3 33 234001203 277103605 17 
2020-12-01T09:05:13.479904+09:00 0 0 경기77바2000 3 42 234001203 234000350 29 
2020-12-01T09:05:13.479920+09:00 0 0 경기77바2457 3 45 234001203 124000363 11 
2020-12-01T09:06:12.793688+09:00 0 0 경기77바2074 3 37 234001203 124000356 13 
2020-12-01T09:06:12.793723+09:00 0 0 경기77바2457 3 45 234001203 124000363 11 
2020-12-01T09:06:12.793741+09:00 0 0 경기77바2000 3 42 234001203 234000350 29 
2020-12-01T09:06:12.793756+09:00 0 0 경기77바2155 3 33 234001203 234000359 18 
2020-12-01T09:07:12.217170+09:00 0 0 경기77바2074 3 37 234001203 124000356 13 
2020-12-01T09:07:12.217206+09:00 0 0 경기77바2000 3 42 234001203 234000350 29 
2020-12-01T09:07:12.217224+09:00 0 0 경기77바2457 3 45 234001203 124000363 11 
2020-12-01T09:07:12.217239+09:00 0 0 경기77바2155 3 32 234001203 234000358 19 
2020-12-01T09:08:11.370790+09:00 0 0 경기77바2074 3 37 234001203 124000356 13 
2020-12-01T09:08:11.370825+09:00 0 0 경기77바2000 3 42 234001203 234000350 29 
2020-12-01T09:08:11.370843+09:00 0 0 경기77바2290 3 45 234001203 277101909 2 
2020-12-01T09:08:11.370858+09:00 0 0 경기77바2457 3 45 234001203 124000363 11 
2020-12-01T09:08:11.370874+09:00 0 0 경기77바2155 3 34 234001203 234000357 21 
2020-12-01T09:09:10.424357+09:00 0 0 경기77바2074 3 37 234001203 124000356 13 
2020-12-01T09:09:10.424390+09:00 0 0 경기77바2155 3 34 234001203 234000357 21 
2020-12-01T09:09:10.424407+09:00 0 0 경기77바2457 3 45 234001203 124000370 12 
2020-12-01T09:09:10.424423+09:00 0 0 경기77바2290 3 45 234001203 104000064 3 
2020-12-01T09:10:10.378094+09:00 0 0 경기77바2074 3 37 234001203 124000356 13 
2020-12-01T09:10:10.378129+09:00 0 0 경기77바2290 3 45 234001203 104000064 3 
2020-12-01T09:10:10.378148+09:00 0 0 경기77바2457 3 45 234001203 124000356 13 
2020-12-01T09:10:10.378162+09:00 0 0 경기77바2155 3 34 234001203 234000356 22 
2020-12-01T09:11:10.611946+09:00 0 0 경기77바2074 3 37 234001203 124000356 13 
2020-12-01T09:11:10.611982+09:00 0 0 경기77바2457 3 44 234001203 124000356 13 
2020-12-01T09:11:10.612001+09:00 0 0 경기77바2290 3 45 234001203 104000074 4 
2020-12-01T09:11:10.612016+09:00 0 0 경기77바2155 3 34 234001203 234000355 23 
2020-12-01T09:12:09.975634+09:00 0 0 경기77바2074 3 37 234001203 277102817 14 
2020-12-01T09:12:09.975671+09:00 0 0 경기77바2457 3 44 234001203 124000356 13 
2020-12-01T09:12:09.975690+09:00 0 0 경기77바2290 3 45 234001203 104000074 4 
2020-12-01T09:12:09.975705+09:00 0 0 경기77바2155 3 34 234001203 234000354 25 
2020-12-01T09:13:09.312786+09:00 0 0 경기77바2074 3 37 234001203 277102817 14 
2020-12-01T09:13:09.312824+09:00 0 0 경기77바2457 3 44 234001203 124000356 13 
2020-12-01T09:13:09.312843+09:00 0 0 경기77바2155 3 34 234001203 234000352 27 
2020-12-01T09:13:09.312858+09:00 0 0 경기77바2290 3 45 234001203 277102303 5 
2020-12-01T09:14:08.593352+09:00 0 0 경기77바2074 3 37 234001203 277102817 14 
2020-12-01T09:14:08.593387+09:00 0 0 경기77바2155 3 35 234001203 234000352 27 
2020-12-01T09:14:08.593405+09:00 0 0 경기77바2457 3 44 234001203 124000356 13 
2020-12-01T09:14:08.593420+09:00 0 0 경기77바2290 3 45 234001203 277102304 6 
2020-12-01T09:15:07.197100+09:00 0 0 경기77바2074 3 37 234001203 277103086 15 
2020-12-01T09:15:07.197145+09:00 0 0 경기77바2290 3 45 234001203 277102304 6 
2020-12-01T09:15:07.197164+09:00 0 0 경기77바2457 3 44 234001203 124000356 13 
2020-12-01T09:15:07.197179+09:00 0 0 경기77바2155 3 35 234001203 234000350 29 
2020-12-01T09:16:07.130982+09:00 0 0 경기77바2074 3 37 234001203 277103086 15 
2020-12-01T09:16:07.131017+09:00 0 0 경기77바2290 3 45 234001203 277102304 6 
2020-12-01T09:16:07.131036+09:00 0 0 경기77바2457 3 44 234001203 124000356 13 
2020-12-01T09:16:07.131052+09:00 0 0 경기77바2155 3 35 234001203 234000350 29 
2020-12-01T09:17:06.134863+09:00 0 0 경기77바2074 3 37 234001203 277103086 15 
2020-12-01T09:17:06.134899+09:00 0 0 경기77바2155 3 35 234001203 234000350 29 
2020-12-01T09:17:06.134918+09:00 0 0 경기77바2457 3 44 234001203 124000356 13 
2020-12-01T09:17:06.134934+09:00 0 0 경기77바2290 3 42 234001203 124000454 7 
2020-12-01T09:18:06.178823+09:00 0 0 경기77바2074 3 37 234001203 277103086 15 
2020-12-01T09:18:06.178861+09:00 0 0 경기77바2290 3 42 234001203 124000454 7 
2020-12-01T09:18:06.178880+09:00 0 0 경기77바2457 3 44 234001203 277102817 14 
2020-12-01T09:19:04.812592+09:00 0 0 경기77바2074 3 37 234001203 277103262 16 
2020-12-01T09:19:04.812628+09:00 0 0 경기77바2457 3 44 234001203 277102817 14 
2020-12-01T09:19:04.812648+09:00 0 0 경기77바2290 3 40 234001203 124000366 8 
2020-12-01T09:20:04.766719+09:00 0 0 경기77바2074 3 37 234001203 277103262 16 
2020-12-01T09:20:04.766754+09:00 0 0 경기77바2457 3 44 234001203 277102817 14 
2020-12-01T09:20:04.766772+09:00 0 0 경기77바2290 3 40 234001203 124000365 9 
2020-12-01T09:21:05.010610+09:00 0 0 경기77바2074 3 37 234001203 277103262 16 
2020-12-01T09:21:05.010646+09:00 0 0 경기77바2457 3 44 234001203 277102817 14 
2020-12-01T09:21:05.010666+09:00 0 0 경기77바2290 3 40 234001203 124000365 9 
2020-12-01T09:22:04.424622+09:00 0 0 경기77바2074 3 37 234001203 277103262 16 
2020-12-01T09:22:04.424662+09:00 0 0 경기77바2290 3 40 234001203 124000365 9 
2020-12-01T09:22:04.424681+09:00 0 0 경기77바2457 3 44 234001203 277103086 15 
2020-12-01T09:23:03.038551+09:00 0 0 경기77바2074 3 37 234001203 277103262 16 
2020-12-01T09:23:03.038585+09:00 0 0 경기77바2457 3 44 234001203 277103086 15 
2020-12-01T09:23:03.038603+09:00 0 0 경기77바2290 3 40 234001203 124000364 10 
2020-12-01T09:24:03.542616+09:00 0 0 경기77바2074 3 37 234001203 277103262 16 
2020-12-01T09:24:03.542653+09:00 0 0 경기77바2290 3 40 234001203 124000363 11 
2020-12-01T09:24:03.542672+09:00 0 0 경기77바2457 3 44 234001203 277103086 15 
2020-12-01T09:25:02.776617+09:00 0 0 경기77바2074 3 37 234001203 277103262 16 
2020-12-01T09:25:02.776653+09:00 0 0 경기77바2290 3 40 234001203 124000363 11 
2020-12-01T09:25:02.776671+09:00 0 0 경기77바2457 3 44 234001203 277103262 16 
2020-12-01T09:26:01.500645+09:00 0 0 경기77바2074 3 37 234001203 277103262 16 
2020-12-01T09:26:01.500682+09:00 0 0 경기77바2457 3 44 234001203 277103262 16 
2020-12-01T09:26:01.500700+09:00 0 0 경기77바2290 3 38 234001203 124000363 11 
2020-12-01T09:27:01.734600+09:00 0 0 경기77바2074 3 37 234001203 277103262 16 
2020-12-01T09:27:01.734638+09:00 0 0 경기77바2457 3 44 234001203 277103262 16 
2020-12-01T09:27:01.734656+09:00 0 0 경기77바2290 3 38 234001203 124000363 11 
2020-12-01T09:28:00.888557+09:00 0 0 경기77바2074 3 37 234001203 277103262 16 
2020-12-01T09:28:00.888594+09:00 0 0 경기77바2290 3 38 234001203 124000370 12 
2020-12-01T09:28:00.888612+09:00 0 0 경기77바2457 3 44 234001203 277103262 16 
2020-12-01T09:29:00.242650+09:00 0 0 경기77바2074 3 37 234001203 277103605 17 
2020-12-01T09:29:00.242686+09:00 0 0 경기77바2457 3 44 234001203 277103262 16 
2020-12-01T09:29:00.242704+09:00 0 0 경기77바2290 3 38 234001203 124000370 12 
2020-12-01T09:29:59.246545+09:00 0 0 경기77바2074 3 39 234001203 234000359 18 
2020-12-01T09:29:59.246582+09:00 0 0 경기77바2457 3 44 234001203 277103262 16 
2020-12-01T09:29:59.246601+09:00 0 0 경기77바2290 3 38 234001203 124000356 13 
2020-12-01T09:30:58.640727+09:00 0 0 경기77바2074 3 41 234001203 234000358 19 
2020-12-01T09:30:58.640762+09:00 0 0 경기77바2457 3 44 234001203 277103262 16 
2020-12-01T09:30:58.640781+09:00 0 0 경기77바2290 3 35 234001203 124000356 13 
2020-12-01T09:31:58.044705+09:00 0 0 경기77바2074 3 41 234001203 234000358 19 
2020-12-01T09:31:58.044746+09:00 0 0 경기77바2457 3 44 234001203 277103262 16 
2020-12-01T09:31:58.044764+09:00 0 0 경기77바2290 3 35 234001203 124000356 13 
2020-12-01T09:32:57.518721+09:00 0 0 경기77바2074 3 41 234001203 234001005 20 
2020-12-01T09:32:57.518756+09:00 0 0 경기77바2457 3 44 234001203 277103262 16 
2020-12-01T09:32:57.518774+09:00 0 0 경기77바2290 3 35 234001203 124000356 13 
2020-12-01T09:33:56.712718+09:00 0 0 경기77바2074 3 41 234001203 234000357 21 
2020-12-01T09:33:56.712755+09:00 0 0 경기77바2290 3 35 234001203 124000356 13 
2020-12-01T09:33:56.712774+09:00 0 0 경기77바2457 3 44 234001203 277103262 16 
2020-12-01T09:34:55.626761+09:00 0 0 경기77바2074 3 41 234001203 234000355 23 
2020-12-01T09:34:55.626796+09:00 0 0 경기77바2290 3 35 234001203 124000356 13 
2020-12-01T09:34:55.626815+09:00 0 0 경기77바2457 3 44 234001203 277103605 17 
2020-12-01T09:35:55.930772+09:00 0 0 경기77바2074 3 41 234001203 234001061 24 
2020-12-01T09:35:55.930810+09:00 0 0 경기77바2290 3 35 234001203 124000356 13 
2020-12-01T09:35:55.930829+09:00 0 0 경기77바2457 3 44 234001203 234000359 18 
2020-12-01T09:36:55.454886+09:00 0 0 경기77바2074 3 41 234001203 234000354 25 
2020-12-01T09:36:55.454934+09:00 0 0 경기77바2290 3 35 234001203 124000356 13 
2020-12-01T09:36:55.454952+09:00 0 0 경기77바2457 3 44 234001203 234000358 19 
2020-12-01T09:37:54.638900+09:00 0 0 경기77바2074 3 41 234001203 234000354 25 
2020-12-01T09:37:54.638936+09:00 0 0 경기77바2290 3 35 234001203 124000356 13 
2020-12-01T09:37:54.638955+09:00 0 0 경기77바2457 3 44 234001203 234000358 19 
2020-12-01T09:38:53.412824+09:00 0 0 경기77바2074 3 41 234001203 234000352 27 
2020-12-01T09:38:53.412860+09:00 0 0 경기77바2290 3 35 234001203 277102817 14 
2020-12-01T09:38:53.412878+09:00 0 0 경기77바2457 3 44 234001203 234000355 23 
2020-12-01T09:39:53.886946+09:00 0 0 경기77바2074 3 41 234001203 234000351 28 
2020-12-01T09:39:53.886983+09:00 0 0 경기77바2290 3 35 234001203 277102817 14 
2020-12-01T09:39:53.887002+09:00 0 0 경기77바2457 3 44 234001203 234000355 23 
2020-12-01T09:40:53.111163+09:00 0 0 경기77바2074 3 41 234001203 234000350 29 
2020-12-01T09:40:53.111200+09:00 0 0 경기77바2290 3 35 234001203 277102817 14 
2020-12-01T09:40:53.111218+09:00 0 0 경기77바2457 3 44 234001203 234001061 24 
2020-12-01T09:41:52.145394+09:00 0 0 경기77바2074 3 41 234001203 234000350 29 
2020-12-01T09:41:52.145429+09:00 0 0 경기77바2290 3 35 234001203 277102817 14 
2020-12-01T09:41:52.145449+09:00 0 0 경기77바2457 3 44 234001203 234001061 24 
2020-12-01T09:42:51.539582+09:00 0 0 경기77바2074 3 41 234001203 234000350 29 
2020-12-01T09:42:51.539618+09:00 0 0 경기77바2290 3 35 234001203 277103086 15 
2020-12-01T09:42:51.539637+09:00 0 0 경기77바2457 3 44 234001203 234000352 27 
2020-12-01T09:43:50.603816+09:00 0 0 경기77바2457 3 44 234001203 234000350 29 
2020-12-01T09:43:50.603853+09:00 0 0 경기77바2290 3 35 234001203 277103086 15 
2020-12-01T09:44:49.227860+09:00 0 0 경기77바2457 3 44 234001203 234000350 29 
2020-12-01T09:44:49.227898+09:00 0 0 경기77바2290 3 35 234001203 277103086 15 
2020-12-01T09:45:49.322049+09:00 0 0 경기77바2290 3 35 234001203 277103262 16 
2020-12-01T09:46:48.246157+09:00 0 0 경기77바2290 3 35 234001203 277103262 16 
2020-12-01T09:47:48.360414+09:00 0 0 경기77바2290 3 35 234001203 277103262 16 
2020-12-01T09:48:47.264437+09:00 0 0 경기77바2290 3 35 234001203 277103262 16 
2020-12-01T09:49:47.238700+09:00 0 0 경기77바2290 3 35 234001203 277103262 16 
2020-12-01T09:50:46.052725+09:00 0 0 경기77바2290 3 35 234001203 277103262 16 
2020-12-01T09:51:46.236981+09:00 0 0 경기77바2290 3 35 234001203 277103262 16 
2020-12-01T09:52:45.141099+09:00 0 0 경기77바2290 3 35 234001203 277103262 16 
2020-12-01T09:53:45.335189+09:00 0 0 경기77바2290 3 35 234001203 277103605 17 
2020-12-01T09:54:43.689209+09:00 0 0 경기77바2290 3 35 234001203 277103605 17 
2020-12-01T09:55:43.393338+09:00 0 0 경기77바2290 3 35 234001203 234000358 19 
2020-12-01T09:56:43.217426+09:00 0 0 경기77바2290 3 36 234001203 234001005 20 
2020-12-01T09:57:43.131714+09:00 0 0 경기77바2290 3 36 234001203 234001005 20 
2020-12-01T09:58:43.115745+09:00 0 0 경기77바2290 3 38 234001203 234000355 23 
2020-12-01T09:59:42.909977+09:00 0 0 경기77바2290 3 38 234001203 234001061 24 
2020-12-01T10:00:43.024037+09:00 0 0 경기77바2290 3 38 234001203 234001061 24 
2020-12-01T10:01:42.188148+09:00 0 0 경기77바2290 3 38 234001203 234001061 24 
2020-12-01T10:02:40.722268+09:00 0 0 경기77바2290 3 39 234001203 234000354 25 
2020-12-01T10:03:40.806304+09:00 0 0 경기77바2290 3 39 234001203 234000352 27 
2020-12-01T10:04:40.060327+09:00 0 0 경기77바2290 3 39 234001203 234000351 28 
2020-12-01T10:05:38.504360+09:00 0 0 경기77바2290 3 39 234001203 234000350 29 
2020-12-01T10:06:38.308491+09:00 0 0 경기77바2290 3 39 234001203 234000350 29 
