234001203 2020-12-28T10:04:37.678476+09:00
2020-12-29T07:50:37 0 0 경기77바2049 4 69 234001203 277101909 2 
2020-12-29T07:51:36 0 0 경기77바2049 4 69 234001203 104000064 3 
2020-12-29T07:52:35 0 0 경기77바2049 4 69 234001203 104000064 3 
2020-12-29T07:53:35 0 0 경기77바2049 4 69 234001203 104000064 3 
2020-12-29T07:54:34 0 0 경기77바2049 4 69 234001203 104000074 4 
2020-12-29T07:55:33 0 0 경기77바2049 4 69 234001203 104000074 4 
2020-12-29T07:56:32 0 0 경기77바2049 4 69 234001203 277102303 5 
2020-12-29T07:57:31 0 0 경기77바2049 4 69 234001203 277102303 5 
2020-12-29T07:58:31 0 0 경기77바2049 4 69 234001203 277102304 6 
2020-12-29T07:59:30 0 0 경기77바2049 4 69 234001203 277102304 6 
2020-12-29T08:00:29 0 0 경기77바2049 4 69 234001203 277102304 6 
2020-12-29T08:01:29 0 0 경기77바2049 4 64 234001203 124000454 7 
2020-12-29T08:02:29 0 0 경기77바2049 4 64 234001203 124000454 7 
2020-12-29T08:03:28 0 0 경기77바2049 4 64 234001203 124000366 8 
2020-12-29T08:04:28 0 0 경기77바2074 3 45 234001203 277101909 2 
2020-12-29T08:04:28 0 0 경기77바2049 4 63 234001203 124000365 9 
2020-12-29T08:05:27 0 0 경기77바2074 3 45 234001203 104000064 3 
2020-12-29T08:05:27 0 0 경기77바2049 4 63 234001203 124000365 9 
2020-12-29T08:06:27 0 0 경기77바2074 3 45 234001203 104000064 3 
2020-12-29T08:06:27 0 0 경기77바2049 4 63 234001203 124000365 9 
2020-12-29T08:07:26 0 0 경기77바2074 3 45 234001203 104000064 3 
2020-12-29T08:07:26 0 0 경기77바2049 4 62 234001203 124000364 10 
2020-12-29T08:08:25 0 0 경기77바2074 3 45 234001203 104000064 3 
2020-12-29T08:08:25 0 0 경기77바2049 4 62 234001203 124000364 10 
2020-12-29T08:09:25 0 0 경기77바2074 3 45 234001203 104000074 4 
2020-12-29T08:09:25 0 0 경기77바2049 4 62 234001203 124000364 10 
2020-12-29T08:10:24 0 0 경기77바2074 3 45 234001203 104000074 4 
2020-12-29T08:10:24 0 0 경기77바2049 4 62 234001203 124000363 11 
2020-12-29T08:11:23 0 0 경기77바2074 3 45 234001203 277102303 5 
2020-12-29T08:11:23 0 0 경기77바2049 4 62 234001203 124000363 11 
2020-12-29T08:12:23 0 0 경기77바2074 3 45 234001203 277102304 6 
2020-12-29T08:12:23 0 0 경기77바2049 4 62 234001203 124000363 11 
2020-12-29T08:13:22 0 0 경기77바2074 3 45 234001203 277102304 6 
2020-12-29T08:13:22 0 0 경기77바2049 4 62 234001203 124000363 11 
2020-12-29T08:14:22 0 0 경기77바2074 3 44 234001203 124000454 7 
2020-12-29T08:14:22 0 0 경기77바2049 4 62 234001203 124000370 12 
2020-12-29T08:15:21 0 0 경기77바2074 3 44 234001203 124000366 8 
2020-12-29T08:15:21 0 0 경기77바2049 4 62 234001203 124000370 12 
2020-12-29T08:16:20 0 0 경기77바2074 3 44 234001203 124000365 9 
2020-12-29T08:16:20 0 0 경기77바2049 4 62 234001203 124000356 13 
2020-12-29T08:17:20 0 0 경기77바2074 3 44 234001203 124000365 9 
2020-12-29T08:17:20 0 0 경기77바2049 4 57 234001203 124000356 13 
2020-12-29T08:18:20 0 0 경기77바2074 3 44 234001203 124000365 9 
2020-12-29T08:18:20 0 0 경기77바2049 4 57 234001203 124000356 13 
2020-12-29T08:19:19 0 0 경기77바2074 3 44 234001203 124000364 10 
2020-12-29T08:19:19 0 0 경기77바2000 3 42 234001203 104000064 3 
2020-12-29T08:19:19 0 0 경기77바2049 4 57 234001203 124000356 13 
2020-12-29T08:20:18 0 0 경기77바2074 3 44 234001203 124000363 11 
2020-12-29T08:20:18 0 0 경기77바2000 3 42 234001203 104000064 3 
2020-12-29T08:20:18 0 0 경기77바2049 4 57 234001203 124000356 13 
2020-12-29T08:21:17 0 0 경기77바2074 3 44 234001203 124000363 11 
2020-12-29T08:21:17 0 0 경기77바2000 3 42 234001203 104000064 3 
2020-12-29T08:21:17 0 0 경기77바2049 4 57 234001203 124000356 13 
2020-12-29T08:22:17 0 0 경기77바2074 3 44 234001203 124000363 11 
2020-12-29T08:22:17 0 0 경기77바2000 3 42 234001203 104000074 4 
2020-12-29T08:22:17 0 0 경기77바2049 4 57 234001203 124000356 13 
2020-12-29T08:23:17 0 0 경기77바2074 3 44 234001203 124000363 11 
2020-12-29T08:23:17 0 0 경기77바2000 3 42 234001203 277102303 5 
2020-12-29T08:23:17 0 0 경기77바2049 4 57 234001203 124000356 13 
2020-12-29T08:24:16 0 0 경기77바2074 3 44 234001203 124000370 12 
2020-12-29T08:24:16 0 0 경기77바2049 4 57 234001203 124000356 13 
2020-12-29T08:24:16 0 0 경기77바2000 3 42 234001203 277102303 5 
2020-12-29T08:25:15 0 0 경기77바2074 3 44 234001203 124000370 12 
2020-12-29T08:25:15 0 0 경기77바2049 4 57 234001203 124000356 13 
2020-12-29T08:25:15 0 0 경기77바2000 3 42 234001203 277102303 5 
2020-12-29T08:26:15 0 0 경기77바2074 3 44 234001203 124000356 13 
2020-12-29T08:26:15 0 0 경기77바2049 4 57 234001203 124000356 13 
2020-12-29T08:26:15 0 0 경기77바2000 3 42 234001203 277102304 6 
2020-12-29T08:27:15 0 0 경기77바2074 3 42 234001203 124000356 13 
2020-12-29T08:27:15 0 0 경기77바2049 4 57 234001203 124000356 13 
2020-12-29T08:27:15 0 0 경기77바2000 3 42 234001203 277102304 6 
2020-12-29T08:28:14 0 0 경기77바2074 3 42 234001203 124000356 13 
2020-12-29T08:28:14 0 0 경기77바2000 3 42 234001203 277102304 6 
2020-12-29T08:28:14 0 0 경기77바2049 4 57 234001203 277102817 14 
2020-12-29T08:29:14 0 0 경기77바2074 3 42 234001203 124000356 13 
2020-12-29T08:29:14 0 0 경기77바2049 4 57 234001203 277103086 15 
2020-12-29T08:29:14 0 0 경기77바2000 3 42 234001203 124000454 7 
2020-12-29T08:30:13 0 0 경기77바2074 3 42 234001203 124000356 13 
2020-12-29T08:30:13 0 0 경기77바2049 4 57 234001203 277103086 15 
2020-12-29T08:30:13 0 0 경기77바2000 3 42 234001203 124000366 8 
2020-12-29T08:31:13 0 0 경기77바2074 3 42 234001203 124000356 13 
2020-12-29T08:31:13 0 0 경기77바2049 4 57 234001203 277103086 15 
2020-12-29T08:31:13 0 0 경기77바2000 3 42 234001203 124000366 8 
2020-12-29T08:32:12 0 0 경기77바2074 3 42 234001203 124000356 13 
2020-12-29T08:32:12 0 0 경기77바2049 4 57 234001203 277103262 16 
2020-12-29T08:32:12 0 0 경기77바2000 3 42 234001203 124000365 9 
2020-12-29T08:33:11 0 0 경기77바2074 3 42 234001203 124000356 13 
2020-12-29T08:33:11 0 0 경기77바2049 4 57 234001203 277103262 16 
2020-12-29T08:33:11 0 0 경기77바2000 3 42 234001203 124000365 9 
2020-12-29T08:34:10 0 0 경기77바2074 3 42 234001203 124000356 13 
2020-12-29T08:34:10 0 0 경기77바2049 4 57 234001203 277103262 16 
2020-12-29T08:34:10 0 0 경기77바2000 3 42 234001203 124000365 9 
2020-12-29T08:35:10 0 0 경기77바2074 3 42 234001203 124000356 13 
2020-12-29T08:35:10 0 0 경기77바2049 4 57 234001203 277103262 16 
2020-12-29T08:35:10 0 0 경기77바2000 3 42 234001203 124000364 10 
2020-12-29T08:36:09 0 0 경기77바2074 3 42 234001203 124000356 13 
2020-12-29T08:36:09 0 0 경기77바2049 4 57 234001203 277103262 16 
2020-12-29T08:36:09 0 0 경기77바2000 3 42 234001203 124000364 10 
2020-12-29T08:37:09 0 0 경기77바2074 3 42 234001203 124000356 13 
2020-12-29T08:37:09 0 0 경기77바2049 4 57 234001203 277103262 16 
2020-12-29T08:37:09 0 0 경기77바2000 3 42 234001203 124000363 11 
2020-12-29T08:38:08 0 0 경기77바2074 3 42 234001203 277103086 15 
2020-12-29T08:38:08 0 0 경기77바2049 4 57 234001203 277103262 16 
2020-12-29T08:38:08 0 0 경기77바2000 3 42 234001203 124000363 11 
2020-12-29T08:39:08 0 0 경기77바2074 3 42 234001203 277103086 15 
2020-12-29T08:39:08 0 0 경기77바2049 4 57 234001203 277103262 16 
2020-12-29T08:39:08 0 0 경기77바2000 3 42 234001203 124000363 11 
2020-12-29T08:40:07 0 0 경기77바2074 3 42 234001203 277103086 15 
2020-12-29T08:40:07 0 0 경기77바2049 4 57 234001203 277103262 16 
2020-12-29T08:40:07 0 0 경기77바2000 3 42 234001203 124000370 12 
2020-12-29T08:41:07 0 0 경기77바2074 3 42 234001203 277103086 15 
2020-12-29T08:41:07 0 0 경기77바2000 3 42 234001203 124000370 12 
2020-12-29T08:41:07 0 0 경기77바2049 4 57 234001203 277103262 16 
2020-12-29T08:42:07 0 0 경기77바2074 3 42 234001203 277103262 16 
2020-12-29T08:42:07 0 0 경기77바2000 3 42 234001203 124000370 12 
2020-12-29T08:42:07 0 0 경기77바2049 4 57 234001203 277103605 17 
2020-12-29T08:43:07 0 0 경기77바2074 3 42 234001203 277103262 16 
2020-12-29T08:43:07 0 0 경기77바2000 3 40 234001203 124000356 13 
2020-12-29T08:43:07 0 0 경기77바2049 4 59 234001203 234000359 18 
2020-12-29T08:44:06 0 0 경기77바2074 3 42 234001203 277103262 16 
2020-12-29T08:44:06 0 0 경기77바2270 3 44 234001203 277101909 2 
2020-12-29T08:44:06 0 0 경기77바2000 3 40 234001203 124000356 13 
2020-12-29T08:44:06 0 0 경기77바2049 4 60 234001203 234000358 19 
2020-12-29T08:45:06 0 0 경기77바2074 3 42 234001203 277103262 16 
2020-12-29T08:45:06 0 0 경기77바2270 3 44 234001203 104000064 3 
2020-12-29T08:45:06 0 0 경기77바2000 3 40 234001203 124000356 13 
2020-12-29T08:45:06 0 0 경기77바2049 4 60 234001203 234000358 19 
2020-12-29T08:46:05 0 0 경기77바2074 3 42 234001203 277103262 16 
2020-12-29T08:46:05 0 0 경기77바2270 3 44 234001203 104000074 4 
2020-12-29T08:46:05 0 0 경기77바2049 4 60 234001203 234000358 19 
2020-12-29T08:46:05 0 0 경기77바2000 3 40 234001203 124000356 13 
2020-12-29T08:47:06 0 0 경기77바2074 3 42 234001203 277103262 16 
2020-12-29T08:47:06 0 0 경기77바2270 3 44 234001203 104000074 4 
2020-12-29T08:47:06 0 0 경기77바2000 3 40 234001203 124000356 13 
2020-12-29T08:47:06 0 0 경기77바2049 4 61 234001203 234001005 20 
2020-12-29T08:48:04 0 0 경기77바2074 3 42 234001203 277103262 16 
2020-12-29T08:48:04 0 0 경기77바2270 3 44 234001203 277102303 5 
2020-12-29T08:48:04 0 0 경기77바2049 4 65 234001203 234000357 21 
2020-12-29T08:48:04 0 0 경기77바2000 3 40 234001203 124000356 13 
2020-12-29T08:49:03 0 0 경기77바2074 3 42 234001203 277103262 16 
2020-12-29T08:49:03 0 0 경기77바2270 3 44 234001203 277102304 6 
2020-12-29T08:49:03 0 0 경기77바2000 3 40 234001203 124000356 13 
2020-12-29T08:49:03 0 0 경기77바2290 3 45 234001203 277101909 2 
2020-12-29T08:49:03 0 0 경기77바2049 4 64 234001203 234000356 22 
2020-12-29T08:50:03 0 0 경기77바2074 3 42 234001203 277103262 16 
2020-12-29T08:50:03 0 0 경기77바2270 3 44 234001203 277102304 6 
2020-12-29T08:50:03 0 0 경기77바2000 3 40 234001203 124000356 13 
2020-12-29T08:50:03 0 0 경기77바2049 4 64 234001203 234000356 22 
2020-12-29T08:50:03 0 0 경기77바2290 3 45 234001203 104000064 3 
2020-12-29T08:51:02 0 0 경기77바2270 3 44 234001203 277102304 6 
2020-12-29T08:51:02 0 0 경기77바2074 3 42 234001203 277103262 16 
2020-12-29T08:51:02 0 0 경기77바2000 3 40 234001203 124000356 13 
2020-12-29T08:51:02 0 0 경기77바2049 4 66 234001203 234000355 23 
2020-12-29T08:51:02 0 0 경기77바2290 3 45 234001203 104000064 3 
2020-12-29T08:52:02 0 0 경기77바2270 3 40 234001203 124000454 7 
2020-12-29T08:52:02 0 0 경기77바2074 3 42 234001203 277103605 17 
2020-12-29T08:52:02 0 0 경기77바2049 4 67 234001203 234001061 24 
2020-12-29T08:52:02 0 0 경기77바2000 3 40 234001203 277102817 14 
2020-12-29T08:52:02 0 0 경기77바2290 3 45 234001203 104000064 3 
2020-12-29T08:53:01 0 0 경기77바2270 3 40 234001203 124000454 7 
2020-12-29T08:53:01 0 0 경기77바2074 3 42 234001203 277103605 17 
2020-12-29T08:53:01 0 0 경기77바2049 4 67 234001203 234001061 24 
2020-12-29T08:53:01 0 0 경기77바2000 3 40 234001203 277103086 15 
2020-12-29T08:53:01 0 0 경기77바2290 3 45 234001203 104000074 4 
2020-12-29T08:54:01 0 0 경기77바2074 3 42 234001203 234000359 18 
2020-12-29T08:54:01 0 0 경기77바2270 3 40 234001203 124000366 8 
2020-12-29T08:54:01 0 0 경기77바2000 3 40 234001203 277103086 15 
2020-12-29T08:54:01 0 0 경기77바2290 3 45 234001203 104000074 4 
2020-12-29T08:54:01 0 0 경기77바2049 4 67 234001203 234000354 25 
2020-12-29T08:55:00 0 0 경기77바2270 3 40 234001203 124000365 9 
2020-12-29T08:55:00 0 0 경기77바2074 3 42 234001203 234000358 19 
2020-12-29T08:55:00 0 0 경기77바2049 4 69 234001203 234000353 26 
2020-12-29T08:55:00 0 0 경기77바2000 3 40 234001203 277103086 15 
2020-12-29T08:55:00 0 0 경기77바2290 3 45 234001203 277102303 5 
2020-12-29T08:56:00 0 0 경기77바2270 3 40 234001203 124000365 9 
2020-12-29T08:56:00 0 0 경기77바2074 3 44 234001203 234000357 21 
2020-12-29T08:56:00 0 0 경기77바2049 4 69 234001203 234000352 27 
2020-12-29T08:56:00 0 0 경기77바2290 3 45 234001203 277102303 5 
2020-12-29T08:56:00 0 0 경기77바2000 3 40 234001203 277103262 16 
2020-12-29T08:56:59 0 0 경기77바2074 3 44 234001203 234000355 23 
2020-12-29T08:56:59 0 0 경기77바2270 3 40 234001203 124000365 9 
2020-12-29T08:56:59 0 0 경기77바2000 3 40 234001203 277103262 16 
2020-12-29T08:56:59 0 0 경기77바2290 3 45 234001203 277102304 6 
2020-12-29T08:56:59 0 0 경기77바2049 4 71 234001203 234000351 28 
2020-12-29T08:57:58 0 0 경기77바2074 3 44 234001203 234000355 23 
2020-12-29T08:57:58 0 0 경기77바2270 3 40 234001203 124000363 11 
2020-12-29T08:57:58 0 0 경기77바2000 3 40 234001203 277103262 16 
2020-12-29T08:57:58 0 0 경기77바2049 4 72 234001203 234000350 29 
2020-12-29T08:57:58 0 0 경기77바2290 3 45 234001203 124000454 7 
2020-12-29T08:58:58 0 0 경기77바2270 3 40 234001203 124000363 11 
2020-12-29T08:58:58 0 0 경기77바2074 3 44 234001203 234001061 24 
2020-12-29T08:58:58 0 0 경기77바2049 4 72 234001203 234000350 29 
2020-12-29T08:58:58 0 0 경기77바2290 3 45 234001203 124000454 7 
2020-12-29T08:58:58 0 0 경기77바2000 3 40 234001203 277103262 16 
2020-12-29T08:59:57 0 0 경기77바2270 3 40 234001203 124000363 11 
2020-12-29T08:59:57 0 0 경기77바2074 3 44 234001203 234000354 25 
2020-12-29T08:59:57 0 0 경기77바2000 3 40 234001203 277103262 16 
2020-12-29T08:59:57 0 0 경기77바2290 3 45 234001203 124000366 8 
2020-12-29T09:00:57 0 0 경기77바2270 3 40 234001203 124000363 11 
2020-12-29T09:00:57 0 0 경기77바2074 3 44 234001203 234000352 27 
2020-12-29T09:00:57 0 0 경기77바2000 3 40 234001203 277103262 16 
2020-12-29T09:00:57 0 0 경기77바2290 3 45 234001203 124000366 8 
2020-12-29T09:01:56 0 0 경기77바2270 3 40 234001203 124000370 12 
2020-12-29T09:01:56 0 0 경기77바2074 3 44 234001203 234000351 28 
2020-12-29T09:01:56 0 0 경기77바2000 3 40 234001203 277103262 16 
2020-12-29T09:01:56 0 0 경기77바2290 3 45 234001203 124000366 8 
2020-12-29T09:02:56 0 0 경기77바2270 3 40 234001203 124000370 12 
2020-12-29T09:02:56 0 0 경기77바2074 3 44 234001203 234000350 29 
2020-12-29T09:02:56 0 0 경기77바2000 3 40 234001203 277103262 16 
2020-12-29T09:02:56 0 0 경기77바2290 3 45 234001203 124000366 8 
2020-12-29T09:03:55 0 0 경기77바2074 3 44 234001203 234000350 29 
2020-12-29T09:03:55 0 0 경기77바2270 3 40 234001203 124000356 13 
2020-12-29T09:03:55 0 0 경기77바2000 3 40 234001203 277103262 16 
2020-12-29T09:03:55 0 0 경기77바2290 3 44 234001203 124000365 9 
2020-12-29T09:04:55 0 0 경기77바2074 3 44 234001203 234000350 29 
2020-12-29T09:04:55 0 0 경기77바2270 3 39 234001203 124000356 13 
2020-12-29T09:04:55 0 0 경기77바2290 3 44 234001203 124000364 10 
2020-12-29T09:04:55 0 0 경기77바2000 3 40 234001203 277103262 16 
2020-12-29T09:05:55 0 0 경기77바2074 3 44 234001203 234000350 29 
2020-12-29T09:05:55 0 0 경기77바2270 3 39 234001203 124000356 13 
2020-12-29T09:05:55 0 0 경기77바2290 3 44 234001203 124000364 10 
2020-12-29T09:05:55 0 0 경기77바2000 3 40 234001203 277103605 17 
2020-12-29T09:06:54 0 0 경기77바2074 3 44 234001203 234000350 29 
2020-12-29T09:06:54 0 0 경기77바2270 3 39 234001203 124000356 13 
2020-12-29T09:06:54 0 0 경기77바2290 3 44 234001203 124000364 10 
2020-12-29T09:06:54 0 0 경기77바2000 3 40 234001203 234000358 19 
2020-12-29T09:07:54 0 0 경기77바2074 3 44 234001203 234000350 29 
2020-12-29T09:07:54 0 0 경기77바2270 3 39 234001203 124000356 13 
2020-12-29T09:07:54 0 0 경기77바2173 3 45 234001203 277101909 2 
2020-12-29T09:07:54 0 0 경기77바2000 3 41 234001203 234000358 19 
2020-12-29T09:07:54 0 0 경기77바2290 3 44 234001203 124000363 11 
2020-12-29T09:08:53 0 0 경기77바2074 3 44 234001203 234000350 29 
2020-12-29T09:08:53 0 0 경기77바2270 3 39 234001203 124000356 13 
2020-12-29T09:08:53 0 0 경기77바2000 3 41 234001203 234000358 19 
2020-12-29T09:08:53 0 0 경기77바2290 3 44 234001203 124000363 11 
2020-12-29T09:08:53 0 0 경기77바2173 3 45 234001203 104000064 3 
2020-12-29T09:09:53 0 0 경기77바2074 3 44 234001203 234000350 29 
2020-12-29T09:09:53 0 0 경기77바2270 3 39 234001203 124000356 13 
2020-12-29T09:09:53 0 0 경기77바2173 3 45 234001203 104000064 3 
2020-12-29T09:09:53 0 0 경기77바2290 3 44 234001203 124000363 11 
2020-12-29T09:09:53 0 0 경기77바2000 3 41 234001203 234001005 20 
2020-12-29T09:10:52 0 0 경기77바2074 3 44 234001203 234000350 29 
2020-12-29T09:10:52 0 0 경기77바2270 3 39 234001203 124000356 13 
2020-12-29T09:10:52 0 0 경기77바2290 3 44 234001203 124000370 12 
2020-12-29T09:10:52 0 0 경기77바2000 3 41 234001203 234000356 22 
2020-12-29T09:10:52 0 0 경기77바2173 3 45 234001203 104000064 3 
2020-12-29T09:11:52 0 0 경기77바2074 3 44 234001203 234000350 29 
2020-12-29T09:11:52 0 0 경기77바2270 3 39 234001203 124000356 13 
2020-12-29T09:11:52 0 0 경기77바2173 3 45 234001203 104000064 3 
2020-12-29T09:11:52 0 0 경기77바2290 3 44 234001203 124000370 12 
2020-12-29T09:11:52 0 0 경기77바2000 3 41 234001203 234000355 23 
2020-12-29T09:12:51 0 0 경기77바2074 3 44 234001203 234000350 29 
2020-12-29T09:12:51 0 0 경기77바2270 3 39 234001203 124000356 13 
2020-12-29T09:12:51 0 0 경기77바2000 3 41 234001203 234001061 24 
2020-12-29T09:12:51 0 0 경기77바2173 3 45 234001203 277102303 5 
2020-12-29T09:12:51 0 0 경기77바2290 3 44 234001203 124000356 13 
2020-12-29T09:13:50 0 0 경기77바2074 3 44 234001203 234000350 29 
2020-12-29T09:13:50 0 0 경기77바2270 3 39 234001203 124000356 13 
2020-12-29T09:13:50 0 0 경기77바2290 3 44 234001203 124000356 13 
2020-12-29T09:13:50 0 0 경기77바2000 3 41 234001203 234000354 25 
2020-12-29T09:13:50 0 0 경기77바2173 3 45 234001203 277102303 5 
2020-12-29T09:14:49 0 0 경기77바2074 3 44 234001203 234000350 29 
2020-12-29T09:14:49 0 0 경기77바2270 3 39 234001203 277102817 14 
2020-12-29T09:14:49 0 0 경기77바2000 3 41 234001203 234000353 26 
2020-12-29T09:14:49 0 0 경기77바2290 3 44 234001203 124000356 13 
2020-12-29T09:14:49 0 0 경기77바2173 3 45 234001203 277102304 6 
2020-12-29T09:15:48 0 0 경기77바2074 3 44 234001203 234000350 29 
2020-12-29T09:15:48 0 0 경기77바2270 3 39 234001203 277103086 15 
2020-12-29T09:15:48 0 0 경기77바2173 3 45 234001203 277102304 6 
2020-12-29T09:15:48 0 0 경기77바2000 3 41 234001203 234000352 27 
2020-12-29T09:15:48 0 0 경기77바2290 3 44 234001203 124000356 13 
2020-12-29T09:16:48 0 0 경기77바2074 3 44 234001203 234000350 29 
2020-12-29T09:16:48 0 0 경기77바2270 3 39 234001203 277103086 15 
2020-12-29T09:16:48 0 0 경기77바2173 3 45 234001203 277102304 6 
2020-12-29T09:16:48 0 0 경기77바2290 3 44 234001203 124000356 13 
2020-12-29T09:16:48 0 0 경기77바2000 3 41 234001203 234000351 28 
2020-12-29T09:17:47 0 0 경기77바2270 3 39 234001203 277103262 16 
2020-12-29T09:17:47 0 0 경기77바2000 3 41 234001203 234000351 28 
2020-12-29T09:17:47 0 0 경기77바2173 3 44 234001203 124000454 7 
2020-12-29T09:17:47 0 0 경기77바2290 3 44 234001203 124000356 13 
2020-12-29T09:18:46 0 0 경기77바2270 3 39 234001203 277103262 16 
2020-12-29T09:18:46 0 0 경기77바2290 3 44 234001203 124000356 13 
2020-12-29T09:18:46 0 0 경기77바2173 3 44 234001203 124000454 7 
2020-12-29T09:18:46 0 0 경기77바2000 3 42 234001203 234000350 29 
2020-12-29T09:19:45 0 0 경기77바2270 3 39 234001203 277103262 16 
2020-12-29T09:19:45 0 0 경기77바2290 3 44 234001203 124000356 13 
2020-12-29T09:19:45 0 0 경기77바2000 3 42 234001203 234000350 29 
2020-12-29T09:19:45 0 0 경기77바2173 3 43 234001203 124000366 8 
2020-12-29T09:20:45 0 0 경기77바2270 3 39 234001203 277103262 16 
2020-12-29T09:20:45 0 0 경기77바2290 3 44 234001203 124000356 13 
2020-12-29T09:20:45 0 0 경기77바2173 3 43 234001203 124000366 8 
2020-12-29T09:21:44 0 0 경기77바2270 3 39 234001203 277103262 16 
2020-12-29T09:21:44 0 0 경기77바2173 3 43 234001203 124000366 8 
2020-12-29T09:21:44 0 0 경기77바2290 3 44 234001203 277102817 14 
2020-12-29T09:22:43 0 0 경기77바2270 3 39 234001203 277103262 16 
2020-12-29T09:22:43 0 0 경기77바2290 3 44 234001203 277103086 15 
2020-12-29T09:22:43 0 0 경기77바2173 3 43 234001203 124000365 9 
2020-12-29T09:23:42 0 0 경기77바2270 3 39 234001203 277103262 16 
2020-12-29T09:23:42 0 0 경기77바2290 3 44 234001203 277103086 15 
2020-12-29T09:23:42 0 0 경기77바2173 3 43 234001203 124000364 10 
2020-12-29T09:24:42 0 0 경기77바2270 3 39 234001203 277103262 16 
2020-12-29T09:24:42 0 0 경기77바2173 3 43 234001203 124000363 11 
2020-12-29T09:24:42 0 0 경기77바2290 3 44 234001203 277103086 15 
2020-12-29T09:25:42 0 0 경기77바2270 3 39 234001203 277103262 16 
2020-12-29T09:25:42 0 0 경기77바2173 3 43 234001203 124000363 11 
2020-12-29T09:25:42 0 0 경기77바2290 3 44 234001203 277103262 16 
2020-12-29T09:26:41 0 0 경기77바2270 3 39 234001203 277103605 17 
2020-12-29T09:26:41 0 0 경기77바2290 3 44 234001203 277103262 16 
2020-12-29T09:26:41 0 0 경기77바2173 3 42 234001203 124000363 11 
2020-12-29T09:27:41 0 0 경기77바2270 3 40 234001203 277103605 17 
2020-12-29T09:27:41 0 0 경기77바2290 3 44 234001203 277103262 16 
2020-12-29T09:27:41 0 0 경기77바2173 3 42 234001203 124000370 12 
2020-12-29T09:28:42 0 0 경기77바2270 3 41 234001203 234000359 18 
2020-12-29T09:28:42 0 0 경기77바2290 3 44 234001203 277103262 16 
2020-12-29T09:28:42 0 0 경기77바2173 3 42 234001203 124000370 12 
2020-12-29T09:29:41 0 0 경기77바2270 3 43 234001203 234000358 19 
2020-12-29T09:29:41 0 0 경기77바2290 3 44 234001203 277103262 16 
2020-12-29T09:29:41 0 0 경기77바2173 3 42 234001203 124000356 13 
2020-12-29T09:30:41 0 0 경기77바2270 3 44 234001203 234001005 20 
2020-12-29T09:30:41 0 0 경기77바2290 3 44 234001203 277103262 16 
2020-12-29T09:30:41 0 0 경기77바2173 3 42 234001203 124000356 13 
2020-12-29T09:31:40 0 0 경기77바2270 3 44 234001203 234000356 22 
2020-12-29T09:31:40 0 0 경기77바2290 3 44 234001203 277103262 16 
2020-12-29T09:31:40 0 0 경기77바2173 3 42 234001203 124000356 13 
2020-12-29T09:32:41 0 0 경기77바2270 3 44 234001203 234000355 23 
2020-12-29T09:32:41 0 0 경기77바2290 3 44 234001203 277103262 16 
2020-12-29T09:32:41 0 0 경기77바2173 3 42 234001203 124000356 13 
2020-12-29T09:33:40 0 0 경기77바2270 3 44 234001203 234001061 24 
2020-12-29T09:33:40 0 0 경기77바2173 3 42 234001203 124000356 13 
2020-12-29T09:33:40 0 0 경기77바2290 3 44 234001203 277103262 16 
2020-12-29T09:34:39 0 0 경기77바2270 3 44 234001203 234000354 25 
2020-12-29T09:34:39 0 0 경기77바2290 3 44 234001203 277103605 17 
2020-12-29T09:34:39 0 0 경기77바2173 3 42 234001203 124000356 13 
2020-12-29T09:35:38 0 0 경기77바2270 3 44 234001203 234000353 26 
2020-12-29T09:35:38 0 0 경기77바2173 3 42 234001203 124000356 13 
2020-12-29T09:35:38 0 0 경기77바2290 3 44 234001203 277103605 17 
2020-12-29T09:36:38 0 0 경기77바2270 3 44 234001203 234000352 27 
2020-12-29T09:36:38 0 0 경기77바2173 3 42 234001203 124000356 13 
2020-12-29T09:36:38 0 0 경기77바2290 3 44 234001203 234000358 19 
2020-12-29T09:37:38 0 0 경기77바2270 3 44 234001203 234000350 29 
2020-12-29T09:37:38 0 0 경기77바2173 3 42 234001203 124000356 13 
2020-12-29T09:37:38 0 0 경기77바2290 3 44 234001203 234000357 21 
2020-12-29T09:38:38 0 0 경기77바2173 3 42 234001203 124000356 13 
2020-12-29T09:38:38 0 0 경기77바2290 3 44 234001203 234000356 22 
2020-12-29T09:39:38 0 0 경기77바2173 3 42 234001203 277103086 15 
2020-12-29T09:39:38 0 0 경기77바2290 3 44 234001203 234000355 23 
2020-12-29T09:40:37 0 0 경기77바2173 3 42 234001203 277103086 15 
2020-12-29T09:40:37 0 0 경기77바2290 3 44 234001203 234001061 24 
2020-12-29T09:41:36 0 0 경기77바2173 3 42 234001203 277103086 15 
2020-12-29T09:41:36 0 0 경기77바2290 3 44 234001203 234000353 26 
2020-12-29T09:42:35 0 0 경기77바2290 3 44 234001203 234000352 27 
2020-12-29T09:42:35 0 0 경기77바2173 3 42 234001203 277103262 16 
2020-12-29T09:43:35 0 0 경기77바2173 3 42 234001203 277103262 16 
2020-12-29T09:43:35 0 0 경기77바2290 3 44 234001203 234000351 28 
2020-12-29T09:44:35 0 0 경기77바2173 3 42 234001203 277103262 16 
2020-12-29T09:44:35 0 0 경기77바2290 3 44 234001203 234000350 29 
2020-12-29T09:45:35 0 0 경기77바2290 3 45 234001203 234000350 29 
2020-12-29T09:45:35 0 0 경기77바2173 3 42 234001203 277103262 16 
2020-12-29T09:46:34 0 0 경기77바2290 3 45 234001203 234000350 29 
2020-12-29T09:46:34 0 0 경기77바2173 3 42 234001203 277103262 16 
2020-12-29T09:47:33 0 0 경기77바2290 3 45 234001203 234000350 29 
2020-12-29T09:47:33 0 0 경기77바2173 3 42 234001203 277103262 16 
2020-12-29T09:48:33 0 0 경기77바2290 3 45 234001203 234000350 29 
2020-12-29T09:48:33 0 0 경기77바2173 3 42 234001203 277103262 16 
2020-12-29T09:49:32 0 0 경기77바2290 3 45 234001203 234000350 29 
2020-12-29T09:49:32 0 0 경기77바2173 3 42 234001203 277103262 16 
2020-12-29T09:50:31 0 0 경기77바2290 3 45 234001203 234000350 29 
2020-12-29T09:50:31 0 0 경기77바2173 3 42 234001203 277103262 16 
2020-12-29T09:51:31 0 0 경기77바2290 3 45 234001203 234000350 29 
2020-12-29T09:51:31 0 0 경기77바2173 3 42 234001203 277103262 16 
2020-12-29T09:52:30 0 0 경기77바2290 3 45 234001203 234000350 29 
2020-12-29T09:52:30 0 0 경기77바2173 3 42 234001203 277103605 17 
2020-12-29T09:53:29 0 0 경기77바2290 3 45 234001203 234000350 29 
2020-12-29T09:53:29 0 0 경기77바2173 3 43 234001203 234000359 18 
2020-12-29T09:54:28 0 0 경기77바2290 3 45 234001203 234000350 29 
2020-12-29T09:54:28 0 0 경기77바2173 3 43 234001203 234000359 18 
2020-12-29T09:55:28 0 0 경기77바2173 3 43 234001203 234000358 19 
2020-12-29T09:56:27 0 0 경기77바2173 3 45 234001203 234001005 20 
2020-12-29T09:57:27 0 0 경기77바2173 3 45 234001203 234000356 22 
2020-12-29T09:58:27 0 0 경기77바2173 3 44 234001203 234000355 23 
2020-12-29T09:59:26 0 0 경기77바2173 3 44 234001203 234000355 23 
2020-12-29T10:00:25 0 0 경기77바2173 3 44 234001203 234001061 24 
2020-12-29T10:01:24 0 0 경기77바2173 3 44 234001203 234000354 25 
2020-12-29T10:02:23 0 0 경기77바2173 3 44 234001203 234000353 26 
2020-12-29T10:03:24 0 0 경기77바2173 3 44 234001203 234000352 27 
2020-12-29T10:04:22 0 0 경기77바2173 3 44 234001203 234000351 28 
2020-12-29T10:05:22 0 0 경기77바2173 3 44 234001203 234000350 29 
2020-12-29T10:06:22 0 0 경기77바2173 3 44 234001203 234000350 29 
