234001203 2020-12-06T09:00:33.745827+09:00
2020-12-07T07:49:00 0 0 경기77바2049 4 71 234001203 277101909 2 
2020-12-07T07:49:59 0 0 경기77바2049 4 71 234001203 104000064 3 
2020-12-07T07:50:59 0 0 경기77바2049 4 71 234001203 104000064 3 
2020-12-07T07:51:59 0 0 경기77바2049 4 71 234001203 104000064 3 
2020-12-07T07:52:58 0 0 경기77바2049 4 70 234001203 104000074 4 
2020-12-07T07:53:58 0 0 경기77바2049 4 70 234001203 104000074 4 
2020-12-07T07:54:57 0 0 경기77바2049 4 70 234001203 104000074 4 
2020-12-07T07:55:57 0 0 경기77바2049 4 70 234001203 104000074 4 
2020-12-07T07:56:56 0 0 경기77바2049 4 70 234001203 277102303 5 
2020-12-07T07:57:55 0 0 경기77바2049 4 70 234001203 277102303 5 
2020-12-07T07:58:55 0 0 경기77바2049 4 70 234001203 277102304 6 
2020-12-07T07:59:54 0 0 경기77바2049 4 70 234001203 277102304 6 
2020-12-07T08:00:53 0 0 경기77바2049 4 63 234001203 124000454 7 
2020-12-07T08:01:52 0 0 경기77바2049 4 63 234001203 124000454 7 
2020-12-07T08:02:51 0 0 경기77바2049 4 63 234001203 124000366 8 
2020-12-07T08:03:51 0 0 경기77바2049 4 60 234001203 124000365 9 
2020-12-07T08:04:51 0 0 경기77바2049 4 59 234001203 124000365 9 
2020-12-07T08:05:51 0 0 경기77바2049 4 59 234001203 124000365 9 
2020-12-07T08:06:51 0 0 경기77바2049 4 59 234001203 124000364 10 
2020-12-07T08:06:51 0 0 경기77바2045 3 36 234001203 277101909 2 
2020-12-07T08:07:50 0 0 경기77바2045 3 36 234001203 104000064 3 
2020-12-07T08:07:50 0 0 경기77바2049 4 59 234001203 124000363 11 
2020-12-07T08:08:50 0 0 경기77바2049 4 58 234001203 124000363 11 
2020-12-07T08:08:50 0 0 경기77바2045 3 35 234001203 104000064 3 
2020-12-07T08:09:49 0 0 경기77바2045 3 35 234001203 104000064 3 
2020-12-07T08:09:49 0 0 경기77바2049 4 58 234001203 124000363 11 
2020-12-07T08:10:49 0 0 경기77바2049 4 58 234001203 124000370 12 
2020-12-07T08:10:49 0 0 경기77바2045 3 35 234001203 104000074 4 
2020-12-07T08:11:48 0 0 경기77바2045 3 35 234001203 104000074 4 
2020-12-07T08:11:48 0 0 경기77바2049 4 58 234001203 124000370 12 
2020-12-07T08:12:47 0 0 경기77바2045 3 35 234001203 277102303 5 
2020-12-07T08:12:47 0 0 경기77바2049 4 58 234001203 124000356 13 
2020-12-07T08:13:46 0 0 경기77바2049 4 52 234001203 124000356 13 
2020-12-07T08:13:46 0 0 경기77바2045 3 35 234001203 277102303 5 
2020-12-07T08:14:46 0 0 경기77바2049 4 52 234001203 124000356 13 
2020-12-07T08:14:46 0 0 경기77바2045 3 35 234001203 277102304 6 
2020-12-07T08:15:45 0 0 경기77바2049 4 52 234001203 124000356 13 
2020-12-07T08:15:45 0 0 경기77바2045 3 35 234001203 277102304 6 
2020-12-07T08:16:44 0 0 경기77바2045 3 35 234001203 277102304 6 
2020-12-07T08:16:44 0 0 경기77바2049 4 52 234001203 124000356 13 
2020-12-07T08:17:44 0 0 경기77바2045 3 35 234001203 277102304 6 
2020-12-07T08:17:44 0 0 경기77바2049 4 52 234001203 124000356 13 
2020-12-07T08:18:44 0 0 경기77바2049 4 52 234001203 124000356 13 
2020-12-07T08:18:44 0 0 경기77바2045 3 30 234001203 124000454 7 
2020-12-07T08:19:43 0 0 경기77바2049 4 52 234001203 124000356 13 
2020-12-07T08:19:43 0 0 경기77바2045 3 29 234001203 124000366 8 
2020-12-07T08:20:42 0 0 경기77바2045 3 29 234001203 124000366 8 
2020-12-07T08:20:42 0 0 경기77바2049 4 52 234001203 124000356 13 
2020-12-07T08:21:43 0 0 경기77바2049 4 52 234001203 124000356 13 
2020-12-07T08:21:43 0 0 경기77바2045 3 29 234001203 124000366 8 
2020-12-07T08:22:42 0 0 경기77바2049 4 52 234001203 124000356 13 
2020-12-07T08:22:42 0 0 경기77바2045 3 29 234001203 124000365 9 
2020-12-07T08:23:41 0 0 경기77바2049 4 52 234001203 124000356 13 
2020-12-07T08:23:41 0 0 경기77바2045 3 29 234001203 124000364 10 
2020-12-07T08:24:41 0 0 경기77바2049 4 52 234001203 124000356 13 
2020-12-07T08:24:41 0 0 경기77바2045 3 29 234001203 124000364 10 
2020-12-07T08:25:42 0 0 경기77바2126 3 39 234001203 277101909 2 
2020-12-07T08:25:42 0 0 경기77바2049 4 52 234001203 124000356 13 
2020-12-07T08:25:42 0 0 경기77바2045 3 29 234001203 124000364 10 
2020-12-07T08:26:41 0 0 경기77바2126 3 39 234001203 277101909 2 
2020-12-07T08:26:41 0 0 경기77바2049 4 52 234001203 124000356 13 
2020-12-07T08:26:41 0 0 경기77바2045 3 28 234001203 124000363 11 
2020-12-07T08:27:41 0 0 경기77바2126 3 38 234001203 104000064 3 
2020-12-07T08:27:41 0 0 경기77바2049 4 52 234001203 124000356 13 
2020-12-07T08:27:41 0 0 경기77바2045 3 28 234001203 124000363 11 
2020-12-07T08:28:40 0 0 경기77바2126 3 38 234001203 104000064 3 
2020-12-07T08:28:40 0 0 경기77바2045 3 29 234001203 124000363 11 
2020-12-07T08:28:40 0 0 경기77바2049 4 52 234001203 277102817 14 
2020-12-07T08:29:40 0 0 경기77바2126 3 39 234001203 104000064 3 
2020-12-07T08:29:40 0 0 경기77바2049 4 52 234001203 277103086 15 
2020-12-07T08:29:40 0 0 경기77바2045 3 29 234001203 124000370 12 
2020-12-07T08:30:39 0 0 경기77바2126 3 39 234001203 104000074 4 
2020-12-07T08:30:39 0 0 경기77바2049 4 52 234001203 277103086 15 
2020-12-07T08:30:39 0 0 경기77바2045 3 29 234001203 124000370 12 
2020-12-07T08:31:38 0 0 경기77바2126 3 38 234001203 104000074 4 
2020-12-07T08:31:38 0 0 경기77바2049 4 52 234001203 277103086 15 
2020-12-07T08:31:38 0 0 경기77바2045 3 29 234001203 124000370 12 
2020-12-07T08:32:38 0 0 경기77바2126 3 38 234001203 104000074 4 
2020-12-07T08:32:38 0 0 경기77바2045 3 29 234001203 124000356 13 
2020-12-07T08:32:38 0 0 경기77바2049 4 52 234001203 277103262 16 
2020-12-07T08:33:39 0 0 경기77바2126 3 38 234001203 277102303 5 
2020-12-07T08:33:39 0 0 경기77바2049 4 52 234001203 277103262 16 
2020-12-07T08:33:39 0 0 경기77바2045 3 24 234001203 124000356 13 
2020-12-07T08:34:38 0 0 경기77바2126 3 38 234001203 277102304 6 
2020-12-07T08:34:38 0 0 경기77바2049 4 52 234001203 277103262 16 
2020-12-07T08:34:38 0 0 경기77바2045 3 24 234001203 124000356 13 
2020-12-07T08:35:37 0 0 경기77바2126 3 38 234001203 277102304 6 
2020-12-07T08:35:37 0 0 경기77바2049 4 52 234001203 277103262 16 
2020-12-07T08:35:37 0 0 경기77바2045 3 24 234001203 124000356 13 
2020-12-07T08:36:36 0 0 경기77바2126 3 38 234001203 277102304 6 
2020-12-07T08:36:36 0 0 경기77바2049 4 52 234001203 277103262 16 
2020-12-07T08:36:36 0 0 경기77바2045 3 24 234001203 124000356 13 
2020-12-07T08:37:36 0 0 경기77바2126 3 36 234001203 124000454 7 
2020-12-07T08:37:36 0 0 경기77바2049 4 52 234001203 277103262 16 
2020-12-07T08:37:36 0 0 경기77바2045 3 24 234001203 124000356 13 
2020-12-07T08:38:35 0 0 경기77바2126 3 36 234001203 124000366 8 
2020-12-07T08:38:35 0 0 경기77바2049 4 52 234001203 277103262 16 
2020-12-07T08:38:35 0 0 경기77바2045 3 24 234001203 124000356 13 
2020-12-07T08:39:36 0 0 경기77바2126 3 32 234001203 124000366 8 
2020-12-07T08:39:36 0 0 경기77바2212 3 39 234001203 277101909 2 
2020-12-07T08:39:36 0 0 경기77바2049 4 52 234001203 277103262 16 
2020-12-07T08:39:36 0 0 경기77바2045 3 24 234001203 124000356 13 
2020-12-07T08:40:35 0 0 경기77바2212 3 39 234001203 104000064 3 
2020-12-07T08:40:35 0 0 경기77바2126 3 32 234001203 124000366 8 
2020-12-07T08:40:35 0 0 경기77바2049 4 52 234001203 277103262 16 
2020-12-07T08:40:35 0 0 경기77바2045 3 24 234001203 124000356 13 
2020-12-07T08:41:34 0 0 경기77바2212 3 38 234001203 104000064 3 
2020-12-07T08:41:34 0 0 경기77바2126 3 32 234001203 124000365 9 
2020-12-07T08:41:34 0 0 경기77바2049 4 52 234001203 277103262 16 
2020-12-07T08:41:34 0 0 경기77바2045 3 24 234001203 124000356 13 
2020-12-07T08:42:34 0 0 경기77바2212 3 38 234001203 104000064 3 
2020-12-07T08:42:34 0 0 경기77바2126 3 32 234001203 124000364 10 
2020-12-07T08:42:34 0 0 경기77바2045 3 24 234001203 124000356 13 
2020-12-07T08:42:34 0 0 경기77바2049 4 52 234001203 277103262 16 
2020-12-07T08:43:33 0 0 경기77바2126 3 32 234001203 124000364 10 
2020-12-07T08:43:33 0 0 경기77바2212 3 38 234001203 104000074 4 
2020-12-07T08:43:33 0 0 경기77바2045 3 24 234001203 124000356 13 
2020-12-07T08:43:33 0 0 경기77바2049 4 52 234001203 277103605 17 
2020-12-07T08:44:32 0 0 경기77바2126 3 32 234001203 124000364 10 
2020-12-07T08:44:32 0 0 경기77바2212 3 38 234001203 104000074 4 
2020-12-07T08:44:32 0 0 경기77바2045 3 24 234001203 124000356 13 
2020-12-07T08:44:32 0 0 경기77바2049 4 56 234001203 234000359 18 
2020-12-07T08:45:32 0 0 경기77바2212 3 38 234001203 277102303 5 
2020-12-07T08:45:32 0 0 경기77바2126 3 32 234001203 124000363 11 
2020-12-07T08:45:32 0 0 경기77바2049 4 58 234001203 234000359 18 
2020-12-07T08:45:32 0 0 경기77바2045 3 24 234001203 277103086 15 
2020-12-07T08:46:32 0 0 경기77바2126 3 32 234001203 124000363 11 
2020-12-07T08:46:32 0 0 경기77바2212 3 38 234001203 277102304 6 
2020-12-07T08:46:32 0 0 경기77바2049 4 58 234001203 234000359 18 
2020-12-07T08:46:32 0 0 경기77바2045 3 24 234001203 277103086 15 
2020-12-07T08:47:30 0 0 경기77바2126 3 32 234001203 124000363 11 
2020-12-07T08:47:30 0 0 경기77바2212 3 38 234001203 277102304 6 
2020-12-07T08:47:30 0 0 경기77바2049 4 59 234001203 234000358 19 
2020-12-07T08:47:30 0 0 경기77바2045 3 24 234001203 277103086 15 
2020-12-07T08:48:29 0 0 경기77바2126 3 32 234001203 124000363 11 
2020-12-07T08:48:29 0 0 경기77바2212 3 38 234001203 124000454 7 
2020-12-07T08:48:29 0 0 경기77바2045 3 24 234001203 277103262 16 
2020-12-07T08:48:29 0 0 경기77바2049 4 63 234001203 234001005 20 
2020-12-07T08:49:30 0 0 경기77바2126 3 32 234001203 124000370 12 
2020-12-07T08:49:30 0 0 경기77바2212 3 38 234001203 124000366 8 
2020-12-07T08:49:30 0 0 경기77바2045 3 24 234001203 277103262 16 
2020-12-07T08:49:30 0 0 경기77바2049 4 64 234001203 234000357 21 
2020-12-07T08:50:29 0 0 경기77바2212 3 36 234001203 124000366 8 
2020-12-07T08:50:29 0 0 경기77바2126 3 31 234001203 124000356 13 
2020-12-07T08:50:29 0 0 경기77바2045 3 24 234001203 277103262 16 
2020-12-07T08:50:29 0 0 경기77바2049 4 65 234001203 234000355 23 
2020-12-07T08:51:29 0 0 경기77바2126 3 31 234001203 124000356 13 
2020-12-07T08:51:29 0 0 경기77바2212 3 35 234001203 124000365 9 
2020-12-07T08:51:29 0 0 경기77바2049 4 66 234001203 234000355 23 
2020-12-07T08:51:29 0 0 경기77바2045 3 24 234001203 277103262 16 
2020-12-07T08:52:28 0 0 경기77바2126 3 31 234001203 124000356 13 
2020-12-07T08:52:28 0 0 경기77바2212 3 35 234001203 124000365 9 
2020-12-07T08:52:28 0 0 경기77바2045 3 24 234001203 277103262 16 
2020-12-07T08:52:28 0 0 경기77바2049 4 67 234001203 234001061 24 
2020-12-07T08:53:29 0 0 경기77바2212 3 35 234001203 124000365 9 
2020-12-07T08:53:29 0 0 경기77바2126 3 31 234001203 124000356 13 
2020-12-07T08:53:29 0 0 경기77바2045 3 24 234001203 277103262 16 
2020-12-07T08:53:29 0 0 경기77바2049 4 67 234001203 234001061 24 
2020-12-07T08:54:28 0 0 경기77바2126 3 31 234001203 124000356 13 
2020-12-07T08:54:28 0 0 경기77바2212 3 35 234001203 124000364 10 
2020-12-07T08:54:28 0 0 경기77바2045 3 24 234001203 277103262 16 
2020-12-07T08:54:28 0 0 경기77바2049 4 67 234001203 234000353 26 
2020-12-07T08:55:27 0 0 경기77바2212 3 35 234001203 124000363 11 
2020-12-07T08:55:28 0 0 경기77바2126 3 31 234001203 124000356 13 
2020-12-07T08:55:28 0 0 경기77바2045 3 24 234001203 277103262 16 
2020-12-07T08:55:28 0 0 경기77바2049 4 67 234001203 234000352 27 
2020-12-07T08:56:27 0 0 경기77바2212 3 35 234001203 124000363 11 
2020-12-07T08:56:27 0 0 경기77바2126 3 31 234001203 124000356 13 
2020-12-07T08:56:27 0 0 경기77바2045 3 24 234001203 277103262 16 
2020-12-07T08:56:27 0 0 경기77바2049 4 68 234001203 234000350 29 
2020-12-07T08:56:27 0 0 경기77바2290 3 44 234001203 104000064 3 
2020-12-07T08:57:26 0 0 경기77바2212 3 35 234001203 124000363 11 
2020-12-07T08:57:26 0 0 경기77바2126 3 31 234001203 124000356 13 
2020-12-07T08:57:26 0 0 경기77바2290 3 44 234001203 104000064 3 
2020-12-07T08:57:26 0 0 경기77바2045 3 24 234001203 277103262 16 
2020-12-07T08:58:26 0 0 경기77바2126 3 31 234001203 124000356 13 
2020-12-07T08:58:26 0 0 경기77바2212 3 35 234001203 124000370 12 
2020-12-07T08:58:26 0 0 경기77바2290 3 44 234001203 104000064 3 
2020-12-07T08:58:26 0 0 경기77바2045 3 25 234001203 234000359 18 
2020-12-07T08:59:25 0 0 경기77바2126 3 31 234001203 124000356 13 
2020-12-07T08:59:25 0 0 경기77바2212 3 35 234001203 124000356 13 
2020-12-07T08:59:25 0 0 경기77바2290 3 44 234001203 104000064 3 
2020-12-07T08:59:25 0 0 경기77바2045 3 28 234001203 234000358 19 
2020-12-07T09:00:25 0 0 경기77바2126 3 31 234001203 124000356 13 
2020-12-07T09:00:25 0 0 경기77바2212 3 34 234001203 124000356 13 
2020-12-07T09:00:25 0 0 경기77바2290 3 44 234001203 104000074 4 
2020-12-07T09:00:25 0 0 경기77바2045 3 31 234001203 234000357 21 
2020-12-07T09:01:24 0 0 경기77바2126 3 31 234001203 124000356 13 
2020-12-07T09:01:24 0 0 경기77바2212 3 34 234001203 124000356 13 
2020-12-07T09:01:24 0 0 경기77바2045 3 32 234001203 234000357 21 
2020-12-07T09:01:24 0 0 경기77바2290 3 44 234001203 277102303 5 
2020-12-07T09:02:24 0 0 경기77바2126 3 31 234001203 124000356 13 
2020-12-07T09:02:24 0 0 경기77바2212 3 34 234001203 124000356 13 
2020-12-07T09:02:24 0 0 경기77바2045 3 32 234001203 234000357 21 
2020-12-07T09:02:24 0 0 경기77바2290 3 44 234001203 277102303 5 
2020-12-07T09:03:23 0 0 경기77바2212 3 34 234001203 124000356 13 
2020-12-07T09:03:23 0 0 경기77바2126 3 31 234001203 277102817 14 
2020-12-07T09:03:23 0 0 경기77바2173 3 45 234001203 277101909 2 
2020-12-07T09:03:23 0 0 경기77바2045 3 33 234001203 234000356 22 
2020-12-07T09:03:23 0 0 경기77바2290 3 44 234001203 277102304 6 
2020-12-07T09:04:23 0 0 경기77바2126 3 31 234001203 277103086 15 
2020-12-07T09:04:23 0 0 경기77바2212 3 34 234001203 124000356 13 
2020-12-07T09:04:23 0 0 경기77바2173 3 45 234001203 104000064 3 
2020-12-07T09:04:23 0 0 경기77바2290 3 43 234001203 124000454 7 
2020-12-07T09:04:23 0 0 경기77바2045 3 33 234001203 234001061 24 
2020-12-07T09:05:22 0 0 경기77바2126 3 31 234001203 277103086 15 
2020-12-07T09:05:22 0 0 경기77바2212 3 34 234001203 124000356 13 
2020-12-07T09:05:22 0 0 경기77바2173 3 45 234001203 104000064 3 
2020-12-07T09:05:22 0 0 경기77바2290 3 43 234001203 124000454 7 
2020-12-07T09:05:22 0 0 경기77바2045 3 33 234001203 234000354 25 
2020-12-07T09:06:21 0 0 경기77바2212 3 34 234001203 124000356 13 
2020-12-07T09:06:21 0 0 경기77바2126 3 31 234001203 277103086 15 
2020-12-07T09:06:21 0 0 경기77바2173 3 45 234001203 104000074 4 
2020-12-07T09:06:21 0 0 경기77바2045 3 33 234001203 234000352 27 
2020-12-07T09:06:21 0 0 경기77바2290 3 42 234001203 124000366 8 
2020-12-07T09:07:21 0 0 경기77바2212 3 34 234001203 124000356 13 
2020-12-07T09:07:21 0 0 경기77바2126 3 31 234001203 277103262 16 
2020-12-07T09:07:21 0 0 경기77바2173 3 45 234001203 104000074 4 
2020-12-07T09:07:21 0 0 경기77바2290 3 42 234001203 124000365 9 
2020-12-07T09:07:21 0 0 경기77바2045 3 33 234001203 234000351 28 
2020-12-07T09:08:21 0 0 경기77바2212 3 34 234001203 124000356 13 
2020-12-07T09:08:21 0 0 경기77바2126 3 31 234001203 277103262 16 
2020-12-07T09:08:21 0 0 경기77바2290 3 42 234001203 124000365 9 
2020-12-07T09:08:21 0 0 경기77바2045 3 34 234001203 234000350 29 
2020-12-07T09:08:21 0 0 경기77바2173 3 45 234001203 277102303 5 
2020-12-07T09:09:21 0 0 경기77바2212 3 34 234001203 124000356 13 
2020-12-07T09:09:21 0 0 경기77바2126 3 31 234001203 277103262 16 
2020-12-07T09:09:21 0 0 경기77바2290 3 42 234001203 124000365 9 
2020-12-07T09:09:21 0 0 경기77바2173 3 45 234001203 277102303 5 
2020-12-07T09:10:20 0 0 경기77바2212 3 34 234001203 124000356 13 
2020-12-07T09:10:20 0 0 경기77바2126 3 31 234001203 277103262 16 
2020-12-07T09:10:20 0 0 경기77바2173 3 45 234001203 277102304 6 
2020-12-07T09:10:20 0 0 경기77바2290 3 42 234001203 124000364 10 
2020-12-07T09:11:19 0 0 경기77바2126 3 31 234001203 277103262 16 
2020-12-07T09:11:19 0 0 경기77바2212 3 34 234001203 277102817 14 
2020-12-07T09:11:19 0 0 경기77바2173 3 45 234001203 277102304 6 
2020-12-07T09:11:19 0 0 경기77바2290 3 42 234001203 124000363 11 
2020-12-07T09:12:19 0 0 경기77바2126 3 31 234001203 277103262 16 
2020-12-07T09:12:19 0 0 경기77바2212 3 34 234001203 277103086 15 
2020-12-07T09:12:19 0 0 경기77바2290 3 42 234001203 124000363 11 
2020-12-07T09:12:19 0 0 경기77바2173 3 44 234001203 124000454 7 
2020-12-07T09:13:19 0 0 경기77바2126 3 31 234001203 277103262 16 
2020-12-07T09:13:19 0 0 경기77바2212 3 34 234001203 277103086 15 
2020-12-07T09:13:19 0 0 경기77바2290 3 42 234001203 124000363 11 
2020-12-07T09:13:19 0 0 경기77바2173 3 43 234001203 124000366 8 
2020-12-07T09:14:18 0 0 경기77바2126 3 31 234001203 277103262 16 
2020-12-07T09:14:18 0 0 경기77바2212 3 34 234001203 277103086 15 
2020-12-07T09:14:18 0 0 경기77바2173 3 43 234001203 124000366 8 
2020-12-07T09:14:18 0 0 경기77바2290 3 42 234001203 124000370 12 
2020-12-07T09:15:18 0 0 경기77바2212 3 34 234001203 277103262 16 
2020-12-07T09:15:18 0 0 경기77바2126 3 31 234001203 277103262 16 
2020-12-07T09:15:18 0 0 경기77바2173 3 43 234001203 124000366 8 
2020-12-07T09:15:18 0 0 경기77바2290 3 42 234001203 124000370 12 
2020-12-07T09:16:17 0 0 경기77바2212 3 34 234001203 277103262 16 
2020-12-07T09:16:17 0 0 경기77바2126 3 31 234001203 277103605 17 
2020-12-07T09:16:17 0 0 경기77바2290 3 42 234001203 124000356 13 
2020-12-07T09:16:17 0 0 경기77바2173 3 43 234001203 124000365 9 
2020-12-07T09:17:18 0 0 경기77바2126 3 32 234001203 277103605 17 
2020-12-07T09:17:18 0 0 경기77바2212 3 34 234001203 277103262 16 
2020-12-07T09:17:18 0 0 경기77바2173 3 43 234001203 124000364 10 
2020-12-07T09:17:18 0 0 경기77바2290 3 39 234001203 124000356 13 
2020-12-07T09:18:16 0 0 경기77바2212 3 34 234001203 277103262 16 
2020-12-07T09:18:16 0 0 경기77바2126 3 32 234001203 234000358 19 
2020-12-07T09:18:16 0 0 경기77바2173 3 43 234001203 124000364 10 
2020-12-07T09:18:16 0 0 경기77바2290 3 39 234001203 124000356 13 
2020-12-07T09:19:16 0 0 경기77바2212 3 34 234001203 277103262 16 
2020-12-07T09:19:16 0 0 경기77바2126 3 33 234001203 234000357 21 
2020-12-07T09:19:16 0 0 경기77바2173 3 43 234001203 124000364 10 
2020-12-07T09:19:16 0 0 경기77바2290 3 39 234001203 124000356 13 
2020-12-07T09:20:15 0 0 경기77바2212 3 34 234001203 277103262 16 
2020-12-07T09:20:15 0 0 경기77바2126 3 33 234001203 234000356 22 
2020-12-07T09:20:15 0 0 경기77바2290 3 39 234001203 124000356 13 
2020-12-07T09:20:15 0 0 경기77바2173 3 43 234001203 124000363 11 
2020-12-07T09:21:15 0 0 경기77바2212 3 34 234001203 277103262 16 
2020-12-07T09:21:15 0 0 경기77바2126 3 33 234001203 234000355 23 
2020-12-07T09:21:15 0 0 경기77바2173 3 43 234001203 124000363 11 
2020-12-07T09:21:15 0 0 경기77바2290 3 39 234001203 124000356 13 
2020-12-07T09:22:14 0 0 경기77바2212 3 34 234001203 277103262 16 
2020-12-07T09:22:14 0 0 경기77바2126 3 33 234001203 234000355 23 
2020-12-07T09:22:14 0 0 경기77바2290 3 39 234001203 124000356 13 
2020-12-07T09:22:14 0 0 경기77바2173 3 43 234001203 124000363 11 
2020-12-07T09:23:13 0 0 경기77바2126 3 33 234001203 234001061 24 
2020-12-07T09:23:13 0 0 경기77바2212 3 34 234001203 277103605 17 
2020-12-07T09:23:13 0 0 경기77바2290 3 39 234001203 124000356 13 
2020-12-07T09:23:13 0 0 경기77바2173 3 43 234001203 124000370 12 
2020-12-07T09:24:13 0 0 경기77바2212 3 34 234001203 277103605 17 
2020-12-07T09:24:13 0 0 경기77바2126 3 33 234001203 234000353 26 
2020-12-07T09:24:13 0 0 경기77바2290 3 39 234001203 124000356 13 
2020-12-07T09:24:13 0 0 경기77바2173 3 43 234001203 124000370 12 
2020-12-07T09:25:13 0 0 경기77바2126 3 33 234001203 234000352 27 
2020-12-07T09:25:13 0 0 경기77바2212 3 35 234001203 234000358 19 
2020-12-07T09:25:13 0 0 경기77바2173 3 43 234001203 124000370 12 
2020-12-07T09:25:13 0 0 경기77바2290 3 39 234001203 277102817 14 
2020-12-07T09:26:12 0 0 경기77바2126 3 33 234001203 234000350 29 
2020-12-07T09:26:12 0 0 경기77바2212 3 35 234001203 234000358 19 
2020-12-07T09:26:12 0 0 경기77바2290 3 39 234001203 277103086 15 
2020-12-07T09:26:12 0 0 경기77바2173 3 43 234001203 124000356 13 
2020-12-07T09:27:12 0 0 경기77바2212 3 35 234001203 234000357 21 
2020-12-07T09:27:12 0 0 경기77바2290 3 39 234001203 277103086 15 
2020-12-07T09:27:12 0 0 경기77바2173 3 43 234001203 124000356 13 
2020-12-07T09:28:11 0 0 경기77바2212 3 35 234001203 234000355 23 
2020-12-07T09:28:11 0 0 경기77바2173 3 43 234001203 124000356 13 
2020-12-07T09:28:11 0 0 경기77바2290 3 39 234001203 277103086 15 
2020-12-07T09:29:10 0 0 경기77바2212 3 35 234001203 234001061 24 
2020-12-07T09:29:10 0 0 경기77바2290 3 39 234001203 277103262 16 
2020-12-07T09:29:10 0 0 경기77바2173 3 43 234001203 124000356 13 
2020-12-07T09:30:10 0 0 경기77바2212 3 35 234001203 234000354 25 
2020-12-07T09:30:10 0 0 경기77바2290 3 39 234001203 277103262 16 
2020-12-07T09:30:10 0 0 경기77바2173 3 43 234001203 124000356 13 
2020-12-07T09:31:09 0 0 경기77바2212 3 35 234001203 234000352 27 
2020-12-07T09:31:09 0 0 경기77바2173 3 43 234001203 124000356 13 
2020-12-07T09:31:09 0 0 경기77바2290 3 39 234001203 277103262 16 
2020-12-07T09:32:08 0 0 경기77바2212 3 35 234001203 234000351 28 
2020-12-07T09:32:08 0 0 경기77바2173 3 43 234001203 124000356 13 
2020-12-07T09:32:08 0 0 경기77바2290 3 39 234001203 277103262 16 
2020-12-07T09:33:09 0 0 경기77바2212 3 35 234001203 234000350 29 
2020-12-07T09:33:09 0 0 경기77바2173 3 43 234001203 124000356 13 
2020-12-07T09:33:09 0 0 경기77바2290 3 39 234001203 277103262 16 
2020-12-07T09:34:08 0 0 경기77바2212 3 35 234001203 234000350 29 
2020-12-07T09:34:08 0 0 경기77바2173 3 43 234001203 124000356 13 
2020-12-07T09:34:08 0 0 경기77바2290 3 39 234001203 277103262 16 
2020-12-07T09:35:07 0 0 경기77바2212 3 35 234001203 234000350 29 
2020-12-07T09:35:07 0 0 경기77바2290 3 39 234001203 277103262 16 
2020-12-07T09:35:07 0 0 경기77바2173 3 43 234001203 277103086 15 
2020-12-07T09:36:06 0 0 경기77바2290 3 39 234001203 277103262 16 
2020-12-07T09:36:06 0 0 경기77바2173 3 43 234001203 277103086 15 
2020-12-07T09:37:06 0 0 경기77바2173 3 43 234001203 277103086 15 
2020-12-07T09:37:06 0 0 경기77바2290 3 39 234001203 277103605 17 
2020-12-07T09:38:05 0 0 경기77바2173 3 43 234001203 277103086 15 
2020-12-07T09:38:05 0 0 경기77바2290 3 40 234001203 234000358 19 
2020-12-07T09:39:05 0 0 경기77바2173 3 43 234001203 277103262 16 
2020-12-07T09:39:05 0 0 경기77바2290 3 40 234001203 234000358 19 
2020-12-07T09:40:04 0 0 경기77바2173 3 43 234001203 277103262 16 
2020-12-07T09:40:04 0 0 경기77바2290 3 40 234001203 234000358 19 
2020-12-07T09:41:03 0 0 경기77바2173 3 43 234001203 277103262 16 
2020-12-07T09:41:03 0 0 경기77바2290 3 41 234001203 234001005 20 
2020-12-07T09:42:03 0 0 경기77바2173 3 43 234001203 277103262 16 
2020-12-07T09:42:03 0 0 경기77바2290 3 40 234001203 234000357 21 
2020-12-07T09:43:02 0 0 경기77바2173 3 43 234001203 277103262 16 
2020-12-07T09:43:02 0 0 경기77바2290 3 40 234001203 234000357 21 
2020-12-07T09:44:01 0 0 경기77바2173 3 43 234001203 277103262 16 
2020-12-07T09:44:01 0 0 경기77바2290 3 40 234001203 234000355 23 
2020-12-07T09:45:00 0 0 경기77바2173 3 43 234001203 277103262 16 
2020-12-07T09:45:00 0 0 경기77바2290 3 40 234001203 234001061 24 
2020-12-07T09:46:00 0 0 경기77바2173 3 43 234001203 277103262 16 
2020-12-07T09:46:00 0 0 경기77바2290 3 40 234001203 234000353 26 
2020-12-07T09:46:59 0 0 경기77바2173 3 43 234001203 277103262 16 
2020-12-07T09:46:59 0 0 경기77바2290 3 40 234001203 234000352 27 
2020-12-07T09:47:59 0 0 경기77바2173 3 43 234001203 277103262 16 
2020-12-07T09:47:59 0 0 경기77바2290 3 40 234001203 234000350 29 
2020-12-07T09:48:58 0 0 경기77바2290 3 40 234001203 234000350 29 
2020-12-07T09:48:58 0 0 경기77바2173 3 43 234001203 234000359 18 
2020-12-07T09:49:57 0 0 경기77바2290 3 40 234001203 234000350 29 
2020-12-07T09:49:57 0 0 경기77바2173 3 43 234001203 234000358 19 
2020-12-07T09:50:58 0 0 경기77바2173 3 43 234001203 234000358 19 
2020-12-07T09:51:57 0 0 경기77바2173 3 43 234001203 234001005 20 
2020-12-07T09:52:56 0 0 경기77바2173 3 44 234001203 234000357 21 
2020-12-07T09:53:56 0 0 경기77바2173 3 44 234001203 234000356 22 
2020-12-07T09:54:55 0 0 경기77바2173 3 44 234001203 234000355 23 
2020-12-07T09:55:53 0 0 경기77바2173 3 44 234001203 234001061 24 
2020-12-07T09:56:54 0 0 경기77바2173 3 44 234001203 234000354 25 
2020-12-07T09:57:53 0 0 경기77바2173 3 44 234001203 234000352 27 
2020-12-07T09:58:52 0 0 경기77바2173 3 44 234001203 234000351 28 
2020-12-07T09:59:52 0 0 경기77바2173 3 44 234001203 234000350 29 
