227000039 2020-12-19T23:15:15.570024+09:00
2020-12-20T06:40:16 0 0 경기75자8580 4 72 227000039 227000677 3 
2020-12-20T06:41:16 0 0 경기75자8580 4 72 227000039 227000677 3 
2020-12-20T06:42:14 0 0 경기75자8580 4 72 227000039 227000308 4 
2020-12-20T06:43:14 0 0 경기75자8580 4 72 227000039 227000308 4 
2020-12-20T06:44:14 0 0 경기75자8580 4 72 227000039 227000304 5 
2020-12-20T06:45:14 0 0 경기75자8580 4 72 227000039 227000310 7 
2020-12-20T06:46:13 0 0 경기75자8580 4 72 227000039 227000310 7 
2020-12-20T06:47:12 0 0 경기75자8580 4 72 227000039 227000310 7 
2020-12-20T06:48:12 0 0 경기75자8580 4 72 227000039 227000205 8 
2020-12-20T06:49:11 0 0 경기75자8580 4 72 227000039 227000207 9 
2020-12-20T06:50:11 0 0 경기75자8580 4 72 227000039 227000209 10 
2020-12-20T06:51:10 0 0 경기75자8580 4 72 227000039 227000211 11 
2020-12-20T06:52:10 0 0 경기75자8580 4 72 227000039 227000257 13 
2020-12-20T06:53:09 0 0 경기75자8580 4 72 227000039 227000072 14 
2020-12-20T06:54:08 0 0 경기75자8580 4 72 227000039 227000678 15 
2020-12-20T06:55:07 0 0 경기75자8580 4 72 227000039 227000678 15 
2020-12-20T06:56:07 0 0 경기75자8580 4 72 227000039 227000269 16 
2020-12-20T06:57:06 0 0 경기75자8580 4 72 227000039 227000230 18 
2020-12-20T06:58:05 0 0 경기75자8580 4 72 227000039 227000485 19 
2020-12-20T06:59:05 0 0 경기75자8580 4 72 227000039 227000291 20 
2020-12-20T07:00:04 0 0 경기75자8580 4 72 227000039 227000291 20 
2020-12-20T07:01:04 0 0 경기75자8580 4 72 227000039 227000282 21 
2020-12-20T07:02:03 0 0 경기75자8580 4 72 227000039 227000282 21 
2020-12-20T07:03:02 0 0 경기75자8580 4 72 227000039 277103350 22 
2020-12-20T07:04:01 0 0 경기75자8580 4 72 227000039 277103350 22 
2020-12-20T07:05:00 0 0 경기75자8580 4 72 227000039 277103348 23 
2020-12-20T07:06:01 0 0 경기75자8580 4 72 227000039 277103348 23 
2020-12-20T07:07:00 0 0 경기75자8580 4 72 227000039 277103348 23 
2020-12-20T07:08:00 0 0 경기75자8580 4 72 227000039 277103352 24 
2020-12-20T07:09:00 0 0 경기75자8580 4 72 227000039 277103352 24 
2020-12-20T07:10:00 0 0 경기75자8580 4 72 227000039 277102840 25 
2020-12-20T07:10:59 0 0 경기75자8580 4 72 227000039 277102840 25 
2020-12-20T07:11:59 0 0 경기75자8580 4 72 227000039 277102840 25 
2020-12-20T07:12:59 0 0 경기75자8580 4 72 227000039 277102840 25 
2020-12-20T07:13:59 0 0 경기75자8580 4 72 227000039 277102840 25 
2020-12-20T07:14:58 0 0 경기75자8580 4 72 227000039 277101950 27 
2020-12-20T07:15:58 0 0 경기75자8580 4 72 227000039 277101950 27 
2020-12-20T07:16:57 0 0 경기75자8580 4 72 227000039 277101950 27 
2020-12-20T07:17:57 0 0 경기75자8580 4 72 227000039 277101950 27 
2020-12-20T07:18:57 0 0 경기75자8580 4 72 227000039 277102068 28 
2020-12-20T07:19:56 0 0 경기75자8580 4 72 227000039 123000511 29 
2020-12-20T07:20:55 0 0 경기75자8580 4 72 227000039 123000511 29 
2020-12-20T07:21:55 0 0 경기75자8580 4 72 227000039 123000511 29 
2020-12-20T07:22:55 0 0 경기75자8580 4 72 227000039 277102842 30 
2020-12-20T07:23:54 0 0 경기75자8580 4 72 227000039 277102842 30 
2020-12-20T07:24:54 0 0 경기75자8580 4 72 227000039 277103353 31 
2020-12-20T07:25:53 0 0 경기75자8580 4 72 227000039 277103353 31 
2020-12-20T07:26:54 0 0 경기75자8580 4 72 227000039 277103353 31 
2020-12-20T07:27:54 0 0 경기75자8580 4 72 227000039 277103349 32 
2020-12-20T07:28:52 0 0 경기75자8580 4 72 227000039 277103349 32 
2020-12-20T07:29:52 0 0 경기75자8580 4 72 227000039 277103351 33 
2020-12-20T07:30:51 0 0 경기75자8580 4 72 227000039 277103351 33 
2020-12-20T07:31:50 0 0 경기75자8580 4 72 227000039 277103351 33 
2020-12-20T07:32:50 0 0 경기75자8580 4 72 227000039 227000284 34 
2020-12-20T07:33:49 0 0 경기75자8580 4 72 227000039 227000284 34 
2020-12-20T07:34:49 0 0 경기75자8580 4 72 227000039 227000284 34 
2020-12-20T07:35:48 0 0 경기75자8580 4 72 227000039 227000484 36 
2020-12-20T07:36:47 0 0 경기75자8580 4 72 227000039 227000484 36 
2020-12-20T07:37:47 0 0 경기75자8580 4 72 227000039 227000232 37 
2020-12-20T07:38:46 0 0 경기75자8580 4 72 227000039 227000268 39 
2020-12-20T07:39:45 0 0 경기75자8580 4 72 227000039 227000268 39 
2020-12-20T07:40:44 0 0 경기75자8580 4 72 227000039 227000679 40 
2020-12-20T07:41:43 0 0 경기75자8580 4 72 227000039 227000256 42 
2020-12-20T07:42:43 0 0 경기75자8580 4 72 227000039 227000212 44 
2020-12-20T07:43:42 0 0 경기75자8580 4 72 227000039 227000212 44 
2020-12-20T07:44:45 0 0 경기75자8580 4 72 227000039 227000630 46 
2020-12-20T07:45:40 0 0 경기75자8580 4 72 227000039 227000206 48 
2020-12-20T07:46:40 0 0 경기75자8580 4 72 227000039 227000206 48 
2020-12-20T07:47:39 0 0 경기75자8580 4 72 227000039 227000311 49 
2020-12-20T07:48:39 0 0 경기75자8580 4 72 227000039 227000311 49 
2020-12-20T07:49:39 0 0 경기75자8580 4 72 227000039 227000665 51 
2020-12-20T07:50:38 0 0 경기75자8580 4 72 227000039 227000305 52 
2020-12-20T07:51:37 0 0 경기75자8580 4 72 227000039 227000306 54 
2020-12-20T07:52:36 0 0 경기75자8580 4 72 227000039 227000306 54 
2020-12-20T07:53:36 0 0 경기75자8580 4 72 227000039 227000334 55 
2020-12-20T07:54:35 0 0 경기75자8580 4 72 227000039 227000334 55 
2020-12-20T07:55:34 0 0 경기75자8580 4 72 227000039 227000334 55 
2020-12-20T08:57:01 0 0 경기75자8580 4 72 227000039 227000261 2 
2020-12-20T08:58:01 0 0 경기75자8580 4 72 227000039 227000677 3 
2020-12-20T08:59:00 0 0 경기75자8580 4 72 227000039 227000677 3 
2020-12-20T08:59:59 0 0 경기75자8580 4 72 227000039 227000308 4 
2020-12-20T09:00:59 0 0 경기75자8580 4 72 227000039 227000308 4 
2020-12-20T09:01:58 0 0 경기75자8580 4 72 227000039 227000666 6 
2020-12-20T09:02:58 0 0 경기75자8580 4 72 227000039 227000310 7 
2020-12-20T09:03:58 0 0 경기75자8580 4 72 227000039 227000310 7 
2020-12-20T09:04:58 0 0 경기75자8580 4 72 227000039 227000310 7 
2020-12-20T09:05:58 0 0 경기75자8580 4 72 227000039 227000207 9 
2020-12-20T09:06:57 0 0 경기75자8580 4 72 227000039 227000209 10 
2020-12-20T09:07:57 0 0 경기75자8580 4 72 227000039 227000209 10 
2020-12-20T09:08:56 0 0 경기75자8580 4 72 227000039 227000191 12 
2020-12-20T09:09:56 0 0 경기75자8580 4 71 227000039 227000072 14 
2020-12-20T09:10:55 0 0 경기75자8580 4 71 227000039 227000072 14 
2020-12-20T09:11:54 0 0 경기75자8580 4 71 227000039 227000678 15 
2020-12-20T09:12:53 0 0 경기75자8580 4 71 227000039 227000269 16 
2020-12-20T09:13:53 0 0 경기75자8580 4 71 227000039 227000269 16 
2020-12-20T09:14:53 0 0 경기75자8580 4 71 227000039 227000280 17 
2020-12-20T09:15:52 0 0 경기75자8580 4 70 227000039 227000230 18 
2020-12-20T09:16:52 0 0 경기75자8580 4 69 227000039 227000485 19 
2020-12-20T09:17:51 0 0 경기75자8580 4 69 227000039 227000291 20 
2020-12-20T09:18:51 0 0 경기75자8580 4 69 227000039 227000291 20 
2020-12-20T09:19:50 0 0 경기75자8580 4 69 227000039 227000282 21 
2020-12-20T09:20:48 0 0 경기75자8580 4 69 227000039 227000282 21 
2020-12-20T09:21:48 0 0 경기75자8580 4 69 227000039 277103350 22 
2020-12-20T09:22:48 0 0 경기75자8580 4 69 227000039 277103350 22 
2020-12-20T09:23:48 0 0 경기75자8580 4 69 227000039 277103348 23 
2020-12-20T09:24:47 0 0 경기75자8580 4 69 227000039 277103348 23 
2020-12-20T09:25:46 0 0 경기75자8580 4 69 227000039 277103348 23 
2020-12-20T09:26:46 0 0 경기75자8580 4 69 227000039 277103352 24 
2020-12-20T09:27:45 0 0 경기75자8580 4 69 227000039 277102840 25 
2020-12-20T09:28:44 0 0 경기75자8580 4 69 227000039 277102840 25 
2020-12-20T09:29:44 0 0 경기75자8580 4 69 227000039 277102840 25 
2020-12-20T09:30:43 0 0 경기75자8580 4 69 227000039 277102840 25 
2020-12-20T09:31:42 0 0 경기75자8580 4 69 227000039 277102840 25 
2020-12-20T09:32:42 0 0 경기75자8580 4 69 227000039 123000048 26 
2020-12-20T09:33:41 0 0 경기75자8580 4 72 227000039 277101950 27 
2020-12-20T09:34:41 0 0 경기75자8580 4 72 227000039 277101950 27 
2020-12-20T09:35:41 0 0 경기75자8580 4 72 227000039 277101950 27 
2020-12-20T09:36:40 0 0 경기75자8580 4 72 227000039 277102068 28 
2020-12-20T09:37:40 0 0 경기75자8580 4 72 227000039 277102068 28 
2020-12-20T09:38:39 0 0 경기75자8580 4 71 227000039 123000511 29 
2020-12-20T09:39:39 0 0 경기75자8580 4 71 227000039 123000511 29 
2020-12-20T09:40:38 0 0 경기75자8580 4 71 227000039 123000511 29 
2020-12-20T09:41:38 0 0 경기75자8580 4 71 227000039 123000511 29 
2020-12-20T09:42:36 0 0 경기75자8580 4 71 227000039 277102842 30 
2020-12-20T09:43:36 0 0 경기75자8580 4 71 227000039 277103353 31 
2020-12-20T09:44:35 0 0 경기75자8580 4 71 227000039 277103353 31 
2020-12-20T09:45:34 0 0 경기75자8580 4 71 227000039 277103353 31 
2020-12-20T09:46:33 0 0 경기75자8580 4 71 227000039 277103349 32 
2020-12-20T09:47:33 0 0 경기75자8580 4 71 227000039 277103349 32 
2020-12-20T09:48:32 0 0 경기75자8580 4 71 227000039 277103351 33 
2020-12-20T09:49:31 0 0 경기75자8580 4 71 227000039 277103351 33 
2020-12-20T09:50:31 0 0 경기75자8580 4 71 227000039 277103351 33 
2020-12-20T09:51:32 0 0 경기75자8580 4 71 227000039 227000284 34 
2020-12-20T09:52:31 0 0 경기75자8580 4 72 227000039 227000656 35 
2020-12-20T09:53:31 0 0 경기75자8580 4 72 227000039 227000656 35 
2020-12-20T09:54:30 0 0 경기75자8580 4 72 227000039 227000232 37 
2020-12-20T09:55:29 0 0 경기75자8580 4 72 227000039 227000268 39 
2020-12-20T09:56:29 0 0 경기75자8580 4 72 227000039 227000268 39 
2020-12-20T09:57:28 0 0 경기75자8580 4 72 227000039 227000679 40 
2020-12-20T09:58:28 0 0 경기75자8580 4 72 227000039 227000679 40 
2020-12-20T09:59:27 0 0 경기75자8580 4 72 227000039 227000679 40 
2020-12-20T10:00:27 0 0 경기75자8580 4 72 227000039 227000192 43 
2020-12-20T10:01:27 0 0 경기75자8580 4 72 227000039 227000212 44 
2020-12-20T10:02:26 0 0 경기75자8580 4 72 227000039 227000212 44 
2020-12-20T10:03:26 0 0 경기75자8580 4 72 227000039 227000208 47 
2020-12-20T10:04:26 0 0 경기75자8580 4 72 227000039 227000206 48 
2020-12-20T10:05:26 0 0 경기75자8580 4 72 227000039 227000206 48 
2020-12-20T10:06:26 0 0 경기75자8580 4 72 227000039 227000311 49 
2020-12-20T10:07:25 0 0 경기75자8580 4 72 227000039 227000665 51 
2020-12-20T10:08:25 0 0 경기75자8580 4 72 227000039 227000305 52 
2020-12-20T10:09:24 0 0 경기75자8580 4 72 227000039 227000306 54 
2020-12-20T10:10:24 0 0 경기75자8580 4 72 227000039 227000306 54 
2020-12-20T10:11:24 0 0 경기75자8580 4 72 227000039 227000334 55 
2020-12-20T10:12:23 0 0 경기75자8580 4 72 227000039 227000334 55 
2020-12-20T10:13:23 0 0 경기75자8580 4 72 227000039 227000334 55 
2020-12-20T11:46:48 0 0 경기75자8580 4 72 227000039 227000261 2 
2020-12-20T11:47:47 0 0 경기75자8580 4 72 227000039 227000261 2 
2020-12-20T11:48:46 0 0 경기75자8580 4 72 227000039 227000677 3 
2020-12-20T11:49:46 0 0 경기75자8580 4 72 227000039 227000677 3 
2020-12-20T11:50:45 0 0 경기75자8580 4 70 227000039 227000308 4 
2020-12-20T11:51:45 0 0 경기75자8580 4 70 227000039 227000308 4 
2020-12-20T11:52:44 0 0 경기75자8580 4 70 227000039 227000666 6 
2020-12-20T11:53:43 0 0 경기75자8580 4 70 227000039 227000310 7 
2020-12-20T11:54:43 0 0 경기75자8580 4 70 227000039 227000310 7 
2020-12-20T11:55:43 0 0 경기75자8580 4 70 227000039 227000207 9 
2020-12-20T11:56:42 0 0 경기75자8580 4 70 227000039 227000209 10 
2020-12-20T11:57:42 0 0 경기75자8580 4 70 227000039 227000209 10 
2020-12-20T11:58:41 0 0 경기75자8580 4 70 227000039 227000211 11 
2020-12-20T11:59:41 0 0 경기75자8580 4 70 227000039 227000072 14 
2020-12-20T12:00:40 0 0 경기75자8580 4 69 227000039 227000072 14 
2020-12-20T12:01:39 0 0 경기75자8580 4 69 227000039 227000678 15 
2020-12-20T12:02:39 0 0 경기75자8580 4 69 227000039 227000269 16 
2020-12-20T12:03:39 0 0 경기75자8580 4 69 227000039 227000269 16 
2020-12-20T12:04:38 0 0 경기75자8580 4 69 227000039 227000269 16 
2020-12-20T12:05:37 0 0 경기75자8580 4 69 227000039 227000230 18 
2020-12-20T12:06:37 0 0 경기75자8580 4 69 227000039 227000485 19 
2020-12-20T12:07:37 0 0 경기75자8580 4 68 227000039 227000485 19 
2020-12-20T12:08:35 0 0 경기75자8580 4 68 227000039 227000485 19 
2020-12-20T12:09:36 0 0 경기75자8580 4 70 227000039 227000291 20 
2020-12-20T12:10:35 0 0 경기75자8580 4 70 227000039 227000291 20 
2020-12-20T12:11:35 0 0 경기75자8580 4 69 227000039 227000291 20 
2020-12-20T12:12:34 0 0 경기75자8580 4 69 227000039 227000282 21 
2020-12-20T12:13:33 0 0 경기75자8580 4 69 227000039 227000282 21 
2020-12-20T12:14:33 0 0 경기75자8580 4 69 227000039 227000282 21 
2020-12-20T12:15:32 0 0 경기75자8580 4 69 227000039 227000282 21 
2020-12-20T12:16:32 0 0 경기75자8580 4 69 227000039 227000282 21 
2020-12-20T12:17:32 0 0 경기75자8580 4 69 227000039 227000282 21 
2020-12-20T12:18:31 0 0 경기75자8580 4 69 227000039 227000282 21 
2020-12-20T12:19:31 0 0 경기75자8580 4 69 227000039 277103350 22 
2020-12-20T12:20:31 0 0 경기75자8580 4 69 227000039 277103350 22 
2020-12-20T12:21:31 0 0 경기75자8580 4 69 227000039 277103350 22 
2020-12-20T12:22:30 0 0 경기75자8580 4 69 227000039 277103348 23 
2020-12-20T12:23:30 0 0 경기75자8580 4 69 227000039 277103348 23 
2020-12-20T12:24:29 0 0 경기75자8580 4 69 227000039 277103352 24 
2020-12-20T12:25:29 0 0 경기75자8580 4 69 227000039 277103352 24 
2020-12-20T12:26:27 0 0 경기75자8580 4 69 227000039 277102840 25 
2020-12-20T12:27:27 0 0 경기75자8580 4 69 227000039 277102840 25 
2020-12-20T12:28:27 0 0 경기75자8580 4 69 227000039 277102840 25 
2020-12-20T12:29:26 0 0 경기75자8580 4 69 227000039 123000048 26 
2020-12-20T12:30:26 0 0 경기75자8580 4 72 227000039 123000048 26 
2020-12-20T12:31:26 0 0 경기75자8580 4 72 227000039 123000048 26 
2020-12-20T12:32:26 0 0 경기75자8580 4 72 227000039 123000048 26 
2020-12-20T12:33:25 0 0 경기75자8580 4 72 227000039 123000048 26 
2020-12-20T12:34:24 0 0 경기75자8580 4 72 227000039 277101950 27 
2020-12-20T12:35:24 0 0 경기75자8580 4 72 227000039 277101950 27 
2020-12-20T12:36:24 0 0 경기75자8580 4 72 227000039 277101950 27 
2020-12-20T12:37:24 0 0 경기75자8580 4 72 227000039 277101950 27 
2020-12-20T12:38:24 0 0 경기75자8580 4 72 227000039 277101950 27 
2020-12-20T12:39:24 0 0 경기75자8580 4 72 227000039 277102068 28 
2020-12-20T12:40:23 0 0 경기75자8580 4 68 227000039 123000511 29 
2020-12-20T12:41:22 0 0 경기75자8580 4 68 227000039 123000511 29 
2020-12-20T12:42:22 0 0 경기75자8580 4 68 227000039 123000511 29 
2020-12-20T12:43:21 0 0 경기75자8580 4 68 227000039 277102842 30 
2020-12-20T12:44:21 0 0 경기75자8580 4 68 227000039 277103353 31 
2020-12-20T12:45:21 0 0 경기75자8580 4 68 227000039 277103353 31 
2020-12-20T12:46:21 0 0 경기75자8580 4 68 227000039 277103353 31 
2020-12-20T12:47:20 0 0 경기75자8580 4 68 227000039 277103349 32 
2020-12-20T12:48:20 0 0 경기75자8580 4 68 227000039 277103349 32 
2020-12-20T12:49:20 0 0 경기75자8580 4 69 227000039 277103351 33 
2020-12-20T12:50:20 0 0 경기75자8580 4 69 227000039 277103351 33 
2020-12-20T12:51:19 0 0 경기75자8580 4 69 227000039 277103351 33 
2020-12-20T12:52:18 0 0 경기75자8580 4 69 227000039 277103351 33 
2020-12-20T12:53:18 0 0 경기75자8580 4 69 227000039 277103351 33 
2020-12-20T12:54:18 0 0 경기75자8580 4 69 227000039 227000284 34 
2020-12-20T12:55:17 0 0 경기75자8580 4 69 227000039 227000284 34 
2020-12-20T12:56:17 0 0 경기75자8580 4 69 227000039 227000284 34 
2020-12-20T12:57:17 0 0 경기75자8580 4 69 227000039 227000484 36 
2020-12-20T12:58:17 0 0 경기75자8580 4 69 227000039 227000484 36 
2020-12-20T12:59:16 0 0 경기75자8580 4 70 227000039 227000232 37 
2020-12-20T13:00:15 0 0 경기75자8580 4 70 227000039 227000281 38 
2020-12-20T13:01:15 0 0 경기75자8580 4 70 227000039 227000268 39 
2020-12-20T13:02:15 0 0 경기75자8580 4 70 227000039 227000679 40 
2020-12-20T13:03:15 0 0 경기75자8580 4 70 227000039 227000071 41 
2020-12-20T13:04:15 0 0 경기75자8580 4 70 227000039 227000071 41 
2020-12-20T13:05:15 0 0 경기75자8580 4 70 227000039 227000192 43 
2020-12-20T13:06:14 0 0 경기75자8580 4 70 227000039 227000210 45 
2020-12-20T13:07:14 0 0 경기75자8580 4 70 227000039 227000210 45 
2020-12-20T13:08:14 0 0 경기75자8580 4 70 227000039 227000208 47 
2020-12-20T13:09:13 0 0 경기75자8580 4 70 227000039 227000311 49 
2020-12-20T13:10:13 0 0 경기75자8580 4 70 227000039 227000311 49 
2020-12-20T13:11:13 0 0 경기75자8580 4 70 227000039 227000311 49 
2020-12-20T13:12:12 0 0 경기75자8580 4 70 227000039 227000665 51 
2020-12-20T13:13:12 0 0 경기75자8580 4 72 227000039 227000306 54 
2020-12-20T13:14:12 0 0 경기75자8580 4 72 227000039 227000306 54 
2020-12-20T13:15:11 0 0 경기75자8580 4 72 227000039 227000334 55 
2020-12-20T13:16:10 0 0 경기75자8580 4 72 227000039 227000334 55 
2020-12-20T13:17:10 0 0 경기75자8580 4 72 227000039 227000334 55 
2020-12-20T13:18:09 0 0 경기75자8580 4 72 227000039 227000334 55 
2020-12-20T13:19:09 0 0 경기75자8580 4 72 227000039 227000334 55 
2020-12-20T13:20:08 0 0 경기75자8580 4 72 227000039 227000334 55 
2020-12-20T13:21:07 0 0 경기75자8580 4 72 227000039 227000334 55 
2020-12-20T13:22:06 0 0 경기75자8580 4 72 227000039 227000334 55 
2020-12-20T13:23:06 0 0 경기75자8580 4 72 227000039 227000334 55 
2020-12-20T13:24:05 0 0 경기75자8580 4 72 227000039 227000334 55 
2020-12-20T13:25:04 0 0 경기75자8580 4 72 227000039 227000334 55 
2020-12-20T13:26:04 0 0 경기75자8580 4 72 227000039 227000334 55 
2020-12-20T13:27:03 0 0 경기75자8580 4 72 227000039 227000334 55 
2020-12-20T13:28:02 0 0 경기75자8580 4 72 227000039 227000334 55 
2020-12-20T13:29:02 0 0 경기75자8580 4 72 227000039 227000334 55 
2020-12-20T13:30:02 0 0 경기75자8580 4 72 227000039 227000334 55 
2020-12-20T14:51:33 0 0 경기75자8579 4 72 227000039 277103042 1 
2020-12-20T14:52:33 0 0 경기75자8579 4 72 227000039 277103042 1 
2020-12-20T14:53:33 0 0 경기75자8579 4 72 227000039 277103042 1 
2020-12-20T14:54:33 0 0 경기75자8579 4 72 227000039 277103042 1 
2020-12-20T14:55:32 0 0 경기75자8579 4 72 227000039 277103042 1 
2020-12-20T14:56:32 0 0 경기75자8579 4 72 227000039 277103042 1 
2020-12-20T14:57:32 0 0 경기75자8579 4 72 227000039 277103042 1 
2020-12-20T14:58:31 0 0 경기75자8579 4 72 227000039 277103042 1 
2020-12-20T14:59:31 0 0 경기75자8579 4 72 227000039 277103042 1 
2020-12-20T15:00:31 0 0 경기75자8579 4 72 227000039 277103042 1 
2020-12-20T15:01:31 0 0 경기75자8579 4 72 227000039 277103042 1 
2020-12-20T15:02:30 0 0 경기75자8579 4 72 227000039 277103042 1 
2020-12-20T15:03:30 0 0 경기75자8579 4 72 227000039 277103042 1 
2020-12-20T15:04:30 0 0 경기75자8579 4 72 227000039 227000261 2 
2020-12-20T15:05:29 0 0 경기75자8579 4 72 227000039 227000261 2 
2020-12-20T15:06:29 0 0 경기75자8579 4 72 227000039 227000261 2 
2020-12-20T15:07:29 0 0 경기75자8579 4 72 227000039 227000261 2 
2020-12-20T15:08:29 0 0 경기75자8579 4 72 227000039 227000261 2 
2020-12-20T15:09:29 0 0 경기75자8579 4 72 227000039 227000261 2 
2020-12-20T15:10:28 0 0 경기75자8579 4 72 227000039 227000261 2 
2020-12-20T15:11:27 0 0 경기75자8579 4 72 227000039 227000261 2 
2020-12-20T15:12:27 0 0 경기75자8579 4 72 227000039 227000261 2 
2020-12-20T15:13:27 0 0 경기75자8579 4 72 227000039 227000261 2 
2020-12-20T15:14:27 0 0 경기75자8579 4 72 227000039 227000261 2 
2020-12-20T15:15:27 0 0 경기75자8579 4 72 227000039 227000261 2 
2020-12-20T15:16:26 0 0 경기75자8579 4 72 227000039 227000261 2 
2020-12-20T15:17:26 0 0 경기75자8579 4 72 227000039 227000261 2 
2020-12-20T15:18:26 0 0 경기75자8579 4 72 227000039 227000261 2 
2020-12-20T15:24:24 0 0 경기75자8580 4 72 227000039 227000261 2 
2020-12-20T15:25:24 0 0 경기75자8580 4 72 227000039 227000677 3 
2020-12-20T15:26:24 0 0 경기75자8580 4 72 227000039 227000677 3 
2020-12-20T15:27:23 0 0 경기75자8580 4 72 227000039 227000308 4 
2020-12-20T15:28:23 0 0 경기75자8580 4 72 227000039 227000308 4 
2020-12-20T15:29:23 0 0 경기75자8580 4 72 227000039 227000304 5 
2020-12-20T15:30:23 0 0 경기75자8580 4 72 227000039 227000304 5 
2020-12-20T15:31:22 0 0 경기75자8580 4 72 227000039 227000304 5 
2020-12-20T15:32:22 0 0 경기75자8580 4 72 227000039 227000666 6 
2020-12-20T15:33:22 0 0 경기75자8580 4 72 227000039 227000310 7 
2020-12-20T15:34:22 0 0 경기75자8580 4 72 227000039 227000310 7 
2020-12-20T15:35:21 0 0 경기75자8580 4 72 227000039 227000205 8 
2020-12-20T15:36:21 0 0 경기75자8580 4 72 227000039 227000209 10 
2020-12-20T15:37:21 0 0 경기75자8580 4 72 227000039 227000209 10 
2020-12-20T15:38:20 0 0 경기75자8580 4 72 227000039 227000211 11 
2020-12-20T15:39:20 0 0 경기75자8580 4 72 227000039 227000257 13 
2020-12-20T15:40:20 0 0 경기75자8580 4 72 227000039 227000257 13 
2020-12-20T15:41:20 0 0 경기75자8580 4 72 227000039 227000072 14 
2020-12-20T15:42:20 0 0 경기75자8580 4 72 227000039 227000678 15 
2020-12-20T15:43:19 0 0 경기75자8580 4 72 227000039 227000678 15 
2020-12-20T15:44:19 0 0 경기75자8580 4 72 227000039 227000678 15 
2020-12-20T15:45:19 0 0 경기75자8580 4 72 227000039 227000269 16 
2020-12-20T15:46:19 0 0 경기75자8580 4 72 227000039 227000269 16 
2020-12-20T15:47:19 0 0 경기75자8580 4 72 227000039 227000280 17 
2020-12-20T15:48:18 0 0 경기75자8580 4 72 227000039 227000230 18 
2020-12-20T15:49:18 0 0 경기75자8580 4 72 227000039 227000485 19 
2020-12-20T15:50:18 0 0 경기75자8580 4 72 227000039 227000485 19 
2020-12-20T15:51:17 0 0 경기75자8580 4 72 227000039 227000485 19 
2020-12-20T15:52:17 0 0 경기75자8580 4 72 227000039 227000291 20 
2020-12-20T15:53:16 0 0 경기75자8580 4 72 227000039 227000291 20 
2020-12-20T15:54:16 0 0 경기75자8580 4 72 227000039 227000282 21 
2020-12-20T15:55:15 0 0 경기75자8580 4 72 227000039 227000282 21 
2020-12-20T15:56:15 0 0 경기75자8580 4 72 227000039 227000282 21 
2020-12-20T15:57:15 0 0 경기75자8580 4 72 227000039 227000282 21 
2020-12-20T15:58:14 0 0 경기75자8580 4 72 227000039 227000282 21 
2020-12-20T15:59:13 0 0 경기75자8580 4 72 227000039 227000282 21 
2020-12-20T16:00:12 0 0 경기75자8580 4 72 227000039 277103350 22 
2020-12-20T16:01:12 0 0 경기75자8580 4 72 227000039 277103350 22 
2020-12-20T16:02:12 0 0 경기75자8580 4 72 227000039 277103350 22 
2020-12-20T16:03:11 0 0 경기75자8580 4 72 227000039 277103350 22 
2020-12-20T16:04:10 0 0 경기75자8580 4 72 227000039 277103348 23 
2020-12-20T16:05:10 0 0 경기75자8580 4 72 227000039 277103348 23 
2020-12-20T16:06:10 0 0 경기75자8580 4 72 227000039 277103348 23 
2020-12-20T16:07:09 0 0 경기75자8580 4 72 227000039 277103352 24 
2020-12-20T16:08:09 0 0 경기75자8580 4 72 227000039 277102840 25 
2020-12-20T16:09:08 0 0 경기75자8580 4 72 227000039 277102840 25 
2020-12-20T16:10:08 0 0 경기75자8580 4 72 227000039 277102840 25 
2020-12-20T16:11:07 0 0 경기75자8580 4 72 227000039 277102840 25 
2020-12-20T16:12:08 0 0 경기75자8580 4 72 227000039 277102840 25 
2020-12-20T16:13:07 0 0 경기75자8580 4 72 227000039 123000048 26 
2020-12-20T16:14:06 0 0 경기75자8580 4 72 227000039 123000048 26 
2020-12-20T16:15:05 0 0 경기75자8580 4 72 227000039 123000048 26 
2020-12-20T16:16:05 0 0 경기75자8580 4 72 227000039 123000048 26 
2020-12-20T16:17:04 0 0 경기75자8580 4 72 227000039 277101950 27 
2020-12-20T16:18:03 0 0 경기75자8580 4 72 227000039 277101950 27 
2020-12-20T16:19:03 0 0 경기75자8580 4 72 227000039 277101950 27 
2020-12-20T16:20:02 0 0 경기75자8580 4 72 227000039 277101950 27 
2020-12-20T16:21:02 0 0 경기75자8580 4 72 227000039 277102068 28 
2020-12-20T16:22:02 0 0 경기75자8580 4 72 227000039 277102068 28 
2020-12-20T16:23:01 0 0 경기75자8580 4 72 227000039 123000511 29 
2020-12-20T16:24:01 0 0 경기75자8580 4 68 227000039 123000511 29 
2020-12-20T16:25:01 0 0 경기75자8580 4 68 227000039 123000511 29 
2020-12-20T16:26:00 0 0 경기75자8580 4 68 227000039 277102842 30 
2020-12-20T16:27:00 0 0 경기75자8580 4 68 227000039 277103353 31 
2020-12-20T16:27:59 0 0 경기75자8580 4 68 227000039 277103353 31 
2020-12-20T16:28:58 0 0 경기75자8580 4 68 227000039 277103353 31 
2020-12-20T16:29:58 0 0 경기75자8580 4 68 227000039 277103349 32 
2020-12-20T16:30:57 0 0 경기75자8580 4 68 227000039 277103349 32 
2020-12-20T16:31:57 0 0 경기75자8580 4 68 227000039 277103351 33 
2020-12-20T16:32:56 0 0 경기75자8580 4 68 227000039 277103351 33 
2020-12-20T16:33:56 0 0 경기75자8580 4 68 227000039 277103351 33 
2020-12-20T16:34:56 0 0 경기75자8580 4 68 227000039 227000284 34 
2020-12-20T16:35:55 0 0 경기75자8580 4 68 227000039 227000284 34 
2020-12-20T16:36:55 0 0 경기75자8580 4 68 227000039 227000284 34 
2020-12-20T16:37:54 0 0 경기75자8580 4 69 227000039 227000656 35 
2020-12-20T16:38:54 0 0 경기75자8580 4 69 227000039 227000656 35 
2020-12-20T16:39:54 0 0 경기75자8580 4 69 227000039 227000484 36 
2020-12-20T16:40:54 0 0 경기75자8580 4 70 227000039 227000232 37 
2020-12-20T16:41:54 0 0 경기75자8580 4 70 227000039 227000232 37 
2020-12-20T16:42:54 0 0 경기75자8580 4 70 227000039 227000281 38 
2020-12-20T16:43:53 0 0 경기75자8580 4 70 227000039 227000268 39 
2020-12-20T16:44:53 0 0 경기75자8580 4 72 227000039 227000268 39 
2020-12-20T16:45:53 0 0 경기75자8580 4 71 227000039 227000679 40 
2020-12-20T16:46:52 0 0 경기75자8580 4 71 227000039 227000679 40 
2020-12-20T16:47:52 0 0 경기75자8580 4 71 227000039 227000071 41 
2020-12-20T16:48:52 0 0 경기75자8580 4 71 227000039 227000071 41 
2020-12-20T16:49:51 0 0 경기75자8580 4 71 227000039 227000256 42 
2020-12-20T16:50:50 0 0 경기75자8580 4 70 227000039 227000212 44 
2020-12-20T16:51:50 0 0 경기75자8580 4 70 227000039 227000210 45 
2020-12-20T16:52:50 0 0 경기75자8580 4 70 227000039 227000210 45 
2020-12-20T16:53:49 0 0 경기75자8580 4 70 227000039 227000208 47 
2020-12-20T16:54:48 0 0 경기75자8580 4 70 227000039 227000206 48 
2020-12-20T16:55:48 0 0 경기75자8580 4 70 227000039 227000206 48 
2020-12-20T16:56:48 0 0 경기75자8580 4 70 227000039 227000311 49 
2020-12-20T16:57:48 0 0 경기75자8580 4 71 227000039 227000664 50 
2020-12-20T16:58:47 0 0 경기75자8580 4 71 227000039 227000665 51 
2020-12-20T16:59:47 0 0 경기75자8580 4 71 227000039 227000305 52 
2020-12-20T17:00:47 0 0 경기75자8580 4 71 227000039 227000305 52 
2020-12-20T17:01:47 0 0 경기75자8580 4 72 227000039 227000307 53 
2020-12-20T17:02:46 0 0 경기75자8580 4 72 227000039 227000306 54 
2020-12-20T17:03:46 0 0 경기75자8580 4 72 227000039 227000334 55 
2020-12-20T17:04:45 0 0 경기75자8580 4 72 227000039 227000334 55 
2020-12-20T17:05:44 0 0 경기75자8580 4 72 227000039 227000334 55 
2020-12-20T17:06:44 0 0 경기75자8580 4 72 227000039 227000334 55 
2020-12-20T17:07:43 0 0 경기75자8580 4 72 227000039 227000334 55 
2020-12-20T18:08:20 0 0 경기75자8580 4 72 227000039 227000261 2 
2020-12-20T18:09:20 0 0 경기75자8580 4 72 227000039 227000261 2 
2020-12-20T18:10:20 0 0 경기75자8580 4 72 227000039 227000677 3 
2020-12-20T18:11:20 0 0 경기75자8580 4 72 227000039 227000677 3 
2020-12-20T18:12:19 0 0 경기75자8580 4 72 227000039 227000677 3 
2020-12-20T18:13:18 0 0 경기75자8580 4 66 227000039 227000308 4 
2020-12-20T18:14:18 0 0 경기75자8580 4 66 227000039 227000308 4 
2020-12-20T18:15:18 0 0 경기75자8580 4 66 227000039 227000304 5 
2020-12-20T18:16:17 0 0 경기75자8580 4 66 227000039 227000304 5 
2020-12-20T18:17:16 0 0 경기75자8580 4 66 227000039 227000666 6 
2020-12-20T18:18:16 0 0 경기75자8580 4 66 227000039 227000310 7 
2020-12-20T18:19:16 0 0 경기75자8580 4 66 227000039 227000310 7 
2020-12-20T18:20:15 0 0 경기75자8580 4 66 227000039 227000310 7 
2020-12-20T18:21:15 0 0 경기75자8580 4 66 227000039 227000207 9 
2020-12-20T18:22:15 0 0 경기75자8580 4 67 227000039 227000209 10 
2020-12-20T18:23:14 0 0 경기75자8580 4 67 227000039 227000209 10 
2020-12-20T18:24:13 0 0 경기75자8580 4 67 227000039 227000211 11 
2020-12-20T18:25:13 0 0 경기75자8580 4 66 227000039 227000257 13 
2020-12-20T18:26:13 0 0 경기75자8580 4 66 227000039 227000072 14 
2020-12-20T18:27:13 0 0 경기75자8580 4 66 227000039 227000072 14 
2020-12-20T18:28:12 0 0 경기75자8580 4 67 227000039 227000269 16 
2020-12-20T18:29:12 0 0 경기75자8580 4 67 227000039 227000269 16 
2020-12-20T18:30:12 0 0 경기75자8580 4 67 227000039 227000269 16 
2020-12-20T18:31:11 0 0 경기75자8580 4 67 227000039 227000280 17 
2020-12-20T18:32:11 0 0 경기75자8580 4 67 227000039 227000485 19 
2020-12-20T18:33:11 0 0 경기75자8580 4 67 227000039 227000485 19 
2020-12-20T18:34:10 0 0 경기75자8580 4 67 227000039 227000485 19 
2020-12-20T18:35:11 0 0 경기75자8580 4 67 227000039 227000291 20 
2020-12-20T18:36:10 0 0 경기75자8580 4 65 227000039 227000291 20 
2020-12-20T18:37:09 0 0 경기75자8580 4 65 227000039 227000291 20 
2020-12-20T18:38:09 0 0 경기75자8580 4 65 227000039 227000282 21 
2020-12-20T18:39:08 0 0 경기75자8580 4 65 227000039 227000282 21 
2020-12-20T18:40:07 0 0 경기75자8580 4 65 227000039 227000282 21 
2020-12-20T18:41:07 0 0 경기75자8580 4 65 227000039 227000282 21 
2020-12-20T18:42:06 0 0 경기75자8580 4 65 227000039 227000282 21 
2020-12-20T18:43:05 0 0 경기75자8580 4 65 227000039 277103350 22 
2020-12-20T18:44:04 0 0 경기75자8580 4 65 227000039 277103350 22 
2020-12-20T18:45:04 0 0 경기75자8580 4 65 227000039 277103350 22 
2020-12-20T18:46:04 0 0 경기75자8580 4 65 227000039 277103348 23 
2020-12-20T18:47:03 0 0 경기75자8580 4 65 227000039 277103348 23 
2020-12-20T18:48:03 0 0 경기75자8580 4 65 227000039 277103348 23 
2020-12-20T18:49:02 0 0 경기75자8580 4 65 227000039 277103352 24 
2020-12-20T18:50:02 0 0 경기75자8580 4 65 227000039 277102840 25 
2020-12-20T18:51:01 0 0 경기75자8580 4 65 227000039 277102840 25 
2020-12-20T18:52:00 0 0 경기75자8580 4 65 227000039 277102840 25 
2020-12-20T18:53:00 0 0 경기75자8580 4 65 227000039 277102840 25 
2020-12-20T18:54:00 0 0 경기75자8580 4 65 227000039 123000048 26 
2020-12-20T18:55:00 0 0 경기75자8580 4 72 227000039 123000048 26 
2020-12-20T18:55:59 0 0 경기75자8580 4 72 227000039 123000048 26 
2020-12-20T18:56:59 0 0 경기75자8580 4 72 227000039 123000048 26 
2020-12-20T18:57:58 0 0 경기75자8580 4 72 227000039 277101950 27 
2020-12-20T18:58:58 0 0 경기75자8580 4 72 227000039 277101950 27 
2020-12-20T18:59:57 0 0 경기75자8580 4 72 227000039 277101950 27 
2020-12-20T19:00:57 0 0 경기75자8580 4 72 227000039 277101950 27 
2020-12-20T19:01:57 0 0 경기75자8580 4 72 227000039 277101950 27 
2020-12-20T19:02:56 0 0 경기75자8580 4 72 227000039 277102068 28 
2020-12-20T19:03:56 0 0 경기75자8580 4 72 227000039 277102068 28 
2020-12-20T19:04:56 0 0 경기75자8580 4 72 227000039 123000511 29 
2020-12-20T19:05:56 0 0 경기75자8580 4 67 227000039 123000511 29 
2020-12-20T19:06:55 0 0 경기75자8580 4 67 227000039 123000511 29 
2020-12-20T19:07:55 0 0 경기75자8580 4 67 227000039 277102842 30 
2020-12-20T19:08:55 0 0 경기75자8580 4 67 227000039 277103353 31 
2020-12-20T19:09:55 0 0 경기75자8580 4 67 227000039 277103353 31 
2020-12-20T19:10:54 0 0 경기75자8580 4 67 227000039 277103353 31 
2020-12-20T19:11:54 0 0 경기75자8580 4 67 227000039 277103349 32 
2020-12-20T19:12:54 0 0 경기75자8580 4 67 227000039 277103349 32 
2020-12-20T19:13:54 0 0 경기75자8580 4 67 227000039 277103351 33 
2020-12-20T19:14:54 0 0 경기75자8580 4 67 227000039 277103351 33 
2020-12-20T19:15:53 0 0 경기75자8580 4 67 227000039 277103351 33 
2020-12-20T19:16:53 0 0 경기75자8580 4 67 227000039 227000284 34 
2020-12-20T19:17:53 0 0 경기75자8580 4 67 227000039 227000656 35 
2020-12-20T19:18:53 0 0 경기75자8580 4 68 227000039 227000656 35 
2020-12-20T19:19:53 0 0 경기75자8580 4 68 227000039 227000484 36 
2020-12-20T19:20:53 0 0 경기75자8580 4 68 227000039 227000484 36 
2020-12-20T19:21:52 0 0 경기75자8580 4 68 227000039 227000484 36 
2020-12-20T19:22:52 0 0 경기75자8580 4 68 227000039 227000232 37 
2020-12-20T19:23:52 0 0 경기75자8580 4 72 227000039 227000281 38 
2020-12-20T19:24:52 0 0 경기75자8580 4 72 227000039 227000281 38 
2020-12-20T19:25:51 0 0 경기75자8580 4 72 227000039 227000268 39 
2020-12-20T19:26:51 0 0 경기75자8580 4 72 227000039 227000268 39 
2020-12-20T19:27:51 0 0 경기75자8580 4 72 227000039 227000679 40 
2020-12-20T19:28:50 0 0 경기75자8580 4 72 227000039 227000679 40 
2020-12-20T19:29:50 0 0 경기75자8580 4 72 227000039 227000071 41 
2020-12-20T19:30:50 0 0 경기75자8580 4 72 227000039 227000071 41 
2020-12-20T19:31:49 0 0 경기75자8580 4 72 227000039 227000256 42 
2020-12-20T19:32:49 0 0 경기75자8580 4 72 227000039 227000212 44 
2020-12-20T19:33:49 0 0 경기75자8580 4 72 227000039 227000210 45 
2020-12-20T19:34:49 0 0 경기75자8580 4 71 227000039 227000208 47 
2020-12-20T19:35:48 0 0 경기75자8580 4 71 227000039 227000208 47 
2020-12-20T19:36:48 0 0 경기75자8580 4 71 227000039 227000311 49 
2020-12-20T19:37:47 0 0 경기75자8580 4 71 227000039 227000311 49 
2020-12-20T19:38:47 0 0 경기75자8580 4 71 227000039 227000664 50 
2020-12-20T19:39:47 0 0 경기75자8580 4 71 227000039 227000305 52 
2020-12-20T19:40:46 0 0 경기75자8580 4 72 227000039 227000306 54 
2020-12-20T19:41:46 0 0 경기75자8580 4 72 227000039 227000306 54 
2020-12-20T19:42:46 0 0 경기75자8580 4 72 227000039 227000334 55 
2020-12-20T19:43:45 0 0 경기75자8580 4 72 227000039 227000334 55 
2020-12-20T20:50:19 0 0 경기75자8580 4 72 227000039 227000261 2 
2020-12-20T20:51:18 0 0 경기75자8580 4 72 227000039 227000261 2 
2020-12-20T20:52:18 0 0 경기75자8580 4 72 227000039 227000677 3 
2020-12-20T20:53:18 0 0 경기75자8580 4 72 227000039 227000677 3 
2020-12-20T20:54:17 0 0 경기75자8580 4 69 227000039 227000308 4 
2020-12-20T20:55:17 0 0 경기75자8580 4 69 227000039 227000308 4 
2020-12-20T20:56:17 0 0 경기75자8580 4 69 227000039 227000666 6 
2020-12-20T20:57:17 0 0 경기75자8580 4 69 227000039 227000310 7 
2020-12-20T20:58:16 0 0 경기75자8580 4 69 227000039 227000310 7 
2020-12-20T20:59:16 0 0 경기75자8580 4 69 227000039 227000205 8 
2020-12-20T21:00:15 0 0 경기75자8580 4 69 227000039 227000205 8 
2020-12-20T21:01:15 0 0 경기75자8580 4 71 227000039 227000207 9 
2020-12-20T21:02:15 0 0 경기75자8580 4 72 227000039 227000209 10 
2020-12-20T21:03:14 0 0 경기75자8580 4 72 227000039 227000209 10 
2020-12-20T21:04:14 0 0 경기75자8580 4 72 227000039 227000211 11 
2020-12-20T21:05:13 0 0 경기75자8580 4 72 227000039 227000257 13 
2020-12-20T21:06:12 0 0 경기75자8580 4 72 227000039 227000072 14 
2020-12-20T21:07:12 0 0 경기75자8580 4 72 227000039 227000072 14 
2020-12-20T21:08:12 0 0 경기75자8580 4 72 227000039 227000269 16 
2020-12-20T21:09:11 0 0 경기75자8580 4 72 227000039 227000269 16 
2020-12-20T21:10:10 0 0 경기75자8580 4 72 227000039 227000269 16 
2020-12-20T21:11:10 0 0 경기75자8580 4 72 227000039 227000230 18 
2020-12-20T21:12:10 0 0 경기75자8580 4 72 227000039 227000230 18 
2020-12-20T21:13:10 0 0 경기75자8580 4 72 227000039 227000485 19 
2020-12-20T21:14:10 0 0 경기75자8580 4 72 227000039 227000485 19 
2020-12-20T21:15:09 0 0 경기75자8580 4 72 227000039 227000291 20 
2020-12-20T21:16:09 0 0 경기75자8580 4 72 227000039 227000291 20 
2020-12-20T21:17:09 0 0 경기75자8580 4 72 227000039 227000291 20 
2020-12-20T21:18:08 0 0 경기75자8580 4 72 227000039 227000282 21 
2020-12-20T21:19:07 0 0 경기75자8580 4 72 227000039 227000282 21 
2020-12-20T21:20:06 0 0 경기75자8580 4 72 227000039 227000282 21 
2020-12-20T21:21:05 0 0 경기75자8580 4 72 227000039 227000282 21 
2020-12-20T21:22:05 0 0 경기75자8580 4 72 227000039 277103350 22 
2020-12-20T21:23:05 0 0 경기75자8580 4 72 227000039 277103350 22 
2020-12-20T21:24:04 0 0 경기75자8580 4 72 227000039 277103350 22 
2020-12-20T21:25:03 0 0 경기75자8580 4 72 227000039 277103348 23 
2020-12-20T21:26:03 0 0 경기75자8580 4 72 227000039 277103348 23 
2020-12-20T21:27:03 0 0 경기75자8580 4 72 227000039 277103352 24 
2020-12-20T21:28:02 0 0 경기75자8580 4 72 227000039 277102840 25 
2020-12-20T21:29:01 0 0 경기75자8580 4 72 227000039 277102840 25 
2020-12-20T21:30:01 0 0 경기75자8580 4 72 227000039 277102840 25 
2020-12-20T21:31:01 0 0 경기75자8580 4 72 227000039 277102840 25 
2020-12-20T21:32:01 0 0 경기75자8580 4 72 227000039 123000048 26 
2020-12-20T21:33:01 0 0 경기75자8580 4 72 227000039 277101950 27 
2020-12-20T21:34:00 0 0 경기75자8580 4 72 227000039 277101950 27 
2020-12-20T21:35:00 0 0 경기75자8580 4 72 227000039 277101950 27 
2020-12-20T21:35:59 0 0 경기75자8580 4 72 227000039 277101950 27 
2020-12-20T21:36:58 0 0 경기75자8580 4 72 227000039 277102068 28 
2020-12-20T21:37:58 0 0 경기75자8580 4 72 227000039 277102068 28 
2020-12-20T21:38:57 0 0 경기75자8580 4 68 227000039 123000511 29 
2020-12-20T21:39:57 0 0 경기75자8580 4 68 227000039 123000511 29 
2020-12-20T21:40:57 0 0 경기75자8580 4 68 227000039 123000511 29 
2020-12-20T21:41:56 0 0 경기75자8580 4 68 227000039 277102842 30 
2020-12-20T21:42:56 0 0 경기75자8580 4 68 227000039 277103353 31 
2020-12-20T21:43:56 0 0 경기75자8580 4 68 227000039 277103353 31 
2020-12-20T21:44:55 0 0 경기75자8580 4 68 227000039 277103353 31 
2020-12-20T21:45:55 0 0 경기75자8580 4 68 227000039 277103349 32 
2020-12-20T21:46:55 0 0 경기75자8580 4 68 227000039 277103349 32 
2020-12-20T21:47:54 0 0 경기75자8580 4 68 227000039 277103351 33 
2020-12-20T21:48:54 0 0 경기75자8580 4 68 227000039 277103351 33 
2020-12-20T21:49:54 0 0 경기75자8580 4 68 227000039 227000284 34 
2020-12-20T21:50:53 0 0 경기75자8580 4 68 227000039 227000284 34 
2020-12-20T21:51:53 0 0 경기75자8580 4 68 227000039 227000284 34 
2020-12-20T21:52:52 0 0 경기75자8580 4 68 227000039 227000656 35 
2020-12-20T21:53:52 0 0 경기75자8580 4 68 227000039 227000656 35 
2020-12-20T21:54:51 0 0 경기75자8580 4 68 227000039 227000484 36 
2020-12-20T21:55:51 0 0 경기75자8580 4 69 227000039 227000232 37 
2020-12-20T21:56:51 0 0 경기75자8580 4 69 227000039 227000232 37 
2020-12-20T21:57:50 0 0 경기75자8580 4 70 227000039 227000281 38 
2020-12-20T21:58:49 0 0 경기75자8580 4 71 227000039 227000268 39 
2020-12-20T21:59:49 0 0 경기75자8580 4 71 227000039 227000679 40 
2020-12-20T22:00:49 0 0 경기75자8580 4 71 227000039 227000679 40 
2020-12-20T22:01:48 0 0 경기75자8580 4 71 227000039 227000679 40 
2020-12-20T22:02:48 0 0 경기75자8580 4 71 227000039 227000071 41 
2020-12-20T22:03:47 0 0 경기75자8580 4 71 227000039 227000212 44 
2020-12-20T22:04:47 0 0 경기75자8580 4 71 227000039 227000212 44 
2020-12-20T22:05:46 0 0 경기75자8580 4 71 227000039 227000210 45 
2020-12-20T22:06:46 0 0 경기75자8580 4 72 227000039 227000208 47 
2020-12-20T22:07:46 0 0 경기75자8580 4 72 227000039 227000208 47 
2020-12-20T22:08:45 0 0 경기75자8580 4 72 227000039 227000311 49 
2020-12-20T22:09:45 0 0 경기75자8580 4 72 227000039 227000311 49 
2020-12-20T22:10:45 0 0 경기75자8580 4 72 227000039 227000665 51 
2020-12-20T22:11:44 0 0 경기75자8580 4 72 227000039 227000305 52 
2020-12-20T22:12:44 0 0 경기75자8580 4 72 227000039 227000306 54 
2020-12-20T22:13:43 0 0 경기75자8580 4 72 227000039 227000306 54 
2020-12-20T22:14:43 0 0 경기75자8580 4 72 227000039 227000334 55 
2020-12-20T22:15:42 0 0 경기75자8580 4 72 227000039 227000334 55 
2020-12-20T22:16:42 0 0 경기75자8580 4 72 227000039 227000334 55 
2020-12-20T22:17:42 0 0 경기75자8580 4 72 227000039 227000260 56 
2020-12-20T22:18:41 0 0 경기75자8580 4 72 227000039 227000260 56 
2020-12-20T22:19:41 0 0 경기75자8580 4 72 227000039 227000260 56 
2020-12-20T22:20:40 0 0 경기75자8580 4 72 227000039 227000260 56 
2020-12-20T22:21:40 0 0 경기75자8580 4 72 227000039 227000260 56 
2020-12-20T22:22:39 0 0 경기75자8580 4 72 227000039 227000260 56 
2020-12-20T22:23:39 0 0 경기75자8580 4 72 227000039 227000260 56 
2020-12-20T22:24:39 0 0 경기75자8580 4 72 227000039 227000260 56 
2020-12-20T22:25:38 0 0 경기75자8580 4 72 227000039 227000260 56 
2020-12-20T22:26:37 0 0 경기75자8580 4 72 227000039 227000260 56 
2020-12-20T22:27:37 0 0 경기75자8580 4 72 227000039 227000260 56 
2020-12-20T22:28:37 0 0 경기75자8580 4 72 227000039 227000260 56 
2020-12-20T22:29:36 0 0 경기75자8580 4 72 227000039 227000260 56 
2020-12-20T22:30:36 0 0 경기75자8580 4 72 227000039 227000260 56 
2020-12-20T22:31:35 0 0 경기75자8580 4 72 227000039 227000260 56 
