227000039 2020-11-29T00:45:19.558176+09:00
2020-11-29T06:34:57.441454+09:00 0 0 경기75자8579 4 72 227000039 227000261 2 
2020-11-29T06:35:56.465804+09:00 0 0 경기75자8579 4 72 227000039 227000261 2 
2020-11-29T06:36:55.910148+09:00 0 0 경기75자8579 4 72 227000039 227000677 3 
2020-11-29T06:37:55.454601+09:00 0 0 경기75자8579 4 72 227000039 227000308 4 
2020-11-29T06:38:55.268891+09:00 0 0 경기75자8579 4 72 227000039 227000308 4 
2020-11-29T06:39:54.873438+09:00 0 0 경기75자8579 4 72 227000039 227000666 6 
2020-11-29T06:40:54.247524+09:00 0 0 경기75자8579 4 72 227000039 227000310 7 
2020-11-29T06:41:54.061964+09:00 0 0 경기75자8579 4 72 227000039 227000310 7 
2020-11-29T06:42:52.786146+09:00 0 0 경기75자8579 4 72 227000039 227000310 7 
2020-11-29T06:43:53.090610+09:00 0 0 경기75자8579 4 72 227000039 227000310 7 
2020-11-29T06:44:52.874741+09:00 0 0 경기75자8579 4 72 227000039 227000209 10 
2020-11-29T06:45:51.889013+09:00 0 0 경기75자8579 4 72 227000039 227000209 10 
2020-11-29T06:46:52.023347+09:00 0 0 경기75자8579 4 72 227000039 227000191 12 
2020-11-29T06:47:51.217519+09:00 0 0 경기75자8579 4 72 227000039 227000072 14 
2020-11-29T06:48:50.361751+09:00 0 0 경기75자8579 4 72 227000039 227000072 14 
2020-11-29T06:49:49.595969+09:00 0 0 경기75자8579 4 72 227000039 227000678 15 
2020-11-29T06:50:49.450329+09:00 0 0 경기75자8579 4 71 227000039 227000678 15 
2020-11-29T06:51:49.714608+09:00 0 0 경기75자8579 4 72 227000039 227000280 17 
2020-11-29T06:52:49.018770+09:00 0 0 경기75자8579 4 72 227000039 227000230 18 
2020-11-29T06:53:48.112972+09:00 0 0 경기75자8579 4 72 227000039 227000485 19 
2020-11-29T06:54:48.177679+09:00 0 0 경기75자8579 4 72 227000039 227000485 19 
2020-11-29T06:55:48.371551+09:00 0 0 경기75자8579 4 72 227000039 227000291 20 
2020-11-29T06:56:47.255869+09:00 0 0 경기75자8579 4 72 227000039 227000291 20 
2020-11-29T06:57:47.490010+09:00 0 0 경기75자8579 4 72 227000039 227000282 21 
2020-11-29T06:58:47.534204+09:00 0 0 경기75자8579 4 72 227000039 227000282 21 
2020-11-29T06:59:46.758440+09:00 0 0 경기75자8579 4 72 227000039 227000282 21 
2020-11-29T07:00:45.812559+09:00 0 0 경기75자8579 4 72 227000039 227000282 21 
2020-11-29T07:01:44.705936+09:00 0 0 경기75자8579 4 72 227000039 227000282 21 
2020-11-29T07:02:44.609465+09:00 0 0 경기75자8579 4 72 227000039 277103350 22 
2020-11-29T07:03:43.712942+09:00 0 0 경기75자8579 4 72 227000039 277103350 22 
2020-11-29T07:04:43.236538+09:00 0 0 경기75자8579 4 72 227000039 277103348 23 
2020-11-29T07:05:43.170337+09:00 0 0 경기75자8579 4 72 227000039 277103348 23 
2020-11-29T07:06:42.414040+09:00 0 0 경기75자8579 4 72 227000039 277103348 23 
2020-11-29T07:07:41.597807+09:00 0 0 경기75자8579 4 72 227000039 277103352 24 
2020-11-29T07:08:40.811549+09:00 0 0 경기75자8579 4 72 227000039 277103352 24 
2020-11-29T07:09:40.505393+09:00 0 0 경기75자8579 4 72 227000039 277102840 25 
2020-11-29T07:10:40.609397+09:00 0 0 경기75자8579 4 72 227000039 277102840 25 
2020-11-29T07:11:39.403196+09:00 0 0 경기75자8579 4 72 227000039 277102840 25 
2020-11-29T07:12:39.447328+09:00 0 0 경기75자8579 4 72 227000039 277102840 25 
2020-11-29T07:13:38.551027+09:00 0 0 경기75자8579 4 72 227000039 277102840 25 
2020-11-29T07:14:37.364987+09:00 0 0 경기75자8579 4 72 227000039 123000048 26 
2020-11-29T07:15:37.199052+09:00 0 0 경기75자8579 4 72 227000039 277101950 27 
2020-11-29T07:16:37.423099+09:00 0 0 경기75자8579 4 72 227000039 277101950 27 
2020-11-29T07:17:36.536961+09:00 0 0 경기75자8579 4 72 227000039 277101950 27 
2020-11-29T07:18:36.301125+09:00 0 0 경기75자8579 4 72 227000039 277101950 27 
2020-11-29T07:19:34.885073+09:00 0 0 경기75자8579 4 72 227000039 277101950 27 
2020-11-29T07:20:34.559076+09:00 0 0 경기75자8579 4 72 227000039 277101950 27 
2020-11-29T07:21:34.263238+09:00 0 0 경기75자8579 4 72 227000039 277101950 27 
2020-11-29T07:22:34.077362+09:00 0 0 경기75자8579 4 72 227000039 277102068 28 
2020-11-29T07:23:34.141422+09:00 0 0 경기75자8579 4 72 227000039 123000511 29 
2020-11-29T07:24:33.175348+09:00 0 0 경기75자8579 4 72 227000039 123000511 29 
2020-11-29T07:25:32.729441+09:00 0 0 경기75자8579 4 72 227000039 123000511 29 
2020-11-29T07:26:32.883623+09:00 0 0 경기75자8579 4 72 227000039 277102842 30 
2020-11-29T07:27:31.927675+09:00 0 0 경기75자8579 4 72 227000039 277102842 30 
2020-11-29T07:28:31.651722+09:00 0 0 경기75자8579 4 72 227000039 277103353 31 
2020-11-29T07:29:31.735962+09:00 0 0 경기75자8579 4 72 227000039 277103353 31 
2020-11-29T07:30:30.819884+09:00 0 0 경기75자8579 4 72 227000039 277103349 32 
2020-11-29T07:31:29.773964+09:00 0 0 경기75자8579 4 72 227000039 277103349 32 
2020-11-29T07:32:29.998137+09:00 0 0 경기75자8579 4 72 227000039 277103349 32 
2020-11-29T07:33:28.912062+09:00 0 0 경기75자8579 4 72 227000039 277103351 33 
2020-11-29T07:34:28.436297+09:00 0 0 경기75자8579 4 72 227000039 277103351 33 
2020-11-29T07:35:27.700636+09:00 0 0 경기75자8579 4 72 227000039 227000284 34 
2020-11-29T07:36:27.805200+09:00 0 0 경기75자8579 4 72 227000039 227000284 34 
2020-11-29T07:37:26.769619+09:00 0 0 경기75자8579 4 72 227000039 227000656 35 
2020-11-29T07:38:26.744123+09:00 0 0 경기75자8579 4 72 227000039 227000656 35 
2020-11-29T07:39:25.668479+09:00 0 0 경기75자8579 4 72 227000039 227000484 36 
2020-11-29T07:40:25.012929+09:00 0 0 경기75자8579 4 72 227000039 227000484 36 
2020-11-29T07:41:24.367172+09:00 0 0 경기75자8579 4 72 227000039 227000281 38 
2020-11-29T07:42:24.761740+09:00 0 0 경기75자8579 4 72 227000039 227000281 38 
2020-11-29T07:43:24.665966+09:00 0 0 경기75자8579 4 72 227000039 227000268 39 
2020-11-29T07:44:23.430140+09:00 0 0 경기75자8579 4 72 227000039 227000268 39 
2020-11-29T07:45:23.794613+09:00 0 0 경기75자8579 4 72 227000039 227000679 40 
2020-11-29T07:46:23.238935+09:00 0 0 경기75자8579 4 72 227000039 227000679 40 
2020-11-29T07:47:22.293198+09:00 0 0 경기75자8579 4 72 227000039 227000071 41 
2020-11-29T07:48:22.067535+09:00 0 0 경기75자8579 4 72 227000039 227000071 41 
2020-11-29T07:49:21.291654+09:00 0 0 경기75자8579 4 72 227000039 227000192 43 
2020-11-29T07:50:20.545961+09:00 0 0 경기75자8579 4 72 227000039 227000212 44 
2020-11-29T07:51:20.580211+09:00 0 0 경기75자8579 4 72 227000039 227000212 44 
2020-11-29T07:52:20.604629+09:00 0 0 경기75자8579 4 72 227000039 227000206 48 
2020-11-29T07:53:19.408766+09:00 0 0 경기75자8579 4 72 227000039 227000206 48 
2020-11-29T07:54:18.612900+09:00 0 0 경기75자8579 4 72 227000039 227000206 48 
2020-11-29T07:55:17.817219+09:00 0 0 경기75자8579 4 72 227000039 227000305 52 
2020-11-29T07:56:16.901256+09:00 0 0 경기75자8579 4 72 227000039 227000306 54 
2020-11-29T07:57:16.635517+09:00 0 0 경기75자8579 4 72 227000039 227000306 54 
2020-11-29T07:58:16.419693+09:00 0 0 경기75자8579 4 72 227000039 227000334 55 
2020-11-29T07:59:16.143896+09:00 0 0 경기75자8579 4 72 227000039 227000334 55 
2020-11-29T08:51:51.320134+09:00 0 0 경기75자8580 4 72 227000039 227000677 3 
2020-11-29T08:52:50.304333+09:00 0 0 경기75자8580 4 72 227000039 227000308 4 
2020-11-29T08:53:49.548761+09:00 0 0 경기75자8580 4 72 227000039 227000308 4 
2020-11-29T08:54:48.772870+09:00 0 0 경기75자8580 4 72 227000039 227000308 4 
2020-11-29T08:55:48.437157+09:00 0 0 경기75자8580 4 72 227000039 227000310 7 
2020-11-29T08:56:47.341433+09:00 0 0 경기75자8580 4 72 227000039 227000310 7 
2020-11-29T08:57:47.055666+09:00 0 0 경기75자8580 4 72 227000039 227000205 8 
2020-11-29T08:58:46.970089+09:00 0 0 경기75자8580 4 72 227000039 227000205 8 
2020-11-29T08:59:46.274175+09:00 0 0 경기75자8580 4 72 227000039 227000209 10 
2020-11-29T09:00:46.115126+09:00 0 0 경기75자8580 4 72 227000039 227000209 10 
2020-11-29T09:01:46.192837+09:00 0 0 경기75자8580 4 72 227000039 227000211 11 
2020-11-29T09:02:45.266983+09:00 0 0 경기75자8580 4 72 227000039 227000257 13 
2020-11-29T09:03:44.881171+09:00 0 0 경기75자8580 4 72 227000039 227000072 14 
2020-11-29T09:04:43.985281+09:00 0 0 경기75자8580 4 72 227000039 227000678 15 
2020-11-29T09:05:42.869556+09:00 0 0 경기75자8580 4 72 227000039 227000269 16 
2020-11-29T09:06:42.883810+09:00 0 0 경기75자8580 4 72 227000039 227000269 16 
2020-11-29T09:07:42.548030+09:00 0 0 경기75자8580 4 72 227000039 227000269 16 
2020-11-29T09:08:42.352297+09:00 0 0 경기75자8580 4 70 227000039 227000230 18 
2020-11-29T09:09:42.096511+09:00 0 0 경기75자8580 4 69 227000039 227000485 19 
2020-11-29T09:10:42.220703+09:00 0 0 경기75자8580 4 69 227000039 227000485 19 
2020-11-29T09:11:42.005027+09:00 0 0 경기75자8580 4 69 227000039 227000291 20 
2020-11-29T09:12:40.409174+09:00 0 0 경기75자8580 4 66 227000039 227000291 20 
2020-11-29T09:13:40.473381+09:00 0 0 경기75자8580 4 66 227000039 227000291 20 
2020-11-29T09:14:39.527507+09:00 0 0 경기75자8580 4 66 227000039 227000291 20 
2020-11-29T09:15:39.361629+09:00 0 0 경기75자8580 4 64 227000039 227000282 21 
2020-11-29T09:16:39.385922+09:00 0 0 경기75자8580 4 64 227000039 227000282 21 
2020-11-29T09:17:38.999706+09:00 0 0 경기75자8580 4 64 227000039 227000282 21 
2020-11-29T09:18:38.852795+09:00 0 0 경기75자8580 4 64 227000039 227000282 21 
2020-11-29T09:19:38.666094+09:00 0 0 경기75자8580 4 64 227000039 277103350 22 
2020-11-29T09:20:38.869374+09:00 0 0 경기75자8580 4 64 227000039 277103350 22 
2020-11-29T09:21:37.972760+09:00 0 0 경기75자8580 4 64 227000039 277103348 23 
2020-11-29T09:22:37.626109+09:00 0 0 경기75자8580 4 64 227000039 277103348 23 
2020-11-29T09:23:37.419590+09:00 0 0 경기75자8580 4 64 227000039 277103348 23 
2020-11-29T09:24:37.003242+09:00 0 0 경기75자8580 4 64 227000039 277102840 25 
2020-11-29T09:25:36.166944+09:00 0 0 경기75자8580 4 64 227000039 277102840 25 
2020-11-29T09:26:35.920563+09:00 0 0 경기75자8580 4 64 227000039 277102840 25 
2020-11-29T09:27:34.734221+09:00 0 0 경기75자8580 4 64 227000039 277102840 25 
2020-11-29T09:28:34.638073+09:00 0 0 경기75자8580 4 67 227000039 277102840 25 
2020-11-29T09:29:34.551798+09:00 0 0 경기75자8580 4 67 227000039 123000048 26 
2020-11-29T09:30:34.385755+09:00 0 0 경기75자8580 4 72 227000039 277101950 27 
2020-11-29T09:31:34.059577+09:00 0 0 경기75자8580 4 72 227000039 277101950 27 
2020-11-29T09:32:33.993506+09:00 0 0 경기75자8580 4 72 227000039 277101950 27 
2020-11-29T09:33:34.047440+09:00 0 0 경기75자8580 4 72 227000039 277101950 27 
2020-11-29T09:34:33.131200+09:00 0 0 경기75자8580 4 72 227000039 277102068 28 
2020-11-29T09:35:32.235139+09:00 0 0 경기75자8580 4 72 227000039 123000511 29 
2020-11-29T09:36:31.349088+09:00 0 0 경기75자8580 4 72 227000039 123000511 29 
2020-11-29T09:37:31.162941+09:00 0 0 경기75자8580 4 71 227000039 123000511 29 
2020-11-29T09:38:31.037000+09:00 0 0 경기75자8580 4 71 227000039 277102842 30 
2020-11-29T09:39:31.241074+09:00 0 0 경기75자8580 4 71 227000039 277102842 30 
2020-11-29T09:40:30.935027+09:00 0 0 경기75자8580 4 71 227000039 277103353 31 
2020-11-29T09:41:30.069028+09:00 0 0 경기75자8580 4 71 227000039 277103353 31 
2020-11-29T09:42:30.033057+09:00 0 0 경기75자8580 4 71 227000039 277103349 32 
2020-11-29T09:43:29.987017+09:00 0 0 경기75자8580 4 71 227000039 277103349 32 
2020-11-29T09:44:30.131063+09:00 0 0 경기75자8580 4 71 227000039 277103349 32 
2020-11-29T09:45:29.674942+09:00 0 0 경기75자8580 4 71 227000039 277103351 33 
2020-11-29T09:46:29.359107+09:00 0 0 경기75자8580 4 71 227000039 277103351 33 
2020-11-29T09:47:29.133189+09:00 0 0 경기75자8580 4 71 227000039 277103351 33 
2020-11-29T09:48:28.167275+09:00 0 0 경기75자8580 4 71 227000039 277103351 33 
2020-11-29T09:49:27.201165+09:00 0 0 경기75자8580 4 71 227000039 227000284 34 
2020-11-29T09:50:27.375229+09:00 0 0 경기75자8580 4 71 227000039 227000284 34 
2020-11-29T09:51:26.119191+09:00 0 0 경기75자8580 4 72 227000039 227000284 34 
2020-11-29T09:52:26.015725+09:00 0 0 경기75자8580 4 72 227000039 227000656 35 
2020-11-29T09:53:25.859575+09:00 0 0 경기75자8580 4 72 227000039 227000656 35 
2020-11-29T09:54:24.864759+09:00 0 0 경기75자8580 4 72 227000039 227000484 36 
2020-11-29T09:55:24.949552+09:00 0 0 경기75자8580 4 72 227000039 227000232 37 
2020-11-29T09:56:23.754325+09:00 0 0 경기75자8580 4 72 227000039 227000232 37 
2020-11-29T09:57:22.979156+09:00 0 0 경기75자8580 4 72 227000039 227000281 38 
2020-11-29T09:58:21.953746+09:00 0 0 경기75자8580 4 72 227000039 227000268 39 
2020-11-29T09:59:21.788550+09:00 0 0 경기75자8580 4 72 227000039 227000268 39 
2020-11-29T10:00:21.753280+09:00 0 0 경기75자8580 4 72 227000039 227000679 40 
2020-11-29T10:01:21.737807+09:00 0 0 경기75자8580 4 72 227000039 227000679 40 
2020-11-29T10:02:20.742207+09:00 0 0 경기75자8580 4 72 227000039 227000071 41 
2020-11-29T10:03:20.086819+09:00 0 0 경기75자8580 4 72 227000039 227000256 42 
2020-11-29T10:04:19.231235+09:00 0 0 경기75자8580 4 72 227000039 227000212 44 
2020-11-29T10:05:18.775750+09:00 0 0 경기75자8580 4 72 227000039 227000210 45 
2020-11-29T10:06:18.650165+09:00 0 0 경기75자8580 4 72 227000039 227000630 46 
2020-11-29T10:07:18.384518+09:00 0 0 경기75자8580 4 72 227000039 227000208 47 
2020-11-29T10:08:18.169072+09:00 0 0 경기75자8580 4 72 227000039 227000206 48 
2020-11-29T10:09:18.273455+09:00 0 0 경기75자8580 4 72 227000039 227000311 49 
2020-11-29T10:10:17.797890+09:00 0 0 경기75자8580 4 72 227000039 227000665 51 
2020-11-29T10:11:16.962129+09:00 0 0 경기75자8580 4 72 227000039 227000307 53 
2020-11-29T10:12:16.086447+09:00 0 0 경기75자8580 4 72 227000039 227000306 54 
2020-11-29T10:13:15.780762+09:00 0 0 경기75자8580 4 72 227000039 227000334 55 
2020-11-29T10:14:15.595156+09:00 0 0 경기75자8580 4 72 227000039 227000334 55 
2020-11-29T11:38:38.752317+09:00 0 0 경기75자8579 4 72 227000039 227000261 2 
2020-11-29T11:39:38.736045+09:00 0 0 경기75자8579 4 72 227000039 227000677 3 
2020-11-29T11:40:37.999814+09:00 0 0 경기75자8579 4 72 227000039 227000677 3 
2020-11-29T11:41:37.713359+09:00 0 0 경기75자8579 4 72 227000039 227000677 3 
2020-11-29T11:42:37.707028+09:00 0 0 경기75자8579 4 72 227000039 227000677 3 
2020-11-29T11:43:37.470794+09:00 0 0 경기75자8579 4 72 227000039 227000308 4 
2020-11-29T11:44:37.014824+09:00 0 0 경기75자8579 4 72 227000039 227000308 4 
2020-11-29T11:45:36.388572+09:00 0 0 경기75자8579 4 72 227000039 227000304 5 
2020-11-29T11:46:36.322522+09:00 0 0 경기75자8579 4 72 227000039 227000310 7 
2020-11-29T11:47:35.406346+09:00 0 0 경기75자8579 4 72 227000039 227000310 7 
2020-11-29T11:48:35.190327+09:00 0 0 경기75자8579 4 72 227000039 227000207 9 
2020-11-29T11:49:35.234287+09:00 0 0 경기75자8579 4 72 227000039 227000209 10 
2020-11-29T11:50:34.008269+09:00 0 0 경기75자8579 4 72 227000039 227000209 10 
2020-11-29T11:51:33.572075+09:00 0 0 경기75자8579 4 72 227000039 227000211 11 
2020-11-29T11:52:33.426332+09:00 0 0 경기75자8579 4 72 227000039 227000211 11 
2020-11-29T11:53:32.760148+09:00 0 0 경기75자8579 4 72 227000039 227000191 12 
2020-11-29T11:54:32.764244+09:00 0 0 경기75자8579 4 72 227000039 227000191 12 
2020-11-29T11:55:32.688341+09:00 0 0 경기75자8579 4 72 227000039 227000257 13 
2020-11-29T11:56:31.902282+09:00 0 0 경기75자8579 4 72 227000039 227000072 14 
2020-11-29T11:57:31.736386+09:00 0 0 경기75자8579 4 72 227000039 227000072 14 
2020-11-29T11:58:31.660443+09:00 0 0 경기75자8579 4 71 227000039 227000269 16 
2020-11-29T11:59:31.814481+09:00 0 0 경기75자8579 4 71 227000039 227000269 16 
2020-11-29T12:00:31.525562+09:00 0 0 경기75자8579 4 71 227000039 227000280 17 
2020-11-29T12:01:30.942587+09:00 0 0 경기75자8579 4 71 227000039 227000230 18 
2020-11-29T12:02:30.783903+09:00 0 0 경기75자8579 4 70 227000039 227000485 19 
2020-11-29T12:03:29.960701+09:00 0 0 경기75자8579 4 70 227000039 227000485 19 
2020-11-29T12:04:29.374804+09:00 0 0 경기75자8579 4 70 227000039 227000291 20 
2020-11-29T12:05:29.238865+09:00 0 0 경기75자8579 4 70 227000039 227000291 20 
2020-11-29T12:06:28.282948+09:00 0 0 경기75자8579 4 70 227000039 227000291 20 
2020-11-29T12:07:27.986970+09:00 0 0 경기75자8579 4 70 227000039 227000282 21 
2020-11-29T12:08:28.111274+09:00 0 0 경기75자8579 4 70 227000039 227000282 21 
2020-11-29T12:09:27.365545+09:00 0 0 경기75자8579 4 70 227000039 227000282 21 
2020-11-29T12:10:27.309945+09:00 0 0 경기75자8579 4 70 227000039 227000282 21 
2020-11-29T12:11:27.354207+09:00 0 0 경기75자8579 4 70 227000039 277103350 22 
2020-11-29T12:12:27.018431+09:00 0 0 경기75자8579 4 70 227000039 277103350 22 
2020-11-29T12:13:26.042640+09:00 0 0 경기75자8579 4 70 227000039 277103348 23 
2020-11-29T12:14:26.256849+09:00 0 0 경기75자8579 4 70 227000039 277103348 23 
2020-11-29T12:15:25.281113+09:00 0 0 경기75자8579 4 70 227000039 277103348 23 
2020-11-29T12:16:25.385244+09:00 0 0 경기75자8579 4 70 227000039 277103352 24 
2020-11-29T12:17:24.599544+09:00 0 0 경기75자8579 4 70 227000039 277102840 25 
2020-11-29T12:18:23.753571+09:00 0 0 경기75자8579 4 70 227000039 277102840 25 
2020-11-29T12:19:23.667872+09:00 0 0 경기75자8579 4 70 227000039 277102840 25 
2020-11-29T12:20:22.762014+09:00 0 0 경기75자8579 4 70 227000039 277102840 25 
2020-11-29T12:21:22.886189+09:00 0 0 경기75자8579 4 72 227000039 123000048 26 
2020-11-29T12:22:21.850304+09:00 0 0 경기75자8579 4 72 227000039 123000048 26 
2020-11-29T12:23:21.084527+09:00 0 0 경기75자8579 4 72 227000039 277101950 27 
2020-11-29T12:24:21.248709+09:00 0 0 경기75자8579 4 72 227000039 277101950 27 
2020-11-29T12:25:20.352807+09:00 0 0 경기75자8579 4 72 227000039 277101950 27 
2020-11-29T12:26:19.496803+09:00 0 0 경기75자8579 4 72 227000039 277101950 27 
2020-11-29T12:27:19.361127+09:00 0 0 경기75자8579 4 72 227000039 277102068 28 
2020-11-29T12:28:17.985255+09:00 0 0 경기75자8579 4 72 227000039 277102068 28 
2020-11-29T12:29:17.659397+09:00 0 0 경기75자8579 4 72 227000039 123000511 29 
2020-11-29T12:30:17.423512+09:00 0 0 경기75자8579 4 69 227000039 123000511 29 
2020-11-29T12:31:17.387730+09:00 0 0 경기75자8579 4 69 227000039 123000511 29 
2020-11-29T12:32:17.401882+09:00 0 0 경기75자8579 4 69 227000039 123000511 29 
2020-11-29T12:33:16.505926+09:00 0 0 경기75자8579 4 69 227000039 277102842 30 
2020-11-29T12:34:15.760063+09:00 0 0 경기75자8579 4 69 227000039 277103353 31 
2020-11-29T12:35:15.344295+09:00 0 0 경기75자8579 4 69 227000039 277103353 31 
2020-11-29T12:36:14.748353+09:00 0 0 경기75자8579 4 69 227000039 277103349 32 
2020-11-29T12:37:14.942474+09:00 0 0 경기75자8579 4 69 227000039 277103349 32 
2020-11-29T12:38:14.076603+09:00 0 0 경기75자8579 4 69 227000039 277103349 32 
2020-11-29T12:39:13.100815+09:00 0 0 경기75자8579 4 69 227000039 277103351 33 
2020-11-29T12:40:12.062345+09:00 0 0 경기75자8579 4 69 227000039 277103351 33 
2020-11-29T12:41:11.438967+09:00 0 0 경기75자8579 4 69 227000039 277103351 33 
2020-11-29T12:42:10.453170+09:00 0 0 경기75자8579 4 69 227000039 227000284 34 
2020-11-29T12:43:09.330027+09:00 0 0 경기75자8579 4 69 227000039 227000284 34 
2020-11-29T12:44:09.422106+09:00 0 0 경기75자8579 4 69 227000039 227000284 34 
2020-11-29T12:45:08.682945+09:00 0 0 경기75자8579 4 70 227000039 227000484 36 
2020-11-29T12:46:07.981072+09:00 0 0 경기75자8579 4 70 227000039 227000484 36 
2020-11-29T12:47:07.715464+09:00 0 0 경기75자8579 4 71 227000039 227000484 36 
2020-11-29T12:48:07.169945+09:00 0 0 경기75자8579 4 69 227000039 227000232 37 
2020-11-29T12:49:06.934245+09:00 0 0 경기75자8579 4 69 227000039 227000232 37 
2020-11-29T12:50:06.718571+09:00 0 0 경기75자8579 4 69 227000039 227000281 38 
2020-11-29T12:51:05.673415+09:00 0 0 경기75자8579 4 69 227000039 227000268 39 
2020-11-29T12:52:05.907309+09:00 0 0 경기75자8579 4 69 227000039 227000679 40 
2020-11-29T12:53:05.631604+09:00 0 0 경기75자8579 4 69 227000039 227000679 40 
2020-11-29T12:54:05.815836+09:00 0 0 경기75자8579 4 69 227000039 227000071 41 
2020-11-29T12:55:04.800196+09:00 0 0 경기75자8579 4 69 227000039 227000071 41 
2020-11-29T12:56:04.874448+09:00 0 0 경기75자8579 4 69 227000039 227000256 42 
2020-11-29T12:57:04.718693+09:00 0 0 경기75자8579 4 69 227000039 227000212 44 
2020-11-29T12:58:04.512938+09:00 0 0 경기75자8579 4 69 227000039 227000210 45 
2020-11-29T12:59:03.517189+09:00 0 0 경기75자8579 4 69 227000039 227000208 47 
2020-11-29T13:00:03.711420+09:00 0 0 경기75자8579 4 69 227000039 227000208 47 
2020-11-29T13:01:02.965670+09:00 0 0 경기75자8579 4 70 227000039 227000206 48 
2020-11-29T13:02:02.569938+09:00 0 0 경기75자8579 4 70 227000039 227000311 49 
2020-11-29T13:03:02.624100+09:00 0 0 경기75자8579 4 70 227000039 227000665 51 
2020-11-29T13:04:02.588367+09:00 0 0 경기75자8579 4 72 227000039 227000307 53 
2020-11-29T13:05:02.472674+09:00 0 0 경기75자8579 4 72 227000039 227000306 54 
2020-11-29T13:06:01.746780+09:00 0 0 경기75자8579 4 72 227000039 227000334 55 
2020-11-29T13:07:00.610978+09:00 0 0 경기75자8579 4 72 227000039 227000334 55 
2020-11-29T13:08:00.365201+09:00 0 0 경기75자8579 4 72 227000039 227000334 55 
2020-11-29T13:09:00.279386+09:00 0 0 경기75자8579 4 72 227000039 227000334 55 
2020-11-29T13:10:00.243668+09:00 0 0 경기75자8579 4 72 227000039 227000334 55 
2020-11-29T13:11:00.167871+09:00 0 0 경기75자8579 4 72 227000039 227000334 55 
2020-11-29T13:12:00.042142+09:00 0 0 경기75자8579 4 72 227000039 227000334 55 
2020-11-29T13:12:59.856290+09:00 0 0 경기75자8579 4 72 227000039 227000334 55 
2020-11-29T13:13:59.790452+09:00 0 0 경기75자8579 4 72 227000039 227000334 55 
2020-11-29T13:14:59.684820+09:00 0 0 경기75자8579 4 72 227000039 227000334 55 
2020-11-29T13:15:58.708869+09:00 0 0 경기75자8579 4 72 227000039 227000334 55 
2020-11-29T13:16:58.503179+09:00 0 0 경기75자8579 4 72 227000039 227000334 55 
2020-11-29T13:17:58.217020+09:00 0 0 경기75자8579 4 72 227000039 227000334 55 
2020-11-29T13:18:58.281179+09:00 0 0 경기75자8579 4 72 227000039 227000334 55 
2020-11-29T13:19:58.035229+09:00 0 0 경기75자8579 4 72 227000039 227000334 55 
2020-11-29T13:20:57.699195+09:00 0 0 경기75자8579 4 72 227000039 227000334 55 
2020-11-29T13:21:57.453320+09:00 0 0 경기75자8579 4 72 227000039 227000334 55 
2020-11-29T13:22:57.337438+09:00 0 0 경기75자8579 4 72 227000039 227000334 55 
2020-11-29T15:30:00.194795+09:00 0 0 경기75자8579 4 72 227000039 227000261 2 
2020-11-29T15:30:58.988919+09:00 0 0 경기75자8579 4 72 227000039 227000677 3 
2020-11-29T15:31:58.483225+09:00 0 0 경기75자8579 4 72 227000039 227000677 3 
2020-11-29T15:32:27.815139+09:00 0 0 경기75자8579 4 72 227000039 227000677 3 
2020-11-29T15:33:27.338879+09:00 0 0 경기75자8579 4 72 227000039 227000677 3 
2020-11-29T15:33:44.359753+09:00 0 0 경기75자8579 4 72 227000039 227000677 3 
2020-11-29T15:34:43.903184+09:00 0 0 경기75자8579 4 72 227000039 227000677 3 
2020-11-29T15:35:43.496718+09:00 0 0 경기75자8579 4 66 227000039 227000308 4 
2020-11-29T15:36:43.460339+09:00 0 0 경기75자8579 4 66 227000039 227000304 5 
2020-11-29T15:37:43.103905+09:00 0 0 경기75자8579 4 66 227000039 227000666 6 
2020-11-29T15:38:42.597481+09:00 0 0 경기75자8579 4 66 227000039 227000310 7 
2020-11-29T15:39:42.171329+09:00 0 0 경기75자8579 4 66 227000039 227000310 7 
2020-11-29T15:40:42.035109+09:00 0 0 경기75자8579 4 66 227000039 227000207 9 
2020-11-29T15:41:41.848871+09:00 0 0 경기75자8579 4 66 227000039 227000207 9 
2020-11-29T15:42:41.782738+09:00 0 0 경기75자8579 4 66 227000039 227000209 10 
2020-11-29T15:43:41.816476+09:00 0 0 경기75자8579 4 66 227000039 227000211 11 
2020-11-29T15:44:40.690424+09:00 0 0 경기75자8579 4 66 227000039 227000191 12 
2020-11-29T15:45:40.464273+09:00 0 0 경기75자8579 4 65 227000039 227000072 14 
2020-11-29T15:46:40.148104+09:00 0 0 경기75자8579 4 65 227000039 227000072 14 
2020-11-29T15:47:40.202070+09:00 0 0 경기75자8579 4 64 227000039 227000269 16 
2020-11-29T15:48:39.926046+09:00 0 0 경기75자8579 4 64 227000039 227000269 16 
2020-11-29T15:49:39.579963+09:00 0 0 경기75자8579 4 64 227000039 227000269 16 
2020-11-29T15:50:39.263785+09:00 0 0 경기75자8579 4 63 227000039 227000280 17 
2020-11-29T15:51:38.887778+09:00 0 0 경기75자8579 4 63 227000039 227000230 18 
2020-11-29T15:52:38.511751+09:00 0 0 경기75자8579 4 64 227000039 227000485 19 
2020-11-29T15:52:50.052531+09:00 0 0 경기75자8579 4 64 227000039 227000485 19 
2020-11-29T15:53:49.346482+09:00 0 0 경기75자8579 4 64 227000039 227000485 19 
2020-11-29T15:54:49.420734+09:00 0 0 경기75자8579 4 67 227000039 227000291 20 
2020-11-29T15:55:32.693243+09:00 0 0 경기75자8579 4 67 227000039 227000291 20 
2020-11-29T15:56:40.637841+09:00 0 0 경기75자8579 4 67 227000039 227000282 21 
2020-11-29T15:57:40.211865+09:00 0 0 경기75자8579 4 67 227000039 227000282 21 
2020-11-29T15:57:46.322256+09:00 0 0 경기75자8579 4 67 227000039 227000282 21 
2020-11-29T15:58:46.386211+09:00 0 0 경기75자8579 4 66 227000039 227000282 21 
2020-11-29T15:58:50.936568+09:00 0 0 경기75자8579 4 66 227000039 227000282 21 
2020-11-29T15:59:50.870602+09:00 0 0 경기75자8579 4 66 227000039 227000282 21 
2020-11-29T16:00:50.744732+09:00 0 0 경기75자8579 4 66 227000039 227000282 21 
2020-11-29T16:01:50.488517+09:00 0 0 경기75자8579 4 66 227000039 227000282 21 
2020-11-29T16:02:50.592715+09:00 0 0 경기75자8579 4 66 227000039 277103350 22 
2020-11-29T16:03:49.866570+09:00 0 0 경기75자8579 4 66 227000039 277103350 22 
2020-11-29T16:04:49.350607+09:00 0 0 경기75자8579 4 66 227000039 277103350 22 
2020-11-29T16:05:49.014649+09:00 0 0 경기75자8579 4 66 227000039 277103350 22 
2020-11-29T16:06:48.538629+09:00 0 0 경기75자8579 4 66 227000039 277103350 22 
2020-11-29T16:07:48.233404+09:00 0 0 경기75자8579 4 66 227000039 277103348 23 
2020-11-29T16:08:47.848369+09:00 0 0 경기75자8579 4 66 227000039 277103348 23 
2020-11-29T16:09:47.903195+09:00 0 0 경기75자8579 4 66 227000039 277103348 23 
2020-11-29T16:10:46.877881+09:00 0 0 경기75자8579 4 66 227000039 277103352 24 
2020-11-29T16:11:46.472553+09:00 0 0 경기75자8579 4 66 227000039 277103352 24 
2020-11-29T16:12:45.907210+09:00 0 0 경기75자8579 4 66 227000039 277102840 25 
2020-11-29T16:13:45.131674+09:00 0 0 경기75자8579 4 66 227000039 277102840 25 
2020-11-29T16:14:44.896190+09:00 0 0 경기75자8579 4 66 227000039 277102840 25 
2020-11-29T16:15:44.670687+09:00 0 0 경기75자8579 4 69 227000039 277102840 25 
2020-11-29T16:16:43.974972+09:00 0 0 경기75자8579 4 69 227000039 277102840 25 
2020-11-29T16:17:43.709432+09:00 0 0 경기75자8579 4 72 227000039 123000048 26 
2020-11-29T16:18:43.503850+09:00 0 0 경기75자8579 4 72 227000039 123000048 26 
2020-11-29T16:19:43.298176+09:00 0 0 경기75자8579 4 72 227000039 123000048 26 
2020-11-29T16:20:43.132603+09:00 0 0 경기75자8579 4 72 227000039 123000048 26 
2020-11-29T16:21:42.736840+09:00 0 0 경기75자8579 4 72 227000039 277101950 27 
2020-11-29T16:22:41.741001+09:00 0 0 경기75자8579 4 72 227000039 277101950 27 
2020-11-29T16:23:41.595384+09:00 0 0 경기75자8579 4 72 227000039 277101950 27 
2020-11-29T16:24:41.369597+09:00 0 0 경기75자8579 4 72 227000039 277102068 28 
2020-11-29T16:25:40.773800+09:00 0 0 경기75자8579 4 72 227000039 277102068 28 
2020-11-29T16:26:40.318022+09:00 0 0 경기75자8579 4 72 227000039 123000511 29 
2020-11-29T16:27:40.162406+09:00 0 0 경기75자8579 4 72 227000039 123000511 29 
2020-11-29T16:28:40.206676+09:00 0 0 경기75자8579 4 72 227000039 123000511 29 
2020-11-29T16:29:39.630702+09:00 0 0 경기75자8579 4 72 227000039 123000511 29 
2020-11-29T16:30:39.474890+09:00 0 0 경기75자8579 4 72 227000039 277102842 30 
2020-11-29T16:31:39.419000+09:00 0 0 경기75자8579 4 72 227000039 277103353 31 
2020-11-29T16:32:38.863256+09:00 0 0 경기75자8579 4 72 227000039 277103353 31 
2020-11-29T16:33:38.837376+09:00 0 0 경기75자8579 4 72 227000039 277103353 31 
2020-11-29T16:34:37.951573+09:00 0 0 경기75자8579 4 72 227000039 277103349 32 
2020-11-29T16:35:37.315745+09:00 0 0 경기75자8579 4 72 227000039 277103349 32 
2020-11-29T16:36:36.969914+09:00 0 0 경기75자8579 4 72 227000039 277103351 33 
2020-11-29T16:37:36.534048+09:00 0 0 경기75자8579 4 72 227000039 277103351 33 
2020-11-29T16:38:36.198171+09:00 0 0 경기75자8579 4 72 227000039 277103351 33 
2020-11-29T16:39:36.002404+09:00 0 0 경기75자8579 4 72 227000039 227000284 34 
2020-11-29T16:40:35.566677+09:00 0 0 경기75자8579 4 72 227000039 227000656 35 
2020-11-29T16:41:35.120479+09:00 0 0 경기75자8579 4 72 227000039 227000656 35 
2020-11-29T16:42:35.134123+09:00 0 0 경기75자8579 4 72 227000039 227000656 35 
2020-11-29T16:43:34.807802+09:00 0 0 경기75자8579 4 72 227000039 227000281 38 
2020-11-29T16:44:34.091535+09:00 0 0 경기75자8579 4 72 227000039 227000268 39 
2020-11-29T16:45:33.835186+09:00 0 0 경기75자8579 4 72 227000039 227000268 39 
2020-11-29T16:46:33.779111+09:00 0 0 경기75자8579 4 72 227000039 227000679 40 
2020-11-29T16:47:32.422927+09:00 0 0 경기75자8579 4 72 227000039 227000679 40 
2020-11-29T16:48:32.456849+09:00 0 0 경기75자8579 4 72 227000039 227000071 41 
2020-11-29T16:49:31.490592+09:00 0 0 경기75자8579 4 72 227000039 227000071 41 
2020-11-29T16:50:31.494515+09:00 0 0 경기75자8579 4 72 227000039 227000212 44 
2020-11-29T16:51:31.168422+09:00 0 0 경기75자8579 4 72 227000039 227000630 46 
2020-11-29T16:52:31.142416+09:00 0 0 경기75자8579 4 72 227000039 227000208 47 
2020-11-29T16:53:30.986267+09:00 0 0 경기75자8579 4 72 227000039 227000208 47 
2020-11-29T16:54:30.720233+09:00 0 0 경기75자8579 4 72 227000039 227000311 49 
2020-11-29T16:55:30.454229+09:00 0 0 경기75자8579 4 72 227000039 227000664 50 
2020-11-29T16:56:30.318237+09:00 0 0 경기75자8579 4 72 227000039 227000305 52 
2020-11-29T16:57:30.062211+09:00 0 0 경기75자8579 4 72 227000039 227000307 53 
2020-11-29T16:58:29.796192+09:00 0 0 경기75자8579 4 72 227000039 227000306 54 
2020-11-29T16:59:29.770269+09:00 0 0 경기75자8579 4 72 227000039 227000334 55 
2020-11-29T17:00:29.794360+09:00 0 0 경기75자8579 4 72 227000039 227000334 55 
2020-11-29T17:01:28.448651+09:00 0 0 경기75자8579 4 72 227000039 227000334 55 
2020-11-29T17:02:28.002221+09:00 0 0 경기75자8579 4 72 227000039 227000260 56 
2020-11-29T18:16:01.830539+09:00 0 0 경기75자8579 4 72 227000039 227000677 3 
2020-11-29T18:17:00.424504+09:00 0 0 경기75자8579 4 72 227000039 227000677 3 
2020-11-29T18:18:00.209253+09:00 0 0 경기75자8579 4 72 227000039 227000308 4 
2020-11-29T18:19:00.072816+09:00 0 0 경기75자8579 4 71 227000039 227000308 4 
2020-11-29T18:19:59.436967+09:00 0 0 경기75자8579 4 71 227000039 227000304 5 
2020-11-29T18:20:59.151111+09:00 0 0 경기75자8579 4 71 227000039 227000304 5 
2020-11-29T18:21:58.735188+09:00 0 0 경기75자8579 4 71 227000039 227000666 6 
2020-11-29T18:22:58.289430+09:00 0 0 경기75자8579 4 71 227000039 227000310 7 
2020-11-29T18:23:58.083462+09:00 0 0 경기75자8579 4 71 227000039 227000310 7 
2020-11-29T18:24:57.997527+09:00 0 0 경기75자8579 4 71 227000039 227000310 7 
2020-11-29T18:25:57.081568+09:00 0 0 경기75자8579 4 71 227000039 227000205 8 
2020-11-29T18:26:55.955635+09:00 0 0 경기75자8579 4 71 227000039 227000209 10 
2020-11-29T18:27:55.479544+09:00 0 0 경기75자8579 4 72 227000039 227000209 10 
2020-11-29T18:28:55.443750+09:00 0 0 경기75자8579 4 72 227000039 227000211 11 
2020-11-29T18:29:55.408012+09:00 0 0 경기75자8579 4 71 227000039 227000191 12 
2020-11-29T18:30:54.431600+09:00 0 0 경기75자8579 4 71 227000039 227000191 12 
2020-11-29T18:31:54.355962+09:00 0 0 경기75자8579 4 71 227000039 227000072 14 
2020-11-29T18:32:53.109968+09:00 0 0 경기75자8579 4 71 227000039 227000072 14 
2020-11-29T18:33:53.164111+09:00 0 0 경기75자8579 4 71 227000039 227000678 15 
2020-11-29T18:34:51.878132+09:00 0 0 경기75자8579 4 71 227000039 227000678 15 
2020-11-29T18:35:51.702260+09:00 0 0 경기75자8579 4 71 227000039 227000280 17 
2020-11-29T18:36:51.536301+09:00 0 0 경기75자8579 4 71 227000039 227000230 18 
2020-11-29T18:37:51.490433+09:00 0 0 경기75자8579 4 71 227000039 227000291 20 
2020-11-29T18:38:51.454645+09:00 0 0 경기75자8579 4 71 227000039 227000291 20 
2020-11-29T18:39:51.168635+09:00 0 0 경기75자8579 4 70 227000039 227000282 21 
2020-11-29T18:40:51.052897+09:00 0 0 경기75자8579 4 70 227000039 227000282 21 
2020-11-29T18:41:51.036995+09:00 0 0 경기75자8579 4 70 227000039 227000282 21 
2020-11-29T18:42:50.751114+09:00 0 0 경기75자8579 4 70 227000039 227000282 21 
2020-11-29T18:43:50.815212+09:00 0 0 경기75자8579 4 70 227000039 277103350 22 
2020-11-29T18:44:50.629419+09:00 0 0 경기75자8579 4 70 227000039 277103350 22 
2020-11-29T18:45:50.483563+09:00 0 0 경기75자8579 4 70 227000039 277103350 22 
2020-11-29T18:46:50.657647+09:00 0 0 경기75자8579 4 70 227000039 277103350 22 
2020-11-29T18:47:49.441727+09:00 0 0 경기75자8579 4 70 227000039 277103350 22 
2020-11-29T18:48:49.355920+09:00 0 0 경기75자8579 4 70 227000039 277103348 23 
2020-11-29T18:49:49.320006+09:00 0 0 경기75자8579 4 70 227000039 277103348 23 
2020-11-29T18:50:48.884918+09:00 0 0 경기75자8579 4 70 227000039 277103348 23 
2020-11-29T18:51:48.798228+09:00 0 0 경기75자8579 4 70 227000039 277103348 23 
2020-11-29T18:52:48.392434+09:00 0 0 경기75자8579 4 70 227000039 277102840 25 
2020-11-29T18:53:48.296498+09:00 0 0 경기75자8579 4 70 227000039 277102840 25 
2020-11-29T18:54:48.140697+09:00 0 0 경기75자8579 4 70 227000039 277102840 25 
2020-11-29T18:55:47.954764+09:00 0 0 경기75자8579 4 70 227000039 277102840 25 
2020-11-29T18:56:47.698874+09:00 0 0 경기75자8579 4 70 227000039 277102840 25 
2020-11-29T18:57:47.703155+09:00 0 0 경기75자8579 4 72 227000039 123000048 26 
2020-11-29T18:58:46.677864+09:00 0 0 경기75자8579 4 72 227000039 123000048 26 
2020-11-29T18:59:46.352668+09:00 0 0 경기75자8579 4 72 227000039 277101950 27 
2020-11-29T19:00:46.357395+09:00 0 0 경기75자8579 4 72 227000039 277101950 27 
2020-11-29T19:01:46.122003+09:00 0 0 경기75자8579 4 72 227000039 277101950 27 
2020-11-29T19:02:45.996516+09:00 0 0 경기75자8579 4 72 227000039 277101950 27 
2020-11-29T19:03:45.441238+09:00 0 0 경기75자8579 4 72 227000039 277102068 28 
2020-11-29T19:04:45.095801+09:00 0 0 경기75자8579 4 72 227000039 123000511 29 
2020-11-29T19:05:44.370462+09:00 0 0 경기75자8579 4 71 227000039 123000511 29 
2020-11-29T19:06:44.164547+09:00 0 0 경기75자8579 4 71 227000039 123000511 29 
2020-11-29T19:07:43.769103+09:00 0 0 경기75자8579 4 71 227000039 277102842 30 
2020-11-29T19:08:42.703549+09:00 0 0 경기75자8579 4 71 227000039 277102842 30 
2020-11-29T19:09:42.447709+09:00 0 0 경기75자8579 4 71 227000039 277103353 31 
2020-11-29T19:10:41.802149+09:00 0 0 경기75자8579 4 71 227000039 277103353 31 
2020-11-29T19:11:41.166536+09:00 0 0 경기75자8579 4 71 227000039 277103353 31 
2020-11-29T19:12:40.710887+09:00 0 0 경기75자8579 4 71 227000039 277103349 32 
2020-11-29T19:13:39.555186+09:00 0 0 경기75자8579 4 71 227000039 277103349 32 
2020-11-29T19:14:39.499398+09:00 0 0 경기75자8579 4 71 227000039 277103351 33 
2020-11-29T19:15:39.013758+09:00 0 0 경기75자8579 4 71 227000039 277103351 33 
2020-11-29T19:16:38.539859+09:00 0 0 경기75자8579 4 71 227000039 277103351 33 
2020-11-29T19:17:38.252480+09:00 0 0 경기75자8579 4 71 227000039 227000656 35 
2020-11-29T19:18:37.936623+09:00 0 0 경기75자8579 4 71 227000039 227000656 35 
2020-11-29T19:19:37.650943+09:00 0 0 경기75자8579 4 71 227000039 227000484 36 
2020-11-29T19:20:37.655391+09:00 0 0 경기75자8579 4 71 227000039 227000232 37 
2020-11-29T19:21:36.569523+09:00 0 0 경기75자8579 4 71 227000039 227000232 37 
2020-11-29T19:22:36.403849+09:00 0 0 경기75자8579 4 71 227000039 227000232 37 
2020-11-29T19:23:35.978041+09:00 0 0 경기75자8579 4 72 227000039 227000281 38 
2020-11-29T19:24:36.152446+09:00 0 0 경기75자8579 4 72 227000039 227000268 39 
2020-11-29T19:25:35.756567+09:00 0 0 경기75자8579 4 72 227000039 227000679 40 
2020-11-29T19:26:35.570936+09:00 0 0 경기75자8579 4 72 227000039 227000679 40 
2020-11-29T19:27:35.225171+09:00 0 0 경기75자8579 4 72 227000039 227000071 41 
2020-11-29T19:28:34.899389+09:00 0 0 경기75자8579 4 72 227000039 227000256 42 
2020-11-29T19:29:34.223485+09:00 0 0 경기75자8579 4 72 227000039 227000192 43 
2020-11-29T19:30:33.737894+09:00 0 0 경기75자8579 4 72 227000039 227000212 44 
2020-11-29T19:31:33.692203+09:00 0 0 경기75자8579 4 72 227000039 227000210 45 
2020-11-29T19:32:33.555559+09:00 0 0 경기75자8579 4 72 227000039 227000206 48 
2020-11-29T19:33:32.708798+09:00 0 0 경기75자8579 4 72 227000039 227000206 48 
2020-11-29T19:34:32.332149+09:00 0 0 경기75자8579 4 72 227000039 227000311 49 
2020-11-29T19:35:31.845425+09:00 0 0 경기75자8579 4 72 227000039 227000307 53 
2020-11-29T19:36:31.498850+09:00 0 0 경기75자8579 4 72 227000039 227000306 54 
2020-11-29T19:37:31.312476+09:00 0 0 경기75자8579 4 72 227000039 227000306 54 
2020-11-29T19:38:31.146017+09:00 0 0 경기75자8579 4 72 227000039 227000334 55 
2020-11-29T19:39:30.929677+09:00 0 0 경기75자8579 4 72 227000039 227000334 55 
2020-11-29T19:40:30.683262+09:00 0 0 경기75자8579 4 72 227000039 227000334 55 
2020-11-29T20:51:01.847610+09:00 0 0 경기75자8579 4 72 227000039 227000261 2 
2020-11-29T20:52:01.751812+09:00 0 0 경기75자8579 4 72 227000039 227000677 3 
2020-11-29T20:53:01.475940+09:00 0 0 경기75자8579 4 72 227000039 227000677 3 
2020-11-29T20:54:01.280027+09:00 0 0 경기75자8579 4 72 227000039 227000308 4 
2020-11-29T20:55:01.314157+09:00 0 0 경기75자8579 4 72 227000039 227000308 4 
2020-11-29T20:56:00.948209+09:00 0 0 경기75자8579 4 72 227000039 227000304 5 
2020-11-29T20:57:00.592330+09:00 0 0 경기75자8579 4 72 227000039 227000310 7 
2020-11-29T20:58:00.396568+09:00 0 0 경기75자8579 4 72 227000039 227000310 7 
2020-11-29T20:59:00.200715+09:00 0 0 경기75자8579 4 72 227000039 227000205 8 
2020-11-29T20:59:59.694703+09:00 0 0 경기75자8579 4 72 227000039 227000207 9 
2020-11-29T21:00:59.608946+09:00 0 0 경기75자8579 4 72 227000039 227000207 9 
2020-11-29T21:01:59.203094+09:00 0 0 경기75자8579 4 72 227000039 227000209 10 
2020-11-29T21:02:58.727104+09:00 0 0 경기75자8579 4 72 227000039 227000211 11 
2020-11-29T21:03:58.721339+09:00 0 0 경기75자8579 4 72 227000039 227000211 11 
2020-11-29T21:04:58.162973+09:00 0 0 경기75자8579 4 72 227000039 227000257 13 
2020-11-29T21:05:57.399570+09:00 0 0 경기75자8579 4 72 227000039 227000072 14 
2020-11-29T21:06:57.223799+09:00 0 0 경기75자8579 4 72 227000039 227000678 15 
2020-11-29T21:07:56.477849+09:00 0 0 경기75자8579 4 72 227000039 227000269 16 
2020-11-29T21:08:56.432049+09:00 0 0 경기75자8579 4 72 227000039 227000269 16 
2020-11-29T21:09:55.316154+09:00 0 0 경기75자8579 4 72 227000039 227000269 16 
2020-11-29T21:10:54.900253+09:00 0 0 경기75자8579 4 72 227000039 227000230 18 
2020-11-29T21:11:54.834399+09:00 0 0 경기75자8579 4 72 227000039 227000230 18 
2020-11-29T21:12:54.147856+09:00 0 0 경기75자8579 4 72 227000039 227000230 18 
2020-11-29T21:13:54.162823+09:00 0 0 경기75자8579 4 72 227000039 227000291 20 
2020-11-29T21:14:54.146686+09:00 0 0 경기75자8579 4 72 227000039 227000282 21 
2020-11-29T21:15:53.540416+09:00 0 0 경기75자8579 4 72 227000039 227000282 21 
2020-11-29T21:16:53.124229+09:00 0 0 경기75자8579 4 72 227000039 227000282 21 
2020-11-29T21:17:53.168066+09:00 0 0 경기75자8579 4 72 227000039 227000282 21 
2020-11-29T21:18:52.331821+09:00 0 0 경기75자8579 4 72 227000039 227000282 21 
2020-11-29T21:19:52.155824+09:00 0 0 경기75자8579 4 72 227000039 227000282 21 
2020-11-29T21:20:52.199605+09:00 0 0 경기75자8579 4 72 227000039 277103350 22 
2020-11-29T21:21:51.603600+09:00 0 0 경기75자8579 4 72 227000039 277103350 22 
2020-11-29T21:22:51.097483+09:00 0 0 경기75자8579 4 72 227000039 277103348 23 
2020-11-29T21:23:50.801431+09:00 0 0 경기75자8579 4 72 227000039 277103348 23 
2020-11-29T21:24:50.315365+09:00 0 0 경기75자8579 4 72 227000039 277103348 23 
2020-11-29T21:25:49.899369+09:00 0 0 경기75자8579 4 72 227000039 277103352 24 
2020-11-29T21:26:48.863525+09:00 0 0 경기75자8579 4 72 227000039 277103352 24 
2020-11-29T21:27:48.567309+09:00 0 0 경기75자8579 4 72 227000039 277102840 25 
2020-11-29T21:28:48.361470+09:00 0 0 경기75자8579 4 72 227000039 277102840 25 
2020-11-29T21:29:47.675423+09:00 0 0 경기75자8579 4 72 227000039 277102840 25 
2020-11-29T21:30:47.299367+09:00 0 0 경기75자8579 4 72 227000039 277102840 25 
2020-11-29T21:31:46.903403+09:00 0 0 경기75자8579 4 72 227000039 123000048 26 
2020-11-29T21:32:46.564915+09:00 0 0 경기75자8579 4 72 227000039 277101950 27 
2020-11-29T21:33:46.853250+09:00 0 0 경기75자8579 4 72 227000039 277101950 27 
2020-11-29T21:34:46.035569+09:00 0 0 경기75자8579 4 72 227000039 277101950 27 
2020-11-29T21:35:45.409617+09:00 0 0 경기75자8579 4 72 227000039 277101950 27 
2020-11-29T21:36:45.033685+09:00 0 0 경기75자8579 4 72 227000039 277102068 28 
2020-11-29T21:37:44.708564+09:00 0 0 경기75자8579 4 72 227000039 277102068 28 
2020-11-29T21:38:44.531862+09:00 0 0 경기75자8579 4 72 227000039 123000511 29 
2020-11-29T21:39:43.875932+09:00 0 0 경기75자8579 4 72 227000039 123000511 29 
2020-11-29T21:40:43.180017+09:00 0 0 경기75자8579 4 72 227000039 123000511 29 
2020-11-29T21:41:42.834045+09:00 0 0 경기75자8579 4 72 227000039 277102842 30 
2020-11-29T21:42:42.108070+09:00 0 0 경기75자8579 4 72 227000039 277103353 31 
2020-11-29T21:43:41.602640+09:00 0 0 경기75자8579 4 72 227000039 277103353 31 
2020-11-29T21:44:41.496248+09:00 0 0 경기75자8579 4 72 227000039 277103353 31 
2020-11-29T21:45:40.990199+09:00 0 0 경기75자8579 4 72 227000039 277103349 32 
2020-11-29T21:46:40.734243+09:00 0 0 경기75자8579 4 72 227000039 277103349 32 
2020-11-29T21:47:40.128528+09:00 0 0 경기75자8579 4 72 227000039 277103351 33 
2020-11-29T21:48:39.922674+09:00 0 0 경기75자8579 4 72 227000039 277103351 33 
2020-11-29T21:49:39.657256+09:00 0 0 경기75자8579 4 72 227000039 277103351 33 
2020-11-29T21:50:39.031942+09:00 0 0 경기75자8579 4 72 227000039 277103351 33 
2020-11-29T21:51:38.376414+09:00 0 0 경기75자8579 4 72 227000039 277103351 33 
2020-11-29T21:52:38.290938+09:00 0 0 경기75자8579 4 72 227000039 227000656 35 
2020-11-29T21:53:37.885120+09:00 0 0 경기75자8579 4 72 227000039 227000656 35 
2020-11-29T21:54:37.239546+09:00 0 0 경기75자8579 4 72 227000039 227000484 36 
2020-11-29T21:55:36.430966+09:00 0 0 경기75자8579 4 72 227000039 227000484 36 
2020-11-29T21:56:35.908222+09:00 0 0 경기75자8579 4 72 227000039 227000281 38 
2020-11-29T21:57:35.322452+09:00 0 0 경기75자8579 4 72 227000039 227000281 38 
2020-11-29T21:58:34.646763+09:00 0 0 경기75자8579 4 72 227000039 227000268 39 
2020-11-29T21:59:34.591025+09:00 0 0 경기75자8579 4 72 227000039 227000268 39 
2020-11-29T22:00:33.905293+09:00 0 0 경기75자8579 4 72 227000039 227000679 40 
2020-11-29T22:01:33.369592+09:00 0 0 경기75자8579 4 72 227000039 227000679 40 
2020-11-29T22:02:33.033853+09:00 0 0 경기75자8579 4 72 227000039 227000071 41 
2020-11-29T22:03:32.098014+09:00 0 0 경기75자8579 4 72 227000039 227000256 42 
2020-11-29T22:04:31.632241+09:00 0 0 경기75자8579 4 72 227000039 227000212 44 
2020-11-29T22:05:31.306485+09:00 0 0 경기75자8579 4 72 227000039 227000210 45 
2020-11-29T22:06:31.040746+09:00 0 0 경기75자8579 4 72 227000039 227000208 47 
2020-11-29T22:07:30.634889+09:00 0 0 경기75자8579 4 72 227000039 227000208 47 
2020-11-29T22:08:30.399047+09:00 0 0 경기75자8579 4 72 227000039 227000206 48 
2020-11-29T22:09:29.993315+09:00 0 0 경기75자8579 4 72 227000039 227000311 49 
2020-11-29T22:10:29.497443+09:00 0 0 경기75자8579 4 72 227000039 227000664 50 
2020-11-29T22:11:29.131675+09:00 0 0 경기75자8579 4 72 227000039 227000665 51 
2020-11-29T22:12:28.415730+09:00 0 0 경기75자8579 4 72 227000039 227000306 54 
2020-11-29T22:13:27.770237+09:00 0 0 경기75자8579 4 72 227000039 227000306 54 
2020-11-29T22:14:27.474131+09:00 0 0 경기75자8579 4 72 227000039 227000334 55 
2020-11-29T22:15:26.618126+09:00 0 0 경기75자8579 4 72 227000039 227000334 55 
2020-11-29T22:16:25.312352+09:00 0 0 경기75자8579 4 72 227000039 227000334 55 
