227000039 2020-12-14T00:39:05.481297+09:00
2020-12-14T05:03:15 0 0 경기75자8579 4 72 227000039 227000261 2 
2020-12-14T05:04:15 0 0 경기75자8579 4 72 227000039 227000677 3 
2020-12-14T05:05:14 0 0 경기75자8579 4 72 227000039 227000677 3 
2020-12-14T05:06:14 0 0 경기75자8579 4 72 227000039 227000677 3 
2020-12-14T05:07:14 0 0 경기75자8579 4 72 227000039 227000308 4 
2020-12-14T05:08:14 0 0 경기75자8579 4 72 227000039 227000308 4 
2020-12-14T05:09:13 0 0 경기75자8579 4 72 227000039 227000304 5 
2020-12-14T05:10:13 0 0 경기75자8579 4 72 227000039 227000304 5 
2020-12-14T05:11:12 0 0 경기75자8579 4 72 227000039 227000666 6 
2020-12-14T05:12:11 0 0 경기75자8579 4 72 227000039 227000310 7 
2020-12-14T05:13:10 0 0 경기75자8579 4 72 227000039 227000310 7 
2020-12-14T05:14:10 0 0 경기75자8579 4 72 227000039 227000310 7 
2020-12-14T05:15:10 0 0 경기75자8579 4 72 227000039 227000205 8 
2020-12-14T05:16:09 0 0 경기75자8579 4 72 227000039 227000207 9 
2020-12-14T05:17:09 0 0 경기75자8579 4 72 227000039 227000209 10 
2020-12-14T05:18:08 0 0 경기75자8579 4 72 227000039 227000209 10 
2020-12-14T05:19:08 0 0 경기75자8579 4 72 227000039 227000209 10 
2020-12-14T05:20:08 0 0 경기75자8579 4 72 227000039 227000209 10 
2020-12-14T05:21:07 0 0 경기75자8579 4 72 227000039 227000191 12 
2020-12-14T05:22:07 0 0 경기75자8579 4 72 227000039 227000072 14 
2020-12-14T05:23:06 0 0 경기75자8579 4 72 227000039 227000072 14 
2020-12-14T05:24:06 0 0 경기75자8579 4 72 227000039 227000678 15 
2020-12-14T05:25:05 0 0 경기75자8579 4 72 227000039 227000269 16 
2020-12-14T05:26:05 0 0 경기75자8579 4 72 227000039 227000230 18 
2020-12-14T05:27:05 0 0 경기75자8579 4 72 227000039 227000485 19 
2020-12-14T05:28:04 0 0 경기75자8579 4 72 227000039 227000485 19 
2020-12-14T05:29:04 0 0 경기75자8579 4 72 227000039 227000291 20 
2020-12-14T05:30:04 0 0 경기75자8579 4 72 227000039 227000291 20 
2020-12-14T05:31:03 0 0 경기75자8579 4 72 227000039 227000291 20 
2020-12-14T05:32:02 0 0 경기75자8579 4 72 227000039 227000282 21 
2020-12-14T05:33:02 0 0 경기75자8579 4 72 227000039 227000282 21 
2020-12-14T05:34:02 0 0 경기75자8579 4 72 227000039 227000282 21 
2020-12-14T05:35:01 0 0 경기75자8579 4 72 227000039 227000282 21 
2020-12-14T05:36:01 0 0 경기75자8579 4 72 227000039 277103350 22 
2020-12-14T05:37:01 0 0 경기75자8579 4 72 227000039 277103350 22 
2020-12-14T05:38:00 0 0 경기75자8579 4 72 227000039 277103348 23 
2020-12-14T05:39:00 0 0 경기75자8579 4 72 227000039 277103348 23 
2020-12-14T05:39:59 0 0 경기75자8579 4 72 227000039 277103348 23 
2020-12-14T05:40:59 0 0 경기75자8579 4 72 227000039 277103352 24 
2020-12-14T05:41:58 0 0 경기75자8579 4 72 227000039 277103352 24 
2020-12-14T05:42:58 0 0 경기75자8579 4 72 227000039 277102840 25 
2020-12-14T05:43:57 0 0 경기75자8579 4 72 227000039 277102840 25 
2020-12-14T05:44:57 0 0 경기75자8579 4 72 227000039 277102840 25 
2020-12-14T05:45:57 0 0 경기75자8579 4 72 227000039 277102840 25 
2020-12-14T05:46:56 0 0 경기75자8579 4 72 227000039 277101950 27 
2020-12-14T05:47:56 0 0 경기75자8579 4 72 227000039 277101950 27 
2020-12-14T05:48:55 0 0 경기75자8579 4 72 227000039 277102068 28 
2020-12-14T05:49:55 0 0 경기75자8579 4 72 227000039 277102068 28 
2020-12-14T05:50:54 2 0 경기75자8579 4 72 227000039 123000511 29 
2020-12-14T05:51:54 2 0 경기75자8579 4 72 227000039 123000511 29 
2020-12-14T05:52:54 0 0 경기75자8579 4 72 227000039 123000511 29 
2020-12-14T05:53:53 0 0 경기75자8579 4 72 227000039 123000511 29 
2020-12-14T05:54:53 0 0 경기75자8579 4 72 227000039 277102842 30 
2020-12-14T05:55:53 0 0 경기75자8579 4 72 227000039 277103353 31 
2020-12-14T05:56:52 0 0 경기75자8579 4 72 227000039 277103353 31 
2020-12-14T05:57:51 0 0 경기75자8579 4 72 227000039 277103353 31 
2020-12-14T05:58:51 0 0 경기75자8579 4 72 227000039 277103349 32 
2020-12-14T05:59:51 0 0 경기75자8579 4 72 227000039 277103349 32 
2020-12-14T06:00:50 0 0 경기75자8579 4 72 227000039 277103349 32 
2020-12-14T06:01:49 0 0 경기75자8579 4 72 227000039 277103351 33 
2020-12-14T06:02:49 0 0 경기75자8579 4 72 227000039 277103351 33 
2020-12-14T06:03:49 0 0 경기75자8579 4 72 227000039 277103351 33 
2020-12-14T06:04:48 0 0 경기75자8579 4 72 227000039 227000284 34 
2020-12-14T06:05:48 0 0 경기75자8579 4 72 227000039 227000656 35 
2020-12-14T06:06:47 0 0 경기75자8579 4 72 227000039 227000656 35 
2020-12-14T06:07:47 0 0 경기75자8579 4 72 227000039 227000484 36 
2020-12-14T06:08:46 0 0 경기75자8579 4 72 227000039 227000232 37 
2020-12-14T06:09:46 0 0 경기75자8579 4 72 227000039 227000232 37 
2020-12-14T06:10:45 0 0 경기75자8579 4 72 227000039 227000281 38 
2020-12-14T06:11:45 0 0 경기75자8579 4 72 227000039 227000679 40 
2020-12-14T06:12:44 0 0 경기75자8579 4 72 227000039 227000679 40 
2020-12-14T06:13:44 0 0 경기75자8579 4 72 227000039 227000679 40 
2020-12-14T06:14:44 0 0 경기75자8579 4 72 227000039 227000071 41 
2020-12-14T06:15:43 0 0 경기75자8579 4 72 227000039 227000256 42 
2020-12-14T06:16:43 0 0 경기75자8579 4 72 227000039 227000212 44 
2020-12-14T06:17:43 0 0 경기75자8579 4 72 227000039 227000208 47 
2020-12-14T06:18:43 0 0 경기75자8579 4 72 227000039 227000208 47 
2020-12-14T06:19:42 0 0 경기75자8579 4 72 227000039 227000206 48 
2020-12-14T06:20:42 0 0 경기75자8579 4 72 227000039 227000664 50 
2020-12-14T06:21:42 0 0 경기75자8579 4 72 227000039 227000665 51 
2020-12-14T06:22:41 0 0 경기75자8579 4 72 227000039 227000306 54 
2020-12-14T06:23:41 0 0 경기75자8579 4 72 227000039 227000306 54 
2020-12-14T06:24:41 0 0 경기75자8579 4 72 227000039 227000334 55 
2020-12-14T06:33:38 0 0 경기75자8580 4 72 227000039 227000261 2 
2020-12-14T06:34:37 0 0 경기75자8580 4 72 227000039 227000261 2 
2020-12-14T06:35:37 0 0 경기75자8580 4 72 227000039 227000261 2 
2020-12-14T06:36:37 0 0 경기75자8580 4 72 227000039 227000677 3 
2020-12-14T06:37:36 0 0 경기75자8580 4 72 227000039 227000677 3 
2020-12-14T06:38:36 0 0 경기75자8580 4 72 227000039 227000308 4 
2020-12-14T06:39:36 0 0 경기75자8580 4 72 227000039 227000304 5 
2020-12-14T06:40:35 0 0 경기75자8580 4 72 227000039 227000310 7 
2020-12-14T06:41:35 0 0 경기75자8580 4 72 227000039 227000310 7 
2020-12-14T06:42:35 0 0 경기75자8580 4 72 227000039 227000310 7 
2020-12-14T06:43:34 0 0 경기75자8580 4 72 227000039 227000205 8 
2020-12-14T06:44:34 0 0 경기75자8580 4 72 227000039 227000209 10 
2020-12-14T06:45:34 0 0 경기75자8580 4 72 227000039 227000209 10 
2020-12-14T06:46:33 0 0 경기75자8580 4 72 227000039 227000211 11 
2020-12-14T06:47:33 0 0 경기75자8580 4 72 227000039 227000191 12 
2020-12-14T06:48:33 0 0 경기75자8580 4 72 227000039 227000257 13 
2020-12-14T06:49:33 0 0 경기75자8580 4 72 227000039 227000072 14 
2020-12-14T06:50:32 0 0 경기75자8580 4 72 227000039 227000072 14 
2020-12-14T06:51:32 0 0 경기75자8580 4 72 227000039 227000678 15 
2020-12-14T06:52:32 0 0 경기75자8580 4 72 227000039 227000269 16 
2020-12-14T06:53:31 0 0 경기75자8580 4 72 227000039 227000269 16 
2020-12-14T06:54:32 0 0 경기75자8580 4 72 227000039 227000230 18 
2020-12-14T06:55:31 0 0 경기75자8580 4 71 227000039 227000230 18 
2020-12-14T06:56:31 0 0 경기75자8580 4 71 227000039 227000485 19 
2020-12-14T06:57:30 0 0 경기75자8580 4 71 227000039 227000485 19 
2020-12-14T06:58:29 0 0 경기75자8580 4 71 227000039 227000291 20 
2020-12-14T06:59:28 0 0 경기75자8580 4 71 227000039 227000282 21 
2020-12-14T07:00:28 0 0 경기75자8580 4 69 227000039 227000282 21 
2020-12-14T07:01:28 0 0 경기75자8580 4 69 227000039 227000282 21 
2020-12-14T07:02:28 0 0 경기75자8580 4 69 227000039 227000282 21 
2020-12-14T07:03:27 0 0 경기75자8580 4 69 227000039 227000282 21 
2020-12-14T07:04:26 0 0 경기75자8580 4 69 227000039 277103350 22 
2020-12-14T07:05:26 0 0 경기75자8580 4 69 227000039 277103350 22 
2020-12-14T07:06:25 0 0 경기75자8580 4 69 227000039 277103350 22 
2020-12-14T07:07:25 0 0 경기75자8580 4 69 227000039 277103350 22 
2020-12-14T07:08:24 0 0 경기75자8580 4 69 227000039 277103350 22 
2020-12-14T07:09:24 0 0 경기75자8580 4 69 227000039 277103350 22 
2020-12-14T07:10:24 0 0 경기75자8580 4 69 227000039 277103350 22 
2020-12-14T07:11:23 0 0 경기75자8580 4 69 227000039 277103350 22 
2020-12-14T07:12:23 0 0 경기75자8580 4 69 227000039 277103350 22 
2020-12-14T07:13:22 0 0 경기75자8580 4 69 227000039 277103350 22 
2020-12-14T07:14:22 0 0 경기75자8580 4 69 227000039 277103348 23 
2020-12-14T07:15:22 0 0 경기75자8580 4 69 227000039 277103348 23 
2020-12-14T07:16:21 0 0 경기75자8580 4 69 227000039 277103348 23 
2020-12-14T07:17:21 0 0 경기75자8580 4 69 227000039 277103348 23 
2020-12-14T07:17:21 0 0 경기75자8579 4 72 227000039 227000677 3 
2020-12-14T07:18:21 0 0 경기75자8580 4 69 227000039 277103348 23 
2020-12-14T07:18:21 0 0 경기75자8579 4 72 227000039 227000677 3 
2020-12-14T07:19:22 0 0 경기75자8580 4 69 227000039 277103348 23 
2020-12-14T07:19:22 0 0 경기75자8579 4 72 227000039 227000677 3 
2020-12-14T07:20:21 0 0 경기75자8580 4 69 227000039 277103348 23 
2020-12-14T07:20:21 0 0 경기75자8579 4 72 227000039 227000308 4 
2020-12-14T07:21:20 0 0 경기75자8580 4 69 227000039 277103352 24 
2020-12-14T07:21:20 0 0 경기75자8579 4 72 227000039 227000308 4 
2020-12-14T07:22:19 0 0 경기75자8580 4 69 227000039 277103352 24 
2020-12-14T07:22:19 0 0 경기75자8579 4 72 227000039 227000304 5 
2020-12-14T07:23:19 0 0 경기75자8580 4 69 227000039 277102840 25 
2020-12-14T07:23:19 0 0 경기75자8579 4 72 227000039 227000304 5 
2020-12-14T07:24:18 0 0 경기75자8580 4 69 227000039 277102840 25 
2020-12-14T07:24:18 0 0 경기75자8579 4 72 227000039 227000666 6 
2020-12-14T07:25:17 0 0 경기75자8580 4 69 227000039 277102840 25 
2020-12-14T07:25:17 0 0 경기75자8579 4 72 227000039 227000666 6 
2020-12-14T07:26:16 0 0 경기75자8580 4 69 227000039 277102840 25 
2020-12-14T07:26:16 0 0 경기75자8579 4 72 227000039 227000310 7 
2020-12-14T07:27:16 0 0 경기75자8580 4 69 227000039 277102840 25 
2020-12-14T07:27:16 0 0 경기75자8579 4 72 227000039 227000205 8 
2020-12-14T07:28:16 0 0 경기75자8580 4 69 227000039 277102840 25 
2020-12-14T07:28:16 0 0 경기75자8579 4 72 227000039 227000205 8 
2020-12-14T07:29:16 0 0 경기75자8580 4 69 227000039 277102840 25 
2020-12-14T07:29:16 0 0 경기75자8579 4 72 227000039 227000207 9 
2020-12-14T07:30:16 0 0 경기75자8580 4 69 227000039 277102840 25 
2020-12-14T07:30:16 0 0 경기75자8579 4 72 227000039 227000209 10 
2020-12-14T07:31:16 0 0 경기75자8580 4 69 227000039 277102840 25 
2020-12-14T07:31:16 0 0 경기75자8579 4 72 227000039 227000209 10 
2020-12-14T07:32:15 0 0 경기75자8580 4 69 227000039 277102840 25 
2020-12-14T07:32:15 0 0 경기75자8579 4 72 227000039 227000191 12 
2020-12-14T07:33:14 0 0 경기75자8580 4 69 227000039 123000048 26 
2020-12-14T07:33:14 0 0 경기75자8579 4 71 227000039 227000257 13 
2020-12-14T07:34:14 0 0 경기75자8580 4 72 227000039 123000048 26 
2020-12-14T07:34:14 0 0 경기75자8579 4 71 227000039 227000072 14 
2020-12-14T07:35:13 0 0 경기75자8580 4 72 227000039 123000048 26 
2020-12-14T07:35:13 0 0 경기75자8579 4 71 227000039 227000072 14 
2020-12-14T07:36:12 0 0 경기75자8580 4 72 227000039 277101950 27 
2020-12-14T07:36:12 0 0 경기75자8579 4 71 227000039 227000678 15 
2020-12-14T07:37:11 0 0 경기75자8580 4 72 227000039 277101950 27 
2020-12-14T07:37:11 0 0 경기75자8579 4 70 227000039 227000269 16 
2020-12-14T07:38:10 0 0 경기75자8580 4 72 227000039 277101950 27 
2020-12-14T07:38:10 0 0 경기75자8579 4 69 227000039 227000269 16 
2020-12-14T07:39:09 0 0 경기75자8580 4 72 227000039 277101950 27 
2020-12-14T07:39:09 0 0 경기75자8579 4 69 227000039 227000280 17 
2020-12-14T07:40:09 0 0 경기75자8580 4 72 227000039 277102068 28 
2020-12-14T07:40:09 0 0 경기75자8579 4 69 227000039 227000230 18 
2020-12-14T07:41:08 0 0 경기75자8580 4 72 227000039 277102068 28 
2020-12-14T07:41:08 0 0 경기75자8579 4 69 227000039 227000485 19 
2020-12-14T07:42:08 0 0 경기75자8580 4 72 227000039 123000511 29 
2020-12-14T07:42:08 0 0 경기75자8579 4 69 227000039 227000485 19 
2020-12-14T07:43:07 0 0 경기75자8580 4 72 227000039 123000511 29 
2020-12-14T07:43:07 0 0 경기75자8579 4 69 227000039 227000485 19 
2020-12-14T07:44:06 0 0 경기75자8580 4 72 227000039 123000511 29 
2020-12-14T07:44:06 0 0 경기75자8579 4 66 227000039 227000291 20 
2020-12-14T07:45:05 0 0 경기75자8580 4 72 227000039 277102842 30 
2020-12-14T07:45:05 0 0 경기75자8579 4 66 227000039 227000291 20 
2020-12-14T07:46:04 0 0 경기75자8580 4 72 227000039 277102842 30 
2020-12-14T07:46:04 0 0 경기75자8579 4 66 227000039 227000291 20 
2020-12-14T07:47:03 0 0 경기75자8580 4 72 227000039 277103353 31 
2020-12-14T07:47:03 0 0 경기75자8579 4 61 227000039 227000282 21 
2020-12-14T07:48:03 0 0 경기75자8580 4 72 227000039 277103353 31 
2020-12-14T07:48:03 0 0 경기75자8579 4 61 227000039 227000282 21 
2020-12-14T07:49:03 0 0 경기75자8580 4 72 227000039 277103349 32 
2020-12-14T07:49:03 0 0 경기75자8579 4 61 227000039 227000282 21 
2020-12-14T07:50:02 0 0 경기75자8580 4 72 227000039 277103349 32 
2020-12-14T07:50:02 0 0 경기75자8579 4 61 227000039 227000282 21 
2020-12-14T07:51:01 0 0 경기75자8580 4 72 227000039 277103349 32 
2020-12-14T07:51:01 0 0 경기75자8579 4 61 227000039 277103350 22 
2020-12-14T07:52:01 0 0 경기75자8580 4 72 227000039 277103351 33 
2020-12-14T07:52:01 0 0 경기75자8579 4 61 227000039 277103350 22 
2020-12-14T07:53:00 0 0 경기75자8580 4 72 227000039 277103351 33 
2020-12-14T07:53:00 0 0 경기75자8579 4 61 227000039 277103350 22 
2020-12-14T07:53:59 0 0 경기75자8580 4 72 227000039 227000284 34 
2020-12-14T07:53:59 0 0 경기75자8579 4 61 227000039 277103350 22 
2020-12-14T07:54:58 0 0 경기75자8580 4 72 227000039 227000284 34 
2020-12-14T07:54:58 0 0 경기75자8579 4 61 227000039 277103348 23 
2020-12-14T07:55:58 0 0 경기75자8580 4 72 227000039 227000284 34 
2020-12-14T07:55:58 0 0 경기75자8579 4 61 227000039 277103348 23 
2020-12-14T07:56:57 0 0 경기75자8580 4 72 227000039 227000656 35 
2020-12-14T07:56:57 0 0 경기75자8579 4 61 227000039 277103348 23 
2020-12-14T07:57:56 0 0 경기75자8580 4 72 227000039 227000484 36 
2020-12-14T07:57:56 0 0 경기75자8579 4 61 227000039 277103348 23 
2020-12-14T07:58:56 0 0 경기75자8580 4 72 227000039 227000484 36 
2020-12-14T07:58:56 0 0 경기75자8579 4 61 227000039 277103348 23 
2020-12-14T07:59:55 0 0 경기75자8580 4 72 227000039 227000232 37 
2020-12-14T07:59:55 0 0 경기75자8579 4 61 227000039 277103348 23 
2020-12-14T08:00:54 0 0 경기75자8580 4 71 227000039 227000281 38 
2020-12-14T08:00:54 0 0 경기75자8579 4 61 227000039 277103348 23 
2020-12-14T08:01:53 0 0 경기75자8580 4 71 227000039 227000268 39 
2020-12-14T08:01:53 0 0 경기75자8579 4 61 227000039 277103348 23 
2020-12-14T08:02:52 0 0 경기75자8580 4 71 227000039 227000268 39 
2020-12-14T08:02:52 0 0 경기75자8579 4 61 227000039 277103352 24 
2020-12-14T08:03:51 0 0 경기75자8580 4 71 227000039 227000268 39 
2020-12-14T08:03:51 0 0 경기75자8579 4 61 227000039 277103352 24 
2020-12-14T08:04:51 0 0 경기75자8580 4 71 227000039 227000679 40 
2020-12-14T08:04:51 0 0 경기75자8579 4 61 227000039 277103352 24 
2020-12-14T08:05:50 0 0 경기75자8580 4 71 227000039 227000071 41 
2020-12-14T08:05:50 0 0 경기75자8579 4 61 227000039 277103352 24 
2020-12-14T08:06:50 0 0 경기75자8580 4 71 227000039 227000071 41 
2020-12-14T08:06:50 0 0 경기75자8579 4 61 227000039 277102840 25 
2020-12-14T08:07:49 0 0 경기75자8580 4 71 227000039 227000192 43 
2020-12-14T08:07:49 0 0 경기75자8579 4 61 227000039 277102840 25 
2020-12-14T08:08:48 0 0 경기75자8580 4 71 227000039 227000210 45 
2020-12-14T08:08:48 0 0 경기75자8579 4 61 227000039 277102840 25 
2020-12-14T08:09:47 0 0 경기75자8580 4 71 227000039 227000208 47 
2020-12-14T08:09:47 0 0 경기75자8579 4 61 227000039 277102840 25 
2020-12-14T08:10:47 0 0 경기75자8580 4 71 227000039 227000206 48 
2020-12-14T08:10:47 0 0 경기75자8579 4 61 227000039 277102840 25 
2020-12-14T08:11:46 0 0 경기75자8580 4 71 227000039 227000206 48 
2020-12-14T08:11:46 0 0 경기75자8579 4 61 227000039 277102840 25 
2020-12-14T08:12:46 0 0 경기75자8580 4 71 227000039 227000311 49 
2020-12-14T08:12:46 0 0 경기75자8579 4 61 227000039 277102840 25 
2020-12-14T08:13:45 0 0 경기75자8580 4 72 227000039 227000665 51 
2020-12-14T08:13:45 0 0 경기75자8579 4 61 227000039 277102840 25 
2020-12-14T08:14:44 0 0 경기75자8580 4 72 227000039 227000307 53 
2020-12-14T08:14:44 0 0 경기75자8579 4 61 227000039 277102840 25 
2020-12-14T08:15:43 0 0 경기75자8580 4 72 227000039 227000306 54 
2020-12-14T08:15:43 0 0 경기75자8579 4 61 227000039 277102840 25 
2020-12-14T08:16:44 0 0 경기75자8580 4 72 227000039 227000334 55 
2020-12-14T08:16:44 0 0 경기75자8579 4 61 227000039 277102840 25 
2020-12-14T08:17:43 0 0 경기75자8580 4 72 227000039 227000334 55 
2020-12-14T08:17:43 0 0 경기75자8579 4 61 227000039 277102840 25 
2020-12-14T08:18:42 0 0 경기75자8580 4 72 227000039 227000334 55 
2020-12-14T08:18:42 0 0 경기75자8579 4 61 227000039 277102840 25 
2020-12-14T08:19:41 0 0 경기75자8580 4 72 227000039 227000260 56 
2020-12-14T08:19:41 0 0 경기75자8579 4 61 227000039 277102840 25 
2020-12-14T08:20:41 0 0 경기75자8579 4 62 227000039 123000048 26 
2020-12-14T08:21:41 0 0 경기75자8579 4 72 227000039 123000048 26 
2020-12-14T08:22:40 0 0 경기75자8579 4 72 227000039 123000048 26 
2020-12-14T08:23:39 0 0 경기75자8579 4 72 227000039 123000048 26 
2020-12-14T08:24:38 0 0 경기75자8579 4 72 227000039 277101950 27 
2020-12-14T08:25:38 0 0 경기75자8579 4 72 227000039 277101950 27 
2020-12-14T08:26:38 0 0 경기75자8579 4 72 227000039 277101950 27 
2020-12-14T08:27:38 0 0 경기75자8579 4 72 227000039 277101950 27 
2020-12-14T08:28:37 0 0 경기75자8579 4 72 227000039 277101950 27 
2020-12-14T08:29:36 0 0 경기75자8579 4 72 227000039 277101950 27 
2020-12-14T08:30:36 0 0 경기75자8579 4 72 227000039 277101950 27 
2020-12-14T08:31:36 0 0 경기75자8579 4 72 227000039 277101950 27 
2020-12-14T08:32:37 0 0 경기75자8579 4 72 227000039 277101950 27 
2020-12-14T08:33:36 0 0 경기75자8579 4 72 227000039 277101950 27 
2020-12-14T08:34:36 0 0 경기75자8579 4 72 227000039 277102068 28 
2020-12-14T08:35:35 0 0 경기75자8579 4 72 227000039 277102068 28 
2020-12-14T08:36:34 0 0 경기75자8579 4 72 227000039 123000511 29 
2020-12-14T08:37:34 0 0 경기75자8579 4 68 227000039 123000511 29 
2020-12-14T08:38:34 0 0 경기75자8579 4 68 227000039 123000511 29 
2020-12-14T08:39:33 0 0 경기75자8579 4 68 227000039 123000511 29 
2020-12-14T08:40:32 0 0 경기75자8579 4 68 227000039 277102842 30 
2020-12-14T08:41:32 0 0 경기75자8579 4 68 227000039 277103353 31 
2020-12-14T08:42:32 0 0 경기75자8579 4 68 227000039 277103353 31 
2020-12-14T08:43:31 0 0 경기75자8579 4 68 227000039 277103353 31 
2020-12-14T08:44:30 0 0 경기75자8579 4 68 227000039 277103349 32 
2020-12-14T08:45:29 0 0 경기75자8579 4 68 227000039 277103349 32 
2020-12-14T08:46:28 0 0 경기75자8579 4 68 227000039 277103349 32 
2020-12-14T08:47:27 0 0 경기75자8579 4 68 227000039 277103351 33 
2020-12-14T08:48:28 0 0 경기75자8579 4 68 227000039 277103351 33 
2020-12-14T08:49:26 0 0 경기75자8579 4 68 227000039 277103351 33 
2020-12-14T08:50:26 0 0 경기75자8579 4 69 227000039 227000284 34 
2020-12-14T08:51:25 0 0 경기75자8580 4 72 227000039 227000261 2 
2020-12-14T08:51:25 0 0 경기75자8579 4 69 227000039 227000284 34 
2020-12-14T08:52:25 0 0 경기75자8580 4 72 227000039 227000677 3 
2020-12-14T08:52:25 0 0 경기75자8579 4 69 227000039 227000284 34 
2020-12-14T08:53:24 0 0 경기75자8580 4 72 227000039 227000677 3 
2020-12-14T08:53:24 0 0 경기75자8579 4 69 227000039 227000656 35 
2020-12-14T08:54:23 0 0 경기75자8580 4 72 227000039 227000677 3 
2020-12-14T08:54:23 0 0 경기75자8579 4 69 227000039 227000484 36 
2020-12-14T08:55:23 0 0 경기75자8580 4 72 227000039 227000308 4 
2020-12-14T08:55:23 0 0 경기75자8579 4 69 227000039 227000484 36 
2020-12-14T08:56:22 0 0 경기75자8580 4 72 227000039 227000308 4 
2020-12-14T08:56:22 0 0 경기75자8579 4 70 227000039 227000232 37 
2020-12-14T08:57:22 0 0 경기75자8580 4 72 227000039 227000304 5 
2020-12-14T08:57:22 0 0 경기75자8579 4 70 227000039 227000281 38 
2020-12-14T08:58:22 0 0 경기75자8580 4 71 227000039 227000310 7 
2020-12-14T08:58:22 0 0 경기75자8579 4 70 227000039 227000281 38 
2020-12-14T08:59:21 0 0 경기75자8580 4 71 227000039 227000310 7 
2020-12-14T08:59:21 0 0 경기75자8579 4 70 227000039 227000268 39 
2020-12-14T09:00:21 0 0 경기75자8580 4 71 227000039 227000205 8 
2020-12-14T09:00:21 0 0 경기75자8579 4 70 227000039 227000268 39 
2020-12-14T09:01:20 0 0 경기75자8580 4 71 227000039 227000205 8 
2020-12-14T09:01:20 0 0 경기75자8579 4 70 227000039 227000679 40 
2020-12-14T09:02:19 0 0 경기75자8580 4 72 227000039 227000207 9 
2020-12-14T09:02:19 0 0 경기75자8579 4 71 227000039 227000679 40 
2020-12-14T09:03:18 0 0 경기75자8580 4 72 227000039 227000209 10 
2020-12-14T09:03:18 0 0 경기75자8579 4 71 227000039 227000679 40 
2020-12-14T09:04:17 0 0 경기75자8580 4 72 227000039 227000209 10 
2020-12-14T09:04:17 0 0 경기75자8579 4 71 227000039 227000679 40 
2020-12-14T09:05:17 0 0 경기75자8580 4 72 227000039 227000211 11 
2020-12-14T09:05:17 0 0 경기75자8579 4 71 227000039 227000192 43 
2020-12-14T09:06:17 0 0 경기75자8580 4 71 227000039 227000191 12 
2020-12-14T09:06:17 0 0 경기75자8579 4 71 227000039 227000212 44 
2020-12-14T09:07:16 0 0 경기75자8580 4 70 227000039 227000072 14 
2020-12-14T09:07:16 0 0 경기75자8579 4 71 227000039 227000212 44 
2020-12-14T09:08:15 0 0 경기75자8580 4 70 227000039 227000072 14 
2020-12-14T09:08:15 0 0 경기75자8579 4 71 227000039 227000630 46 
2020-12-14T09:09:14 0 0 경기75자8580 4 70 227000039 227000678 15 
2020-12-14T09:09:14 0 0 경기75자8579 4 72 227000039 227000208 47 
2020-12-14T09:10:14 0 0 경기75자8580 4 70 227000039 227000678 15 
2020-12-14T09:10:14 0 0 경기75자8579 4 72 227000039 227000208 47 
2020-12-14T09:11:13 0 0 경기75자8580 4 70 227000039 227000269 16 
2020-12-14T09:11:13 0 0 경기75자8579 4 72 227000039 227000311 49 
2020-12-14T09:12:13 0 0 경기75자8580 4 68 227000039 227000269 16 
2020-12-14T09:12:13 0 0 경기75자8579 4 72 227000039 227000311 49 
2020-12-14T09:13:12 0 0 경기75자8580 4 68 227000039 227000230 18 
2020-12-14T09:13:12 0 0 경기75자8579 4 72 227000039 227000311 49 
2020-12-14T09:14:11 0 0 경기75자8580 4 68 227000039 227000485 19 
2020-12-14T09:14:11 0 0 경기75자8579 4 72 227000039 227000665 51 
2020-12-14T09:15:10 0 0 경기75자8580 4 63 227000039 227000485 19 
2020-12-14T09:15:10 0 0 경기75자8579 4 72 227000039 227000306 54 
2020-12-14T09:16:10 0 0 경기75자8580 4 63 227000039 227000485 19 
2020-12-14T09:16:10 0 0 경기75자8579 4 72 227000039 227000306 54 
2020-12-14T09:17:10 0 0 경기75자8580 4 63 227000039 227000291 20 
2020-12-14T09:17:10 0 0 경기75자8579 4 72 227000039 227000334 55 
2020-12-14T09:18:09 0 0 경기75자8580 4 63 227000039 227000282 21 
2020-12-14T09:18:09 0 0 경기75자8579 4 72 227000039 227000334 55 
2020-12-14T09:19:08 0 0 경기75자8580 4 63 227000039 227000282 21 
2020-12-14T09:19:08 0 0 경기75자8579 4 72 227000039 227000334 55 
2020-12-14T09:20:08 0 0 경기75자8580 4 63 227000039 227000282 21 
2020-12-14T09:21:07 0 0 경기75자8580 4 63 227000039 227000282 21 
2020-12-14T09:22:07 0 0 경기75자8580 4 63 227000039 277103350 22 
2020-12-14T09:23:07 0 0 경기75자8580 4 63 227000039 277103350 22 
2020-12-14T09:24:06 0 0 경기75자8580 4 63 227000039 277103350 22 
2020-12-14T09:25:05 0 0 경기75자8580 4 63 227000039 277103348 23 
2020-12-14T09:26:05 0 0 경기75자8580 4 63 227000039 277103348 23 
2020-12-14T09:27:04 0 0 경기75자8580 4 63 227000039 277103352 24 
2020-12-14T09:28:04 0 0 경기75자8580 4 63 227000039 277103352 24 
2020-12-14T09:29:04 0 0 경기75자8580 4 63 227000039 277102840 25 
2020-12-14T09:30:03 0 0 경기75자8580 4 63 227000039 277102840 25 
2020-12-14T09:31:02 0 0 경기75자8580 4 63 227000039 277102840 25 
2020-12-14T09:32:02 0 0 경기75자8580 4 63 227000039 277102840 25 
2020-12-14T09:33:01 0 0 경기75자8580 4 63 227000039 277102840 25 
2020-12-14T09:34:00 0 0 경기75자8580 4 63 227000039 277102840 25 
2020-12-14T09:35:00 0 0 경기75자8580 4 63 227000039 277102840 25 
2020-12-14T09:36:00 0 0 경기75자8580 4 67 227000039 277102840 25 
2020-12-14T09:36:59 0 0 경기75자8580 4 67 227000039 123000048 26 
2020-12-14T09:37:58 0 0 경기75자8580 4 72 227000039 123000048 26 
2020-12-14T09:38:57 0 0 경기75자8580 4 72 227000039 123000048 26 
2020-12-14T09:39:57 0 0 경기75자8580 4 72 227000039 123000048 26 
2020-12-14T09:40:57 0 0 경기75자8580 4 72 227000039 123000048 26 
2020-12-14T09:41:56 0 0 경기75자8580 4 72 227000039 277101950 27 
2020-12-14T09:42:56 0 0 경기75자8580 4 72 227000039 277101950 27 
2020-12-14T09:43:55 0 0 경기75자8580 4 72 227000039 277102068 28 
2020-12-14T09:44:54 0 0 경기75자8580 4 72 227000039 277102068 28 
2020-12-14T09:45:53 0 0 경기75자8580 4 72 227000039 123000511 29 
2020-12-14T09:46:53 0 0 경기75자8580 4 71 227000039 123000511 29 
2020-12-14T09:47:52 0 0 경기75자8580 4 71 227000039 123000511 29 
2020-12-14T09:48:52 0 0 경기75자8580 4 71 227000039 123000511 29 
2020-12-14T09:49:52 0 0 경기75자8580 4 71 227000039 277102842 30 
2020-12-14T09:50:51 0 0 경기75자8580 4 71 227000039 277102842 30 
2020-12-14T09:51:50 0 0 경기75자8580 4 71 227000039 277103353 31 
2020-12-14T09:52:49 0 0 경기75자8580 4 71 227000039 277103353 31 
2020-12-14T09:53:49 0 0 경기75자8580 4 71 227000039 277103349 32 
2020-12-14T09:54:48 0 0 경기75자8580 4 71 227000039 277103349 32 
2020-12-14T09:55:48 0 0 경기75자8580 4 71 227000039 277103351 33 
2020-12-14T09:56:47 0 0 경기75자8580 4 71 227000039 277103351 33 
2020-12-14T09:57:46 0 0 경기75자8580 4 71 227000039 277103351 33 
2020-12-14T09:58:46 0 0 경기75자8580 4 71 227000039 277103351 33 
2020-12-14T09:59:45 0 0 경기75자8580 4 72 227000039 227000284 34 
2020-12-14T10:00:45 0 0 경기75자8580 4 72 227000039 227000284 34 
2020-12-14T10:01:44 0 0 경기75자8580 4 72 227000039 227000284 34 
2020-12-14T10:02:45 0 0 경기75자8580 4 72 227000039 227000656 35 
2020-12-14T10:03:44 0 0 경기75자8580 4 72 227000039 227000656 35 
2020-12-14T10:04:43 0 0 경기75자8580 4 72 227000039 227000484 36 
2020-12-14T10:05:42 0 0 경기75자8580 4 72 227000039 227000232 37 
2020-12-14T10:06:41 0 0 경기75자8580 4 72 227000039 227000232 37 
2020-12-14T10:07:41 0 0 경기75자8580 4 72 227000039 227000268 39 
2020-12-14T10:08:40 0 0 경기75자8580 4 72 227000039 227000268 39 
2020-12-14T10:09:39 0 0 경기75자8580 4 72 227000039 227000679 40 
2020-12-14T10:10:39 0 0 경기75자8580 4 72 227000039 227000679 40 
2020-12-14T10:11:38 0 0 경기75자8580 4 72 227000039 227000256 42 
2020-12-14T10:12:38 0 0 경기75자8580 4 72 227000039 227000212 44 
2020-12-14T10:13:38 0 0 경기75자8580 4 72 227000039 227000212 44 
2020-12-14T10:14:37 0 0 경기75자8580 4 72 227000039 227000630 46 
2020-12-14T10:15:37 0 0 경기75자8580 4 66 227000039 227000208 47 
2020-12-14T10:16:36 0 0 경기75자8580 4 66 227000039 227000208 47 
2020-12-14T10:17:36 0 0 경기75자8580 4 66 227000039 227000311 49 
2020-12-14T10:18:35 0 0 경기75자8580 4 66 227000039 227000311 49 
2020-12-14T10:19:35 0 0 경기75자8580 4 66 227000039 227000665 51 
2020-12-14T10:20:34 0 0 경기75자8580 4 67 227000039 227000307 53 
2020-12-14T10:20:34 0 0 경기75자8579 4 72 227000039 227000261 2 
2020-12-14T10:21:34 0 0 경기75자8580 4 72 227000039 227000306 54 
2020-12-14T10:21:34 0 0 경기75자8579 4 72 227000039 227000677 3 
2020-12-14T10:22:33 0 0 경기75자8580 4 72 227000039 227000334 55 
2020-12-14T10:22:33 0 0 경기75자8579 4 72 227000039 227000677 3 
2020-12-14T10:23:32 0 0 경기75자8580 4 72 227000039 227000334 55 
2020-12-14T10:23:32 0 0 경기75자8579 4 72 227000039 227000677 3 
2020-12-14T10:24:32 0 0 경기75자8580 4 72 227000039 227000334 55 
2020-12-14T10:24:32 0 0 경기75자8579 4 72 227000039 227000308 4 
2020-12-14T10:25:32 0 0 경기75자8580 4 72 227000039 227000334 55 
2020-12-14T10:25:32 0 0 경기75자8579 4 72 227000039 227000304 5 
2020-12-14T10:26:31 0 0 경기75자8579 4 72 227000039 227000310 7 
2020-12-14T10:27:31 0 0 경기75자8579 4 72 227000039 227000310 7 
2020-12-14T10:28:30 0 0 경기75자8579 4 72 227000039 227000310 7 
2020-12-14T10:29:30 0 0 경기75자8579 4 72 227000039 227000207 9 
2020-12-14T10:30:30 0 0 경기75자8579 4 72 227000039 227000209 10 
2020-12-14T10:31:29 0 0 경기75자8579 4 72 227000039 227000209 10 
2020-12-14T10:32:28 0 0 경기75자8579 4 72 227000039 227000191 12 
2020-12-14T10:33:27 0 0 경기75자8579 4 72 227000039 227000257 13 
2020-12-14T10:34:26 0 0 경기75자8579 4 72 227000039 227000072 14 
2020-12-14T10:35:26 0 0 경기75자8579 4 72 227000039 227000072 14 
2020-12-14T10:36:25 0 0 경기75자8579 4 72 227000039 227000678 15 
2020-12-14T10:37:24 0 0 경기75자8579 4 72 227000039 227000269 16 
2020-12-14T10:38:24 0 0 경기75자8579 4 72 227000039 227000269 16 
2020-12-14T10:39:23 0 0 경기75자8579 4 72 227000039 227000269 16 
2020-12-14T10:40:23 0 0 경기75자8579 4 72 227000039 227000280 17 
2020-12-14T10:41:23 0 0 경기75자8579 4 72 227000039 227000230 18 
2020-12-14T10:42:22 0 0 경기75자8579 4 72 227000039 227000485 19 
2020-12-14T10:43:21 0 0 경기75자8579 4 72 227000039 227000485 19 
2020-12-14T10:44:21 0 0 경기75자8579 4 72 227000039 227000291 20 
2020-12-14T10:45:21 0 0 경기75자8579 4 72 227000039 227000291 20 
2020-12-14T10:46:20 0 0 경기75자8579 4 72 227000039 227000291 20 
2020-12-14T10:47:20 0 0 경기75자8579 4 71 227000039 227000282 21 
2020-12-14T10:48:20 0 0 경기75자8579 4 71 227000039 227000282 21 
2020-12-14T10:49:20 0 0 경기75자8579 4 71 227000039 227000282 21 
2020-12-14T10:50:20 0 0 경기75자8579 4 71 227000039 227000282 21 
2020-12-14T10:51:20 0 0 경기75자8579 4 71 227000039 277103350 22 
2020-12-14T10:52:19 0 0 경기75자8579 4 71 227000039 277103350 22 
2020-12-14T10:53:19 0 0 경기75자8579 4 71 227000039 277103350 22 
2020-12-14T10:54:19 0 0 경기75자8579 4 71 227000039 277103348 23 
2020-12-14T10:55:18 0 0 경기75자8579 4 71 227000039 277103348 23 
2020-12-14T10:56:18 0 0 경기75자8579 4 71 227000039 277103348 23 
2020-12-14T10:57:18 0 0 경기75자8579 4 71 227000039 277103352 24 
2020-12-14T10:58:18 0 0 경기75자8579 4 71 227000039 277102840 25 
2020-12-14T10:59:18 0 0 경기75자8579 4 71 227000039 277102840 25 
2020-12-14T11:00:17 0 0 경기75자8579 4 71 227000039 277102840 25 
2020-12-14T11:01:17 0 0 경기75자8579 4 71 227000039 277102840 25 
2020-12-14T11:02:16 0 0 경기75자8579 4 72 227000039 123000048 26 
2020-12-14T11:03:15 0 0 경기75자8579 4 72 227000039 123000048 26 
2020-12-14T11:04:15 0 0 경기75자8579 4 72 227000039 123000048 26 
2020-12-14T11:05:16 0 0 경기75자8579 4 72 227000039 123000048 26 
2020-12-14T11:06:16 0 0 경기75자8579 4 72 227000039 277101950 27 
2020-12-14T11:07:15 0 0 경기75자8579 4 72 227000039 277101950 27 
2020-12-14T11:08:15 0 0 경기75자8579 4 72 227000039 277101950 27 
2020-12-14T11:09:14 0 0 경기75자8579 4 72 227000039 277101950 27 
2020-12-14T11:10:14 0 0 경기75자8579 4 72 227000039 277101950 27 
2020-12-14T11:11:14 0 0 경기75자8579 4 72 227000039 277102068 28 
2020-12-14T11:12:14 0 0 경기75자8579 4 72 227000039 277102068 28 
2020-12-14T11:13:13 0 0 경기75자8579 4 72 227000039 277102068 28 
2020-12-14T11:14:13 0 0 경기75자8579 4 72 227000039 123000511 29 
2020-12-14T11:15:13 0 0 경기75자8579 4 72 227000039 123000511 29 
2020-12-14T11:16:12 0 0 경기75자8579 4 72 227000039 123000511 29 
2020-12-14T11:17:11 0 0 경기75자8579 4 72 227000039 123000511 29 
2020-12-14T11:18:10 0 0 경기75자8579 4 72 227000039 277102842 30 
2020-12-14T11:19:10 0 0 경기75자8579 4 72 227000039 277103353 31 
2020-12-14T11:20:10 0 0 경기75자8579 4 72 227000039 277103353 31 
2020-12-14T11:21:09 0 0 경기75자8579 4 72 227000039 277103353 31 
2020-12-14T11:22:09 0 0 경기75자8579 4 72 227000039 277103349 32 
2020-12-14T11:23:09 0 0 경기75자8579 4 72 227000039 277103349 32 
2020-12-14T11:24:09 0 0 경기75자8579 4 72 227000039 277103349 32 
2020-12-14T11:25:08 0 0 경기75자8579 4 72 227000039 277103351 33 
2020-12-14T11:26:07 0 0 경기75자8579 4 72 227000039 277103351 33 
2020-12-14T11:27:07 0 0 경기75자8579 4 72 227000039 277103351 33 
2020-12-14T11:28:06 0 0 경기75자8579 4 72 227000039 277103351 33 
2020-12-14T11:29:06 0 0 경기75자8579 4 72 227000039 227000284 34 
2020-12-14T11:30:05 0 0 경기75자8579 4 72 227000039 227000656 35 
2020-12-14T11:31:05 0 0 경기75자8579 4 72 227000039 227000656 35 
2020-12-14T11:32:05 0 0 경기75자8579 4 72 227000039 227000484 36 
2020-12-14T11:33:04 0 0 경기75자8579 4 71 227000039 227000232 37 
2020-12-14T11:34:02 0 0 경기75자8579 4 71 227000039 227000232 37 
2020-12-14T11:35:02 0 0 경기75자8579 4 71 227000039 227000281 38 
2020-12-14T11:36:02 0 0 경기75자8579 4 71 227000039 227000268 39 
2020-12-14T11:37:02 0 0 경기75자8579 4 71 227000039 227000679 40 
2020-12-14T11:38:02 0 0 경기75자8579 4 70 227000039 227000679 40 
2020-12-14T11:39:01 0 0 경기75자8580 4 72 227000039 227000261 2 
2020-12-14T11:39:01 0 0 경기75자8579 4 70 227000039 227000071 41 
2020-12-14T11:40:01 0 0 경기75자8580 4 72 227000039 227000261 2 
2020-12-14T11:40:01 0 0 경기75자8579 4 70 227000039 227000212 44 
2020-12-14T11:41:01 0 0 경기75자8580 4 72 227000039 227000677 3 
2020-12-14T11:41:01 0 0 경기75자8579 4 70 227000039 227000212 44 
2020-12-14T11:42:01 0 0 경기75자8580 4 72 227000039 227000677 3 
2020-12-14T11:42:01 0 0 경기75자8579 4 68 227000039 227000210 45 
2020-12-14T11:43:01 0 0 경기75자8580 4 72 227000039 227000677 3 
2020-12-14T11:43:01 0 0 경기75자8579 4 68 227000039 227000208 47 
2020-12-14T11:44:00 0 0 경기75자8580 4 71 227000039 227000308 4 
2020-12-14T11:44:00 0 0 경기75자8579 4 67 227000039 227000208 47 
2020-12-14T11:45:00 0 0 경기75자8580 4 71 227000039 227000304 5 
2020-12-14T11:45:00 0 0 경기75자8579 4 66 227000039 227000206 48 
2020-12-14T11:45:59 0 0 경기75자8580 4 71 227000039 227000310 7 
2020-12-14T11:45:59 0 0 경기75자8579 4 66 227000039 227000311 49 
2020-12-14T11:46:59 0 0 경기75자8580 4 71 227000039 227000310 7 
2020-12-14T11:46:59 0 0 경기75자8579 4 66 227000039 227000311 49 
2020-12-14T11:47:59 0 0 경기75자8580 4 71 227000039 227000310 7 
2020-12-14T11:47:59 0 0 경기75자8579 4 66 227000039 227000665 51 
2020-12-14T11:48:59 0 0 경기75자8580 4 71 227000039 227000205 8 
2020-12-14T11:48:59 0 0 경기75자8579 4 69 227000039 227000307 53 
2020-12-14T11:49:58 0 0 경기75자8580 4 71 227000039 227000209 10 
2020-12-14T11:49:58 0 0 경기75자8579 4 71 227000039 227000306 54 
2020-12-14T11:50:58 0 0 경기75자8580 4 71 227000039 227000209 10 
2020-12-14T11:50:58 0 0 경기75자8579 4 71 227000039 227000306 54 
2020-12-14T11:51:59 0 0 경기75자8580 4 71 227000039 227000211 11 
2020-12-14T11:51:59 0 0 경기75자8579 4 71 227000039 227000334 55 
2020-12-14T11:52:58 0 0 경기75자8580 4 71 227000039 227000211 11 
2020-12-14T11:52:58 0 0 경기75자8579 4 71 227000039 227000334 55 
2020-12-14T11:53:57 0 0 경기75자8580 4 72 227000039 227000072 14 
2020-12-14T11:53:57 0 0 경기75자8579 4 72 227000039 227000334 55 
2020-12-14T11:54:57 0 0 경기75자8580 4 72 227000039 227000072 14 
2020-12-14T11:54:57 0 0 경기75자8579 4 72 227000039 227000334 55 
2020-12-14T11:55:57 0 0 경기75자8580 4 72 227000039 227000678 15 
2020-12-14T11:55:57 0 0 경기75자8579 4 72 227000039 227000334 55 
2020-12-14T11:56:56 0 0 경기75자8580 4 72 227000039 227000678 15 
2020-12-14T11:56:56 0 0 경기75자8579 4 72 227000039 227000334 55 
2020-12-14T11:57:56 0 0 경기75자8580 4 72 227000039 227000269 16 
2020-12-14T11:57:56 0 0 경기75자8579 4 72 227000039 227000334 55 
2020-12-14T11:58:56 0 0 경기75자8580 4 72 227000039 227000269 16 
2020-12-14T11:58:56 0 0 경기75자8579 4 72 227000039 227000334 55 
2020-12-14T11:59:56 0 0 경기75자8580 4 72 227000039 227000280 17 
2020-12-14T11:59:56 0 0 경기75자8579 4 72 227000039 227000334 55 
2020-12-14T12:00:55 0 0 경기75자8580 4 72 227000039 227000230 18 
2020-12-14T12:00:55 0 0 경기75자8579 4 72 227000039 227000334 55 
2020-12-14T12:01:55 0 0 경기75자8580 4 72 227000039 227000485 19 
2020-12-14T12:01:55 0 0 경기75자8579 4 72 227000039 227000334 55 
2020-12-14T12:02:55 0 0 경기75자8580 4 72 227000039 227000485 19 
2020-12-14T12:02:55 0 0 경기75자8579 4 72 227000039 227000334 55 
2020-12-14T12:03:54 0 0 경기75자8580 4 72 227000039 227000485 19 
2020-12-14T12:03:54 0 0 경기75자8579 4 72 227000039 227000334 55 
2020-12-14T12:04:53 0 0 경기75자8580 4 72 227000039 227000282 21 
2020-12-14T12:04:53 0 0 경기75자8579 4 72 227000039 227000334 55 
2020-12-14T12:05:53 0 0 경기75자8580 4 72 227000039 227000282 21 
2020-12-14T12:05:53 0 0 경기75자8579 4 72 227000039 227000334 55 
2020-12-14T12:06:53 0 0 경기75자8580 4 72 227000039 227000282 21 
2020-12-14T12:06:53 0 0 경기75자8579 4 72 227000039 227000334 55 
2020-12-14T12:07:53 0 0 경기75자8580 4 72 227000039 227000282 21 
2020-12-14T12:07:53 0 0 경기75자8579 4 72 227000039 227000334 55 
2020-12-14T12:08:52 0 0 경기75자8580 4 72 227000039 277103350 22 
2020-12-14T12:08:52 0 0 경기75자8579 4 72 227000039 227000334 55 
2020-12-14T12:09:51 0 0 경기75자8580 4 72 227000039 277103350 22 
2020-12-14T12:10:51 0 0 경기75자8580 4 72 227000039 277103350 22 
2020-12-14T12:11:51 0 0 경기75자8580 4 72 227000039 277103348 23 
2020-12-14T12:12:51 0 0 경기75자8580 4 72 227000039 277103348 23 
2020-12-14T12:13:51 0 0 경기75자8580 4 72 227000039 277103352 24 
2020-12-14T12:14:51 0 0 경기75자8580 4 72 227000039 277103352 24 
2020-12-14T12:15:49 0 0 경기75자8580 4 72 227000039 277102840 25 
2020-12-14T12:16:49 0 0 경기75자8580 4 72 227000039 277102840 25 
2020-12-14T12:17:49 0 0 경기75자8580 4 72 227000039 277102840 25 
2020-12-14T12:18:48 0 0 경기75자8580 4 72 227000039 123000048 26 
2020-12-14T12:19:48 0 0 경기75자8580 4 72 227000039 123000048 26 
2020-12-14T12:20:47 0 0 경기75자8580 4 72 227000039 123000048 26 
2020-12-14T12:21:46 0 0 경기75자8580 4 72 227000039 123000048 26 
2020-12-14T12:22:46 0 0 경기75자8580 4 72 227000039 277101950 27 
2020-12-14T12:23:46 0 0 경기75자8580 4 72 227000039 277101950 27 
2020-12-14T12:24:46 0 0 경기75자8580 4 72 227000039 277102068 28 
2020-12-14T12:25:46 0 0 경기75자8580 4 72 227000039 277102068 28 
2020-12-14T12:26:46 0 0 경기75자8580 4 72 227000039 123000511 29 
2020-12-14T12:27:46 0 0 경기75자8580 4 72 227000039 123000511 29 
2020-12-14T12:28:45 0 0 경기75자8580 4 71 227000039 123000511 29 
2020-12-14T12:29:44 0 0 경기75자8580 4 71 227000039 123000511 29 
2020-12-14T12:30:43 0 0 경기75자8580 4 71 227000039 123000511 29 
2020-12-14T12:31:43 0 0 경기75자8580 4 71 227000039 277102842 30 
2020-12-14T12:32:43 0 0 경기75자8580 4 71 227000039 277103353 31 
2020-12-14T12:33:42 0 0 경기75자8580 4 71 227000039 277103353 31 
2020-12-14T12:34:41 0 0 경기75자8580 4 71 227000039 277103349 32 
2020-12-14T12:35:41 0 0 경기75자8580 4 71 227000039 277103349 32 
2020-12-14T12:36:41 0 0 경기75자8580 4 71 227000039 277103349 32 
2020-12-14T12:37:40 0 0 경기75자8580 4 71 227000039 277103351 33 
2020-12-14T12:38:39 0 0 경기75자8580 4 71 227000039 277103351 33 
2020-12-14T12:39:38 0 0 경기75자8580 4 71 227000039 277103351 33 
2020-12-14T12:40:37 0 0 경기75자8580 4 71 227000039 277103351 33 
2020-12-14T12:41:37 0 0 경기75자8580 4 72 227000039 227000284 34 
2020-12-14T12:42:37 0 0 경기75자8580 4 72 227000039 227000284 34 
2020-12-14T12:43:37 0 0 경기75자8580 4 72 227000039 227000284 34 
2020-12-14T12:44:37 0 0 경기75자8580 4 72 227000039 227000484 36 
2020-12-14T12:45:37 0 0 경기75자8580 4 72 227000039 227000484 36 
2020-12-14T12:46:36 0 0 경기75자8580 4 72 227000039 227000484 36 
2020-12-14T12:47:36 0 0 경기75자8580 4 72 227000039 227000281 38 
2020-12-14T12:48:35 0 0 경기75자8580 4 71 227000039 227000281 38 
2020-12-14T12:49:35 0 0 경기75자8580 4 71 227000039 227000281 38 
2020-12-14T12:50:35 0 0 경기75자8580 4 71 227000039 227000268 39 
2020-12-14T12:51:34 0 0 경기75자8580 4 71 227000039 227000268 39 
2020-12-14T12:52:34 0 0 경기75자8580 4 71 227000039 227000679 40 
2020-12-14T12:53:33 0 0 경기75자8580 4 71 227000039 227000679 40 
2020-12-14T12:54:32 0 0 경기75자8580 4 71 227000039 227000071 41 
2020-12-14T12:55:32 0 0 경기75자8580 4 71 227000039 227000256 42 
2020-12-14T12:56:31 0 0 경기75자8580 4 71 227000039 227000212 44 
2020-12-14T12:57:31 0 0 경기75자8580 4 72 227000039 227000208 47 
2020-12-14T12:58:31 0 0 경기75자8580 4 72 227000039 227000208 47 
2020-12-14T12:59:31 0 0 경기75자8580 4 72 227000039 227000206 48 
2020-12-14T13:00:31 0 0 경기75자8580 4 72 227000039 227000311 49 
2020-12-14T13:01:31 0 0 경기75자8580 4 72 227000039 227000311 49 
2020-12-14T13:02:31 0 0 경기75자8580 4 72 227000039 227000665 51 
2020-12-14T13:03:30 0 0 경기75자8580 4 72 227000039 227000305 52 
2020-12-14T13:04:29 0 0 경기75자8580 4 72 227000039 227000306 54 
2020-12-14T13:05:29 0 0 경기75자8580 4 72 227000039 227000306 54 
2020-12-14T13:06:28 0 0 경기75자8580 4 72 227000039 227000334 55 
2020-12-14T13:07:28 0 0 경기75자8580 4 72 227000039 227000334 55 
2020-12-14T13:08:28 0 0 경기75자8580 4 72 227000039 227000334 55 
2020-12-14T13:09:28 0 0 경기75자8580 4 72 227000039 227000334 55 
2020-12-14T13:10:28 0 0 경기75자8580 4 72 227000039 227000334 55 
2020-12-14T13:11:27 0 0 경기75자8580 4 72 227000039 227000334 55 
2020-12-14T13:12:27 0 0 경기75자8580 4 72 227000039 227000334 55 
2020-12-14T13:13:27 0 0 경기75자8580 4 72 227000039 227000334 55 
2020-12-14T13:14:26 0 0 경기75자8580 4 72 227000039 227000334 55 
2020-12-14T13:15:25 0 0 경기75자8580 4 72 227000039 227000334 55 
2020-12-14T13:16:25 0 0 경기75자8580 4 72 227000039 227000334 55 
2020-12-14T13:17:25 0 0 경기75자8580 4 72 227000039 227000334 55 
2020-12-14T13:18:24 0 0 경기75자8580 4 72 227000039 227000334 55 
2020-12-14T13:19:23 0 0 경기75자8580 4 72 227000039 227000334 55 
2020-12-14T13:20:23 0 0 경기75자8580 4 72 227000039 227000334 55 
2020-12-14T13:21:22 0 0 경기75자8580 4 72 227000039 227000334 55 
2020-12-14T14:04:00 0 0 경기75자8579 4 72 227000039 227000677 3 
2020-12-14T14:05:00 0 0 경기75자8579 4 72 227000039 227000677 3 
2020-12-14T14:06:00 0 0 경기75자8579 4 72 227000039 227000677 3 
2020-12-14T14:06:59 0 0 경기75자8579 4 72 227000039 227000677 3 
2020-12-14T14:07:58 0 0 경기75자8579 4 72 227000039 227000308 4 
2020-12-14T14:08:58 0 0 경기75자8579 4 72 227000039 227000308 4 
2020-12-14T14:09:58 0 0 경기75자8579 4 72 227000039 227000304 5 
2020-12-14T14:10:58 0 0 경기75자8579 4 72 227000039 227000310 7 
2020-12-14T14:11:58 0 0 경기75자8579 4 72 227000039 227000310 7 
2020-12-14T14:12:57 0 0 경기75자8579 4 72 227000039 227000310 7 
2020-12-14T14:13:57 0 0 경기75자8579 4 72 227000039 227000205 8 
2020-12-14T14:14:57 0 0 경기75자8579 4 72 227000039 227000207 9 
2020-12-14T14:15:56 0 0 경기75자8579 4 71 227000039 227000209 10 
2020-12-14T14:16:55 0 0 경기75자8579 4 71 227000039 227000209 10 
2020-12-14T14:17:55 0 0 경기75자8579 4 71 227000039 227000211 11 
2020-12-14T14:18:55 0 0 경기75자8579 4 71 227000039 227000211 11 
2020-12-14T14:19:55 0 0 경기75자8579 4 71 227000039 227000257 13 
2020-12-14T14:20:54 0 0 경기75자8579 4 71 227000039 227000072 14 
2020-12-14T14:21:54 0 0 경기75자8579 4 71 227000039 227000072 14 
2020-12-14T14:22:54 0 0 경기75자8579 4 71 227000039 227000678 15 
2020-12-14T14:23:54 0 0 경기75자8579 4 71 227000039 227000678 15 
2020-12-14T14:24:53 0 0 경기75자8579 4 70 227000039 227000269 16 
2020-12-14T14:25:53 0 0 경기75자8579 4 70 227000039 227000269 16 
2020-12-14T14:26:53 0 0 경기75자8579 4 70 227000039 227000269 16 
2020-12-14T14:27:53 0 0 경기75자8579 4 70 227000039 227000280 17 
2020-12-14T14:28:52 0 0 경기75자8579 4 70 227000039 227000230 18 
2020-12-14T14:29:52 0 0 경기75자8579 4 71 227000039 227000485 19 
2020-12-14T14:30:52 0 0 경기75자8579 4 71 227000039 227000485 19 
2020-12-14T14:31:52 0 0 경기75자8579 4 71 227000039 227000291 20 
2020-12-14T14:32:51 0 0 경기75자8579 4 71 227000039 227000291 20 
2020-12-14T14:33:51 0 0 경기75자8579 4 71 227000039 227000291 20 
2020-12-14T14:34:50 0 0 경기75자8579 4 71 227000039 227000282 21 
2020-12-14T14:35:50 0 0 경기75자8579 4 71 227000039 227000282 21 
2020-12-14T14:36:50 0 0 경기75자8579 4 71 227000039 227000282 21 
2020-12-14T14:37:50 0 0 경기75자8579 4 71 227000039 227000282 21 
2020-12-14T14:38:49 0 0 경기75자8579 4 71 227000039 277103350 22 
2020-12-14T14:39:49 0 0 경기75자8579 4 71 227000039 277103350 22 
2020-12-14T14:40:49 0 0 경기75자8579 4 71 227000039 277103350 22 
2020-12-14T14:41:48 0 0 경기75자8579 4 71 227000039 277103348 23 
2020-12-14T14:42:48 0 0 경기75자8579 4 71 227000039 277103348 23 
2020-12-14T14:43:47 0 0 경기75자8579 4 71 227000039 277103348 23 
2020-12-14T14:44:47 0 0 경기75자8579 4 71 227000039 277103352 24 
2020-12-14T14:45:47 0 0 경기75자8579 4 71 227000039 277102840 25 
2020-12-14T14:46:47 0 0 경기75자8579 4 71 227000039 277102840 25 
2020-12-14T14:47:47 0 0 경기75자8579 4 71 227000039 277102840 25 
2020-12-14T14:48:47 0 0 경기75자8579 4 71 227000039 277102840 25 
2020-12-14T14:49:47 0 0 경기75자8579 4 72 227000039 123000048 26 
2020-12-14T14:50:46 0 0 경기75자8579 4 72 227000039 123000048 26 
2020-12-14T14:51:46 0 0 경기75자8579 4 72 227000039 123000048 26 
2020-12-14T14:52:46 0 0 경기75자8579 4 72 227000039 123000048 26 
2020-12-14T14:53:46 0 0 경기75자8579 4 72 227000039 277101950 27 
2020-12-14T14:54:45 0 0 경기75자8579 4 72 227000039 277101950 27 
2020-12-14T14:55:45 0 0 경기75자8579 4 72 227000039 277101950 27 
2020-12-14T14:56:45 0 0 경기75자8579 4 72 227000039 277102068 28 
2020-12-14T14:57:44 0 0 경기75자8579 4 72 227000039 277102068 28 
2020-12-14T14:58:44 0 0 경기75자8579 4 72 227000039 277102068 28 
2020-12-14T14:59:43 0 0 경기75자8579 4 72 227000039 123000511 29 
2020-12-14T15:00:43 0 0 경기75자8579 4 69 227000039 123000511 29 
2020-12-14T15:01:42 0 0 경기75자8579 4 69 227000039 123000511 29 
2020-12-14T15:02:43 0 0 경기75자8579 4 69 227000039 277102842 30 
2020-12-14T15:03:41 0 0 경기75자8579 4 69 227000039 277102842 30 
2020-12-14T15:04:41 0 0 경기75자8579 4 69 227000039 277103353 31 
2020-12-14T15:05:41 0 0 경기75자8579 4 69 227000039 277103353 31 
2020-12-14T15:06:41 0 0 경기75자8579 4 69 227000039 277103353 31 
2020-12-14T15:07:41 0 0 경기75자8579 4 69 227000039 277103349 32 
2020-12-14T15:08:40 0 0 경기75자8579 4 69 227000039 277103349 32 
2020-12-14T15:09:40 0 0 경기75자8579 4 69 227000039 277103351 33 
2020-12-14T15:10:40 0 0 경기75자8579 4 69 227000039 277103351 33 
2020-12-14T15:11:39 0 0 경기75자8579 4 69 227000039 277103351 33 
2020-12-14T15:12:39 0 0 경기75자8579 4 69 227000039 277103351 33 
2020-12-14T15:13:38 0 0 경기75자8579 4 69 227000039 227000284 34 
2020-12-14T15:14:38 0 0 경기75자8579 4 69 227000039 227000656 35 
2020-12-14T15:15:38 0 0 경기75자8579 4 69 227000039 227000656 35 
2020-12-14T15:16:38 0 0 경기75자8579 4 69 227000039 227000484 36 
2020-12-14T15:17:38 0 0 경기75자8579 4 69 227000039 227000484 36 
2020-12-14T15:18:36 0 0 경기75자8579 4 70 227000039 227000484 36 
2020-12-14T15:19:36 0 0 경기75자8579 4 71 227000039 227000232 37 
2020-12-14T15:20:36 0 0 경기75자8579 4 70 227000039 227000281 38 
2020-12-14T15:21:36 0 0 경기75자8579 4 70 227000039 227000281 38 
2020-12-14T15:22:35 0 0 경기75자8579 4 70 227000039 227000268 39 
2020-12-14T15:23:34 0 0 경기75자8579 4 70 227000039 227000268 39 
2020-12-14T15:24:34 0 0 경기75자8580 4 72 227000039 227000261 2 
2020-12-14T15:24:34 0 0 경기75자8579 4 70 227000039 227000679 40 
2020-12-14T15:25:34 0 0 경기75자8580 4 72 227000039 227000677 3 
2020-12-14T15:25:34 0 0 경기75자8579 4 70 227000039 227000679 40 
2020-12-14T15:26:34 0 0 경기75자8580 4 72 227000039 227000677 3 
2020-12-14T15:26:34 0 0 경기75자8579 4 70 227000039 227000071 41 
2020-12-14T15:27:33 0 0 경기75자8580 4 72 227000039 227000308 4 
2020-12-14T15:27:33 0 0 경기75자8579 4 70 227000039 227000071 41 
2020-12-14T15:28:32 0 0 경기75자8580 4 72 227000039 227000308 4 
2020-12-14T15:28:32 0 0 경기75자8579 4 70 227000039 227000192 43 
2020-12-14T15:29:32 0 0 경기75자8580 4 72 227000039 227000304 5 
2020-12-14T15:29:32 0 0 경기75자8579 4 70 227000039 227000212 44 
2020-12-14T15:30:32 0 0 경기75자8580 4 72 227000039 227000304 5 
2020-12-14T15:30:32 0 0 경기75자8579 4 70 227000039 227000210 45 
2020-12-14T15:31:31 0 0 경기75자8580 4 72 227000039 227000666 6 
2020-12-14T15:31:31 0 0 경기75자8579 4 70 227000039 227000210 45 
2020-12-14T15:32:31 0 0 경기75자8580 4 72 227000039 227000310 7 
2020-12-14T15:32:31 0 0 경기75자8579 4 70 227000039 227000206 48 
2020-12-14T15:33:30 0 0 경기75자8580 4 72 227000039 227000310 7 
2020-12-14T15:33:30 0 0 경기75자8579 4 70 227000039 227000206 48 
2020-12-14T15:34:30 0 0 경기75자8580 4 72 227000039 227000205 8 
2020-12-14T15:34:30 0 0 경기75자8579 4 70 227000039 227000311 49 
2020-12-14T15:35:30 0 0 경기75자8580 4 72 227000039 227000207 9 
2020-12-14T15:35:30 0 0 경기75자8579 4 70 227000039 227000311 49 
2020-12-14T15:36:29 0 0 경기75자8580 4 72 227000039 227000207 9 
2020-12-14T15:36:29 0 0 경기75자8579 4 70 227000039 227000665 51 
2020-12-14T15:37:29 0 0 경기75자8580 4 72 227000039 227000209 10 
2020-12-14T15:37:29 0 0 경기75자8579 4 70 227000039 227000307 53 
2020-12-14T15:38:29 0 0 경기75자8580 4 72 227000039 227000209 10 
2020-12-14T15:38:29 0 0 경기75자8579 4 72 227000039 227000306 54 
2020-12-14T15:39:29 0 0 경기75자8580 4 72 227000039 227000211 11 
2020-12-14T15:39:29 0 0 경기75자8579 4 72 227000039 227000306 54 
2020-12-14T15:40:28 0 0 경기75자8580 4 71 227000039 227000191 12 
2020-12-14T15:40:28 0 0 경기75자8579 4 72 227000039 227000334 55 
2020-12-14T15:41:28 0 0 경기75자8580 4 71 227000039 227000257 13 
2020-12-14T15:41:28 0 0 경기75자8579 4 72 227000039 227000260 56 
2020-12-14T15:42:28 0 0 경기75자8580 4 71 227000039 227000072 14 
2020-12-14T15:43:27 0 0 경기75자8580 4 71 227000039 227000072 14 
2020-12-14T15:44:27 0 0 경기75자8580 4 71 227000039 227000269 16 
2020-12-14T15:45:27 0 0 경기75자8580 4 71 227000039 227000269 16 
2020-12-14T15:46:26 0 0 경기75자8580 4 71 227000039 227000269 16 
2020-12-14T15:47:26 0 0 경기75자8580 4 71 227000039 227000280 17 
2020-12-14T15:48:25 0 0 경기75자8580 4 72 227000039 227000230 18 
2020-12-14T15:49:25 0 0 경기75자8580 4 72 227000039 227000485 19 
2020-12-14T15:50:24 0 0 경기75자8580 4 72 227000039 227000485 19 
2020-12-14T15:51:24 0 0 경기75자8580 4 72 227000039 227000291 20 
2020-12-14T15:52:24 0 0 경기75자8580 4 72 227000039 227000291 20 
2020-12-14T15:53:23 0 0 경기75자8580 4 72 227000039 227000291 20 
2020-12-14T15:54:23 0 0 경기75자8580 4 72 227000039 227000282 21 
2020-12-14T15:55:22 0 0 경기75자8580 4 72 227000039 227000282 21 
2020-12-14T15:56:22 0 0 경기75자8580 4 72 227000039 227000282 21 
2020-12-14T15:57:22 0 0 경기75자8580 4 72 227000039 227000282 21 
2020-12-14T15:58:21 0 0 경기75자8580 4 72 227000039 227000282 21 
2020-12-14T15:59:20 0 0 경기75자8580 4 72 227000039 277103350 22 
2020-12-14T16:00:19 0 0 경기75자8580 4 72 227000039 277103350 22 
2020-12-14T16:01:19 0 0 경기75자8580 4 72 227000039 277103348 23 
2020-12-14T16:02:19 0 0 경기75자8580 4 72 227000039 277103348 23 
2020-12-14T16:03:19 0 0 경기75자8580 4 72 227000039 277103348 23 
2020-12-14T16:04:18 0 0 경기75자8580 4 72 227000039 277103352 24 
2020-12-14T16:05:18 0 0 경기75자8580 4 72 227000039 277102840 25 
2020-12-14T16:06:18 0 0 경기75자8580 4 72 227000039 277102840 25 
2020-12-14T16:07:17 0 0 경기75자8580 4 72 227000039 277102840 25 
2020-12-14T16:08:17 0 0 경기75자8580 4 72 227000039 277102840 25 
2020-12-14T16:09:17 0 0 경기75자8580 4 72 227000039 277102840 25 
2020-12-14T16:10:17 0 0 경기75자8580 4 72 227000039 123000048 26 
2020-12-14T16:11:16 0 0 경기75자8580 4 72 227000039 123000048 26 
2020-12-14T16:12:16 0 0 경기75자8580 4 72 227000039 123000048 26 
2020-12-14T16:13:16 0 0 경기75자8580 4 72 227000039 123000048 26 
2020-12-14T16:14:15 0 0 경기75자8580 4 72 227000039 277101950 27 
2020-12-14T16:15:15 0 0 경기75자8580 4 72 227000039 277101950 27 
2020-12-14T16:16:15 0 0 경기75자8580 4 72 227000039 277101950 27 
2020-12-14T16:17:15 0 0 경기75자8580 4 72 227000039 277101950 27 
2020-12-14T16:18:14 0 0 경기75자8580 4 72 227000039 277102068 28 
2020-12-14T16:19:14 0 0 경기75자8580 4 72 227000039 277102068 28 
2020-12-14T16:20:14 0 0 경기75자8580 4 72 227000039 277102068 28 
2020-12-14T16:21:13 0 0 경기75자8580 4 72 227000039 123000511 29 
2020-12-14T16:22:13 0 0 경기75자8580 4 72 227000039 123000511 29 
2020-12-14T16:23:13 0 0 경기75자8580 4 71 227000039 123000511 29 
2020-12-14T16:24:13 0 0 경기75자8580 4 71 227000039 123000511 29 
2020-12-14T16:25:13 0 0 경기75자8580 4 71 227000039 123000511 29 
2020-12-14T16:26:13 0 0 경기75자8580 4 71 227000039 277102842 30 
2020-12-14T16:27:13 0 0 경기75자8580 4 71 227000039 277102842 30 
2020-12-14T16:28:11 0 0 경기75자8580 4 71 227000039 277103353 31 
2020-12-14T16:29:11 0 0 경기75자8580 4 71 227000039 277103353 31 
2020-12-14T16:30:11 0 0 경기75자8580 4 71 227000039 277103353 31 
2020-12-14T16:31:11 0 0 경기75자8580 4 71 227000039 277103349 32 
2020-12-14T16:32:10 0 0 경기75자8580 4 71 227000039 277103349 32 
2020-12-14T16:33:10 0 0 경기75자8580 4 71 227000039 277103349 32 
2020-12-14T16:34:09 0 0 경기75자8580 4 71 227000039 277103351 33 
2020-12-14T16:35:09 0 0 경기75자8580 4 71 227000039 277103351 33 
2020-12-14T16:36:08 0 0 경기75자8580 4 71 227000039 277103351 33 
2020-12-14T16:37:07 0 0 경기75자8580 4 71 227000039 227000284 34 
2020-12-14T16:38:07 0 0 경기75자8580 4 71 227000039 227000284 34 
2020-12-14T16:39:07 0 0 경기75자8580 4 71 227000039 227000656 35 
2020-12-14T16:40:07 0 0 경기75자8580 4 71 227000039 227000484 36 
2020-12-14T16:41:06 0 0 경기75자8580 4 71 227000039 227000484 36 
2020-12-14T16:42:05 0 0 경기75자8580 4 71 227000039 227000232 37 
2020-12-14T16:43:04 0 0 경기75자8580 4 69 227000039 227000232 37 
2020-12-14T16:44:04 0 0 경기75자8580 4 69 227000039 227000232 37 
2020-12-14T16:45:04 0 0 경기75자8580 4 69 227000039 227000281 38 
2020-12-14T16:46:03 0 0 경기75자8580 4 67 227000039 227000268 39 
2020-12-14T16:47:03 0 0 경기75자8580 4 67 227000039 227000679 40 
2020-12-14T16:48:03 0 0 경기75자8580 4 67 227000039 227000679 40 
2020-12-14T16:49:04 0 0 경기75자8580 4 67 227000039 227000679 40 
2020-12-14T16:50:03 0 0 경기75자8580 4 67 227000039 227000679 40 
2020-12-14T16:51:02 0 0 경기75자8580 4 68 227000039 227000071 41 
2020-12-14T16:52:02 0 0 경기75자8580 4 68 227000039 227000071 41 
2020-12-14T16:53:02 0 0 경기75자8580 4 68 227000039 227000256 42 
2020-12-14T16:54:01 0 0 경기75자8580 4 68 227000039 227000212 44 
2020-12-14T16:54:01 0 0 경기75자8579 4 72 227000039 227000677 3 
2020-12-14T16:55:01 0 0 경기75자8580 4 69 227000039 227000210 45 
2020-12-14T16:55:01 0 0 경기75자8579 4 72 227000039 227000677 3 
2020-12-14T16:56:01 0 0 경기75자8580 4 69 227000039 227000210 45 
2020-12-14T16:56:01 0 0 경기75자8579 4 72 227000039 227000308 4 
2020-12-14T16:57:01 0 0 경기75자8580 4 69 227000039 227000208 47 
2020-12-14T16:57:01 0 0 경기75자8579 4 69 227000039 227000308 4 
2020-12-14T16:58:01 0 0 경기75자8580 4 69 227000039 227000206 48 
2020-12-14T16:58:01 0 0 경기75자8579 4 69 227000039 227000304 5 
2020-12-14T16:58:59 0 0 경기75자8580 4 69 227000039 227000206 48 
2020-12-14T16:58:59 0 0 경기75자8579 4 69 227000039 227000304 5 
2020-12-14T16:59:59 0 0 경기75자8580 4 69 227000039 227000311 49 
2020-12-14T16:59:59 0 0 경기75자8579 4 69 227000039 227000304 5 
2020-12-14T17:00:58 0 0 경기75자8580 4 69 227000039 227000665 51 
2020-12-14T17:00:58 0 0 경기75자8579 4 69 227000039 227000310 7 
2020-12-14T17:01:58 0 0 경기75자8580 4 69 227000039 227000305 52 
2020-12-14T17:01:58 0 0 경기75자8579 4 69 227000039 227000310 7 
2020-12-14T17:02:58 0 0 경기75자8580 4 69 227000039 227000305 52 
2020-12-14T17:02:58 0 0 경기75자8579 4 69 227000039 227000310 7 
2020-12-14T17:03:58 0 0 경기75자8580 4 71 227000039 227000307 53 
2020-12-14T17:03:58 0 0 경기75자8579 4 69 227000039 227000310 7 
2020-12-14T17:04:57 0 0 경기75자8580 4 72 227000039 227000306 54 
2020-12-14T17:04:57 0 0 경기75자8579 4 69 227000039 227000207 9 
2020-12-14T17:05:57 0 0 경기75자8580 4 72 227000039 227000306 54 
2020-12-14T17:05:57 0 0 경기75자8579 4 69 227000039 227000209 10 
2020-12-14T17:06:57 0 0 경기75자8580 4 72 227000039 227000334 55 
2020-12-14T17:06:57 0 0 경기75자8579 4 69 227000039 227000209 10 
2020-12-14T17:07:56 0 0 경기75자8580 4 72 227000039 227000334 55 
2020-12-14T17:07:56 0 0 경기75자8579 4 69 227000039 227000211 11 
2020-12-14T17:08:56 0 0 경기75자8579 4 69 227000039 227000257 13 
2020-12-14T17:09:56 0 0 경기75자8579 4 69 227000039 227000257 13 
2020-12-14T17:10:55 0 0 경기75자8579 4 69 227000039 227000072 14 
2020-12-14T17:11:55 0 0 경기75자8579 4 69 227000039 227000072 14 
2020-12-14T17:12:55 0 0 경기75자8579 4 69 227000039 227000678 15 
2020-12-14T17:13:54 0 0 경기75자8579 4 66 227000039 227000269 16 
2020-12-14T17:14:54 0 0 경기75자8579 4 65 227000039 227000269 16 
2020-12-14T17:15:53 0 0 경기75자8579 4 65 227000039 227000269 16 
2020-12-14T17:16:53 0 0 경기75자8579 4 65 227000039 227000269 16 
2020-12-14T17:17:53 0 0 경기75자8579 4 64 227000039 227000280 17 
2020-12-14T17:18:52 0 0 경기75자8579 4 65 227000039 227000230 18 
2020-12-14T17:19:52 0 0 경기75자8579 4 67 227000039 227000485 19 
2020-12-14T17:20:52 0 0 경기75자8579 4 66 227000039 227000485 19 
2020-12-14T17:21:52 0 0 경기75자8579 4 66 227000039 227000485 19 
2020-12-14T17:22:51 0 0 경기75자8579 4 66 227000039 227000291 20 
2020-12-14T17:23:51 0 0 경기75자8579 4 66 227000039 227000291 20 
2020-12-14T17:24:50 0 0 경기75자8579 4 65 227000039 227000282 21 
2020-12-14T17:25:50 0 0 경기75자8579 4 63 227000039 227000282 21 
2020-12-14T17:26:50 0 0 경기75자8579 4 63 227000039 227000282 21 
2020-12-14T17:27:49 0 0 경기75자8579 4 63 227000039 227000282 21 
2020-12-14T17:28:49 0 0 경기75자8579 4 63 227000039 227000282 21 
2020-12-14T17:29:49 0 0 경기75자8579 4 63 227000039 227000282 21 
2020-12-14T17:30:48 0 0 경기75자8579 4 63 227000039 227000282 21 
2020-12-14T17:31:48 0 0 경기75자8579 4 63 227000039 227000282 21 
2020-12-14T17:32:48 0 0 경기75자8579 4 63 227000039 277103350 22 
2020-12-14T17:33:48 0 0 경기75자8579 4 63 227000039 277103350 22 
2020-12-14T17:34:48 0 0 경기75자8579 4 63 227000039 277103350 22 
2020-12-14T17:35:48 0 0 경기75자8579 4 63 227000039 277103348 23 
2020-12-14T17:36:48 0 0 경기75자8579 4 63 227000039 277103348 23 
2020-12-14T17:37:47 0 0 경기75자8579 4 63 227000039 277103348 23 
2020-12-14T17:38:47 0 0 경기75자8579 4 63 227000039 277103352 24 
2020-12-14T17:39:47 0 0 경기75자8579 4 63 227000039 277102840 25 
2020-12-14T17:40:46 0 0 경기75자8579 4 63 227000039 277102840 25 
2020-12-14T17:41:46 0 0 경기75자8579 4 63 227000039 277102840 25 
2020-12-14T17:42:46 0 0 경기75자8579 4 63 227000039 277102840 25 
2020-12-14T17:43:46 0 0 경기75자8579 4 66 227000039 123000048 26 
2020-12-14T17:44:45 0 0 경기75자8579 4 72 227000039 123000048 26 
2020-12-14T17:45:45 0 0 경기75자8579 4 72 227000039 277101950 27 
2020-12-14T17:46:45 0 0 경기75자8579 4 72 227000039 277101950 27 
2020-12-14T17:47:45 0 0 경기75자8579 4 72 227000039 277101950 27 
2020-12-14T17:48:44 0 0 경기75자8579 4 72 227000039 277101950 27 
2020-12-14T17:49:44 0 0 경기75자8579 4 72 227000039 277101950 27 
2020-12-14T17:50:44 0 0 경기75자8579 4 72 227000039 277102068 28 
2020-12-14T17:51:44 0 0 경기75자8579 4 72 227000039 277102068 28 
2020-12-14T17:52:44 0 0 경기75자8579 4 72 227000039 123000511 29 
2020-12-14T17:53:42 0 0 경기75자8579 4 72 227000039 123000511 29 
2020-12-14T17:54:42 0 0 경기75자8579 4 63 227000039 123000511 29 
2020-12-14T17:55:42 0 0 경기75자8579 4 63 227000039 123000511 29 
2020-12-14T17:56:42 0 0 경기75자8579 4 63 227000039 123000511 29 
2020-12-14T17:57:42 0 0 경기75자8579 4 63 227000039 123000511 29 
2020-12-14T17:58:42 0 0 경기75자8579 4 63 227000039 123000511 29 
2020-12-14T17:59:41 0 0 경기75자8579 4 63 227000039 123000511 29 
2020-12-14T18:00:41 0 0 경기75자8579 4 63 227000039 123000511 29 
2020-12-14T18:01:41 0 0 경기75자8579 4 63 227000039 277102842 30 
2020-12-14T18:02:41 0 0 경기75자8579 4 63 227000039 277103353 31 
2020-12-14T18:03:41 0 0 경기75자8579 4 63 227000039 277103353 31 
2020-12-14T18:04:40 0 0 경기75자8579 4 63 227000039 277103353 31 
2020-12-14T18:05:39 0 0 경기75자8579 4 63 227000039 277103353 31 
2020-12-14T18:06:39 0 0 경기75자8579 4 63 227000039 277103349 32 
2020-12-14T18:07:39 0 0 경기75자8579 4 63 227000039 277103349 32 
2020-12-14T18:08:39 0 0 경기75자8579 4 63 227000039 277103349 32 
2020-12-14T18:09:39 0 0 경기75자8579 4 63 227000039 277103351 33 
2020-12-14T18:10:38 0 0 경기75자8579 4 63 227000039 277103351 33 
2020-12-14T18:11:38 0 0 경기75자8579 4 63 227000039 277103351 33 
2020-12-14T18:12:37 0 0 경기75자8580 4 72 227000039 227000261 2 
2020-12-14T18:12:37 0 0 경기75자8579 4 63 227000039 277103351 33 
2020-12-14T18:13:37 0 0 경기75자8580 4 72 227000039 227000677 3 
2020-12-14T18:13:37 0 0 경기75자8579 4 64 227000039 227000284 34 
2020-12-14T18:14:37 0 0 경기75자8580 4 72 227000039 227000677 3 
2020-12-14T18:14:37 0 0 경기75자8579 4 64 227000039 227000284 34 
2020-12-14T18:15:37 0 0 경기75자8580 4 71 227000039 227000308 4 
2020-12-14T18:15:37 0 0 경기75자8579 4 67 227000039 227000656 35 
2020-12-14T18:16:36 0 0 경기75자8580 4 71 227000039 227000308 4 
2020-12-14T18:16:36 0 0 경기75자8579 4 69 227000039 227000656 35 
2020-12-14T18:17:36 0 0 경기75자8580 4 69 227000039 227000304 5 
2020-12-14T18:17:36 0 0 경기75자8579 4 69 227000039 227000656 35 
2020-12-14T18:18:36 0 0 경기75자8580 4 69 227000039 227000304 5 
2020-12-14T18:18:36 0 0 경기75자8579 4 70 227000039 227000484 36 
2020-12-14T18:19:35 0 0 경기75자8580 4 69 227000039 227000666 6 
2020-12-14T18:19:35 0 0 경기75자8579 4 70 227000039 227000484 36 
2020-12-14T18:20:35 0 0 경기75자8580 4 69 227000039 227000310 7 
2020-12-14T18:20:35 0 0 경기75자8579 4 70 227000039 227000484 36 
2020-12-14T18:21:34 0 0 경기75자8580 4 69 227000039 227000310 7 
2020-12-14T18:21:34 0 0 경기75자8579 4 70 227000039 227000281 38 
2020-12-14T18:22:35 0 0 경기75자8580 4 69 227000039 227000205 8 
2020-12-14T18:22:35 0 0 경기75자8579 4 70 227000039 227000281 38 
2020-12-14T18:23:34 0 0 경기75자8580 4 70 227000039 227000209 10 
2020-12-14T18:23:34 0 0 경기75자8579 4 70 227000039 227000281 38 
2020-12-14T18:24:34 0 0 경기75자8580 4 71 227000039 227000209 10 
2020-12-14T18:24:34 0 0 경기75자8579 4 70 227000039 227000268 39 
2020-12-14T18:25:34 0 0 경기75자8580 4 71 227000039 227000211 11 
2020-12-14T18:25:34 0 0 경기75자8579 4 70 227000039 227000268 39 
2020-12-14T18:26:33 0 0 경기75자8580 4 71 227000039 227000211 11 
2020-12-14T18:26:33 0 0 경기75자8579 4 70 227000039 227000679 40 
2020-12-14T18:27:32 0 0 경기75자8580 4 71 227000039 227000211 11 
2020-12-14T18:27:32 0 0 경기75자8579 4 70 227000039 227000679 40 
2020-12-14T18:28:32 0 0 경기75자8580 4 71 227000039 227000191 12 
2020-12-14T18:28:32 0 0 경기75자8579 4 70 227000039 227000679 40 
2020-12-14T18:29:32 0 0 경기75자8580 4 71 227000039 227000072 14 
2020-12-14T18:29:32 0 0 경기75자8579 4 71 227000039 227000256 42 
2020-12-14T18:30:31 0 0 경기75자8580 4 71 227000039 227000072 14 
2020-12-14T18:30:31 0 0 경기75자8579 4 72 227000039 227000256 42 
2020-12-14T18:31:31 0 0 경기75자8580 4 71 227000039 227000678 15 
2020-12-14T18:31:31 0 0 경기75자8579 4 72 227000039 227000256 42 
2020-12-14T18:32:31 0 0 경기75자8580 4 70 227000039 227000269 16 
2020-12-14T18:32:31 0 0 경기75자8579 4 72 227000039 227000212 44 
2020-12-14T18:33:30 0 0 경기75자8580 4 70 227000039 227000269 16 
2020-12-14T18:33:30 0 0 경기75자8579 4 72 227000039 227000210 45 
2020-12-14T18:34:30 0 0 경기75자8580 4 70 227000039 227000269 16 
2020-12-14T18:34:30 0 0 경기75자8579 4 72 227000039 227000208 47 
2020-12-14T18:35:30 0 0 경기75자8580 4 70 227000039 227000280 17 
2020-12-14T18:35:30 0 0 경기75자8579 4 72 227000039 227000208 47 
2020-12-14T18:36:30 0 0 경기75자8580 4 70 227000039 227000230 18 
2020-12-14T18:36:30 0 0 경기75자8579 4 72 227000039 227000311 49 
2020-12-14T18:37:29 0 0 경기75자8580 4 71 227000039 227000485 19 
2020-12-14T18:37:29 0 0 경기75자8579 4 72 227000039 227000311 49 
2020-12-14T18:38:29 0 0 경기75자8580 4 71 227000039 227000485 19 
2020-12-14T18:38:29 0 0 경기75자8579 4 72 227000039 227000665 51 
2020-12-14T18:39:29 0 0 경기75자8580 4 71 227000039 227000291 20 
2020-12-14T18:39:29 0 0 경기75자8579 4 72 227000039 227000305 52 
2020-12-14T18:40:29 0 0 경기75자8580 4 70 227000039 227000291 20 
2020-12-14T18:40:29 0 0 경기75자8579 4 72 227000039 227000305 52 
2020-12-14T18:41:28 0 0 경기75자8580 4 70 227000039 227000291 20 
2020-12-14T18:41:28 0 0 경기75자8579 4 72 227000039 227000305 52 
2020-12-14T18:42:28 0 0 경기75자8580 4 70 227000039 227000282 21 
2020-12-14T18:42:28 0 0 경기75자8579 4 72 227000039 227000306 54 
2020-12-14T18:43:28 0 0 경기75자8580 4 70 227000039 227000282 21 
2020-12-14T18:43:28 0 0 경기75자8579 4 72 227000039 227000306 54 
2020-12-14T18:44:28 0 0 경기75자8580 4 69 227000039 227000282 21 
2020-12-14T18:44:28 0 0 경기75자8579 4 72 227000039 227000334 55 
2020-12-14T18:45:28 0 0 경기75자8580 4 69 227000039 227000282 21 
2020-12-14T18:45:28 0 0 경기75자8579 4 72 227000039 227000334 55 
2020-12-14T18:46:26 0 0 경기75자8580 4 69 227000039 227000282 21 
2020-12-14T18:46:26 0 0 경기75자8579 4 72 227000039 227000334 55 
2020-12-14T18:47:26 0 0 경기75자8580 4 69 227000039 227000282 21 
2020-12-14T18:48:26 0 0 경기75자8580 4 69 227000039 227000282 21 
2020-12-14T18:49:26 0 0 경기75자8580 4 69 227000039 277103350 22 
2020-12-14T18:50:25 0 0 경기75자8580 4 69 227000039 277103350 22 
2020-12-14T18:51:24 0 0 경기75자8580 4 69 227000039 277103350 22 
2020-12-14T18:52:24 0 0 경기75자8580 4 69 227000039 277103348 23 
2020-12-14T18:53:24 0 0 경기75자8580 4 69 227000039 277103348 23 
2020-12-14T18:54:24 0 0 경기75자8580 4 69 227000039 277103348 23 
2020-12-14T18:55:23 0 0 경기75자8580 4 69 227000039 277103352 24 
2020-12-14T18:56:22 0 0 경기75자8580 4 69 227000039 277102840 25 
2020-12-14T18:57:22 0 0 경기75자8580 4 69 227000039 277102840 25 
2020-12-14T18:58:22 0 0 경기75자8580 4 69 227000039 277102840 25 
2020-12-14T18:59:22 0 0 경기75자8580 4 69 227000039 277102840 25 
2020-12-14T19:00:22 0 0 경기75자8580 4 69 227000039 277102840 25 
2020-12-14T19:01:20 0 0 경기75자8580 4 69 227000039 277102840 25 
2020-12-14T19:02:20 0 0 경기75자8580 4 72 227000039 123000048 26 
2020-12-14T19:03:20 0 0 경기75자8580 4 72 227000039 123000048 26 
2020-12-14T19:04:19 0 0 경기75자8580 4 72 227000039 123000048 26 
2020-12-14T19:05:19 0 0 경기75자8580 4 72 227000039 123000048 26 
2020-12-14T19:06:19 0 0 경기75자8580 4 72 227000039 277101950 27 
2020-12-14T19:07:19 0 0 경기75자8580 4 72 227000039 277101950 27 
2020-12-14T19:08:19 0 0 경기75자8580 4 72 227000039 277101950 27 
2020-12-14T19:09:19 0 0 경기75자8580 4 72 227000039 277101950 27 
2020-12-14T19:10:19 0 0 경기75자8580 4 72 227000039 277102068 28 
2020-12-14T19:11:18 0 0 경기75자8580 4 72 227000039 277102068 28 
2020-12-14T19:12:18 0 0 경기75자8580 4 72 227000039 123000511 29 
2020-12-14T19:13:18 0 0 경기75자8580 4 63 227000039 123000511 29 
2020-12-14T19:14:18 0 0 경기75자8580 4 63 227000039 123000511 29 
2020-12-14T19:14:18 0 0 경기75자8579 4 72 227000039 227000261 2 
2020-12-14T19:15:17 0 0 경기75자8580 4 63 227000039 123000511 29 
2020-12-14T19:15:17 0 0 경기75자8579 4 72 227000039 227000261 2 
2020-12-14T19:16:17 0 0 경기75자8580 4 63 227000039 123000511 29 
2020-12-14T19:16:17 0 0 경기75자8579 4 72 227000039 227000261 2 
2020-12-14T19:17:17 0 0 경기75자8580 4 63 227000039 123000511 29 
2020-12-14T19:17:17 0 0 경기75자8579 4 72 227000039 227000677 3 
2020-12-14T19:18:16 0 0 경기75자8580 4 63 227000039 123000511 29 
2020-12-14T19:18:16 0 0 경기75자8579 4 72 227000039 227000308 4 
2020-12-14T19:19:16 0 0 경기75자8580 4 63 227000039 123000511 29 
2020-12-14T19:19:16 0 0 경기75자8579 4 69 227000039 227000308 4 
2020-12-14T19:20:15 0 0 경기75자8580 4 63 227000039 123000511 29 
2020-12-14T19:20:15 0 0 경기75자8579 4 69 227000039 227000304 5 
2020-12-14T19:21:15 0 0 경기75자8580 4 63 227000039 277102842 30 
2020-12-14T19:21:15 0 0 경기75자8579 4 69 227000039 227000310 7 
2020-12-14T19:22:15 0 0 경기75자8580 4 63 227000039 277102842 30 
2020-12-14T19:22:15 0 0 경기75자8579 4 69 227000039 227000310 7 
2020-12-14T19:23:15 0 0 경기75자8580 4 63 227000039 277103353 31 
2020-12-14T19:23:15 0 0 경기75자8579 4 69 227000039 227000205 8 
2020-12-14T19:24:14 0 0 경기75자8580 4 63 227000039 277103353 31 
2020-12-14T19:24:14 0 0 경기75자8579 4 69 227000039 227000207 9 
2020-12-14T19:25:14 0 0 경기75자8580 4 63 227000039 277103353 31 
2020-12-14T19:25:14 0 0 경기75자8579 4 69 227000039 227000209 10 
2020-12-14T19:26:14 0 0 경기75자8580 4 63 227000039 277103353 31 
2020-12-14T19:26:14 0 0 경기75자8579 4 69 227000039 227000209 10 
2020-12-14T19:27:14 0 0 경기75자8580 4 63 227000039 277103349 32 
2020-12-14T19:27:14 0 0 경기75자8579 4 69 227000039 227000191 12 
2020-12-14T19:28:14 0 0 경기75자8580 4 63 227000039 277103349 32 
2020-12-14T19:28:14 0 0 경기75자8579 4 69 227000039 227000257 13 
2020-12-14T19:29:14 0 0 경기75자8580 4 63 227000039 277103349 32 
2020-12-14T19:29:14 0 0 경기75자8579 4 69 227000039 227000072 14 
2020-12-14T19:30:14 0 0 경기75자8580 4 63 227000039 277103351 33 
2020-12-14T19:30:14 0 0 경기75자8579 4 69 227000039 227000072 14 
2020-12-14T19:31:13 0 0 경기75자8580 4 63 227000039 277103351 33 
2020-12-14T19:31:13 0 0 경기75자8579 4 69 227000039 227000678 15 
2020-12-14T19:32:13 0 0 경기75자8580 4 63 227000039 277103351 33 
2020-12-14T19:32:13 0 0 경기75자8579 4 69 227000039 227000269 16 
2020-12-14T19:33:12 0 0 경기75자8580 4 65 227000039 227000284 34 
2020-12-14T19:33:12 0 0 경기75자8579 4 69 227000039 227000269 16 
2020-12-14T19:34:11 0 0 경기75자8580 4 65 227000039 227000284 34 
2020-12-14T19:34:11 0 0 경기75자8579 4 69 227000039 227000280 17 
2020-12-14T19:35:11 0 0 경기75자8580 4 68 227000039 227000284 34 
2020-12-14T19:35:11 0 0 경기75자8579 4 69 227000039 227000230 18 
2020-12-14T19:36:09 0 0 경기75자8580 4 69 227000039 227000656 35 
2020-12-14T19:36:09 0 0 경기75자8579 4 69 227000039 227000485 19 
2020-12-14T19:37:10 0 0 경기75자8580 4 70 227000039 227000484 36 
2020-12-14T19:37:10 0 0 경기75자8579 4 69 227000039 227000485 19 
2020-12-14T19:38:09 0 0 경기75자8580 4 71 227000039 227000484 36 
2020-12-14T19:38:09 0 0 경기75자8579 4 69 227000039 227000291 20 
2020-12-14T19:39:09 0 0 경기75자8580 4 71 227000039 227000232 37 
2020-12-14T19:39:09 0 0 경기75자8579 4 69 227000039 227000291 20 
2020-12-14T19:40:08 0 0 경기75자8580 4 71 227000039 227000232 37 
2020-12-14T19:40:08 0 0 경기75자8579 4 69 227000039 227000291 20 
2020-12-14T19:41:07 0 0 경기75자8580 4 72 227000039 227000281 38 
2020-12-14T19:41:07 0 0 경기75자8579 4 69 227000039 227000282 21 
2020-12-14T19:42:06 0 0 경기75자8580 4 72 227000039 227000268 39 
2020-12-14T19:42:06 0 0 경기75자8579 4 69 227000039 227000282 21 
2020-12-14T19:43:06 0 0 경기75자8580 4 72 227000039 227000268 39 
2020-12-14T19:43:06 0 0 경기75자8579 4 69 227000039 227000282 21 
2020-12-14T19:44:06 0 0 경기75자8580 4 72 227000039 227000679 40 
2020-12-14T19:44:06 0 0 경기75자8579 4 69 227000039 227000282 21 
2020-12-14T19:45:05 0 0 경기75자8580 4 72 227000039 227000679 40 
2020-12-14T19:45:05 0 0 경기75자8579 4 69 227000039 227000282 21 
2020-12-14T19:46:04 0 0 경기75자8580 4 72 227000039 227000071 41 
2020-12-14T19:46:04 0 0 경기75자8579 4 69 227000039 277103350 22 
2020-12-14T19:47:04 0 0 경기75자8580 4 72 227000039 227000256 42 
2020-12-14T19:47:04 0 0 경기75자8579 4 69 227000039 277103350 22 
2020-12-14T19:48:04 0 0 경기75자8580 4 72 227000039 227000212 44 
2020-12-14T19:48:04 0 0 경기75자8579 4 69 227000039 277103350 22 
2020-12-14T19:49:04 0 0 경기75자8580 4 72 227000039 227000212 44 
2020-12-14T19:49:04 0 0 경기75자8579 4 69 227000039 277103348 23 
2020-12-14T19:50:03 0 0 경기75자8580 4 72 227000039 227000212 44 
2020-12-14T19:50:03 0 0 경기75자8579 4 69 227000039 277103348 23 
2020-12-14T19:51:03 0 0 경기75자8580 4 72 227000039 227000208 47 
2020-12-14T19:51:03 0 0 경기75자8579 4 69 227000039 277103348 23 
2020-12-14T19:52:03 0 0 경기75자8580 4 72 227000039 227000208 47 
2020-12-14T19:52:03 0 0 경기75자8579 4 69 227000039 277103352 24 
2020-12-14T19:53:02 0 0 경기75자8580 4 72 227000039 227000206 48 
2020-12-14T19:53:02 0 0 경기75자8579 4 69 227000039 277102840 25 
2020-12-14T19:54:02 0 0 경기75자8580 4 72 227000039 227000311 49 
2020-12-14T19:54:02 0 0 경기75자8579 4 69 227000039 277102840 25 
2020-12-14T19:55:02 0 0 경기75자8580 4 72 227000039 227000664 50 
2020-12-14T19:55:02 0 0 경기75자8579 4 69 227000039 277102840 25 
2020-12-14T19:56:01 0 0 경기75자8580 4 72 227000039 227000665 51 
2020-12-14T19:56:01 0 0 경기75자8579 4 69 227000039 277102840 25 
2020-12-14T19:57:01 0 0 경기75자8580 4 72 227000039 227000307 53 
2020-12-14T19:57:01 0 0 경기75자8579 4 70 227000039 123000048 26 
2020-12-14T19:58:01 0 0 경기75자8580 4 72 227000039 227000306 54 
2020-12-14T19:58:01 0 0 경기75자8579 4 72 227000039 123000048 26 
2020-12-14T19:59:00 0 0 경기75자8580 4 72 227000039 227000334 55 
2020-12-14T19:59:00 0 0 경기75자8579 4 72 227000039 123000048 26 
2020-12-14T20:00:00 0 0 경기75자8580 4 72 227000039 227000334 55 
2020-12-14T20:00:00 0 0 경기75자8579 4 72 227000039 123000048 26 
2020-12-14T20:01:00 0 0 경기75자8580 4 72 227000039 227000334 55 
2020-12-14T20:01:00 0 0 경기75자8579 4 72 227000039 277101950 27 
2020-12-14T20:01:59 0 0 경기75자8580 4 72 227000039 227000334 55 
2020-12-14T20:01:59 0 0 경기75자8579 4 72 227000039 277101950 27 
2020-12-14T20:02:59 0 0 경기75자8579 4 72 227000039 277101950 27 
2020-12-14T20:03:58 0 0 경기75자8579 4 72 227000039 277102068 28 
2020-12-14T20:04:58 0 0 경기75자8579 4 72 227000039 123000511 29 
2020-12-14T20:05:57 0 0 경기75자8579 4 69 227000039 123000511 29 
2020-12-14T20:06:57 0 0 경기75자8579 4 69 227000039 123000511 29 
2020-12-14T20:07:57 0 0 경기75자8579 4 69 227000039 123000511 29 
2020-12-14T20:08:57 0 0 경기75자8579 4 69 227000039 123000511 29 
2020-12-14T20:09:57 0 0 경기75자8579 4 69 227000039 123000511 29 
2020-12-14T20:10:56 0 0 경기75자8579 4 69 227000039 277102842 30 
2020-12-14T20:11:55 0 0 경기75자8579 4 69 227000039 277103353 31 
2020-12-14T20:12:55 0 0 경기75자8579 4 69 227000039 277103353 31 
2020-12-14T20:13:55 0 0 경기75자8579 4 69 227000039 277103353 31 
2020-12-14T20:14:54 0 0 경기75자8579 4 69 227000039 277103349 32 
2020-12-14T20:15:54 0 0 경기75자8579 4 69 227000039 277103349 32 
2020-12-14T20:16:54 0 0 경기75자8579 4 69 227000039 277103349 32 
2020-12-14T20:17:53 0 0 경기75자8579 4 69 227000039 277103351 33 
2020-12-14T20:18:53 0 0 경기75자8579 4 69 227000039 277103351 33 
2020-12-14T20:19:53 0 0 경기75자8579 4 69 227000039 277103351 33 
2020-12-14T20:20:52 0 0 경기75자8579 4 69 227000039 277103351 33 
2020-12-14T20:21:52 0 0 경기75자8579 4 69 227000039 227000284 34 
2020-12-14T20:22:51 0 0 경기75자8579 4 70 227000039 227000656 35 
2020-12-14T20:23:50 0 0 경기75자8579 4 70 227000039 227000656 35 
2020-12-14T20:24:50 0 0 경기75자8579 4 70 227000039 227000484 36 
2020-12-14T20:25:49 0 0 경기75자8579 4 71 227000039 227000232 37 
2020-12-14T20:26:49 0 0 경기75자8579 4 71 227000039 227000232 37 
2020-12-14T20:27:49 0 0 경기75자8579 4 71 227000039 227000281 38 
2020-12-14T20:28:48 0 0 경기75자8579 4 72 227000039 227000268 39 
2020-12-14T20:29:48 0 0 경기75자8579 4 72 227000039 227000679 40 
2020-12-14T20:30:48 0 0 경기75자8579 4 72 227000039 227000679 40 
2020-12-14T20:31:47 0 0 경기75자8579 4 72 227000039 227000679 40 
2020-12-14T20:32:47 0 0 경기75자8579 4 72 227000039 227000071 41 
2020-12-14T20:33:46 0 0 경기75자8579 4 72 227000039 227000071 41 
2020-12-14T20:34:46 0 0 경기75자8579 4 72 227000039 227000192 43 
2020-12-14T20:35:45 0 0 경기75자8579 4 72 227000039 227000210 45 
2020-12-14T20:36:45 0 0 경기75자8579 4 72 227000039 227000210 45 
2020-12-14T20:37:45 0 0 경기75자8579 4 72 227000039 227000630 46 
2020-12-14T20:38:45 0 0 경기75자8579 4 72 227000039 227000206 48 
2020-12-14T20:39:44 0 0 경기75자8579 4 72 227000039 227000206 48 
2020-12-14T20:40:44 0 0 경기75자8579 4 72 227000039 227000311 49 
2020-12-14T20:41:44 0 0 경기75자8579 4 72 227000039 227000664 50 
2020-12-14T20:42:43 0 0 경기75자8579 4 72 227000039 227000305 52 
2020-12-14T20:43:42 0 0 경기75자8579 4 72 227000039 227000306 54 
2020-12-14T20:44:42 0 0 경기75자8579 4 72 227000039 227000306 54 
2020-12-14T20:45:42 0 0 경기75자8579 4 72 227000039 227000334 55 
2020-12-14T20:46:41 0 0 경기75자8579 4 72 227000039 227000334 55 
2020-12-14T20:50:39 0 0 경기75자8580 4 72 227000039 227000261 2 
2020-12-14T20:51:39 0 0 경기75자8580 4 72 227000039 227000261 2 
2020-12-14T20:52:39 0 0 경기75자8580 4 72 227000039 227000677 3 
2020-12-14T20:53:38 0 0 경기75자8580 4 72 227000039 227000677 3 
2020-12-14T20:54:37 0 0 경기75자8580 4 72 227000039 227000308 4 
2020-12-14T20:55:37 0 0 경기75자8580 4 70 227000039 227000308 4 
2020-12-14T20:56:37 0 0 경기75자8580 4 70 227000039 227000304 5 
2020-12-14T20:57:36 0 0 경기75자8580 4 70 227000039 227000304 5 
2020-12-14T20:58:36 0 0 경기75자8580 4 70 227000039 227000666 6 
2020-12-14T20:59:36 0 0 경기75자8580 4 70 227000039 227000310 7 
2020-12-14T21:00:35 0 0 경기75자8580 4 70 227000039 227000310 7 
2020-12-14T21:01:36 0 0 경기75자8580 4 70 227000039 227000310 7 
2020-12-14T21:02:34 0 0 경기75자8580 4 70 227000039 227000207 9 
2020-12-14T21:03:34 0 0 경기75자8580 4 72 227000039 227000209 10 
2020-12-14T21:04:34 0 0 경기75자8580 4 72 227000039 227000209 10 
2020-12-14T21:05:34 0 0 경기75자8580 4 72 227000039 227000211 11 
2020-12-14T21:06:33 0 0 경기75자8580 4 72 227000039 227000257 13 
2020-12-14T21:07:33 0 0 경기75자8580 4 72 227000039 227000257 13 
2020-12-14T21:08:33 0 0 경기75자8580 4 72 227000039 227000072 14 
2020-12-14T21:09:32 0 0 경기75자8580 4 72 227000039 227000072 14 
2020-12-14T21:10:32 0 0 경기75자8580 4 72 227000039 227000678 15 
2020-12-14T21:11:32 0 0 경기75자8580 4 72 227000039 227000678 15 
2020-12-14T21:12:31 0 0 경기75자8580 4 72 227000039 227000269 16 
2020-12-14T21:13:31 0 0 경기75자8580 4 72 227000039 227000269 16 
2020-12-14T21:14:31 0 0 경기75자8580 4 72 227000039 227000269 16 
2020-12-14T21:15:30 0 0 경기75자8580 4 72 227000039 227000280 17 
2020-12-14T21:16:30 0 0 경기75자8580 4 71 227000039 227000230 18 
2020-12-14T21:17:30 0 0 경기75자8580 4 71 227000039 227000485 19 
2020-12-14T21:18:29 0 0 경기75자8580 4 71 227000039 227000485 19 
2020-12-14T21:19:29 0 0 경기75자8580 4 71 227000039 227000291 20 
2020-12-14T21:20:28 0 0 경기75자8580 4 71 227000039 227000291 20 
2020-12-14T21:21:28 0 0 경기75자8580 4 69 227000039 227000291 20 
2020-12-14T21:22:28 0 0 경기75자8580 4 69 227000039 227000282 21 
2020-12-14T21:23:28 0 0 경기75자8580 4 69 227000039 227000282 21 
2020-12-14T21:24:27 0 0 경기75자8580 4 69 227000039 227000282 21 
2020-12-14T21:25:27 0 0 경기75자8580 4 69 227000039 227000282 21 
2020-12-14T21:26:26 0 0 경기75자8580 4 69 227000039 277103350 22 
2020-12-14T21:27:26 0 0 경기75자8580 4 69 227000039 277103350 22 
2020-12-14T21:28:25 0 0 경기75자8580 4 69 227000039 277103350 22 
2020-12-14T21:29:25 0 0 경기75자8580 4 69 227000039 277103348 23 
2020-12-14T21:30:25 0 0 경기75자8580 4 69 227000039 277103348 23 
2020-12-14T21:31:24 0 0 경기75자8580 4 69 227000039 277103348 23 
2020-12-14T21:32:24 0 0 경기75자8580 4 69 227000039 277103352 24 
2020-12-14T21:33:23 0 0 경기75자8580 4 69 227000039 277102840 25 
2020-12-14T21:34:22 0 0 경기75자8580 4 69 227000039 277102840 25 
2020-12-14T21:35:22 0 0 경기75자8580 4 69 227000039 277102840 25 
2020-12-14T21:36:22 0 0 경기75자8580 4 69 227000039 277102840 25 
2020-12-14T21:37:22 0 0 경기75자8580 4 69 227000039 277102840 25 
2020-12-14T21:38:21 0 0 경기75자8580 4 70 227000039 123000048 26 
2020-12-14T21:39:21 0 0 경기75자8580 4 72 227000039 123000048 26 
2020-12-14T21:40:21 0 0 경기75자8580 4 72 227000039 277101950 27 
2020-12-14T21:41:20 0 0 경기75자8580 4 72 227000039 277101950 27 
2020-12-14T21:42:20 0 0 경기75자8580 4 72 227000039 277101950 27 
2020-12-14T21:43:19 0 0 경기75자8580 4 72 227000039 277101950 27 
2020-12-14T21:44:19 0 0 경기75자8580 4 72 227000039 277102068 28 
2020-12-14T21:45:19 0 0 경기75자8580 4 72 227000039 123000511 29 
2020-12-14T21:46:18 0 0 경기75자8580 4 72 227000039 123000511 29 
2020-12-14T21:47:18 0 0 경기75자8580 4 67 227000039 123000511 29 
2020-12-14T21:48:17 0 0 경기75자8580 4 67 227000039 123000511 29 
2020-12-14T21:49:17 0 0 경기75자8580 4 67 227000039 277102842 30 
2020-12-14T21:50:16 0 0 경기75자8580 4 67 227000039 277102842 30 
2020-12-14T21:51:16 0 0 경기75자8580 4 67 227000039 277103353 31 
2020-12-14T21:52:15 0 0 경기75자8580 4 67 227000039 277103353 31 
2020-12-14T21:53:15 0 0 경기75자8580 4 67 227000039 277103349 32 
2020-12-14T21:54:14 0 0 경기75자8580 4 67 227000039 277103349 32 
2020-12-14T21:55:14 0 0 경기75자8580 4 67 227000039 277103349 32 
2020-12-14T21:56:14 0 0 경기75자8580 4 67 227000039 277103351 33 
2020-12-14T21:57:14 0 0 경기75자8580 4 67 227000039 277103351 33 
2020-12-14T21:58:13 0 0 경기75자8580 4 67 227000039 277103351 33 
2020-12-14T21:59:12 0 0 경기75자8580 4 68 227000039 227000284 34 
2020-12-14T22:00:12 0 0 경기75자8580 4 68 227000039 227000284 34 
2020-12-14T22:01:12 0 0 경기75자8580 4 68 227000039 227000284 34 
2020-12-14T22:02:11 0 0 경기75자8580 4 69 227000039 227000656 35 
2020-12-14T22:03:11 0 0 경기75자8580 4 69 227000039 227000484 36 
2020-12-14T22:03:11 0 0 경기75자8579 4 72 227000039 227000261 2 
2020-12-14T22:04:11 0 0 경기75자8580 4 69 227000039 227000484 36 
2020-12-14T22:04:11 0 0 경기75자8579 4 72 227000039 227000677 3 
2020-12-14T22:05:10 0 0 경기75자8580 4 70 227000039 227000232 37 
2020-12-14T22:05:10 0 0 경기75자8579 4 72 227000039 227000677 3 
2020-12-14T22:06:10 0 0 경기75자8580 4 70 227000039 227000281 38 
2020-12-14T22:06:10 0 0 경기75자8579 4 72 227000039 227000677 3 
2020-12-14T22:07:09 0 0 경기75자8580 4 70 227000039 227000281 38 
2020-12-14T22:07:09 0 0 경기75자8579 4 72 227000039 227000308 4 
2020-12-14T22:08:09 0 0 경기75자8580 4 71 227000039 227000268 39 
2020-12-14T22:08:09 0 0 경기75자8579 4 72 227000039 227000304 5 
2020-12-14T22:09:09 0 0 경기75자8580 4 71 227000039 227000268 39 
2020-12-14T22:09:09 0 0 경기75자8579 4 72 227000039 227000310 7 
2020-12-14T22:10:09 0 0 경기75자8580 4 71 227000039 227000679 40 
2020-12-14T22:10:09 0 0 경기75자8579 4 72 227000039 227000310 7 
2020-12-14T22:11:09 0 0 경기75자8580 4 71 227000039 227000679 40 
2020-12-14T22:11:09 0 0 경기75자8579 4 72 227000039 227000310 7 
2020-12-14T22:12:08 0 0 경기75자8580 4 71 227000039 227000071 41 
2020-12-14T22:12:08 0 0 경기75자8579 4 72 227000039 227000205 8 
2020-12-14T22:13:08 0 0 경기75자8580 4 71 227000039 227000071 41 
2020-12-14T22:13:08 0 0 경기75자8579 4 72 227000039 227000207 9 
2020-12-14T22:14:08 0 0 경기75자8580 4 72 227000039 227000192 43 
2020-12-14T22:14:08 0 0 경기75자8579 4 72 227000039 227000209 10 
2020-12-14T22:15:08 0 0 경기75자8580 4 72 227000039 227000210 45 
2020-12-14T22:15:08 0 0 경기75자8579 4 72 227000039 227000211 11 
2020-12-14T22:16:08 0 0 경기75자8580 4 72 227000039 227000208 47 
2020-12-14T22:16:08 0 0 경기75자8579 4 72 227000039 227000191 12 
2020-12-14T22:17:07 0 0 경기75자8580 4 72 227000039 227000208 47 
2020-12-14T22:17:07 0 0 경기75자8579 4 71 227000039 227000072 14 
2020-12-14T22:18:07 0 0 경기75자8580 4 72 227000039 227000206 48 
2020-12-14T22:18:07 0 0 경기75자8579 4 71 227000039 227000072 14 
2020-12-14T22:19:07 0 0 경기75자8580 4 72 227000039 227000311 49 
2020-12-14T22:19:07 0 0 경기75자8579 4 71 227000039 227000678 15 
2020-12-14T22:20:06 0 0 경기75자8580 4 72 227000039 227000665 51 
2020-12-14T22:20:06 0 0 경기75자8579 4 71 227000039 227000269 16 
2020-12-14T22:21:06 0 0 경기75자8580 4 72 227000039 227000305 52 
2020-12-14T22:21:06 0 0 경기75자8579 4 71 227000039 227000280 17 
2020-12-14T22:22:06 0 0 경기75자8580 4 72 227000039 227000306 54 
2020-12-14T22:22:06 0 0 경기75자8579 4 71 227000039 227000485 19 
2020-12-14T22:23:06 0 0 경기75자8580 4 72 227000039 227000306 54 
2020-12-14T22:23:06 0 0 경기75자8579 4 71 227000039 227000291 20 
2020-12-14T22:24:05 0 0 경기75자8580 4 72 227000039 227000334 55 
2020-12-14T22:24:05 0 0 경기75자8579 4 70 227000039 227000291 20 
2020-12-14T22:25:05 0 0 경기75자8580 4 72 227000039 227000334 55 
2020-12-14T22:25:05 0 0 경기75자8579 4 70 227000039 227000282 21 
2020-12-14T22:26:04 0 0 경기75자8580 4 72 227000039 227000260 56 
2020-12-14T22:26:04 0 0 경기75자8579 4 70 227000039 227000282 21 
2020-12-14T22:27:04 0 0 경기75자8579 4 70 227000039 277103350 22 
2020-12-14T22:28:03 0 0 경기75자8579 4 70 227000039 277103350 22 
2020-12-14T22:29:02 0 0 경기75자8579 4 70 227000039 277103350 22 
2020-12-14T22:30:02 0 0 경기75자8579 4 70 227000039 277103348 23 
2020-12-14T22:31:02 0 0 경기75자8579 4 70 227000039 277103348 23 
2020-12-14T22:32:01 0 0 경기75자8579 4 70 227000039 277103352 24 
2020-12-14T22:33:01 0 0 경기75자8579 4 70 227000039 277103352 24 
2020-12-14T22:34:00 0 0 경기75자8579 4 70 227000039 277102840 25 
2020-12-14T22:35:00 0 0 경기75자8579 4 70 227000039 277102840 25 
2020-12-14T22:35:59 0 0 경기75자8579 4 71 227000039 277102840 25 
2020-12-14T22:36:59 0 0 경기75자8579 4 72 227000039 123000048 26 
2020-12-14T22:37:59 0 0 경기75자8579 4 72 227000039 123000048 26 
2020-12-14T22:38:58 0 0 경기75자8579 4 72 227000039 277101950 27 
2020-12-14T22:39:58 0 0 경기75자8579 4 72 227000039 277101950 27 
2020-12-14T22:40:57 0 0 경기75자8579 4 72 227000039 277101950 27 
2020-12-14T22:41:57 0 0 경기75자8579 4 72 227000039 277101950 27 
2020-12-14T22:42:57 0 0 경기75자8579 4 72 227000039 277102068 28 
2020-12-14T22:43:56 0 0 경기75자8579 4 72 227000039 277102068 28 
2020-12-14T22:44:56 0 0 경기75자8579 4 72 227000039 123000511 29 
2020-12-14T22:45:55 0 0 경기75자8579 4 72 227000039 123000511 29 
2020-12-14T22:46:54 0 0 경기75자8579 4 72 227000039 123000511 29 
2020-12-14T22:47:53 0 0 경기75자8579 4 72 227000039 123000511 29 
2020-12-14T22:48:53 0 0 경기75자8579 4 72 227000039 123000511 29 
2020-12-14T22:49:52 0 0 경기75자8579 4 72 227000039 277102842 30 
2020-12-14T22:50:52 0 0 경기75자8579 4 72 227000039 277102842 30 
2020-12-14T22:51:51 0 0 경기75자8579 4 72 227000039 277103353 31 
2020-12-14T22:52:51 0 0 경기75자8579 4 72 227000039 277103353 31 
2020-12-14T22:53:50 0 0 경기75자8579 4 72 227000039 277103349 32 
2020-12-14T22:54:50 0 0 경기75자8579 4 72 227000039 277103349 32 
2020-12-14T22:55:49 0 0 경기75자8579 4 72 227000039 277103351 33 
2020-12-14T22:56:49 0 0 경기75자8579 4 72 227000039 277103351 33 
2020-12-14T22:57:49 0 0 경기75자8579 4 72 227000039 277103351 33 
2020-12-14T22:58:48 0 0 경기75자8579 4 72 227000039 277103351 33 
2020-12-14T22:59:48 0 0 경기75자8579 4 72 227000039 227000284 34 
2020-12-14T23:00:48 0 0 경기75자8579 4 72 227000039 227000656 35 
2020-12-14T23:01:47 0 0 경기75자8579 4 72 227000039 227000656 35 
2020-12-14T23:02:47 0 0 경기75자8579 4 72 227000039 227000232 37 
2020-12-14T23:03:47 0 0 경기75자8579 4 72 227000039 227000232 37 
2020-12-14T23:04:46 0 0 경기75자8579 4 72 227000039 227000232 37 
2020-12-14T23:05:46 0 0 경기75자8579 4 72 227000039 227000268 39 
2020-12-14T23:06:46 0 0 경기75자8579 4 72 227000039 227000268 39 
2020-12-14T23:07:45 0 0 경기75자8579 4 72 227000039 227000679 40 
2020-12-14T23:08:45 0 0 경기75자8579 4 72 227000039 227000071 41 
2020-12-14T23:09:44 0 0 경기75자8579 4 72 227000039 227000071 41 
2020-12-14T23:10:44 0 0 경기75자8579 4 72 227000039 227000212 44 
2020-12-14T23:11:44 0 0 경기75자8579 4 72 227000039 227000212 44 
2020-12-14T23:12:43 0 0 경기75자8579 4 72 227000039 227000630 46 
2020-12-14T23:13:42 0 0 경기75자8579 4 72 227000039 227000206 48 
2020-12-14T23:14:42 0 0 경기75자8579 4 72 227000039 227000206 48 
2020-12-14T23:15:41 0 0 경기75자8580 4 72 227000039 227000261 2 
2020-12-14T23:15:41 0 0 경기75자8579 4 72 227000039 227000664 50 
2020-12-14T23:16:41 0 0 경기75자8580 4 72 227000039 227000677 3 
2020-12-14T23:16:41 0 0 경기75자8579 4 72 227000039 227000665 51 
2020-12-14T23:17:41 0 0 경기75자8580 4 72 227000039 227000677 3 
2020-12-14T23:17:41 0 0 경기75자8579 4 72 227000039 227000306 54 
2020-12-14T23:18:40 0 0 경기75자8580 4 72 227000039 227000308 4 
2020-12-14T23:18:40 0 0 경기75자8579 4 72 227000039 227000306 54 
2020-12-14T23:19:40 0 0 경기75자8580 4 72 227000039 227000308 4 
2020-12-14T23:19:40 0 0 경기75자8579 4 72 227000039 227000334 55 
2020-12-14T23:20:40 0 0 경기75자8580 4 72 227000039 227000304 5 
2020-12-14T23:20:40 0 0 경기75자8579 4 72 227000039 227000334 55 
2020-12-14T23:21:39 0 0 경기75자8580 4 72 227000039 227000310 7 
2020-12-14T23:21:39 0 0 경기75자8579 4 72 227000039 227000334 55 
2020-12-14T23:22:39 0 0 경기75자8580 4 72 227000039 227000310 7 
2020-12-14T23:22:39 0 0 경기75자8579 4 72 227000039 227000334 55 
2020-12-14T23:23:39 0 0 경기75자8580 4 72 227000039 227000310 7 
2020-12-14T23:24:39 0 0 경기75자8580 4 72 227000039 227000205 8 
2020-12-14T23:25:39 0 0 경기75자8580 4 72 227000039 227000207 9 
2020-12-14T23:26:38 0 0 경기75자8580 4 72 227000039 227000209 10 
2020-12-14T23:27:38 0 0 경기75자8580 4 72 227000039 227000211 11 
2020-12-14T23:28:38 0 0 경기75자8580 4 72 227000039 227000191 12 
2020-12-14T23:29:38 0 0 경기75자8580 4 72 227000039 227000257 13 
2020-12-14T23:30:38 0 0 경기75자8580 4 72 227000039 227000072 14 
2020-12-14T23:31:38 0 0 경기75자8580 4 72 227000039 227000678 15 
2020-12-14T23:32:37 0 0 경기75자8580 4 72 227000039 227000269 16 
2020-12-14T23:33:38 0 0 경기75자8580 4 72 227000039 227000230 18 
2020-12-14T23:34:36 0 0 경기75자8580 4 72 227000039 227000485 19 
2020-12-14T23:35:35 0 0 경기75자8580 4 71 227000039 227000485 19 
2020-12-14T23:36:35 0 0 경기75자8580 4 71 227000039 227000485 19 
2020-12-14T23:37:34 0 0 경기75자8580 4 71 227000039 227000291 20 
2020-12-14T23:38:34 0 0 경기75자8580 4 71 227000039 227000291 20 
2020-12-14T23:39:34 0 0 경기75자8580 4 71 227000039 227000282 21 
2020-12-14T23:40:33 0 0 경기75자8580 4 71 227000039 227000282 21 
2020-12-14T23:41:33 0 0 경기75자8580 4 71 227000039 227000282 21 
2020-12-14T23:42:32 0 0 경기75자8580 4 71 227000039 227000282 21 
2020-12-14T23:43:32 0 0 경기75자8580 4 71 227000039 227000282 21 
2020-12-14T23:44:32 0 0 경기75자8580 4 71 227000039 277103350 22 
2020-12-14T23:45:31 0 0 경기75자8580 4 71 227000039 277103350 22 
2020-12-14T23:46:31 0 0 경기75자8580 4 71 227000039 277103348 23 
2020-12-14T23:47:30 0 0 경기75자8580 4 71 227000039 277103348 23 
2020-12-14T23:48:30 0 0 경기75자8580 4 71 227000039 277103348 23 
2020-12-14T23:49:29 0 0 경기75자8580 4 71 227000039 277103352 24 
2020-12-14T23:50:29 0 0 경기75자8580 4 71 227000039 277102840 25 
2020-12-14T23:51:28 0 0 경기75자8580 4 71 227000039 277102840 25 
2020-12-14T23:52:27 0 0 경기75자8580 4 71 227000039 277102840 25 
2020-12-14T23:53:27 0 0 경기75자8580 4 71 227000039 277102840 25 
2020-12-14T23:54:26 0 0 경기75자8580 4 72 227000039 123000048 26 
2020-12-14T23:55:26 0 0 경기75자8580 4 72 227000039 123000048 26 
2020-12-14T23:56:25 0 0 경기75자8580 4 72 227000039 277101950 27 
2020-12-14T23:57:25 0 0 경기75자8580 4 72 227000039 277101950 27 
2020-12-14T23:58:25 0 0 경기75자8580 4 72 227000039 277101950 27 
2020-12-14T23:59:24 0 0 경기75자8580 4 72 227000039 277101950 27 
2020-12-15T00:00:24 0 0 경기75자8580 4 72 227000039 277101950 27 
2020-12-15T00:01:23 0 0 경기75자8580 4 72 227000039 277102068 28 
2020-12-15T00:02:23 0 0 경기75자8580 4 72 227000039 277102068 28 
2020-12-15T00:03:22 0 0 경기75자8580 4 72 227000039 277102068 28 
2020-12-15T00:04:22 0 0 경기75자8580 4 72 227000039 123000511 29 
2020-12-15T00:05:21 0 0 경기75자8580 4 72 227000039 123000511 29 
2020-12-15T00:06:21 0 0 경기75자8580 4 72 227000039 123000511 29 
2020-12-15T00:07:20 0 0 경기75자8580 4 72 227000039 277102842 30 
2020-12-15T00:08:19 0 0 경기75자8580 4 72 227000039 277102842 30 
2020-12-15T00:09:19 0 0 경기75자8580 4 72 227000039 277103353 31 
2020-12-15T00:10:19 0 0 경기75자8580 4 72 227000039 277103353 31 
2020-12-15T00:11:18 0 0 경기75자8580 4 72 227000039 277103349 32 
2020-12-15T00:12:18 0 0 경기75자8580 4 72 227000039 277103349 32 
2020-12-15T00:13:17 0 0 경기75자8580 4 72 227000039 277103349 32 
2020-12-15T00:14:16 0 0 경기75자8580 4 72 227000039 277103351 33 
2020-12-15T00:15:16 0 0 경기75자8580 4 72 227000039 277103351 33 
2020-12-15T00:16:15 0 0 경기75자8580 4 72 227000039 227000284 34 
2020-12-15T00:17:14 0 0 경기75자8580 4 72 227000039 227000284 34 
2020-12-15T00:18:14 0 0 경기75자8580 4 72 227000039 227000284 34 
2020-12-15T00:19:14 0 0 경기75자8580 4 72 227000039 227000484 36 
2020-12-15T00:20:14 0 0 경기75자8580 4 72 227000039 227000484 36 
2020-12-15T00:21:13 0 0 경기75자8580 4 72 227000039 227000484 36 
2020-12-15T00:22:12 0 0 경기75자8580 4 72 227000039 227000281 38 
2020-12-15T00:23:12 0 0 경기75자8580 4 72 227000039 227000268 39 
2020-12-15T00:24:10 0 0 경기75자8580 4 72 227000039 227000679 40 
2020-12-15T00:25:10 0 0 경기75자8580 4 72 227000039 227000679 40 
2020-12-15T00:26:09 0 0 경기75자8580 4 72 227000039 227000679 40 
2020-12-15T00:27:09 0 0 경기75자8580 4 72 227000039 227000071 41 
2020-12-15T00:28:08 0 0 경기75자8580 4 72 227000039 227000192 43 
2020-12-15T00:29:07 0 0 경기75자8580 4 72 227000039 227000210 45 
2020-12-15T00:30:07 0 0 경기75자8580 4 72 227000039 227000210 45 
2020-12-15T00:31:07 0 0 경기75자8580 4 71 227000039 227000630 46 
2020-12-15T00:32:06 0 0 경기75자8580 4 71 227000039 227000208 47 
2020-12-15T00:33:06 0 0 경기75자8580 4 71 227000039 227000206 48 
2020-12-15T00:34:06 0 0 경기75자8580 4 71 227000039 227000311 49 
2020-12-15T00:35:05 0 0 경기75자8580 4 71 227000039 227000311 49 
2020-12-15T00:36:05 0 0 경기75자8580 4 71 227000039 227000665 51 
2020-12-15T00:37:04 0 0 경기75자8580 4 71 227000039 227000307 53 
2020-12-15T00:38:03 0 0 경기75자8580 4 72 227000039 227000306 54 
2020-12-15T00:39:03 0 0 경기75자8580 4 72 227000039 227000334 55 
2020-12-15T00:40:02 0 0 경기75자8580 4 72 227000039 227000334 55 
2020-12-15T00:41:01 0 0 경기75자8580 4 72 227000039 227000260 56 
