227000039 2020-12-02T00:00:29.582971+09:00
2020-12-02T14:23:35.057322+09:00 0 0 경기75자8579 4 72 227000039 227000269 16 
2020-12-02T14:24:35.038521+09:00 0 0 경기75자8579 4 72 227000039 227000269 16 
2020-12-02T14:25:34.212550+09:00 0 0 경기75자8579 4 72 227000039 227000280 17 
2020-12-02T14:26:33.916754+09:00 0 0 경기75자8579 4 72 227000039 227000230 18 
2020-12-02T14:27:33.870708+09:00 0 0 경기75자8579 4 72 227000039 227000485 19 
2020-12-02T14:28:33.474805+09:00 0 0 경기75자8579 4 72 227000039 227000485 19 
2020-12-02T14:29:32.398843+09:00 0 0 경기75자8579 4 72 227000039 227000291 20 
2020-12-02T14:30:31.972911+09:00 0 0 경기75자8579 4 72 227000039 227000291 20 
2020-12-02T14:31:31.277143+09:00 0 0 경기75자8579 4 72 227000039 227000291 20 
2020-12-02T14:32:30.761202+09:00 0 0 경기75자8579 4 71 227000039 227000282 21 
2020-12-02T14:33:30.635142+09:00 0 0 경기75자8579 4 71 227000039 227000282 21 
2020-12-02T14:34:30.529332+09:00 0 0 경기75자8579 4 71 227000039 227000282 21 
2020-12-02T14:35:30.143414+09:00 0 0 경기75자8579 4 71 227000039 227000282 21 
2020-12-02T14:36:29.877515+09:00 0 0 경기75자8579 4 71 227000039 277103350 22 
2020-12-02T14:37:29.901640+09:00 0 0 경기75자8579 4 71 227000039 277103350 22 
2020-12-02T14:38:29.355668+09:00 0 0 경기75자8579 4 71 227000039 277103350 22 
2020-12-02T14:39:28.869798+09:00 0 0 경기75자8579 4 71 227000039 277103348 23 
2020-12-02T14:40:28.463918+09:00 0 0 경기75자8579 4 71 227000039 277103348 23 
2020-12-02T14:41:28.488086+09:00 0 0 경기75자8579 4 71 227000039 277103348 23 
2020-12-02T14:42:28.052467+09:00 0 0 경기75자8579 4 71 227000039 277103352 24 
2020-12-02T14:43:27.837129+09:00 0 0 경기75자8579 4 71 227000039 277102840 25 
2020-12-02T14:44:26.900801+09:00 0 0 경기75자8579 4 71 227000039 277102840 25 
2020-12-02T14:45:26.605008+09:00 0 0 경기75자8579 4 71 227000039 277102840 25 
2020-12-02T14:46:26.069216+09:00 0 0 경기75자8579 4 71 227000039 277102840 25 
2020-12-02T14:47:25.903289+09:00 0 0 경기75자8579 4 71 227000039 277102840 25 
2020-12-02T14:48:25.797659+09:00 0 0 경기75자8579 4 71 227000039 277102840 25 
2020-12-02T14:49:25.201678+09:00 0 0 경기75자8579 4 72 227000039 123000048 26 
2020-12-02T14:50:25.055880+09:00 0 0 경기75자8579 4 72 227000039 123000048 26 
2020-12-02T14:51:24.680054+09:00 0 0 경기75자8579 4 72 227000039 123000048 26 
2020-12-02T14:52:23.704168+09:00 0 0 경기75자8579 4 72 227000039 123000048 26 
2020-12-02T14:53:23.568408+09:00 0 0 경기75자8579 4 72 227000039 277101950 27 
2020-12-02T14:54:27.642846+09:00 0 0 경기75자8579 4 72 227000039 277101950 27 
2020-12-02T14:55:22.156508+09:00 0 0 경기75자8579 4 72 227000039 277101950 27 
2020-12-02T14:56:22.151006+09:00 0 0 경기75자8579 4 72 227000039 277102068 28 
2020-12-02T14:57:22.364949+09:00 0 0 경기75자8579 4 72 227000039 277102068 28 
2020-12-02T14:58:21.189093+09:00 0 0 경기75자8579 4 72 227000039 123000511 29 
2020-12-02T14:59:21.233249+09:00 0 0 경기75자8579 4 72 227000039 123000511 29 
2020-12-02T15:00:20.517266+09:00 0 0 경기75자8579 4 72 227000039 123000511 29 
2020-12-02T15:01:20.251739+09:00 0 0 경기75자8579 4 72 227000039 123000511 29 
2020-12-02T15:02:19.785614+09:00 0 0 경기75자8579 4 72 227000039 277102842 30 
2020-12-02T15:03:19.399708+09:00 0 0 경기75자8579 4 72 227000039 277103353 31 
2020-12-02T15:04:18.893880+09:00 0 0 경기75자8579 4 72 227000039 277103353 31 
2020-12-02T15:05:18.347919+09:00 0 0 경기75자8579 4 72 227000039 277103353 31 
2020-12-02T15:06:18.442089+09:00 0 0 경기75자8579 4 72 227000039 277103349 32 
2020-12-02T15:07:17.616210+09:00 0 0 경기75자8579 4 72 227000039 277103349 32 
2020-12-02T15:08:17.570277+09:00 0 0 경기75자8579 4 72 227000039 277103351 33 
2020-12-02T15:09:16.594572+09:00 0 0 경기75자8579 4 72 227000039 277103351 33 
2020-12-02T15:10:16.398623+09:00 0 0 경기75자8579 4 72 227000039 277103351 33 
2020-12-02T15:11:16.162698+09:00 0 0 경기75자8579 4 72 227000039 277103351 33 
2020-12-02T15:12:16.196922+09:00 0 0 경기75자8579 4 72 227000039 227000284 34 
2020-12-02T15:13:15.711025+09:00 0 0 경기75자8579 4 72 227000039 227000284 34 
2020-12-02T15:14:15.365152+09:00 0 0 경기75자8579 4 72 227000039 227000656 35 
2020-12-02T15:15:14.809262+09:00 0 0 경기75자8579 4 72 227000039 227000656 35 
2020-12-02T15:16:14.713264+09:00 0 0 경기75자8579 4 72 227000039 227000656 35 
2020-12-02T15:17:14.507608+09:00 0 0 경기75자8579 4 72 227000039 227000484 36 
2020-12-02T15:18:14.091575+09:00 0 0 경기75자8579 4 72 227000039 227000484 36 
2020-12-02T15:19:14.105740+09:00 0 0 경기75자8579 4 72 227000039 227000232 37 
2020-12-02T15:20:12.779782+09:00 0 0 경기75자8579 4 72 227000039 227000281 38 
2020-12-02T15:21:12.613886+09:00 0 0 경기75자8579 4 72 227000039 227000268 39 
2020-12-02T15:22:12.138020+09:00 0 0 경기75자8579 4 72 227000039 227000679 40 
2020-12-02T15:23:12.102173+09:00 0 0 경기75자8579 4 72 227000039 227000679 40 
2020-12-02T15:24:11.886233+09:00 0 0 경기75자8580 4 72 227000039 227000261 2 
2020-12-02T15:24:11.886292+09:00 0 0 경기75자8579 4 72 227000039 227000071 41 
2020-12-02T15:25:11.570564+09:00 0 0 경기75자8580 4 72 227000039 227000677 3 
2020-12-02T15:25:11.570629+09:00 0 0 경기75자8579 4 72 227000039 227000071 41 
2020-12-02T15:26:11.464534+09:00 0 0 경기75자8580 4 72 227000039 227000677 3 
2020-12-02T15:26:11.464600+09:00 0 0 경기75자8579 4 72 227000039 227000192 43 
2020-12-02T15:27:10.158681+09:00 0 0 경기75자8580 4 72 227000039 227000677 3 
2020-12-02T15:27:10.158748+09:00 0 0 경기75자8579 4 72 227000039 227000210 45 
2020-12-02T15:28:10.082772+09:00 0 0 경기75자8580 4 72 227000039 227000308 4 
2020-12-02T15:28:10.082834+09:00 0 0 경기75자8579 4 72 227000039 227000208 47 
2020-12-02T15:29:09.046802+09:00 0 0 경기75자8580 4 71 227000039 227000304 5 
2020-12-02T15:29:09.046864+09:00 0 0 경기75자8579 4 72 227000039 227000208 47 
2020-12-02T15:30:09.120983+09:00 0 0 경기75자8580 4 71 227000039 227000304 5 
2020-12-02T15:30:09.121090+09:00 0 0 경기75자8579 4 72 227000039 227000311 49 
2020-12-02T15:31:08.054986+09:00 0 0 경기75자8580 4 71 227000039 227000304 5 
2020-12-02T15:31:08.055049+09:00 0 0 경기75자8579 4 72 227000039 227000311 49 
2020-12-02T15:32:08.089239+09:00 0 0 경기75자8580 4 71 227000039 227000310 7 
2020-12-02T15:32:08.089304+09:00 0 0 경기75자8579 4 72 227000039 227000665 51 
2020-12-02T15:33:06.843166+09:00 0 0 경기75자8580 4 71 227000039 227000310 7 
2020-12-02T15:33:06.843228+09:00 0 0 경기75자8579 4 72 227000039 227000307 53 
2020-12-02T15:34:06.777324+09:00 0 0 경기75자8580 4 71 227000039 227000310 7 
2020-12-02T15:34:06.777387+09:00 0 0 경기75자8579 4 72 227000039 227000306 54 
2020-12-02T15:35:06.541582+09:00 0 0 경기75자8580 4 71 227000039 227000207 9 
2020-12-02T15:35:06.541645+09:00 0 0 경기75자8579 4 72 227000039 227000334 55 
2020-12-02T15:36:06.355798+09:00 0 0 경기75자8580 4 71 227000039 227000209 10 
2020-12-02T15:36:06.355859+09:00 0 0 경기75자8579 4 72 227000039 227000334 55 
2020-12-02T15:37:06.009778+09:00 0 0 경기75자8580 4 71 227000039 227000211 11 
2020-12-02T15:37:06.009839+09:00 0 0 경기75자8579 4 72 227000039 227000334 55 
2020-12-02T15:38:05.413831+09:00 0 0 경기75자8580 4 71 227000039 227000257 13 
2020-12-02T15:38:05.413893+09:00 0 0 경기75자8579 4 72 227000039 227000334 55 
2020-12-02T15:39:05.418032+09:00 0 0 경기75자8580 4 71 227000039 227000257 13 
2020-12-02T15:40:04.272082+09:00 0 0 경기75자8580 4 71 227000039 227000072 14 
2020-12-02T15:41:03.736096+09:00 0 0 경기75자8580 4 71 227000039 227000678 15 
2020-12-02T15:42:03.450134+09:00 0 0 경기75자8580 4 71 227000039 227000269 16 
2020-12-02T15:43:03.214539+09:00 0 0 경기75자8580 4 71 227000039 227000280 17 
2020-12-02T15:44:03.108516+09:00 0 0 경기75자8580 4 72 227000039 227000230 18 
2020-12-02T15:45:02.812713+09:00 0 0 경기75자8580 4 72 227000039 227000230 18 
2020-12-02T15:46:02.696874+09:00 0 0 경기75자8580 4 72 227000039 227000230 18 
2020-12-02T15:47:02.321143+09:00 0 0 경기75자8580 4 72 227000039 227000485 19 
2020-12-02T15:48:02.205270+09:00 0 0 경기75자8580 4 72 227000039 227000485 19 
2020-12-02T15:49:01.999189+09:00 0 0 경기75자8580 4 72 227000039 227000291 20 
2020-12-02T15:50:01.623241+09:00 0 0 경기75자8580 4 72 227000039 227000282 21 
2020-12-02T15:51:01.407117+09:00 0 0 경기75자8580 4 71 227000039 227000282 21 
2020-12-02T15:52:00.951214+09:00 0 0 경기75자8580 4 71 227000039 227000282 21 
2020-12-02T15:53:01.155217+09:00 0 0 경기75자8580 4 71 227000039 227000282 21 
2020-12-02T15:54:00.619265+09:00 0 0 경기75자8580 4 71 227000039 277103350 22 
2020-12-02T15:55:00.403348+09:00 0 0 경기75자8580 4 71 227000039 277103350 22 
2020-12-02T15:56:00.077355+09:00 0 0 경기75자8580 4 71 227000039 277103350 22 
2020-12-02T15:56:59.871350+09:00 0 0 경기75자8580 4 71 227000039 277103348 23 
2020-12-02T15:57:59.685453+09:00 0 0 경기75자8580 4 71 227000039 277103348 23 
2020-12-02T15:58:59.679658+09:00 0 0 경기75자8580 4 71 227000039 277103348 23 
2020-12-02T15:59:59.493623+09:00 0 0 경기75자8580 4 71 227000039 277103352 24 
2020-12-02T16:00:59.057693+09:00 0 0 경기75자8580 4 71 227000039 277102840 25 
2020-12-02T16:01:58.691869+09:00 0 0 경기75자8580 4 71 227000039 277102840 25 
2020-12-02T16:02:58.335865+09:00 0 0 경기75자8580 4 71 227000039 277102840 25 
2020-12-02T16:03:58.239975+09:00 0 0 경기75자8580 4 71 227000039 277102840 25 
2020-12-02T16:04:57.984012+09:00 0 0 경기75자8580 4 71 227000039 277102840 25 
2020-12-02T16:05:57.488073+09:00 0 0 경기75자8580 4 71 227000039 277102840 25 
2020-12-02T16:06:57.282156+09:00 0 0 경기75자8580 4 71 227000039 277102840 25 
2020-12-02T16:07:57.226256+09:00 0 0 경기75자8580 4 71 227000039 277102840 25 
2020-12-02T16:08:56.800950+09:00 0 0 경기75자8580 4 71 227000039 277102840 25 
2020-12-02T16:09:56.464456+09:00 0 0 경기75자8580 4 71 227000039 277102840 25 
2020-12-02T16:10:55.898531+09:00 0 0 경기75자8580 4 71 227000039 277102840 25 
2020-12-02T16:11:55.952614+09:00 0 0 경기75자8580 4 71 227000039 277102840 25 
2020-12-02T16:12:55.876817+09:00 0 0 경기75자8580 4 71 227000039 277102840 25 
2020-12-02T16:13:55.190835+09:00 0 0 경기75자8580 4 72 227000039 123000048 26 
2020-12-02T16:14:55.225150+09:00 0 0 경기75자8580 4 72 227000039 123000048 26 
2020-12-02T16:15:54.479255+09:00 0 0 경기75자8580 4 72 227000039 123000048 26 
2020-12-02T16:16:54.233256+09:00 0 0 경기75자8580 4 72 227000039 277101950 27 
2020-12-02T16:17:53.957213+09:00 0 0 경기75자8580 4 72 227000039 277101950 27 
2020-12-02T16:18:53.651378+09:00 0 0 경기75자8580 4 72 227000039 277101950 27 
2020-12-02T16:19:52.975420+09:00 0 0 경기75자8580 4 72 227000039 277101950 27 
2020-12-02T16:20:52.099504+09:00 0 0 경기75자8580 4 72 227000039 277101950 27 
2020-12-02T16:21:52.083618+09:00 0 0 경기75자8580 4 72 227000039 277102068 28 
2020-12-02T16:22:52.057817+09:00 0 0 경기75자8580 4 72 227000039 277102068 28 
2020-12-02T16:23:50.831660+09:00 0 0 경기75자8580 4 72 227000039 123000511 29 
2020-12-02T16:24:50.285288+09:00 0 0 경기75자8580 4 71 227000039 123000511 29 
2020-12-02T16:25:50.249556+09:00 0 0 경기75자8580 4 71 227000039 123000511 29 
2020-12-02T16:26:49.952919+09:00 0 0 경기75자8580 4 71 227000039 123000511 29 
2020-12-02T16:27:49.426704+09:00 0 0 경기75자8580 4 71 227000039 123000511 29 
2020-12-02T16:28:49.530540+09:00 0 0 경기75자8580 4 71 227000039 123000511 29 
2020-12-02T16:29:49.514477+09:00 0 0 경기75자8580 4 71 227000039 123000511 29 
2020-12-02T16:30:48.588182+09:00 0 0 경기75자8580 4 71 227000039 123000511 29 
2020-12-02T16:31:48.252172+09:00 0 0 경기75자8580 4 71 227000039 123000511 29 
2020-12-02T16:32:47.966054+09:00 0 0 경기75자8580 4 71 227000039 277102842 30 
2020-12-02T16:33:47.769959+09:00 0 0 경기75자8580 4 71 227000039 277102842 30 
2020-12-02T16:34:47.433981+09:00 0 0 경기75자8580 4 71 227000039 277103353 31 
2020-12-02T16:35:46.487845+09:00 0 0 경기75자8580 4 71 227000039 277103353 31 
2020-12-02T16:36:46.061774+09:00 0 0 경기75자8580 4 71 227000039 277103349 32 
2020-12-02T16:37:45.885858+09:00 0 0 경기75자8580 4 71 227000039 277103349 32 
2020-12-02T16:38:45.779798+09:00 0 0 경기75자8580 4 71 227000039 277103349 32 
2020-12-02T16:39:44.623746+09:00 0 0 경기75자8580 4 71 227000039 277103351 33 
2020-12-02T16:40:44.137655+09:00 0 0 경기75자8580 4 71 227000039 277103351 33 
2020-12-02T16:41:43.351716+09:00 0 0 경기75자8580 4 71 227000039 227000284 34 
2020-12-02T16:42:43.195697+09:00 0 0 경기75자8580 4 71 227000039 227000284 34 
2020-12-02T16:43:43.089708+09:00 0 0 경기75자8580 4 71 227000039 227000284 34 
