227000039 2020-12-13T00:50:57.312448+09:00
2020-12-13T06:33:47 0 0 경기75자8580 4 72 227000039 227000261 2 
2020-12-13T06:34:47 0 0 경기75자8580 4 72 227000039 227000261 2 
2020-12-13T06:35:46 0 0 경기75자8580 4 72 227000039 227000261 2 
2020-12-13T06:36:46 0 0 경기75자8580 4 72 227000039 227000677 3 
2020-12-13T06:37:46 0 0 경기75자8580 4 72 227000039 227000677 3 
2020-12-13T06:38:46 0 0 경기75자8580 4 72 227000039 227000308 4 
2020-12-13T06:39:45 0 0 경기75자8580 4 72 227000039 227000666 6 
2020-12-13T06:40:44 0 0 경기75자8580 4 72 227000039 227000310 7 
2020-12-13T06:41:44 0 0 경기75자8580 4 72 227000039 227000310 7 
2020-12-13T06:42:44 0 0 경기75자8580 4 72 227000039 227000310 7 
2020-12-13T06:43:44 0 0 경기75자8580 4 72 227000039 227000205 8 
2020-12-13T06:44:44 0 0 경기75자8580 4 72 227000039 227000209 10 
2020-12-13T06:45:43 0 0 경기75자8580 4 72 227000039 227000209 10 
2020-12-13T06:46:43 0 0 경기75자8580 4 72 227000039 227000211 11 
2020-12-13T06:47:42 0 0 경기75자8580 4 72 227000039 227000257 13 
2020-12-13T06:48:41 0 0 경기75자8580 4 72 227000039 227000072 14 
2020-12-13T06:49:41 0 0 경기75자8580 4 72 227000039 227000678 15 
2020-12-13T06:50:40 0 0 경기75자8580 4 72 227000039 227000678 15 
2020-12-13T06:51:40 0 0 경기75자8580 4 72 227000039 227000269 16 
2020-12-13T06:52:39 0 0 경기75자8580 4 71 227000039 227000230 18 
2020-12-13T06:53:39 0 0 경기75자8580 4 69 227000039 227000485 19 
2020-12-13T06:54:38 0 0 경기75자8580 4 69 227000039 227000485 19 
2020-12-13T06:55:38 0 0 경기75자8580 4 69 227000039 227000485 19 
2020-12-13T06:56:37 0 0 경기75자8580 4 69 227000039 227000282 21 
2020-12-13T06:57:37 0 0 경기75자8580 4 69 227000039 227000282 21 
2020-12-13T06:58:37 0 0 경기75자8580 4 69 227000039 227000282 21 
2020-12-13T06:59:37 0 0 경기75자8580 4 69 227000039 227000282 21 
2020-12-13T07:00:37 0 0 경기75자8580 4 69 227000039 277103350 22 
2020-12-13T07:01:37 0 0 경기75자8580 4 69 227000039 277103350 22 
2020-12-13T07:02:36 0 0 경기75자8580 4 69 227000039 277103348 23 
2020-12-13T07:03:35 0 0 경기75자8580 4 69 227000039 277103348 23 
2020-12-13T07:04:35 0 0 경기75자8580 4 69 227000039 277103348 23 
2020-12-13T07:05:35 0 0 경기75자8580 4 69 227000039 277103352 24 
2020-12-13T07:06:34 0 0 경기75자8580 4 69 227000039 277102840 25 
2020-12-13T07:07:34 0 0 경기75자8580 4 69 227000039 277102840 25 
2020-12-13T07:08:34 0 0 경기75자8580 4 69 227000039 277102840 25 
2020-12-13T07:09:33 0 0 경기75자8580 4 69 227000039 277102840 25 
2020-12-13T07:10:32 0 0 경기75자8580 4 71 227000039 277102840 25 
2020-12-13T07:11:32 0 0 경기75자8580 4 71 227000039 123000048 26 
2020-12-13T07:12:32 0 0 경기75자8580 4 71 227000039 277101950 27 
2020-12-13T07:13:31 0 0 경기75자8580 4 71 227000039 277101950 27 
2020-12-13T07:14:31 0 0 경기75자8580 4 71 227000039 277101950 27 
2020-12-13T07:15:30 0 0 경기75자8580 4 71 227000039 277101950 27 
2020-12-13T07:16:30 0 0 경기75자8580 4 71 227000039 277101950 27 
2020-12-13T07:17:29 0 0 경기75자8580 4 71 227000039 277101950 27 
2020-12-13T07:18:29 0 0 경기75자8580 4 71 227000039 277101950 27 
2020-12-13T07:19:29 0 0 경기75자8580 4 71 227000039 277102068 28 
2020-12-13T07:20:28 0 0 경기75자8580 4 71 227000039 123000511 29 
2020-12-13T07:21:27 0 0 경기75자8580 4 71 227000039 123000511 29 
2020-12-13T07:22:27 0 0 경기75자8580 4 71 227000039 123000511 29 
2020-12-13T07:23:26 0 0 경기75자8580 4 71 227000039 277102842 30 
2020-12-13T07:24:25 0 0 경기75자8580 4 71 227000039 277103353 31 
2020-12-13T07:25:25 0 0 경기75자8580 4 71 227000039 277103353 31 
2020-12-13T07:26:24 0 0 경기75자8580 4 71 227000039 277103353 31 
2020-12-13T07:27:24 0 0 경기75자8580 4 71 227000039 277103349 32 
2020-12-13T07:28:23 0 0 경기75자8580 4 71 227000039 277103349 32 
2020-12-13T07:29:23 0 0 경기75자8580 4 71 227000039 277103349 32 
2020-12-13T07:30:22 0 0 경기75자8580 4 71 227000039 277103351 33 
2020-12-13T07:31:21 0 0 경기75자8580 4 71 227000039 277103351 33 
2020-12-13T07:32:21 0 0 경기75자8580 4 71 227000039 277103351 33 
2020-12-13T07:33:20 0 0 경기75자8580 4 71 227000039 227000284 34 
2020-12-13T07:34:19 0 0 경기75자8580 4 71 227000039 227000284 34 
2020-12-13T07:35:19 0 0 경기75자8580 4 71 227000039 227000656 35 
2020-12-13T07:36:18 0 0 경기75자8580 4 71 227000039 227000484 36 
2020-12-13T07:37:18 0 0 경기75자8580 4 71 227000039 227000484 36 
2020-12-13T07:38:17 0 0 경기75자8580 4 71 227000039 227000281 38 
2020-12-13T07:39:17 0 0 경기75자8580 4 71 227000039 227000268 39 
2020-12-13T07:40:16 0 0 경기75자8580 4 71 227000039 227000679 40 
2020-12-13T07:41:16 0 0 경기75자8580 4 71 227000039 227000679 40 
2020-12-13T07:42:16 0 0 경기75자8580 4 71 227000039 227000679 40 
2020-12-13T07:43:15 0 0 경기75자8580 4 71 227000039 227000679 40 
2020-12-13T07:44:15 0 0 경기75자8580 4 71 227000039 227000679 40 
2020-12-13T07:45:14 0 0 경기75자8580 4 71 227000039 227000071 41 
2020-12-13T07:46:14 0 0 경기75자8580 4 71 227000039 227000071 41 
2020-12-13T07:47:14 0 0 경기75자8580 4 71 227000039 227000212 44 
2020-12-13T07:48:12 0 0 경기75자8580 4 71 227000039 227000212 44 
2020-12-13T07:49:12 0 0 경기75자8580 4 71 227000039 227000210 45 
2020-12-13T07:50:11 0 0 경기75자8580 4 70 227000039 227000208 47 
2020-12-13T07:51:10 0 0 경기75자8580 4 70 227000039 227000208 47 
2020-12-13T07:52:10 0 0 경기75자8580 4 70 227000039 227000208 47 
2020-12-13T07:53:10 0 0 경기75자8580 4 70 227000039 227000311 49 
2020-12-13T07:54:09 0 0 경기75자8580 4 70 227000039 227000664 50 
2020-12-13T07:55:09 0 0 경기75자8580 4 70 227000039 227000305 52 
2020-12-13T07:56:09 0 0 경기75자8580 4 71 227000039 227000306 54 
2020-12-13T07:57:07 0 0 경기75자8580 4 71 227000039 227000306 54 
2020-12-13T07:58:08 0 0 경기75자8580 4 71 227000039 227000334 55 
2020-12-13T07:59:07 0 0 경기75자8580 4 71 227000039 227000334 55 
2020-12-13T08:50:40 0 0 경기75자8580 4 72 227000039 227000261 2 
2020-12-13T08:51:40 0 0 경기75자8580 4 72 227000039 227000677 3 
2020-12-13T08:52:39 0 0 경기75자8580 4 72 227000039 227000677 3 
2020-12-13T08:53:38 0 0 경기75자8580 4 72 227000039 227000308 4 
2020-12-13T08:54:38 0 0 경기75자8580 4 72 227000039 227000304 5 
2020-12-13T08:55:37 0 0 경기75자8580 4 72 227000039 227000666 6 
2020-12-13T08:56:36 0 0 경기75자8580 4 72 227000039 227000310 7 
2020-12-13T08:57:35 0 0 경기75자8580 4 72 227000039 227000310 7 
2020-12-13T08:58:35 0 0 경기75자8580 4 72 227000039 227000205 8 
2020-12-13T08:59:34 0 0 경기75자8580 4 72 227000039 227000209 10 
2020-12-13T09:00:33 0 0 경기75자8580 4 72 227000039 227000209 10 
2020-12-13T09:01:33 0 0 경기75자8580 4 71 227000039 227000191 12 
2020-12-13T09:02:33 0 0 경기75자8580 4 71 227000039 227000257 13 
2020-12-13T09:03:32 0 0 경기75자8580 4 71 227000039 227000072 14 
2020-12-13T09:04:32 0 0 경기75자8580 4 71 227000039 227000678 15 
2020-12-13T09:05:32 0 0 경기75자8580 4 71 227000039 227000269 16 
2020-12-13T09:06:31 0 0 경기75자8580 4 71 227000039 227000269 16 
2020-12-13T09:07:30 0 0 경기75자8580 4 71 227000039 227000280 17 
2020-12-13T09:08:29 0 0 경기75자8580 4 71 227000039 227000230 18 
2020-12-13T09:09:29 0 0 경기75자8580 4 70 227000039 227000485 19 
2020-12-13T09:10:28 0 0 경기75자8580 4 70 227000039 227000485 19 
2020-12-13T09:11:28 0 0 경기75자8580 4 70 227000039 227000485 19 
2020-12-13T09:12:28 0 0 경기75자8580 4 70 227000039 227000282 21 
2020-12-13T09:13:28 0 0 경기75자8580 4 68 227000039 227000282 21 
2020-12-13T09:14:27 0 0 경기75자8580 4 68 227000039 227000282 21 
2020-12-13T09:15:27 0 0 경기75자8580 4 68 227000039 227000282 21 
2020-12-13T09:16:27 0 0 경기75자8580 4 68 227000039 277103350 22 
2020-12-13T09:17:26 0 0 경기75자8580 4 68 227000039 277103350 22 
2020-12-13T09:18:25 0 0 경기75자8580 4 68 227000039 277103350 22 
2020-12-13T09:19:25 0 0 경기75자8580 4 68 227000039 277103348 23 
2020-12-13T09:20:24 0 0 경기75자8580 4 68 227000039 277103348 23 
2020-12-13T09:21:24 0 0 경기75자8580 4 68 227000039 277103348 23 
2020-12-13T09:22:24 0 0 경기75자8580 4 68 227000039 277103352 24 
2020-12-13T09:23:24 0 0 경기75자8580 4 68 227000039 277102840 25 
2020-12-13T09:24:23 0 0 경기75자8580 4 68 227000039 277102840 25 
2020-12-13T09:25:23 0 0 경기75자8580 4 68 227000039 277102840 25 
2020-12-13T09:26:23 0 0 경기75자8580 4 68 227000039 277102840 25 
2020-12-13T09:27:23 0 0 경기75자8580 4 72 227000039 123000048 26 
2020-12-13T09:28:22 0 0 경기75자8580 4 72 227000039 123000048 26 
2020-12-13T09:29:22 0 0 경기75자8580 4 72 227000039 123000048 26 
2020-12-13T09:30:21 0 0 경기75자8580 4 72 227000039 277101950 27 
2020-12-13T09:31:21 0 0 경기75자8580 4 72 227000039 277101950 27 
2020-12-13T09:32:20 0 0 경기75자8580 4 72 227000039 277101950 27 
2020-12-13T09:33:19 0 0 경기75자8580 4 72 227000039 277101950 27 
2020-12-13T09:34:18 0 0 경기75자8580 4 72 227000039 277102068 28 
2020-12-13T09:35:18 0 0 경기75자8580 4 72 227000039 123000511 29 
2020-12-13T09:36:18 0 0 경기75자8580 4 70 227000039 123000511 29 
2020-12-13T09:37:17 0 0 경기75자8580 4 70 227000039 123000511 29 
2020-12-13T09:38:16 0 0 경기75자8580 4 70 227000039 123000511 29 
2020-12-13T09:39:15 0 0 경기75자8580 4 70 227000039 277102842 30 
2020-12-13T09:40:14 0 0 경기75자8580 4 70 227000039 277102842 30 
2020-12-13T09:41:13 0 0 경기75자8580 4 70 227000039 277103353 31 
2020-12-13T09:42:13 0 0 경기75자8580 4 70 227000039 277103353 31 
2020-12-13T09:43:12 0 0 경기75자8580 4 70 227000039 277103349 32 
2020-12-13T09:44:12 0 0 경기75자8580 4 70 227000039 277103349 32 
2020-12-13T09:45:11 0 0 경기75자8580 4 70 227000039 277103349 32 
2020-12-13T09:46:10 0 0 경기75자8580 4 70 227000039 277103351 33 
2020-12-13T09:47:09 0 0 경기75자8580 4 70 227000039 277103351 33 
2020-12-13T09:48:09 0 0 경기75자8580 4 70 227000039 277103351 33 
2020-12-13T09:49:08 0 0 경기75자8580 4 70 227000039 277103351 33 
2020-12-13T09:50:08 0 0 경기75자8580 4 70 227000039 227000284 34 
2020-12-13T09:51:08 0 0 경기75자8580 4 70 227000039 227000284 34 
2020-12-13T09:52:07 0 0 경기75자8580 4 71 227000039 227000656 35 
2020-12-13T09:53:07 0 0 경기75자8580 4 72 227000039 227000484 36 
2020-12-13T09:54:06 0 0 경기75자8580 4 72 227000039 227000484 36 
2020-12-13T09:55:07 0 0 경기75자8580 4 72 227000039 227000484 36 
2020-12-13T09:56:06 0 0 경기75자8580 4 72 227000039 227000281 38 
2020-12-13T09:57:05 0 0 경기75자8580 4 72 227000039 227000268 39 
2020-12-13T09:58:05 0 0 경기75자8580 4 72 227000039 227000679 40 
2020-12-13T09:59:05 0 0 경기75자8580 4 72 227000039 227000679 40 
2020-12-13T10:00:05 0 0 경기75자8580 4 72 227000039 227000256 42 
2020-12-13T10:01:03 0 0 경기75자8580 4 72 227000039 227000212 44 
2020-12-13T10:02:03 0 0 경기75자8580 4 72 227000039 227000212 44 
2020-12-13T10:03:02 0 0 경기75자8580 4 72 227000039 227000212 44 
2020-12-13T10:04:02 0 0 경기75자8580 4 69 227000039 227000630 46 
2020-12-13T10:05:02 0 0 경기75자8580 4 69 227000039 227000208 47 
2020-12-13T10:06:01 0 0 경기75자8580 4 69 227000039 227000206 48 
2020-12-13T10:07:01 0 0 경기75자8580 4 69 227000039 227000206 48 
2020-12-13T10:08:01 0 0 경기75자8580 4 69 227000039 227000665 51 
2020-12-13T10:09:00 0 0 경기75자8580 4 69 227000039 227000305 52 
2020-12-13T10:09:59 0 0 경기75자8580 4 71 227000039 227000306 54 
2020-12-13T10:10:59 0 0 경기75자8580 4 71 227000039 227000306 54 
2020-12-13T10:11:59 0 0 경기75자8580 4 71 227000039 227000334 55 
2020-12-13T10:12:59 0 0 경기75자8580 4 71 227000039 227000334 55 
2020-12-13T10:13:57 0 0 경기75자8580 4 72 227000039 227000334 55 
2020-12-13T10:14:57 0 0 경기75자8580 4 72 227000039 227000260 56 
2020-12-13T11:42:20 0 0 경기75자8580 4 72 227000039 227000677 3 
2020-12-13T11:43:18 0 0 경기75자8580 4 72 227000039 227000677 3 
2020-12-13T11:44:18 0 0 경기75자8580 4 72 227000039 227000677 3 
2020-12-13T11:45:18 0 0 경기75자8580 4 72 227000039 227000308 4 
2020-12-13T11:46:17 0 0 경기75자8580 4 72 227000039 227000308 4 
2020-12-13T11:47:16 0 0 경기75자8580 4 72 227000039 227000304 5 
2020-12-13T11:48:16 0 0 경기75자8580 4 72 227000039 227000666 6 
2020-12-13T11:49:16 0 0 경기75자8580 4 72 227000039 227000310 7 
2020-12-13T11:50:15 0 0 경기75자8580 4 72 227000039 227000205 8 
2020-12-13T11:51:15 0 0 경기75자8580 4 72 227000039 227000207 9 
2020-12-13T11:52:15 0 0 경기75자8580 4 72 227000039 227000209 10 
2020-12-13T11:53:14 0 0 경기75자8580 4 72 227000039 227000211 11 
2020-12-13T11:54:14 0 0 경기75자8580 4 72 227000039 227000257 13 
2020-12-13T11:55:14 0 0 경기75자8580 4 72 227000039 227000257 13 
2020-12-13T11:56:12 0 0 경기75자8580 4 72 227000039 227000072 14 
2020-12-13T11:57:12 0 0 경기75자8580 4 72 227000039 227000678 15 
2020-12-13T11:58:12 0 0 경기75자8580 4 72 227000039 227000269 16 
2020-12-13T11:59:12 0 0 경기75자8580 4 72 227000039 227000269 16 
2020-12-13T12:00:11 0 0 경기75자8580 4 72 227000039 227000280 17 
2020-12-13T12:01:11 0 0 경기75자8580 4 72 227000039 227000230 18 
2020-12-13T12:02:10 0 0 경기75자8580 4 72 227000039 227000291 20 
2020-12-13T12:03:10 0 0 경기75자8580 4 72 227000039 227000291 20 
2020-12-13T12:04:09 0 0 경기75자8580 4 72 227000039 227000282 21 
2020-12-13T12:05:09 0 0 경기75자8580 4 72 227000039 227000282 21 
2020-12-13T12:06:08 0 0 경기75자8580 4 72 227000039 227000282 21 
2020-12-13T12:07:08 0 0 경기75자8580 4 72 227000039 277103350 22 
2020-12-13T12:08:08 0 0 경기75자8580 4 72 227000039 277103350 22 
2020-12-13T12:09:08 0 0 경기75자8580 4 72 227000039 277103350 22 
2020-12-13T12:10:08 0 0 경기75자8580 4 72 227000039 277103348 23 
2020-12-13T12:11:07 0 0 경기75자8580 4 72 227000039 277103348 23 
2020-12-13T12:12:07 0 0 경기75자8580 4 72 227000039 277103352 24 
2020-12-13T12:13:07 0 0 경기75자8580 4 72 227000039 277103352 24 
2020-12-13T12:14:06 0 0 경기75자8580 4 72 227000039 277102840 25 
2020-12-13T12:15:05 0 0 경기75자8580 4 72 227000039 277102840 25 
2020-12-13T12:16:05 0 0 경기75자8580 4 72 227000039 277102840 25 
2020-12-13T12:17:04 0 0 경기75자8580 4 72 227000039 277102840 25 
2020-12-13T12:18:04 0 0 경기75자8580 4 72 227000039 123000048 26 
2020-12-13T12:19:04 0 0 경기75자8580 4 72 227000039 277101950 27 
2020-12-13T12:20:03 0 0 경기75자8580 4 72 227000039 277101950 27 
2020-12-13T12:21:03 0 0 경기75자8580 4 72 227000039 277102068 28 
2020-12-13T12:22:02 0 0 경기75자8580 4 72 227000039 277102068 28 
2020-12-13T12:23:02 0 0 경기75자8580 4 72 227000039 123000511 29 
2020-12-13T12:24:02 0 0 경기75자8580 4 69 227000039 123000511 29 
2020-12-13T12:25:01 0 0 경기75자8580 4 69 227000039 123000511 29 
2020-12-13T12:26:01 0 0 경기75자8580 4 69 227000039 123000511 29 
2020-12-13T12:27:01 0 0 경기75자8580 4 69 227000039 123000511 29 
2020-12-13T12:28:00 0 0 경기75자8580 4 69 227000039 277102842 30 
2020-12-13T12:29:00 0 0 경기75자8580 4 69 227000039 277103353 31 
2020-12-13T12:30:00 0 0 경기75자8580 4 69 227000039 277103353 31 
2020-12-13T12:30:59 0 0 경기75자8580 4 69 227000039 277103353 31 
2020-12-13T12:31:59 0 0 경기75자8580 4 69 227000039 277103349 32 
2020-12-13T12:32:58 0 0 경기75자8580 4 69 227000039 277103349 32 
2020-12-13T12:33:58 0 0 경기75자8580 4 69 227000039 277103349 32 
2020-12-13T12:34:58 0 0 경기75자8580 4 69 227000039 277103351 33 
2020-12-13T12:35:58 0 0 경기75자8580 4 69 227000039 277103351 33 
2020-12-13T12:36:58 0 0 경기75자8580 4 69 227000039 227000284 34 
2020-12-13T12:37:57 0 0 경기75자8580 4 69 227000039 227000284 34 
2020-12-13T12:38:57 0 0 경기75자8580 4 69 227000039 227000284 34 
2020-12-13T12:39:56 0 0 경기75자8580 4 70 227000039 227000484 36 
2020-12-13T12:40:56 0 0 경기75자8580 4 70 227000039 227000484 36 
2020-12-13T12:41:55 0 0 경기75자8580 4 70 227000039 227000232 37 
2020-12-13T12:42:55 0 0 경기75자8580 4 71 227000039 227000232 37 
2020-12-13T12:43:55 0 0 경기75자8580 4 71 227000039 227000232 37 
2020-12-13T12:44:55 0 0 경기75자8580 4 71 227000039 227000281 38 
2020-12-13T12:45:55 0 0 경기75자8580 4 72 227000039 227000268 39 
2020-12-13T12:46:54 0 0 경기75자8580 4 72 227000039 227000679 40 
2020-12-13T12:47:53 0 0 경기75자8580 4 72 227000039 227000679 40 
2020-12-13T12:48:53 0 0 경기75자8580 4 72 227000039 227000071 41 
2020-12-13T12:49:52 0 0 경기75자8580 4 72 227000039 227000256 42 
2020-12-13T12:50:52 0 0 경기75자8580 4 72 227000039 227000212 44 
2020-12-13T12:51:52 0 0 경기75자8580 4 72 227000039 227000210 45 
2020-12-13T12:52:52 0 0 경기75자8580 4 72 227000039 227000630 46 
2020-12-13T12:53:51 0 0 경기75자8580 4 72 227000039 227000206 48 
2020-12-13T12:54:50 0 0 경기75자8580 4 72 227000039 227000206 48 
2020-12-13T12:55:50 0 0 경기75자8580 4 72 227000039 227000206 48 
2020-12-13T12:56:49 0 0 경기75자8580 4 72 227000039 227000311 49 
2020-12-13T12:57:49 0 0 경기75자8580 4 72 227000039 227000665 51 
2020-12-13T12:58:49 0 0 경기75자8580 4 72 227000039 227000305 52 
2020-12-13T12:59:49 0 0 경기75자8580 4 72 227000039 227000306 54 
2020-12-13T13:00:48 0 0 경기75자8580 4 72 227000039 227000306 54 
2020-12-13T13:01:48 0 0 경기75자8580 4 72 227000039 227000334 55 
2020-12-13T13:02:47 0 0 경기75자8580 4 72 227000039 227000334 55 
2020-12-13T13:03:47 0 0 경기75자8580 4 72 227000039 227000334 55 
2020-12-13T13:04:46 0 0 경기75자8580 4 72 227000039 227000334 55 
2020-12-13T13:05:45 0 0 경기75자8580 4 72 227000039 227000334 55 
2020-12-13T13:06:44 0 0 경기75자8580 4 72 227000039 227000334 55 
2020-12-13T13:07:43 0 0 경기75자8580 4 72 227000039 227000334 55 
2020-12-13T13:08:43 0 0 경기75자8580 4 72 227000039 227000334 55 
2020-12-13T13:09:43 0 0 경기75자8580 4 72 227000039 227000334 55 
2020-12-13T13:10:42 0 0 경기75자8580 4 72 227000039 227000334 55 
2020-12-13T13:11:42 0 0 경기75자8580 4 72 227000039 227000334 55 
2020-12-13T13:12:40 0 0 경기75자8580 4 72 227000039 227000334 55 
2020-12-13T13:13:40 0 0 경기75자8580 4 72 227000039 227000334 55 
2020-12-13T13:14:40 0 0 경기75자8580 4 72 227000039 227000334 55 
2020-12-13T13:15:39 0 0 경기75자8580 4 72 227000039 227000334 55 
2020-12-13T15:26:48 0 0 경기75자8580 4 72 227000039 227000677 3 
2020-12-13T15:27:48 0 0 경기75자8580 4 72 227000039 227000677 3 
2020-12-13T15:28:48 0 0 경기75자8580 4 72 227000039 227000677 3 
2020-12-13T15:29:47 0 0 경기75자8580 4 71 227000039 227000308 4 
2020-12-13T15:30:47 0 0 경기75자8580 4 71 227000039 227000308 4 
2020-12-13T15:31:47 0 0 경기75자8580 4 71 227000039 227000304 5 
2020-12-13T15:32:46 0 0 경기75자8580 4 71 227000039 227000310 7 
2020-12-13T15:33:46 0 0 경기75자8580 4 71 227000039 227000310 7 
2020-12-13T15:34:46 0 0 경기75자8580 4 71 227000039 227000310 7 
2020-12-13T15:35:45 0 0 경기75자8580 4 71 227000039 227000207 9 
2020-12-13T15:36:45 0 0 경기75자8580 4 71 227000039 227000209 10 
2020-12-13T15:37:45 0 0 경기75자8580 4 71 227000039 227000209 10 
2020-12-13T15:38:44 0 0 경기75자8580 4 71 227000039 227000191 12 
2020-12-13T15:39:44 0 0 경기75자8580 4 71 227000039 227000257 13 
2020-12-13T15:40:43 0 0 경기75자8580 4 71 227000039 227000072 14 
2020-12-13T15:41:43 0 0 경기75자8580 4 71 227000039 227000072 14 
2020-12-13T15:42:43 0 0 경기75자8580 4 71 227000039 227000678 15 
2020-12-13T15:43:42 0 0 경기75자8580 4 71 227000039 227000678 15 
2020-12-13T15:44:43 0 0 경기75자8580 4 71 227000039 227000269 16 
2020-12-13T15:45:40 0 0 경기75자8580 4 71 227000039 227000269 16 
2020-12-13T15:46:40 0 0 경기75자8580 4 71 227000039 227000269 16 
2020-12-13T15:47:40 0 0 경기75자8580 4 70 227000039 227000280 17 
2020-12-13T15:48:38 0 0 경기75자8580 4 70 227000039 227000230 18 
2020-12-13T15:49:38 0 0 경기75자8580 4 70 227000039 227000485 19 
2020-12-13T15:50:38 0 0 경기75자8580 4 70 227000039 227000485 19 
2020-12-13T15:51:37 0 0 경기75자8580 4 69 227000039 227000291 20 
2020-12-13T15:52:37 0 0 경기75자8580 4 68 227000039 227000291 20 
2020-12-13T15:53:37 0 0 경기75자8580 4 68 227000039 227000291 20 
2020-12-13T15:54:36 0 0 경기75자8580 4 68 227000039 227000282 21 
2020-12-13T15:55:36 0 0 경기75자8580 4 68 227000039 227000282 21 
2020-12-13T15:56:35 0 0 경기75자8580 4 68 227000039 227000282 21 
2020-12-13T15:57:35 0 0 경기75자8580 4 68 227000039 227000282 21 
2020-12-13T15:58:35 0 0 경기75자8580 4 68 227000039 227000282 21 
2020-12-13T15:59:34 0 0 경기75자8580 4 68 227000039 277103350 22 
2020-12-13T16:00:34 0 0 경기75자8580 4 68 227000039 277103350 22 
2020-12-13T16:01:33 0 0 경기75자8580 4 68 227000039 277103350 22 
2020-12-13T16:02:33 0 0 경기75자8580 4 68 227000039 277103350 22 
2020-12-13T16:03:33 0 0 경기75자8580 4 68 227000039 277103348 23 
2020-12-13T16:04:32 0 0 경기75자8580 4 68 227000039 277103348 23 
2020-12-13T16:05:32 0 0 경기75자8580 4 68 227000039 277103348 23 
2020-12-13T16:06:32 0 0 경기75자8580 4 68 227000039 277103352 24 
2020-12-13T16:07:31 0 0 경기75자8580 4 68 227000039 277102840 25 
2020-12-13T16:08:31 0 0 경기75자8580 4 68 227000039 277102840 25 
2020-12-13T16:09:30 0 0 경기75자8580 4 68 227000039 277102840 25 
2020-12-13T16:10:30 0 0 경기75자8580 4 68 227000039 277102840 25 
2020-12-13T16:11:30 0 0 경기75자8580 4 68 227000039 277102840 25 
2020-12-13T16:12:30 0 0 경기75자8580 4 71 227000039 123000048 26 
2020-12-13T16:13:29 0 0 경기75자8580 4 72 227000039 123000048 26 
2020-12-13T16:14:29 0 0 경기75자8580 4 72 227000039 277101950 27 
2020-12-13T16:15:28 0 0 경기75자8580 4 72 227000039 277101950 27 
2020-12-13T16:16:28 0 0 경기75자8580 4 72 227000039 277101950 27 
2020-12-13T16:17:28 0 0 경기75자8580 4 72 227000039 277101950 27 
2020-12-13T16:18:28 0 0 경기75자8580 4 72 227000039 277102068 28 
2020-12-13T16:19:28 0 0 경기75자8580 4 72 227000039 123000511 29 
2020-12-13T16:20:27 0 0 경기75자8580 4 72 227000039 123000511 29 
2020-12-13T16:21:27 0 0 경기75자8580 4 72 227000039 123000511 29 
2020-12-13T16:22:27 0 0 경기75자8580 4 72 227000039 277102842 30 
2020-12-13T16:23:27 0 0 경기75자8580 4 72 227000039 277102842 30 
2020-12-13T16:24:27 0 0 경기75자8580 4 72 227000039 277103353 31 
2020-12-13T16:25:27 0 0 경기75자8580 4 72 227000039 277103353 31 
2020-12-13T16:26:26 0 0 경기75자8580 4 72 227000039 277103353 31 
2020-12-13T16:27:26 0 0 경기75자8580 4 72 227000039 277103349 32 
2020-12-13T16:28:25 0 0 경기75자8580 4 72 227000039 277103349 32 
2020-12-13T16:29:25 0 0 경기75자8580 4 72 227000039 277103349 32 
2020-12-13T16:30:24 0 0 경기75자8580 4 72 227000039 277103351 33 
2020-12-13T16:31:24 0 0 경기75자8580 4 72 227000039 277103351 33 
2020-12-13T16:32:24 0 0 경기75자8580 4 72 227000039 277103351 33 
2020-12-13T16:33:24 0 0 경기75자8580 4 72 227000039 277103351 33 
2020-12-13T16:34:23 0 0 경기75자8580 4 72 227000039 227000284 34 
2020-12-13T16:35:23 0 0 경기75자8580 4 72 227000039 227000656 35 
2020-12-13T16:36:23 0 0 경기75자8580 4 72 227000039 227000656 35 
2020-12-13T16:37:21 0 0 경기75자8580 4 72 227000039 227000484 36 
2020-12-13T16:38:21 0 0 경기75자8580 4 72 227000039 227000232 37 
2020-12-13T16:39:21 0 0 경기75자8580 4 72 227000039 227000232 37 
2020-12-13T16:40:21 0 0 경기75자8580 4 72 227000039 227000281 38 
2020-12-13T16:41:20 0 0 경기75자8580 4 72 227000039 227000268 39 
2020-12-13T16:42:20 0 0 경기75자8580 4 72 227000039 227000679 40 
2020-12-13T16:43:20 0 0 경기75자8580 4 72 227000039 227000679 40 
2020-12-13T16:44:19 0 0 경기75자8580 4 72 227000039 227000679 40 
2020-12-13T16:45:19 0 0 경기75자8580 4 72 227000039 227000071 41 
2020-12-13T16:46:19 0 0 경기75자8580 4 72 227000039 227000071 41 
2020-12-13T16:47:18 0 0 경기75자8580 4 72 227000039 227000192 43 
2020-12-13T16:48:18 0 0 경기75자8580 4 72 227000039 227000212 44 
2020-12-13T16:49:18 0 0 경기75자8580 4 71 227000039 227000210 45 
2020-12-13T16:50:20 0 0 경기75자8580 4 71 227000039 227000210 45 
2020-12-13T16:51:17 0 0 경기75자8580 4 71 227000039 227000208 47 
2020-12-13T16:52:17 0 0 경기75자8580 4 71 227000039 227000206 48 
2020-12-13T16:53:16 0 0 경기75자8580 4 71 227000039 227000206 48 
2020-12-13T16:54:16 0 0 경기75자8580 4 71 227000039 227000311 49 
2020-12-13T16:55:16 0 0 경기75자8580 4 71 227000039 227000664 50 
2020-12-13T16:56:16 0 0 경기75자8580 4 71 227000039 227000665 51 
2020-12-13T16:57:15 0 0 경기75자8580 4 72 227000039 227000307 53 
2020-12-13T16:58:15 0 0 경기75자8580 4 72 227000039 227000306 54 
2020-12-13T16:59:15 0 0 경기75자8580 4 72 227000039 227000306 54 
2020-12-13T17:00:15 0 0 경기75자8580 4 72 227000039 227000334 55 
2020-12-13T17:01:15 0 0 경기75자8580 4 72 227000039 227000334 55 
2020-12-13T17:02:14 0 0 경기75자8580 4 72 227000039 227000334 55 
2020-12-13T18:15:46 0 0 경기75자8580 4 72 227000039 227000261 2 
2020-12-13T18:16:46 0 0 경기75자8580 4 72 227000039 227000677 3 
2020-12-13T18:17:46 0 0 경기75자8580 4 72 227000039 227000308 4 
2020-12-13T18:18:45 0 0 경기75자8580 4 69 227000039 227000308 4 
2020-12-13T18:19:45 0 0 경기75자8580 4 69 227000039 227000304 5 
2020-12-13T18:20:44 0 0 경기75자8580 4 69 227000039 227000304 5 
2020-12-13T18:21:45 0 0 경기75자8580 4 69 227000039 227000666 6 
2020-12-13T18:22:44 0 0 경기75자8580 4 69 227000039 227000310 7 
2020-12-13T18:23:43 0 0 경기75자8580 4 69 227000039 227000310 7 
2020-12-13T18:24:43 0 0 경기75자8580 4 69 227000039 227000310 7 
2020-12-13T18:25:43 0 0 경기75자8580 4 69 227000039 227000205 8 
2020-12-13T18:26:42 0 0 경기75자8580 4 69 227000039 227000209 10 
2020-12-13T18:27:41 0 0 경기75자8580 4 70 227000039 227000209 10 
2020-12-13T18:28:41 0 0 경기75자8580 4 70 227000039 227000209 10 
2020-12-13T18:29:39 0 0 경기75자8580 4 70 227000039 227000191 12 
2020-12-13T18:30:39 0 0 경기75자8580 4 70 227000039 227000257 13 
2020-12-13T18:31:39 0 0 경기75자8580 4 70 227000039 227000072 14 
2020-12-13T18:32:39 0 0 경기75자8580 4 70 227000039 227000072 14 
2020-12-13T18:33:38 0 0 경기75자8580 4 70 227000039 227000678 15 
2020-12-13T18:34:38 0 0 경기75자8580 4 70 227000039 227000678 15 
2020-12-13T18:35:37 0 0 경기75자8580 4 69 227000039 227000269 16 
2020-12-13T18:36:37 0 0 경기75자8580 4 69 227000039 227000269 16 
2020-12-13T18:37:37 0 0 경기75자8580 4 69 227000039 227000269 16 
2020-12-13T18:38:36 0 0 경기75자8580 4 69 227000039 227000280 17 
2020-12-13T18:39:36 0 0 경기75자8580 4 69 227000039 227000485 19 
2020-12-13T18:40:35 0 0 경기75자8580 4 69 227000039 227000485 19 
2020-12-13T18:41:35 0 0 경기75자8580 4 69 227000039 227000485 19 
2020-12-13T18:42:34 0 0 경기75자8580 4 69 227000039 227000291 20 
2020-12-13T18:43:34 0 0 경기75자8580 4 69 227000039 227000282 21 
2020-12-13T18:44:34 0 0 경기75자8580 4 69 227000039 227000282 21 
2020-12-13T18:45:34 0 0 경기75자8580 4 69 227000039 227000282 21 
2020-12-13T18:46:33 0 0 경기75자8580 4 69 227000039 227000282 21 
2020-12-13T18:47:33 0 0 경기75자8580 4 69 227000039 277103350 22 
2020-12-13T18:48:33 0 0 경기75자8580 4 69 227000039 277103350 22 
2020-12-13T18:49:33 0 0 경기75자8580 4 69 227000039 277103350 22 
2020-12-13T18:50:32 0 0 경기75자8580 4 69 227000039 277103348 23 
2020-12-13T18:51:32 0 0 경기75자8580 4 69 227000039 277103348 23 
2020-12-13T18:52:32 0 0 경기75자8580 4 69 227000039 277103348 23 
2020-12-13T18:53:31 0 0 경기75자8580 4 69 227000039 277103352 24 
2020-12-13T18:54:31 0 0 경기75자8580 4 69 227000039 277103352 24 
2020-12-13T18:55:30 0 0 경기75자8580 4 69 227000039 277102840 25 
2020-12-13T18:56:30 0 0 경기75자8580 4 69 227000039 277102840 25 
2020-12-13T18:57:30 0 0 경기75자8580 4 69 227000039 277102840 25 
2020-12-13T18:58:29 0 0 경기75자8580 4 70 227000039 277102840 25 
2020-12-13T18:59:29 0 0 경기75자8580 4 72 227000039 123000048 26 
2020-12-13T19:00:29 0 0 경기75자8580 4 72 227000039 123000048 26 
2020-12-13T19:01:28 0 0 경기75자8580 4 72 227000039 123000048 26 
2020-12-13T19:02:28 0 0 경기75자8580 4 72 227000039 277101950 27 
2020-12-13T19:03:28 0 0 경기75자8580 4 72 227000039 277101950 27 
2020-12-13T19:04:28 0 0 경기75자8580 4 72 227000039 277101950 27 
2020-12-13T19:05:27 0 0 경기75자8580 4 72 227000039 277101950 27 
2020-12-13T19:06:27 0 0 경기75자8580 4 72 227000039 277102068 28 
2020-12-13T19:07:27 0 0 경기75자8580 4 72 227000039 277102068 28 
2020-12-13T19:08:27 0 0 경기75자8580 4 69 227000039 123000511 29 
2020-12-13T19:09:27 0 0 경기75자8580 4 69 227000039 123000511 29 
2020-12-13T19:10:27 0 0 경기75자8580 4 69 227000039 123000511 29 
2020-12-13T19:11:26 0 0 경기75자8580 4 69 227000039 277102842 30 
2020-12-13T19:12:25 0 0 경기75자8580 4 69 227000039 277102842 30 
2020-12-13T19:13:25 0 0 경기75자8580 4 69 227000039 277103353 31 
2020-12-13T19:14:24 0 0 경기75자8580 4 69 227000039 277103353 31 
2020-12-13T19:15:24 0 0 경기75자8580 4 69 227000039 277103353 31 
2020-12-13T19:16:24 0 0 경기75자8580 4 69 227000039 277103349 32 
2020-12-13T19:17:23 0 0 경기75자8580 4 69 227000039 277103349 32 
2020-12-13T19:18:23 0 0 경기75자8580 4 69 227000039 277103351 33 
2020-12-13T19:19:23 0 0 경기75자8580 4 69 227000039 277103351 33 
2020-12-13T19:20:22 0 0 경기75자8580 4 69 227000039 277103351 33 
2020-12-13T19:21:23 0 0 경기75자8580 4 71 227000039 277103351 33 
2020-12-13T19:22:22 0 0 경기75자8580 4 71 227000039 227000284 34 
2020-12-13T19:23:21 0 0 경기75자8580 4 71 227000039 227000284 34 
2020-12-13T19:24:21 0 0 경기75자8580 4 71 227000039 227000284 34 
2020-12-13T19:25:20 0 0 경기75자8580 4 71 227000039 227000656 35 
2020-12-13T19:26:20 0 0 경기75자8580 4 71 227000039 227000656 35 
2020-12-13T19:27:20 0 0 경기75자8580 4 72 227000039 227000484 36 
2020-12-13T19:28:18 0 0 경기75자8580 4 72 227000039 227000484 36 
2020-12-13T19:29:18 0 0 경기75자8580 4 72 227000039 227000484 36 
2020-12-13T19:30:18 0 0 경기75자8580 4 72 227000039 227000232 37 
2020-12-13T19:31:18 0 0 경기75자8580 4 72 227000039 227000281 38 
2020-12-13T19:32:17 0 0 경기75자8580 4 72 227000039 227000281 38 
2020-12-13T19:33:17 0 0 경기75자8580 4 72 227000039 227000268 39 
2020-12-13T19:34:17 0 0 경기75자8580 4 72 227000039 227000268 39 
2020-12-13T19:35:17 0 0 경기75자8580 4 72 227000039 227000679 40 
2020-12-13T19:36:17 0 0 경기75자8580 4 72 227000039 227000071 41 
2020-12-13T19:37:16 0 0 경기75자8580 4 72 227000039 227000071 41 
2020-12-13T19:38:16 0 0 경기75자8580 4 72 227000039 227000192 43 
2020-12-13T19:39:16 0 0 경기75자8580 4 72 227000039 227000210 45 
2020-12-13T19:40:15 0 0 경기75자8580 4 72 227000039 227000210 45 
2020-12-13T19:41:15 0 0 경기75자8580 4 72 227000039 227000630 46 
2020-12-13T19:42:14 0 0 경기75자8580 4 72 227000039 227000206 48 
2020-12-13T19:43:14 0 0 경기75자8580 4 72 227000039 227000206 48 
2020-12-13T19:44:14 0 0 경기75자8580 4 72 227000039 227000311 49 
2020-12-13T19:45:13 0 0 경기75자8580 4 72 227000039 227000311 49 
2020-12-13T19:46:12 0 0 경기75자8580 4 72 227000039 227000665 51 
2020-12-13T19:47:12 0 0 경기75자8580 4 72 227000039 227000305 52 
2020-12-13T19:48:11 0 0 경기75자8580 4 72 227000039 227000305 52 
2020-12-13T19:49:11 0 0 경기75자8580 4 72 227000039 227000305 52 
2020-12-13T19:50:11 0 0 경기75자8580 4 72 227000039 227000306 54 
2020-12-13T19:51:10 0 0 경기75자8580 4 72 227000039 227000306 54 
2020-12-13T19:52:10 0 0 경기75자8580 4 72 227000039 227000334 55 
2020-12-13T19:53:09 0 0 경기75자8580 4 72 227000039 227000334 55 
2020-12-13T20:50:50 0 0 경기75자8580 4 72 227000039 227000261 2 
2020-12-13T20:51:50 0 0 경기75자8580 4 72 227000039 227000677 3 
2020-12-13T20:52:50 0 0 경기75자8580 4 72 227000039 227000677 3 
2020-12-13T20:53:49 0 0 경기75자8580 4 72 227000039 227000308 4 
2020-12-13T20:54:49 0 0 경기75자8580 4 63 227000039 227000308 4 
2020-12-13T20:55:48 0 0 경기75자8580 4 63 227000039 227000304 5 
2020-12-13T20:56:47 0 0 경기75자8580 4 63 227000039 227000304 5 
2020-12-13T20:57:47 0 0 경기75자8580 4 63 227000039 227000304 5 
2020-12-13T20:58:47 0 0 경기75자8580 4 63 227000039 227000666 6 
2020-12-13T20:59:47 0 0 경기75자8580 4 63 227000039 227000310 7 
2020-12-13T21:00:46 0 0 경기75자8580 4 63 227000039 227000310 7 
2020-12-13T21:01:45 0 0 경기75자8580 4 63 227000039 227000207 9 
2020-12-13T21:02:46 0 0 경기75자8580 4 64 227000039 227000209 10 
2020-12-13T21:03:45 0 0 경기75자8580 4 64 227000039 227000211 11 
2020-12-13T21:04:45 0 0 경기75자8580 4 64 227000039 227000257 13 
2020-12-13T21:05:45 0 0 경기75자8580 4 64 227000039 227000072 14 
2020-12-13T21:06:45 0 0 경기75자8580 4 64 227000039 227000678 15 
2020-12-13T21:07:45 0 0 경기75자8580 4 64 227000039 227000269 16 
2020-12-13T21:08:44 0 0 경기75자8580 4 64 227000039 227000269 16 
2020-12-13T21:09:44 0 0 경기75자8580 4 64 227000039 227000269 16 
2020-12-13T21:10:43 0 0 경기75자8580 4 64 227000039 227000280 17 
2020-12-13T21:11:43 0 0 경기75자8580 4 64 227000039 227000230 18 
2020-12-13T21:12:43 0 0 경기75자8580 4 67 227000039 227000291 20 
2020-12-13T21:13:42 0 0 경기75자8580 4 66 227000039 227000291 20 
2020-12-13T21:14:42 0 0 경기75자8580 4 66 227000039 227000291 20 
2020-12-13T21:15:41 0 0 경기75자8580 4 68 227000039 227000282 21 
2020-12-13T21:16:40 0 0 경기75자8580 4 68 227000039 227000282 21 
2020-12-13T21:17:40 0 0 경기75자8580 4 68 227000039 227000282 21 
2020-12-13T21:18:40 0 0 경기75자8580 4 68 227000039 227000282 21 
2020-12-13T21:19:39 0 0 경기75자8580 4 68 227000039 277103350 22 
2020-12-13T21:20:39 0 0 경기75자8580 4 68 227000039 277103350 22 
2020-12-13T21:21:39 0 0 경기75자8580 4 68 227000039 277103350 22 
2020-12-13T21:22:38 0 0 경기75자8580 4 68 227000039 277103348 23 
2020-12-13T21:23:38 0 0 경기75자8580 4 68 227000039 277103348 23 
2020-12-13T21:24:37 0 0 경기75자8580 4 68 227000039 277103348 23 
2020-12-13T21:25:36 0 0 경기75자8580 4 68 227000039 277103352 24 
2020-12-13T21:26:36 0 0 경기75자8580 4 68 227000039 277102840 25 
2020-12-13T21:27:36 0 0 경기75자8580 4 68 227000039 277102840 25 
2020-12-13T21:28:36 0 0 경기75자8580 4 68 227000039 277102840 25 
2020-12-13T21:29:35 0 0 경기75자8580 4 68 227000039 277102840 25 
2020-12-13T21:30:35 0 0 경기75자8580 4 68 227000039 277102840 25 
2020-12-13T21:31:35 0 0 경기75자8580 4 69 227000039 123000048 26 
2020-12-13T21:32:35 0 0 경기75자8580 4 72 227000039 123000048 26 
2020-12-13T21:33:34 0 0 경기75자8580 4 72 227000039 277101950 27 
2020-12-13T21:34:34 0 0 경기75자8580 4 72 227000039 277101950 27 
2020-12-13T21:35:34 0 0 경기75자8580 4 72 227000039 277101950 27 
2020-12-13T21:36:34 0 0 경기75자8580 4 72 227000039 277101950 27 
2020-12-13T21:37:37 0 0 경기75자8580 4 72 227000039 277102068 28 
2020-12-13T21:38:32 0 0 경기75자8580 4 70 227000039 123000511 29 
2020-12-13T21:39:31 0 0 경기75자8580 4 70 227000039 123000511 29 
2020-12-13T21:40:31 0 0 경기75자8580 4 70 227000039 123000511 29 
2020-12-13T21:41:31 0 0 경기75자8580 4 70 227000039 277102842 30 
2020-12-13T21:42:31 0 0 경기75자8580 4 70 227000039 277102842 30 
2020-12-13T21:43:30 0 0 경기75자8580 4 70 227000039 277103353 31 
2020-12-13T21:44:29 0 0 경기75자8580 4 70 227000039 277103353 31 
2020-12-13T21:45:29 0 0 경기75자8580 4 70 227000039 277103349 32 
2020-12-13T21:46:29 0 0 경기75자8580 4 70 227000039 277103349 32 
2020-12-13T21:47:29 0 0 경기75자8580 4 70 227000039 277103349 32 
2020-12-13T21:48:28 0 0 경기75자8580 4 70 227000039 277103351 33 
2020-12-13T21:49:28 0 0 경기75자8580 4 70 227000039 277103351 33 
2020-12-13T21:50:28 0 0 경기75자8580 4 70 227000039 277103351 33 
2020-12-13T21:51:27 0 0 경기75자8580 4 70 227000039 277103351 33 
2020-12-13T21:52:27 0 0 경기75자8580 4 70 227000039 227000656 35 
2020-12-13T21:53:27 0 0 경기75자8580 4 70 227000039 227000656 35 
2020-12-13T21:54:26 0 0 경기75자8580 4 70 227000039 227000656 35 
2020-12-13T21:55:26 0 0 경기75자8580 4 71 227000039 227000484 36 
2020-12-13T21:56:25 0 0 경기75자8580 4 71 227000039 227000484 36 
2020-12-13T21:57:24 0 0 경기75자8580 4 71 227000039 227000232 37 
2020-12-13T21:58:24 0 0 경기75자8580 4 72 227000039 227000281 38 
2020-12-13T21:59:23 0 0 경기75자8580 4 72 227000039 227000281 38 
2020-12-13T22:00:23 0 0 경기75자8580 4 72 227000039 227000281 38 
2020-12-13T22:01:23 0 0 경기75자8580 4 72 227000039 227000268 39 
2020-12-13T22:02:22 0 0 경기75자8580 4 72 227000039 227000268 39 
2020-12-13T22:03:22 0 0 경기75자8580 4 72 227000039 227000679 40 
2020-12-13T22:04:21 0 0 경기75자8580 4 72 227000039 227000679 40 
2020-12-13T22:05:21 0 0 경기75자8580 4 72 227000039 227000679 40 
2020-12-13T22:06:21 0 0 경기75자8580 4 72 227000039 227000192 43 
2020-12-13T22:07:20 0 0 경기75자8580 4 72 227000039 227000212 44 
2020-12-13T22:08:20 0 0 경기75자8580 4 72 227000039 227000630 46 
2020-12-13T22:09:19 0 0 경기75자8580 4 72 227000039 227000208 47 
2020-12-13T22:10:19 0 0 경기75자8580 4 72 227000039 227000206 48 
2020-12-13T22:11:19 0 0 경기75자8580 4 72 227000039 227000311 49 
