227000039 2020-11-28T00:45:13.441218+09:00
2020-11-28T06:33:58.799581+09:00 0 0 경기75자8579 4 72 227000039 227000261 2 
2020-11-28T06:34:58.704378+09:00 0 0 경기75자8579 4 72 227000039 227000261 2 
2020-11-28T06:35:58.449125+09:00 0 0 경기75자8579 4 72 227000039 227000261 2 
2020-11-28T06:36:58.133620+09:00 0 0 경기75자8579 4 72 227000039 227000677 3 
2020-11-28T06:37:57.288294+09:00 0 0 경기75자8579 4 72 227000039 227000308 4 
2020-11-28T06:38:57.192768+09:00 0 0 경기75자8579 4 72 227000039 227000308 4 
2020-11-28T06:39:56.737261+09:00 0 0 경기75자8579 4 72 227000039 227000666 6 
2020-11-28T06:40:56.741710+09:00 0 0 경기75자8579 4 72 227000039 227000310 7 
2020-11-28T06:41:56.516157+09:00 0 0 경기75자8579 4 72 227000039 227000310 7 
2020-11-28T06:42:56.330614+09:00 0 0 경기75자8579 4 72 227000039 227000310 7 
2020-11-28T06:43:56.464932+09:00 0 0 경기75자8579 4 72 227000039 227000207 9 
2020-11-28T06:44:55.089349+09:00 0 0 경기75자8579 4 72 227000039 227000209 10 
2020-11-28T06:45:55.653663+09:00 0 0 경기75자8579 4 72 227000039 227000209 10 
2020-11-28T06:46:54.307840+09:00 0 0 경기75자8579 4 72 227000039 227000191 12 
2020-11-28T06:47:54.572334+09:00 0 0 경기75자8579 4 72 227000039 227000072 14 
2020-11-28T06:48:53.836569+09:00 0 0 경기75자8579 4 72 227000039 227000072 14 
2020-11-28T06:49:52.920664+09:00 0 0 경기75자8579 4 72 227000039 227000678 15 
2020-11-28T06:50:52.925114+09:00 0 0 경기75자8579 4 72 227000039 227000678 15 
2020-11-28T06:51:52.839364+09:00 0 0 경기75자8579 4 72 227000039 227000678 15 
2020-11-28T06:52:51.963496+09:00 0 0 경기75자8579 4 72 227000039 227000230 18 
2020-11-28T06:53:51.877991+09:00 0 0 경기75자8579 4 72 227000039 227000291 20 
2020-11-28T06:54:52.061999+09:00 0 0 경기75자8579 4 72 227000039 227000291 20 
2020-11-28T06:55:51.426238+09:00 0 0 경기75자8579 4 72 227000039 227000291 20 
2020-11-28T06:56:51.180481+09:00 0 0 경기75자8579 4 72 227000039 227000282 21 
2020-11-28T06:57:50.414640+09:00 0 0 경기75자8579 4 72 227000039 227000282 21 
2020-11-28T06:58:49.618878+09:00 0 0 경기75자8579 4 72 227000039 227000282 21 
2020-11-28T06:59:48.582967+09:00 0 0 경기75자8579 4 72 227000039 277103350 22 
2020-11-28T07:00:48.837282+09:00 0 0 경기75자8579 4 72 227000039 277103350 22 
2020-11-28T07:01:48.751357+09:00 0 0 경기75자8579 4 72 227000039 277103350 22 
2020-11-28T07:02:48.605614+09:00 0 0 경기75자8579 4 72 227000039 277103348 23 
2020-11-28T07:03:48.289909+09:00 0 0 경기75자8579 4 72 227000039 277103348 23 
2020-11-28T07:04:48.264009+09:00 0 0 경기75자8579 4 72 227000039 277103352 24 
2020-11-28T07:05:47.218424+09:00 0 0 경기75자8579 4 72 227000039 277103352 24 
2020-11-28T07:06:46.902973+09:00 0 0 경기75자8579 4 72 227000039 277102840 25 
2020-11-28T07:07:47.137544+09:00 0 0 경기75자8579 4 72 227000039 277102840 25 
2020-11-28T07:08:47.151986+09:00 0 0 경기75자8579 4 72 227000039 277102840 25 
2020-11-28T07:09:46.326397+09:00 0 0 경기75자8579 4 72 227000039 277102840 25 
2020-11-28T07:10:45.411245+09:00 0 0 경기75자8579 4 72 227000039 277102840 25 
2020-11-28T07:11:45.375212+09:00 0 0 경기75자8579 4 72 227000039 277101950 27 
2020-11-28T07:12:44.049499+09:00 0 0 경기75자8579 4 72 227000039 277101950 27 
2020-11-28T07:13:43.753984+09:00 0 0 경기75자8579 4 72 227000039 277101950 27 
2020-11-28T07:14:43.968330+09:00 0 0 경기75자8579 4 72 227000039 277101950 27 
2020-11-28T07:15:43.822680+09:00 0 0 경기75자8579 4 72 227000039 277101950 27 
2020-11-28T07:16:43.407022+09:00 0 0 경기75자8579 4 72 227000039 277101950 27 
2020-11-28T07:17:43.051292+09:00 0 0 경기75자8579 4 72 227000039 277101950 27 
2020-11-28T07:18:43.085734+09:00 0 0 경기75자8579 4 72 227000039 277101950 27 
2020-11-28T07:19:42.949958+09:00 0 0 경기75자8579 4 72 227000039 277102068 28 
2020-11-28T07:20:41.914268+09:00 0 0 경기75자8579 4 72 227000039 123000511 29 
2020-11-28T07:21:41.118482+09:00 0 0 경기75자8579 4 72 227000039 123000511 29 
2020-11-28T07:22:41.032798+09:00 0 0 경기75자8579 4 72 227000039 123000511 29 
2020-11-28T07:23:40.106921+09:00 0 0 경기75자8579 4 72 227000039 277102842 30 
2020-11-28T07:24:39.381380+09:00 0 0 경기75자8579 4 72 227000039 277102842 30 
2020-11-28T07:25:39.185673+09:00 0 0 경기75자8579 4 72 227000039 277103353 31 
2020-11-28T07:26:38.339882+09:00 0 0 경기75자8579 4 72 227000039 277103353 31 
2020-11-28T07:27:37.554001+09:00 0 0 경기75자8579 4 72 227000039 277103353 31 
2020-11-28T07:28:37.548349+09:00 0 0 경기75자8579 4 72 227000039 277103349 32 
2020-11-28T07:29:36.442520+09:00 0 0 경기75자8579 4 72 227000039 277103349 32 
2020-11-28T07:30:36.366776+09:00 0 0 경기75자8579 4 72 227000039 277103349 32 
2020-11-28T07:31:36.091025+09:00 0 0 경기75자8579 4 72 227000039 277103351 33 
2020-11-28T07:32:35.915224+09:00 0 0 경기75자8579 4 72 227000039 277103351 33 
2020-11-28T07:33:34.789556+09:00 0 0 경기75자8579 4 72 227000039 277103351 33 
2020-11-28T07:34:34.873786+09:00 0 0 경기75자8579 4 72 227000039 277103351 33 
2020-11-28T07:35:33.668078+09:00 0 0 경기75자8579 4 72 227000039 227000284 34 
2020-11-28T07:36:33.622126+09:00 0 0 경기75자8579 4 72 227000039 227000284 34 
2020-11-28T07:37:32.666417+09:00 0 0 경기75자8579 4 72 227000039 227000284 34 
2020-11-28T07:38:32.670691+09:00 0 0 경기75자8579 4 72 227000039 227000484 36 
2020-11-28T07:39:32.434787+09:00 0 0 경기75자8579 4 72 227000039 227000484 36 
2020-11-28T07:40:32.317945+09:00 0 0 경기75자8579 4 72 227000039 227000232 37 
2020-11-28T07:41:31.931203+09:00 0 0 경기75자8579 4 72 227000039 227000281 38 
2020-11-28T07:42:31.664687+09:00 0 0 경기75자8579 4 72 227000039 227000281 38 
2020-11-28T07:43:31.748320+09:00 0 0 경기75자8579 4 72 227000039 227000268 39 
2020-11-28T07:44:31.561836+09:00 0 0 경기75자8579 4 72 227000039 227000268 39 
2020-11-28T07:45:31.695440+09:00 0 0 경기75자8579 4 72 227000039 227000679 40 
2020-11-28T07:46:30.569025+09:00 0 0 경기75자8579 4 72 227000039 227000679 40 
2020-11-28T07:47:30.182708+09:00 0 0 경기75자8579 4 72 227000039 227000679 40 
2020-11-28T07:48:30.016648+09:00 0 0 경기75자8579 4 72 227000039 227000071 41 
2020-11-28T07:49:29.280245+09:00 0 0 경기75자8579 4 72 227000039 227000256 42 
2020-11-28T07:50:28.773967+09:00 0 0 경기75자8579 4 72 227000039 227000212 44 
2020-11-28T07:51:28.547952+09:00 0 0 경기75자8579 4 72 227000039 227000210 45 
2020-11-28T07:52:28.151773+09:00 0 0 경기75자8579 4 72 227000039 227000208 47 
2020-11-28T07:53:27.985724+09:00 0 0 경기75자8579 4 72 227000039 227000208 47 
2020-11-28T07:54:28.169640+09:00 0 0 경기75자8579 4 72 227000039 227000206 48 
2020-11-28T07:55:27.463546+09:00 0 0 경기75자8579 4 72 227000039 227000311 49 
2020-11-28T07:56:26.497631+09:00 0 0 경기75자8579 4 72 227000039 227000311 49 
2020-11-28T07:57:25.761378+09:00 0 0 경기75자8579 4 72 227000039 227000665 51 
2020-11-28T07:58:25.645377+09:00 0 0 경기75자8579 4 72 227000039 227000305 52 
2020-11-28T07:59:25.499415+09:00 0 0 경기75자8579 4 72 227000039 227000305 52 
2020-11-28T08:00:25.283368+09:00 0 0 경기75자8579 4 72 227000039 227000306 54 
2020-11-28T08:01:24.927371+09:00 0 0 경기75자8579 4 72 227000039 227000306 54 
2020-11-28T08:02:25.051428+09:00 0 0 경기75자8579 4 72 227000039 227000334 55 
2020-11-28T08:03:24.085396+09:00 0 0 경기75자8579 4 72 227000039 227000334 55 
2020-11-28T08:04:23.109408+09:00 0 0 경기75자8579 4 72 227000039 227000334 55 
2020-11-28T08:05:22.363405+09:00 0 0 경기75자8579 4 72 227000039 227000334 55 
2020-11-28T08:06:21.677478+09:00 0 0 경기75자8579 4 72 227000039 227000334 55 
2020-11-28T08:07:21.701412+09:00 0 0 경기75자8579 4 72 227000039 227000334 55 
2020-11-28T08:08:21.025528+09:00 0 0 경기75자8579 4 72 227000039 227000260 56 
2020-11-28T08:50:56.184056+09:00 0 0 경기75자8579 4 72 227000039 227000261 2 
2020-11-28T08:51:56.138909+09:00 0 0 경기75자8579 4 72 227000039 227000677 3 
2020-11-28T08:52:55.259328+09:00 0 0 경기75자8579 4 72 227000039 227000308 4 
2020-11-28T08:53:53.817938+09:00 0 0 경기75자8579 4 72 227000039 227000308 4 
2020-11-28T08:54:53.722641+09:00 0 0 경기75자8579 4 72 227000039 227000304 5 
2020-11-28T08:55:53.847206+09:00 0 0 경기75자8579 4 72 227000039 227000304 5 
2020-11-28T08:56:52.991750+09:00 0 0 경기75자8579 4 72 227000039 227000310 7 
2020-11-28T08:57:52.876203+09:00 0 0 경기75자8579 4 72 227000039 227000205 8 
2020-11-28T08:58:52.570677+09:00 0 0 경기75자8579 4 72 227000039 227000205 8 
2020-11-28T08:59:52.845132+09:00 0 0 경기75자8579 4 72 227000039 227000209 10 
2020-11-28T09:00:52.219540+09:00 0 0 경기75자8579 4 72 227000039 227000211 11 
2020-11-28T09:01:52.033979+09:00 0 0 경기75자8579 4 72 227000039 227000211 11 
2020-11-28T09:02:52.098280+09:00 0 0 경기75자8579 4 71 227000039 227000072 14 
2020-11-28T09:03:51.962754+09:00 0 0 경기75자8579 4 71 227000039 227000072 14 
2020-11-28T09:04:51.167036+09:00 0 0 경기75자8579 4 71 227000039 227000072 14 
2020-11-28T09:05:50.431279+09:00 0 0 경기75자8579 4 71 227000039 227000269 16 
2020-11-28T09:06:49.455774+09:00 0 0 경기75자8579 4 71 227000039 227000269 16 
2020-11-28T09:07:49.189876+09:00 0 0 경기75자8579 4 71 227000039 227000230 18 
2020-11-28T09:08:48.774219+09:00 0 0 경기75자8579 4 71 227000039 227000230 18 
2020-11-28T09:09:48.898531+09:00 0 0 경기75자8579 4 70 227000039 227000485 19 
2020-11-28T09:10:48.092879+09:00 0 0 경기75자8579 4 70 227000039 227000485 19 
2020-11-28T09:11:47.607017+09:00 0 0 경기75자8579 4 70 227000039 227000291 20 
2020-11-28T09:12:46.991459+09:00 0 0 경기75자8579 4 70 227000039 227000291 20 
2020-11-28T09:13:47.065637+09:00 0 0 경기75자8579 4 70 227000039 227000291 20 
2020-11-28T09:14:45.909821+09:00 0 0 경기75자8579 4 69 227000039 227000282 21 
2020-11-28T09:15:45.984168+09:00 0 0 경기75자8579 4 69 227000039 227000282 21 
2020-11-28T09:16:44.978387+09:00 0 0 경기75자8579 4 69 227000039 227000282 21 
2020-11-28T09:17:44.132631+09:00 0 0 경기75자8579 4 69 227000039 227000282 21 
2020-11-28T09:18:43.957216+09:00 0 0 경기75자8579 4 69 227000039 277103350 22 
2020-11-28T09:19:43.911062+09:00 0 0 경기75자8579 4 69 227000039 277103350 22 
2020-11-28T09:20:43.665355+09:00 0 0 경기75자8579 4 69 227000039 277103350 22 
2020-11-28T09:21:43.499566+09:00 0 0 경기75자8579 4 69 227000039 277103350 22 
2020-11-28T09:22:43.403234+09:00 0 0 경기75자8579 4 69 227000039 277103348 23 
2020-11-28T09:23:42.587153+09:00 0 0 경기75자8579 4 69 227000039 277103348 23 
2020-11-28T09:24:42.460622+09:00 0 0 경기75자8579 4 69 227000039 277103352 24 
2020-11-28T09:25:42.484423+09:00 0 0 경기75자8579 4 69 227000039 277103352 24 
2020-11-28T09:26:41.778285+09:00 0 0 경기75자8579 4 69 227000039 277102840 25 
2020-11-28T09:27:41.432144+09:00 0 0 경기75자8579 4 69 227000039 277102840 25 
2020-11-28T09:28:40.395979+09:00 0 0 경기75자8579 4 69 227000039 277102840 25 
2020-11-28T09:29:40.229761+09:00 0 0 경기75자8579 4 69 227000039 277102840 25 
2020-11-28T09:30:40.273798+09:00 0 0 경기75자8579 4 72 227000039 123000048 26 
2020-11-28T09:31:39.167725+09:00 0 0 경기75자8579 4 72 227000039 123000048 26 
2020-11-28T09:32:38.881713+09:00 0 0 경기75자8579 4 72 227000039 123000048 26 
2020-11-28T09:33:38.655732+09:00 0 0 경기75자8579 4 72 227000039 277101950 27 
2020-11-28T09:34:37.809818+09:00 0 0 경기75자8579 4 72 227000039 277101950 27 
2020-11-28T09:35:37.193722+09:00 0 0 경기75자8579 4 72 227000039 277101950 27 
2020-11-28T09:36:37.287849+09:00 0 0 경기75자8579 4 72 227000039 277101950 27 
2020-11-28T09:37:36.451880+09:00 0 0 경기75자8579 4 72 227000039 277101950 27 
2020-11-28T09:38:36.235941+09:00 0 0 경기75자8579 4 72 227000039 277101950 27 
2020-11-28T09:39:35.770008+09:00 0 0 경기75자8579 4 72 227000039 277102068 28 
2020-11-28T09:40:35.774389+09:00 0 0 경기75자8579 4 72 227000039 123000511 29 
2020-11-28T09:41:35.788248+09:00 0 0 경기75자8579 4 72 227000039 123000511 29 
2020-11-28T09:42:34.762367+09:00 0 0 경기75자8579 4 68 227000039 123000511 29 
2020-11-28T09:43:34.796576+09:00 0 0 경기75자8579 4 68 227000039 123000511 29 
2020-11-28T09:44:34.790632+09:00 0 0 경기75자8579 4 68 227000039 123000511 29 
2020-11-28T09:45:34.884785+09:00 0 0 경기75자8579 4 68 227000039 123000511 29 
2020-11-28T09:46:34.598892+09:00 0 0 경기75자8579 4 68 227000039 277102842 30 
2020-11-28T09:47:34.723010+09:00 0 0 경기75자8579 4 68 227000039 277102842 30 
2020-11-28T09:48:33.407165+09:00 0 0 경기75자8579 4 68 227000039 277103353 31 
2020-11-28T09:49:32.951267+09:00 0 0 경기75자8579 4 68 227000039 277103353 31 
2020-11-28T09:50:32.835584+09:00 0 0 경기75자8579 4 68 227000039 277103353 31 
2020-11-28T09:51:31.899482+09:00 0 0 경기75자8579 4 68 227000039 277103349 32 
2020-11-28T09:52:31.843682+09:00 0 0 경기75자8579 4 68 227000039 277103349 32 
2020-11-28T09:53:31.507745+09:00 0 0 경기75자8579 4 68 227000039 277103349 32 
2020-11-28T09:54:30.501879+09:00 0 0 경기75자8579 4 68 227000039 277103349 32 
2020-11-28T09:55:30.676167+09:00 0 0 경기75자8579 4 68 227000039 277103351 33 
2020-11-28T09:56:30.609901+09:00 0 0 경기75자8579 4 68 227000039 277103351 33 
2020-11-28T09:57:29.683343+09:00 0 0 경기75자8579 4 68 227000039 277103351 33 
2020-11-28T09:58:28.836934+09:00 0 0 경기75자8579 4 68 227000039 277103351 33 
2020-11-28T09:59:28.180622+09:00 0 0 경기75자8579 4 69 227000039 227000284 34 
2020-11-28T10:00:27.194301+09:00 0 0 경기75자8579 4 69 227000039 227000284 34 
2020-11-28T10:01:26.318671+09:00 0 0 경기75자8579 4 69 227000039 227000284 34 
2020-11-28T10:02:26.401855+09:00 0 0 경기75자8579 4 70 227000039 227000656 35 
2020-11-28T10:03:25.285654+09:00 0 0 경기75자8579 4 70 227000039 227000656 35 
2020-11-28T10:04:25.629516+09:00 0 0 경기75자8579 4 70 227000039 227000484 36 
2020-11-28T10:05:24.823310+09:00 0 0 경기75자8579 4 70 227000039 227000232 37 
2020-11-28T10:06:23.777094+09:00 0 0 경기75자8579 4 70 227000039 227000281 38 
2020-11-28T10:07:22.770999+09:00 0 0 경기75자8579 4 70 227000039 227000281 38 
2020-11-28T10:08:22.755000+09:00 0 0 경기75자8579 4 72 227000039 227000268 39 
2020-11-28T10:09:22.638836+09:00 0 0 경기75자8579 4 72 227000039 227000268 39 
2020-11-28T10:10:22.322867+09:00 0 0 경기75자8579 4 72 227000039 227000679 40 
2020-11-28T10:11:22.346875+09:00 0 0 경기75자8579 4 72 227000039 227000679 40 
2020-11-28T10:12:22.250743+09:00 0 0 경기75자8579 4 72 227000039 227000071 41 
2020-11-28T10:13:20.884615+09:00 0 0 경기75자8579 4 72 227000039 227000071 41 
2020-11-28T10:14:20.268546+09:00 0 0 경기75자8579 4 72 227000039 227000192 43 
2020-11-28T10:15:20.502803+09:00 0 0 경기75자8579 4 72 227000039 227000212 44 
2020-11-28T10:16:19.546662+09:00 0 0 경기75자8579 4 72 227000039 227000208 47 
2020-11-28T10:17:19.210646+09:00 0 0 경기75자8579 4 72 227000039 227000208 47 
2020-11-28T10:18:19.194597+09:00 0 0 경기75자8579 4 72 227000039 227000206 48 
2020-11-28T10:19:18.118705+09:00 0 0 경기75자8579 4 72 227000039 227000311 49 
2020-11-28T10:20:18.082728+09:00 0 0 경기75자8579 4 72 227000039 227000311 49 
2020-11-28T10:21:18.146766+09:00 0 0 경기75자8579 4 72 227000039 227000664 50 
2020-11-28T10:22:17.100704+09:00 0 0 경기75자8579 4 72 227000039 227000305 52 
2020-11-28T10:23:17.124841+09:00 0 0 경기75자8579 4 72 227000039 227000307 53 
2020-11-28T10:24:17.028909+09:00 0 0 경기75자8579 4 72 227000039 227000306 54 
2020-11-28T10:25:15.922743+09:00 0 0 경기75자8579 4 72 227000039 227000334 55 
2020-11-28T10:26:15.726901+09:00 0 0 경기75자8579 4 72 227000039 227000334 55 
2020-11-28T10:27:15.550900+09:00 0 0 경기75자8579 4 72 227000039 227000334 55 
2020-11-28T10:28:15.564926+09:00 0 0 경기75자8579 4 72 227000039 227000334 55 
2020-11-28T10:29:15.658979+09:00 0 0 경기75자8579 4 72 227000039 227000260 56 
2020-11-28T11:39:42.225396+09:00 0 0 경기75자8579 4 72 227000039 227000261 2 
2020-11-28T11:40:42.259939+09:00 0 0 경기75자8579 4 72 227000039 227000677 3 
2020-11-28T11:41:41.334506+09:00 0 0 경기75자8579 4 72 227000039 227000308 4 
2020-11-28T11:42:41.058895+09:00 0 0 경기75자8579 4 72 227000039 227000304 5 
2020-11-28T11:43:40.663451+09:00 0 0 경기75자8579 4 72 227000039 227000666 6 
2020-11-28T11:44:40.687767+09:00 0 0 경기75자8579 4 72 227000039 227000310 7 
2020-11-28T11:45:39.182106+09:00 0 0 경기75자8579 4 72 227000039 227000205 8 
2020-11-28T11:46:39.646407+09:00 0 0 경기75자8579 4 71 227000039 227000207 9 
2020-11-28T11:47:38.680792+09:00 0 0 경기75자8579 4 71 227000039 227000207 9 
2020-11-28T11:48:38.285184+09:00 0 0 경기75자8579 4 71 227000039 227000209 10 
2020-11-28T11:49:38.639559+09:00 0 0 경기75자8579 4 71 227000039 227000209 10 
2020-11-28T11:50:37.823784+09:00 0 0 경기75자8579 4 71 227000039 227000209 10 
2020-11-28T11:51:36.757937+09:00 0 0 경기75자8579 4 71 227000039 227000257 13 
2020-11-28T11:52:36.482334+09:00 0 0 경기75자8579 4 71 227000039 227000257 13 
2020-11-28T11:53:36.346630+09:00 0 0 경기75자8579 4 72 227000039 227000072 14 
2020-11-28T11:54:35.920840+09:00 0 0 경기75자8579 4 72 227000039 227000678 15 
2020-11-28T11:55:35.655161+09:00 0 0 경기75자8579 4 72 227000039 227000269 16 
2020-11-28T11:56:35.599331+09:00 0 0 경기75자8579 4 72 227000039 227000269 16 
2020-11-28T11:57:34.543756+09:00 0 0 경기75자8579 4 72 227000039 227000280 17 
2020-11-28T11:58:34.387865+09:00 0 0 경기75자8579 4 72 227000039 227000230 18 
2020-11-28T11:59:34.382172+09:00 0 0 경기75자8579 4 72 227000039 227000230 18 
2020-11-28T12:00:33.866283+09:00 0 0 경기75자8579 4 72 227000039 227000291 20 
2020-11-28T12:01:33.790518+09:00 0 0 경기75자8579 4 71 227000039 227000291 20 
2020-11-28T12:02:33.514760+09:00 0 0 경기75자8579 4 70 227000039 227000282 21 
2020-11-28T12:03:33.279014+09:00 0 0 경기75자8579 4 70 227000039 227000282 21 
2020-11-28T12:04:33.293331+09:00 0 0 경기75자8579 4 70 227000039 227000282 21 
2020-11-28T12:05:33.437539+09:00 0 0 경기75자8579 4 70 227000039 227000282 21 
2020-11-28T12:06:32.031702+09:00 0 0 경기75자8579 4 70 227000039 277103350 22 
2020-11-28T12:07:31.985910+09:00 0 0 경기75자8579 4 70 227000039 277103350 22 
2020-11-28T12:08:31.470180+09:00 0 0 경기75자8579 4 70 227000039 277103350 22 
2020-11-28T12:09:31.424434+09:00 0 0 경기75자8579 4 70 227000039 277103348 23 
2020-11-28T12:10:31.208623+09:00 0 0 경기75자8579 4 70 227000039 277103348 23 
2020-11-28T12:11:30.922659+09:00 0 0 경기75자8579 4 70 227000039 277103352 24 
2020-11-28T12:12:30.716970+09:00 0 0 경기75자8579 4 70 227000039 277103352 24 
2020-11-28T12:13:30.840851+09:00 0 0 경기75자8579 4 70 227000039 277102840 25 
2020-11-28T12:14:29.874437+09:00 0 0 경기75자8579 4 70 227000039 277102840 25 
2020-11-28T12:15:28.798149+09:00 0 0 경기75자8579 4 70 227000039 277102840 25 
2020-11-28T12:16:28.352010+09:00 0 0 경기75자8579 4 70 227000039 277102840 25 
2020-11-28T12:17:28.365890+09:00 0 0 경기75자8579 4 71 227000039 277102840 25 
2020-11-28T12:18:27.889839+09:00 0 0 경기75자8579 4 71 227000039 277102840 25 
2020-11-28T12:19:27.843796+09:00 0 0 경기75자8579 4 72 227000039 123000048 26 
2020-11-28T12:20:26.897694+09:00 0 0 경기75자8579 4 72 227000039 123000048 26 
2020-11-28T12:21:26.511703+09:00 0 0 경기75자8579 4 72 227000039 123000048 26 
2020-11-28T12:22:26.215713+09:00 0 0 경기75자8579 4 72 227000039 123000048 26 
2020-11-28T12:23:25.459632+09:00 0 0 경기75자8579 4 72 227000039 277101950 27 
2020-11-28T12:24:25.483719+09:00 0 0 경기75자8579 4 72 227000039 277101950 27 
2020-11-28T12:25:23.997610+09:00 0 0 경기75자8579 4 72 227000039 277101950 27 
2020-11-28T12:26:24.441764+09:00 0 0 경기75자8579 4 72 227000039 277101950 27 
2020-11-28T12:27:24.105758+09:00 0 0 경기75자8579 4 72 227000039 277101950 27 
2020-11-28T12:28:23.789880+09:00 0 0 경기75자8579 4 72 227000039 277102068 28 
2020-11-28T12:29:23.894029+09:00 0 0 경기75자8579 4 71 227000039 123000511 29 
2020-11-28T12:30:23.137958+09:00 0 0 경기75자8579 4 71 227000039 123000511 29 
2020-11-28T12:31:22.332020+09:00 0 0 경기75자8579 4 71 227000039 123000511 29 
2020-11-28T12:32:21.346029+09:00 0 0 경기75자8579 4 71 227000039 123000511 29 
2020-11-28T12:33:21.280112+09:00 0 0 경기75자8579 4 71 227000039 123000511 29 
2020-11-28T12:34:20.904179+09:00 0 0 경기75자8579 4 71 227000039 123000511 29 
2020-11-28T12:35:19.998235+09:00 0 0 경기75자8579 4 71 227000039 123000511 29 
2020-11-28T12:36:18.912304+09:00 0 0 경기75자8579 4 71 227000039 123000511 29 
2020-11-28T12:37:18.776396+09:00 0 0 경기75자8579 4 71 227000039 277102842 30 
2020-11-28T12:38:17.920399+09:00 0 0 경기75자8579 4 71 227000039 277102842 30 
2020-11-28T12:39:17.004458+09:00 0 0 경기75자8579 4 71 227000039 277102842 30 
2020-11-28T12:40:15.728540+09:00 0 0 경기75자8579 4 71 227000039 277103353 31 
2020-11-28T12:41:15.452658+09:00 0 0 경기75자8579 4 71 227000039 277103353 31 
2020-11-28T12:42:15.376834+09:00 0 0 경기75자8579 4 71 227000039 277103349 32 
2020-11-28T12:43:15.540950+09:00 0 0 경기75자8579 4 71 227000039 277103349 32 
2020-11-28T12:44:15.284969+09:00 0 0 경기75자8579 4 71 227000039 277103349 32 
2020-11-28T12:45:15.059171+09:00 0 0 경기75자8579 4 71 227000039 277103349 32 
2020-11-28T12:46:15.183303+09:00 0 0 경기75자8579 4 71 227000039 277103351 33 
2020-11-28T12:47:14.207398+09:00 0 0 경기75자8579 4 71 227000039 277103351 33 
2020-11-28T12:48:13.761726+09:00 0 0 경기75자8579 4 71 227000039 277103351 33 
2020-11-28T12:49:12.726055+09:00 0 0 경기75자8579 4 71 227000039 227000284 34 
2020-11-28T12:50:12.080377+09:00 0 0 경기75자8579 4 71 227000039 227000284 34 
2020-11-28T12:51:10.934445+09:00 0 0 경기75자8579 4 71 227000039 227000284 34 
2020-11-28T12:52:10.068705+09:00 0 0 경기75자8579 4 71 227000039 227000484 36 
2020-11-28T12:53:09.943034+09:00 0 0 경기75자8579 4 71 227000039 227000484 36 
2020-11-28T12:54:09.127381+09:00 0 0 경기75자8579 4 71 227000039 227000484 36 
2020-11-28T12:55:08.661484+09:00 0 0 경기75자8579 4 71 227000039 227000281 38 
2020-11-28T12:56:07.785708+09:00 0 0 경기75자8579 4 72 227000039 227000281 38 
2020-11-28T12:57:06.839899+09:00 0 0 경기75자8579 4 72 227000039 227000281 38 
2020-11-28T12:58:06.304001+09:00 0 0 경기75자8579 4 72 227000039 227000268 39 
2020-11-28T12:59:06.018163+09:00 0 0 경기75자8579 4 72 227000039 227000268 39 
2020-11-28T13:00:06.302521+09:00 0 0 경기75자8579 4 72 227000039 227000679 40 
2020-11-28T13:01:05.026546+09:00 0 0 경기75자8579 4 72 227000039 227000679 40 
2020-11-28T13:02:04.310743+09:00 0 0 경기75자8579 4 72 227000039 227000679 40 
2020-11-28T13:03:04.040272+09:00 0 0 경기75자8579 4 72 227000039 227000071 41 
2020-11-28T13:04:03.789212+09:00 0 0 경기75자8579 4 72 227000039 227000071 41 
2020-11-28T13:05:03.823377+09:00 0 0 경기75자8579 4 72 227000039 227000192 43 
2020-11-28T13:06:04.007631+09:00 0 0 경기75자8579 4 72 227000039 227000210 45 
2020-11-28T13:07:03.123611+09:00 0 0 경기75자8579 4 72 227000039 227000210 45 
2020-11-28T13:08:02.935898+09:00 0 0 경기75자8579 4 72 227000039 227000630 46 
2020-11-28T13:09:02.770077+09:00 0 0 경기75자8579 4 68 227000039 227000206 48 
2020-11-28T13:10:02.364249+09:00 0 0 경기75자8579 4 68 227000039 227000206 48 
2020-11-28T13:11:01.918390+09:00 0 0 경기75자8579 4 68 227000039 227000311 49 
2020-11-28T13:12:01.362544+09:00 0 0 경기75자8579 4 68 227000039 227000665 51 
2020-11-28T13:13:00.926692+09:00 0 0 경기75자8579 4 68 227000039 227000305 52 
2020-11-28T13:13:59.460798+09:00 0 0 경기75자8579 4 72 227000039 227000306 54 
2020-11-28T13:14:58.985080+09:00 0 0 경기75자8579 4 72 227000039 227000306 54 
2020-11-28T13:15:58.669115+09:00 0 0 경기75자8579 4 72 227000039 227000334 55 
2020-11-28T13:16:58.453351+09:00 0 0 경기75자8579 4 72 227000039 227000334 55 
2020-11-28T13:17:58.247429+09:00 0 0 경기75자8579 4 72 227000039 227000334 55 
2020-11-28T13:18:57.591645+09:00 0 0 경기75자8579 4 72 227000039 227000334 55 
2020-11-28T13:19:57.675834+09:00 0 0 경기75자8579 4 72 227000039 227000334 55 
2020-11-28T13:20:57.600020+09:00 0 0 경기75자8579 4 72 227000039 227000334 55 
2020-11-28T13:21:56.923929+09:00 0 0 경기75자8579 4 72 227000039 227000334 55 
2020-11-28T13:22:55.877850+09:00 0 0 경기75자8579 4 72 227000039 227000334 55 
2020-11-28T13:23:55.801835+09:00 0 0 경기75자8579 4 72 227000039 227000334 55 
2020-11-28T13:24:54.545742+09:00 0 0 경기75자8579 4 72 227000039 227000334 55 
2020-11-28T13:25:54.549751+09:00 0 0 경기75자8579 4 72 227000039 227000334 55 
2020-11-28T13:26:53.923573+09:00 0 0 경기75자8579 4 72 227000039 227000334 55 
2020-11-28T13:27:53.247717+09:00 0 0 경기75자8579 4 72 227000039 227000334 55 
2020-11-28T13:28:52.211723+09:00 0 0 경기75자8579 4 72 227000039 227000334 55 
2020-11-28T13:29:52.136005+09:00 0 0 경기75자8579 4 72 227000039 227000334 55 
2020-11-28T13:30:51.889785+09:00 0 0 경기75자8579 4 72 227000039 227000334 55 
2020-11-28T13:31:51.003832+09:00 0 0 경기75자8579 4 72 227000039 227000334 55 
2020-11-28T13:43:47.260039+09:00 0 0 경기75자8579 4 72 227000039 227000260 56 
2020-11-28T13:44:46.877145+09:00 0 0 경기75자8579 4 72 227000039 227000260 56 
2020-11-28T13:45:46.501215+09:00 0 0 경기75자8579 4 72 227000039 227000260 56 
2020-11-28T13:46:46.355166+09:00 0 0 경기75자8579 4 72 227000039 227000260 56 
2020-11-28T13:47:46.209444+09:00 0 0 경기75자8579 4 72 227000039 227000260 56 
2020-11-28T13:48:45.823622+09:00 0 0 경기75자8579 4 72 227000039 227000260 56 
2020-11-28T13:49:45.557662+09:00 0 0 경기75자8579 4 72 227000039 227000260 56 
2020-11-28T13:50:44.571821+09:00 0 0 경기75자8579 4 72 227000039 227000260 56 
2020-11-28T13:51:43.295851+09:00 0 0 경기75자8579 4 72 227000039 227000260 56 
2020-11-28T13:52:43.140055+09:00 0 0 경기75자8579 4 72 227000039 227000260 56 
2020-11-28T13:53:42.664073+09:00 0 0 경기75자8579 4 72 227000039 227000260 56 
2020-11-28T13:54:42.428326+09:00 0 0 경기75자8579 4 72 227000039 227000260 56 
2020-11-28T13:55:41.992386+09:00 0 0 경기75자8579 4 72 227000039 227000260 56 
2020-11-28T13:56:41.536457+09:00 0 0 경기75자8579 4 72 227000039 227000260 56 
2020-11-28T13:57:41.210674+09:00 0 0 경기75자8579 4 72 227000039 227000260 56 
2020-11-28T15:28:08.581360+09:00 0 0 경기75자8579 4 72 227000039 227000261 2 
2020-11-28T15:29:07.125253+09:00 0 0 경기75자8579 4 72 227000039 227000261 2 
2020-11-28T15:30:07.009539+09:00 0 0 경기75자8579 4 72 227000039 227000261 2 
2020-11-28T15:31:06.123561+09:00 0 0 경기75자8579 4 72 227000039 227000677 3 
2020-11-28T15:32:05.808270+09:00 0 0 경기75자8579 4 72 227000039 227000308 4 
2020-11-28T15:33:05.251554+09:00 0 0 경기75자8579 4 71 227000039 227000308 4 
2020-11-28T15:34:04.975844+09:00 0 0 경기75자8579 4 71 227000039 227000666 6 
2020-11-28T15:35:04.919963+09:00 0 0 경기75자8579 4 71 227000039 227000310 7 
2020-11-28T15:36:04.614133+09:00 0 0 경기75자8579 4 71 227000039 227000310 7 
2020-11-28T15:37:04.458165+09:00 0 0 경기75자8579 4 71 227000039 227000310 7 
2020-11-28T15:38:04.082553+09:00 0 0 경기75자8579 4 71 227000039 227000205 8 
2020-11-28T15:39:03.427311+09:00 0 0 경기75자8579 4 70 227000039 227000207 9 
2020-11-28T15:40:03.172166+09:00 0 0 경기75자8579 4 70 227000039 227000209 10 
2020-11-28T15:41:03.046893+09:00 0 0 경기75자8579 4 70 227000039 227000211 11 
2020-11-28T15:42:02.721537+09:00 0 0 경기75자8579 4 70 227000039 227000257 13 
2020-11-28T15:43:02.506232+09:00 0 0 경기75자8579 4 70 227000039 227000257 13 
2020-11-28T15:44:02.470733+09:00 0 0 경기75자8579 4 70 227000039 227000072 14 
2020-11-28T15:45:02.265304+09:00 0 0 경기75자8579 4 70 227000039 227000072 14 
2020-11-28T15:46:01.869758+09:00 0 0 경기75자8579 4 70 227000039 227000678 15 
2020-11-28T15:47:01.644313+09:00 0 0 경기75자8579 4 70 227000039 227000269 16 
2020-11-28T15:48:01.298687+09:00 0 0 경기75자8579 4 70 227000039 227000269 16 
2020-11-28T15:49:01.283147+09:00 0 0 경기75자8579 4 70 227000039 227000269 16 
2020-11-28T15:50:00.917490+09:00 0 0 경기75자8579 4 68 227000039 227000280 17 
2020-11-28T15:51:00.891874+09:00 0 0 경기75자8579 4 68 227000039 227000230 18 
2020-11-28T15:52:00.476259+09:00 0 0 경기75자8579 4 68 227000039 227000485 19 
2020-11-28T15:52:59.710465+09:00 0 0 경기75자8579 4 68 227000039 227000485 19 
2020-11-28T15:53:59.474631+09:00 0 0 경기75자8579 4 68 227000039 227000485 19 
2020-11-28T15:54:59.189099+09:00 0 0 경기75자8579 4 68 227000039 227000485 19 
2020-11-28T15:55:58.713352+09:00 0 0 경기75자8579 4 68 227000039 227000485 19 
2020-11-28T15:56:58.267602+09:00 0 0 경기75자8579 4 68 227000039 227000282 21 
2020-11-28T15:57:57.811883+09:00 0 0 경기75자8579 4 68 227000039 227000282 21 
2020-11-28T15:58:57.656179+09:00 0 0 경기75자8579 4 68 227000039 227000282 21 
2020-11-28T15:59:57.480429+09:00 0 0 경기75자8579 4 68 227000039 227000282 21 
2020-11-28T16:00:56.774596+09:00 0 0 경기75자8579 4 68 227000039 227000282 21 
2020-11-28T16:01:56.908675+09:00 0 0 경기75자8579 4 68 227000039 227000282 21 
2020-11-28T16:02:57.003204+09:00 0 0 경기75자8579 4 68 227000039 277103350 22 
2020-11-28T16:03:56.987423+09:00 0 0 경기75자8579 4 68 227000039 277103350 22 
2020-11-28T16:04:56.921579+09:00 0 0 경기75자8579 4 68 227000039 277103350 22 
2020-11-28T16:05:56.065847+09:00 0 0 경기75자8579 4 68 227000039 277103350 22 
2020-11-28T16:06:56.060165+09:00 0 0 경기75자8579 4 68 227000039 277103348 23 
2020-11-28T16:07:55.164121+09:00 0 0 경기75자8579 4 68 227000039 277103348 23 
2020-11-28T16:08:54.418482+09:00 0 0 경기75자8579 4 68 227000039 277103348 23 
2020-11-28T16:09:54.492631+09:00 0 0 경기75자8579 4 68 227000039 277103348 23 
2020-11-28T16:10:53.806906+09:00 0 0 경기75자8579 4 68 227000039 277102840 25 
2020-11-28T16:11:53.511178+09:00 0 0 경기75자8579 4 68 227000039 277102840 25 
2020-11-28T16:12:53.635275+09:00 0 0 경기75자8579 4 68 227000039 277102840 25 
2020-11-28T16:13:53.398670+09:00 0 0 경기75자8579 4 68 227000039 277102840 25 
2020-11-28T16:14:53.142599+09:00 0 0 경기75자8579 4 68 227000039 277102840 25 
2020-11-28T16:15:52.776515+09:00 0 0 경기75자8579 4 68 227000039 277102840 25 
2020-11-28T16:16:52.580675+09:00 0 0 경기75자8579 4 68 227000039 277102840 25 
2020-11-28T16:17:51.514502+09:00 0 0 경기75자8579 4 68 227000039 277102840 25 
2020-11-28T16:18:51.368403+09:00 0 0 경기75자8579 4 68 227000039 277102840 25 
2020-11-28T16:19:50.472271+09:00 0 0 경기75자8579 4 68 227000039 277102840 25 
2020-11-28T16:20:50.056241+09:00 0 0 경기75자8579 4 68 227000039 277102840 25 
2020-11-28T16:21:49.680368+09:00 0 0 경기75자8579 4 68 227000039 277102840 25 
2020-11-28T16:22:49.324304+09:00 0 0 경기75자8579 4 68 227000039 277102840 25 
2020-11-28T16:23:49.158394+09:00 0 0 경기75자8579 4 68 227000039 277102840 25 
2020-11-28T16:24:48.882564+09:00 0 0 경기75자8579 4 68 227000039 277102840 25 
2020-11-28T16:25:48.276534+09:00 0 0 경기75자8579 4 68 227000039 277102840 25 
2020-11-28T16:26:48.300593+09:00 0 0 경기75자8579 4 68 227000039 277102840 25 
2020-11-28T16:27:48.244696+09:00 0 0 경기75자8579 4 68 227000039 277102840 25 
2020-11-28T16:28:47.698729+09:00 0 0 경기75자8579 4 68 227000039 277102840 25 
2020-11-28T16:29:47.272729+09:00 0 0 경기75자8579 4 68 227000039 277102840 25 
2020-11-28T16:30:47.146927+09:00 0 0 경기75자8579 4 68 227000039 277102840 25 
2020-11-28T16:31:47.211140+09:00 0 0 경기75자8579 4 70 227000039 123000048 26 
2020-11-28T16:32:47.175151+09:00 0 0 경기75자8579 4 72 227000039 123000048 26 
2020-11-28T16:33:46.849320+09:00 0 0 경기75자8579 4 72 227000039 123000048 26 
2020-11-28T16:34:46.293402+09:00 0 0 경기75자8579 4 72 227000039 123000048 26 
2020-11-28T16:35:45.677533+09:00 0 0 경기75자8579 4 72 227000039 277101950 27 
2020-11-28T16:36:44.571562+09:00 0 0 경기75자8579 4 72 227000039 277101950 27 
2020-11-28T16:37:44.245595+09:00 0 0 경기75자8579 4 72 227000039 277101950 27 
2020-11-28T16:38:43.779794+09:00 0 0 경기75자8579 4 72 227000039 277101950 27 
2020-11-28T16:39:43.313801+09:00 0 0 경기75자8579 4 72 227000039 277101950 27 
2020-11-28T16:40:43.187924+09:00 0 0 경기75자8579 4 72 227000039 277101950 27 
2020-11-28T16:41:42.952213+09:00 0 0 경기75자8579 4 72 227000039 277101950 27 
2020-11-28T16:42:42.816226+09:00 0 0 경기75자8579 4 72 227000039 277102068 28 
2020-11-28T16:43:42.570549+09:00 0 0 경기75자8579 4 72 227000039 277102068 28 
2020-11-28T16:44:42.674452+09:00 0 0 경기75자8579 4 72 227000039 277102068 28 
2020-11-28T16:45:42.158643+09:00 0 0 경기75자8579 4 64 227000039 123000511 29 
2020-11-28T16:46:41.782236+09:00 0 0 경기75자8579 4 64 227000039 123000511 29 
2020-11-28T16:47:41.246004+09:00 0 0 경기75자8579 4 64 227000039 123000511 29 
2020-11-28T16:48:40.739345+09:00 0 0 경기75자8579 4 64 227000039 123000511 29 
2020-11-28T16:49:40.352966+09:00 0 0 경기75자8579 4 64 227000039 123000511 29 
2020-11-28T16:50:39.846560+09:00 0 0 경기75자8579 4 64 227000039 277102842 30 
2020-11-28T16:51:39.630111+09:00 0 0 경기75자8579 4 64 227000039 277102842 30 
2020-11-28T16:52:39.014095+09:00 0 0 경기75자8579 4 64 227000039 277103353 31 
2020-11-28T16:53:38.867811+09:00 0 0 경기75자8579 4 64 227000039 277103353 31 
2020-11-28T16:54:38.521577+09:00 0 0 경기75자8579 4 64 227000039 277103353 31 
2020-11-28T16:55:38.395495+09:00 0 0 경기75자8579 4 64 227000039 277103353 31 
2020-11-28T16:56:37.889337+09:00 0 0 경기75자8579 4 64 227000039 277103349 32 
2020-11-28T16:57:37.833212+09:00 0 0 경기75자8579 4 64 227000039 277103349 32 
2020-11-28T16:58:37.787137+09:00 0 0 경기75자8579 4 64 227000039 277103351 33 
2020-11-28T16:59:37.521109+09:00 0 0 경기75자8579 4 64 227000039 277103351 33 
2020-11-28T17:00:36.564888+09:00 0 0 경기75자8579 4 64 227000039 277103351 33 
2020-11-28T17:01:36.858929+09:00 0 0 경기75자8579 4 64 227000039 277103351 33 
2020-11-28T17:02:36.513025+09:00 0 0 경기75자8579 4 64 227000039 277103351 33 
2020-11-28T17:03:36.066859+09:00 0 0 경기75자8579 4 64 227000039 227000284 34 
2020-11-28T17:04:35.860883+09:00 0 0 경기75자8579 4 64 227000039 227000284 34 
2020-11-28T17:05:35.674795+09:00 0 0 경기75자8579 4 64 227000039 227000656 35 
2020-11-28T17:06:35.108740+09:00 0 0 경기75자8579 4 64 227000039 227000656 35 
2020-11-28T17:07:35.022772+09:00 0 0 경기75자8579 4 65 227000039 227000656 35 
2020-11-28T17:08:34.956733+09:00 0 0 경기75자8579 4 65 227000039 227000484 36 
2020-11-28T17:09:34.750762+09:00 0 0 경기75자8579 4 65 227000039 227000484 36 
2020-11-28T17:10:34.434884+09:00 0 0 경기75자8579 4 63 227000039 227000232 37 
2020-11-28T17:11:34.408886+09:00 0 0 경기75자8579 4 64 227000039 227000281 38 
2020-11-28T17:12:34.082749+09:00 0 0 경기75자8579 4 64 227000039 227000281 38 
2020-11-28T17:13:33.996931+09:00 0 0 경기75자8579 4 64 227000039 227000281 38 
2020-11-28T17:14:32.840889+09:00 0 0 경기75자8579 4 65 227000039 227000268 39 
2020-11-28T17:15:32.634954+09:00 0 0 경기75자8579 4 65 227000039 227000268 39 
2020-11-28T17:16:32.328961+09:00 0 0 경기75자8579 4 65 227000039 227000679 40 
2020-11-28T17:17:31.913007+09:00 0 0 경기75자8579 4 65 227000039 227000679 40 
2020-11-28T17:18:31.827034+09:00 0 0 경기75자8579 4 65 227000039 227000071 41 
2020-11-28T17:19:31.641106+09:00 0 0 경기75자8579 4 65 227000039 227000071 41 
2020-11-28T17:20:31.445403+09:00 0 0 경기75자8579 4 68 227000039 227000256 42 
2020-11-28T17:21:31.099979+09:00 0 0 경기75자8579 4 68 227000039 227000192 43 
2020-11-28T17:22:30.834677+09:00 0 0 경기75자8579 4 68 227000039 227000210 45 
2020-11-28T17:23:31.159003+09:00 0 0 경기75자8579 4 68 227000039 227000630 46 
2020-11-28T17:24:29.773561+09:00 0 0 경기75자8579 4 66 227000039 227000208 47 
2020-11-28T17:25:29.527994+09:00 0 0 경기75자8579 4 66 227000039 227000208 47 
2020-11-28T17:26:29.422511+09:00 0 0 경기75자8579 4 66 227000039 227000206 48 
2020-11-28T17:27:28.986904+09:00 0 0 경기75자8579 4 66 227000039 227000311 49 
2020-11-28T17:28:28.751159+09:00 0 0 경기75자8579 4 66 227000039 227000664 50 
2020-11-28T17:29:28.525591+09:00 0 0 경기75자8579 4 66 227000039 227000305 52 
2020-11-28T17:30:28.229923+09:00 0 0 경기75자8579 4 66 227000039 227000307 53 
2020-11-28T17:31:27.924198+09:00 0 0 경기75자8579 4 72 227000039 227000306 54 
2020-11-28T17:32:27.328410+09:00 0 0 경기75자8579 4 72 227000039 227000334 55 
2020-11-28T17:33:27.642848+09:00 0 0 경기75자8579 4 72 227000039 227000334 55 
2020-11-28T17:34:26.667024+09:00 0 0 경기75자8579 4 72 227000039 227000334 55 
2020-11-28T17:35:26.411325+09:00 0 0 경기75자8579 4 72 227000039 227000260 56 
2020-11-28T17:36:26.405603+09:00 0 0 경기75자8579 4 72 227000039 227000260 56 
2020-11-28T17:37:25.049629+09:00 0 0 경기75자8579 4 72 227000039 227000260 56 
2020-11-28T17:38:24.737233+09:00 0 0 경기75자8579 4 72 227000039 227000260 56 
2020-11-28T17:39:24.918174+09:00 0 0 경기75자8579 4 72 227000039 227000260 56 
2020-11-28T17:40:23.972229+09:00 0 0 경기75자8579 4 72 227000039 227000260 56 
2020-11-28T17:41:23.146500+09:00 0 0 경기75자8579 4 72 227000039 227000260 56 
2020-11-28T17:42:22.240610+09:00 0 0 경기75자8579 4 72 227000039 227000260 56 
2020-11-28T17:43:21.464840+09:00 0 0 경기75자8579 4 72 227000039 227000260 56 
2020-11-28T17:44:20.278794+09:00 0 0 경기75자8579 4 72 227000039 227000260 56 
2020-11-28T17:45:20.113131+09:00 0 0 경기75자8579 4 72 227000039 227000260 56 
2020-11-28T17:46:20.267344+09:00 0 0 경기75자8579 4 72 227000039 227000260 56 
2020-11-28T17:47:19.261472+09:00 0 0 경기75자8579 4 72 227000039 227000260 56 
2020-11-28T17:48:18.665635+09:00 0 0 경기75자8579 4 72 227000039 227000260 56 
2020-11-28T17:49:18.199739+09:00 0 0 경기75자8579 4 72 227000039 227000260 56 
2020-11-28T18:15:12.262153+09:00 0 0 경기75자8579 4 72 227000039 227000261 2 
2020-11-28T18:16:12.296484+09:00 0 0 경기75자8579 4 72 227000039 227000677 3 
2020-11-28T18:17:11.277083+09:00 0 0 경기75자8579 4 72 227000039 227000677 3 
2020-11-28T18:18:11.134937+09:00 0 0 경기75자8579 4 72 227000039 227000308 4 
2020-11-28T18:19:10.019144+09:00 0 0 경기75자8579 4 72 227000039 227000308 4 
2020-11-28T18:20:09.683336+09:00 0 0 경기75자8579 4 72 227000039 227000308 4 
2020-11-28T18:21:09.657564+09:00 0 0 경기75자8579 4 72 227000039 227000308 4 
2020-11-28T18:22:09.401788+09:00 0 0 경기75자8579 4 72 227000039 227000304 5 
2020-11-28T18:23:09.215978+09:00 0 0 경기75자8579 4 72 227000039 227000304 5 
2020-11-28T18:24:09.070296+09:00 0 0 경기75자8579 4 72 227000039 227000304 5 
2020-11-28T18:25:08.984375+09:00 0 0 경기75자8579 4 72 227000039 227000310 7 
2020-11-28T18:26:08.798706+09:00 0 0 경기75자8579 4 72 227000039 227000310 7 
2020-11-28T18:27:08.473516+09:00 0 0 경기75자8579 4 72 227000039 227000310 7 
2020-11-28T18:28:08.477173+09:00 0 0 경기75자8579 4 72 227000039 227000205 8 
2020-11-28T18:29:08.320868+09:00 0 0 경기75자8579 4 72 227000039 227000207 9 
2020-11-28T18:30:08.294251+09:00 0 0 경기75자8579 4 72 227000039 227000209 10 
2020-11-28T18:31:07.307815+09:00 0 0 경기75자8579 4 72 227000039 227000209 10 
2020-11-28T18:32:06.971947+09:00 0 0 경기75자8579 4 72 227000039 227000211 11 
2020-11-28T18:33:06.825093+09:00 0 0 경기75자8579 4 72 227000039 227000072 14 
2020-11-28T18:34:06.138692+09:00 0 0 경기75자8579 4 72 227000039 227000072 14 
2020-11-28T18:35:06.292628+09:00 0 0 경기75자8579 4 72 227000039 227000678 15 
2020-11-28T18:36:04.966126+09:00 0 0 경기75자8579 4 70 227000039 227000269 16 
2020-11-28T18:37:04.929889+09:00 0 0 경기75자8579 4 70 227000039 227000269 16 
2020-11-28T18:38:05.073707+09:00 0 0 경기75자8579 4 70 227000039 227000269 16 
2020-11-28T18:39:03.897564+09:00 0 0 경기75자8579 4 72 227000039 227000280 17 
2020-11-28T18:40:03.461363+09:00 0 0 경기75자8579 4 72 227000039 227000485 19 
2020-11-28T18:41:03.255363+09:00 0 0 경기75자8579 4 72 227000039 227000485 19 
2020-11-28T18:42:03.089247+09:00 0 0 경기75자8579 4 72 227000039 227000485 19 
2020-11-28T18:43:02.913189+09:00 0 0 경기75자8579 4 72 227000039 227000291 20 
2020-11-28T18:44:02.587150+09:00 0 0 경기75자8579 4 72 227000039 227000291 20 
2020-11-28T18:45:02.181136+09:00 0 0 경기75자8579 4 72 227000039 227000282 21 
2020-11-28T18:46:01.985148+09:00 0 0 경기75자8579 4 72 227000039 227000282 21 
2020-11-28T18:47:01.369156+09:00 0 0 경기75자8579 4 72 227000039 227000282 21 
2020-11-28T18:48:00.683060+09:00 0 0 경기75자8579 4 72 227000039 227000282 21 
2020-11-28T18:49:00.116994+09:00 0 0 경기75자8579 4 72 227000039 227000282 21 
2020-11-28T18:49:59.800994+09:00 0 0 경기75자8579 4 72 227000039 277103350 22 
2020-11-28T18:50:59.635015+09:00 0 0 경기75자8579 4 72 227000039 277103350 22 
2020-11-28T18:51:59.358962+09:00 0 0 경기75자8579 4 72 227000039 277103350 22 
2020-11-28T18:52:59.533180+09:00 0 0 경기75자8579 4 72 227000039 277103348 23 
2020-11-28T18:53:59.317138+09:00 0 0 경기75자8579 4 72 227000039 277103348 23 
2020-11-28T18:54:58.921169+09:00 0 0 경기75자8579 4 72 227000039 277103348 23 
2020-11-28T18:55:58.935231+09:00 0 0 경기75자8579 4 72 227000039 277103352 24 
2020-11-28T18:56:58.829370+09:00 0 0 경기75자8579 4 72 227000039 277102840 25 
2020-11-28T18:57:58.503333+09:00 0 0 경기75자8579 4 72 227000039 277102840 25 
2020-11-28T18:58:58.297400+09:00 0 0 경기75자8579 4 72 227000039 277102840 25 
2020-11-28T18:59:58.271451+09:00 0 0 경기75자8579 4 72 227000039 277102840 25 
2020-11-28T19:00:58.155706+09:00 0 0 경기75자8579 4 72 227000039 277102840 25 
2020-11-28T19:01:58.259593+09:00 0 0 경기75자8579 4 72 227000039 123000048 26 
2020-11-28T19:02:57.193856+09:00 0 0 경기75자8579 4 72 227000039 277101950 27 
2020-11-28T19:03:56.678731+09:00 0 0 경기75자8579 4 72 227000039 277101950 27 
2020-11-28T19:04:56.463258+09:00 0 0 경기75자8579 4 72 227000039 277101950 27 
2020-11-28T19:05:56.507980+09:00 0 0 경기75자8579 4 72 227000039 277101950 27 
2020-11-28T19:06:56.212581+09:00 0 0 경기75자8579 4 72 227000039 277101950 27 
2020-11-28T19:07:55.877255+09:00 0 0 경기75자8579 4 72 227000039 277101950 27 
2020-11-28T19:08:55.791473+09:00 0 0 경기75자8579 4 72 227000039 277102068 28 
2020-11-28T19:09:54.745914+09:00 0 0 경기75자8579 4 72 227000039 277102068 28 
2020-11-28T19:10:53.610254+09:00 0 0 경기75자8579 4 72 227000039 277102068 28 
2020-11-28T19:11:53.194645+09:00 0 0 경기75자8579 4 72 227000039 123000511 29 
2020-11-28T19:12:53.339104+09:00 0 0 경기75자8579 4 72 227000039 123000511 29 
2020-11-28T19:13:52.203938+09:00 0 0 경기75자8579 4 72 227000039 123000511 29 
2020-11-28T19:14:51.667648+09:00 0 0 경기75자8579 4 72 227000039 123000511 29 
2020-11-28T19:15:51.522054+09:00 0 0 경기75자8579 4 72 227000039 277102842 30 
2020-11-28T19:16:51.086312+09:00 0 0 경기75자8579 4 72 227000039 277102842 30 
2020-11-28T19:17:50.520479+09:00 0 0 경기75자8579 4 72 227000039 277103353 31 
2020-11-28T19:18:50.444760+09:00 0 0 경기75자8579 4 72 227000039 277103349 32 
2020-11-28T19:19:49.218906+09:00 0 0 경기75자8579 4 72 227000039 277103349 32 
2020-11-28T19:20:49.003124+09:00 0 0 경기75자8579 4 72 227000039 277103349 32 
2020-11-28T19:21:48.757356+09:00 0 0 경기75자8579 4 72 227000039 277103351 33 
2020-11-28T19:22:48.391864+09:00 0 0 경기75자8579 4 72 227000039 277103351 33 
2020-11-28T19:23:48.495799+09:00 0 0 경기75자8579 4 72 227000039 277103351 33 
2020-11-28T19:24:47.369970+09:00 0 0 경기75자8579 4 72 227000039 277103351 33 
2020-11-28T19:25:46.984182+09:00 0 0 경기75자8579 4 72 227000039 227000284 34 
2020-11-28T19:26:46.548421+09:00 0 0 경기75자8579 4 72 227000039 227000284 34 
2020-11-28T19:27:46.472535+09:00 0 0 경기75자8579 4 72 227000039 227000656 35 
2020-11-28T19:28:46.236906+09:00 0 0 경기75자8579 4 71 227000039 227000656 35 
2020-11-28T19:29:46.160973+09:00 0 0 경기75자8579 4 71 227000039 227000656 35 
2020-11-28T19:30:45.935071+09:00 0 0 경기75자8579 4 71 227000039 227000232 37 
2020-11-28T19:31:45.649380+09:00 0 0 경기75자8579 4 71 227000039 227000232 37 
2020-11-28T19:32:45.193666+09:00 0 0 경기75자8579 4 71 227000039 227000232 37 
2020-11-28T19:33:45.087688+09:00 0 0 경기75자8579 4 71 227000039 227000268 39 
2020-11-28T19:34:44.771901+09:00 0 0 경기75자8579 4 71 227000039 227000268 39 
2020-11-28T19:35:44.536136+09:00 0 0 경기75자8579 4 71 227000039 227000679 40 
2020-11-28T19:36:44.170213+09:00 0 0 경기75자8579 4 71 227000039 227000071 41 
2020-11-28T19:37:44.044505+09:00 0 0 경기75자8579 4 71 227000039 227000071 41 
2020-11-28T19:38:43.908652+09:00 0 0 경기75자8579 4 71 227000039 227000212 44 
2020-11-28T19:39:43.522890+09:00 0 0 경기75자8579 4 71 227000039 227000210 45 
2020-11-28T19:40:43.287203+09:00 0 0 경기75자8579 4 71 227000039 227000210 45 
2020-11-28T19:41:42.431296+09:00 0 0 경기75자8579 4 71 227000039 227000208 47 
2020-11-28T19:42:42.485482+09:00 0 0 경기75자8579 4 71 227000039 227000206 48 
2020-11-28T19:43:42.019676+09:00 0 0 경기75자8579 4 71 227000039 227000206 48 
2020-11-28T19:44:41.853919+09:00 0 0 경기75자8579 4 71 227000039 227000311 49 
2020-11-28T19:45:41.767995+09:00 0 0 경기75자8579 4 71 227000039 227000311 49 
2020-11-28T19:46:40.652142+09:00 0 0 경기75자8579 4 71 227000039 227000665 51 
2020-11-28T19:47:40.436321+09:00 0 0 경기75자8579 4 72 227000039 227000307 53 
2020-11-28T19:48:40.320579+09:00 0 0 경기75자8579 4 72 227000039 227000306 54 
2020-11-28T19:49:40.114757+09:00 0 0 경기75자8579 4 72 227000039 227000334 55 
2020-11-28T19:50:40.088939+09:00 0 0 경기75자8579 4 72 227000039 227000260 56 
2020-11-28T20:51:16.929127+09:00 0 0 경기75자8579 4 72 227000039 227000261 2 
2020-11-28T20:52:16.323337+09:00 0 0 경기75자8579 4 72 227000039 227000677 3 
2020-11-28T20:53:15.797443+09:00 0 0 경기75자8579 4 72 227000039 227000677 3 
2020-11-28T20:54:15.641584+09:00 0 0 경기75자8579 4 72 227000039 227000308 4 
2020-11-28T20:55:15.195814+09:00 0 0 경기75자8579 4 69 227000039 227000308 4 
2020-11-28T20:56:14.979986+09:00 0 0 경기75자8579 4 69 227000039 227000666 6 
2020-11-28T20:57:14.714238+09:00 0 0 경기75자8579 4 68 227000039 227000666 6 
2020-11-28T20:58:14.448511+09:00 0 0 경기75자8579 4 68 227000039 227000310 7 
2020-11-28T20:59:13.922492+09:00 0 0 경기75자8579 4 68 227000039 227000205 8 
2020-11-28T21:00:13.446630+09:00 0 0 경기75자8579 4 68 227000039 227000207 9 
2020-11-28T21:01:13.300893+09:00 0 0 경기75자8579 4 69 227000039 227000207 9 
2020-11-28T21:02:12.935031+09:00 0 0 경기75자8579 4 69 227000039 227000209 10 
2020-11-28T21:03:12.349142+09:00 0 0 경기75자8579 4 69 227000039 227000209 10 
2020-11-28T21:04:11.963481+09:00 0 0 경기75자8579 4 69 227000039 227000211 11 
2020-11-28T21:05:11.777406+09:00 0 0 경기75자8579 4 69 227000039 227000072 14 
2020-11-28T21:06:11.321486+09:00 0 0 경기75자8579 4 69 227000039 227000072 14 
2020-11-28T21:07:11.185784+09:00 0 0 경기75자8579 4 69 227000039 227000678 15 
2020-11-28T21:08:10.890048+09:00 0 0 경기75자8579 4 69 227000039 227000269 16 
2020-11-28T21:09:10.483946+09:00 0 0 경기75자8579 4 67 227000039 227000269 16 
2020-11-28T21:10:10.168186+09:00 0 0 경기75자8579 4 67 227000039 227000269 16 
2020-11-28T21:11:10.002336+09:00 0 0 경기75자8579 4 67 227000039 227000280 17 
2020-11-28T21:12:10.016483+09:00 0 0 경기75자8579 4 67 227000039 227000230 18 
2020-11-28T21:13:08.770536+09:00 0 0 경기75자8579 4 66 227000039 227000485 19 
2020-11-28T21:14:08.174700+09:00 0 0 경기75자8579 4 66 227000039 227000485 19 
2020-11-28T21:15:07.818919+09:00 0 0 경기75자8579 4 66 227000039 227000291 20 
2020-11-28T21:16:07.394508+09:00 0 0 경기75자8579 4 64 227000039 227000291 20 
2020-11-28T21:17:07.177170+09:00 0 0 경기75자8579 4 64 227000039 227000291 20 
2020-11-28T21:18:06.801327+09:00 0 0 경기75자8579 4 64 227000039 227000282 21 
2020-11-28T21:19:06.655496+09:00 0 0 경기75자8579 4 64 227000039 227000282 21 
2020-11-28T21:20:06.629491+09:00 0 0 경기75자8579 4 64 227000039 227000282 21 
2020-11-28T21:21:06.123613+09:00 0 0 경기75자8579 4 64 227000039 227000282 21 
2020-11-28T21:22:05.537703+09:00 0 0 경기75자8579 4 64 227000039 277103350 22 
2020-11-28T21:23:05.151710+09:00 0 0 경기75자8579 4 64 227000039 277103350 22 
2020-11-28T21:24:04.685837+09:00 0 0 경기75자8579 4 64 227000039 277103350 22 
2020-11-28T21:25:04.229948+09:00 0 0 경기75자8579 4 64 227000039 277103348 23 
2020-11-28T21:26:03.553925+09:00 0 0 경기75자8579 4 64 227000039 277103348 23 
2020-11-28T21:27:03.088132+09:00 0 0 경기75자8579 4 64 227000039 277103348 23 
2020-11-28T21:28:03.032333+09:00 0 0 경기75자8579 4 64 227000039 277103352 24 
2020-11-28T21:29:02.696332+09:00 0 0 경기75자8579 4 64 227000039 277102840 25 
2020-11-28T21:30:02.360453+09:00 0 0 경기75자8579 4 64 227000039 277102840 25 
2020-11-28T21:31:02.284572+09:00 0 0 경기75자8579 4 64 227000039 277102840 25 
2020-11-28T21:32:01.618573+09:00 0 0 경기75자8579 4 64 227000039 277102840 25 
2020-11-28T21:33:01.082784+09:00 0 0 경기75자8579 4 64 227000039 123000048 26 
2020-11-28T21:34:00.546941+09:00 0 0 경기75자8579 4 72 227000039 123000048 26 
2020-11-28T21:35:00.311008+09:00 0 0 경기75자8579 4 72 227000039 123000048 26 
2020-11-28T21:35:59.925355+09:00 0 0 경기75자8579 4 72 227000039 277101950 27 
2020-11-28T21:36:59.389357+09:00 0 0 경기75자8579 4 72 227000039 277101950 27 
2020-11-28T21:37:59.103383+09:00 0 0 경기75자8579 4 72 227000039 277101950 27 
2020-11-28T21:38:58.927638+09:00 0 0 경기75자8579 4 72 227000039 277101950 27 
2020-11-28T21:39:58.531637+09:00 0 0 경기75자8579 4 72 227000039 277102068 28 
2020-11-28T21:40:58.065805+09:00 0 0 경기75자8579 4 72 227000039 123000511 29 
2020-11-28T21:41:57.919997+09:00 0 0 경기75자8579 4 72 227000039 123000511 29 
2020-11-28T21:42:57.504220+09:00 0 0 경기75자8579 4 70 227000039 123000511 29 
2020-11-28T21:43:57.058210+09:00 0 0 경기75자8579 4 70 227000039 123000511 29 
2020-11-28T21:44:56.942230+09:00 0 0 경기75자8579 4 70 227000039 123000511 29 
2020-11-28T21:45:56.816507+09:00 0 0 경기75자8579 4 70 227000039 277102842 30 
2020-11-28T21:46:56.500580+09:00 0 0 경기75자8579 4 70 227000039 277103353 31 
2020-11-28T21:47:56.194711+09:00 0 0 경기75자8579 4 70 227000039 277103353 31 
2020-11-28T21:48:56.058917+09:00 0 0 경기75자8579 4 70 227000039 277103353 31 
2020-11-28T21:49:55.063092+09:00 0 0 경기75자8579 4 70 227000039 277103349 32 
2020-11-28T21:50:54.923942+09:00 0 0 경기75자8579 4 70 227000039 277103349 32 
2020-11-28T21:51:54.481243+09:00 0 0 경기75자8579 4 70 227000039 277103351 33 
2020-11-28T21:52:53.915412+09:00 0 0 경기75자8579 4 70 227000039 277103351 33 
2020-11-28T21:53:53.409493+09:00 0 0 경기75자8579 4 70 227000039 277103351 33 
2020-11-28T21:54:53.133469+09:00 0 0 경기75자8579 4 70 227000039 277103351 33 
2020-11-28T21:55:52.917807+09:00 0 0 경기75자8579 4 70 227000039 227000284 34 
2020-11-28T21:56:52.601809+09:00 0 0 경기75자8579 4 70 227000039 227000284 34 
2020-11-28T21:57:51.995860+09:00 0 0 경기75자8579 4 71 227000039 227000484 36 
2020-11-28T21:58:51.529974+09:00 0 0 경기75자8579 4 71 227000039 227000484 36 
2020-11-28T21:59:51.194101+09:00 0 0 경기75자8579 4 71 227000039 227000484 36 
2020-11-28T22:00:50.578143+09:00 0 0 경기75자8579 4 71 227000039 227000484 36 
2020-11-28T22:01:49.902071+09:00 0 0 경기75자8579 4 71 227000039 227000268 39 
2020-11-28T22:02:49.606387+09:00 0 0 경기75자8579 4 71 227000039 227000268 39 
2020-11-28T22:03:50.080610+09:00 0 0 경기75자8579 4 72 227000039 227000679 40 
2020-11-28T22:04:49.094653+09:00 0 0 경기75자8579 4 72 227000039 227000679 40 
2020-11-28T22:05:48.328688+09:00 0 0 경기75자8579 4 72 227000039 227000071 41 
2020-11-28T22:06:47.932857+09:00 0 0 경기75자8579 4 72 227000039 227000192 43 
2020-11-28T22:07:47.207016+09:00 0 0 경기75자8579 4 72 227000039 227000212 44 
2020-11-28T22:08:46.550973+09:00 0 0 경기75자8579 4 72 227000039 227000630 46 
2020-11-28T22:09:45.895140+09:00 0 0 경기75자8579 4 72 227000039 227000208 47 
2020-11-28T22:10:45.399289+09:00 0 0 경기75자8579 4 72 227000039 227000206 48 
2020-11-28T22:11:44.383485+09:00 0 0 경기75자8579 4 72 227000039 227000311 49 
2020-11-28T22:12:43.957455+09:00 0 0 경기75자8579 4 72 227000039 227000664 50 
2020-11-28T22:13:43.611921+09:00 0 0 경기75자8579 4 72 227000039 227000665 51 
2020-11-28T22:14:43.085853+09:00 0 0 경기75자8579 4 72 227000039 227000306 54 
2020-11-28T22:15:43.189911+09:00 0 0 경기75자8579 4 72 227000039 227000306 54 
2020-11-28T22:16:42.843988+09:00 0 0 경기75자8579 4 72 227000039 227000334 55 
2020-11-28T22:17:42.218148+09:00 0 0 경기75자8579 4 72 227000039 227000260 56 
2020-11-28T23:14:09.587710+09:00 0 0 경기75자8579 4 72 227000039 227000261 2 
2020-11-28T23:15:09.241996+09:00 0 0 경기75자8579 4 72 227000039 227000261 2 
2020-11-28T23:16:08.736175+09:00 0 0 경기75자8579 4 72 227000039 227000677 3 
2020-11-28T23:17:08.250284+09:00 0 0 경기75자8579 4 72 227000039 227000677 3 
2020-11-28T23:18:07.984357+09:00 0 0 경기75자8579 4 72 227000039 227000677 3 
2020-11-28T23:19:07.758555+09:00 0 0 경기75자8579 4 72 227000039 227000308 4 
2020-11-28T23:20:07.192770+09:00 0 0 경기75자8579 4 70 227000039 227000308 4 
2020-11-28T23:21:06.676922+09:00 0 0 경기75자8579 4 70 227000039 227000666 6 
2020-11-28T23:22:05.970846+09:00 0 0 경기75자8579 4 70 227000039 227000310 7 
2020-11-28T23:23:05.224998+09:00 0 0 경기75자8579 4 70 227000039 227000310 7 
2020-11-28T23:24:05.219235+09:00 0 0 경기75자8579 4 70 227000039 227000310 7 
2020-11-28T23:25:04.453279+09:00 0 0 경기75자8579 4 70 227000039 227000207 9 
2020-11-28T23:26:03.717366+09:00 0 0 경기75자8579 4 70 227000039 227000209 10 
2020-11-28T23:27:03.281575+09:00 0 0 경기75자8579 4 70 227000039 227000209 10 
2020-11-28T23:28:02.815515+09:00 0 0 경기75자8579 4 72 227000039 227000191 12 
2020-11-28T23:29:02.509987+09:00 0 0 경기75자8579 4 72 227000039 227000257 13 
2020-11-28T23:30:01.973848+09:00 0 0 경기75자8579 4 72 227000039 227000072 14 
2020-11-28T23:31:01.487924+09:00 0 0 경기75자8579 4 72 227000039 227000072 14 
2020-11-28T23:32:00.722070+09:00 0 0 경기75자8579 4 72 227000039 227000678 15 
2020-11-28T23:33:00.106096+09:00 0 0 경기75자8579 4 72 227000039 227000280 17 
2020-11-28T23:33:59.240196+09:00 0 0 경기75자8579 4 72 227000039 227000230 18 
2020-11-28T23:34:58.664239+09:00 0 0 경기75자8579 4 72 227000039 227000230 18 
2020-11-28T23:35:58.048348+09:00 0 0 경기75자8579 4 72 227000039 227000230 18 
2020-11-28T23:36:57.382529+09:00 0 0 경기75자8579 4 72 227000039 227000485 19 
2020-11-28T23:37:57.396706+09:00 0 0 경기75자8579 4 72 227000039 227000485 19 
2020-11-28T23:38:55.910866+09:00 0 0 경기75자8579 4 72 227000039 227000291 20 
2020-11-28T23:39:55.444984+09:00 0 0 경기75자8579 4 72 227000039 227000291 20 
2020-11-28T23:40:54.989191+09:00 0 0 경기75자8579 4 72 227000039 227000291 20 
2020-11-28T23:41:54.203334+09:00 0 0 경기75자8579 4 72 227000039 227000291 20 
2020-11-28T23:42:53.527532+09:00 0 0 경기75자8579 4 72 227000039 227000282 21 
2020-11-28T23:43:53.161642+09:00 0 0 경기75자8579 4 72 227000039 227000282 21 
2020-11-28T23:44:52.825737+09:00 0 0 경기75자8579 4 72 227000039 227000282 21 
2020-11-28T23:45:52.229919+09:00 0 0 경기75자8579 4 72 227000039 277103350 22 
2020-11-28T23:46:51.674042+09:00 0 0 경기75자8579 4 72 227000039 277103350 22 
2020-11-28T23:47:51.648256+09:00 0 0 경기75자8579 4 72 227000039 277103350 22 
2020-11-28T23:48:50.892385+09:00 0 0 경기75자8579 4 72 227000039 277103350 22 
2020-11-28T23:49:50.376491+09:00 0 0 경기75자8579 4 72 227000039 277103348 23 
2020-11-28T23:50:49.790625+09:00 0 0 경기75자8579 4 72 227000039 277103348 23 
2020-11-28T23:51:48.834744+09:00 0 0 경기75자8579 4 72 227000039 277103352 24 
2020-11-28T23:52:48.308784+09:00 0 0 경기75자8579 4 72 227000039 277102840 25 
2020-11-28T23:53:47.352924+09:00 0 0 경기75자8579 4 72 227000039 277102840 25 
2020-11-28T23:54:46.816973+09:00 0 0 경기75자8579 4 72 227000039 277102840 25 
2020-11-28T23:55:46.121017+09:00 0 0 경기75자8579 4 72 227000039 277102840 25 
2020-11-28T23:56:45.155239+09:00 0 0 경기75자8579 4 72 227000039 277102840 25 
2020-11-28T23:57:44.599215+09:00 0 0 경기75자8579 4 72 227000039 277102840 25 
2020-11-28T23:58:43.643418+09:00 0 0 경기75자8579 4 72 227000039 277101950 27 
2020-11-28T23:59:43.057498+09:00 0 0 경기75자8579 4 72 227000039 277101950 27 
2020-11-29T00:00:42.111464+09:00 0 0 경기75자8579 4 72 227000039 277101950 27 
2020-11-29T00:01:41.465747+09:00 0 0 경기75자8579 4 72 227000039 277101950 27 
2020-11-29T00:02:40.899775+09:00 0 0 경기75자8579 4 72 227000039 277101950 27 
2020-11-29T00:03:39.913878+09:00 0 0 경기75자8579 4 72 227000039 277102068 28 
2020-11-29T00:04:40.228067+09:00 0 0 경기75자8579 4 72 227000039 277102068 28 
2020-11-29T00:05:38.482082+09:00 1 0 경기75자8579 4 72 227000039 123000511 29 
2020-11-29T00:06:37.866084+09:00 1 0 경기75자8579 4 72 227000039 123000511 29 
2020-11-29T00:07:37.090250+09:00 1 0 경기75자8579 4 72 227000039 123000511 29 
2020-11-29T00:08:36.254347+09:00 0 0 경기75자8579 4 72 227000039 123000511 29 
2020-11-29T00:09:36.088570+09:00 0 0 경기75자8579 4 72 227000039 123000511 29 
2020-11-29T00:10:35.372549+09:00 0 0 경기75자8579 4 72 227000039 277102842 30 
2020-11-29T00:11:34.696874+09:00 0 0 경기75자8579 4 72 227000039 277103353 31 
2020-11-29T00:12:33.950857+09:00 0 0 경기75자8579 4 72 227000039 277103353 31 
2020-11-29T00:13:33.164973+09:00 0 0 경기75자8579 4 72 227000039 277103353 31 
2020-11-29T00:14:33.109166+09:00 0 0 경기75자8579 4 72 227000039 277103353 31 
2020-11-29T00:15:32.423431+09:00 0 0 경기75자8579 4 72 227000039 277103349 32 
2020-11-29T00:16:31.777403+09:00 0 0 경기75자8579 4 72 227000039 277103349 32 
2020-11-29T00:17:31.141643+09:00 0 0 경기75자8579 4 72 227000039 277103349 32 
2020-11-29T00:18:30.345671+09:00 0 0 경기75자8579 4 72 227000039 277103351 33 
2020-11-29T00:19:29.599742+09:00 0 0 경기75자8579 4 72 227000039 277103351 33 
2020-11-29T00:20:28.593881+09:00 0 0 경기75자8579 4 72 227000039 277103351 33 
2020-11-29T00:21:28.598197+09:00 0 0 경기75자8579 4 72 227000039 227000284 34 
2020-11-29T00:22:28.692165+09:00 0 0 경기75자8579 4 72 227000039 227000656 35 
2020-11-29T00:23:28.626350+09:00 0 0 경기75자8579 4 72 227000039 227000484 36 
2020-11-29T00:24:27.631021+09:00 0 0 경기75자8579 4 72 227000039 227000232 37 
2020-11-29T00:25:27.444813+09:00 0 0 경기75자8579 4 72 227000039 227000232 37 
2020-11-29T00:26:27.388757+09:00 0 0 경기75자8579 4 72 227000039 227000232 37 
2020-11-29T00:27:26.432915+09:00 0 0 경기75자8579 4 72 227000039 227000268 39 
2020-11-29T00:28:26.517126+09:00 0 0 경기75자8579 4 72 227000039 227000679 40 
2020-11-29T00:29:28.391761+09:00 0 0 경기75자8579 4 72 227000039 227000679 40 
2020-11-29T00:30:25.275397+09:00 0 0 경기75자8579 4 72 227000039 227000192 43 
2020-11-29T00:31:25.189501+09:00 0 0 경기75자8579 4 72 227000039 227000212 44 
2020-11-29T00:32:24.973586+09:00 0 0 경기75자8579 4 72 227000039 227000212 44 
2020-11-29T00:33:24.347705+09:00 0 0 경기75자8579 4 72 227000039 227000210 45 
2020-11-29T00:34:24.151890+09:00 0 0 경기75자8579 4 72 227000039 227000208 47 
2020-11-29T00:35:23.935977+09:00 0 0 경기75자8579 4 72 227000039 227000208 47 
2020-11-29T00:36:23.750091+09:00 0 0 경기75자8579 4 72 227000039 227000311 49 
2020-11-29T00:37:23.274280+09:00 0 0 경기75자8579 4 72 227000039 227000311 49 
2020-11-29T00:38:22.628347+09:00 0 0 경기75자8579 4 72 227000039 227000665 51 
2020-11-29T00:39:22.002773+09:00 0 0 경기75자8579 4 72 227000039 227000305 52 
2020-11-29T00:40:20.956959+09:00 0 0 경기75자8579 4 72 227000039 227000306 54 
2020-11-29T00:41:20.940698+09:00 0 0 경기75자8579 4 72 227000039 227000306 54 
2020-11-29T00:42:20.954845+09:00 0 0 경기75자8579 4 72 227000039 227000334 55 
2020-11-29T00:43:19.918905+09:00 0 0 경기75자8579 4 72 227000039 227000334 55 
2020-11-29T00:44:19.703066+09:00 0 0 경기75자8579 4 72 227000039 227000334 55 
