222000075 2020-12-08T00:00:42.172516+09:00
2020-12-08T13:17:21 0 0 경기74아1341 3 40 222000075 222000870 43 
2020-12-08T13:17:21 0 0 경기74아1339 3 43 222000075 122000140 92 
2020-12-08T13:17:21 0 0 경기74아1344 3 43 222000075 222000412 115 
2020-12-08T13:17:21 0 0 경기74아1346 3 45 222000075 222000515 24 
2020-12-08T13:17:21 0 0 경기74아1379 3 41 222000075 123000511 96 
2020-12-08T13:17:21 0 0 경기74아1371 3 45 222000075 222000545 155 
2020-12-08T13:17:21 0 0 경기74아1372 3 45 222000075 121000091 81 
2020-12-08T13:17:21 0 0 경기74아1347 3 37 222000075 123000053 72 
2020-12-08T13:17:21 0 0 경기74아1338 3 43 222000075 122000115 77 
2020-12-08T13:17:21 0 0 경기74아1343 3 41 222000075 222000508 31 
2020-12-08T13:17:21 0 0 경기74아1370 3 37 222000075 222000680 50 
2020-12-08T13:17:21 0 0 경기74아1406 3 29 222000075 277103309 67 
2020-12-08T13:17:21 0 0 경기74아1380 3 30 222000075 277103219 59 
2020-12-08T13:17:21 0 0 경기74아1345 3 45 222000075 222000482 134 
2020-12-08T13:17:21 0 0 경기74아1368 3 43 222000075 277103212 105 
2020-12-08T13:17:21 0 0 경기74아1340 3 45 222000075 277103680 84 
