234000079 2020-12-01T00:00:57.350720+09:00
2020-12-01T04:36:12.160591+09:00 0 0 경기77바2089 3 45 234000079 277101661 2 
2020-12-01T04:37:11.604349+09:00 0 0 경기77바2089 3 45 234000079 234000348 4 
2020-12-01T04:38:10.978267+09:00 0 0 경기77바2089 3 45 234000079 234000347 5 
2020-12-01T04:39:10.312074+09:00 0 0 경기77바2089 3 45 234000079 234000346 6 
2020-12-01T04:40:09.696043+09:00 0 0 경기77바2089 3 45 234000079 234000345 7 
2020-12-01T04:41:09.409811+09:00 0 0 경기77바2089 3 45 234000079 234001068 8 
2020-12-01T04:42:09.213907+09:00 0 0 경기77바2089 3 45 234000079 234000344 9 
2020-12-01T04:43:09.037828+09:00 0 0 경기77바2089 3 45 234000079 234000343 10 
2020-12-01T04:44:08.971933+09:00 0 0 경기77바2089 3 44 234000079 234000673 11 
2020-12-01T04:45:08.805982+09:00 0 0 경기77바2089 3 43 234000079 234000089 13 
2020-12-01T04:46:08.839865+09:00 0 0 경기77바2089 3 43 234000079 234000089 13 
2020-12-01T04:47:07.773862+09:00 0 0 경기77바2089 3 43 234000079 234000342 14 
2020-12-01T04:48:07.967800+09:00 0 0 경기77바2089 3 42 234000079 234000342 14 
2020-12-01T04:49:07.111909+09:00 0 0 경기77바2089 3 42 234000079 234000341 15 
