234001204 2020-12-28T19:23:52.118702+09:00
2020-12-29T17:30:26 0 0 경기77바2263 3 44 234001204 234000604 1 
2020-12-29T17:31:26 0 0 경기77바2263 3 43 234001204 234000946 2 
2020-12-29T17:32:26 0 0 경기77바2263 3 42 234001204 234000348 3 
2020-12-29T17:33:25 0 0 경기77바2263 3 42 234001204 234000347 4 
2020-12-29T17:34:25 0 0 경기77바2263 3 40 234001204 234000346 5 
2020-12-29T17:35:25 0 0 경기77바2263 3 40 234001204 234000345 6 
2020-12-29T17:36:25 0 0 경기77바2263 3 40 234001204 234001068 7 
2020-12-29T17:37:25 0 0 경기77바2263 3 39 234001204 234001068 7 
2020-12-29T17:38:24 0 0 경기77바2263 3 39 234001204 234000344 8 
2020-12-29T17:39:24 0 0 경기77바2263 3 38 234001204 234000343 9 
2020-12-29T17:40:24 0 0 경기77바2263 3 38 234001204 234000343 9 
2020-12-29T17:41:24 0 0 경기77바2263 3 38 234001204 234000343 9 
2020-12-29T17:42:24 0 0 경기77바2263 3 38 234001204 234000673 10 
2020-12-29T17:43:23 0 0 경기77바2263 3 37 234001204 234000089 12 
2020-12-29T17:44:23 0 0 경기77바2263 3 37 234001204 234000089 12 
2020-12-29T17:45:23 0 0 경기77바2263 3 37 234001204 234000089 12 
2020-12-29T17:46:23 0 0 경기77바2263 3 37 234001204 234000089 12 
2020-12-29T17:47:22 0 0 경기77바2263 3 37 234001204 234000089 12 
2020-12-29T17:48:22 0 0 경기77바2263 3 36 234001204 234000342 13 
2020-12-29T17:49:22 0 0 경기77바2263 3 33 234001204 234000341 14 
2020-12-29T17:50:22 0 0 경기77바2263 3 33 234001204 234000341 14 
2020-12-29T17:51:22 0 0 경기77바2263 3 33 234001204 277103604 15 
2020-12-29T17:52:21 0 0 경기77바2074 3 37 234001204 234000604 1 
2020-12-29T17:52:21 0 0 경기77바2263 3 33 234001204 277103604 15 
2020-12-29T17:53:21 0 0 경기77바2074 3 37 234001204 234000946 2 
2020-12-29T17:53:21 0 0 경기77바2263 3 33 234001204 277103604 15 
2020-12-29T17:54:21 0 0 경기77바2074 3 37 234001204 234000946 2 
2020-12-29T17:54:21 0 0 경기77바2263 3 33 234001204 277103604 15 
2020-12-29T17:55:21 0 0 경기77바2074 3 37 234001204 234000348 3 
2020-12-29T17:55:21 0 0 경기77바2263 3 33 234001204 277103604 15 
2020-12-29T17:56:21 0 0 경기77바2074 3 37 234001204 234000347 4 
2020-12-29T17:56:21 0 0 경기77바2263 3 33 234001204 277103604 15 
2020-12-29T17:57:20 0 0 경기77바2074 3 37 234001204 234000347 4 
2020-12-29T17:57:20 0 0 경기77바2263 3 33 234001204 277103604 15 
2020-12-29T17:58:19 0 0 경기77바2074 3 37 234001204 234000346 5 
2020-12-29T17:58:19 0 0 경기77바2263 3 33 234001204 277103604 15 
2020-12-29T17:59:19 0 0 경기77바2074 3 36 234001204 234000345 6 
2020-12-29T17:59:19 0 0 경기77바2263 3 33 234001204 277103604 15 
2020-12-29T18:00:19 0 0 경기77바2074 3 36 234001204 234000345 6 
2020-12-29T18:00:19 0 0 경기77바2263 3 33 234001204 277103263 16 
2020-12-29T18:01:19 0 0 경기77바2074 3 36 234001204 234000344 8 
2020-12-29T18:01:19 0 0 경기77바2263 3 33 234001204 277103263 16 
2020-12-29T18:02:18 0 0 경기77바2074 3 36 234001204 234000343 9 
2020-12-29T18:02:18 0 0 경기77바2263 3 33 234001204 277103263 16 
2020-12-29T18:03:18 0 0 경기77바2074 3 38 234001204 234000343 9 
2020-12-29T18:03:18 0 0 경기77바2263 3 33 234001204 277103263 16 
2020-12-29T18:04:17 0 0 경기77바2074 3 38 234001204 234000343 9 
2020-12-29T18:04:17 0 0 경기77바2263 3 33 234001204 277103263 16 
2020-12-29T18:05:17 0 0 경기77바2074 3 38 234001204 234000673 10 
2020-12-29T18:05:17 0 0 경기77바2263 3 33 234001204 277103263 16 
2020-12-29T18:06:16 0 0 경기77바2074 3 38 234001204 234000943 11 
2020-12-29T18:06:16 0 0 경기77바2263 3 33 234001204 277102517 17 
2020-12-29T18:07:16 0 0 경기77바2074 3 33 234001204 234000089 12 
2020-12-29T18:07:16 0 0 경기77바2263 3 33 234001204 277102517 17 
2020-12-29T18:08:16 0 0 경기77바2074 3 33 234001204 234000089 12 
2020-12-29T18:08:16 0 0 경기77바2263 3 33 234001204 277102517 17 
2020-12-29T18:09:16 0 0 경기77바2074 3 33 234001204 234000089 12 
2020-12-29T18:09:16 0 0 경기77바2263 3 33 234001204 277102517 17 
2020-12-29T18:10:15 0 0 경기77바2074 3 33 234001204 234000089 12 
2020-12-29T18:10:15 0 0 경기77바2263 3 33 234001204 277102818 18 
2020-12-29T18:10:15 0 0 경기77바2457 3 45 234001204 234000604 1 
2020-12-29T18:11:14 0 0 경기77바2074 3 34 234001204 234000342 13 
2020-12-29T18:11:14 0 0 경기77바2263 3 33 234001204 277102818 18 
2020-12-29T18:11:14 0 0 경기77바2457 3 45 234001204 234000946 2 
2020-12-29T18:12:14 0 0 경기77바2074 3 34 234001204 234000341 14 
2020-12-29T18:12:14 0 0 경기77바2457 3 44 234001204 234000946 2 
2020-12-29T18:12:14 0 0 경기77바2263 3 33 234001204 277102818 18 
2020-12-29T18:13:14 0 0 경기77바2074 3 29 234001204 234000341 14 
2020-12-29T18:13:14 0 0 경기77바2457 3 44 234001204 234000946 2 
2020-12-29T18:13:14 0 0 경기77바2263 3 33 234001204 277102818 18 
2020-12-29T18:14:14 0 0 경기77바2074 3 29 234001204 234000341 14 
2020-12-29T18:14:14 0 0 경기77바2457 3 42 234001204 234000348 3 
2020-12-29T18:14:14 0 0 경기77바2263 3 33 234001204 277102518 19 
2020-12-29T18:15:14 0 0 경기77바2074 3 29 234001204 277103604 15 
2020-12-29T18:15:14 0 0 경기77바2263 3 33 234001204 277102518 19 
2020-12-29T18:15:14 0 0 경기77바2457 3 42 234001204 234000347 4 
2020-12-29T18:16:13 0 0 경기77바2074 3 29 234001204 277103604 15 
2020-12-29T18:16:13 0 0 경기77바2263 3 33 234001204 277102518 19 
2020-12-29T18:16:13 0 0 경기77바2457 3 42 234001204 234000347 4 
2020-12-29T18:17:13 0 0 경기77바2074 3 29 234001204 277103604 15 
2020-12-29T18:17:13 0 0 경기77바2263 3 33 234001204 277102518 19 
2020-12-29T18:17:13 0 0 경기77바2457 3 41 234001204 234000346 5 
2020-12-29T18:18:13 0 0 경기77바2074 3 29 234001204 277103604 15 
2020-12-29T18:18:13 0 0 경기77바2263 3 33 234001204 277102518 19 
2020-12-29T18:18:13 0 0 경기77바2457 3 41 234001204 234000345 6 
2020-12-29T18:19:13 0 0 경기77바2074 3 29 234001204 277103604 15 
2020-12-29T18:19:13 0 0 경기77바2263 3 33 234001204 277102518 19 
2020-12-29T18:19:13 0 0 경기77바2457 3 41 234001204 234001068 7 
2020-12-29T18:20:12 0 0 경기77바2074 3 29 234001204 277103604 15 
2020-12-29T18:20:12 0 0 경기77바2263 3 33 234001204 277102518 19 
2020-12-29T18:20:12 0 0 경기77바2457 3 41 234001204 234001068 7 
2020-12-29T18:21:12 0 0 경기77바2074 3 29 234001204 277103604 15 
2020-12-29T18:21:12 0 0 경기77바2457 3 41 234001204 234000344 8 
2020-12-29T18:21:12 0 0 경기77바2263 3 33 234001204 277102518 19 
2020-12-29T18:22:12 0 0 경기77바2074 3 29 234001204 277103604 15 
2020-12-29T18:22:12 0 0 경기77바2263 3 33 234001204 277102518 19 
2020-12-29T18:22:12 0 0 경기77바2457 3 41 234001204 234000343 9 
2020-12-29T18:23:11 0 0 경기77바2074 3 29 234001204 277103604 15 
2020-12-29T18:23:11 0 0 경기77바2263 3 33 234001204 277102518 19 
2020-12-29T18:23:11 0 0 경기77바2457 3 42 234001204 234000343 9 
2020-12-29T18:24:10 0 0 경기77바2074 3 29 234001204 277103604 15 
2020-12-29T18:24:10 0 0 경기77바2263 3 33 234001204 277102518 19 
2020-12-29T18:24:10 0 0 경기77바2457 3 42 234001204 234000943 11 
2020-12-29T18:25:10 0 0 경기77바2074 3 29 234001204 277103604 15 
2020-12-29T18:25:10 0 0 경기77바2457 3 40 234001204 234000089 12 
2020-12-29T18:25:10 0 0 경기77바2263 3 36 234001204 124000348 20 
2020-12-29T18:26:10 0 0 경기77바2074 3 29 234001204 277103263 16 
2020-12-29T18:26:10 0 0 경기77바2263 3 36 234001204 124000348 20 
2020-12-29T18:26:10 0 0 경기77바2457 3 40 234001204 234000089 12 
2020-12-29T18:27:10 0 0 경기77바2074 3 29 234001204 277103263 16 
2020-12-29T18:27:10 0 0 경기77바2457 3 40 234001204 234000089 12 
2020-12-29T18:27:10 0 0 경기77바2263 3 36 234001204 124000348 20 
2020-12-29T18:28:10 0 0 경기77바2074 3 29 234001204 277103263 16 
2020-12-29T18:28:10 0 0 경기77바2457 3 40 234001204 234000089 12 
2020-12-29T18:28:10 0 0 경기77바2263 3 37 234001204 124000369 21 
2020-12-29T18:29:10 0 0 경기77바2074 3 29 234001204 277103263 16 
2020-12-29T18:29:10 0 0 경기77바2263 3 37 234001204 124000369 21 
2020-12-29T18:29:10 0 0 경기77바2457 3 40 234001204 234000089 12 
2020-12-29T18:30:09 0 0 경기77바2074 3 29 234001204 277102517 17 
2020-12-29T18:30:09 0 0 경기77바2263 3 38 234001204 124000360 22 
2020-12-29T18:30:09 0 0 경기77바2457 3 40 234001204 234000341 14 
2020-12-29T18:31:09 0 0 경기77바2074 3 29 234001204 277102517 17 
2020-12-29T18:31:09 0 0 경기77바2263 3 39 234001204 124000359 23 
2020-12-29T18:31:09 0 0 경기77바2457 3 37 234001204 234000341 14 
2020-12-29T18:32:08 0 0 경기77바2074 3 29 234001204 277102517 17 
2020-12-29T18:32:08 0 0 경기77바2263 3 39 234001204 124000359 23 
2020-12-29T18:32:08 0 0 경기77바2457 3 37 234001204 277103604 15 
2020-12-29T18:33:07 0 0 경기77바2074 3 29 234001204 277102517 17 
2020-12-29T18:33:07 0 0 경기77바2457 3 37 234001204 277103604 15 
2020-12-29T18:33:07 0 0 경기77바2263 3 39 234001204 124000358 24 
2020-12-29T18:34:07 0 0 경기77바2074 3 29 234001204 277102818 18 
2020-12-29T18:34:07 0 0 경기77바2457 3 37 234001204 277103604 15 
2020-12-29T18:34:07 0 0 경기77바2263 3 39 234001204 124000358 24 
2020-12-29T18:35:07 0 0 경기77바2074 3 29 234001204 277102818 18 
2020-12-29T18:35:07 0 0 경기77바2457 3 37 234001204 277103604 15 
2020-12-29T18:35:07 0 0 경기77바2263 3 39 234001204 124000358 24 
2020-12-29T18:36:07 0 0 경기77바2074 3 29 234001204 277102818 18 
2020-12-29T18:36:07 0 0 경기77바2457 3 37 234001204 277103604 15 
2020-12-29T18:36:07 0 0 경기77바2263 3 40 234001204 124000357 25 
2020-12-29T18:37:07 0 0 경기77바2074 3 29 234001204 277102818 18 
2020-12-29T18:37:07 0 0 경기77바2457 3 37 234001204 277103604 15 
2020-12-29T18:37:07 0 0 경기77바2263 3 42 234001204 124000357 25 
2020-12-29T18:38:06 0 0 경기77바2074 3 29 234001204 277102818 18 
2020-12-29T18:38:06 0 0 경기77바2457 3 37 234001204 277103604 15 
2020-12-29T18:38:06 0 0 경기77바2263 3 44 234001204 124000453 26 
2020-12-29T18:39:06 0 0 경기77바2074 3 29 234001204 277102818 18 
2020-12-29T18:39:06 0 0 경기77바2457 3 37 234001204 277103604 15 
2020-12-29T18:39:06 0 0 경기77바2263 3 44 234001204 124000453 26 
2020-12-29T18:40:05 0 0 경기77바2074 3 29 234001204 277102518 19 
2020-12-29T18:40:05 0 0 경기77바2457 3 37 234001204 277103604 15 
2020-12-29T18:40:05 0 0 경기77바2263 3 44 234001204 124000453 26 
2020-12-29T18:41:05 0 0 경기77바2074 3 29 234001204 277102518 19 
2020-12-29T18:41:05 0 0 경기77바2457 3 37 234001204 277103263 16 
2020-12-29T18:41:05 0 0 경기77바2263 3 44 234001204 124000453 26 
2020-12-29T18:42:05 0 0 경기77바2074 3 29 234001204 277102518 19 
2020-12-29T18:42:05 0 0 경기77바2457 3 37 234001204 277103263 16 
2020-12-29T18:42:05 0 0 경기77바2263 3 44 234001204 104000269 27 
2020-12-29T18:43:04 0 0 경기77바2074 3 29 234001204 277102518 19 
2020-12-29T18:43:04 0 0 경기77바2457 3 37 234001204 277103263 16 
2020-12-29T18:43:04 0 0 경기77바2263 3 44 234001204 104000269 27 
2020-12-29T18:44:04 0 0 경기77바2074 3 29 234001204 277102518 19 
2020-12-29T18:44:04 0 0 경기77바2457 3 37 234001204 277103263 16 
2020-12-29T18:45:04 0 0 경기77바2074 3 29 234001204 277102518 19 
2020-12-29T18:45:04 0 0 경기77바2457 3 37 234001204 277103263 16 
2020-12-29T18:46:04 0 0 경기77바2074 3 29 234001204 277102518 19 
2020-12-29T18:46:04 0 0 경기77바2457 3 37 234001204 277102517 17 
2020-12-29T18:47:04 0 0 경기77바2074 3 30 234001204 277102518 19 
2020-12-29T18:47:04 0 0 경기77바2457 3 37 234001204 277102517 17 
2020-12-29T18:48:04 0 0 경기77바2074 3 30 234001204 277102518 19 
2020-12-29T18:48:04 0 0 경기77바2457 3 37 234001204 277102517 17 
2020-12-29T18:49:03 0 0 경기77바2074 3 30 234001204 277102518 19 
2020-12-29T18:49:03 0 0 경기77바2457 3 37 234001204 277102818 18 
2020-12-29T18:50:02 0 0 경기77바2074 3 30 234001204 277102518 19 
2020-12-29T18:50:02 0 0 경기77바2457 3 37 234001204 277102818 18 
2020-12-29T18:51:02 0 0 경기77바2074 3 33 234001204 124000348 20 
2020-12-29T18:51:02 0 0 경기77바2457 3 37 234001204 277102818 18 
2020-12-29T18:52:01 0 0 경기77바2074 3 35 234001204 124000348 20 
2020-12-29T18:52:01 0 0 경기77바2457 3 37 234001204 277102818 18 
2020-12-29T18:53:00 0 0 경기77바2074 3 35 234001204 124000348 20 
2020-12-29T18:53:00 0 0 경기77바2457 3 37 234001204 277102818 18 
2020-12-29T18:54:00 0 0 경기77바2074 3 35 234001204 124000369 21 
2020-12-29T18:54:00 0 0 경기77바2457 3 37 234001204 277102518 19 
2020-12-29T18:55:00 0 0 경기77바2074 3 35 234001204 124000369 21 
2020-12-29T18:55:00 0 0 경기77바2457 3 37 234001204 277102518 19 
2020-12-29T18:55:59 0 0 경기77바2074 3 37 234001204 124000360 22 
2020-12-29T18:55:59 0 0 경기77바2457 3 37 234001204 277102518 19 
2020-12-29T18:56:59 0 0 경기77바2074 3 37 234001204 124000360 22 
2020-12-29T18:56:59 0 0 경기77바2457 3 37 234001204 277102518 19 
2020-12-29T18:57:59 0 0 경기77바2074 3 37 234001204 124000360 22 
2020-12-29T18:57:59 0 0 경기77바2457 3 37 234001204 277102518 19 
2020-12-29T18:58:58 0 0 경기77바2074 3 38 234001204 124000359 23 
2020-12-29T18:58:58 0 0 경기77바2457 3 37 234001204 277102518 19 
2020-12-29T18:59:58 0 0 경기77바2074 3 38 234001204 124000359 23 
2020-12-29T18:59:58 0 0 경기77바2457 3 37 234001204 277102518 19 
2020-12-29T19:00:57 0 0 경기77바2074 3 39 234001204 124000359 23 
2020-12-29T19:00:57 0 0 경기77바2457 3 38 234001204 277102518 19 
2020-12-29T19:01:55 0 0 경기77바2074 3 41 234001204 124000358 24 
2020-12-29T19:01:55 0 0 경기77바2457 3 38 234001204 277102518 19 
2020-12-29T19:02:55 0 0 경기77바2074 3 41 234001204 124000358 24 
2020-12-29T19:02:55 0 0 경기77바2457 3 40 234001204 124000348 20 
2020-12-29T19:03:55 0 0 경기77바2074 3 41 234001204 124000358 24 
2020-12-29T19:03:55 0 0 경기77바2457 3 40 234001204 124000348 20 
2020-12-29T19:04:54 0 0 경기77바2074 3 42 234001204 124000357 25 
2020-12-29T19:04:54 0 0 경기77바2457 3 40 234001204 124000348 20 
2020-12-29T19:05:54 0 0 경기77바2074 3 42 234001204 124000357 25 
2020-12-29T19:05:54 0 0 경기77바2457 3 40 234001204 124000369 21 
2020-12-29T19:06:54 0 0 경기77바2074 3 42 234001204 124000453 26 
2020-12-29T19:06:54 0 0 경기77바2457 3 40 234001204 124000369 21 
2020-12-29T19:07:53 0 0 경기77바2074 3 43 234001204 124000453 26 
2020-12-29T19:07:53 0 0 경기77바2457 3 40 234001204 124000360 22 
2020-12-29T19:08:53 0 0 경기77바2074 3 43 234001204 124000453 26 
2020-12-29T19:08:53 0 0 경기77바2457 3 41 234001204 124000359 23 
2020-12-29T19:09:52 0 0 경기77바2074 3 43 234001204 104000269 27 
2020-12-29T19:09:52 0 0 경기77바2457 3 41 234001204 124000359 23 
2020-12-29T19:10:52 0 0 경기77바2074 3 43 234001204 104000269 27 
2020-12-29T19:10:52 0 0 경기77바2457 3 42 234001204 124000358 24 
2020-12-29T19:11:52 0 0 경기77바2074 3 44 234001204 104000269 27 
2020-12-29T19:11:52 0 0 경기77바2457 3 42 234001204 124000358 24 
2020-12-29T19:12:52 0 0 경기77바2074 3 44 234001204 104000269 27 
2020-12-29T19:12:52 0 0 경기77바2457 3 42 234001204 124000358 24 
2020-12-29T19:13:52 0 0 경기77바2074 3 44 234001204 104000269 27 
2020-12-29T19:13:52 0 0 경기77바2457 3 43 234001204 124000357 25 
2020-12-29T19:14:51 0 0 경기77바2074 3 44 234001204 104000269 27 
2020-12-29T19:14:51 0 0 경기77바2457 3 44 234001204 124000453 26 
2020-12-29T19:15:50 0 0 경기77바2074 3 45 234001204 104000269 27 
2020-12-29T19:15:50 0 0 경기77바2457 3 44 234001204 124000453 26 
2020-12-29T19:16:50 0 0 경기77바2457 3 44 234001204 124000453 26 
2020-12-29T19:17:50 0 0 경기77바2457 3 44 234001204 124000453 26 
2020-12-29T19:18:49 0 0 경기77바2457 3 44 234001204 124000453 26 
2020-12-29T19:19:48 0 0 경기77바2457 3 44 234001204 104000269 47 
