234001204 2020-12-03T19:32:12.143273+09:00
2020-12-04T17:31:09 0 0 경기77바2034 3 42 234001204 234000946 2 
2020-12-04T17:32:08 0 0 경기77바2034 3 41 234001204 234000348 3 
2020-12-04T17:33:07 0 0 경기77바2034 3 41 234001204 234000347 4 
2020-12-04T17:34:07 0 0 경기77바2034 3 41 234001204 234000346 5 
2020-12-04T17:35:07 0 0 경기77바2034 3 41 234001204 234000345 6 
2020-12-04T17:36:07 0 0 경기77바2034 3 41 234001204 234000345 6 
2020-12-04T17:37:06 0 0 경기77바2034 3 40 234001204 234001068 7 
2020-12-04T17:38:06 0 0 경기77바2034 3 40 234001204 234000344 8 
2020-12-04T17:39:05 0 0 경기77바2034 3 38 234001204 234000343 9 
2020-12-04T17:40:05 0 0 경기77바2034 3 38 234001204 234000343 9 
2020-12-04T17:41:05 0 0 경기77바2034 3 38 234001204 234000343 9 
2020-12-04T17:42:04 0 0 경기77바2034 3 38 234001204 234000343 9 
2020-12-04T17:43:03 0 0 경기77바2034 3 39 234001204 234000943 11 
2020-12-04T17:44:04 0 0 경기77바2034 3 38 234001204 234000089 12 
2020-12-04T17:45:03 0 0 경기77바2034 3 37 234001204 234000089 12 
2020-12-04T17:46:03 0 0 경기77바2034 3 37 234001204 234000089 12 
2020-12-04T17:47:02 0 0 경기77바2034 3 37 234001204 234000089 12 
2020-12-04T17:48:02 0 0 경기77바2034 3 37 234001204 234000089 12 
2020-12-04T17:49:02 0 0 경기77바2034 3 37 234001204 234000089 12 
2020-12-04T17:50:02 0 0 경기77바2034 3 37 234001204 234000089 12 
2020-12-04T17:51:01 0 0 경기77바2034 3 37 234001204 234000089 12 
2020-12-04T17:51:01 0 0 경기77바2241 3 39 234001204 234000604 1 
2020-12-04T17:52:01 0 0 경기77바2034 3 37 234001204 234000342 13 
2020-12-04T17:52:01 0 0 경기77바2241 3 39 234001204 234000348 3 
2020-12-04T17:53:00 0 0 경기77바2034 3 33 234001204 234000341 14 
2020-12-04T17:53:00 0 0 경기77바2241 3 39 234001204 234000347 4 
2020-12-04T17:53:59 0 0 경기77바2034 3 33 234001204 277103604 15 
2020-12-04T17:53:59 0 0 경기77바2241 3 38 234001204 234000346 5 
2020-12-04T17:55:00 0 0 경기77바2034 3 33 234001204 277103604 15 
2020-12-04T17:55:00 0 0 경기77바2241 3 38 234001204 234000345 6 
2020-12-04T17:56:00 0 0 경기77바2034 3 33 234001204 277103604 15 
2020-12-04T17:56:00 0 0 경기77바2241 3 38 234001204 234001068 7 
2020-12-04T17:56:59 0 0 경기77바2034 3 33 234001204 277103604 15 
2020-12-04T17:56:59 0 0 경기77바2241 3 38 234001204 234000344 8 
2020-12-04T17:57:59 0 0 경기77바2034 3 33 234001204 277103604 15 
2020-12-04T17:57:59 0 0 경기77바2241 3 38 234001204 234000343 9 
2020-12-04T17:58:59 0 0 경기77바2034 3 33 234001204 277103604 15 
2020-12-04T17:58:59 0 0 경기77바2241 3 38 234001204 234000343 9 
2020-12-04T17:59:59 0 0 경기77바2034 3 33 234001204 277103604 15 
2020-12-04T17:59:59 0 0 경기77바2241 3 38 234001204 234000943 11 
2020-12-04T18:00:58 0 0 경기77바2034 3 33 234001204 277103604 15 
2020-12-04T18:00:58 0 0 경기77바2241 3 36 234001204 234000089 12 
2020-12-04T18:01:58 0 0 경기77바2034 3 33 234001204 277103604 15 
2020-12-04T18:01:58 0 0 경기77바2241 3 35 234001204 234000089 12 
2020-12-04T18:02:58 0 0 경기77바2034 3 33 234001204 277103604 15 
2020-12-04T18:02:58 0 0 경기77바2241 3 36 234001204 234000089 12 
2020-12-04T18:03:57 0 0 경기77바2034 3 33 234001204 277103263 16 
2020-12-04T18:03:57 0 0 경기77바2241 3 36 234001204 234000089 12 
2020-12-04T18:04:57 0 0 경기77바2034 3 33 234001204 277103263 16 
2020-12-04T18:04:57 0 0 경기77바2241 3 36 234001204 234000089 12 
2020-12-04T18:05:56 0 0 경기77바2034 3 33 234001204 277103263 16 
2020-12-04T18:05:56 0 0 경기77바2241 3 36 234001204 234000089 12 
2020-12-04T18:06:56 0 0 경기77바2034 3 33 234001204 277103263 16 
2020-12-04T18:06:56 0 0 경기77바2241 3 36 234001204 234000342 13 
2020-12-04T18:07:55 0 0 경기77바2034 3 33 234001204 277102517 17 
2020-12-04T18:07:55 0 0 경기77바2241 3 32 234001204 234000341 14 
2020-12-04T18:08:55 0 0 경기77바2034 3 33 234001204 277102517 17 
2020-12-04T18:08:55 0 0 경기77바2241 3 32 234001204 234000341 14 
2020-12-04T18:09:55 0 0 경기77바2034 3 33 234001204 277102517 17 
2020-12-04T18:09:55 0 0 경기77바2241 3 32 234001204 277103604 15 
2020-12-04T18:10:55 0 0 경기77바2034 3 33 234001204 277102517 17 
2020-12-04T18:10:55 0 0 경기77바2241 3 32 234001204 277103604 15 
2020-12-04T18:11:55 0 0 경기77바2034 3 33 234001204 277102517 17 
2020-12-04T18:11:55 0 0 경기77바2241 3 32 234001204 277103604 15 
2020-12-04T18:11:55 0 0 경기77바2155 3 39 234001204 234000946 2 
2020-12-04T18:12:54 0 0 경기77바2034 3 33 234001204 277102517 17 
2020-12-04T18:12:54 0 0 경기77바2241 3 32 234001204 277103604 15 
2020-12-04T18:12:54 0 0 경기77바2155 3 38 234001204 234000946 2 
2020-12-04T18:13:54 0 0 경기77바2034 3 33 234001204 277102818 18 
2020-12-04T18:13:54 0 0 경기77바2241 3 32 234001204 277103604 15 
2020-12-04T18:13:54 0 0 경기77바2155 3 37 234001204 234000348 3 
2020-12-04T18:14:54 0 0 경기77바2034 3 33 234001204 277102818 18 
2020-12-04T18:14:54 0 0 경기77바2241 3 32 234001204 277103604 15 
2020-12-04T18:14:54 0 0 경기77바2155 3 35 234001204 234000347 4 
2020-12-04T18:15:53 0 0 경기77바2034 3 33 234001204 277102818 18 
2020-12-04T18:15:53 0 0 경기77바2155 3 35 234001204 234000346 5 
2020-12-04T18:15:53 0 0 경기77바2241 3 32 234001204 277103604 15 
2020-12-04T18:16:52 0 0 경기77바2034 3 33 234001204 277102818 18 
2020-12-04T18:16:52 0 0 경기77바2241 3 32 234001204 277103604 15 
2020-12-04T18:16:52 0 0 경기77바2155 3 35 234001204 234000345 6 
2020-12-04T18:17:52 0 0 경기77바2034 3 33 234001204 277102818 18 
2020-12-04T18:17:52 0 0 경기77바2241 3 32 234001204 277103604 15 
2020-12-04T18:17:52 0 0 경기77바2155 3 35 234001204 234000345 6 
2020-12-04T18:18:52 0 0 경기77바2034 3 33 234001204 277102818 18 
2020-12-04T18:18:52 0 0 경기77바2155 3 35 234001204 234000345 6 
2020-12-04T18:18:52 0 0 경기77바2241 3 32 234001204 277103263 16 
2020-12-04T18:19:52 0 0 경기77바2034 3 33 234001204 277102818 18 
2020-12-04T18:19:52 0 0 경기77바2241 3 32 234001204 277103263 16 
2020-12-04T18:19:52 0 0 경기77바2155 3 35 234001204 234000344 8 
2020-12-04T18:20:51 0 0 경기77바2034 3 33 234001204 277102818 18 
2020-12-04T18:20:51 0 0 경기77바2241 3 32 234001204 277103263 16 
2020-12-04T18:20:51 0 0 경기77바2155 3 35 234001204 234000344 8 
2020-12-04T18:21:51 0 0 경기77바2034 3 33 234001204 277102818 18 
2020-12-04T18:21:51 0 0 경기77바2241 3 32 234001204 277103263 16 
2020-12-04T18:21:51 0 0 경기77바2155 3 35 234001204 234000343 9 
2020-12-04T18:22:51 0 0 경기77바2034 3 33 234001204 277102818 18 
2020-12-04T18:22:51 0 0 경기77바2155 3 35 234001204 234000343 9 
2020-12-04T18:22:51 0 0 경기77바2241 3 32 234001204 277102517 17 
2020-12-04T18:23:49 0 0 경기77바2034 3 33 234001204 277102818 18 
2020-12-04T18:23:49 0 0 경기77바2241 3 32 234001204 277102517 17 
2020-12-04T18:23:49 0 0 경기77바2155 3 35 234001204 234000673 10 
2020-12-04T18:24:49 0 0 경기77바2034 3 33 234001204 277102818 18 
2020-12-04T18:24:49 0 0 경기77바2241 3 32 234001204 277102517 17 
2020-12-04T18:24:49 0 0 경기77바2155 3 35 234001204 234000943 11 
2020-12-04T18:25:48 0 0 경기77바2034 3 33 234001204 277102818 18 
2020-12-04T18:25:48 0 0 경기77바2241 3 32 234001204 277102517 17 
2020-12-04T18:25:48 0 0 경기77바2155 3 35 234001204 234000943 11 
2020-12-04T18:26:48 0 0 경기77바2034 3 33 234001204 277102818 18 
2020-12-04T18:26:48 0 0 경기77바2241 3 32 234001204 277102517 17 
2020-12-04T18:26:48 0 0 경기77바2155 3 35 234001204 234000943 11 
2020-12-04T18:27:48 0 0 경기77바2034 3 33 234001204 277102818 18 
2020-12-04T18:27:48 0 0 경기77바2241 3 32 234001204 277102517 17 
2020-12-04T18:27:48 0 0 경기77바2155 3 33 234001204 234000089 12 
2020-12-04T18:28:47 0 0 경기77바2034 3 33 234001204 277102818 18 
2020-12-04T18:28:47 0 0 경기77바2241 3 32 234001204 277102517 17 
2020-12-04T18:28:47 0 0 경기77바2155 3 32 234001204 234000089 12 
2020-12-04T18:29:47 0 0 경기77바2034 3 33 234001204 277102818 18 
2020-12-04T18:29:47 0 0 경기77바2241 3 32 234001204 277102517 17 
2020-12-04T18:29:47 0 0 경기77바2155 3 32 234001204 234000089 12 
2020-12-04T18:30:46 0 0 경기77바2034 3 33 234001204 277102818 18 
2020-12-04T18:30:46 0 0 경기77바2241 3 32 234001204 277102517 17 
2020-12-04T18:30:46 0 0 경기77바2155 3 32 234001204 234000089 12 
2020-12-04T18:31:46 0 0 경기77바2034 3 33 234001204 277102818 18 
2020-12-04T18:31:46 0 0 경기77바2241 3 32 234001204 277102517 17 
2020-12-04T18:31:46 0 0 경기77바2155 3 32 234001204 234000089 12 
2020-12-04T18:32:46 0 0 경기77바2034 3 33 234001204 277102818 18 
2020-12-04T18:32:46 0 0 경기77바2241 3 32 234001204 277102818 18 
2020-12-04T18:32:46 0 0 경기77바2155 3 32 234001204 234000089 12 
2020-12-04T18:33:46 0 0 경기77바2034 3 33 234001204 277102818 18 
2020-12-04T18:33:46 0 0 경기77바2241 3 32 234001204 277102818 18 
2020-12-04T18:33:46 0 0 경기77바2155 3 32 234001204 234000342 13 
2020-12-04T18:34:46 0 0 경기77바2034 3 33 234001204 277102518 19 
2020-12-04T18:34:46 0 0 경기77바2241 3 32 234001204 277102818 18 
2020-12-04T18:34:46 0 0 경기77바2155 3 27 234001204 234000341 14 
2020-12-04T18:35:46 0 0 경기77바2034 3 33 234001204 277102518 19 
2020-12-04T18:35:46 0 0 경기77바2241 3 32 234001204 277102818 18 
2020-12-04T18:35:46 0 0 경기77바2155 3 27 234001204 277103604 15 
2020-12-04T18:36:45 0 0 경기77바2034 3 33 234001204 277102518 19 
2020-12-04T18:36:45 0 0 경기77바2155 3 27 234001204 277103604 15 
2020-12-04T18:36:45 0 0 경기77바2241 3 32 234001204 277102818 18 
2020-12-04T18:37:44 0 0 경기77바2034 3 33 234001204 277102518 19 
2020-12-04T18:37:44 0 0 경기77바2155 3 27 234001204 277103604 15 
2020-12-04T18:37:44 0 0 경기77바2241 3 32 234001204 277102818 18 
2020-12-04T18:38:44 0 0 경기77바2034 3 33 234001204 277102518 19 
2020-12-04T18:38:44 0 0 경기77바2155 3 27 234001204 277103604 15 
2020-12-04T18:38:44 0 0 경기77바2241 3 32 234001204 277102818 18 
2020-12-04T18:39:44 0 0 경기77바2034 3 33 234001204 277102518 19 
2020-12-04T18:39:44 0 0 경기77바2155 3 27 234001204 277103604 15 
2020-12-04T18:39:44 0 0 경기77바2241 3 32 234001204 277102818 18 
2020-12-04T18:40:44 0 0 경기77바2034 3 33 234001204 277102518 19 
2020-12-04T18:40:44 0 0 경기77바2155 3 27 234001204 277103604 15 
2020-12-04T18:40:44 0 0 경기77바2241 3 32 234001204 277102818 18 
2020-12-04T18:41:43 0 0 경기77바2034 3 33 234001204 277102518 19 
2020-12-04T18:41:43 0 0 경기77바2155 3 27 234001204 277103604 15 
2020-12-04T18:41:43 0 0 경기77바2241 3 32 234001204 277102818 18 
2020-12-04T18:42:43 0 0 경기77바2034 3 33 234001204 277102518 19 
2020-12-04T18:42:43 0 0 경기77바2155 3 27 234001204 277103604 15 
2020-12-04T18:42:43 0 0 경기77바2241 3 32 234001204 277102818 18 
2020-12-04T18:43:43 0 0 경기77바2034 3 33 234001204 277102518 19 
2020-12-04T18:43:43 0 0 경기77바2241 3 32 234001204 277102818 18 
2020-12-04T18:43:43 0 0 경기77바2155 3 27 234001204 277103604 15 
2020-12-04T18:44:43 0 0 경기77바2034 3 33 234001204 277102518 19 
2020-12-04T18:44:43 0 0 경기77바2241 3 32 234001204 277102818 18 
2020-12-04T18:44:43 0 0 경기77바2155 3 27 234001204 277103604 15 
2020-12-04T18:45:42 0 0 경기77바2034 3 33 234001204 277102518 19 
2020-12-04T18:45:42 0 0 경기77바2241 3 32 234001204 277102818 18 
2020-12-04T18:45:42 0 0 경기77바2155 3 27 234001204 277103604 15 
2020-12-04T18:46:42 0 0 경기77바2034 3 33 234001204 277102518 19 
2020-12-04T18:46:42 0 0 경기77바2241 3 32 234001204 277102818 18 
2020-12-04T18:46:42 0 0 경기77바2155 3 27 234001204 277103604 15 
2020-12-04T18:47:41 0 0 경기77바2034 3 33 234001204 277102518 19 
2020-12-04T18:47:41 0 0 경기77바2241 3 32 234001204 277102818 18 
2020-12-04T18:47:41 0 0 경기77바2155 3 27 234001204 277103263 16 
2020-12-04T18:48:41 0 0 경기77바2034 3 33 234001204 277102518 19 
2020-12-04T18:48:41 0 0 경기77바2241 3 32 234001204 277102818 18 
2020-12-04T18:48:41 0 0 경기77바2155 3 27 234001204 277103263 16 
2020-12-04T18:49:41 0 0 경기77바2034 3 33 234001204 277102518 19 
2020-12-04T18:49:41 0 0 경기77바2241 3 32 234001204 277102818 18 
2020-12-04T18:49:41 0 0 경기77바2155 3 27 234001204 277103263 16 
2020-12-04T18:50:40 0 0 경기77바2034 3 34 234001204 124000348 20 
2020-12-04T18:50:40 0 0 경기77바2241 3 32 234001204 277102818 18 
2020-12-04T18:50:40 0 0 경기77바2155 3 27 234001204 277103263 16 
2020-12-04T18:51:40 0 0 경기77바2034 3 34 234001204 124000348 20 
2020-12-04T18:51:40 0 0 경기77바2241 3 32 234001204 277102518 19 
2020-12-04T18:51:40 0 0 경기77바2155 3 27 234001204 277102517 17 
2020-12-04T18:52:40 0 0 경기77바2034 3 34 234001204 124000348 20 
2020-12-04T18:52:40 0 0 경기77바2241 3 32 234001204 277102518 19 
2020-12-04T18:52:40 0 0 경기77바2155 3 27 234001204 277102517 17 
2020-12-04T18:53:40 0 0 경기77바2034 3 34 234001204 124000369 21 
2020-12-04T18:53:40 0 0 경기77바2241 3 32 234001204 277102518 19 
2020-12-04T18:53:40 0 0 경기77바2155 3 27 234001204 277102517 17 
2020-12-04T18:54:39 0 0 경기77바2034 3 34 234001204 124000369 21 
2020-12-04T18:54:39 0 0 경기77바2155 3 27 234001204 277102517 17 
2020-12-04T18:54:39 0 0 경기77바2241 3 32 234001204 277102518 19 
2020-12-04T18:55:39 0 0 경기77바2034 3 35 234001204 124000360 22 
2020-12-04T18:55:39 0 0 경기77바2155 3 27 234001204 277102517 17 
2020-12-04T18:55:39 0 0 경기77바2241 3 32 234001204 277102518 19 
2020-12-04T18:56:37 0 0 경기77바2034 3 35 234001204 124000359 23 
2020-12-04T18:56:37 0 0 경기77바2155 3 27 234001204 277102517 17 
2020-12-04T18:56:37 0 0 경기77바2241 3 32 234001204 277102518 19 
2020-12-04T18:57:37 0 0 경기77바2034 3 37 234001204 124000359 23 
2020-12-04T18:57:37 0 0 경기77바2155 3 27 234001204 277102517 17 
2020-12-04T18:57:37 0 0 경기77바2241 3 32 234001204 277102518 19 
2020-12-04T18:58:37 0 0 경기77바2034 3 37 234001204 124000358 24 
2020-12-04T18:58:37 0 0 경기77바2155 3 27 234001204 277102517 17 
2020-12-04T18:58:37 0 0 경기77바2241 3 32 234001204 277102518 19 
2020-12-04T18:59:36 0 0 경기77바2034 3 38 234001204 124000358 24 
2020-12-04T18:59:36 0 0 경기77바2155 3 27 234001204 277102517 17 
2020-12-04T18:59:36 0 0 경기77바2241 3 32 234001204 277102518 19 
2020-12-04T19:00:36 0 0 경기77바2034 3 38 234001204 124000358 24 
2020-12-04T19:00:36 0 0 경기77바2155 3 27 234001204 277102517 17 
2020-12-04T19:00:36 0 0 경기77바2241 3 32 234001204 277102518 19 
2020-12-04T19:01:36 0 0 경기77바2034 3 39 234001204 124000358 24 
2020-12-04T19:01:36 0 0 경기77바2155 3 27 234001204 277102517 17 
2020-12-04T19:01:36 0 0 경기77바2241 3 32 234001204 277102518 19 
2020-12-04T19:02:35 0 0 경기77바2034 3 40 234001204 124000357 25 
2020-12-04T19:02:35 0 0 경기77바2155 3 27 234001204 277102517 17 
2020-12-04T19:02:35 0 0 경기77바2241 3 32 234001204 277102518 19 
2020-12-04T19:03:35 0 0 경기77바2034 3 42 234001204 124000357 25 
2020-12-04T19:03:35 0 0 경기77바2155 3 27 234001204 277102517 17 
2020-12-04T19:03:35 0 0 경기77바2241 3 33 234001204 124000348 20 
2020-12-04T19:04:35 0 0 경기77바2034 3 42 234001204 124000453 26 
2020-12-04T19:04:35 0 0 경기77바2241 3 33 234001204 124000348 20 
2020-12-04T19:04:35 0 0 경기77바2155 3 27 234001204 277102818 18 
2020-12-04T19:05:34 0 0 경기77바2034 3 43 234001204 124000453 26 
2020-12-04T19:05:34 0 0 경기77바2155 3 27 234001204 277102818 18 
2020-12-04T19:05:34 0 0 경기77바2241 3 33 234001204 124000348 20 
2020-12-04T19:06:33 0 0 경기77바2034 3 43 234001204 124000453 26 
2020-12-04T19:06:33 0 0 경기77바2155 3 27 234001204 277102818 18 
2020-12-04T19:06:33 0 0 경기77바2241 3 33 234001204 124000369 21 
2020-12-04T19:07:33 0 0 경기77바2034 3 43 234001204 104000269 27 
2020-12-04T19:07:33 0 0 경기77바2155 3 27 234001204 277102818 18 
2020-12-04T19:07:33 0 0 경기77바2241 3 33 234001204 124000369 21 
2020-12-04T19:08:33 0 0 경기77바2034 3 44 234001204 104000269 27 
2020-12-04T19:08:33 0 0 경기77바2155 3 27 234001204 277102818 18 
2020-12-04T19:08:33 0 0 경기77바2241 3 33 234001204 124000360 22 
2020-12-04T19:09:33 0 0 경기77바2034 3 44 234001204 104000269 27 
2020-12-04T19:09:33 0 0 경기77바2155 3 27 234001204 277102818 18 
2020-12-04T19:09:33 0 0 경기77바2241 3 33 234001204 124000359 23 
2020-12-04T19:10:32 0 0 경기77바2155 3 27 234001204 277102818 18 
2020-12-04T19:10:32 0 0 경기77바2241 3 34 234001204 124000359 23 
2020-12-04T19:11:32 0 0 경기77바2155 3 27 234001204 277102818 18 
2020-12-04T19:11:32 0 0 경기77바2241 3 35 234001204 124000358 24 
2020-12-04T19:12:32 0 0 경기77바2155 3 27 234001204 277102818 18 
2020-12-04T19:12:32 0 0 경기77바2241 3 37 234001204 124000358 24 
2020-12-04T19:13:32 0 0 경기77바2241 3 37 234001204 124000358 24 
2020-12-04T19:13:32 0 0 경기77바2155 3 27 234001204 277102818 18 
2020-12-04T19:14:32 0 0 경기77바2155 3 27 234001204 277102818 18 
2020-12-04T19:14:32 0 0 경기77바2241 3 37 234001204 124000357 25 
2020-12-04T19:15:32 0 0 경기77바2155 3 27 234001204 277102818 18 
2020-12-04T19:15:32 0 0 경기77바2241 3 38 234001204 124000357 25 
2020-12-04T19:16:31 0 0 경기77바2155 3 27 234001204 277102818 18 
2020-12-04T19:16:31 0 0 경기77바2241 3 39 234001204 124000453 26 
2020-12-04T19:17:31 0 0 경기77바2155 3 27 234001204 277102818 18 
2020-12-04T19:17:31 0 0 경기77바2241 3 42 234001204 124000453 26 
2020-12-04T19:18:31 0 0 경기77바2155 3 27 234001204 277102818 18 
2020-12-04T19:18:31 0 0 경기77바2241 3 42 234001204 124000453 26 
2020-12-04T19:19:30 0 0 경기77바2155 3 27 234001204 277102818 18 
2020-12-04T19:19:30 0 0 경기77바2241 3 42 234001204 124000453 26 
2020-12-04T19:20:30 0 0 경기77바2155 3 27 234001204 277102818 18 
2020-12-04T19:20:30 0 0 경기77바2241 3 42 234001204 104000269 27 
2020-12-04T19:21:29 0 0 경기77바2155 3 27 234001204 277102818 18 
2020-12-04T19:21:29 0 0 경기77바2241 3 42 234001204 104000269 27 
2020-12-04T19:22:29 0 0 경기77바2155 3 27 234001204 277102818 18 
2020-12-04T19:22:29 0 0 경기77바2241 3 42 234001204 104000269 27 
2020-12-04T19:23:28 0 0 경기77바2155 3 27 234001204 277102818 18 
2020-12-04T19:23:28 0 0 경기77바2241 3 42 234001204 104000269 27 
2020-12-04T19:24:27 0 0 경기77바2155 3 27 234001204 277102518 19 
2020-12-04T19:24:27 0 0 경기77바2241 3 45 234001204 277103309 49 
2020-12-04T19:25:28 0 0 경기77바2241 3 45 234001204 277103309 49 
2020-12-04T19:25:28 0 0 경기77바2155 3 27 234001204 277102518 19 
2020-12-04T19:26:26 0 0 경기77바2155 3 27 234001204 277102518 19 
2020-12-04T19:27:26 0 0 경기77바2155 3 27 234001204 277102518 19 
2020-12-04T19:28:26 0 0 경기77바2155 3 27 234001204 277102518 19 
2020-12-04T19:29:26 0 0 경기77바2155 3 27 234001204 277102518 19 
2020-12-04T19:30:25 0 0 경기77바2155 3 27 234001204 277102518 19 
2020-12-04T19:31:24 0 0 경기77바2155 3 27 234001204 277102518 19 
2020-12-04T19:32:25 0 0 경기77바2155 3 27 234001204 277102518 19 
2020-12-04T19:33:23 0 0 경기77바2155 3 27 234001204 277102518 19 
2020-12-04T19:34:24 0 0 경기77바2155 3 27 234001204 277102518 19 
2020-12-04T19:35:23 0 0 경기77바2155 3 29 234001204 124000348 20 
2020-12-04T19:36:22 0 0 경기77바2155 3 31 234001204 124000348 20 
2020-12-04T19:37:22 0 0 경기77바2155 3 31 234001204 124000348 20 
2020-12-04T19:38:21 0 0 경기77바2155 3 31 234001204 124000369 21 
2020-12-04T19:39:21 0 0 경기77바2155 3 31 234001204 124000360 22 
2020-12-04T19:40:20 0 0 경기77바2155 3 32 234001204 124000359 23 
2020-12-04T19:41:21 0 0 경기77바2155 3 32 234001204 124000359 23 
2020-12-04T19:42:19 0 0 경기77바2155 3 32 234001204 124000359 23 
2020-12-04T19:43:20 0 0 경기77바2155 3 32 234001204 124000358 24 
2020-12-04T19:44:18 0 0 경기77바2155 3 31 234001204 124000358 24 
2020-12-04T19:45:19 0 0 경기77바2155 3 31 234001204 124000358 24 
2020-12-04T19:46:18 0 0 경기77바2155 3 31 234001204 124000357 25 
2020-12-04T19:47:17 0 0 경기77바2155 3 31 234001204 124000357 25 
2020-12-04T19:48:18 0 0 경기77바2155 3 32 234001204 124000453 26 
2020-12-04T19:49:16 0 0 경기77바2155 3 32 234001204 124000453 26 
2020-12-04T19:50:16 0 0 경기77바2155 3 32 234001204 124000453 26 
2020-12-04T19:51:16 0 0 경기77바2155 3 33 234001204 104000269 27 
2020-12-04T19:52:15 0 0 경기77바2155 3 33 234001204 104000269 27 
2020-12-04T19:53:14 0 0 경기77바2155 3 33 234001204 104000269 27 
2020-12-04T19:54:14 0 0 경기77바2155 3 33 234001204 104000269 27 
