234001204 2020-11-30T19:21:51.624125+09:00
2020-12-01T17:30:59.563475+09:00 0 0 경기77바3442 3 37 234001204 234000946 2 
2020-12-01T17:31:59.447497+09:00 0 0 경기77바3442 3 36 234001204 234000348 3 
2020-12-01T17:32:59.291692+09:00 0 0 경기77바3442 3 36 234001204 234000347 4 
2020-12-01T17:33:58.715975+09:00 0 0 경기77바3442 3 35 234001204 234000346 5 
2020-12-01T17:34:58.559978+09:00 0 0 경기77바3442 3 35 234001204 234000345 6 
2020-12-01T17:35:58.653964+09:00 0 0 경기77바3442 3 35 234001204 234000345 6 
2020-12-01T17:36:58.238101+09:00 0 0 경기77바3442 3 35 234001204 234001068 7 
2020-12-01T17:37:57.912255+09:00 0 0 경기77바3442 3 35 234001204 234000344 8 
2020-12-01T17:38:57.805941+09:00 0 0 경기77바3442 3 35 234001204 234000343 9 
2020-12-01T17:39:57.529804+09:00 0 0 경기77바3442 3 35 234001204 234000943 11 
2020-12-01T17:40:57.403693+09:00 0 0 경기77바3442 3 34 234001204 234000089 12 
2020-12-01T17:41:57.017498+09:00 0 0 경기77바3442 3 34 234001204 234000089 12 
2020-12-01T17:42:57.161376+09:00 0 0 경기77바3442 3 34 234001204 234000089 12 
2020-12-01T17:43:56.155459+09:00 0 0 경기77바3442 3 34 234001204 234000342 13 
2020-12-01T17:44:55.779240+09:00 0 0 경기77바3442 3 33 234001204 234000341 14 
2020-12-01T17:45:55.843254+09:00 0 0 경기77바3442 3 33 234001204 234000341 14 
2020-12-01T17:46:55.627192+09:00 0 0 경기77바3442 3 33 234001204 277103604 15 
2020-12-01T17:47:55.678576+09:00 0 0 경기77바3442 3 33 234001204 277103604 15 
2020-12-01T17:48:54.045061+09:00 0 0 경기77바3442 3 33 234001204 277103604 15 
2020-12-01T17:49:53.999087+09:00 0 0 경기77바3442 3 33 234001204 277103604 15 
2020-12-01T17:50:54.213113+09:00 0 0 경기77바3442 3 33 234001204 277103604 15 
2020-12-01T17:50:54.213174+09:00 0 0 경기77바2000 3 39 234001204 234000604 1 
2020-12-01T17:51:53.197100+09:00 0 0 경기77바3442 3 33 234001204 277103604 15 
2020-12-01T17:51:53.197170+09:00 0 0 경기77바2000 3 39 234001204 234000604 1 
2020-12-01T17:52:52.821086+09:00 0 0 경기77바3442 3 33 234001204 277103604 15 
2020-12-01T17:52:52.821148+09:00 0 0 경기77바2000 3 39 234001204 234000348 3 
2020-12-01T17:53:52.985120+09:00 0 0 경기77바3442 3 33 234001204 277103604 15 
2020-12-01T17:53:52.985186+09:00 0 0 경기77바2000 3 39 234001204 234000348 3 
2020-12-01T17:54:51.789149+09:00 0 0 경기77바2000 3 39 234001204 234000346 5 
2020-12-01T17:54:51.789208+09:00 0 0 경기77바3442 3 33 234001204 277103604 15 
2020-12-01T17:55:51.423127+09:00 0 0 경기77바3442 3 33 234001204 277103263 16 
2020-12-01T17:55:51.423190+09:00 0 0 경기77바2000 3 39 234001204 234000345 6 
2020-12-01T17:56:51.357168+09:00 0 0 경기77바3442 3 33 234001204 277103263 16 
2020-12-01T17:56:51.357228+09:00 0 0 경기77바2000 3 39 234001204 234000345 6 
2020-12-01T17:57:51.081091+09:00 0 0 경기77바3442 3 33 234001204 277103263 16 
2020-12-01T17:57:51.081153+09:00 0 0 경기77바2000 3 39 234001204 234001068 7 
2020-12-01T17:58:50.935141+09:00 0 0 경기77바3442 3 33 234001204 277103263 16 
2020-12-01T17:58:50.935203+09:00 0 0 경기77바2000 3 39 234001204 234000344 8 
2020-12-01T17:59:50.649217+09:00 0 0 경기77바2000 3 39 234001204 234000343 9 
2020-12-01T17:59:50.649277+09:00 0 0 경기77바3442 3 33 234001204 277102517 17 
2020-12-01T18:00:50.533314+09:00 0 0 경기77바2000 3 39 234001204 234000343 9 
2020-12-01T18:00:50.533382+09:00 0 0 경기77바3442 3 33 234001204 277102517 17 
2020-12-01T18:01:50.597389+09:00 0 0 경기77바3442 3 33 234001204 277102517 17 
2020-12-01T18:01:50.597451+09:00 0 0 경기77바2000 3 39 234001204 234000343 9 
2020-12-01T18:02:49.581349+09:00 0 0 경기77바3442 3 33 234001204 277102818 18 
2020-12-01T18:02:49.581410+09:00 0 0 경기77바2000 3 39 234001204 234000943 11 
2020-12-01T18:03:48.555279+09:00 0 0 경기77바2000 3 38 234001204 234000089 12 
2020-12-01T18:03:48.555339+09:00 0 0 경기77바3442 3 33 234001204 277102818 18 
2020-12-01T18:04:48.549369+09:00 0 0 경기77바2000 3 38 234001204 234000089 12 
2020-12-01T18:04:48.549432+09:00 0 0 경기77바3442 3 33 234001204 277102818 18 
2020-12-01T18:05:47.983339+09:00 0 0 경기77바2000 3 38 234001204 234000089 12 
2020-12-01T18:05:47.983409+09:00 0 0 경기77바3442 3 33 234001204 277102818 18 
2020-12-01T18:06:47.757479+09:00 0 0 경기77바2000 3 38 234001204 234000089 12 
2020-12-01T18:06:47.757539+09:00 0 0 경기77바3442 3 33 234001204 277102818 18 
2020-12-01T18:07:47.641621+09:00 0 0 경기77바2000 3 38 234001204 234000089 12 
2020-12-01T18:07:47.641695+09:00 0 0 경기77바3442 3 33 234001204 277102818 18 
2020-12-01T18:08:47.255683+09:00 0 0 경기77바3442 3 33 234001204 277102818 18 
2020-12-01T18:08:47.255746+09:00 0 0 경기77바2000 3 38 234001204 234000089 12 
2020-12-01T18:09:47.159590+09:00 0 0 경기77바3442 3 33 234001204 277102818 18 
2020-12-01T18:09:47.159640+09:00 0 0 경기77바2000 3 38 234001204 234000089 12 
2020-12-01T18:10:46.823845+09:00 0 0 경기77바3442 3 33 234001204 277102518 19 
2020-12-01T18:10:46.823881+09:00 0 0 경기77바2000 3 39 234001204 234000342 13 
2020-12-01T18:11:46.607881+09:00 0 0 경기77바3442 3 33 234001204 277102518 19 
2020-12-01T18:11:46.607916+09:00 0 0 경기77바2000 3 38 234001204 234000341 14 
2020-12-01T18:11:46.607935+09:00 0 0 경기77바2141 3 38 234001204 234000946 2 
2020-12-01T18:12:46.312119+09:00 0 0 경기77바3442 3 33 234001204 277102518 19 
2020-12-01T18:12:46.312155+09:00 0 0 경기77바2000 3 38 234001204 234000341 14 
2020-12-01T18:12:46.312174+09:00 0 0 경기77바2141 3 38 234001204 234000946 2 
2020-12-01T18:13:46.186260+09:00 0 0 경기77바3442 3 33 234001204 277102518 19 
2020-12-01T18:13:46.186294+09:00 0 0 경기77바2141 3 37 234001204 234000348 3 
2020-12-01T18:13:46.186312+09:00 0 0 경기77바2000 3 34 234001204 277103604 15 
2020-12-01T18:14:45.580725+09:00 0 0 경기77바3442 3 33 234001204 277102518 19 
2020-12-01T18:14:45.580761+09:00 0 0 경기77바2141 3 37 234001204 234000348 3 
2020-12-01T18:14:45.580778+09:00 0 0 경기77바2000 3 34 234001204 277103604 15 
2020-12-01T18:15:45.324905+09:00 0 0 경기77바3442 3 33 234001204 277102518 19 
2020-12-01T18:15:45.324941+09:00 0 0 경기77바2000 3 34 234001204 277103604 15 
2020-12-01T18:15:45.324960+09:00 0 0 경기77바2141 3 36 234001204 234000346 5 
2020-12-01T18:16:45.018961+09:00 0 0 경기77바3442 3 33 234001204 277102518 19 
2020-12-01T18:16:45.018998+09:00 0 0 경기77바2000 3 34 234001204 277103604 15 
2020-12-01T18:16:45.019017+09:00 0 0 경기77바2141 3 36 234001204 234000346 5 
2020-12-01T18:17:44.733197+09:00 0 0 경기77바2000 3 34 234001204 277103604 15 
2020-12-01T18:17:44.733232+09:00 0 0 경기77바2141 3 36 234001204 234000345 6 
2020-12-01T18:17:44.733250+09:00 0 0 경기77바3442 3 33 234001204 277102518 19 
2020-12-01T18:18:44.737272+09:00 0 0 경기77바2000 3 34 234001204 277103604 15 
2020-12-01T18:18:44.737307+09:00 0 0 경기77바3442 3 33 234001204 277102518 19 
2020-12-01T18:18:44.737324+09:00 0 0 경기77바2141 3 36 234001204 234001068 7 
2020-12-01T18:19:44.361452+09:00 0 0 경기77바2000 3 34 234001204 277103604 15 
2020-12-01T18:19:44.361497+09:00 0 0 경기77바3442 3 34 234001204 277102518 19 
2020-12-01T18:19:44.361516+09:00 0 0 경기77바2141 3 34 234001204 234000343 9 
2020-12-01T18:20:44.215593+09:00 0 0 경기77바3442 3 34 234001204 277102518 19 
2020-12-01T18:20:44.215629+09:00 0 0 경기77바2141 3 34 234001204 234000343 9 
2020-12-01T18:20:44.215648+09:00 0 0 경기77바2000 3 34 234001204 277103604 15 
2020-12-01T18:21:44.029693+09:00 0 0 경기77바2141 3 34 234001204 234000343 9 
2020-12-01T18:21:44.029729+09:00 0 0 경기77바2000 3 34 234001204 277103604 15 
2020-12-01T18:21:44.029748+09:00 0 0 경기77바3442 3 35 234001204 124000348 20 
2020-12-01T18:22:43.783850+09:00 0 0 경기77바2000 3 34 234001204 277103604 15 
2020-12-01T18:22:43.783884+09:00 0 0 경기77바3442 3 38 234001204 124000348 20 
2020-12-01T18:22:43.783902+09:00 0 0 경기77바2141 3 34 234001204 234000343 9 
2020-12-01T18:23:43.418011+09:00 0 0 경기77바2141 3 33 234001204 234000673 10 
2020-12-01T18:23:43.418048+09:00 0 0 경기77바2000 3 34 234001204 277103263 16 
2020-12-01T18:23:43.418065+09:00 0 0 경기77바3442 3 38 234001204 124000348 20 
2020-12-01T18:24:43.082162+09:00 0 0 경기77바3442 3 38 234001204 124000348 20 
2020-12-01T18:24:43.082210+09:00 0 0 경기77바2000 3 34 234001204 277103263 16 
2020-12-01T18:24:43.082227+09:00 0 0 경기77바2141 3 33 234001204 234000943 11 
2020-12-01T18:25:42.446255+09:00 0 0 경기77바3442 3 38 234001204 124000369 21 
2020-12-01T18:25:42.446290+09:00 0 0 경기77바2000 3 34 234001204 277103263 16 
2020-12-01T18:25:42.446307+09:00 0 0 경기77바2141 3 28 234001204 234000089 12 
2020-12-01T18:26:42.360347+09:00 0 0 경기77바2000 3 34 234001204 277103263 16 
2020-12-01T18:26:42.360382+09:00 0 0 경기77바2141 3 28 234001204 234000089 12 
2020-12-01T18:26:42.360401+09:00 0 0 경기77바3442 3 38 234001204 124000360 22 
2020-12-01T18:27:41.744439+09:00 0 0 경기77바2000 3 34 234001204 277103263 16 
2020-12-01T18:27:41.744475+09:00 0 0 경기77바2141 3 28 234001204 234000089 12 
2020-12-01T18:27:41.744493+09:00 0 0 경기77바3442 3 38 234001204 124000360 22 
2020-12-01T18:28:41.548513+09:00 0 0 경기77바3442 3 38 234001204 124000359 23 
2020-12-01T18:28:41.548550+09:00 0 0 경기77바2141 3 28 234001204 234000089 12 
2020-12-01T18:28:41.548568+09:00 0 0 경기77바2000 3 34 234001204 277102517 17 
2020-12-01T18:29:41.362675+09:00 0 0 경기77바2000 3 34 234001204 277102517 17 
2020-12-01T18:29:41.362710+09:00 0 0 경기77바2141 3 28 234001204 234000342 13 
2020-12-01T18:29:41.362729+09:00 0 0 경기77바3442 3 40 234001204 124000358 24 
2020-12-01T18:30:41.206663+09:00 0 0 경기77바2000 3 34 234001204 277102517 17 
2020-12-01T18:30:41.206696+09:00 0 0 경기77바2141 3 28 234001204 234000342 13 
2020-12-01T18:30:41.206714+09:00 0 0 경기77바3442 3 40 234001204 124000358 24 
2020-12-01T18:31:41.090966+09:00 0 0 경기77바3442 3 39 234001204 124000358 24 
2020-12-01T18:31:41.091002+09:00 0 0 경기77바2000 3 34 234001204 277102818 18 
2020-12-01T18:31:41.091020+09:00 0 0 경기77바2141 3 23 234001204 234000341 14 
2020-12-01T18:32:41.105870+09:00 0 0 경기77바3442 3 39 234001204 124000358 24 
2020-12-01T18:32:41.105906+09:00 0 0 경기77바2000 3 34 234001204 277102818 18 
2020-12-01T18:32:41.105924+09:00 0 0 경기77바2141 3 23 234001204 234000341 14 
2020-12-01T18:33:41.109184+09:00 0 0 경기77바2000 3 34 234001204 277102818 18 
2020-12-01T18:33:41.109219+09:00 0 0 경기77바3442 3 40 234001204 124000357 25 
2020-12-01T18:33:41.109239+09:00 0 0 경기77바2141 3 23 234001204 277103604 15 
2020-12-01T18:34:40.803140+09:00 0 0 경기77바2141 3 23 234001204 277103604 15 
2020-12-01T18:34:40.803174+09:00 0 0 경기77바3442 3 40 234001204 124000453 26 
2020-12-01T18:34:40.803191+09:00 0 0 경기77바2000 3 34 234001204 277102818 18 
2020-12-01T18:35:40.257286+09:00 0 0 경기77바2141 3 23 234001204 277103604 15 
2020-12-01T18:35:40.257322+09:00 0 0 경기77바2000 3 34 234001204 277102818 18 
2020-12-01T18:35:40.257340+09:00 0 0 경기77바3442 3 41 234001204 124000453 26 
2020-12-01T18:36:39.461369+09:00 0 0 경기77바2141 3 23 234001204 277103604 15 
2020-12-01T18:36:39.461405+09:00 0 0 경기77바2000 3 34 234001204 277102818 18 
2020-12-01T18:36:39.461423+09:00 0 0 경기77바3442 3 41 234001204 124000453 26 
2020-12-01T18:37:38.965367+09:00 0 0 경기77바2141 3 23 234001204 277103604 15 
2020-12-01T18:37:38.965401+09:00 0 0 경기77바2000 3 34 234001204 277102818 18 
2020-12-01T18:37:38.965418+09:00 0 0 경기77바3442 3 41 234001204 124000453 26 
2020-12-01T18:38:38.499570+09:00 0 0 경기77바2000 3 34 234001204 277102518 19 
2020-12-01T18:38:38.499605+09:00 0 0 경기77바3442 3 41 234001204 124000453 26 
2020-12-01T18:38:38.499625+09:00 0 0 경기77바2141 3 23 234001204 277103604 15 
2020-12-01T18:39:38.123677+09:00 0 0 경기77바2000 3 34 234001204 277102518 19 
2020-12-01T18:39:38.123714+09:00 0 0 경기77바2141 3 23 234001204 277103604 15 
2020-12-01T18:39:38.123732+09:00 0 0 경기77바3442 3 41 234001204 124000453 26 
2020-12-01T18:40:37.407705+09:00 0 0 경기77바2141 3 23 234001204 277103604 15 
2020-12-01T18:40:37.407741+09:00 0 0 경기77바3442 3 41 234001204 104000269 27 
2020-12-01T18:40:37.407760+09:00 0 0 경기77바2000 3 34 234001204 277102518 19 
2020-12-01T18:41:37.371916+09:00 0 0 경기77바2141 3 23 234001204 277103604 15 
2020-12-01T18:41:37.371951+09:00 0 0 경기77바3442 3 41 234001204 104000269 27 
2020-12-01T18:41:37.371969+09:00 0 0 경기77바2000 3 34 234001204 277102518 19 
2020-12-01T18:42:37.496347+09:00 0 0 경기77바2000 3 34 234001204 277102518 19 
2020-12-01T18:42:37.496386+09:00 0 0 경기77바2141 3 23 234001204 277103263 16 
2020-12-01T18:42:37.496405+09:00 0 0 경기77바3442 3 41 234001204 104000269 27 
2020-12-01T18:43:36.059889+09:00 0 0 경기77바2000 3 34 234001204 277102518 19 
2020-12-01T18:43:36.059924+09:00 0 0 경기77바2141 3 23 234001204 277103263 16 
2020-12-01T18:43:36.059942+09:00 0 0 경기77바3442 3 41 234001204 104000269 27 
2020-12-01T18:44:35.984158+09:00 0 0 경기77바2000 3 34 234001204 277102518 19 
2020-12-01T18:44:35.984195+09:00 0 0 경기77바2141 3 23 234001204 277103263 16 
2020-12-01T18:44:35.984213+09:00 0 0 경기77바3442 3 45 234001204 277103309 49 
2020-12-01T18:45:35.447988+09:00 0 0 경기77바2000 3 34 234001204 277102518 19 
2020-12-01T18:45:35.448018+09:00 0 0 경기77바2141 3 23 234001204 277103263 16 
2020-12-01T18:45:35.448036+09:00 0 0 경기77바3442 3 45 234001204 277103309 49 
2020-12-01T18:46:35.262396+09:00 0 0 경기77바2141 3 23 234001204 277102517 17 
2020-12-01T18:46:35.262424+09:00 0 0 경기77바2000 3 34 234001204 277102518 19 
2020-12-01T18:47:35.097317+09:00 0 0 경기77바2141 3 23 234001204 277102517 17 
2020-12-01T18:47:35.097354+09:00 0 0 경기77바2000 3 34 234001204 277102518 19 
2020-12-01T18:48:34.822128+09:00 0 0 경기77바2141 3 23 234001204 277102517 17 
2020-12-01T18:48:34.822164+09:00 0 0 경기77바2000 3 34 234001204 124000348 20 
2020-12-01T18:49:34.756789+09:00 0 0 경기77바2141 3 23 234001204 277102818 18 
2020-12-01T18:49:34.756824+09:00 0 0 경기77바2000 3 34 234001204 124000348 20 
2020-12-01T18:50:34.131423+09:00 0 0 경기77바2141 3 23 234001204 277102818 18 
2020-12-01T18:50:34.131459+09:00 0 0 경기77바2000 3 34 234001204 124000369 21 
2020-12-01T18:51:34.015986+09:00 0 0 경기77바2141 3 23 234001204 277102818 18 
2020-12-01T18:51:34.016022+09:00 0 0 경기77바2000 3 34 234001204 124000369 21 
2020-12-01T18:52:33.660542+09:00 0 0 경기77바2141 3 23 234001204 277102818 18 
2020-12-01T18:52:33.660579+09:00 0 0 경기77바2000 3 34 234001204 124000369 21 
2020-12-01T18:53:33.045170+09:00 0 0 경기77바2141 3 23 234001204 277102818 18 
2020-12-01T18:53:33.045206+09:00 0 0 경기77바2000 3 35 234001204 124000359 23 
2020-12-01T18:54:32.899402+09:00 0 0 경기77바2141 3 23 234001204 277102818 18 
2020-12-01T18:54:32.899437+09:00 0 0 경기77바2000 3 35 234001204 124000359 23 
2020-12-01T18:55:32.894018+09:00 0 0 경기77바2141 3 23 234001204 277102518 19 
2020-12-01T18:55:32.894053+09:00 0 0 경기77바2000 3 37 234001204 124000358 24 
2020-12-01T18:56:32.138319+09:00 0 0 경기77바2141 3 23 234001204 277102518 19 
2020-12-01T18:56:32.138356+09:00 0 0 경기77바2000 3 37 234001204 124000358 24 
2020-12-01T18:57:32.082917+09:00 0 0 경기77바2141 3 23 234001204 277102518 19 
2020-12-01T18:57:32.082953+09:00 0 0 경기77바2000 3 37 234001204 124000358 24 
2020-12-01T18:58:31.927156+09:00 0 0 경기77바2141 3 23 234001204 277102518 19 
2020-12-01T18:58:31.927192+09:00 0 0 경기77바2000 3 40 234001204 124000357 25 
2020-12-01T18:59:31.711532+09:00 0 0 경기77바2141 3 23 234001204 277102518 19 
2020-12-01T18:59:31.711575+09:00 0 0 경기77바2000 3 40 234001204 124000453 26 
2020-12-01T19:00:31.786374+09:00 0 0 경기77바2141 3 23 234001204 277102518 19 
2020-12-01T19:00:31.786409+09:00 0 0 경기77바2000 3 40 234001204 124000453 26 
2020-12-01T19:01:30.310038+09:00 0 0 경기77바2141 3 23 234001204 277102518 19 
2020-12-01T19:01:30.310073+09:00 0 0 경기77바2000 3 43 234001204 124000453 26 
2020-12-01T19:02:30.254402+09:00 0 0 경기77바2141 3 23 234001204 277102518 19 
2020-12-01T19:02:30.254438+09:00 0 0 경기77바2000 3 43 234001204 124000453 26 
2020-12-01T19:03:29.758692+09:00 0 0 경기77바2141 3 23 234001204 277102518 19 
2020-12-01T19:03:29.758729+09:00 0 0 경기77바2000 3 43 234001204 104000269 27 
2020-12-01T19:04:29.263119+09:00 0 0 경기77바2141 3 23 234001204 277102518 19 
2020-12-01T19:04:29.263156+09:00 0 0 경기77바2000 3 44 234001204 104000269 27 
2020-12-01T19:05:29.087329+09:00 0 0 경기77바2000 3 44 234001204 104000269 27 
2020-12-01T19:05:29.087363+09:00 0 0 경기77바2141 3 24 234001204 277102518 19 
2020-12-01T19:06:28.821492+09:00 0 0 경기77바2141 3 25 234001204 277102518 19 
2020-12-01T19:06:28.821528+09:00 0 0 경기77바2000 3 44 234001204 104000269 27 
2020-12-01T19:07:28.065843+09:00 0 0 경기77바2141 3 25 234001204 277102518 19 
2020-12-01T19:07:28.065880+09:00 0 0 경기77바2000 3 44 234001204 104000269 27 
2020-12-01T19:08:28.210119+09:00 0 0 경기77바2141 3 25 234001204 277102518 19 
2020-12-01T19:08:28.210156+09:00 0 0 경기77바2000 3 44 234001204 104000269 27 
2020-12-01T19:09:27.294368+09:00 0 0 경기77바2141 3 31 234001204 124000348 20 
2020-12-01T19:10:26.348434+09:00 0 0 경기77바2141 3 31 234001204 124000348 20 
2020-12-01T19:11:26.192660+09:00 0 0 경기77바2141 3 31 234001204 124000348 20 
2020-12-01T19:12:25.877074+09:00 0 0 경기77바2141 3 31 234001204 124000369 21 
2020-12-01T19:13:25.871200+09:00 0 0 경기77바2141 3 31 234001204 124000369 21 
2020-12-01T19:14:24.295337+09:00 0 0 경기77바2141 3 31 234001204 124000369 21 
2020-12-01T19:15:24.269696+09:00 0 0 경기77바2141 3 32 234001204 124000359 23 
2020-12-01T19:16:24.393943+09:00 0 0 경기77바2141 3 32 234001204 124000359 23 
2020-12-01T19:17:23.218033+09:00 0 0 경기77바2141 3 32 234001204 124000358 24 
2020-12-01T19:18:22.902261+09:00 0 0 경기77바2141 3 32 234001204 124000358 24 
2020-12-01T19:19:22.606407+09:00 0 0 경기77바2141 3 32 234001204 124000358 24 
2020-12-01T19:20:22.689092+09:00 0 0 경기77바2141 3 32 234001204 124000358 24 
2020-12-01T19:21:22.613936+09:00 0 0 경기77바2141 3 33 234001204 124000357 25 
2020-12-01T19:22:22.257685+09:00 0 0 경기77바2141 3 34 234001204 124000453 26 
2020-12-01T19:23:22.780821+09:00 0 0 경기77바2141 3 34 234001204 124000453 26 
2020-12-01T19:24:21.624405+09:00 0 0 경기77바2141 3 34 234001204 124000453 26 
2020-12-01T19:25:20.938082+09:00 0 0 경기77바2141 3 34 234001204 124000453 26 
2020-12-01T19:26:20.631710+09:00 0 0 경기77바2141 3 35 234001204 104000269 27 
2020-12-01T19:27:20.475479+09:00 0 0 경기77바2141 3 35 234001204 104000269 27 
2020-12-01T19:28:20.139104+09:00 0 0 경기77바2141 3 35 234001204 104000269 27 
2020-12-01T19:29:20.123016+09:00 0 0 경기77바2141 3 35 234001204 104000269 27 
2020-12-01T19:30:19.906896+09:00 0 0 경기77바2141 3 35 234001204 104000269 27 
2020-12-01T19:31:19.371959+09:00 0 0 경기77바2141 3 35 234001204 104000269 27 
