200000104 2020-12-11T00:00:44.765699+09:00
2020-12-12T11:11:47 0 0 경기70사1117 3 28 200000104 277102784 33 
2020-12-12T11:11:47 0 0 경기70사1614 3 39 200000104 200000271 66 
2020-12-12T11:11:47 0 0 경기70사1604 3 32 200000104 277103049 46 
2020-12-12T11:11:47 0 0 경기70사1115 3 38 200000104 277103687 7 
2020-12-12T11:11:47 0 0 경기70사1615 3 38 200000104 277103323 24 
2020-12-12T11:11:47 0 0 경기70사1613 3 41 200000104 201000448 1 
2020-12-12T11:11:47 0 0 경기70사1116 3 38 200000104 121000056 42 
2020-12-12T11:11:47 0 0 경기70사1599 3 40 200000104 200000080 18 
2020-12-12T11:11:47 0 0 경기70사1609 3 36 200000104 226000038 55 
