200000104 2020-12-08T00:00:42.168285+09:00
2020-12-08T13:17:19 0 0 경기70사1187 3 35 200000104 121000060 36 
2020-12-08T13:17:19 0 0 경기70사1172 3 37 200000104 277103049 46 
2020-12-08T13:17:19 0 0 경기70사1117 3 38 200000104 202000028 68 
2020-12-08T13:17:19 0 0 경기70사1616 3 38 200000104 201000022 5 
2020-12-08T13:17:19 0 0 경기70사1115 3 32 200000104 121000056 42 
2020-12-08T13:17:19 0 0 경기70사1600 3 27 200000104 277103323 24 
2020-12-08T13:17:19 0 0 경기70사1176 3 30 200000104 277103322 56 
2020-12-08T13:17:19 0 0 경기70사1615 3 42 200000104 200000184 65 
2020-12-08T13:17:19 0 0 경기70사1184 3 37 200000104 121000210 32 
2020-12-08T13:17:19 0 0 경기70사1613 3 33 200000104 202000230 13 
