234000878 2020-12-08T00:00:42.180349+09:00
2020-12-08T13:17:25 0 0 경기77바3514 3 38 234000878 277102793 6 
2020-12-08T13:17:25 0 0 경기77바1101 3 38 234000878 277103678 41 
2020-12-08T13:17:25 0 0 경기77바3512 3 27 234000878 100000001 23 
2020-12-08T13:17:25 0 0 경기77바1008 3 28 234000878 277104179 33 
2020-12-08T13:17:25 0 0 경기77바1085 3 43 234000878 101000005 26 
2020-12-08T13:17:25 0 0 경기77바3542 3 26 234000878 277104177 14 
2020-12-08T13:17:25 0 0 경기77바1024 3 20 234000878 206000082 10 
2020-12-08T13:17:25 0 0 경기77바1099 3 34 234000878 102000069 19 
2020-12-08T13:17:25 0 0 경기77바3531 3 43 234000878 228001001 48 
2020-12-08T13:17:25 0 0 경기77바1340 3 31 234000878 206000100 43 
2020-12-08T13:17:25 0 0 경기77바1148 3 32 234000878 228001003 4 
2020-12-08T13:17:25 0 0 경기77바1155 3 36 234000878 277102114 29 
2020-12-08T13:17:25 0 0 경기77바1108 3 42 234000878 206000215 46 
