234000031 2020-12-02T00:00:29.589479+09:00
2020-12-02T14:23:37.414542+09:00 0 0 경기74사1032 3 40 234000031 277103306 22 
2020-12-02T14:23:37.414604+09:00 0 0 경기74사1078 3 45 234000031 221000163 49 
2020-12-02T14:23:37.414625+09:00 0 0 경기74사1066 3 35 234000031 123000611 27 
2020-12-02T14:23:37.414642+09:00 0 0 경기74사1088 3 42 234000031 221000244 11 
2020-12-02T14:23:37.414657+09:00 0 0 경기77바1006 3 40 234000031 221000073 35 
2020-12-02T14:23:37.414673+09:00 0 0 경기77바1209 3 45 234000031 221000017 43 
2020-12-02T14:24:37.808677+09:00 0 0 경기74사1032 3 40 234000031 277103306 22 
2020-12-02T14:24:37.808740+09:00 0 0 경기74사1078 3 45 234000031 221000163 49 
2020-12-02T14:24:37.808760+09:00 0 0 경기74사1066 3 35 234000031 123000611 27 
2020-12-02T14:24:37.808775+09:00 0 0 경기77바1006 3 40 234000031 221000073 35 
2020-12-02T14:24:37.808791+09:00 0 0 경기77바1209 3 45 234000031 221000024 44 
2020-12-02T14:24:37.808806+09:00 0 0 경기74사1088 3 41 234000031 221000242 12 
2020-12-02T14:25:36.682771+09:00 0 0 경기74사1032 3 40 234000031 277102674 23 
2020-12-02T14:25:36.682833+09:00 0 0 경기74사1078 3 45 234000031 221000163 49 
2020-12-02T14:25:36.682854+09:00 0 0 경기74사1066 3 35 234000031 123000611 27 
2020-12-02T14:25:36.682870+09:00 0 0 경기74사1088 3 40 234000031 221000242 12 
2020-12-02T14:25:36.682886+09:00 0 0 경기74사1058 3 45 234000031 221000163 49 
2020-12-02T14:25:36.682901+09:00 0 0 경기77바1006 3 40 234000031 221000073 35 
2020-12-02T14:25:36.682915+09:00 0 0 경기77바1209 3 45 234000031 221000097 45 
2020-12-02T14:26:36.446786+09:00 0 0 경기74사1032 3 40 234000031 277103309 24 
2020-12-02T14:26:36.446851+09:00 0 0 경기74사1066 3 35 234000031 123000611 27 
2020-12-02T14:26:36.446871+09:00 0 0 경기74사1088 3 40 234000031 221000242 12 
2020-12-02T14:26:36.446887+09:00 0 0 경기77바1209 3 45 234000031 221000097 45 
2020-12-02T14:26:36.446904+09:00 0 0 경기74사1058 3 45 234000031 221000264 1 
2020-12-02T14:26:36.446918+09:00 0 0 경기77바1006 3 40 234000031 221000027 37 
2020-12-02T14:27:36.040843+09:00 0 0 경기74사1032 3 40 234000031 277103309 24 
2020-12-02T14:27:36.040904+09:00 0 0 경기74사1058 3 45 234000031 221000033 2 
2020-12-02T14:27:36.040924+09:00 0 0 경기77바1006 3 40 234000031 221000027 37 
2020-12-02T14:27:36.040940+09:00 0 0 경기74사1066 3 32 234000031 123000611 27 
2020-12-02T14:27:36.040960+09:00 0 0 경기74사1088 3 40 234000031 221000240 13 
2020-12-02T14:27:36.040975+09:00 0 0 경기77바1209 3 45 234000031 221000016 46 
2020-12-02T14:28:35.924972+09:00 0 0 경기74사1032 3 40 234000031 277103308 25 
2020-12-02T14:28:35.925063+09:00 0 0 경기74사1058 3 45 234000031 221000033 2 
2020-12-02T14:28:35.925090+09:00 0 0 경기74사1088 3 38 234000031 221000240 13 
2020-12-02T14:28:35.925107+09:00 0 0 경기77바1209 3 45 234000031 221000163 49 
2020-12-02T14:28:35.925124+09:00 0 0 경기74사1066 3 32 234000031 123000611 27 
2020-12-02T14:28:35.925138+09:00 0 0 경기77바1006 3 41 234000031 221000027 37 
2020-12-02T14:29:34.869135+09:00 0 0 경기74사1032 3 40 234000031 277102302 26 
2020-12-02T14:29:34.869199+09:00 0 0 경기74사1088 3 38 234000031 221000240 13 
2020-12-02T14:29:34.869219+09:00 0 0 경기77바1006 3 41 234000031 221000027 37 
2020-12-02T14:29:34.869235+09:00 0 0 경기77바1209 3 45 234000031 221000163 49 
2020-12-02T14:29:34.869252+09:00 0 0 경기74사1066 3 32 234000031 123000611 27 
2020-12-02T14:29:34.869266+09:00 0 0 경기74사1058 3 45 234000031 221000130 3 
2020-12-02T14:30:34.003123+09:00 0 0 경기74사1032 3 40 234000031 277102302 26 
2020-12-02T14:30:34.003185+09:00 0 0 경기77바1209 3 45 234000031 221000163 49 
2020-12-02T14:30:34.003205+09:00 0 0 경기74사1066 3 32 234000031 123000611 27 
2020-12-02T14:30:34.003220+09:00 0 0 경기74사1088 3 38 234000031 221000240 13 
2020-12-02T14:30:34.003237+09:00 0 0 경기77바1006 3 44 234000031 221000239 38 
2020-12-02T14:30:34.003251+09:00 0 0 경기74사1058 3 44 234000031 221000129 4 
2020-12-02T14:31:33.717266+09:00 0 0 경기74사1032 3 40 234000031 277102302 26 
2020-12-02T14:31:33.717329+09:00 0 0 경기77바1209 3 45 234000031 221000163 49 
2020-12-02T14:31:33.717349+09:00 0 0 경기77바1006 3 44 234000031 221000239 38 
2020-12-02T14:31:33.717365+09:00 0 0 경기74사1058 3 44 234000031 221000151 6 
2020-12-02T14:31:33.717382+09:00 0 0 경기74사1066 3 32 234000031 277103310 28 
2020-12-02T14:31:33.717396+09:00 0 0 경기74사1088 3 37 234000031 221000032 14 
2020-12-02T14:32:33.241401+09:00 0 0 경기74사1032 3 40 234000031 277102302 26 
2020-12-02T14:32:33.241469+09:00 0 0 경기77바1209 3 45 234000031 221000163 49 
2020-12-02T14:32:33.241490+09:00 0 0 경기77바1006 3 44 234000031 221000239 38 
2020-12-02T14:32:33.241507+09:00 0 0 경기74사1058 3 44 234000031 221000150 7 
2020-12-02T14:32:33.241523+09:00 0 0 경기74사1088 3 37 234000031 221000032 14 
2020-12-02T14:32:33.241537+09:00 0 0 경기74사1066 3 32 234000031 277102675 29 
2020-12-02T14:33:33.085431+09:00 0 0 경기74사1032 3 40 234000031 123000611 27 
2020-12-02T14:33:33.085499+09:00 0 0 경기77바1209 3 45 234000031 221000163 49 
2020-12-02T14:33:33.085522+09:00 0 0 경기74사1066 3 32 234000031 277102675 29 
2020-12-02T14:33:33.085539+09:00 0 0 경기74사1088 3 37 234000031 221000055 16 
2020-12-02T14:33:33.085555+09:00 0 0 경기74사1058 3 44 234000031 221000149 8 
2020-12-02T14:33:33.085569+09:00 0 0 경기77바1006 3 44 234000031 221000241 39 
2020-12-02T14:34:33.049556+09:00 0 0 경기74사1032 3 40 234000031 123000611 27 
2020-12-02T14:34:33.049620+09:00 0 0 경기77바1209 3 45 234000031 221000163 49 
2020-12-02T14:34:33.049642+09:00 0 0 경기74사1066 3 32 234000031 277102675 29 
2020-12-02T14:34:33.049659+09:00 0 0 경기74사1058 3 44 234000031 221000149 8 
2020-12-02T14:34:33.049676+09:00 0 0 경기74사1088 3 36 234000031 221000085 17 
2020-12-02T14:34:33.049690+09:00 0 0 경기77바1006 3 44 234000031 221000243 40 
2020-12-02T14:35:32.443651+09:00 0 0 경기74사1032 3 40 234000031 123000611 27 
2020-12-02T14:35:32.443715+09:00 0 0 경기77바1209 3 45 234000031 221000163 49 
2020-12-02T14:35:32.443735+09:00 0 0 경기74사1066 3 32 234000031 277102675 29 
2020-12-02T14:35:32.443751+09:00 0 0 경기77바1006 3 44 234000031 221000243 40 
2020-12-02T14:35:32.443766+09:00 0 0 경기74사1058 3 44 234000031 221000148 9 
2020-12-02T14:35:32.443781+09:00 0 0 경기74사1088 3 36 234000031 221000085 17 
2020-12-02T14:36:32.377785+09:00 0 0 경기74사1032 3 40 234000031 123000611 27 
2020-12-02T14:36:32.377849+09:00 0 0 경기77바1209 3 45 234000031 221000163 49 
2020-12-02T14:36:32.377869+09:00 0 0 경기74사1058 3 44 234000031 221000147 10 
2020-12-02T14:36:32.377885+09:00 0 0 경기77바1006 3 44 234000031 221000019 41 
2020-12-02T14:36:32.377901+09:00 0 0 경기74사1066 3 32 234000031 277103307 30 
2020-12-02T14:36:32.377915+09:00 0 0 경기74사1088 3 35 234000031 221000084 18 
2020-12-02T14:37:32.071764+09:00 0 0 경기74사1032 3 40 234000031 123000611 27 
2020-12-02T14:37:32.071813+09:00 0 0 경기77바1209 3 45 234000031 221000163 49 
2020-12-02T14:37:32.071833+09:00 0 0 경기74사1058 3 44 234000031 221000147 10 
2020-12-02T14:37:32.071849+09:00 0 0 경기77바1006 3 44 234000031 221000019 41 
2020-12-02T14:37:32.071865+09:00 0 0 경기74사1066 3 32 234000031 277103307 30 
2020-12-02T14:37:32.071879+09:00 0 0 경기74사1088 3 35 234000031 221000026 21 
2020-12-02T14:38:31.585915+09:00 0 0 경기74사1032 3 40 234000031 123000611 27 
2020-12-02T14:38:31.585977+09:00 0 0 경기77바1209 3 45 234000031 221000163 49 
2020-12-02T14:38:31.585998+09:00 0 0 경기74사1066 3 32 234000031 277103307 30 
2020-12-02T14:38:31.586014+09:00 0 0 경기77바1006 3 44 234000031 221000018 42 
2020-12-02T14:38:31.586030+09:00 0 0 경기74사1088 3 35 234000031 221000026 21 
2020-12-02T14:38:31.586045+09:00 0 0 경기74사1058 3 44 234000031 221000244 11 
2020-12-02T14:39:31.050065+09:00 0 0 경기74사1032 3 40 234000031 123000611 27 
2020-12-02T14:39:31.050127+09:00 0 0 경기77바1209 3 45 234000031 221000163 49 
2020-12-02T14:39:31.050147+09:00 0 0 경기74사1088 3 35 234000031 221000026 21 
2020-12-02T14:39:31.050164+09:00 0 0 경기77바1006 3 44 234000031 221000017 43 
2020-12-02T14:39:31.050180+09:00 0 0 경기74사1066 3 32 234000031 277103307 30 
2020-12-02T14:39:31.050195+09:00 0 0 경기74사1058 3 44 234000031 221000244 11 
2020-12-02T14:40:31.004129+09:00 0 0 경기74사1032 3 40 234000031 123000611 27 
2020-12-02T14:40:31.004190+09:00 0 0 경기77바1209 3 45 234000031 221000163 49 
2020-12-02T14:40:31.004209+09:00 0 0 경기74사1058 3 44 234000031 221000242 12 
2020-12-02T14:40:31.004225+09:00 0 0 경기74사1066 3 32 234000031 221000025 31 
2020-12-02T14:40:31.004241+09:00 0 0 경기77바1006 3 45 234000031 221000024 44 
2020-12-02T14:40:31.004255+09:00 0 0 경기74사1088 3 35 234000031 277103306 22 
2020-12-02T14:40:31.004269+09:00 0 0 경기77바1098 3 45 234000031 221000264 1 
2020-12-02T14:41:30.888317+09:00 0 0 경기74사1032 3 36 234000031 123000611 27 
2020-12-02T14:41:30.888401+09:00 0 0 경기77바1209 3 45 234000031 221000163 49 
2020-12-02T14:41:30.888421+09:00 0 0 경기74사1088 3 35 234000031 277103306 22 
2020-12-02T14:41:30.888437+09:00 0 0 경기74사1058 3 44 234000031 221000242 12 
2020-12-02T14:41:30.888454+09:00 0 0 경기77바1098 3 45 234000031 221000264 1 
2020-12-02T14:41:30.888469+09:00 0 0 경기74사1066 3 32 234000031 221000029 32 
2020-12-02T14:41:30.888483+09:00 0 0 경기77바1006 3 45 234000031 221000097 45 
2020-12-02T14:42:30.412664+09:00 0 0 경기74사1032 3 36 234000031 123000611 27 
2020-12-02T14:42:30.412727+09:00 0 0 경기77바1209 3 45 234000031 221000163 49 
2020-12-02T14:42:30.412748+09:00 0 0 경기74사1088 3 35 234000031 277103306 22 
2020-12-02T14:42:30.412764+09:00 0 0 경기74사1066 3 33 234000031 221000075 33 
2020-12-02T14:42:30.412780+09:00 0 0 경기74사1058 3 44 234000031 221000240 13 
2020-12-02T14:42:30.412796+09:00 0 0 경기77바1098 3 45 234000031 221000033 2 
2020-12-02T14:42:30.412810+09:00 0 0 경기77바1006 3 45 234000031 221000097 45 
2020-12-02T14:43:30.306752+09:00 0 0 경기74사1032 3 36 234000031 123000611 27 
2020-12-02T14:43:30.306813+09:00 0 0 경기77바1209 3 45 234000031 221000163 49 
2020-12-02T14:43:30.306836+09:00 0 0 경기74사1058 3 44 234000031 221000240 13 
2020-12-02T14:43:30.306852+09:00 0 0 경기77바1098 3 45 234000031 221000033 2 
2020-12-02T14:43:30.306868+09:00 0 0 경기74사1066 3 34 234000031 221000074 34 
2020-12-02T14:43:30.306882+09:00 0 0 경기77바1006 3 45 234000031 221000163 49 
2020-12-02T14:43:30.306896+09:00 0 0 경기74사1088 3 35 234000031 277103309 24 
2020-12-02T14:44:29.290940+09:00 0 0 경기74사1032 3 36 234000031 123000611 27 
2020-12-02T14:44:29.291002+09:00 0 0 경기74사1058 3 41 234000031 221000240 13 
2020-12-02T14:44:29.291023+09:00 0 0 경기74사1066 3 35 234000031 221000073 35 
2020-12-02T14:44:29.291040+09:00 0 0 경기74사1088 3 35 234000031 277103309 24 
2020-12-02T14:44:29.291056+09:00 0 0 경기77바1098 3 45 234000031 221000130 3 
2020-12-02T14:44:29.291071+09:00 0 0 경기77바1006 3 45 234000031 221000163 49 
2020-12-02T14:45:28.835151+09:00 0 0 경기74사1032 3 36 234000031 277103310 28 
2020-12-02T14:45:28.835213+09:00 0 0 경기77바1006 3 45 234000031 221000163 49 
2020-12-02T14:45:28.835233+09:00 0 0 경기74사1088 3 35 234000031 277103308 25 
2020-12-02T14:45:28.835249+09:00 0 0 경기74사1058 3 41 234000031 221000240 13 
2020-12-02T14:45:28.835265+09:00 0 0 경기77바1098 3 43 234000031 221000128 5 
2020-12-02T14:45:28.835279+09:00 0 0 경기74사1066 3 35 234000031 221000028 36 
2020-12-02T14:46:28.489531+09:00 0 0 경기74사1032 3 36 234000031 277102675 29 
2020-12-02T14:46:28.489594+09:00 0 0 경기77바1006 3 45 234000031 221000163 49 
2020-12-02T14:46:28.489615+09:00 0 0 경기74사1058 3 41 234000031 221000032 14 
2020-12-02T14:46:28.489631+09:00 0 0 경기74사1088 3 35 234000031 277102302 26 
2020-12-02T14:46:28.489648+09:00 0 0 경기74사1066 3 37 234000031 221000027 37 
2020-12-02T14:46:28.489663+09:00 0 0 경기77바1098 3 43 234000031 221000151 6 
2020-12-02T14:47:28.403569+09:00 0 0 경기74사1032 3 36 234000031 277102675 29 
2020-12-02T14:47:28.403629+09:00 0 0 경기77바1006 3 45 234000031 221000163 49 
2020-12-02T14:47:28.403650+09:00 0 0 경기74사1088 3 35 234000031 277102302 26 
2020-12-02T14:47:28.403666+09:00 0 0 경기77바1098 3 43 234000031 221000150 7 
2020-12-02T14:47:28.403682+09:00 0 0 경기74사1066 3 37 234000031 221000027 37 
2020-12-02T14:47:28.403697+09:00 0 0 경기74사1058 3 41 234000031 221000031 15 
2020-12-02T14:48:28.027801+09:00 0 0 경기74사1032 3 36 234000031 277102675 29 
2020-12-02T14:48:28.027863+09:00 0 0 경기77바1006 3 45 234000031 221000163 49 
2020-12-02T14:48:28.027884+09:00 0 0 경기74사1088 3 35 234000031 123000611 27 
2020-12-02T14:48:28.027901+09:00 0 0 경기77바1098 3 43 234000031 221000149 8 
2020-12-02T14:48:28.027917+09:00 0 0 경기74사1066 3 37 234000031 221000239 38 
2020-12-02T14:48:28.027932+09:00 0 0 경기74사1058 3 41 234000031 221000055 16 
2020-12-02T14:49:27.601917+09:00 0 0 경기74사1032 3 36 234000031 277103307 30 
2020-12-02T14:49:27.601980+09:00 0 0 경기77바1006 3 45 234000031 221000163 49 
2020-12-02T14:49:27.602001+09:00 0 0 경기74사1088 3 35 234000031 123000611 27 
2020-12-02T14:49:27.602016+09:00 0 0 경기77바1098 3 43 234000031 221000149 8 
2020-12-02T14:49:27.602032+09:00 0 0 경기74사1066 3 40 234000031 221000239 38 
2020-12-02T14:49:27.602047+09:00 0 0 경기74사1058 3 41 234000031 221000084 18 
2020-12-02T14:50:27.016053+09:00 0 0 경기74사1032 3 36 234000031 277103307 30 
2020-12-02T14:50:27.016115+09:00 0 0 경기77바1006 3 45 234000031 221000163 49 
2020-12-02T14:50:27.016135+09:00 0 0 경기74사1088 3 35 234000031 123000611 27 
2020-12-02T14:50:27.016152+09:00 0 0 경기74사1058 3 41 234000031 221000084 18 
2020-12-02T14:50:27.016168+09:00 0 0 경기74사1066 3 40 234000031 221000239 38 
2020-12-02T14:50:27.016183+09:00 0 0 경기77바1098 3 43 234000031 221000148 9 
2020-12-02T14:51:27.080260+09:00 0 0 경기74사1032 3 36 234000031 277103307 30 
2020-12-02T14:51:27.080323+09:00 0 0 경기77바1006 3 45 234000031 221000163 49 
2020-12-02T14:51:27.080344+09:00 0 0 경기74사1088 3 35 234000031 123000611 27 
2020-12-02T14:51:27.080360+09:00 0 0 경기77바1098 3 43 234000031 221000147 10 
2020-12-02T14:51:27.080377+09:00 0 0 경기74사1058 3 41 234000031 221000084 18 
2020-12-02T14:51:27.080392+09:00 0 0 경기74사1066 3 41 234000031 221000241 39 
2020-12-02T14:52:26.054356+09:00 0 0 경기74사1032 3 36 234000031 277103307 30 
2020-12-02T14:52:26.054419+09:00 0 0 경기77바1006 3 45 234000031 221000163 49 
2020-12-02T14:52:26.054440+09:00 0 0 경기74사1088 3 35 234000031 123000611 27 
2020-12-02T14:52:26.054456+09:00 0 0 경기77바1098 3 43 234000031 221000147 10 
2020-12-02T14:52:26.054473+09:00 0 0 경기74사1066 3 41 234000031 221000241 39 
2020-12-02T14:52:26.054488+09:00 0 0 경기74사1058 3 41 234000031 221000026 21 
2020-12-02T14:53:26.238590+09:00 0 0 경기74사1032 3 36 234000031 221000025 31 
2020-12-02T14:53:26.238652+09:00 0 0 경기77바1006 3 45 234000031 221000163 49 
2020-12-02T14:53:26.238672+09:00 0 0 경기74사1088 3 35 234000031 123000611 27 
2020-12-02T14:53:26.238689+09:00 0 0 경기74사1066 3 43 234000031 221000241 39 
2020-12-02T14:53:26.238705+09:00 0 0 경기74사1058 3 41 234000031 221000026 21 
2020-12-02T14:53:26.238721+09:00 0 0 경기77바1098 3 44 234000031 221000244 11 
2020-12-02T14:54:29.623025+09:00 0 0 경기74사1032 3 36 234000031 221000029 32 
2020-12-02T14:54:29.623088+09:00 0 0 경기74사1077 3 45 234000031 221000163 49 
2020-12-02T14:54:29.623108+09:00 0 0 경기77바1006 3 45 234000031 221000163 49 
2020-12-02T14:54:29.623125+09:00 0 0 경기74사1088 3 35 234000031 123000611 27 
2020-12-02T14:54:29.623141+09:00 0 0 경기74사1066 3 43 234000031 221000243 40 
2020-12-02T14:54:29.623156+09:00 0 0 경기77바1098 3 44 234000031 221000242 12 
2020-12-02T14:54:29.623170+09:00 0 0 경기74사1058 3 41 234000031 277103306 22 
2020-12-02T14:55:24.546798+09:00 0 0 경기74사1077 3 45 234000031 221000264 1 
2020-12-02T14:55:24.546860+09:00 0 0 경기74사1032 3 36 234000031 221000074 34 
2020-12-02T14:55:24.546892+09:00 0 0 경기77바1006 3 45 234000031 221000163 49 
2020-12-02T14:55:24.546919+09:00 0 0 경기74사1088 3 35 234000031 123000611 27 
2020-12-02T14:55:24.546935+09:00 0 0 경기77바1098 3 44 234000031 221000242 12 
2020-12-02T14:55:24.546950+09:00 0 0 경기74사1058 3 41 234000031 277103306 22 
2020-12-02T14:55:24.546964+09:00 0 0 경기74사1066 3 43 234000031 221000243 40 
2020-12-02T14:56:24.670969+09:00 0 0 경기74사1032 3 38 234000031 221000073 35 
2020-12-02T14:56:24.671030+09:00 0 0 경기74사1077 3 45 234000031 221000033 2 
2020-12-02T14:56:24.671050+09:00 0 0 경기77바1006 3 45 234000031 221000163 49 
2020-12-02T14:56:24.671066+09:00 0 0 경기74사1058 3 41 234000031 277103306 22 
2020-12-02T14:56:24.671082+09:00 0 0 경기74사1066 3 43 234000031 221000243 40 
2020-12-02T14:56:24.671096+09:00 0 0 경기77바1098 3 44 234000031 221000242 12 
2020-12-02T14:56:24.671110+09:00 0 0 경기74사1088 3 31 234000031 123000611 27 
2020-12-02T14:57:24.755143+09:00 0 0 경기74사1032 3 38 234000031 221000073 35 
2020-12-02T14:57:24.755205+09:00 0 0 경기74사1077 3 45 234000031 221000033 2 
2020-12-02T14:57:24.755226+09:00 0 0 경기77바1006 3 45 234000031 221000163 49 
2020-12-02T14:57:24.755243+09:00 0 0 경기74사1088 3 31 234000031 123000611 27 
2020-12-02T14:57:24.755260+09:00 0 0 경기77바1098 3 44 234000031 221000240 13 
2020-12-02T14:57:24.755274+09:00 0 0 경기74사1058 3 41 234000031 277102674 23 
2020-12-02T14:57:24.755288+09:00 0 0 경기74사1066 3 43 234000031 221000019 41 
2020-12-02T14:58:23.739211+09:00 0 0 경기74사1077 3 45 234000031 221000033 2 
2020-12-02T14:58:23.739275+09:00 0 0 경기74사1032 3 38 234000031 221000028 36 
2020-12-02T14:58:23.739296+09:00 0 0 경기77바1006 3 45 234000031 221000163 49 
2020-12-02T14:58:23.739311+09:00 0 0 경기74사1058 3 41 234000031 277103309 24 
2020-12-02T14:58:23.739327+09:00 0 0 경기74사1066 3 43 234000031 221000018 42 
2020-12-02T14:58:23.739342+09:00 0 0 경기77바1098 3 43 234000031 221000240 13 
2020-12-02T14:58:23.739355+09:00 0 0 경기74사1088 3 31 234000031 123000611 27 
2020-12-02T14:59:24.013512+09:00 0 0 경기74사1032 3 38 234000031 221000027 37 
2020-12-02T14:59:24.013577+09:00 0 0 경기74사1077 3 45 234000031 221000130 3 
2020-12-02T14:59:24.013598+09:00 0 0 경기77바1006 3 45 234000031 221000163 49 
2020-12-02T14:59:24.013615+09:00 0 0 경기74사1058 3 41 234000031 277103309 24 
2020-12-02T14:59:24.013631+09:00 0 0 경기74사1066 3 44 234000031 221000017 43 
2020-12-02T14:59:24.013647+09:00 0 0 경기74사1088 3 31 234000031 123000611 27 
2020-12-02T14:59:24.013661+09:00 0 0 경기77바1098 3 43 234000031 221000032 14 
2020-12-02T15:00:23.177555+09:00 0 0 경기74사1032 3 38 234000031 221000027 37 
2020-12-02T15:00:23.177621+09:00 0 0 경기74사1077 3 45 234000031 221000128 5 
2020-12-02T15:00:23.177641+09:00 0 0 경기74사1066 3 44 234000031 221000024 44 
2020-12-02T15:00:23.177657+09:00 0 0 경기74사1058 3 41 234000031 277103308 25 
2020-12-02T15:00:23.177674+09:00 0 0 경기74사1088 3 31 234000031 277103310 28 
2020-12-02T15:00:23.177688+09:00 0 0 경기77바1098 3 43 234000031 221000031 15 
2020-12-02T15:01:22.431643+09:00 0 0 경기74사1077 3 45 234000031 221000151 6 
2020-12-02T15:01:22.431706+09:00 0 0 경기74사1032 3 38 234000031 221000239 38 
2020-12-02T15:01:22.431726+09:00 0 0 경기74사1066 3 44 234000031 221000024 44 
2020-12-02T15:01:22.431743+09:00 0 0 경기74사1088 3 31 234000031 277102675 29 
2020-12-02T15:01:22.431762+09:00 0 0 경기74사1058 3 41 234000031 277103308 25 
2020-12-02T15:01:22.431778+09:00 0 0 경기77바1098 3 42 234000031 221000085 17 
2020-12-02T15:02:22.795920+09:00 0 0 경기74사1032 3 38 234000031 221000239 38 
2020-12-02T15:02:22.795981+09:00 0 0 경기74사1077 3 44 234000031 221000150 7 
2020-12-02T15:02:22.796002+09:00 0 0 경기74사1088 3 31 234000031 277102675 29 
2020-12-02T15:02:22.796018+09:00 0 0 경기77바1098 3 42 234000031 221000085 17 
2020-12-02T15:02:22.796034+09:00 0 0 경기74사1058 3 41 234000031 277102302 26 
2020-12-02T15:02:22.796049+09:00 0 0 경기74사1066 3 45 234000031 221000097 45 
2020-12-02T15:03:21.863273+09:00 0 0 경기74사1032 3 39 234000031 221000241 39 
2020-12-02T15:03:21.863332+09:00 0 0 경기74사1077 3 43 234000031 221000149 8 
2020-12-02T15:03:21.863352+09:00 0 0 경기74사1066 3 45 234000031 221000097 45 
2020-12-02T15:03:21.863369+09:00 0 0 경기74사1058 3 41 234000031 123000611 27 
2020-12-02T15:03:21.863385+09:00 0 0 경기77바1098 3 41 234000031 221000084 18 
2020-12-02T15:03:21.863399+09:00 0 0 경기74사1088 3 31 234000031 277102675 29 
2020-12-02T15:04:21.084058+09:00 0 0 경기74사1077 3 43 234000031 221000148 9 
2020-12-02T15:04:21.084120+09:00 0 0 경기74사1032 3 40 234000031 221000241 39 
2020-12-02T15:04:21.084140+09:00 0 0 경기74사1058 3 41 234000031 123000611 27 
2020-12-02T15:04:21.084157+09:00 0 0 경기74사1088 3 31 234000031 277103307 30 
2020-12-02T15:04:21.084174+09:00 0 0 경기74사1066 3 45 234000031 221000163 49 
2020-12-02T15:04:21.084189+09:00 0 0 경기77바1098 3 41 234000031 221000041 19 
2020-12-02T15:05:20.748121+09:00 0 0 경기74사1032 3 40 234000031 221000241 39 
2020-12-02T15:05:20.748184+09:00 0 0 경기74사1077 3 43 234000031 221000148 9 
2020-12-02T15:05:20.748204+09:00 0 0 경기74사1058 3 41 234000031 123000611 27 
2020-12-02T15:05:20.748220+09:00 0 0 경기74사1088 3 31 234000031 277103307 30 
2020-12-02T15:05:20.748237+09:00 0 0 경기74사1066 3 45 234000031 221000163 49 
2020-12-02T15:05:20.748255+09:00 0 0 경기77바1098 3 41 234000031 221000030 20 
2020-12-02T15:06:20.892356+09:00 0 0 경기74사1077 3 43 234000031 221000147 10 
2020-12-02T15:06:20.892437+09:00 0 0 경기74사1032 3 41 234000031 221000243 40 
2020-12-02T15:06:20.892458+09:00 0 0 경기74사1058 3 41 234000031 123000611 27 
2020-12-02T15:06:20.892474+09:00 0 0 경기74사1088 3 31 234000031 277103307 30 
2020-12-02T15:06:20.892490+09:00 0 0 경기74사1066 3 45 234000031 221000163 49 
2020-12-02T15:06:20.892505+09:00 0 0 경기77바1098 3 41 234000031 221000026 21 
2020-12-02T15:07:19.946392+09:00 0 0 경기74사1077 3 43 234000031 221000147 10 
2020-12-02T15:07:19.946459+09:00 0 0 경기74사1032 3 41 234000031 221000019 41 
2020-12-02T15:07:19.946480+09:00 0 0 경기74사1058 3 41 234000031 123000611 27 
2020-12-02T15:07:19.946496+09:00 0 0 경기74사1066 3 45 234000031 221000163 49 
2020-12-02T15:07:19.946512+09:00 0 0 경기77바1098 3 41 234000031 221000026 21 
2020-12-02T15:07:19.946526+09:00 0 0 경기74사1088 3 31 234000031 277103307 30 
2020-12-02T15:08:20.080611+09:00 0 0 경기74사1032 3 41 234000031 221000018 42 
2020-12-02T15:08:20.080669+09:00 0 0 경기74사1077 3 43 234000031 221000244 11 
2020-12-02T15:08:20.080688+09:00 0 0 경기74사1058 3 41 234000031 123000611 27 
2020-12-02T15:08:20.080704+09:00 0 0 경기74사1066 3 45 234000031 221000163 49 
2020-12-02T15:08:20.080721+09:00 0 0 경기77바1098 3 41 234000031 277103306 22 
2020-12-02T15:08:20.080736+09:00 0 0 경기74사1088 3 31 234000031 221000025 31 
2020-12-02T15:09:18.994778+09:00 0 0 경기74사1032 3 42 234000031 221000017 43 
2020-12-02T15:09:18.994841+09:00 0 0 경기74사1077 3 43 234000031 221000242 12 
2020-12-02T15:09:18.994861+09:00 0 0 경기74사1058 3 41 234000031 123000611 27 
2020-12-02T15:09:18.994877+09:00 0 0 경기74사1066 3 45 234000031 221000163 49 
2020-12-02T15:09:18.994894+09:00 0 0 경기77바1098 3 41 234000031 277103306 22 
2020-12-02T15:09:18.994909+09:00 0 0 경기74사1088 3 32 234000031 221000029 32 
2020-12-02T15:09:18.994923+09:00 0 0 경기74사1078 3 45 234000031 221000163 49 
2020-12-02T15:10:18.818826+09:00 0 0 경기74사1077 3 43 234000031 221000242 12 
2020-12-02T15:10:18.818887+09:00 0 0 경기74사1032 3 43 234000031 221000024 44 
2020-12-02T15:10:18.818907+09:00 0 0 경기74사1058 3 41 234000031 123000611 27 
2020-12-02T15:10:18.818923+09:00 0 0 경기74사1066 3 45 234000031 221000163 49 
2020-12-02T15:10:18.818939+09:00 0 0 경기77바1098 3 41 234000031 277103306 22 
2020-12-02T15:10:18.818954+09:00 0 0 경기74사1078 3 45 234000031 221000264 1 
2020-12-02T15:10:18.818967+09:00 0 0 경기74사1088 3 32 234000031 221000074 34 
2020-12-02T15:11:18.562967+09:00 0 0 경기74사1077 3 43 234000031 221000242 12 
2020-12-02T15:11:18.563030+09:00 0 0 경기74사1032 3 43 234000031 221000097 45 
2020-12-02T15:11:18.563049+09:00 0 0 경기74사1066 3 45 234000031 221000163 49 
2020-12-02T15:11:18.563065+09:00 0 0 경기74사1058 3 42 234000031 123000611 27 
2020-12-02T15:11:18.563082+09:00 0 0 경기74사1088 3 33 234000031 221000073 35 
2020-12-02T15:11:18.563097+09:00 0 0 경기74사1078 3 45 234000031 221000033 2 
2020-12-02T15:11:18.563111+09:00 0 0 경기77바1098 3 41 234000031 277102674 23 
2020-12-02T15:12:18.407061+09:00 0 0 경기74사1032 3 45 234000031 221000097 45 
2020-12-02T15:12:18.407123+09:00 0 0 경기74사1077 3 43 234000031 221000240 13 
2020-12-02T15:12:18.407144+09:00 0 0 경기74사1066 3 45 234000031 221000163 49 
2020-12-02T15:12:18.407159+09:00 0 0 경기74사1088 3 37 234000031 221000073 35 
2020-12-02T15:12:18.407176+09:00 0 0 경기77바1098 3 41 234000031 277103309 24 
2020-12-02T15:12:18.407190+09:00 0 0 경기74사1058 3 42 234000031 123000611 27 
2020-12-02T15:12:18.407205+09:00 0 0 경기74사1078 3 45 234000031 221000128 5 
2020-12-02T15:13:18.051268+09:00 0 0 경기74사1077 3 40 234000031 221000240 13 
2020-12-02T15:13:18.051330+09:00 0 0 경기74사1032 3 45 234000031 221000163 49 
2020-12-02T15:13:18.051349+09:00 0 0 경기74사1066 3 45 234000031 221000163 49 
2020-12-02T15:13:18.051364+09:00 0 0 경기74사1058 3 42 234000031 123000611 27 
2020-12-02T15:13:18.051391+09:00 0 0 경기77바1098 3 41 234000031 277103309 24 
2020-12-02T15:13:18.051406+09:00 0 0 경기74사1088 3 37 234000031 221000028 36 
2020-12-02T15:13:18.051420+09:00 0 0 경기74사1078 3 45 234000031 221000151 6 
2020-12-02T15:14:17.665311+09:00 0 0 경기74사1077 3 40 234000031 221000240 13 
2020-12-02T15:14:17.665371+09:00 0 0 경기74사1032 3 45 234000031 221000163 49 
2020-12-02T15:14:17.665391+09:00 0 0 경기74사1066 3 45 234000031 221000163 49 
2020-12-02T15:14:17.665406+09:00 0 0 경기74사1078 3 45 234000031 221000151 6 
2020-12-02T15:14:17.665423+09:00 0 0 경기74사1088 3 39 234000031 221000027 37 
2020-12-02T15:14:17.665438+09:00 0 0 경기77바1098 3 41 234000031 277103308 25 
2020-12-02T15:14:17.665452+09:00 0 0 경기74사1058 3 42 234000031 277103310 28 
2020-12-02T15:15:17.249357+09:00 0 0 경기74사1032 3 45 234000031 221000163 49 
2020-12-02T15:15:17.249420+09:00 0 0 경기74사1077 3 40 234000031 221000240 13 
2020-12-02T15:15:17.249440+09:00 0 0 경기74사1066 3 45 234000031 221000163 49 
2020-12-02T15:15:17.249456+09:00 0 0 경기77바1098 3 41 234000031 277103308 25 
2020-12-02T15:15:17.249472+09:00 0 0 경기74사1058 3 42 234000031 277102675 29 
2020-12-02T15:15:17.249487+09:00 0 0 경기74사1078 3 45 234000031 221000151 6 
2020-12-02T15:15:17.249501+09:00 0 0 경기74사1088 3 39 234000031 221000027 37 
2020-12-02T15:16:17.073547+09:00 0 0 경기74사1032 3 45 234000031 221000163 49 
2020-12-02T15:16:17.073609+09:00 0 0 경기74사1077 3 40 234000031 221000032 14 
2020-12-02T15:16:17.073629+09:00 0 0 경기74사1066 3 45 234000031 221000163 49 
2020-12-02T15:16:17.073645+09:00 0 0 경기74사1058 3 42 234000031 277102675 29 
2020-12-02T15:16:17.073661+09:00 0 0 경기77바1098 3 41 234000031 277102302 26 
2020-12-02T15:16:17.073675+09:00 0 0 경기74사1078 3 43 234000031 221000149 8 
2020-12-02T15:16:17.073689+09:00 0 0 경기74사1088 3 39 234000031 221000027 37 
2020-12-02T15:17:16.757781+09:00 0 0 경기74사1032 3 45 234000031 221000163 49 
2020-12-02T15:17:16.757843+09:00 0 0 경기74사1077 3 40 234000031 221000032 14 
2020-12-02T15:17:16.757863+09:00 0 0 경기74사1066 3 45 234000031 221000163 49 
2020-12-02T15:17:16.757879+09:00 0 0 경기74사1058 3 42 234000031 277102675 29 
2020-12-02T15:17:16.757895+09:00 0 0 경기74사1088 3 39 234000031 221000027 37 
2020-12-02T15:17:16.757910+09:00 0 0 경기74사1078 3 43 234000031 221000149 8 
2020-12-02T15:17:16.757923+09:00 0 0 경기77바1098 3 41 234000031 277102302 26 
2020-12-02T15:18:16.571820+09:00 0 0 경기74사1032 3 45 234000031 221000163 49 
2020-12-02T15:18:16.571882+09:00 0 0 경기74사1077 3 40 234000031 221000085 17 
2020-12-02T15:18:16.571902+09:00 0 0 경기74사1066 3 45 234000031 221000163 49 
2020-12-02T15:18:16.571918+09:00 0 0 경기77바1098 3 41 234000031 123000611 27 
2020-12-02T15:18:16.571934+09:00 0 0 경기74사1058 3 42 234000031 277103307 30 
2020-12-02T15:18:16.571949+09:00 0 0 경기74사1088 3 39 234000031 221000239 38 
2020-12-02T15:18:16.571962+09:00 0 0 경기74사1078 3 43 234000031 221000147 10 
2020-12-02T15:19:16.565889+09:00 0 0 경기74사1032 3 45 234000031 221000163 49 
2020-12-02T15:19:16.565961+09:00 0 0 경기74사1077 3 40 234000031 221000084 18 
2020-12-02T15:19:16.565981+09:00 0 0 경기74사1066 3 45 234000031 221000163 49 
2020-12-02T15:19:16.565998+09:00 0 0 경기77바1098 3 41 234000031 123000611 27 
2020-12-02T15:19:16.566014+09:00 0 0 경기74사1078 3 43 234000031 221000147 10 
2020-12-02T15:19:16.566029+09:00 0 0 경기74사1058 3 42 234000031 277103307 30 
2020-12-02T15:19:16.566043+09:00 0 0 경기74사1088 3 39 234000031 221000241 39 
2020-12-02T15:20:15.320018+09:00 0 0 경기74사1032 3 45 234000031 221000163 49 
2020-12-02T15:20:15.320081+09:00 0 0 경기74사1077 3 40 234000031 221000084 18 
2020-12-02T15:20:15.320102+09:00 0 0 경기74사1066 3 45 234000031 221000163 49 
2020-12-02T15:20:15.320118+09:00 0 0 경기77바1098 3 41 234000031 123000611 27 
2020-12-02T15:20:15.320134+09:00 0 0 경기74사1078 3 43 234000031 221000147 10 
2020-12-02T15:20:15.320149+09:00 0 0 경기74사1058 3 42 234000031 277103307 30 
2020-12-02T15:20:15.320162+09:00 0 0 경기74사1088 3 39 234000031 221000241 39 
2020-12-02T15:21:14.614039+09:00 0 0 경기74사1032 3 45 234000031 221000163 49 
2020-12-02T15:21:14.614100+09:00 0 0 경기74사1077 3 40 234000031 221000084 18 
2020-12-02T15:21:14.614120+09:00 0 0 경기77바1098 3 41 234000031 123000611 27 
2020-12-02T15:21:14.614137+09:00 0 0 경기74사1058 3 42 234000031 277103307 30 
2020-12-02T15:21:14.614153+09:00 0 0 경기74사1088 3 41 234000031 221000243 40 
2020-12-02T15:21:14.614168+09:00 0 0 경기74사1078 3 43 234000031 221000244 11 
2020-12-02T15:22:14.618149+09:00 0 0 경기74사1032 3 45 234000031 221000163 49 
2020-12-02T15:22:14.618212+09:00 0 0 경기74사1077 3 40 234000031 221000026 21 
2020-12-02T15:22:14.618232+09:00 0 0 경기77바1098 3 41 234000031 123000611 27 
2020-12-02T15:22:14.618248+09:00 0 0 경기74사1088 3 41 234000031 221000243 40 
2020-12-02T15:22:14.618264+09:00 0 0 경기74사1078 3 43 234000031 221000242 12 
2020-12-02T15:22:14.618279+09:00 0 0 경기74사1058 3 42 234000031 221000025 31 
2020-12-02T15:23:14.472360+09:00 0 0 경기74사1032 3 45 234000031 221000163 49 
2020-12-02T15:23:14.472423+09:00 0 0 경기74사1077 3 40 234000031 221000026 21 
2020-12-02T15:23:14.472443+09:00 0 0 경기77바1098 3 41 234000031 123000611 27 
2020-12-02T15:23:14.472459+09:00 0 0 경기74사1088 3 41 234000031 221000243 40 
2020-12-02T15:23:14.472476+09:00 0 0 경기74사1078 3 42 234000031 221000242 12 
2020-12-02T15:23:14.472490+09:00 0 0 경기74사1058 3 42 234000031 221000029 32 
2020-12-02T15:24:14.306373+09:00 0 0 경기74사1032 3 45 234000031 221000163 49 
2020-12-02T15:24:14.306433+09:00 0 0 경기74사1077 3 40 234000031 221000026 21 
2020-12-02T15:24:14.306453+09:00 0 0 경기77바1098 3 41 234000031 123000611 27 
2020-12-02T15:24:14.306468+09:00 0 0 경기74사1058 3 42 234000031 221000029 32 
2020-12-02T15:24:14.306484+09:00 0 0 경기74사1088 3 41 234000031 221000019 41 
2020-12-02T15:24:14.306499+09:00 0 0 경기74사1078 3 42 234000031 221000240 13 
2020-12-02T15:25:13.910600+09:00 0 0 경기74사1032 3 45 234000031 221000163 49 
2020-12-02T15:25:13.910661+09:00 0 0 경기74사1077 3 40 234000031 277103306 22 
2020-12-02T15:25:13.910681+09:00 0 0 경기77바1098 3 41 234000031 123000611 27 
2020-12-02T15:25:13.910697+09:00 0 0 경기74사1078 3 42 234000031 221000240 13 
2020-12-02T15:25:13.910713+09:00 0 0 경기74사1058 3 42 234000031 221000075 33 
2020-12-02T15:25:13.910727+09:00 0 0 경기74사1088 3 41 234000031 221000018 42 
2020-12-02T15:25:13.910741+09:00 0 0 경기77바1006 3 45 234000031 221000264 1 
2020-12-02T15:26:13.924759+09:00 0 0 경기74사1032 3 45 234000031 221000163 49 
2020-12-02T15:26:13.924823+09:00 0 0 경기74사1077 3 40 234000031 277103306 22 
2020-12-02T15:26:13.924843+09:00 0 0 경기74사1078 3 41 234000031 221000240 13 
2020-12-02T15:26:13.924862+09:00 0 0 경기77바1006 3 45 234000031 221000264 1 
2020-12-02T15:26:13.924878+09:00 0 0 경기77바1098 3 30 234000031 123000611 27 
2020-12-02T15:26:13.924892+09:00 0 0 경기74사1058 3 42 234000031 221000073 35 
2020-12-02T15:26:13.924906+09:00 0 0 경기74사1088 3 44 234000031 221000017 43 
2020-12-02T15:27:12.468799+09:00 0 0 경기74사1032 3 45 234000031 221000163 49 
2020-12-02T15:27:12.468864+09:00 0 0 경기74사1077 3 40 234000031 277103306 22 
2020-12-02T15:27:12.468884+09:00 0 0 경기74사1058 3 42 234000031 221000073 35 
2020-12-02T15:27:12.468900+09:00 0 0 경기77바1006 3 45 234000031 221000033 2 
2020-12-02T15:27:12.468916+09:00 0 0 경기74사1088 3 44 234000031 221000024 44 
2020-12-02T15:27:12.468931+09:00 0 0 경기74사1078 3 41 234000031 221000240 13 
2020-12-02T15:27:12.468945+09:00 0 0 경기77바1098 3 30 234000031 123000611 27 
2020-12-02T15:28:12.772868+09:00 0 0 경기74사1032 3 45 234000031 221000163 49 
2020-12-02T15:28:12.772931+09:00 0 0 경기74사1077 3 40 234000031 277103306 22 
2020-12-02T15:28:12.772952+09:00 0 0 경기77바1098 3 30 234000031 123000611 27 
2020-12-02T15:28:12.772969+09:00 0 0 경기77바1006 3 45 234000031 221000033 2 
2020-12-02T15:28:12.772991+09:00 0 0 경기74사1088 3 44 234000031 221000024 44 
2020-12-02T15:28:12.773006+09:00 0 0 경기74사1058 3 42 234000031 221000028 36 
2020-12-02T15:28:12.773020+09:00 0 0 경기74사1078 3 41 234000031 221000032 14 
2020-12-02T15:29:11.516958+09:00 0 0 경기74사1077 3 40 234000031 277102674 23 
2020-12-02T15:29:11.517021+09:00 0 0 경기77바1006 3 45 234000031 221000033 2 
2020-12-02T15:29:11.517089+09:00 0 0 경기74사1088 3 44 234000031 221000097 45 
2020-12-02T15:29:11.517107+09:00 0 0 경기77바1098 3 30 234000031 277103310 28 
2020-12-02T15:29:11.517124+09:00 0 0 경기74사1078 3 41 234000031 221000031 15 
2020-12-02T15:29:11.517139+09:00 0 0 경기74사1058 3 43 234000031 221000027 37 
2020-12-02T15:30:11.441261+09:00 0 0 경기74사1077 3 40 234000031 277103309 24 
2020-12-02T15:30:11.441323+09:00 0 0 경기74사1078 3 41 234000031 221000031 15 
2020-12-02T15:30:11.441343+09:00 0 0 경기77바1098 3 30 234000031 277102675 29 
2020-12-02T15:30:11.441359+09:00 0 0 경기74사1088 3 44 234000031 221000016 46 
2020-12-02T15:30:11.441375+09:00 0 0 경기74사1058 3 43 234000031 221000027 37 
2020-12-02T15:30:11.441394+09:00 0 0 경기77바1006 3 44 234000031 221000129 4 
2020-12-02T15:31:10.515371+09:00 0 0 경기74사1077 3 40 234000031 277103309 24 
2020-12-02T15:31:10.515435+09:00 0 0 경기77바1098 3 30 234000031 277102675 29 
2020-12-02T15:31:10.515458+09:00 0 0 경기74사1088 3 44 234000031 221000163 49 
2020-12-02T15:31:10.515475+09:00 0 0 경기74사1058 3 44 234000031 221000239 38 
2020-12-02T15:31:10.515495+09:00 0 0 경기77바1006 3 44 234000031 221000151 6 
2020-12-02T15:31:10.515511+09:00 0 0 경기74사1078 3 40 234000031 221000085 17 
2020-12-02T15:32:10.769874+09:00 0 0 경기74사1077 3 40 234000031 277103308 25 
2020-12-02T15:32:10.769936+09:00 0 0 경기77바1098 3 30 234000031 277102675 29 
2020-12-02T15:32:10.769957+09:00 0 0 경기74사1058 3 44 234000031 221000239 38 
2020-12-02T15:32:10.769973+09:00 0 0 경기74사1078 3 40 234000031 221000084 18 
2020-12-02T15:32:10.769989+09:00 0 0 경기77바1006 3 43 234000031 221000151 6 
2020-12-02T15:32:10.770004+09:00 0 0 경기74사1088 3 44 234000031 221000163 49 
2020-12-02T15:33:09.193462+09:00 0 0 경기74사1077 3 40 234000031 277102302 26 
2020-12-02T15:33:09.193526+09:00 0 0 경기74사1078 3 40 234000031 221000084 18 
2020-12-02T15:33:09.193546+09:00 0 0 경기74사1088 3 44 234000031 221000163 49 
2020-12-02T15:33:09.193562+09:00 0 0 경기77바1098 3 30 234000031 277103307 30 
2020-12-02T15:33:09.193577+09:00 0 0 경기74사1058 3 44 234000031 221000241 39 
2020-12-02T15:33:09.193593+09:00 0 0 경기77바1006 3 44 234000031 221000149 8 
2020-12-02T15:34:09.177554+09:00 0 0 경기74사1077 3 40 234000031 277102302 26 
2020-12-02T15:34:09.177628+09:00 0 0 경기74사1088 3 44 234000031 221000163 49 
2020-12-02T15:34:09.177649+09:00 0 0 경기77바1006 3 44 234000031 221000148 9 
2020-12-02T15:34:09.177665+09:00 0 0 경기77바1098 3 30 234000031 277103307 30 
2020-12-02T15:34:09.177681+09:00 0 0 경기74사1058 3 45 234000031 221000241 39 
2020-12-02T15:34:09.177696+09:00 0 0 경기74사1078 3 41 234000031 221000041 19 
2020-12-02T15:35:08.931750+09:00 0 0 경기74사1077 3 40 234000031 277102302 26 
2020-12-02T15:35:08.931811+09:00 0 0 경기74사1088 3 44 234000031 221000163 49 
2020-12-02T15:35:08.931831+09:00 0 0 경기77바1098 3 30 234000031 277103307 30 
2020-12-02T15:35:08.931847+09:00 0 0 경기74사1058 3 45 234000031 221000241 39 
2020-12-02T15:35:08.931863+09:00 0 0 경기74사1078 3 41 234000031 221000030 20 
2020-12-02T15:35:08.931878+09:00 0 0 경기77바1006 3 44 234000031 221000148 9 
2020-12-02T15:36:08.665817+09:00 0 0 경기74사1077 3 40 234000031 277102302 26 
2020-12-02T15:36:08.665877+09:00 0 0 경기74사1088 3 44 234000031 221000163 49 
2020-12-02T15:36:08.665898+09:00 0 0 경기77바1098 3 30 234000031 277103307 30 
2020-12-02T15:36:08.665913+09:00 0 0 경기77바1006 3 44 234000031 221000147 10 
2020-12-02T15:36:08.665930+09:00 0 0 경기74사1058 3 45 234000031 221000243 40 
2020-12-02T15:36:08.665944+09:00 0 0 경기74사1078 3 41 234000031 221000026 21 
2020-12-02T15:37:08.199990+09:00 0 0 경기74사1077 3 40 234000031 123000611 27 
2020-12-02T15:37:08.200052+09:00 0 0 경기74사1088 3 44 234000031 221000163 49 
2020-12-02T15:37:08.200071+09:00 0 0 경기77바1006 3 44 234000031 221000147 10 
2020-12-02T15:37:08.200087+09:00 0 0 경기77바1098 3 30 234000031 277103307 30 
2020-12-02T15:37:08.200103+09:00 0 0 경기74사1078 3 41 234000031 221000026 21 
2020-12-02T15:37:08.200117+09:00 0 0 경기74사1058 3 45 234000031 221000243 40 
2020-12-02T15:38:07.764063+09:00 0 0 경기74사1077 3 40 234000031 123000611 27 
2020-12-02T15:38:07.764131+09:00 0 0 경기74사1088 3 44 234000031 221000163 49 
2020-12-02T15:38:07.764150+09:00 0 0 경기74사1078 3 41 234000031 277103306 22 
2020-12-02T15:38:07.764166+09:00 0 0 경기77바1098 3 30 234000031 221000025 31 
2020-12-02T15:38:07.764182+09:00 0 0 경기74사1058 3 45 234000031 221000019 41 
2020-12-02T15:38:07.764196+09:00 0 0 경기77바1006 3 45 234000031 221000147 10 
2020-12-02T15:39:07.908240+09:00 0 0 경기74사1077 3 40 234000031 123000611 27 
2020-12-02T15:39:07.908304+09:00 0 0 경기74사1088 3 44 234000031 221000163 49 
2020-12-02T15:39:07.908326+09:00 0 0 경기77바1098 3 30 234000031 221000029 32 
2020-12-02T15:39:07.908342+09:00 0 0 경기74사1058 3 45 234000031 221000018 42 
2020-12-02T15:39:07.908359+09:00 0 0 경기77바1006 3 44 234000031 221000244 11 
2020-12-02T15:39:07.908374+09:00 0 0 경기74사1078 3 41 234000031 277103306 22 
2020-12-02T15:40:06.632297+09:00 0 0 경기74사1077 3 40 234000031 123000611 27 
2020-12-02T15:40:06.632360+09:00 0 0 경기74사1088 3 44 234000031 221000163 49 
2020-12-02T15:40:06.632381+09:00 0 0 경기74사1078 3 41 234000031 277103306 22 
2020-12-02T15:40:06.632398+09:00 0 0 경기77바1209 3 45 234000031 221000264 1 
2020-12-02T15:40:06.632414+09:00 0 0 경기77바1098 3 30 234000031 221000074 34 
2020-12-02T15:40:06.632429+09:00 0 0 경기74사1058 3 45 234000031 221000018 42 
2020-12-02T15:40:06.632443+09:00 0 0 경기77바1006 3 41 234000031 221000242 12 
2020-12-02T15:41:06.226443+09:00 0 0 경기74사1077 3 40 234000031 123000611 27 
2020-12-02T15:41:06.226507+09:00 0 0 경기74사1088 3 44 234000031 221000163 49 
2020-12-02T15:41:06.226528+09:00 0 0 경기77바1006 3 41 234000031 221000242 12 
2020-12-02T15:41:06.226545+09:00 0 0 경기77바1209 3 45 234000031 221000264 1 
2020-12-02T15:41:06.226562+09:00 0 0 경기74사1058 3 45 234000031 221000017 43 
2020-12-02T15:41:06.226577+09:00 0 0 경기77바1098 3 30 234000031 221000073 35 
2020-12-02T15:41:06.226591+09:00 0 0 경기74사1078 3 41 234000031 277103306 22 
2020-12-02T15:42:05.920480+09:00 0 0 경기74사1077 3 40 234000031 123000611 27 
2020-12-02T15:42:05.920543+09:00 0 0 경기74사1088 3 44 234000031 221000163 49 
2020-12-02T15:42:05.920563+09:00 0 0 경기74사1058 3 45 234000031 221000024 44 
2020-12-02T15:42:05.920580+09:00 0 0 경기74사1078 3 41 234000031 277102674 23 
2020-12-02T15:42:05.920597+09:00 0 0 경기77바1209 3 45 234000031 221000033 2 
2020-12-02T15:42:05.920612+09:00 0 0 경기77바1098 3 34 234000031 221000073 35 
2020-12-02T15:42:05.920626+09:00 0 0 경기77바1006 3 41 234000031 221000240 13 
2020-12-02T15:43:05.674647+09:00 0 0 경기74사1077 3 40 234000031 123000611 27 
2020-12-02T15:43:05.674710+09:00 0 0 경기74사1088 3 44 234000031 221000163 49 
2020-12-02T15:43:05.674730+09:00 0 0 경기74사1058 3 45 234000031 221000024 44 
2020-12-02T15:43:05.674746+09:00 0 0 경기77바1006 3 41 234000031 221000240 13 
2020-12-02T15:43:05.674762+09:00 0 0 경기77바1209 3 45 234000031 221000033 2 
2020-12-02T15:43:05.674777+09:00 0 0 경기74사1078 3 41 234000031 277103309 24 
2020-12-02T15:43:05.674791+09:00 0 0 경기77바1098 3 34 234000031 221000028 36 
2020-12-02T15:44:05.428717+09:00 0 0 경기74사1077 3 34 234000031 123000611 27 
2020-12-02T15:44:05.428779+09:00 0 0 경기74사1088 3 44 234000031 221000163 49 
2020-12-02T15:44:05.428799+09:00 0 0 경기77바1209 3 45 234000031 221000033 2 
2020-12-02T15:44:05.428816+09:00 0 0 경기74사1078 3 41 234000031 277103308 25 
2020-12-02T15:44:05.428832+09:00 0 0 경기77바1098 3 36 234000031 221000027 37 
2020-12-02T15:44:05.428848+09:00 0 0 경기74사1058 3 45 234000031 221000097 45 
2020-12-02T15:44:05.428863+09:00 0 0 경기77바1006 3 41 234000031 221000032 14 
2020-12-02T15:45:05.192908+09:00 0 0 경기74사1077 3 34 234000031 123000611 27 
2020-12-02T15:45:05.192971+09:00 0 0 경기74사1088 3 44 234000031 221000163 49 
2020-12-02T15:45:05.192992+09:00 0 0 경기74사1058 3 45 234000031 221000097 45 
2020-12-02T15:45:05.193007+09:00 0 0 경기74사1078 3 41 234000031 277103308 25 
2020-12-02T15:45:05.193024+09:00 0 0 경기77바1209 3 45 234000031 221000129 4 
2020-12-02T15:45:05.193074+09:00 0 0 경기77바1098 3 37 234000031 221000027 37 
2020-12-02T15:45:05.193091+09:00 0 0 경기77바1006 3 41 234000031 221000032 14 
2020-12-02T15:46:04.997014+09:00 0 0 경기74사1077 3 34 234000031 123000611 27 
2020-12-02T15:46:04.997110+09:00 0 0 경기74사1088 3 44 234000031 221000163 49 
2020-12-02T15:46:04.997131+09:00 0 0 경기74사1078 3 41 234000031 277102302 26 
2020-12-02T15:46:04.997147+09:00 0 0 경기77바1006 3 41 234000031 221000055 16 
2020-12-02T15:46:04.997164+09:00 0 0 경기77바1098 3 37 234000031 221000027 37 
2020-12-02T15:46:04.997179+09:00 0 0 경기77바1209 3 45 234000031 221000128 5 
2020-12-02T15:46:04.997193+09:00 0 0 경기74사1058 3 45 234000031 221000163 49 
2020-12-02T15:47:04.841207+09:00 0 0 경기74사1077 3 34 234000031 123000611 27 
2020-12-02T15:47:04.841271+09:00 0 0 경기77바1098 3 37 234000031 221000027 37 
2020-12-02T15:47:04.841291+09:00 0 0 경기77바1006 3 41 234000031 221000055 16 
2020-12-02T15:47:04.841306+09:00 0 0 경기77바1209 3 45 234000031 221000151 6 
2020-12-02T15:47:04.841322+09:00 0 0 경기74사1078 3 41 234000031 123000611 27 
2020-12-02T15:47:04.841337+09:00 0 0 경기74사1058 3 45 234000031 221000163 49 
2020-12-02T15:48:04.775427+09:00 0 0 경기74사1077 3 34 234000031 277103310 28 
2020-12-02T15:48:04.775489+09:00 0 0 경기74사1078 3 41 234000031 123000611 27 
2020-12-02T15:48:04.775509+09:00 0 0 경기74사1058 3 45 234000031 221000163 49 
2020-12-02T15:48:04.775525+09:00 0 0 경기77바1098 3 40 234000031 221000239 38 
2020-12-02T15:48:04.775541+09:00 0 0 경기77바1006 3 41 234000031 221000084 18 
2020-12-02T15:48:04.775556+09:00 0 0 경기77바1209 3 44 234000031 221000151 6 
2020-12-02T15:49:04.399393+09:00 0 0 경기74사1077 3 34 234000031 277102675 29 
2020-12-02T15:49:04.399456+09:00 0 0 경기74사1078 3 41 234000031 123000611 27 
2020-12-02T15:49:04.399476+09:00 0 0 경기74사1058 3 45 234000031 221000163 49 
2020-12-02T15:49:04.399492+09:00 0 0 경기77바1098 3 41 234000031 221000241 39 
2020-12-02T15:49:04.399508+09:00 0 0 경기77바1006 3 41 234000031 221000041 19 
2020-12-02T15:49:04.399523+09:00 0 0 경기77바1209 3 44 234000031 221000149 8 
2020-12-02T15:50:04.073401+09:00 0 0 경기74사1077 3 34 234000031 277102675 29 
2020-12-02T15:50:04.073464+09:00 0 0 경기74사1078 3 41 234000031 123000611 27 
2020-12-02T15:50:04.073484+09:00 0 0 경기74사1058 3 45 234000031 221000163 49 
2020-12-02T15:50:04.073500+09:00 0 0 경기77바1209 3 44 234000031 221000149 8 
2020-12-02T15:50:04.073516+09:00 0 0 경기77바1098 3 42 234000031 221000241 39 
2020-12-02T15:50:04.073531+09:00 0 0 경기77바1006 3 40 234000031 221000026 21 
2020-12-02T15:51:03.787437+09:00 0 0 경기74사1077 3 34 234000031 277102675 29 
2020-12-02T15:51:03.787500+09:00 0 0 경기74사1078 3 41 234000031 123000611 27 
2020-12-02T15:51:03.787520+09:00 0 0 경기74사1058 3 45 234000031 221000163 49 
2020-12-02T15:51:03.787536+09:00 0 0 경기77바1209 3 44 234000031 221000147 10 
2020-12-02T15:51:03.787552+09:00 0 0 경기77바1098 3 42 234000031 221000241 39 
2020-12-02T15:51:03.787568+09:00 0 0 경기77바1006 3 40 234000031 221000026 21 
2020-12-02T15:52:03.531378+09:00 0 0 경기74사1077 3 34 234000031 277103307 30 
2020-12-02T15:52:03.531440+09:00 0 0 경기74사1078 3 41 234000031 123000611 27 
2020-12-02T15:52:03.531460+09:00 0 0 경기74사1058 3 45 234000031 221000163 49 
2020-12-02T15:52:03.531476+09:00 0 0 경기77바1209 3 44 234000031 221000147 10 
2020-12-02T15:52:03.531493+09:00 0 0 경기77바1006 3 40 234000031 221000026 21 
2020-12-02T15:52:03.531508+09:00 0 0 경기77바1098 3 42 234000031 221000243 40 
2020-12-02T15:53:03.365477+09:00 0 0 경기74사1077 3 34 234000031 277103307 30 
2020-12-02T15:53:03.365540+09:00 0 0 경기74사1078 3 41 234000031 123000611 27 
2020-12-02T15:53:03.365560+09:00 0 0 경기74사1058 3 45 234000031 221000163 49 
2020-12-02T15:53:03.365576+09:00 0 0 경기77바1006 3 40 234000031 277103306 22 
2020-12-02T15:53:03.365591+09:00 0 0 경기77바1098 3 42 234000031 221000243 40 
2020-12-02T15:53:03.365606+09:00 0 0 경기77바1209 3 44 234000031 221000147 10 
2020-12-02T15:54:03.079516+09:00 0 0 경기74사1077 3 34 234000031 277103307 30 
2020-12-02T15:54:03.079578+09:00 0 0 경기74사1057 3 45 234000031 221000264 1 
2020-12-02T15:54:03.079598+09:00 0 0 경기74사1078 3 41 234000031 123000611 27 
2020-12-02T15:54:03.079614+09:00 0 0 경기74사1058 3 45 234000031 221000163 49 
2020-12-02T15:54:03.079630+09:00 0 0 경기77바1006 3 40 234000031 277103306 22 
2020-12-02T15:54:03.079645+09:00 0 0 경기77바1209 3 42 234000031 221000244 11 
2020-12-02T15:54:03.079658+09:00 0 0 경기77바1098 3 42 234000031 221000019 41 
2020-12-02T15:55:02.563601+09:00 0 0 경기74사1077 3 34 234000031 221000025 31 
2020-12-02T15:55:02.563663+09:00 0 0 경기74사1057 3 45 234000031 221000264 1 
2020-12-02T15:55:02.563683+09:00 0 0 경기74사1058 3 45 234000031 221000163 49 
2020-12-02T15:55:02.563699+09:00 0 0 경기77바1006 3 40 234000031 277103306 22 
2020-12-02T15:55:02.563715+09:00 0 0 경기77바1209 3 42 234000031 221000242 12 
2020-12-02T15:55:02.563730+09:00 0 0 경기74사1078 3 43 234000031 123000611 27 
2020-12-02T15:55:02.563744+09:00 0 0 경기77바1098 3 42 234000031 221000019 41 
2020-12-02T15:56:02.453642+09:00 0 0 경기74사1077 3 35 234000031 221000029 32 
2020-12-02T15:56:02.453701+09:00 0 0 경기74사1057 3 45 234000031 221000033 2 
2020-12-02T15:56:02.453721+09:00 0 0 경기74사1058 3 45 234000031 221000163 49 
2020-12-02T15:56:02.453737+09:00 0 0 경기74사1078 3 43 234000031 123000611 27 
2020-12-02T15:56:02.453753+09:00 0 0 경기77바1209 3 42 234000031 221000242 12 
2020-12-02T15:56:02.453768+09:00 0 0 경기77바1006 3 40 234000031 277102674 23 
2020-12-02T15:56:02.453782+09:00 0 0 경기77바1098 3 44 234000031 221000018 42 
2020-12-02T15:57:02.331744+09:00 0 0 경기74사1077 3 35 234000031 221000029 32 
2020-12-02T15:57:02.331809+09:00 0 0 경기74사1057 3 45 234000031 221000129 4 
2020-12-02T15:57:02.331830+09:00 0 0 경기74사1058 3 45 234000031 221000163 49 
2020-12-02T15:57:02.331846+09:00 0 0 경기74사1078 3 43 234000031 123000611 27 
2020-12-02T15:57:02.331862+09:00 0 0 경기77바1006 3 40 234000031 277103309 24 
2020-12-02T15:57:02.331877+09:00 0 0 경기77바1209 3 42 234000031 221000242 12 
2020-12-02T15:57:02.331890+09:00 0 0 경기77바1098 3 45 234000031 221000024 44 
2020-12-02T15:58:02.235605+09:00 0 0 경기74사1057 3 45 234000031 221000128 5 
2020-12-02T15:58:02.235669+09:00 0 0 경기74사1077 3 35 234000031 221000074 34 
2020-12-02T15:58:02.235689+09:00 0 0 경기74사1058 3 45 234000031 221000163 49 
2020-12-02T15:58:02.235705+09:00 0 0 경기77바1098 3 45 234000031 221000024 44 
2020-12-02T15:58:02.235721+09:00 0 0 경기74사1078 3 43 234000031 123000611 27 
2020-12-02T15:58:02.235736+09:00 0 0 경기77바1006 3 40 234000031 277103309 24 
2020-12-02T15:58:02.235749+09:00 0 0 경기77바1209 3 40 234000031 221000240 13 
2020-12-02T15:59:02.059813+09:00 0 0 경기74사1077 3 36 234000031 221000073 35 
2020-12-02T15:59:02.059887+09:00 0 0 경기74사1057 3 45 234000031 221000151 6 
2020-12-02T15:59:02.059908+09:00 0 0 경기74사1058 3 45 234000031 221000163 49 
2020-12-02T15:59:02.059923+09:00 0 0 경기77바1006 3 40 234000031 277103308 25 
2020-12-02T15:59:02.059940+09:00 0 0 경기77바1209 3 40 234000031 221000032 14 
2020-12-02T15:59:02.059954+09:00 0 0 경기77바1098 3 45 234000031 221000097 45 
2020-12-02T15:59:02.059968+09:00 0 0 경기74사1078 3 43 234000031 277103310 28 
2020-12-02T16:00:01.783798+09:00 0 0 경기74사1077 3 36 234000031 221000073 35 
2020-12-02T16:00:01.783864+09:00 0 0 경기74사1057 3 45 234000031 221000151 6 
2020-12-02T16:00:01.783885+09:00 0 0 경기74사1058 3 45 234000031 221000163 49 
2020-12-02T16:00:01.783902+09:00 0 0 경기77바1098 3 45 234000031 221000097 45 
2020-12-02T16:00:01.783918+09:00 0 0 경기77바1006 3 40 234000031 277102302 26 
2020-12-02T16:00:01.783933+09:00 0 0 경기77바1209 3 40 234000031 221000032 14 
2020-12-02T16:00:01.783947+09:00 0 0 경기74사1078 3 43 234000031 277102675 29 
2020-12-02T16:01:01.267906+09:00 0 0 경기74사1077 3 37 234000031 221000028 36 
2020-12-02T16:01:01.267971+09:00 0 0 경기74사1057 3 45 234000031 221000151 6 
2020-12-02T16:01:01.267991+09:00 0 0 경기74사1058 3 45 234000031 221000163 49 
2020-12-02T16:01:01.268008+09:00 0 0 경기74사1078 3 43 234000031 277102675 29 
2020-12-02T16:01:01.268024+09:00 0 0 경기77바1006 3 40 234000031 277102302 26 
2020-12-02T16:01:01.268039+09:00 0 0 경기77바1209 3 42 234000031 221000031 15 
2020-12-02T16:01:01.268053+09:00 0 0 경기77바1098 3 45 234000031 221000163 49 
2020-12-02T16:02:01.132018+09:00 0 0 경기74사1077 3 37 234000031 221000027 37 
2020-12-02T16:02:01.132081+09:00 0 0 경기74사1057 3 44 234000031 221000149 8 
2020-12-02T16:02:01.132101+09:00 0 0 경기74사1058 3 45 234000031 221000163 49 
2020-12-02T16:02:01.132117+09:00 0 0 경기74사1078 3 43 234000031 277102675 29 
2020-12-02T16:02:01.132133+09:00 0 0 경기77바1209 3 42 234000031 221000031 15 
2020-12-02T16:02:01.132148+09:00 0 0 경기77바1098 3 45 234000031 221000163 49 
2020-12-02T16:02:01.132162+09:00 0 0 경기77바1006 3 40 234000031 123000611 27 
2020-12-02T16:03:00.726030+09:00 0 0 경기74사1077 3 38 234000031 221000027 37 
2020-12-02T16:03:00.726093+09:00 0 0 경기74사1057 3 44 234000031 221000149 8 
2020-12-02T16:03:00.726113+09:00 0 0 경기77바1006 3 40 234000031 123000611 27 
2020-12-02T16:03:00.726133+09:00 0 0 경기77바1098 3 45 234000031 221000163 49 
2020-12-02T16:03:00.726149+09:00 0 0 경기74사1078 3 43 234000031 277103307 30 
2020-12-02T16:03:00.726164+09:00 0 0 경기77바1209 3 42 234000031 221000055 16 
2020-12-02T16:04:00.620237+09:00 0 0 경기74사1057 3 44 234000031 221000148 9 
2020-12-02T16:04:00.620298+09:00 0 0 경기74사1077 3 39 234000031 221000027 37 
2020-12-02T16:04:00.620318+09:00 0 0 경기77바1006 3 40 234000031 123000611 27 
2020-12-02T16:04:00.620333+09:00 0 0 경기77바1098 3 45 234000031 221000163 49 
2020-12-02T16:04:00.620349+09:00 0 0 경기74사1078 3 43 234000031 277103307 30 
2020-12-02T16:04:00.620364+09:00 0 0 경기77바1209 3 42 234000031 221000084 18 
2020-12-02T16:05:00.304214+09:00 0 0 경기74사1077 3 39 234000031 221000027 37 
2020-12-02T16:05:00.304280+09:00 0 0 경기74사1057 3 44 234000031 221000148 9 
2020-12-02T16:05:00.304299+09:00 0 0 경기77바1006 3 40 234000031 123000611 27 
2020-12-02T16:05:00.304316+09:00 0 0 경기77바1098 3 45 234000031 221000163 49 
2020-12-02T16:05:00.304332+09:00 0 0 경기74사1078 3 43 234000031 277103307 30 
2020-12-02T16:05:00.304347+09:00 0 0 경기77바1209 3 42 234000031 221000041 19 
2020-12-02T16:05:59.938280+09:00 0 0 경기74사1057 3 44 234000031 221000147 10 
2020-12-02T16:05:59.938350+09:00 0 0 경기74사1077 3 39 234000031 221000239 38 
2020-12-02T16:05:59.938371+09:00 0 0 경기77바1006 3 40 234000031 123000611 27 
2020-12-02T16:05:59.938391+09:00 0 0 경기74사1078 3 43 234000031 277103307 30 
2020-12-02T16:05:59.938408+09:00 0 0 경기77바1098 3 45 234000031 221000032 14 
2020-12-02T16:05:59.938423+09:00 0 0 경기77바1209 3 42 234000031 221000026 21 
2020-12-02T16:06:59.712283+09:00 0 0 경기74사1057 3 44 234000031 221000147 10 
2020-12-02T16:06:59.712330+09:00 0 0 경기74사1077 3 40 234000031 221000241 39 
2020-12-02T16:06:59.712351+09:00 0 0 경기77바1006 3 40 234000031 123000611 27 
2020-12-02T16:06:59.712367+09:00 0 0 경기77바1098 3 45 234000031 221000032 14 
2020-12-02T16:06:59.712384+09:00 0 0 경기77바1209 3 42 234000031 221000026 21 
2020-12-02T16:06:59.712398+09:00 0 0 경기74사1078 3 43 234000031 277103307 30 
2020-12-02T16:07:59.486406+09:00 0 0 경기74사1077 3 40 234000031 221000241 39 
2020-12-02T16:07:59.486463+09:00 0 0 경기74사1057 3 44 234000031 221000147 10 
2020-12-02T16:07:59.486482+09:00 0 0 경기77바1006 3 40 234000031 123000611 27 
2020-12-02T16:07:59.486498+09:00 0 0 경기77바1098 3 45 234000031 221000032 14 
2020-12-02T16:07:59.486514+09:00 0 0 경기74사1078 3 43 234000031 221000025 31 
2020-12-02T16:07:59.486529+09:00 0 0 경기77바1209 3 42 234000031 277103306 22 
2020-12-02T16:08:59.120553+09:00 0 0 경기74사1077 3 41 234000031 221000243 40 
2020-12-02T16:08:59.120617+09:00 0 0 경기74사1057 3 44 234000031 221000244 11 
2020-12-02T16:08:59.120637+09:00 0 0 경기77바1006 3 40 234000031 123000611 27 
2020-12-02T16:08:59.120653+09:00 0 0 경기77바1098 3 45 234000031 221000032 14 
2020-12-02T16:08:59.120670+09:00 0 0 경기74사1078 3 43 234000031 221000029 32 
2020-12-02T16:08:59.120685+09:00 0 0 경기77바1209 3 42 234000031 277103306 22 
2020-12-02T16:09:58.754727+09:00 0 0 경기74사1057 3 44 234000031 221000244 11 
2020-12-02T16:09:58.754788+09:00 0 0 경기74사1032 3 45 234000031 221000264 1 
2020-12-02T16:09:58.754808+09:00 0 0 경기74사1077 3 42 234000031 221000019 41 
2020-12-02T16:09:58.754832+09:00 0 0 경기77바1006 3 40 234000031 123000611 27 
2020-12-02T16:09:58.754848+09:00 0 0 경기77바1098 3 45 234000031 221000032 14 
2020-12-02T16:09:58.754863+09:00 0 0 경기77바1209 3 42 234000031 277103306 22 
2020-12-02T16:09:58.754877+09:00 0 0 경기74사1078 3 43 234000031 221000075 33 
2020-12-02T16:10:58.338736+09:00 0 0 경기74사1077 3 42 234000031 221000018 42 
2020-12-02T16:10:58.338795+09:00 0 0 경기74사1032 3 45 234000031 221000264 1 
2020-12-02T16:10:58.338816+09:00 0 0 경기74사1057 3 41 234000031 221000242 12 
2020-12-02T16:10:58.338832+09:00 0 0 경기77바1006 3 40 234000031 123000611 27 
2020-12-02T16:10:58.338848+09:00 0 0 경기77바1098 3 45 234000031 221000032 14 
2020-12-02T16:10:58.338863+09:00 0 0 경기77바1209 3 42 234000031 277103306 22 
2020-12-02T16:10:58.338877+09:00 0 0 경기74사1078 3 43 234000031 221000073 35 
2020-12-02T16:11:58.392878+09:00 0 0 경기74사1057 3 41 234000031 221000242 12 
2020-12-02T16:11:58.392937+09:00 0 0 경기74사1077 3 42 234000031 221000017 43 
2020-12-02T16:11:58.392957+09:00 0 0 경기74사1032 3 44 234000031 221000129 4 
2020-12-02T16:11:58.392974+09:00 0 0 경기77바1006 3 40 234000031 123000611 27 
2020-12-02T16:11:58.392990+09:00 0 0 경기77바1098 3 45 234000031 221000032 14 
2020-12-02T16:11:58.393005+09:00 0 0 경기77바1209 3 42 234000031 277102674 23 
2020-12-02T16:11:58.393019+09:00 0 0 경기74사1078 3 43 234000031 221000073 35 
2020-12-02T16:12:57.977013+09:00 0 0 경기74사1077 3 43 234000031 221000024 44 
2020-12-02T16:12:57.977113+09:00 0 0 경기74사1032 3 44 234000031 221000151 6 
2020-12-02T16:12:57.977134+09:00 0 0 경기74사1057 3 39 234000031 221000240 13 
2020-12-02T16:12:57.977150+09:00 0 0 경기77바1098 3 45 234000031 221000032 14 
2020-12-02T16:12:57.977166+09:00 0 0 경기77바1006 3 36 234000031 123000611 27 
2020-12-02T16:12:57.977181+09:00 0 0 경기74사1078 3 43 234000031 221000028 36 
2020-12-02T16:12:57.977194+09:00 0 0 경기77바1209 3 42 234000031 277103309 24 
2020-12-02T16:13:57.681090+09:00 0 0 경기74사1057 3 39 234000031 221000240 13 
2020-12-02T16:13:57.681155+09:00 0 0 경기74사1077 3 43 234000031 221000097 45 
2020-12-02T16:13:57.681175+09:00 0 0 경기74사1032 3 44 234000031 221000151 6 
2020-12-02T16:13:57.681191+09:00 0 0 경기77바1098 3 45 234000031 221000032 14 
2020-12-02T16:13:57.681207+09:00 0 0 경기77바1209 3 42 234000031 277103308 25 
2020-12-02T16:13:57.681222+09:00 0 0 경기77바1006 3 36 234000031 123000611 27 
2020-12-02T16:13:57.681237+09:00 0 0 경기74사1078 3 44 234000031 221000027 37 
2020-12-02T16:14:57.735187+09:00 0 0 경기74사1077 3 43 234000031 221000097 45 
2020-12-02T16:14:57.735254+09:00 0 0 경기74사1032 3 44 234000031 221000149 8 
2020-12-02T16:14:57.735275+09:00 0 0 경기74사1057 3 39 234000031 221000240 13 
2020-12-02T16:14:57.735290+09:00 0 0 경기77바1098 3 45 234000031 221000032 14 
2020-12-02T16:14:57.735306+09:00 0 0 경기74사1078 3 44 234000031 221000027 37 
2020-12-02T16:14:57.735321+09:00 0 0 경기77바1006 3 36 234000031 123000611 27 
2020-12-02T16:14:57.735335+09:00 0 0 경기77바1209 3 42 234000031 277103308 25 
2020-12-02T16:15:56.779266+09:00 0 0 경기74사1057 3 39 234000031 221000240 13 
2020-12-02T16:15:56.779319+09:00 0 0 경기74사1032 3 44 234000031 221000148 9 
2020-12-02T16:15:56.779337+09:00 0 0 경기74사1077 3 43 234000031 221000163 49 
2020-12-02T16:15:56.779369+09:00 0 0 경기77바1098 3 45 234000031 221000032 14 
2020-12-02T16:15:56.779387+09:00 0 0 경기77바1006 3 36 234000031 123000611 27 
2020-12-02T16:15:56.779402+09:00 0 0 경기77바1209 3 42 234000031 277102302 26 
2020-12-02T16:15:56.779415+09:00 0 0 경기74사1078 3 44 234000031 221000027 37 
2020-12-02T16:16:56.623327+09:00 0 0 경기74사1032 3 44 234000031 221000148 9 
2020-12-02T16:16:56.623389+09:00 0 0 경기74사1057 3 39 234000031 221000032 14 
2020-12-02T16:16:56.623409+09:00 0 0 경기74사1077 3 43 234000031 221000163 49 
2020-12-02T16:16:56.623425+09:00 0 0 경기77바1098 3 45 234000031 221000032 14 
2020-12-02T16:16:56.623441+09:00 0 0 경기74사1078 3 44 234000031 221000027 37 
2020-12-02T16:16:56.623456+09:00 0 0 경기77바1006 3 36 234000031 123000611 27 
2020-12-02T16:16:56.623470+09:00 0 0 경기77바1209 3 42 234000031 123000611 27 
2020-12-02T16:17:56.167403+09:00 0 0 경기74사1057 3 39 234000031 221000031 15 
2020-12-02T16:17:56.167462+09:00 0 0 경기74사1077 3 43 234000031 221000163 49 
2020-12-02T16:17:56.167482+09:00 0 0 경기74사1032 3 44 234000031 221000148 9 
2020-12-02T16:17:56.167498+09:00 0 0 경기77바1098 3 45 234000031 221000032 14 
2020-12-02T16:17:56.167514+09:00 0 0 경기77바1209 3 42 234000031 123000611 27 
2020-12-02T16:17:56.167528+09:00 0 0 경기77바1006 3 36 234000031 277102675 29 
2020-12-02T16:17:56.167542+09:00 0 0 경기74사1078 3 45 234000031 221000239 38 
2020-12-02T16:18:56.141589+09:00 0 0 경기74사1077 3 43 234000031 221000163 49 
2020-12-02T16:18:56.141651+09:00 0 0 경기74사1032 3 44 234000031 221000147 10 
2020-12-02T16:18:56.141670+09:00 0 0 경기74사1057 3 39 234000031 221000084 18 
2020-12-02T16:18:56.141686+09:00 0 0 경기77바1098 3 45 234000031 221000032 14 
2020-12-02T16:18:56.141703+09:00 0 0 경기77바1209 3 42 234000031 123000611 27 
2020-12-02T16:18:56.141717+09:00 0 0 경기74사1078 3 45 234000031 221000241 39 
2020-12-02T16:18:56.141732+09:00 0 0 경기77바1006 3 36 234000031 277102675 29 
2020-12-02T16:19:55.455656+09:00 0 0 경기74사1077 3 43 234000031 221000163 49 
2020-12-02T16:19:55.455717+09:00 0 0 경기74사1032 3 44 234000031 221000147 10 
2020-12-02T16:19:55.455737+09:00 0 0 경기74사1057 3 39 234000031 221000030 20 
2020-12-02T16:19:55.455752+09:00 0 0 경기77바1098 3 45 234000031 221000032 14 
2020-12-02T16:19:55.455768+09:00 0 0 경기74사1078 3 45 234000031 221000241 39 
2020-12-02T16:19:55.455783+09:00 0 0 경기77바1209 3 42 234000031 123000611 27 
2020-12-02T16:19:55.455796+09:00 0 0 경기77바1006 3 36 234000031 277102675 29 
2020-12-02T16:20:54.419685+09:00 0 0 경기74사1077 3 43 234000031 221000163 49 
2020-12-02T16:20:54.419747+09:00 0 0 경기74사1032 3 44 234000031 221000244 11 
2020-12-02T16:20:54.419769+09:00 0 0 경기74사1057 3 39 234000031 221000026 21 
2020-12-02T16:20:54.419788+09:00 0 0 경기77바1098 3 45 234000031 221000032 14 
2020-12-02T16:20:54.419806+09:00 0 0 경기77바1209 3 42 234000031 123000611 27 
2020-12-02T16:20:54.419823+09:00 0 0 경기77바1006 3 36 234000031 277102675 29 
2020-12-02T16:20:54.419839+09:00 0 0 경기74사1078 3 45 234000031 221000241 39 
2020-12-02T16:21:54.453898+09:00 0 0 경기74사1077 3 43 234000031 221000163 49 
2020-12-02T16:21:54.453958+09:00 0 0 경기74사1057 3 39 234000031 221000026 21 
2020-12-02T16:21:54.453978+09:00 0 0 경기74사1032 3 44 234000031 221000242 12 
2020-12-02T16:21:54.453994+09:00 0 0 경기77바1209 3 42 234000031 123000611 27 
2020-12-02T16:21:54.454010+09:00 0 0 경기74사1078 3 45 234000031 221000243 40 
2020-12-02T16:21:54.454025+09:00 0 0 경기77바1006 3 36 234000031 277103307 30 
2020-12-02T16:22:54.577979+09:00 0 0 경기74사1077 3 43 234000031 221000163 49 
2020-12-02T16:22:54.578042+09:00 0 0 경기74사1057 3 39 234000031 277103306 22 
2020-12-02T16:22:54.578062+09:00 0 0 경기74사1032 3 44 234000031 221000242 12 
2020-12-02T16:22:54.578079+09:00 0 0 경기77바1209 3 42 234000031 123000611 27 
2020-12-02T16:22:54.578095+09:00 0 0 경기77바1006 3 36 234000031 277103307 30 
2020-12-02T16:22:54.578111+09:00 0 0 경기74사1078 3 45 234000031 221000243 40 
2020-12-02T16:23:53.131724+09:00 0 0 경기74사1077 3 43 234000031 221000163 49 
2020-12-02T16:23:53.131765+09:00 0 0 경기74사1032 3 44 234000031 221000242 12 
2020-12-02T16:23:53.131784+09:00 0 0 경기74사1057 3 39 234000031 277103306 22 
2020-12-02T16:23:53.131800+09:00 0 0 경기77바1209 3 42 234000031 123000611 27 
2020-12-02T16:23:53.131816+09:00 0 0 경기77바1006 3 36 234000031 277103307 30 
2020-12-02T16:23:53.131830+09:00 0 0 경기74사1078 3 45 234000031 221000243 40 
2020-12-02T16:24:52.825370+09:00 0 0 경기74사1077 3 43 234000031 221000163 49 
2020-12-02T16:24:52.825409+09:00 0 0 경기74사1057 3 39 234000031 277103306 22 
2020-12-02T16:24:52.825427+09:00 0 0 경기74사1032 3 44 234000031 221000240 13 
2020-12-02T16:24:52.825442+09:00 0 0 경기77바1209 3 42 234000031 123000611 27 
2020-12-02T16:24:52.825457+09:00 0 0 경기74사1078 3 45 234000031 221000019 41 
2020-12-02T16:24:52.825471+09:00 0 0 경기74사1088 3 45 234000031 221000264 1 
2020-12-02T16:24:52.825484+09:00 0 0 경기77바1006 3 36 234000031 277103307 30 
2020-12-02T16:25:52.569422+09:00 0 0 경기74사1077 3 43 234000031 221000163 49 
2020-12-02T16:25:52.569484+09:00 0 0 경기74사1032 3 41 234000031 221000240 13 
2020-12-02T16:25:52.569504+09:00 0 0 경기74사1057 3 39 234000031 277103306 22 
2020-12-02T16:25:52.569519+09:00 0 0 경기77바1209 3 42 234000031 123000611 27 
2020-12-02T16:25:52.569536+09:00 0 0 경기74사1088 3 45 234000031 221000264 1 
2020-12-02T16:25:52.569552+09:00 0 0 경기74사1078 3 45 234000031 221000018 42 
2020-12-02T16:25:52.569565+09:00 0 0 경기77바1006 3 36 234000031 221000029 32 
2020-12-02T16:26:52.513156+09:00 0 0 경기74사1077 3 43 234000031 221000163 49 
2020-12-02T16:26:52.513220+09:00 0 0 경기74사1032 3 41 234000031 221000240 13 
2020-12-02T16:26:52.513240+09:00 0 0 경기74사1057 3 39 234000031 277103309 24 
2020-12-02T16:26:52.513256+09:00 0 0 경기77바1209 3 42 234000031 123000611 27 
2020-12-02T16:26:52.513272+09:00 0 0 경기77바1006 3 36 234000031 221000029 32 
2020-12-02T16:26:52.513287+09:00 0 0 경기74사1088 3 45 234000031 221000129 4 
2020-12-02T16:26:52.513300+09:00 0 0 경기74사1078 3 45 234000031 221000024 44 
2020-12-02T16:27:51.977187+09:00 0 0 경기74사1077 3 43 234000031 221000163 49 
2020-12-02T16:27:51.977250+09:00 0 0 경기74사1032 3 41 234000031 221000240 13 
2020-12-02T16:27:51.977270+09:00 0 0 경기74사1057 3 39 234000031 277103309 24 
2020-12-02T16:27:51.977286+09:00 0 0 경기74사1078 3 45 234000031 221000024 44 
2020-12-02T16:27:51.977302+09:00 0 0 경기74사1088 3 45 234000031 221000128 5 
2020-12-02T16:27:51.977317+09:00 0 0 경기77바1209 3 30 234000031 123000611 27 
2020-12-02T16:27:51.977331+09:00 0 0 경기77바1006 3 37 234000031 221000074 34 
2020-12-02T16:28:52.040744+09:00 0 0 경기74사1077 3 43 234000031 221000163 49 
2020-12-02T16:28:52.040815+09:00 0 0 경기74사1057 3 39 234000031 277103308 25 
2020-12-02T16:28:52.040834+09:00 0 0 경기74사1032 3 41 234000031 221000032 14 
2020-12-02T16:28:52.040850+09:00 0 0 경기77바1209 3 30 234000031 123000611 27 
2020-12-02T16:28:52.040866+09:00 0 0 경기74사1088 3 45 234000031 221000151 6 
2020-12-02T16:28:52.040881+09:00 0 0 경기77바1006 3 39 234000031 221000073 35 
2020-12-02T16:28:52.040895+09:00 0 0 경기74사1078 3 45 234000031 221000097 45 
2020-12-02T16:29:51.544611+09:00 0 0 경기74사1077 3 43 234000031 221000163 49 
2020-12-02T16:29:51.544672+09:00 0 0 경기74사1032 3 41 234000031 221000031 15 
2020-12-02T16:29:51.544692+09:00 0 0 경기74사1057 3 39 234000031 277103308 25 
2020-12-02T16:29:51.544707+09:00 0 0 경기74사1078 3 45 234000031 221000097 45 
2020-12-02T16:29:51.544729+09:00 0 0 경기74사1088 3 45 234000031 221000149 8 
2020-12-02T16:29:51.544745+09:00 0 0 경기77바1209 3 30 234000031 123000611 27 
2020-12-02T16:29:51.544759+09:00 0 0 경기77바1006 3 39 234000031 221000073 35 
2020-12-02T16:30:51.048476+09:00 0 0 경기74사1077 3 43 234000031 221000163 49 
2020-12-02T16:30:51.048539+09:00 0 0 경기74사1057 3 39 234000031 277102302 26 
2020-12-02T16:30:51.048560+09:00 0 0 경기74사1032 3 41 234000031 221000085 17 
2020-12-02T16:30:51.048576+09:00 0 0 경기77바1209 3 30 234000031 123000611 27 
2020-12-02T16:30:51.048593+09:00 0 0 경기77바1006 3 39 234000031 221000073 35 
2020-12-02T16:30:51.048609+09:00 0 0 경기74사1078 3 45 234000031 221000014 48 
2020-12-02T16:30:51.048623+09:00 0 0 경기74사1088 3 44 234000031 221000148 9 
2020-12-02T16:31:50.572487+09:00 0 0 경기74사1077 3 43 234000031 221000163 49 
2020-12-02T16:31:50.572548+09:00 0 0 경기74사1057 3 39 234000031 277102302 26 
2020-12-02T16:31:50.572568+09:00 0 0 경기74사1032 3 39 234000031 221000084 18 
2020-12-02T16:31:50.572585+09:00 0 0 경기74사1088 3 44 234000031 221000148 9 
2020-12-02T16:31:50.572602+09:00 0 0 경기74사1078 3 45 234000031 221000163 49 
2020-12-02T16:31:50.572617+09:00 0 0 경기77바1006 3 39 234000031 221000027 37 
2020-12-02T16:31:50.572631+09:00 0 0 경기77바1209 3 30 234000031 277103310 28 
2020-12-02T16:32:50.286186+09:00 0 0 경기74사1057 3 39 234000031 277102302 26 
2020-12-02T16:32:50.286239+09:00 0 0 경기74사1032 3 39 234000031 221000084 18 
2020-12-02T16:32:50.286260+09:00 0 0 경기74사1078 3 45 234000031 221000163 49 
2020-12-02T16:32:50.286276+09:00 0 0 경기77바1006 3 39 234000031 221000027 37 
2020-12-02T16:32:50.286293+09:00 0 0 경기74사1088 3 44 234000031 221000147 10 
2020-12-02T16:32:50.286307+09:00 0 0 경기77바1209 3 30 234000031 277102675 29 
2020-12-02T16:33:50.260146+09:00 0 0 경기74사1057 3 39 234000031 277102302 26 
2020-12-02T16:33:50.260207+09:00 0 0 경기74사1032 3 39 234000031 221000084 18 
2020-12-02T16:33:50.260226+09:00 0 0 경기74사1078 3 45 234000031 221000163 49 
2020-12-02T16:33:50.260242+09:00 0 0 경기77바1209 3 30 234000031 277102675 29 
2020-12-02T16:33:50.260259+09:00 0 0 경기74사1088 3 44 234000031 221000147 10 
2020-12-02T16:33:50.260274+09:00 0 0 경기77바1006 3 39 234000031 221000027 37 
