222000137 2020-11-25T03:29:21.658246+09:00
2020-11-25T06:27:10.630418+09:00 0 0 경기74아3233 3 45 222000137 222000098 2 
2020-11-25T06:28:09.644734+09:00 0 0 경기74아3233 3 45 222000137 222000096 5 
2020-11-25T06:29:08.158886+09:00 0 0 경기74아3233 3 45 222000137 222000096 5 
2020-11-25T06:30:06.973118+09:00 0 0 경기74아3233 3 45 222000137 222001296 7 
2020-11-25T06:31:05.577381+09:00 0 0 경기74아3233 3 45 222000137 222001296 7 
2020-11-25T06:32:03.341422+09:00 0 0 경기74아3233 3 45 222000137 222000249 8 
2020-11-25T06:33:02.045583+09:00 0 0 경기74아3233 3 45 222000137 222000249 8 
2020-11-25T06:34:00.599642+09:00 0 0 경기74아3233 3 45 222000137 222000249 8 
2020-11-25T06:34:59.163987+09:00 0 0 경기74아3233 3 45 222000137 222001289 9 
2020-11-25T06:35:57.848140+09:00 0 0 경기74아3233 3 45 222000137 222001289 9 
2020-11-25T06:36:56.632243+09:00 0 0 경기74아3233 3 45 222000137 222001289 9 
2020-11-25T06:37:55.456532+09:00 0 0 경기74아3233 3 45 222000137 222001654 12 
2020-11-25T06:38:54.270934+09:00 0 0 경기74아3233 3 45 222000137 222001635 14 
2020-11-25T06:39:53.154835+09:00 0 0 경기74아3233 3 45 222000137 222001315 15 
2020-11-25T06:40:51.798997+09:00 0 0 경기74아3233 3 45 222000137 222000151 16 
2020-11-25T06:41:50.233235+09:00 0 0 경기74아3233 3 45 222000137 222000191 18 
2020-11-25T06:42:48.897251+09:00 0 0 경기74아3233 3 45 222000137 222000190 19 
2020-11-25T06:43:47.461802+09:00 0 0 경기74아3233 3 40 222000137 222000189 20 
2020-11-25T06:44:46.125369+09:00 0 0 경기74아3233 3 40 222000137 222000189 20 
2020-11-25T06:45:44.879534+09:00 0 0 경기74아3233 3 40 222000137 277102434 21 
2020-11-25T06:46:43.053864+09:00 0 0 경기74아3233 3 40 222000137 277102434 21 
2020-11-25T06:47:41.627850+09:00 0 0 경기74아3233 3 40 222000137 222000746 23 
2020-11-25T06:48:40.841890+09:00 0 0 경기74아3233 3 41 222000137 222001310 24 
2020-11-25T06:49:38.775900+09:00 0 0 경기74아3233 3 41 222000137 222001310 24 
2020-11-25T06:50:37.419974+09:00 0 0 경기74아3233 3 41 222000137 222000321 27 
2020-11-25T06:51:37.404291+09:00 0 0 경기74아3233 3 39 222000137 222000320 28 
2020-11-25T06:52:35.458285+09:00 0 0 경기74아3233 3 39 222000137 222000319 29 
2020-11-25T06:53:33.292204+09:00 0 0 경기74아3233 3 39 222000137 277102476 31 
2020-11-25T06:54:32.316353+09:00 0 0 경기74아3233 3 38 222000137 222000317 32 
2020-11-25T06:55:30.820496+09:00 0 0 경기74아3233 3 38 222000137 222000315 33 
2020-11-25T06:56:30.034614+09:00 0 0 경기74아3233 3 38 222000137 222000315 33 
2020-11-25T06:57:28.355311+09:00 0 0 경기74아3233 3 38 222000137 222000315 33 
2020-11-25T06:58:26.432776+09:00 0 0 경기74아3233 3 37 222000137 222000395 35 
2020-11-25T06:59:24.806676+09:00 0 0 경기74아3233 3 34 222000137 222000394 36 
2020-11-25T07:00:22.920835+09:00 0 0 경기74아3233 3 33 222000137 222000393 37 
2020-11-25T07:00:22.920897+09:00 0 0 경기74아3301 3 45 222000137 222000796 1 
2020-11-25T07:01:21.884966+09:00 0 0 경기74아3233 3 33 222000137 222000392 38 
2020-11-25T07:01:21.885027+09:00 0 0 경기74아3301 3 45 222000137 222000098 2 
2020-11-25T07:02:20.069050+09:00 0 0 경기74아3233 3 33 222000137 222000390 40 
2020-11-25T07:02:20.069112+09:00 0 0 경기74아3301 3 44 222000137 222000757 3 
2020-11-25T07:03:19.423283+09:00 0 0 경기74아3233 3 33 222000137 222000204 41 
2020-11-25T07:03:19.423346+09:00 0 0 경기74아3301 3 44 222000137 222000097 4 
2020-11-25T07:04:18.087513+09:00 0 0 경기74아3233 3 33 222000137 222000203 42 
2020-11-25T07:04:18.087579+09:00 0 0 경기74아3301 3 44 222000137 222000095 6 
2020-11-25T07:05:16.031462+09:00 0 0 경기74아3233 3 33 222000137 222000203 42 
2020-11-25T07:05:16.031529+09:00 0 0 경기74아3301 3 44 222000137 222000095 6 
2020-11-25T07:06:14.135489+09:00 0 0 경기74아3233 3 33 222000137 222000203 42 
2020-11-25T07:06:14.135550+09:00 0 0 경기74아3301 3 44 222000137 222000095 6 
2020-11-25T07:07:12.369403+09:00 0 0 경기74아3233 3 33 222000137 222000203 42 
2020-11-25T07:07:12.369444+09:00 0 0 경기74아3301 3 44 222000137 222000095 6 
2020-11-25T07:08:10.683631+09:00 0 0 경기74아3233 3 33 222000137 222000203 42 
2020-11-25T07:08:10.683693+09:00 0 0 경기74아3301 3 44 222000137 222001296 7 
2020-11-25T07:09:09.008928+09:00 0 0 경기74아3233 3 33 222000137 222000203 42 
2020-11-25T07:09:09.008990+09:00 0 0 경기74아3301 3 44 222000137 222000249 8 
2020-11-25T07:10:07.251745+09:00 0 0 경기74아3233 3 33 222000137 222000957 43 
2020-11-25T07:10:07.251806+09:00 0 0 경기74아3301 3 44 222000137 222000249 8 
2020-11-25T07:11:05.526558+09:00 0 0 경기74아3233 3 32 222000137 222000957 43 
2020-11-25T07:11:05.526611+09:00 0 0 경기74아3301 3 44 222000137 222000249 8 
2020-11-25T07:12:03.499825+09:00 0 0 경기74아3233 3 32 222000137 222000957 43 
2020-11-25T07:12:03.499873+09:00 0 0 경기74아3301 3 44 222000137 222001289 9 
2020-11-25T07:13:01.814252+09:00 0 0 경기74아3233 3 31 222000137 222001323 45 
2020-11-25T07:13:01.814318+09:00 0 0 경기74아3301 3 43 222000137 222001291 10 
2020-11-25T07:13:59.897960+09:00 0 0 경기74아3233 3 31 222000137 222001321 46 
2020-11-25T07:13:59.898013+09:00 0 0 경기74아3301 3 43 222000137 222001654 12 
2020-11-25T07:14:58.162180+09:00 0 0 경기74아3233 3 28 222000137 222001321 46 
2020-11-25T07:14:58.162252+09:00 0 0 경기74아3301 3 43 222000137 222001635 14 
2020-11-25T07:15:56.236203+09:00 0 0 경기74아3233 3 28 222000137 222001321 46 
2020-11-25T07:15:56.236266+09:00 0 0 경기74아3301 3 42 222000137 222001635 14 
2020-11-25T07:16:54.597249+09:00 0 0 경기74아3233 3 28 222000137 222001319 47 
2020-11-25T07:16:54.597312+09:00 0 0 경기74아3301 3 42 222000137 222001635 14 
2020-11-25T07:17:53.214301+09:00 0 0 경기74아3233 3 26 222000137 222001319 47 
2020-11-25T07:17:53.214345+09:00 0 0 경기74아3301 3 42 222000137 222000151 16 
2020-11-25T07:18:52.175200+09:00 0 0 경기74아3233 3 26 222000137 277103213 48 
2020-11-25T07:18:52.175258+09:00 0 0 경기74아3301 3 42 222000137 222000192 17 
2020-11-25T07:19:50.562688+09:00 0 0 경기74아3233 3 26 222000137 277103213 48 
2020-11-25T07:19:50.562751+09:00 0 0 경기74아3301 3 42 222000137 222000191 18 
2020-11-25T07:20:48.576786+09:00 0 0 경기74아3233 3 26 222000137 221000256 49 
2020-11-25T07:20:48.576847+09:00 0 0 경기74아3301 3 42 222000137 222000189 20 
2020-11-25T07:21:47.660752+09:00 0 0 경기74아3233 3 26 222000137 221000256 49 
2020-11-25T07:21:47.660812+09:00 0 0 경기74아3301 3 42 222000137 277102434 21 
2020-11-25T07:22:45.944161+09:00 0 0 경기74아3233 3 26 222000137 221000256 49 
2020-11-25T07:22:45.944220+09:00 0 0 경기74아3301 3 42 222000137 277102434 21 
2020-11-25T07:23:44.217320+09:00 0 0 경기74아3233 3 26 222000137 221000039 50 
2020-11-25T07:23:44.217394+09:00 0 0 경기74아3301 3 42 222000137 277102434 21 
2020-11-25T07:24:42.290714+09:00 0 0 경기74아3233 3 26 222000137 277100104 51 
2020-11-25T07:24:42.290779+09:00 0 0 경기74아3301 3 40 222000137 222000188 22 
2020-11-25T07:25:40.484150+09:00 0 0 경기74아3233 3 26 222000137 277100104 51 
2020-11-25T07:25:40.484213+09:00 0 0 경기74아3301 3 40 222000137 222000746 23 
2020-11-25T07:26:38.707643+09:00 0 0 경기74아3233 3 26 222000137 277100104 51 
2020-11-25T07:26:38.707710+09:00 0 0 경기74아3301 3 40 222000137 222001310 24 
2020-11-25T07:27:36.981245+09:00 0 0 경기74아3233 3 26 222000137 277100104 51 
2020-11-25T07:27:36.981306+09:00 0 0 경기74아3301 3 40 222000137 222000323 25 
2020-11-25T07:28:35.194853+09:00 0 0 경기74아3233 3 26 222000137 277100104 51 
2020-11-25T07:28:35.194914+09:00 0 0 경기74아3301 3 40 222000137 222000323 25 
2020-11-25T07:29:33.558437+09:00 0 0 경기74아3233 3 26 222000137 277100104 51 
2020-11-25T07:29:33.558499+09:00 0 0 경기74아3301 3 40 222000137 222000322 26 
2020-11-25T07:30:31.712099+09:00 0 0 경기74아3233 3 26 222000137 277100104 51 
2020-11-25T07:30:31.712165+09:00 0 0 경기74아3301 3 39 222000137 222000320 28 
2020-11-25T07:31:29.965729+09:00 0 0 경기74아3233 3 26 222000137 277100104 51 
2020-11-25T07:31:29.965791+09:00 0 0 경기74아3301 3 37 222000137 222000319 29 
2020-11-25T07:32:28.699556+09:00 0 0 경기74아3233 3 26 222000137 277100104 51 
2020-11-25T07:32:28.699622+09:00 0 0 경기74아3301 3 37 222000137 222000319 29 
2020-11-25T07:33:26.833226+09:00 0 0 경기74아3233 3 26 222000137 277100104 51 
2020-11-25T07:33:26.833288+09:00 0 0 경기74아3301 3 37 222000137 222000318 30 
2020-11-25T07:34:25.197027+09:00 0 0 경기74아3233 3 26 222000137 277103306 52 
2020-11-25T07:34:25.197129+09:00 0 0 경기74아3301 3 38 222000137 277102476 31 
2020-11-25T07:35:23.700959+09:00 0 0 경기74아3233 3 26 222000137 277103306 52 
2020-11-25T07:35:23.701021+09:00 0 0 경기74아3301 3 38 222000137 222000317 32 
2020-11-25T07:36:21.874657+09:00 0 0 경기74아3233 3 26 222000137 277103306 52 
2020-11-25T07:36:21.874721+09:00 0 0 경기74아3301 3 38 222000137 222000315 33 
2020-11-25T07:37:20.308470+09:00 0 0 경기74아3233 3 26 222000137 277103306 52 
2020-11-25T07:37:20.308546+09:00 0 0 경기74아3301 3 38 222000137 222000315 33 
2020-11-25T07:38:19.022290+09:00 0 0 경기74아3233 3 26 222000137 277103306 52 
2020-11-25T07:38:19.022353+09:00 0 0 경기74아3301 3 38 222000137 222000315 33 
2020-11-25T07:39:17.146130+09:00 0 0 경기74아3233 3 26 222000137 277103306 52 
2020-11-25T07:39:17.146192+09:00 0 0 경기74아3301 3 39 222000137 222000396 34 
2020-11-25T07:40:15.410026+09:00 0 0 경기74아3233 3 26 222000137 277103306 52 
2020-11-25T07:40:15.410090+09:00 0 0 경기74아3301 3 39 222000137 222000395 35 
2020-11-25T07:41:13.713785+09:00 0 0 경기74아3233 3 26 222000137 277103306 52 
2020-11-25T07:41:13.713842+09:00 0 0 경기74아3301 3 38 222000137 222000394 36 
2020-11-25T07:42:12.597861+09:00 0 0 경기74아3233 3 26 222000137 277103306 52 
2020-11-25T07:42:12.597932+09:00 0 0 경기74아3301 3 38 222000137 222000393 37 
2020-11-25T07:43:10.471545+09:00 0 0 경기74아3233 3 26 222000137 277102674 53 
2020-11-25T07:43:10.471597+09:00 0 0 경기74아3301 3 38 222000137 222000392 38 
2020-11-25T07:44:09.915685+09:00 0 0 경기74아3233 3 26 222000137 277102674 53 
2020-11-25T07:44:09.915747+09:00 0 0 경기74아3301 3 38 222000137 222000390 40 
2020-11-25T07:45:08.189626+09:00 0 0 경기74아3233 3 26 222000137 277102674 53 
2020-11-25T07:45:08.189691+09:00 0 0 경기74아3301 3 38 222000137 222000203 42 
2020-11-25T07:46:06.453428+09:00 0 0 경기74아3233 3 26 222000137 277103309 54 
2020-11-25T07:46:06.453493+09:00 0 0 경기74아3301 3 37 222000137 222000203 42 
2020-11-25T07:47:04.787319+09:00 0 0 경기74아3233 3 26 222000137 277103309 54 
2020-11-25T07:47:04.787381+09:00 0 0 경기74아3301 3 37 222000137 222000203 42 
2020-11-25T07:48:02.831291+09:00 0 0 경기74아3233 3 26 222000137 277103309 54 
2020-11-25T07:48:02.831361+09:00 0 0 경기74아3301 3 37 222000137 222000203 42 
2020-11-25T07:49:01.515196+09:00 0 0 경기74아3233 3 26 222000137 277103309 54 
2020-11-25T07:49:01.515266+09:00 0 0 경기74아3301 3 37 222000137 222000203 42 
2020-11-25T07:50:00.049171+09:00 0 0 경기74아3233 3 26 222000137 277103309 54 
2020-11-25T07:50:00.049234+09:00 0 0 경기74아3301 3 37 222000137 222000203 42 
2020-11-25T07:50:58.412996+09:00 0 0 경기74아3233 3 26 222000137 277103309 54 
2020-11-25T07:50:58.413087+09:00 0 0 경기74아3301 3 37 222000137 222000957 43 
2020-11-25T07:51:56.196911+09:00 0 0 경기74아3233 3 26 222000137 277103308 55 
2020-11-25T07:51:56.196973+09:00 0 0 경기74아3301 3 37 222000137 222000957 43 
2020-11-25T07:52:55.230932+09:00 0 0 경기74아3233 3 26 222000137 277102302 56 
2020-11-25T07:52:55.231006+09:00 0 0 경기74아3301 3 38 222000137 222001323 45 
2020-11-25T07:53:54.364941+09:00 0 0 경기74아3233 3 26 222000137 277102302 56 
2020-11-25T07:53:54.365004+09:00 0 0 경기74아3301 3 38 222000137 222001321 46 
2020-11-25T07:54:52.409237+09:00 0 0 경기74아3233 3 26 222000137 277102302 56 
2020-11-25T07:54:52.409283+09:00 0 0 경기74아3301 3 38 222000137 222001321 46 
2020-11-25T07:55:51.542912+09:00 0 0 경기74아3233 3 26 222000137 277102302 56 
2020-11-25T07:55:51.542976+09:00 0 0 경기74아3301 3 36 222000137 222001321 46 
2020-11-25T07:56:49.797689+09:00 0 0 경기74아3233 3 26 222000137 277102302 56 
2020-11-25T07:56:49.797751+09:00 0 0 경기74아3301 3 36 222000137 222001319 47 
2020-11-25T07:57:48.762296+09:00 0 0 경기74아3233 3 26 222000137 123000611 57 
2020-11-25T07:57:48.762355+09:00 0 0 경기74아3301 3 32 222000137 222001319 47 
2020-11-25T07:58:47.647063+09:00 0 0 경기74아3233 3 26 222000137 123000611 57 
2020-11-25T07:58:47.647127+09:00 0 0 경기74아3301 3 32 222000137 222001319 47 
2020-11-25T07:59:45.891639+09:00 0 0 경기74아3233 3 26 222000137 123000611 57 
2020-11-25T07:59:45.891706+09:00 0 0 경기74아3301 3 32 222000137 222001319 47 
2020-11-25T08:00:43.946186+09:00 0 0 경기74아3233 3 26 222000137 123000611 57 
2020-11-25T08:00:43.946249+09:00 0 0 경기74아3301 3 32 222000137 277103213 48 
2020-11-25T08:01:42.800608+09:00 0 0 경기74아3233 3 26 222000137 123000611 57 
2020-11-25T08:01:42.800669+09:00 0 0 경기74아3301 3 32 222000137 277103213 48 
2020-11-25T08:02:41.955719+09:00 0 0 경기74아3233 3 26 222000137 123000611 57 
2020-11-25T08:02:41.955783+09:00 0 0 경기74아3301 3 32 222000137 221000256 49 
2020-11-25T08:03:40.329466+09:00 0 0 경기74아3233 3 26 222000137 123000611 57 
2020-11-25T08:03:40.329529+09:00 0 0 경기74아3301 3 32 222000137 221000256 49 
2020-11-25T08:04:38.463855+09:00 0 0 경기74아3233 3 26 222000137 123000611 57 
2020-11-25T08:04:38.463919+09:00 0 0 경기74아3301 3 32 222000137 221000039 50 
2020-11-25T08:05:36.728201+09:00 0 0 경기74아3233 3 42 222000137 123000611 57 
2020-11-25T08:05:36.728265+09:00 0 0 경기74아3301 3 32 222000137 221000039 50 
2020-11-25T08:06:34.902432+09:00 0 0 경기74아3233 3 42 222000137 123000611 57 
2020-11-25T08:06:34.902496+09:00 0 0 경기74아3301 3 32 222000137 221000039 50 
2020-11-25T08:07:34.116917+09:00 0 0 경기74아3233 3 42 222000137 123000611 57 
2020-11-25T08:07:34.116978+09:00 0 0 경기74아3301 3 32 222000137 221000039 50 
2020-11-25T08:08:32.500973+09:00 0 0 경기74아3233 3 42 222000137 123000611 57 
2020-11-25T08:08:32.501076+09:00 0 0 경기74아3301 3 32 222000137 277100104 51 
2020-11-25T08:09:30.825221+09:00 0 0 경기74아3233 3 42 222000137 277102675 59 
2020-11-25T08:09:30.825282+09:00 0 0 경기74아3301 3 32 222000137 277100104 51 
2020-11-25T08:10:29.899409+09:00 0 0 경기74아3233 3 42 222000137 277102675 59 
2020-11-25T08:10:29.899471+09:00 0 0 경기74아3301 3 32 222000137 277100104 51 
2020-11-25T08:11:28.183599+09:00 0 0 경기74아3233 3 42 222000137 277102675 59 
2020-11-25T08:11:28.183661+09:00 0 0 경기74아3301 3 32 222000137 277100104 51 
2020-11-25T08:12:26.277953+09:00 0 0 경기74아3233 3 42 222000137 277103307 60 
2020-11-25T08:12:26.278017+09:00 0 0 경기74아3301 3 32 222000137 277100104 51 
2020-11-25T08:13:24.771943+09:00 0 0 경기74아3233 3 42 222000137 277103307 60 
2020-11-25T08:13:24.772006+09:00 0 0 경기74아3301 3 32 222000137 277100104 51 
2020-11-25T08:14:23.066119+09:00 0 0 경기74아3233 3 42 222000137 221000238 62 
2020-11-25T08:14:23.066204+09:00 0 0 경기74아3301 3 32 222000137 277100104 51 
2020-11-25T08:15:21.100294+09:00 0 0 경기74아3233 3 42 222000137 221000238 62 
2020-11-25T08:15:21.100357+09:00 0 0 경기74아3301 3 32 222000137 277100104 51 
2020-11-25T08:16:20.024396+09:00 0 0 경기74아3233 3 42 222000137 221000238 62 
2020-11-25T08:16:20.024459+09:00 0 0 경기74아3301 3 32 222000137 277100104 51 
2020-11-25T08:17:18.338484+09:00 0 0 경기74아3233 3 42 222000137 221000257 63 
2020-11-25T08:17:18.338547+09:00 0 0 경기74아3301 3 32 222000137 277100104 51 
2020-11-25T08:18:16.312616+09:00 0 0 경기74아3233 3 42 222000137 221000257 63 
2020-11-25T08:18:16.312677+09:00 0 0 경기74아3301 3 32 222000137 277100104 51 
2020-11-25T08:19:15.386731+09:00 0 0 경기74아3233 3 41 222000137 277103214 64 
2020-11-25T08:19:15.386794+09:00 0 0 경기74아3301 3 32 222000137 277100104 51 
2020-11-25T08:20:13.900753+09:00 0 0 경기74아3233 3 42 222000137 222001318 65 
2020-11-25T08:20:13.900813+09:00 0 0 경기74아3301 3 32 222000137 277103306 52 
2020-11-25T08:21:12.394970+09:00 0 0 경기74아3233 3 42 222000137 222001320 66 
2020-11-25T08:21:12.395034+09:00 0 0 경기74아3301 3 32 222000137 277103306 52 
2020-11-25T08:22:10.309238+09:00 0 0 경기74아3233 3 42 222000137 222001320 66 
2020-11-25T08:22:10.309300+09:00 0 0 경기74아3301 3 32 222000137 277103306 52 
2020-11-25T08:23:09.243137+09:00 0 0 경기74아3233 3 42 222000137 222000660 68 
2020-11-25T08:23:09.243198+09:00 0 0 경기74아3301 3 32 222000137 277103306 52 
2020-11-25T08:24:07.737285+09:00 0 0 경기74아3233 3 42 222000137 222000660 68 
2020-11-25T08:24:07.737347+09:00 0 0 경기74아3301 3 32 222000137 277103306 52 
2020-11-25T08:25:05.901319+09:00 0 0 경기74아3233 3 42 222000137 222000660 68 
2020-11-25T08:25:05.901382+09:00 0 0 경기74아3301 3 32 222000137 277103306 52 
2020-11-25T08:26:04.805406+09:00 0 0 경기74아3233 3 42 222000137 222000660 68 
2020-11-25T08:26:04.805470+09:00 0 0 경기74아3301 3 32 222000137 277103306 52 
2020-11-25T08:27:02.869528+09:00 0 0 경기74아3233 3 42 222000137 222000660 68 
2020-11-25T08:27:02.869589+09:00 0 0 경기74아3301 3 32 222000137 277103306 52 
2020-11-25T08:28:01.373624+09:00 0 0 경기74아3233 3 42 222000137 222000338 69 
2020-11-25T08:28:01.373690+09:00 0 0 경기74아3301 3 32 222000137 277103306 52 
2020-11-25T08:28:59.617900+09:00 0 0 경기74아3233 3 42 222000137 222000338 69 
2020-11-25T08:28:59.617965+09:00 0 0 경기74아3301 3 32 222000137 277103306 52 
2020-11-25T08:29:58.781674+09:00 0 0 경기74아3233 3 42 222000137 222000336 70 
2020-11-25T08:29:58.781742+09:00 0 0 경기74아3301 3 32 222000137 277102674 53 
2020-11-25T08:30:57.235286+09:00 0 0 경기74아3233 3 42 222000137 222000335 71 
2020-11-25T08:30:57.235349+09:00 0 0 경기74아3301 3 32 222000137 277102674 53 
2020-11-25T08:31:55.628812+09:00 0 0 경기74아3233 3 42 222000137 277101907 72 
2020-11-25T08:31:55.628869+09:00 0 0 경기74아3301 3 32 222000137 277103309 54 
2020-11-25T08:32:53.982411+09:00 0 0 경기74아3233 3 42 222000137 277101907 72 
2020-11-25T08:32:53.982476+09:00 0 0 경기74아3301 3 32 222000137 277103309 54 
2020-11-25T08:33:52.356075+09:00 0 0 경기74아3233 3 42 222000137 222001282 73 
2020-11-25T08:33:52.356138+09:00 0 0 경기74아3301 3 32 222000137 277103309 54 
2020-11-25T08:34:50.619698+09:00 0 0 경기74아3233 3 42 222000137 222000333 74 
2020-11-25T08:34:50.619763+09:00 0 0 경기74아3301 3 32 222000137 277103309 54 
2020-11-25T08:35:49.503417+09:00 0 0 경기74아3233 3 42 222000137 222000332 75 
2020-11-25T08:35:49.503479+09:00 0 0 경기74아3301 3 32 222000137 277103309 54 
2020-11-25T08:36:48.057237+09:00 0 0 경기74아3233 3 42 222000137 222000330 77 
2020-11-25T08:36:48.057298+09:00 0 0 경기74아3301 3 32 222000137 277103309 54 
2020-11-25T08:37:46.111116+09:00 0 0 경기74아3233 3 42 222000137 222000330 77 
2020-11-25T08:37:46.111180+09:00 0 0 경기74아3301 3 32 222000137 277103309 54 
2020-11-25T08:38:44.514730+09:00 0 0 경기74아3233 3 42 222000137 222000329 78 
2020-11-25T08:38:44.514791+09:00 0 0 경기74아3301 3 32 222000137 277103309 54 
2020-11-25T08:39:42.878572+09:00 0 0 경기74아3233 3 42 222000137 222000328 79 
2020-11-25T08:39:42.878633+09:00 0 0 경기74아3301 3 32 222000137 277103308 55 
2020-11-25T08:40:40.862381+09:00 0 0 경기74아3233 3 43 222000137 222000325 82 
2020-11-25T08:40:40.862447+09:00 0 0 경기74아3301 3 32 222000137 277103308 55 
2020-11-25T08:41:39.866256+09:00 0 0 경기74아3233 3 43 222000137 222000325 82 
2020-11-25T08:41:39.866320+09:00 0 0 경기74아3301 3 32 222000137 277103308 55 
2020-11-25T08:42:38.920149+09:00 0 0 경기74아3233 3 43 222000137 222000325 82 
2020-11-25T08:42:38.920219+09:00 0 0 경기74아3301 3 32 222000137 277102302 56 
2020-11-25T08:43:37.193891+09:00 0 0 경기74아3233 3 43 222000137 222000749 83 
2020-11-25T08:43:37.193932+09:00 0 0 경기74아3301 3 32 222000137 277102302 56 
2020-11-25T08:44:35.418050+09:00 0 0 경기74아3233 3 43 222000137 222000749 83 
2020-11-25T08:44:35.418092+09:00 0 0 경기74아3301 3 32 222000137 277102302 56 
2020-11-25T08:45:33.511905+09:00 0 0 경기74아3233 3 43 222000137 222001309 84 
2020-11-25T08:45:33.511979+09:00 0 0 경기74아3301 3 32 222000137 277102302 56 
2020-11-25T08:46:31.725715+09:00 0 0 경기74아3233 3 43 222000137 222001478 85 
2020-11-25T08:46:31.725780+09:00 0 0 경기74아3301 3 32 222000137 277102302 56 
2020-11-25T08:47:30.959563+09:00 0 0 경기74아3233 3 42 222000137 222000201 86 
2020-11-25T08:47:30.959627+09:00 0 0 경기74아3301 3 32 222000137 277102302 56 
2020-11-25T08:48:29.553460+09:00 0 0 경기74아3233 3 42 222000137 222000201 86 
2020-11-25T08:48:29.553523+09:00 0 0 경기74아3301 3 32 222000137 277102302 56 
2020-11-25T08:49:27.707356+09:00 0 0 경기74아3233 3 42 222000137 222000201 86 
2020-11-25T08:49:27.707428+09:00 0 0 경기74아3301 3 32 222000137 123000611 57 
2020-11-25T08:50:26.051272+09:00 0 0 경기74아3233 3 42 222000137 222000201 86 
2020-11-25T08:50:26.051335+09:00 0 0 경기74아3301 3 32 222000137 123000611 57 
2020-11-25T08:51:24.435203+09:00 0 0 경기74아3233 3 42 222000137 222000201 86 
2020-11-25T08:51:24.435266+09:00 0 0 경기74아3301 3 32 222000137 123000611 57 
2020-11-25T08:52:22.979191+09:00 0 0 경기74아3233 3 42 222000137 222000200 87 
2020-11-25T08:52:22.979254+09:00 0 0 경기74아3301 3 32 222000137 123000611 57 
2020-11-25T08:53:20.833085+09:00 0 0 경기74아3233 3 42 222000137 222000199 88 
2020-11-25T08:53:20.833147+09:00 0 0 경기74아3301 3 32 222000137 123000611 57 
2020-11-25T08:54:19.077097+09:00 0 0 경기74아3233 3 42 222000137 222000199 88 
2020-11-25T08:54:19.077158+09:00 0 0 경기74아3301 3 32 222000137 123000611 57 
2020-11-25T08:55:17.380926+09:00 0 0 경기74아3233 3 42 222000137 222000198 89 
2020-11-25T08:55:17.380989+09:00 0 0 경기74아3301 3 32 222000137 123000611 57 
2020-11-25T08:56:15.794815+09:00 0 0 경기74아3233 3 42 222000137 222000198 89 
2020-11-25T08:56:15.794859+09:00 0 0 경기74아3301 3 32 222000137 123000611 57 
2020-11-25T08:57:14.198974+09:00 0 0 경기74아3233 3 42 222000137 222000158 91 
2020-11-25T08:57:14.199037+09:00 0 0 경기74아3301 3 32 222000137 123000611 57 
2020-11-25T08:58:12.432741+09:00 0 0 경기74아3233 3 42 222000137 222001288 93 
2020-11-25T08:58:12.432806+09:00 0 0 경기74아3301 3 32 222000137 123000611 57 
2020-11-25T08:59:10.966798+09:00 0 0 경기74아3233 3 42 222000137 222001653 94 
2020-11-25T08:59:10.966863+09:00 0 0 경기74아3301 3 32 222000137 123000611 57 
2020-11-25T09:00:09.261826+09:00 0 0 경기74아3233 3 42 222000137 222001290 97 
2020-11-25T09:00:09.261892+09:00 0 0 경기74아3301 3 32 222000137 123000611 57 
2020-11-25T09:01:07.724621+09:00 0 0 경기74아3233 3 42 222000137 222001290 97 
2020-11-25T09:01:07.724684+09:00 0 0 경기74아3301 3 43 222000137 123000611 57 
2020-11-25T09:02:06.018608+09:00 0 0 경기74아3233 3 42 222000137 222001290 97 
2020-11-25T09:02:06.018670+09:00 0 0 경기74아3301 3 43 222000137 123000611 57 
2020-11-25T09:03:05.322564+09:00 0 0 경기74아3233 3 42 222000137 222001290 97 
2020-11-25T09:03:05.322624+09:00 0 0 경기74아3301 3 43 222000137 123000611 57 
2020-11-25T09:04:03.836564+09:00 0 0 경기74아3233 3 42 222000137 222000094 100 
2020-11-25T09:04:03.836625+09:00 0 0 경기74아3301 3 43 222000137 277103310 58 
2020-11-25T09:05:02.000741+09:00 0 0 경기74아3233 3 43 222000137 222000094 100 
2020-11-25T09:05:02.000806+09:00 0 0 경기74아3301 3 43 222000137 277102675 59 
2020-11-25T09:06:00.315014+09:00 0 0 경기74아3233 3 43 222000137 222000758 101 
2020-11-25T09:06:00.315071+09:00 0 0 경기74아3301 3 43 222000137 277102675 59 
2020-11-25T09:06:59.479348+09:00 0 0 경기74아3233 3 44 222000137 222000093 102 
2020-11-25T09:06:59.479412+09:00 0 0 경기74아3301 3 43 222000137 277102675 59 
2020-11-25T09:07:57.853402+09:00 0 0 경기74아3301 3 43 222000137 277103307 60 
2020-11-25T09:08:56.337656+09:00 0 0 경기74아3301 3 43 222000137 277103307 60 
2020-11-25T09:09:55.681823+09:00 0 0 경기74아3301 3 43 222000137 221000238 62 
2020-11-25T09:10:54.175963+09:00 0 0 경기74아3301 3 43 222000137 221000238 62 
2020-11-25T09:11:52.940158+09:00 0 0 경기74아3301 3 43 222000137 221000238 62 
2020-11-25T09:12:51.134182+09:00 0 0 경기74아3301 3 43 222000137 221000238 62 
2020-11-25T09:13:49.568233+09:00 0 0 경기74아3301 3 43 222000137 221000257 63 
2020-11-25T09:14:47.852362+09:00 0 0 경기74아3301 3 43 222000137 277103214 64 
2020-11-25T09:15:45.816451+09:00 0 0 경기74아3301 3 43 222000137 222001318 65 
2020-11-25T09:16:44.210606+09:00 0 0 경기74아3301 3 44 222000137 222001320 66 
2020-11-25T09:17:42.394583+09:00 0 0 경기74아3301 3 43 222000137 222001320 66 
2020-11-25T09:18:40.618579+09:00 0 0 경기74아3301 3 43 222000137 222001320 66 
2020-11-25T09:19:38.632566+09:00 0 0 경기74아3301 3 43 222000137 222001320 66 
2020-11-25T09:20:37.056551+09:00 0 0 경기74아3301 3 43 222000137 222000660 68 
2020-11-25T09:21:35.240671+09:00 0 0 경기74아3301 3 43 222000137 222000660 68 
2020-11-25T09:22:33.464617+09:00 0 0 경기74아3301 3 42 222000137 222000660 68 
2020-11-25T09:23:31.738764+09:00 0 0 경기74아3301 3 42 222000137 222000338 69 
2020-11-25T09:24:30.382705+09:00 0 0 경기74아3301 3 42 222000137 222000336 70 
2020-11-25T09:25:28.596827+09:00 0 0 경기74아3301 3 42 222000137 222000336 70 
2020-11-25T09:26:26.930677+09:00 0 0 경기74아3301 3 42 222000137 222000335 71 
2020-11-25T09:27:24.984718+09:00 0 0 경기74아3301 3 42 222000137 277101907 72 
2020-11-25T09:28:23.558804+09:00 0 0 경기74아3301 3 42 222000137 222000333 74 
2020-11-25T09:29:22.212857+09:00 0 0 경기74아3301 3 42 222000137 222000333 74 
2020-11-25T09:30:20.486781+09:00 0 0 경기74아3301 3 42 222000137 222000331 76 
2020-11-25T09:31:18.620847+09:00 0 0 경기74아3301 3 42 222000137 222000330 77 
2020-11-25T09:32:16.884811+09:00 0 0 경기74아3301 3 42 222000137 222000329 78 
2020-11-25T09:33:14.738751+09:00 0 0 경기74아3301 3 42 222000137 222000329 78 
2020-11-25T09:34:13.782719+09:00 0 0 경기74아3301 3 42 222000137 222000328 79 
2020-11-25T09:35:12.547000+09:00 0 0 경기74아3301 3 42 222000137 222000325 82 
2020-11-25T09:36:11.170817+09:00 0 0 경기74아3301 3 41 222000137 222000749 83 
2020-11-25T09:37:09.045095+09:00 0 0 경기74아3301 3 41 222000137 222000749 83 
2020-11-25T09:38:07.448877+09:00 0 0 경기74아3301 3 42 222000137 222001309 84 
2020-11-25T09:39:05.933590+09:00 0 0 경기74아3301 3 42 222000137 222001478 85 
2020-11-25T09:40:03.968346+09:00 0 0 경기74아3301 3 43 222000137 222000201 86 
2020-11-25T09:41:02.992939+09:00 0 0 경기74아3301 3 43 222000137 222000201 86 
2020-11-25T09:42:01.057454+09:00 0 0 경기74아3301 3 43 222000137 222000201 86 
2020-11-25T09:42:59.192005+09:00 0 0 경기74아3301 3 43 222000137 222000199 88 
2020-11-25T09:43:57.506543+09:00 0 0 경기74아3301 3 43 222000137 222000199 88 
2020-11-25T09:44:56.421003+09:00 0 0 경기74아3301 3 43 222000137 222000199 88 
2020-11-25T09:45:54.495365+09:00 0 0 경기74아3301 3 43 222000137 222000198 89 
2020-11-25T09:46:52.709775+09:00 0 0 경기74아3301 3 43 222000137 222000198 89 
2020-11-25T09:47:51.774256+09:00 0 0 경기74아3301 3 43 222000137 222000159 90 
2020-11-25T09:48:50.088449+09:00 0 0 경기74아3301 3 43 222000137 222001634 92 
2020-11-25T09:49:48.442848+09:00 0 0 경기74아3301 3 43 222000137 222001653 94 
2020-11-25T09:50:46.647225+09:00 0 0 경기74아3301 3 44 222000137 222001292 96 
2020-11-25T09:51:44.911352+09:00 0 0 경기74아3301 3 44 222000137 222001290 97 
2020-11-25T09:52:43.515660+09:00 0 0 경기74아3301 3 44 222000137 222001290 97 
2020-11-25T09:53:42.319820+09:00 0 0 경기74아3301 3 44 222000137 222001290 97 
2020-11-25T09:54:41.664308+09:00 0 0 경기74아3301 3 44 222000137 222001290 97 
2020-11-25T09:55:39.798279+09:00 0 0 경기74아3301 3 44 222000137 222000094 100 
2020-11-25T09:56:38.082674+09:00 0 0 경기74아3301 3 44 222000137 222000758 101 
2020-11-25T09:57:35.836730+09:00 0 0 경기74아3301 3 45 222000137 222000758 101 
2020-11-25T09:58:35.111026+09:00 0 0 경기74아3301 3 45 222000137 222000092 103 
