222000137 2020-12-13T07:00:36.963021+09:00
2020-12-14T06:26:39 0 0 경기74아3301 3 45 222000137 222000098 2 
2020-12-14T06:27:39 0 0 경기74아3301 3 45 222000137 222000757 3 
2020-12-14T06:28:38 0 0 경기74아3301 3 45 222000137 222000097 4 
2020-12-14T06:29:38 0 0 경기74아3301 3 45 222000137 222000096 5 
2020-12-14T06:30:38 0 0 경기74아3301 3 45 222000137 222000096 5 
2020-12-14T06:31:38 0 0 경기74아3301 3 45 222000137 222000096 5 
2020-12-14T06:32:38 0 0 경기74아3301 3 45 222000137 222001296 7 
2020-12-14T06:33:37 0 0 경기74아3301 3 45 222000137 222001296 7 
2020-12-14T06:34:37 0 0 경기74아3301 3 45 222000137 222001296 7 
2020-12-14T06:35:36 0 0 경기74아3301 3 45 222000137 222000249 8 
2020-12-14T06:36:36 0 0 경기74아3301 3 45 222000137 222000249 8 
2020-12-14T06:37:36 0 0 경기74아3301 3 45 222000137 222000249 8 
2020-12-14T06:38:36 0 0 경기74아3301 3 44 222000137 222001289 9 
2020-12-14T06:39:35 0 0 경기74아3301 3 44 222000137 222001289 9 
2020-12-14T06:40:35 0 0 경기74아3301 3 44 222000137 222001283 11 
2020-12-14T06:41:34 0 0 경기74아3301 3 43 222000137 222001654 12 
2020-12-14T06:42:34 0 0 경기74아3301 3 43 222000137 222001635 14 
2020-12-14T06:43:34 0 0 경기74아3301 3 43 222000137 222001315 15 
2020-12-14T06:44:34 0 0 경기74아3301 3 43 222000137 222000192 17 
2020-12-14T06:45:34 0 0 경기74아3301 3 42 222000137 222000191 18 
2020-12-14T06:46:33 0 0 경기74아3301 3 42 222000137 222000190 19 
2020-12-14T06:47:33 0 0 경기74아3301 3 38 222000137 222000189 20 
2020-12-14T06:48:32 0 0 경기74아3301 3 38 222000137 277102434 21 
2020-12-14T06:49:32 0 0 경기74아3301 3 38 222000137 222000188 22 
2020-12-14T06:50:32 0 0 경기74아3301 3 38 222000137 222000746 23 
2020-12-14T06:51:32 0 0 경기74아3301 3 38 222000137 222001310 24 
2020-12-14T06:52:31 0 0 경기74아3301 3 38 222000137 222000323 25 
2020-12-14T06:53:31 0 0 경기74아3301 3 38 222000137 222000321 27 
2020-12-14T06:54:31 0 0 경기74아3301 3 38 222000137 222000318 30 
2020-12-14T06:55:30 0 0 경기74아3301 3 38 222000137 222000317 32 
2020-12-14T06:56:30 0 0 경기74아3301 3 38 222000137 222000315 33 
2020-12-14T06:57:30 0 0 경기74아3301 3 38 222000137 222000315 33 
2020-12-14T06:58:29 0 0 경기74아3301 3 38 222000137 222000315 33 
2020-12-14T06:59:28 0 0 경기74아3301 3 38 222000137 222000315 33 
2020-12-14T07:00:27 0 0 경기74아3301 3 38 222000137 222000315 33 
2020-12-14T07:01:27 0 0 경기74아3301 3 38 222000137 222000315 33 
2020-12-14T07:02:27 0 0 경기74아3300 3 44 222000137 222000757 3 
2020-12-14T07:02:27 0 0 경기74아3301 3 38 222000137 222000315 33 
2020-12-14T07:03:27 0 0 경기74아3300 3 43 222000137 222000097 4 
2020-12-14T07:03:27 0 0 경기74아3301 3 38 222000137 222000315 33 
2020-12-14T07:04:26 0 0 경기74아3300 3 43 222000137 222000097 4 
2020-12-14T07:04:26 0 0 경기74아3301 3 38 222000137 222000315 33 
2020-12-14T07:05:26 0 0 경기74아3300 3 43 222000137 222000096 5 
2020-12-14T07:05:26 0 0 경기74아3301 3 38 222000137 222000315 33 
2020-12-14T07:06:25 0 0 경기74아3300 3 43 222000137 222000096 5 
2020-12-14T07:06:25 0 0 경기74아3301 3 38 222000137 222000315 33 
2020-12-14T07:07:25 0 0 경기74아3300 3 43 222000137 222000096 5 
2020-12-14T07:07:25 0 0 경기74아3301 3 38 222000137 222000315 33 
2020-12-14T07:08:24 0 0 경기74아3300 3 43 222000137 222001296 7 
2020-12-14T07:08:24 0 0 경기74아3301 3 45 222000137 222000333 74 
2020-12-14T07:09:24 0 0 경기74아3300 3 43 222000137 222001296 7 
2020-12-14T07:09:24 0 0 경기74아3301 3 45 222000137 222000333 74 
2020-12-14T07:10:24 0 0 경기74아3300 3 43 222000137 222001296 7 
2020-12-14T07:10:24 0 0 경기74아3301 3 45 222000137 222000333 74 
2020-12-14T07:11:23 0 0 경기74아3300 3 43 222000137 222001296 7 
2020-12-14T07:11:23 0 0 경기74아3301 3 45 222000137 222000395 35 
2020-12-14T07:12:23 0 0 경기74아3300 3 43 222000137 222000249 8 
2020-12-14T07:12:23 0 0 경기74아3301 3 44 222000137 222000394 36 
2020-12-14T07:13:22 0 0 경기74아3300 3 43 222000137 222000249 8 
2020-12-14T07:13:22 0 0 경기74아3301 3 44 222000137 222000393 37 
2020-12-14T07:14:21 0 0 경기74아3300 3 43 222000137 222000249 8 
2020-12-14T07:14:21 0 0 경기74아3301 3 44 222000137 222000392 38 
2020-12-14T07:15:21 0 0 경기74아3300 3 43 222000137 222001291 10 
2020-12-14T07:15:21 0 0 경기74아3301 3 44 222000137 222000390 40 
2020-12-14T07:16:21 0 0 경기74아3300 3 42 222000137 222001283 11 
2020-12-14T07:16:21 0 0 경기74아3301 3 43 222000137 222000204 41 
2020-12-14T07:17:21 0 0 경기74아3300 3 41 222000137 222001283 11 
2020-12-14T07:17:21 0 0 경기74아3301 3 42 222000137 222000203 42 
2020-12-14T07:18:21 0 0 경기74아3300 3 40 222000137 222001287 13 
2020-12-14T07:18:21 0 0 경기74아3301 3 42 222000137 222000203 42 
2020-12-14T07:19:21 0 0 경기74아3300 3 39 222000137 222001635 14 
2020-12-14T07:19:21 0 0 경기74아3301 3 42 222000137 222000203 42 
2020-12-14T07:20:20 0 0 경기74아3300 3 39 222000137 222000151 16 
2020-12-14T07:20:20 0 0 경기74아3301 3 42 222000137 222000203 42 
2020-12-14T07:21:19 0 0 경기74아3300 3 36 222000137 222000192 17 
2020-12-14T07:21:19 0 0 경기74아3301 3 42 222000137 222000957 43 
2020-12-14T07:22:18 0 0 경기74아3300 3 36 222000137 222000191 18 
2020-12-14T07:22:18 0 0 경기74아3301 3 42 222000137 222000957 43 
2020-12-14T07:23:18 0 0 경기74아3300 3 36 222000137 222000190 19 
2020-12-14T07:23:18 0 0 경기74아3301 3 43 222000137 222001321 46 
2020-12-14T07:24:18 0 0 경기74아3300 3 35 222000137 222000189 20 
2020-12-14T07:24:18 0 0 경기74아3301 3 43 222000137 222001321 46 
2020-12-14T07:25:17 0 0 경기74아3300 3 35 222000137 277102434 21 
2020-12-14T07:25:17 0 0 경기74아3301 3 41 222000137 222001321 46 
2020-12-14T07:26:16 0 0 경기74아3300 3 35 222000137 277102434 21 
2020-12-14T07:26:16 0 0 경기74아3301 3 40 222000137 222001319 47 
2020-12-14T07:27:15 0 0 경기74아3300 3 35 222000137 222000188 22 
2020-12-14T07:27:15 0 0 경기74아3301 3 40 222000137 277103213 48 
2020-12-14T07:28:15 0 0 경기74아3300 3 30 222000137 222000746 23 
2020-12-14T07:28:15 0 0 경기74아3301 3 40 222000137 221000256 49 
2020-12-14T07:29:15 0 0 경기74아3300 3 32 222000137 222000746 23 
2020-12-14T07:29:15 0 0 경기74아3301 3 41 222000137 221000256 49 
2020-12-14T07:30:15 0 0 경기74아3300 3 32 222000137 222001310 24 
2020-12-14T07:30:15 0 0 경기74아3301 3 41 222000137 221000039 50 
2020-12-14T07:31:15 0 0 경기74아3300 3 32 222000137 222001310 24 
2020-12-14T07:31:15 0 0 경기74아3301 3 41 222000137 221000039 50 
2020-12-14T07:32:15 0 0 경기74아3300 3 37 222000137 222001310 24 
2020-12-14T07:32:15 0 0 경기74아3301 3 41 222000137 277100104 51 
2020-12-14T07:33:14 0 0 경기74아3300 3 37 222000137 222000322 26 
2020-12-14T07:33:14 0 0 경기74아3301 3 41 222000137 277100104 51 
2020-12-14T07:34:13 0 0 경기74아3300 3 36 222000137 222000320 28 
2020-12-14T07:34:13 0 0 경기74아3301 3 41 222000137 277100104 51 
2020-12-14T07:35:12 0 0 경기74아3300 3 36 222000137 222000319 29 
2020-12-14T07:35:12 0 0 경기74아3301 3 41 222000137 277100104 51 
2020-12-14T07:36:11 0 0 경기74아3300 3 36 222000137 222000319 29 
2020-12-14T07:36:11 0 0 경기74아3301 3 41 222000137 277100104 51 
2020-12-14T07:37:11 0 0 경기74아3300 3 36 222000137 222000318 30 
2020-12-14T07:37:11 0 0 경기74아3301 3 41 222000137 277103306 52 
2020-12-14T07:38:10 0 0 경기74아3300 3 36 222000137 277102476 31 
2020-12-14T07:38:10 0 0 경기74아3301 3 41 222000137 277103306 52 
2020-12-14T07:39:09 0 0 경기74아3300 3 36 222000137 222000317 32 
2020-12-14T07:39:09 0 0 경기74아3301 3 41 222000137 277103306 52 
2020-12-14T07:40:08 0 0 경기74아3300 3 36 222000137 222000315 33 
2020-12-14T07:40:08 0 0 경기74아3301 3 41 222000137 277103306 52 
2020-12-14T07:41:07 0 0 경기74아3300 3 36 222000137 222000315 33 
2020-12-14T07:41:07 0 0 경기74아3301 3 41 222000137 277103306 52 
2020-12-14T07:42:07 0 0 경기74아3300 3 36 222000137 222000396 34 
2020-12-14T07:42:07 0 0 경기74아3301 3 41 222000137 277103306 52 
2020-12-14T07:43:06 0 0 경기74아3300 3 36 222000137 222000394 36 
2020-12-14T07:43:06 0 0 경기74아3301 3 41 222000137 277103306 52 
2020-12-14T07:44:06 0 0 경기74아3300 3 36 222000137 222000393 37 
2020-12-14T07:44:06 0 0 경기74아3301 3 41 222000137 277103306 52 
2020-12-14T07:45:05 0 0 경기74아3300 3 36 222000137 222000392 38 
2020-12-14T07:45:05 0 0 경기74아3301 3 41 222000137 277103306 52 
2020-12-14T07:46:04 0 0 경기74아3300 3 37 222000137 222000390 40 
2020-12-14T07:46:04 0 0 경기74아3301 3 41 222000137 277103306 52 
2020-12-14T07:47:03 0 0 경기74아3300 3 37 222000137 222000204 41 
2020-12-14T07:47:03 0 0 경기74아3301 3 41 222000137 277102674 53 
2020-12-14T07:48:03 0 0 경기74아3300 3 37 222000137 222000203 42 
2020-12-14T07:48:03 0 0 경기74아3301 3 41 222000137 277102674 53 
2020-12-14T07:49:02 0 0 경기74아3300 3 37 222000137 222000203 42 
2020-12-14T07:49:02 0 0 경기74아3301 3 41 222000137 277102674 53 
2020-12-14T07:50:02 0 0 경기74아3300 3 37 222000137 222000203 42 
2020-12-14T07:50:02 0 0 경기74아3301 3 41 222000137 277103309 54 
2020-12-14T07:51:01 0 0 경기74아3300 3 37 222000137 222000957 43 
2020-12-14T07:51:01 0 0 경기74아3301 3 41 222000137 277103309 54 
2020-12-14T07:52:00 0 0 경기74아3300 3 37 222000137 222000957 43 
2020-12-14T07:52:00 0 0 경기74아3301 3 41 222000137 277103309 54 
2020-12-14T07:52:59 0 0 경기74아3300 3 38 222000137 222000947 44 
2020-12-14T07:52:59 0 0 경기74아3301 3 41 222000137 277103309 54 
2020-12-14T07:53:59 0 0 경기74아3300 3 38 222000137 222001323 45 
2020-12-14T07:53:59 0 0 경기74아3301 3 41 222000137 277103309 54 
2020-12-14T07:54:58 0 0 경기74아3300 3 38 222000137 222001323 45 
2020-12-14T07:54:58 0 0 경기74아3301 3 41 222000137 277103308 55 
2020-12-14T07:55:58 0 0 경기74아3300 3 41 222000137 222001321 46 
2020-12-14T07:55:58 0 0 경기74아3301 3 41 222000137 277103308 55 
2020-12-14T07:56:57 0 0 경기74아3300 3 41 222000137 222001321 46 
2020-12-14T07:56:57 0 0 경기74아3301 3 41 222000137 277102302 56 
2020-12-14T07:57:56 0 0 경기74아3300 3 41 222000137 222001321 46 
2020-12-14T07:57:56 0 0 경기74아3301 3 41 222000137 277102302 56 
2020-12-14T07:58:55 0 0 경기74아3300 3 41 222000137 222001319 47 
2020-12-14T07:58:55 0 0 경기74아3301 3 41 222000137 277102302 56 
2020-12-14T07:59:54 0 0 경기74아3300 3 34 222000137 222001319 47 
2020-12-14T07:59:54 0 0 경기74아3301 3 41 222000137 277102302 56 
2020-12-14T08:00:54 0 0 경기74아3300 3 34 222000137 277103213 48 
2020-12-14T08:00:54 0 0 경기74아3301 3 41 222000137 277102302 56 
2020-12-14T08:01:53 0 0 경기74아3300 3 34 222000137 221000256 49 
2020-12-14T08:01:53 0 0 경기74아3301 3 41 222000137 123000611 57 
2020-12-14T08:02:52 0 0 경기74아3300 3 34 222000137 221000256 49 
2020-12-14T08:02:52 0 0 경기74아3301 3 41 222000137 123000611 57 
2020-12-14T08:03:51 0 0 경기74아3300 3 34 222000137 221000039 50 
2020-12-14T08:03:51 0 0 경기74아3301 3 41 222000137 123000611 57 
2020-12-14T08:04:50 0 0 경기74아3300 3 34 222000137 277100104 51 
2020-12-14T08:04:50 0 0 경기74아3301 3 41 222000137 123000611 57 
2020-12-14T08:05:49 0 0 경기74아3300 3 34 222000137 277100104 51 
2020-12-14T08:05:49 0 0 경기74아3301 3 41 222000137 123000611 57 
2020-12-14T08:06:50 0 0 경기74아3300 3 34 222000137 277103306 52 
2020-12-14T08:06:50 0 0 경기74아3301 3 41 222000137 123000611 57 
2020-12-14T08:07:49 0 0 경기74아3300 3 34 222000137 277103306 52 
2020-12-14T08:07:49 0 0 경기74아3301 3 41 222000137 123000611 57 
2020-12-14T08:08:48 0 0 경기74아3300 3 34 222000137 277103306 52 
2020-12-14T08:08:48 0 0 경기74아3301 3 41 222000137 123000611 57 
2020-12-14T08:09:47 0 0 경기74아3300 3 34 222000137 277103306 52 
2020-12-14T08:09:47 0 0 경기74아3301 3 38 222000137 123000611 57 
2020-12-14T08:10:47 0 0 경기74아3300 3 34 222000137 277103306 52 
2020-12-14T08:10:47 0 0 경기74아3301 3 38 222000137 123000611 57 
2020-12-14T08:11:46 0 0 경기74아3300 3 34 222000137 277103306 52 
2020-12-14T08:11:46 0 0 경기74아3301 3 38 222000137 123000611 57 
2020-12-14T08:12:45 0 0 경기74아3300 3 34 222000137 277102674 53 
2020-12-14T08:12:45 0 0 경기74아3301 3 38 222000137 277103310 58 
2020-12-14T08:13:45 0 0 경기74아3300 3 34 222000137 277102674 53 
2020-12-14T08:13:45 0 0 경기74아3301 3 38 222000137 277102675 59 
2020-12-14T08:14:44 0 0 경기74아3300 3 34 222000137 277102674 53 
2020-12-14T08:14:44 0 0 경기74아3301 3 38 222000137 277102675 59 
2020-12-14T08:15:43 0 0 경기74아3300 3 34 222000137 277103309 54 
2020-12-14T08:15:43 0 0 경기74아3301 3 38 222000137 277102675 59 
2020-12-14T08:16:43 0 0 경기74아3300 3 34 222000137 277103309 54 
2020-12-14T08:16:43 0 0 경기74아3301 3 38 222000137 277103307 60 
2020-12-14T08:17:43 0 0 경기74아3300 3 34 222000137 277103309 54 
2020-12-14T08:17:43 0 0 경기74아3301 3 38 222000137 277103313 61 
2020-12-14T08:18:42 0 0 경기74아3300 3 34 222000137 277103309 54 
2020-12-14T08:18:42 0 0 경기74아3301 3 38 222000137 221000238 62 
2020-12-14T08:19:41 0 0 경기74아3300 3 34 222000137 277103309 54 
2020-12-14T08:19:41 0 0 경기74아3301 3 38 222000137 221000238 62 
2020-12-14T08:20:40 0 0 경기74아3300 3 34 222000137 277103308 55 
2020-12-14T08:20:40 0 0 경기74아3301 3 38 222000137 221000238 62 
2020-12-14T08:21:40 0 0 경기74아3300 3 34 222000137 277102302 56 
2020-12-14T08:21:40 0 0 경기74아3301 3 38 222000137 221000257 63 
2020-12-14T08:22:40 0 0 경기74아3300 3 34 222000137 277102302 56 
2020-12-14T08:22:40 0 0 경기74아3301 3 38 222000137 221000257 63 
2020-12-14T08:23:39 0 0 경기74아3300 3 34 222000137 277102302 56 
2020-12-14T08:23:39 0 0 경기74아3301 3 35 222000137 277103214 64 
2020-12-14T08:24:38 0 0 경기74아3300 3 34 222000137 277102302 56 
2020-12-14T08:24:38 0 0 경기74아3301 3 40 222000137 222001318 65 
2020-12-14T08:25:38 0 0 경기74아3300 3 34 222000137 277102302 56 
2020-12-14T08:25:38 0 0 경기74아3301 3 42 222000137 222001320 66 
2020-12-14T08:26:38 0 0 경기74아3300 3 34 222000137 277102302 56 
2020-12-14T08:26:38 0 0 경기74아3301 3 42 222000137 222001320 66 
2020-12-14T08:27:37 0 0 경기74아3300 3 34 222000137 123000611 57 
2020-12-14T08:27:37 0 0 경기74아3301 3 42 222000137 222001320 66 
2020-12-14T08:28:37 0 0 경기74아3300 3 34 222000137 123000611 57 
2020-12-14T08:28:37 0 0 경기74아3301 3 42 222000137 222001322 67 
2020-12-14T08:29:36 0 0 경기74아3300 3 34 222000137 123000611 57 
2020-12-14T08:29:36 0 0 경기74아3301 3 42 222000137 222000660 68 
2020-12-14T08:30:36 0 0 경기74아3300 3 34 222000137 123000611 57 
2020-12-14T08:30:36 0 0 경기74아3301 3 42 222000137 222000660 68 
2020-12-14T08:31:36 0 0 경기74아3300 3 34 222000137 123000611 57 
2020-12-14T08:31:36 0 0 경기74아3301 3 43 222000137 222000338 69 
2020-12-14T08:32:36 0 0 경기74아3300 3 34 222000137 123000611 57 
2020-12-14T08:32:36 0 0 경기74아3301 3 44 222000137 222000338 69 
2020-12-14T08:33:35 0 0 경기74아3300 3 34 222000137 123000611 57 
2020-12-14T08:33:35 0 0 경기74아3301 3 44 222000137 222000338 69 
2020-12-14T08:34:35 0 0 경기74아3300 3 34 222000137 123000611 57 
2020-12-14T08:34:35 0 0 경기74아3301 3 44 222000137 222000338 69 
2020-12-14T08:35:34 0 0 경기74아3300 3 34 222000137 123000611 57 
2020-12-14T08:35:34 0 0 경기74아3301 3 44 222000137 222000335 71 
2020-12-14T08:36:34 0 0 경기74아3300 3 34 222000137 123000611 57 
2020-12-14T08:36:34 0 0 경기74아3301 3 44 222000137 222001282 73 
2020-12-14T08:37:33 0 0 경기74아3300 3 34 222000137 123000611 57 
2020-12-14T08:37:33 0 0 경기74아3301 3 44 222000137 222000333 74 
2020-12-14T08:38:33 0 0 경기74아3300 3 34 222000137 123000611 57 
2020-12-14T08:38:33 0 0 경기74아3301 3 44 222000137 222000333 74 
2020-12-14T08:39:33 0 0 경기74아3300 3 34 222000137 123000611 57 
2020-12-14T08:39:33 0 0 경기74아3301 3 44 222000137 222000332 75 
2020-12-14T08:40:32 0 0 경기74아3300 3 34 222000137 123000611 57 
2020-12-14T08:40:32 0 0 경기74아3301 3 45 222000137 222000330 77 
2020-12-14T08:41:32 0 0 경기74아3300 3 42 222000137 123000611 57 
2020-12-14T08:41:32 0 0 경기74아3301 3 45 222000137 222000330 77 
2020-12-14T08:42:31 0 0 경기74아3300 3 42 222000137 123000611 57 
2020-12-14T08:42:31 0 0 경기74아3301 3 45 222000137 222000329 78 
2020-12-14T08:43:31 0 0 경기74아3300 3 42 222000137 123000611 57 
2020-12-14T08:43:31 0 0 경기74아3301 3 45 222000137 222000327 80 
2020-12-14T08:44:30 0 0 경기74아3300 3 42 222000137 277103310 58 
2020-12-14T08:44:30 0 0 경기74아3301 3 44 222000137 222000325 82 
2020-12-14T08:45:29 0 0 경기74아3300 3 42 222000137 277102675 59 
2020-12-14T08:45:29 0 0 경기74아3301 3 44 222000137 222000325 82 
2020-12-14T08:46:28 0 0 경기74아3300 3 42 222000137 277102675 59 
2020-12-14T08:46:28 0 0 경기74아3301 3 44 222000137 222000749 83 
2020-12-14T08:47:27 0 0 경기74아3300 3 42 222000137 277102675 59 
2020-12-14T08:47:27 0 0 경기74아3301 3 45 222000137 222001309 84 
2020-12-14T08:48:28 0 0 경기74아3300 3 42 222000137 277103307 60 
2020-12-14T08:48:28 0 0 경기74아3301 3 45 222000137 222001478 85 
2020-12-14T08:49:26 0 0 경기74아3300 3 42 222000137 277103313 61 
2020-12-14T08:49:26 0 0 경기74아3301 3 45 222000137 222000201 86 
2020-12-14T08:50:26 0 0 경기74아3300 3 42 222000137 221000238 62 
2020-12-14T08:50:26 0 0 경기74아3301 3 45 222000137 222000201 86 
2020-12-14T08:51:25 0 0 경기74아3300 3 42 222000137 221000238 62 
2020-12-14T08:51:25 0 0 경기74아3301 3 45 222000137 222000201 86 
2020-12-14T08:52:24 0 0 경기74아3300 3 42 222000137 221000238 62 
2020-12-14T08:52:24 0 0 경기74아3301 3 45 222000137 222000200 87 
2020-12-14T08:53:24 0 0 경기74아3300 3 42 222000137 221000257 63 
2020-12-14T08:53:24 0 0 경기74아3301 3 44 222000137 222000199 88 
2020-12-14T08:54:23 0 0 경기74아3300 3 42 222000137 277103214 64 
2020-12-14T08:54:23 0 0 경기74아3301 3 45 222000137 222000198 89 
2020-12-14T08:55:23 0 0 경기74아3300 3 43 222000137 222001318 65 
2020-12-14T08:55:23 0 0 경기74아3301 3 45 222000137 222000198 89 
2020-12-14T08:56:22 0 0 경기74아3300 3 43 222000137 222001318 65 
2020-12-14T08:56:22 0 0 경기74아3301 3 45 222000137 222000198 89 
2020-12-14T08:57:21 0 0 경기74아3300 3 43 222000137 222001318 65 
2020-12-14T08:57:21 0 0 경기74아3301 3 45 222000137 222001634 92 
2020-12-14T08:58:21 0 0 경기74아3300 3 43 222000137 222001320 66 
2020-12-14T08:58:21 0 0 경기74아3301 3 45 222000137 222001653 94 
2020-12-14T08:59:21 0 0 경기74아3300 3 43 222000137 222001322 67 
2020-12-14T08:59:21 0 0 경기74아3301 3 45 222000137 222001292 96 
2020-12-14T09:00:21 0 0 경기74아3300 3 43 222000137 222000660 68 
2020-12-14T09:00:21 0 0 경기74아3301 3 45 222000137 222001290 97 
2020-12-14T09:01:20 0 0 경기74아3300 3 43 222000137 222000660 68 
2020-12-14T09:01:20 0 0 경기74아3301 3 45 222000137 222001290 97 
2020-12-14T09:02:19 0 0 경기74아3300 3 43 222000137 222000660 68 
2020-12-14T09:02:19 0 0 경기74아3301 3 45 222000137 222001290 97 
2020-12-14T09:03:18 0 0 경기74아3300 3 43 222000137 222000660 68 
2020-12-14T09:03:18 0 0 경기74아3301 3 45 222000137 222001051 98 
2020-12-14T09:04:17 0 0 경기74아3300 3 43 222000137 222000338 69 
2020-12-14T09:04:17 0 0 경기74아3301 3 45 222000137 222000094 100 
2020-12-14T09:05:17 0 0 경기74아3300 3 43 222000137 222000336 70 
2020-12-14T09:05:17 0 0 경기74아3301 3 45 222000137 222000758 101 
2020-12-14T09:06:16 0 0 경기74아3300 3 43 222000137 277101907 72 
2020-12-14T09:06:16 0 0 경기74아3301 3 45 222000137 222000093 102 
2020-12-14T09:07:15 0 0 경기74아3300 3 43 222000137 277101907 72 
2020-12-14T09:07:15 0 0 경기74아3301 3 45 222000137 222000092 103 
2020-12-14T09:08:15 0 0 경기74아3300 3 43 222000137 222000333 74 
2020-12-14T09:09:14 0 0 경기74아3300 3 42 222000137 222000332 75 
2020-12-14T09:10:14 0 0 경기74아3300 3 42 222000137 222000332 75 
2020-12-14T09:11:13 0 0 경기74아3300 3 42 222000137 222000330 77 
2020-12-14T09:12:12 0 0 경기74아3300 3 42 222000137 222000329 78 
2020-12-14T09:13:11 0 0 경기74아3300 3 42 222000137 222000327 80 
2020-12-14T09:14:11 0 0 경기74아3300 3 42 222000137 222000325 82 
2020-12-14T09:15:10 0 0 경기74아3300 3 42 222000137 222000325 82 
2020-12-14T09:16:10 0 0 경기74아3300 3 42 222000137 222000749 83 
2020-12-14T09:17:09 0 0 경기74아3300 3 42 222000137 222000749 83 
2020-12-14T09:18:09 0 0 경기74아3300 3 42 222000137 222001309 84 
2020-12-14T09:19:08 0 0 경기74아3300 3 42 222000137 222001478 85 
2020-12-14T09:20:07 0 0 경기74아3300 3 42 222000137 222000201 86 
2020-12-14T09:21:07 0 0 경기74아3300 3 42 222000137 222000201 86 
2020-12-14T09:22:07 0 0 경기74아3300 3 42 222000137 222000201 86 
2020-12-14T09:23:06 0 0 경기74아3300 3 42 222000137 222000199 88 
2020-12-14T09:24:05 0 0 경기74아3300 3 42 222000137 222000198 89 
2020-12-14T09:25:05 0 0 경기74아3300 3 42 222000137 222000198 89 
2020-12-14T09:26:05 0 0 경기74아3300 3 42 222000137 222000159 90 
2020-12-14T09:27:04 0 0 경기74아3300 3 43 222000137 222001634 92 
2020-12-14T09:28:04 0 0 경기74아3300 3 43 222000137 222001653 94 
2020-12-14T09:29:03 0 0 경기74아3300 3 43 222000137 222001292 96 
2020-12-14T09:30:03 0 0 경기74아3300 3 42 222000137 222001290 97 
2020-12-14T09:31:02 0 0 경기74아3300 3 42 222000137 222001290 97 
2020-12-14T09:32:02 0 0 경기74아3300 3 42 222000137 222001290 97 
2020-12-14T09:33:01 0 0 경기74아3300 3 42 222000137 222001051 98 
2020-12-14T09:34:00 0 0 경기74아3300 3 42 222000137 222000094 100 
2020-12-14T09:34:59 0 0 경기74아3300 3 42 222000137 222000093 102 
2020-12-14T09:35:59 0 0 경기74아3300 3 42 222000137 222000092 103 
