222000137 2020-12-07T09:43:57.807388+09:00
2020-12-08T06:25:30 0 0 경기74아3055 3 45 222000137 222000098 2 
2020-12-08T06:26:30 0 0 경기74아3055 3 45 222000137 222000098 2 
2020-12-08T06:27:30 0 0 경기74아3055 3 44 222000137 222000757 3 
2020-12-08T06:28:29 0 0 경기74아3055 3 44 222000137 222000097 4 
2020-12-08T06:29:28 0 0 경기74아3055 3 44 222000137 222000096 5 
2020-12-08T06:30:28 0 0 경기74아3055 3 44 222000137 222000096 5 
2020-12-08T06:31:28 0 0 경기74아3055 3 44 222000137 222000096 5 
2020-12-08T06:32:27 0 0 경기74아3055 3 45 222000137 222001296 7 
2020-12-08T06:33:27 0 0 경기74아3055 3 45 222000137 222001296 7 
2020-12-08T06:34:26 0 0 경기74아3055 3 45 222000137 222001296 7 
2020-12-08T06:35:26 0 0 경기74아3055 3 45 222000137 222000249 8 
2020-12-08T06:36:26 0 0 경기74아3055 3 45 222000137 222000249 8 
2020-12-08T06:37:25 0 0 경기74아3055 3 45 222000137 222000249 8 
2020-12-08T06:38:25 0 0 경기74아3055 3 44 222000137 222001289 9 
2020-12-08T06:39:25 0 0 경기74아3055 3 44 222000137 222001289 9 
2020-12-08T06:40:24 0 0 경기74아3055 3 44 222000137 222001289 9 
2020-12-08T06:41:24 0 0 경기74아3055 3 44 222000137 222001283 11 
2020-12-08T06:42:24 0 0 경기74아3055 3 44 222000137 222001287 13 
2020-12-08T06:43:24 0 0 경기74아3055 3 44 222000137 222001315 15 
2020-12-08T06:44:23 0 0 경기74아3055 3 44 222000137 222000151 16 
2020-12-08T06:45:23 0 0 경기74아3055 3 44 222000137 222000192 17 
2020-12-08T06:46:23 0 0 경기74아3055 3 44 222000137 222000191 18 
2020-12-08T06:47:22 0 0 경기74아3055 3 40 222000137 222000189 20 
2020-12-08T06:48:22 0 0 경기74아3055 3 35 222000137 222000189 20 
2020-12-08T06:49:21 0 0 경기74아3055 3 35 222000137 222000189 20 
2020-12-08T06:50:21 0 0 경기74아3055 3 34 222000137 222000188 22 
2020-12-08T06:51:21 0 0 경기74아3055 3 35 222000137 222000746 23 
2020-12-08T06:52:20 0 0 경기74아3055 3 35 222000137 222001310 24 
2020-12-08T06:53:20 0 0 경기74아3055 3 36 222000137 222000321 27 
2020-12-08T06:54:19 0 0 경기74아3055 3 36 222000137 222000320 28 
2020-12-08T06:55:19 0 0 경기74아3055 3 31 222000137 222000319 29 
2020-12-08T06:56:18 0 0 경기74아3055 3 31 222000137 222000319 29 
2020-12-08T06:57:18 0 0 경기74아3055 3 31 222000137 277102476 31 
2020-12-08T06:58:17 0 0 경기74아3055 3 31 222000137 222000315 33 
2020-12-08T06:59:16 0 0 경기74아3055 3 31 222000137 222000315 33 
2020-12-08T07:00:15 0 0 경기74아3055 3 31 222000137 222000315 33 
2020-12-08T07:01:15 0 0 경기74아3055 3 31 222000137 222000395 35 
2020-12-08T07:02:15 0 0 경기74아3241 3 44 222000137 222000757 3 
2020-12-08T07:02:15 0 0 경기74아3055 3 24 222000137 222000394 36 
2020-12-08T07:03:15 0 0 경기74아3241 3 44 222000137 222000097 4 
2020-12-08T07:03:15 0 0 경기74아3055 3 24 222000137 222000392 38 
2020-12-08T07:04:14 0 0 경기74아3241 3 44 222000137 222000096 5 
2020-12-08T07:04:14 0 0 경기74아3055 3 24 222000137 222000391 39 
2020-12-08T07:05:14 0 0 경기74아3241 3 44 222000137 222000096 5 
2020-12-08T07:05:14 0 0 경기74아3055 3 24 222000137 222000204 41 
2020-12-08T07:06:14 0 0 경기74아3241 3 44 222000137 222000096 5 
2020-12-08T07:06:14 0 0 경기74아3055 3 23 222000137 222000203 42 
2020-12-08T07:07:13 0 0 경기74아3241 3 44 222000137 222000096 5 
2020-12-08T07:07:13 0 0 경기74아3055 3 23 222000137 222000203 42 
2020-12-08T07:08:13 0 0 경기74아3241 3 44 222000137 222001296 7 
2020-12-08T07:08:13 0 0 경기74아3055 3 23 222000137 222000203 42 
2020-12-08T07:09:12 0 0 경기74아3241 3 44 222000137 222001296 7 
2020-12-08T07:09:12 0 0 경기74아3055 3 23 222000137 222000203 42 
2020-12-08T07:10:12 0 0 경기74아3241 3 44 222000137 222001296 7 
2020-12-08T07:10:12 0 0 경기74아3055 3 23 222000137 222000957 43 
2020-12-08T07:11:12 0 0 경기74아3241 3 44 222000137 222000249 8 
2020-12-08T07:11:12 0 0 경기74아3055 3 23 222000137 222000957 43 
2020-12-08T07:12:11 0 0 경기74아3241 3 44 222000137 222000249 8 
2020-12-08T07:12:11 0 0 경기74아3055 3 23 222000137 222000957 43 
2020-12-08T07:13:10 0 0 경기74아3241 3 44 222000137 222000249 8 
2020-12-08T07:13:10 0 0 경기74아3055 3 22 222000137 222001323 45 
2020-12-08T07:14:10 0 0 경기74아3241 3 44 222000137 222000249 8 
2020-12-08T07:14:10 0 0 경기74아3055 3 23 222000137 222001323 45 
2020-12-08T07:15:09 0 0 경기74아3241 3 44 222000137 222001289 9 
2020-12-08T07:15:09 0 0 경기74아3055 3 23 222000137 222001321 46 
2020-12-08T07:16:08 0 0 경기74아3241 3 44 222000137 222001654 12 
2020-12-08T07:16:08 0 0 경기74아3055 3 21 222000137 222001321 46 
2020-12-08T07:17:08 0 0 경기74아3241 3 44 222000137 222001635 14 
2020-12-08T07:17:08 0 0 경기74아3055 3 18 222000137 222001319 47 
2020-12-08T07:18:08 0 0 경기74아3241 3 44 222000137 222001635 14 
2020-12-08T07:18:08 0 0 경기74아3055 3 18 222000137 277103213 48 
2020-12-08T07:19:07 0 0 경기74아3241 3 44 222000137 222001315 15 
2020-12-08T07:19:07 0 0 경기74아3055 3 18 222000137 277103213 48 
2020-12-08T07:20:07 0 0 경기74아3241 3 44 222000137 222000151 16 
2020-12-08T07:20:07 0 0 경기74아3055 3 18 222000137 221000256 49 
2020-12-08T07:21:06 0 0 경기74아3241 3 44 222000137 222000192 17 
2020-12-08T07:21:06 0 0 경기74아3055 3 18 222000137 221000256 49 
2020-12-08T07:22:05 0 0 경기74아3241 3 44 222000137 222000191 18 
2020-12-08T07:22:05 0 0 경기74아3055 3 18 222000137 277100104 51 
2020-12-08T07:23:05 0 0 경기74아3241 3 43 222000137 222000190 19 
2020-12-08T07:23:05 0 0 경기74아3055 3 18 222000137 277100104 51 
2020-12-08T07:24:05 0 0 경기74아3241 3 43 222000137 222000189 20 
2020-12-08T07:24:05 0 0 경기74아3055 3 18 222000137 277100104 51 
2020-12-08T07:25:04 0 0 경기74아3241 3 43 222000137 222000188 22 
2020-12-08T07:25:04 0 0 경기74아3055 3 18 222000137 277100104 51 
2020-12-08T07:26:03 0 0 경기74아3241 3 42 222000137 222000746 23 
2020-12-08T07:26:03 0 0 경기74아3055 3 18 222000137 277100104 51 
2020-12-08T07:27:03 0 0 경기74아3241 3 42 222000137 222001310 24 
2020-12-08T07:27:03 0 0 경기74아3055 3 18 222000137 277100104 51 
2020-12-08T07:28:03 0 0 경기74아3241 3 42 222000137 222000323 25 
2020-12-08T07:28:03 0 0 경기74아3055 3 18 222000137 277100104 51 
2020-12-08T07:29:03 0 0 경기74아3241 3 42 222000137 222000323 25 
2020-12-08T07:29:03 0 0 경기74아3055 3 18 222000137 277103306 52 
2020-12-08T07:30:02 0 0 경기74아3241 3 42 222000137 222000320 28 
2020-12-08T07:30:02 0 0 경기74아3055 3 18 222000137 277103306 52 
2020-12-08T07:31:02 0 0 경기74아3241 3 41 222000137 222000319 29 
2020-12-08T07:31:02 0 0 경기74아3055 3 18 222000137 277103306 52 
2020-12-08T07:32:01 0 0 경기74아3241 3 41 222000137 277102476 31 
2020-12-08T07:32:01 0 0 경기74아3055 3 18 222000137 277103306 52 
2020-12-08T07:33:01 0 0 경기74아3241 3 41 222000137 222000317 32 
2020-12-08T07:33:01 0 0 경기74아3055 3 18 222000137 277103306 52 
2020-12-08T07:34:00 0 0 경기74아3241 3 41 222000137 222000315 33 
2020-12-08T07:34:00 0 0 경기74아3055 3 18 222000137 277103306 52 
2020-12-08T07:35:00 0 0 경기74아3241 3 41 222000137 222000315 33 
2020-12-08T07:35:00 0 0 경기74아3055 3 18 222000137 277103306 52 
2020-12-08T07:36:00 0 0 경기74아3241 3 41 222000137 222000396 34 
2020-12-08T07:36:00 0 0 경기74아3055 3 18 222000137 277102674 53 
2020-12-08T07:36:59 0 0 경기74아3241 3 41 222000137 222000395 35 
2020-12-08T07:36:59 0 0 경기74아3055 3 18 222000137 277102674 53 
2020-12-08T07:37:58 0 0 경기74아3241 3 41 222000137 222000394 36 
2020-12-08T07:37:58 0 0 경기74아3055 3 18 222000137 277103309 54 
2020-12-08T07:38:58 0 0 경기74아3241 3 37 222000137 222000393 37 
2020-12-08T07:38:58 0 0 경기74아3055 3 18 222000137 277103309 54 
2020-12-08T07:39:57 0 0 경기74아3241 3 37 222000137 222000392 38 
2020-12-08T07:39:57 0 0 경기74아3055 3 18 222000137 277103309 54 
2020-12-08T07:40:56 0 0 경기74아3241 3 37 222000137 222000391 39 
2020-12-08T07:40:56 0 0 경기74아3055 3 18 222000137 277103309 54 
2020-12-08T07:41:57 0 0 경기74아3241 3 37 222000137 222000390 40 
2020-12-08T07:41:57 0 0 경기74아3055 3 18 222000137 277103308 55 
2020-12-08T07:42:56 0 0 경기74아3241 3 37 222000137 222000203 42 
2020-12-08T07:42:56 0 0 경기74아3055 3 18 222000137 277103308 55 
2020-12-08T07:43:56 0 0 경기74아3241 3 37 222000137 222000203 42 
2020-12-08T07:43:56 0 0 경기74아3055 3 18 222000137 277102302 56 
2020-12-08T07:44:55 0 0 경기74아3241 3 37 222000137 222000203 42 
2020-12-08T07:44:55 0 0 경기74아3055 3 18 222000137 277102302 56 
2020-12-08T07:45:54 0 0 경기74아3241 3 37 222000137 222000203 42 
2020-12-08T07:45:54 0 0 경기74아3055 3 18 222000137 277102302 56 
2020-12-08T07:46:54 0 0 경기74아3241 3 37 222000137 222000957 43 
2020-12-08T07:46:54 0 0 경기74아3055 3 18 222000137 123000611 57 
2020-12-08T07:47:53 0 0 경기74아3241 3 37 222000137 222000957 43 
2020-12-08T07:47:53 0 0 경기74아3055 3 18 222000137 123000611 57 
2020-12-08T07:48:53 0 0 경기74아3241 3 37 222000137 222000957 43 
2020-12-08T07:48:53 0 0 경기74아3055 3 18 222000137 123000611 57 
2020-12-08T07:49:52 0 0 경기74아3241 3 38 222000137 222001323 45 
2020-12-08T07:49:52 0 0 경기74아3055 3 18 222000137 123000611 57 
2020-12-08T07:50:51 0 0 경기74아3241 3 38 222000137 222001323 45 
2020-12-08T07:50:51 0 0 경기74아3055 3 18 222000137 123000611 57 
2020-12-08T07:51:51 0 0 경기74아3241 3 39 222000137 222001321 46 
2020-12-08T07:51:51 0 0 경기74아3055 3 18 222000137 123000611 57 
2020-12-08T07:52:51 0 0 경기74아3241 3 38 222000137 222001319 47 
2020-12-08T07:52:51 0 0 경기74아3055 3 18 222000137 123000611 57 
2020-12-08T07:53:51 0 0 경기74아3241 3 36 222000137 277103213 48 
2020-12-08T07:53:51 0 0 경기74아3055 3 18 222000137 123000611 57 
2020-12-08T07:54:51 0 0 경기74아3241 3 36 222000137 277103213 48 
2020-12-08T07:54:51 0 0 경기74아3055 3 41 222000137 123000611 57 
2020-12-08T07:55:50 0 0 경기74아3241 3 36 222000137 277103213 48 
2020-12-08T07:55:50 0 0 경기74아3055 3 41 222000137 123000611 57 
2020-12-08T07:56:50 0 0 경기74아3241 3 36 222000137 221000256 49 
2020-12-08T07:56:50 0 0 경기74아3055 3 41 222000137 123000611 57 
2020-12-08T07:57:49 0 0 경기74아3241 3 36 222000137 221000256 49 
2020-12-08T07:57:49 0 0 경기74아3055 3 41 222000137 277103310 58 
2020-12-08T07:58:48 0 0 경기74아3241 3 36 222000137 221000039 50 
2020-12-08T07:58:48 0 0 경기74아3055 3 41 222000137 277103310 58 
2020-12-08T07:59:47 0 0 경기74아3241 3 36 222000137 277100104 51 
2020-12-08T07:59:47 0 0 경기74아3055 3 41 222000137 277103310 58 
2020-12-08T08:00:46 0 0 경기74아3241 3 36 222000137 277100104 51 
2020-12-08T08:00:46 0 0 경기74아3055 3 41 222000137 277102675 59 
2020-12-08T08:01:45 0 0 경기74아3241 3 36 222000137 277100104 51 
2020-12-08T08:01:45 0 0 경기74아3055 3 41 222000137 277102675 59 
2020-12-08T08:02:45 0 0 경기74아3241 3 36 222000137 277103306 52 
2020-12-08T08:02:45 0 0 경기74아3055 3 41 222000137 277102675 59 
2020-12-08T08:03:44 0 0 경기74아3241 3 36 222000137 277103306 52 
2020-12-08T08:03:44 0 0 경기74아3055 3 41 222000137 277102675 59 
2020-12-08T08:04:44 0 0 경기74아3241 3 36 222000137 277103306 52 
2020-12-08T08:04:44 0 0 경기74아3055 3 41 222000137 277102675 59 
2020-12-08T08:05:44 0 0 경기74아3241 3 36 222000137 277103306 52 
2020-12-08T08:05:44 0 0 경기74아3055 3 41 222000137 277102675 59 
2020-12-08T08:06:43 0 0 경기74아3241 3 36 222000137 277103306 52 
2020-12-08T08:06:43 0 0 경기74아3055 3 41 222000137 277102675 59 
2020-12-08T08:07:42 0 0 경기74아3241 3 36 222000137 277103306 52 
2020-12-08T08:07:42 0 0 경기74아3055 3 41 222000137 277102675 59 
2020-12-08T08:08:42 0 0 경기74아3241 3 36 222000137 277103306 52 
2020-12-08T08:08:42 0 0 경기74아3055 3 41 222000137 277102675 59 
2020-12-08T08:09:41 0 0 경기74아3241 3 36 222000137 277103306 52 
2020-12-08T08:09:41 0 0 경기74아3055 3 41 222000137 277102675 59 
2020-12-08T08:10:40 0 0 경기74아3241 3 36 222000137 277103306 52 
2020-12-08T08:10:40 0 0 경기74아3055 3 41 222000137 277103307 60 
2020-12-08T08:11:39 0 0 경기74아3241 3 36 222000137 277103306 52 
2020-12-08T08:11:39 0 0 경기74아3055 3 41 222000137 221000238 62 
2020-12-08T08:12:38 0 0 경기74아3241 3 36 222000137 277103306 52 
2020-12-08T08:12:38 0 0 경기74아3055 3 41 222000137 221000238 62 
2020-12-08T08:13:38 0 0 경기74아3241 3 36 222000137 277102674 53 
2020-12-08T08:13:38 0 0 경기74아3055 3 41 222000137 221000238 62 
2020-12-08T08:14:37 0 0 경기74아3241 3 36 222000137 277102674 53 
2020-12-08T08:14:37 0 0 경기74아3055 3 41 222000137 221000257 63 
2020-12-08T08:15:36 0 0 경기74아3241 3 36 222000137 277102674 53 
2020-12-08T08:15:36 0 0 경기74아3055 3 41 222000137 277103214 64 
2020-12-08T08:16:35 0 0 경기74아3241 3 36 222000137 277103309 54 
2020-12-08T08:16:35 0 0 경기74아3055 3 41 222000137 222001318 65 
2020-12-08T08:17:34 0 0 경기74아3241 3 36 222000137 277103309 54 
2020-12-08T08:17:34 0 0 경기74아3055 3 41 222000137 222001320 66 
2020-12-08T08:18:33 0 0 경기74아3241 3 36 222000137 277103309 54 
2020-12-08T08:18:33 0 0 경기74아3055 3 41 222000137 222001320 66 
2020-12-08T08:19:33 0 0 경기74아3241 3 36 222000137 277103309 54 
2020-12-08T08:19:33 0 0 경기74아3055 3 37 222000137 222001322 67 
2020-12-08T08:20:32 0 0 경기74아3241 3 36 222000137 277103309 54 
2020-12-08T08:20:32 0 0 경기74아3055 3 36 222000137 222000660 68 
2020-12-08T08:21:32 0 0 경기74아3241 3 36 222000137 277103308 55 
2020-12-08T08:21:32 0 0 경기74아3055 3 36 222000137 222000660 68 
2020-12-08T08:22:31 0 0 경기74아3241 3 36 222000137 277103308 55 
2020-12-08T08:22:31 0 0 경기74아3055 3 36 222000137 222000660 68 
2020-12-08T08:23:31 0 0 경기74아3241 3 36 222000137 277102302 56 
2020-12-08T08:23:31 0 0 경기74아3055 3 36 222000137 222000338 69 
2020-12-08T08:24:31 0 0 경기74아3241 3 36 222000137 277102302 56 
2020-12-08T08:24:31 0 0 경기74아3055 3 36 222000137 222000338 69 
2020-12-08T08:25:30 0 0 경기74아3241 3 36 222000137 277102302 56 
2020-12-08T08:25:30 0 0 경기74아3055 3 36 222000137 222000335 71 
2020-12-08T08:26:29 0 0 경기74아3241 3 36 222000137 277102302 56 
2020-12-08T08:26:29 0 0 경기74아3055 3 36 222000137 222000335 71 
2020-12-08T08:27:28 0 0 경기74아3241 3 36 222000137 277102302 56 
2020-12-08T08:27:28 0 0 경기74아3055 3 37 222000137 277101907 72 
2020-12-08T08:28:27 0 0 경기74아3241 3 36 222000137 277102302 56 
2020-12-08T08:28:27 0 0 경기74아3055 3 37 222000137 222001282 73 
2020-12-08T08:29:26 0 0 경기74아3241 3 36 222000137 277102302 56 
2020-12-08T08:29:26 0 0 경기74아3055 3 39 222000137 222001282 73 
2020-12-08T08:30:26 0 0 경기74아3241 3 36 222000137 123000611 57 
2020-12-08T08:30:26 0 0 경기74아3055 3 39 222000137 222001282 73 
2020-12-08T08:31:25 0 0 경기74아3241 3 36 222000137 123000611 57 
2020-12-08T08:31:25 0 0 경기74아3055 3 40 222000137 222000332 75 
2020-12-08T08:32:25 0 0 경기74아3241 3 36 222000137 123000611 57 
2020-12-08T08:32:25 0 0 경기74아3055 3 40 222000137 222000332 75 
2020-12-08T08:33:24 0 0 경기74아3241 3 36 222000137 123000611 57 
2020-12-08T08:33:24 0 0 경기74아3055 3 41 222000137 222000331 76 
2020-12-08T08:34:24 0 0 경기74아3241 3 36 222000137 123000611 57 
2020-12-08T08:34:24 0 0 경기74아3055 3 41 222000137 222000330 77 
2020-12-08T08:35:23 0 0 경기74아3241 3 36 222000137 123000611 57 
2020-12-08T08:35:23 0 0 경기74아3055 3 44 222000137 222000330 77 
2020-12-08T08:36:22 0 0 경기74아3241 3 36 222000137 123000611 57 
2020-12-08T08:36:22 0 0 경기74아3055 3 44 222000137 222000329 78 
2020-12-08T08:37:21 0 0 경기74아3241 3 36 222000137 123000611 57 
2020-12-08T08:37:21 0 0 경기74아3055 3 44 222000137 222000326 81 
2020-12-08T08:38:21 0 0 경기74아3241 3 43 222000137 123000611 57 
2020-12-08T08:38:21 0 0 경기74아3055 3 44 222000137 222000326 81 
2020-12-08T08:39:21 0 0 경기74아3241 3 43 222000137 123000611 57 
2020-12-08T08:39:21 0 0 경기74아3055 3 44 222000137 222000325 82 
2020-12-08T08:40:21 0 0 경기74아3241 3 43 222000137 123000611 57 
2020-12-08T08:40:21 0 0 경기74아3055 3 44 222000137 222001309 84 
2020-12-08T08:41:21 0 0 경기74아3241 3 43 222000137 123000611 57 
2020-12-08T08:41:21 0 0 경기74아3055 3 45 222000137 222001478 85 
2020-12-08T08:42:20 0 0 경기74아3241 3 43 222000137 123000611 57 
2020-12-08T08:42:20 0 0 경기74아3055 3 45 222000137 222000201 86 
2020-12-08T08:43:20 0 0 경기74아3241 3 43 222000137 123000611 57 
2020-12-08T08:43:20 0 0 경기74아3055 3 44 222000137 222000201 86 
2020-12-08T08:44:19 0 0 경기74아3241 3 43 222000137 123000611 57 
2020-12-08T08:44:19 0 0 경기74아3055 3 44 222000137 222000201 86 
2020-12-08T08:45:18 0 0 경기74아3241 3 43 222000137 123000611 57 
2020-12-08T08:45:18 0 0 경기74아3055 3 44 222000137 222000200 87 
2020-12-08T08:46:18 0 0 경기74아3241 3 43 222000137 123000611 57 
2020-12-08T08:46:18 0 0 경기74아3055 3 44 222000137 222000199 88 
2020-12-08T08:47:17 0 0 경기74아3241 3 43 222000137 123000611 57 
2020-12-08T08:47:17 0 0 경기74아3055 3 44 222000137 222000198 89 
2020-12-08T08:48:16 0 0 경기74아3241 3 43 222000137 123000611 57 
2020-12-08T08:48:16 0 0 경기74아3055 3 44 222000137 222000198 89 
2020-12-08T08:49:16 0 0 경기74아3241 3 43 222000137 123000611 57 
2020-12-08T08:49:16 0 0 경기74아3055 3 44 222000137 222000198 89 
2020-12-08T08:50:15 0 0 경기74아3241 3 43 222000137 123000611 57 
2020-12-08T08:50:15 0 0 경기74아3055 3 44 222000137 222000198 89 
2020-12-08T08:51:15 0 0 경기74아3241 3 43 222000137 123000611 57 
2020-12-08T08:51:15 0 0 경기74아3055 3 44 222000137 222000198 89 
2020-12-08T08:52:15 0 0 경기74아3241 3 43 222000137 277103310 58 
2020-12-08T08:52:15 0 0 경기74아3055 3 44 222000137 222000198 89 
2020-12-08T08:53:14 0 0 경기74아3241 3 43 222000137 277103310 58 
2020-12-08T08:53:14 0 0 경기74아3055 3 44 222000137 222000158 91 
2020-12-08T08:54:13 0 0 경기74아3241 3 43 222000137 277103310 58 
2020-12-08T08:54:13 0 0 경기74아3055 3 45 222000137 222001288 93 
2020-12-08T08:55:13 0 0 경기74아3241 3 43 222000137 277102675 59 
2020-12-08T08:55:13 0 0 경기74아3055 3 45 222000137 222001284 95 
2020-12-08T08:56:12 0 0 경기74아3241 3 43 222000137 277102675 59 
2020-12-08T08:56:12 0 0 경기74아3055 3 45 222000137 222001292 96 
2020-12-08T08:57:12 0 0 경기74아3241 3 43 222000137 277102675 59 
2020-12-08T08:57:12 0 0 경기74아3055 3 45 222000137 222001290 97 
2020-12-08T08:58:11 0 0 경기74아3241 3 43 222000137 277102675 59 
2020-12-08T08:58:11 0 0 경기74아3055 3 45 222000137 222001290 97 
2020-12-08T08:59:11 0 0 경기74아3241 3 43 222000137 277102675 59 
2020-12-08T08:59:11 0 0 경기74아3055 3 45 222000137 222001290 97 
2020-12-08T09:00:10 0 0 경기74아3241 3 43 222000137 277103307 60 
2020-12-08T09:00:10 0 0 경기74아3055 3 45 222000137 222000243 99 
2020-12-08T09:01:10 0 0 경기74아3241 3 43 222000137 277103307 60 
2020-12-08T09:01:10 0 0 경기74아3055 3 45 222000137 222000094 100 
2020-12-08T09:02:10 0 0 경기74아3241 3 43 222000137 277103313 61 
2020-12-08T09:02:10 0 0 경기74아3055 3 45 222000137 222000758 101 
2020-12-08T09:03:09 0 0 경기74아3241 3 43 222000137 221000238 62 
2020-12-08T09:03:09 0 0 경기74아3055 3 45 222000137 222000093 102 
2020-12-08T09:04:08 0 0 경기74아3241 3 43 222000137 221000238 62 
2020-12-08T09:04:08 0 0 경기74아3055 3 45 222000137 222000092 103 
2020-12-08T09:05:07 0 0 경기74아3241 3 43 222000137 221000238 62 
2020-12-08T09:06:07 0 0 경기74아3241 3 43 222000137 221000257 63 
2020-12-08T09:07:06 0 0 경기74아3241 3 44 222000137 277103214 64 
2020-12-08T09:08:06 0 0 경기74아3241 3 44 222000137 222001318 65 
2020-12-08T09:09:06 0 0 경기74아3241 3 44 222000137 222001318 65 
2020-12-08T09:10:05 0 0 경기74아3241 3 44 222000137 222001318 65 
2020-12-08T09:11:05 0 0 경기74아3241 3 44 222000137 222001320 66 
2020-12-08T09:12:05 0 0 경기74아3241 3 44 222000137 222001320 66 
2020-12-08T09:13:04 0 0 경기74아3241 3 44 222000137 222001320 66 
2020-12-08T09:14:03 0 0 경기74아3241 3 44 222000137 222001322 67 
2020-12-08T09:15:03 0 0 경기74아3241 3 44 222000137 222001322 67 
2020-12-08T09:16:03 0 0 경기74아3241 3 44 222000137 222000660 68 
2020-12-08T09:17:02 0 0 경기74아3241 3 44 222000137 222000338 69 
2020-12-08T09:18:01 0 0 경기74아3241 3 44 222000137 222000338 69 
2020-12-08T09:19:01 0 0 경기74아3241 3 44 222000137 222000336 70 
2020-12-08T09:20:00 0 0 경기74아3241 3 44 222000137 222000335 71 
2020-12-08T09:21:00 0 0 경기74아3241 3 44 222000137 277101907 72 
2020-12-08T09:22:00 0 0 경기74아3241 3 44 222000137 222000333 74 
2020-12-08T09:23:00 0 0 경기74아3241 3 44 222000137 222000332 75 
2020-12-08T09:23:59 0 0 경기74아3241 3 44 222000137 222000330 77 
2020-12-08T09:24:59 0 0 경기74아3241 3 44 222000137 222000330 77 
2020-12-08T09:25:58 0 0 경기74아3241 3 44 222000137 222000329 78 
2020-12-08T09:26:58 0 0 경기74아3241 3 44 222000137 222000328 79 
2020-12-08T09:27:59 0 0 경기74아3241 3 44 222000137 222000749 83 
2020-12-08T09:28:58 0 0 경기74아3241 3 44 222000137 222000749 83 
2020-12-08T09:29:57 0 0 경기74아3241 3 44 222000137 222001309 84 
2020-12-08T09:30:57 0 0 경기74아3241 3 43 222000137 222001309 84 
2020-12-08T09:31:56 0 0 경기74아3241 3 43 222000137 222000201 86 
2020-12-08T09:32:55 0 0 경기74아3241 3 44 222000137 222000201 86 
2020-12-08T09:33:55 0 0 경기74아3241 3 44 222000137 222000201 86 
2020-12-08T09:34:54 0 0 경기74아3241 3 45 222000137 222000199 88 
2020-12-08T09:35:54 0 0 경기74아3241 3 45 222000137 222000199 88 
2020-12-08T09:36:53 0 0 경기74아3241 3 45 222000137 222000198 89 
2020-12-08T09:37:52 0 0 경기74아3241 3 45 222000137 222000198 89 
2020-12-08T09:38:52 0 0 경기74아3241 3 45 222000137 222000198 89 
2020-12-08T09:39:51 0 0 경기74아3241 3 45 222000137 222000198 89 
2020-12-08T09:40:50 0 0 경기74아3241 3 45 222000137 222000158 91 
2020-12-08T09:41:50 0 0 경기74아3241 3 45 222000137 222001634 92 
2020-12-08T09:42:49 0 0 경기74아3241 3 45 222000137 222001284 95 
2020-12-08T09:43:48 0 0 경기74아3241 3 45 222000137 222001292 96 
2020-12-08T09:44:48 0 0 경기74아3241 3 45 222000137 222001290 97 
2020-12-08T09:45:47 0 0 경기74아3241 3 45 222000137 222001290 97 
2020-12-08T09:46:47 0 0 경기74아3241 3 45 222000137 222001290 97 
2020-12-08T09:47:46 0 0 경기74아3241 3 45 222000137 222000243 99 
2020-12-08T09:48:45 0 0 경기74아3241 3 45 222000137 222000094 100 
2020-12-08T09:49:45 0 0 경기74아3241 3 45 222000137 222000758 101 
2020-12-08T09:50:44 0 0 경기74아3241 3 45 222000137 222000092 103 
