222000137 2020-12-16T09:27:48.519958+09:00
2020-12-17T06:25:54 0 0 경기74아3233 3 45 222000137 222000098 2 
2020-12-17T06:26:54 0 0 경기74아3233 3 45 222000137 222000098 2 
2020-12-17T06:27:53 0 0 경기74아3233 3 45 222000137 222000757 3 
2020-12-17T06:28:53 0 0 경기74아3233 3 45 222000137 222000097 4 
2020-12-17T06:29:53 0 0 경기74아3233 3 45 222000137 222000096 5 
2020-12-17T06:30:52 0 0 경기74아3233 3 45 222000137 222000096 5 
2020-12-17T06:31:52 0 0 경기74아3233 3 45 222000137 222000095 6 
2020-12-17T06:32:52 0 0 경기74아3233 3 45 222000137 222000249 8 
2020-12-17T06:33:51 0 0 경기74아3233 3 45 222000137 222000249 8 
2020-12-17T06:34:50 0 0 경기74아3233 3 44 222000137 222001289 9 
2020-12-17T06:35:50 0 0 경기74아3233 3 44 222000137 222001289 9 
2020-12-17T06:36:49 0 0 경기74아3233 3 44 222000137 222001289 9 
2020-12-17T06:37:49 0 0 경기74아3233 3 44 222000137 222001283 11 
2020-12-17T06:38:49 0 0 경기74아3233 3 42 222000137 222001287 13 
2020-12-17T06:39:49 0 0 경기74아3233 3 41 222000137 222001635 14 
2020-12-17T06:40:48 0 0 경기74아3233 3 42 222000137 222000151 16 
2020-12-17T06:41:48 0 0 경기74아3233 3 42 222000137 222000191 18 
2020-12-17T06:42:48 0 0 경기74아3233 3 42 222000137 222000190 19 
2020-12-17T06:43:48 0 0 경기74아3233 3 39 222000137 222000189 20 
2020-12-17T06:44:47 0 0 경기74아3233 3 39 222000137 277102434 21 
2020-12-17T06:45:47 0 0 경기74아3233 3 39 222000137 277102434 21 
2020-12-17T06:46:47 0 0 경기74아3233 3 39 222000137 222000188 22 
2020-12-17T06:47:47 0 0 경기74아3233 3 37 222000137 222000188 22 
2020-12-17T06:48:46 0 0 경기74아3233 3 39 222000137 222000746 23 
2020-12-17T06:49:46 0 0 경기74아3233 3 40 222000137 222001310 24 
2020-12-17T06:50:45 0 0 경기74아3233 3 40 222000137 222000321 27 
2020-12-17T06:51:45 0 0 경기74아3233 3 39 222000137 222000320 28 
2020-12-17T06:52:44 0 0 경기74아3233 3 38 222000137 222000319 29 
2020-12-17T06:53:44 0 0 경기74아3233 3 38 222000137 277102476 31 
2020-12-17T06:54:43 0 0 경기74아3233 3 37 222000137 222000317 32 
2020-12-17T06:55:42 0 0 경기74아3233 3 37 222000137 222000315 33 
2020-12-17T06:56:42 0 0 경기74아3233 3 37 222000137 222000315 33 
2020-12-17T06:57:41 0 0 경기74아3233 3 37 222000137 222000396 34 
2020-12-17T06:58:40 0 0 경기74아3233 3 37 222000137 222000395 35 
2020-12-17T06:59:39 0 0 경기74아3233 3 32 222000137 222000393 37 
2020-12-17T07:00:38 0 0 경기74아3233 3 29 222000137 222000393 37 
2020-12-17T07:01:37 0 0 경기74아3233 3 29 222000137 222000392 38 
2020-12-17T07:01:37 0 0 경기74아3241 3 44 222000137 222000098 2 
2020-12-17T07:02:37 0 0 경기74아3233 3 29 222000137 222000390 40 
2020-12-17T07:02:37 0 0 경기74아3241 3 43 222000137 222000097 4 
2020-12-17T07:03:36 0 0 경기74아3241 3 43 222000137 222000096 5 
2020-12-17T07:03:36 0 0 경기74아3233 3 29 222000137 222000203 42 
2020-12-17T07:04:35 0 0 경기74아3233 3 29 222000137 222000203 42 
2020-12-17T07:04:35 0 0 경기74아3241 3 43 222000137 222001296 7 
2020-12-17T07:05:35 0 0 경기74아3233 3 29 222000137 222000203 42 
2020-12-17T07:05:35 0 0 경기74아3241 3 43 222000137 222001296 7 
2020-12-17T07:06:35 0 0 경기74아3241 3 43 222000137 222001296 7 
2020-12-17T07:06:35 0 0 경기74아3233 3 29 222000137 222000957 43 
2020-12-17T07:07:34 0 0 경기74아3233 3 29 222000137 222000957 43 
2020-12-17T07:07:34 0 0 경기74아3241 3 42 222000137 222000249 8 
2020-12-17T07:08:33 0 0 경기74아3233 3 29 222000137 222000957 43 
2020-12-17T07:08:33 0 0 경기74아3241 3 42 222000137 222000249 8 
2020-12-17T07:09:33 0 0 경기74아3241 3 42 222000137 222000249 8 
2020-12-17T07:09:33 0 0 경기74아3233 3 29 222000137 222001323 45 
2020-12-17T07:10:33 0 0 경기74아3233 3 30 222000137 222001323 45 
2020-12-17T07:10:33 0 0 경기74아3241 3 42 222000137 222000249 8 
2020-12-17T07:11:32 0 0 경기74아3241 3 42 222000137 222000249 8 
2020-12-17T07:11:32 0 0 경기74아3233 3 32 222000137 222001321 46 
2020-12-17T07:12:32 0 0 경기74아3233 3 32 222000137 222001321 46 
2020-12-17T07:12:32 0 0 경기74아3241 3 42 222000137 222001291 10 
2020-12-17T07:13:31 0 0 경기74아3233 3 30 222000137 222001321 46 
2020-12-17T07:13:31 0 0 경기74아3241 3 42 222000137 222001654 12 
2020-12-17T07:14:31 0 0 경기74아3241 3 42 222000137 222001635 14 
2020-12-17T07:14:31 0 0 경기74아3233 3 29 222000137 222001319 47 
2020-12-17T07:15:30 0 0 경기74아3233 3 29 222000137 277103213 48 
2020-12-17T07:15:30 0 0 경기74아3241 3 42 222000137 222001315 15 
2020-12-17T07:16:29 0 0 경기74아3233 3 29 222000137 277103213 48 
2020-12-17T07:16:29 0 0 경기74아3241 3 42 222000137 222000151 16 
2020-12-17T07:17:30 0 0 경기74아3241 3 41 222000137 222000192 17 
2020-12-17T07:17:30 0 0 경기74아3233 3 29 222000137 221000256 49 
2020-12-17T07:18:29 0 0 경기74아3233 3 29 222000137 221000256 49 
2020-12-17T07:18:29 0 0 경기74아3241 3 41 222000137 222000192 17 
2020-12-17T07:19:29 0 0 경기74아3241 3 40 222000137 222000191 18 
2020-12-17T07:19:29 0 0 경기74아3233 3 29 222000137 221000039 50 
2020-12-17T07:20:29 0 0 경기74아3241 3 40 222000137 222000189 20 
2020-12-17T07:20:29 0 0 경기74아3233 3 29 222000137 277100104 51 
2020-12-17T07:21:28 0 0 경기74아3241 3 39 222000137 222000189 20 
2020-12-17T07:21:28 0 0 경기74아3233 3 29 222000137 277100104 51 
2020-12-17T07:22:27 0 0 경기74아3233 3 29 222000137 277100104 51 
2020-12-17T07:22:27 0 0 경기74아3241 3 39 222000137 277102434 21 
2020-12-17T07:23:27 0 0 경기74아3241 3 39 222000137 277102434 21 
2020-12-17T07:23:27 0 0 경기74아3233 3 29 222000137 277103306 52 
2020-12-17T07:24:27 0 0 경기74아3233 3 29 222000137 277103306 52 
2020-12-17T07:24:27 0 0 경기74아3241 3 39 222000137 222000188 22 
2020-12-17T07:25:27 0 0 경기74아3233 3 29 222000137 277103306 52 
2020-12-17T07:25:27 0 0 경기74아3241 3 39 222000137 222000746 23 
2020-12-17T07:26:26 0 0 경기74아3233 3 29 222000137 277103306 52 
2020-12-17T07:26:26 0 0 경기74아3241 3 39 222000137 222001310 24 
2020-12-17T07:27:26 0 0 경기74아3233 3 29 222000137 277103306 52 
2020-12-17T07:27:26 0 0 경기74아3241 3 38 222000137 222001310 24 
2020-12-17T07:28:25 0 0 경기74아3233 3 29 222000137 277103306 52 
2020-12-17T07:28:25 0 0 경기74아3241 3 38 222000137 222000323 25 
2020-12-17T07:29:25 0 0 경기74아3241 3 38 222000137 222000322 26 
2020-12-17T07:29:25 0 0 경기74아3233 3 29 222000137 277103306 52 
2020-12-17T07:30:24 0 0 경기74아3233 3 29 222000137 277102674 53 
2020-12-17T07:30:24 0 0 경기74아3241 3 37 222000137 222000320 28 
2020-12-17T07:31:23 0 0 경기74아3233 3 29 222000137 277103309 54 
2020-12-17T07:31:23 0 0 경기74아3241 3 35 222000137 222000319 29 
2020-12-17T07:32:23 0 0 경기74아3233 3 29 222000137 277103309 54 
2020-12-17T07:32:23 0 0 경기74아3241 3 35 222000137 222000319 29 
2020-12-17T07:33:23 0 0 경기74아3233 3 29 222000137 277103309 54 
2020-12-17T07:33:23 0 0 경기74아3241 3 35 222000137 222000318 30 
2020-12-17T07:34:23 0 0 경기74아3233 3 29 222000137 277103309 54 
2020-12-17T07:34:23 0 0 경기74아3241 3 35 222000137 277102476 31 
2020-12-17T07:35:22 0 0 경기74아3233 3 29 222000137 277103308 55 
2020-12-17T07:35:22 0 0 경기74아3241 3 35 222000137 222000317 32 
2020-12-17T07:36:22 0 0 경기74아3241 3 35 222000137 222000315 33 
2020-12-17T07:36:22 0 0 경기74아3233 3 29 222000137 277103308 55 
2020-12-17T07:37:21 0 0 경기74아3241 3 35 222000137 222000315 33 
2020-12-17T07:37:21 0 0 경기74아3233 3 29 222000137 277102302 56 
2020-12-17T07:38:20 0 0 경기74아3241 3 35 222000137 222000315 33 
2020-12-17T07:38:20 0 0 경기74아3233 3 29 222000137 277102302 56 
2020-12-17T07:39:20 0 0 경기74아3233 3 29 222000137 277102302 56 
2020-12-17T07:39:20 0 0 경기74아3241 3 34 222000137 222000395 35 
2020-12-17T07:40:19 0 0 경기74아3233 3 29 222000137 123000611 57 
2020-12-17T07:40:19 0 0 경기74아3241 3 34 222000137 222000395 35 
2020-12-17T07:41:19 0 0 경기74아3233 3 29 222000137 123000611 57 
2020-12-17T07:41:19 0 0 경기74아3241 3 33 222000137 222000394 36 
2020-12-17T07:42:18 0 0 경기74아3233 3 29 222000137 123000611 57 
2020-12-17T07:42:18 0 0 경기74아3241 3 33 222000137 222000393 37 
2020-12-17T07:43:17 0 0 경기74아3233 3 29 222000137 123000611 57 
2020-12-17T07:43:17 0 0 경기74아3241 3 32 222000137 222000392 38 
2020-12-17T07:44:17 0 0 경기74아3233 3 29 222000137 123000611 57 
2020-12-17T07:44:17 0 0 경기74아3241 3 32 222000137 222000392 38 
2020-12-17T07:45:16 0 0 경기74아3233 3 29 222000137 123000611 57 
2020-12-17T07:45:16 0 0 경기74아3241 3 32 222000137 222000390 40 
2020-12-17T07:46:16 0 0 경기74아3233 3 29 222000137 123000611 57 
2020-12-17T07:46:16 0 0 경기74아3241 3 33 222000137 222000204 41 
2020-12-17T07:47:15 0 0 경기74아3233 3 29 222000137 123000611 57 
2020-12-17T07:47:15 0 0 경기74아3241 3 32 222000137 222000203 42 
2020-12-17T07:48:15 0 0 경기74아3233 3 29 222000137 123000611 57 
2020-12-17T07:48:15 0 0 경기74아3241 3 32 222000137 222000203 42 
2020-12-17T07:49:15 0 0 경기74아3233 3 29 222000137 123000611 57 
2020-12-17T07:49:15 0 0 경기74아3241 3 32 222000137 222000203 42 
2020-12-17T07:50:14 0 0 경기74아3233 3 41 222000137 123000611 57 
2020-12-17T07:50:14 0 0 경기74아3241 3 32 222000137 222000957 43 
2020-12-17T07:51:13 0 0 경기74아3241 3 32 222000137 222000957 43 
2020-12-17T07:51:13 0 0 경기74아3233 3 41 222000137 123000611 57 
2020-12-17T07:52:13 0 0 경기74아3233 3 41 222000137 123000611 57 
2020-12-17T07:52:13 0 0 경기74아3241 3 32 222000137 222000957 43 
2020-12-17T07:53:12 0 0 경기74아3233 3 41 222000137 277102675 59 
2020-12-17T07:53:12 0 0 경기74아3241 3 32 222000137 222001323 45 
2020-12-17T07:54:12 0 0 경기74아3233 3 41 222000137 277102675 59 
2020-12-17T07:54:12 0 0 경기74아3241 3 32 222000137 222001323 45 
2020-12-17T07:55:12 0 0 경기74아3233 3 41 222000137 277102675 59 
2020-12-17T07:55:12 0 0 경기74아3241 3 32 222000137 222001323 45 
2020-12-17T07:56:10 0 0 경기74아3241 3 34 222000137 222001321 46 
2020-12-17T07:56:10 0 0 경기74아3233 3 41 222000137 277103307 60 
2020-12-17T07:57:09 0 0 경기74아3241 3 34 222000137 222001321 46 
2020-12-17T07:57:09 0 0 경기74아3233 3 41 222000137 277103313 61 
2020-12-17T07:58:08 0 0 경기74아3233 3 41 222000137 221000238 62 
2020-12-17T07:58:08 0 0 경기74아3241 3 34 222000137 222001321 46 
2020-12-17T07:59:08 0 0 경기74아3241 3 34 222000137 222001319 47 
2020-12-17T07:59:08 0 0 경기74아3233 3 42 222000137 221000238 62 
2020-12-17T08:00:07 0 0 경기74아3241 3 32 222000137 222001319 47 
2020-12-17T08:00:07 0 0 경기74아3233 3 42 222000137 221000238 62 
2020-12-17T08:01:06 0 0 경기74아3241 3 32 222000137 222001319 47 
2020-12-17T08:01:06 0 0 경기74아3233 3 42 222000137 221000238 62 
2020-12-17T08:02:06 0 0 경기74아3241 3 32 222000137 222001319 47 
2020-12-17T08:02:06 0 0 경기74아3233 3 42 222000137 221000257 63 
2020-12-17T08:03:06 0 0 경기74아3241 3 32 222000137 277103213 48 
2020-12-17T08:03:06 0 0 경기74아3233 3 42 222000137 277103214 64 
2020-12-17T08:04:05 0 0 경기74아3233 3 41 222000137 222001318 65 
2020-12-17T08:04:05 0 0 경기74아3241 3 32 222000137 221000256 49 
2020-12-17T08:05:05 0 0 경기74아3233 3 41 222000137 222001318 65 
2020-12-17T08:05:05 0 0 경기74아3241 3 32 222000137 221000256 49 
2020-12-17T08:06:05 0 0 경기74아3233 3 41 222000137 222001320 66 
2020-12-17T08:06:05 0 0 경기74아3241 3 32 222000137 221000256 49 
2020-12-17T08:07:04 0 0 경기74아3233 3 41 222000137 222001320 66 
2020-12-17T08:07:04 0 0 경기74아3241 3 32 222000137 221000039 50 
2020-12-17T08:08:03 0 0 경기74아3241 3 32 222000137 221000039 50 
2020-12-17T08:08:03 0 0 경기74아3233 3 40 222000137 222001320 66 
2020-12-17T08:09:03 0 0 경기74아3241 3 32 222000137 277100104 51 
2020-12-17T08:09:03 0 0 경기74아3233 3 40 222000137 222000660 68 
2020-12-17T08:10:02 0 0 경기74아3241 3 32 222000137 277100104 51 
2020-12-17T08:10:02 0 0 경기74아3233 3 40 222000137 222000338 69 
2020-12-17T08:11:02 0 0 경기74아3241 3 32 222000137 277100104 51 
2020-12-17T08:11:02 0 0 경기74아3233 3 40 222000137 222000338 69 
2020-12-17T08:12:01 0 0 경기74아3233 3 40 222000137 222000338 69 
2020-12-17T08:12:01 0 0 경기74아3241 3 32 222000137 277103306 52 
2020-12-17T08:13:01 0 0 경기74아3241 3 32 222000137 277103306 52 
2020-12-17T08:13:01 0 0 경기74아3233 3 40 222000137 222000336 70 
2020-12-17T08:14:01 0 0 경기74아3233 3 41 222000137 222000335 71 
2020-12-17T08:14:01 0 0 경기74아3241 3 32 222000137 277103306 52 
2020-12-17T08:15:01 0 0 경기74아3241 3 32 222000137 277103306 52 
2020-12-17T08:15:01 0 0 경기74아3233 3 41 222000137 222001282 73 
2020-12-17T08:16:00 0 0 경기74아3241 3 32 222000137 277103306 52 
2020-12-17T08:16:00 0 0 경기74아3233 3 41 222000137 222000333 74 
2020-12-17T08:17:00 0 0 경기74아3233 3 41 222000137 222000333 74 
2020-12-17T08:17:00 0 0 경기74아3241 3 32 222000137 277102674 53 
2020-12-17T08:17:59 0 0 경기74아3241 3 32 222000137 277103309 54 
2020-12-17T08:17:59 0 0 경기74아3233 3 41 222000137 222000332 75 
2020-12-17T08:18:59 0 0 경기74아3241 3 32 222000137 277103309 54 
2020-12-17T08:18:59 0 0 경기74아3233 3 43 222000137 222000330 77 
2020-12-17T08:19:58 0 0 경기74아3241 3 32 222000137 277103309 54 
2020-12-17T08:19:58 0 0 경기74아3233 3 43 222000137 222000330 77 
2020-12-17T08:20:57 0 0 경기74아3241 3 32 222000137 277103308 55 
2020-12-17T08:20:57 0 0 경기74아3233 3 43 222000137 222000328 79 
2020-12-17T08:21:56 0 0 경기74아3241 3 32 222000137 277102302 56 
2020-12-17T08:21:56 0 0 경기74아3233 3 43 222000137 222000327 80 
2020-12-17T08:22:56 0 0 경기74아3241 3 32 222000137 277102302 56 
2020-12-17T08:22:56 0 0 경기74아3233 3 43 222000137 222000326 81 
2020-12-17T08:23:56 0 0 경기74아3241 3 32 222000137 277102302 56 
2020-12-17T08:23:56 0 0 경기74아3233 3 43 222000137 222000326 81 
2020-12-17T08:24:55 0 0 경기74아3241 3 32 222000137 277102302 56 
2020-12-17T08:24:55 0 0 경기74아3233 3 43 222000137 222000325 82 
2020-12-17T08:25:54 0 0 경기74아3241 3 32 222000137 277102302 56 
2020-12-17T08:25:54 0 0 경기74아3233 3 43 222000137 222000749 83 
2020-12-17T08:26:53 0 0 경기74아3233 3 43 222000137 222000749 83 
2020-12-17T08:26:53 0 0 경기74아3241 3 32 222000137 123000611 57 
2020-12-17T08:27:53 0 0 경기74아3241 3 32 222000137 123000611 57 
2020-12-17T08:27:53 0 0 경기74아3233 3 42 222000137 222001309 84 
2020-12-17T08:28:54 0 0 경기74아3241 3 32 222000137 123000611 57 
2020-12-17T08:28:54 0 0 경기74아3233 3 42 222000137 222001478 85 
2020-12-17T08:29:53 0 0 경기74아3241 3 32 222000137 123000611 57 
2020-12-17T08:29:53 0 0 경기74아3233 3 42 222000137 222000201 86 
2020-12-17T08:30:53 0 0 경기74아3241 3 32 222000137 123000611 57 
2020-12-17T08:30:53 0 0 경기74아3233 3 41 222000137 222000201 86 
2020-12-17T08:31:52 0 0 경기74아3241 3 32 222000137 123000611 57 
2020-12-17T08:31:52 0 0 경기74아3233 3 41 222000137 222000201 86 
2020-12-17T08:32:51 0 0 경기74아3241 3 32 222000137 123000611 57 
2020-12-17T08:32:51 0 0 경기74아3233 3 43 222000137 222000199 88 
2020-12-17T08:33:50 0 0 경기74아3241 3 32 222000137 123000611 57 
2020-12-17T08:33:50 0 0 경기74아3233 3 43 222000137 222000198 89 
2020-12-17T08:34:49 0 0 경기74아3233 3 43 222000137 222000198 89 
2020-12-17T08:34:49 0 0 경기74아3241 3 41 222000137 123000611 57 
2020-12-17T08:35:48 0 0 경기74아3233 3 43 222000137 222000198 89 
2020-12-17T08:35:48 0 0 경기74아3241 3 41 222000137 123000611 57 
2020-12-17T08:36:47 0 0 경기74아3233 3 43 222000137 222000198 89 
2020-12-17T08:36:47 0 0 경기74아3241 3 41 222000137 123000611 57 
2020-12-17T08:37:46 0 0 경기74아3241 3 41 222000137 277103310 58 
2020-12-17T08:37:46 0 0 경기74아3233 3 43 222000137 222000198 89 
2020-12-17T08:38:46 0 0 경기74아3241 3 41 222000137 277102675 59 
2020-12-17T08:38:46 0 0 경기74아3233 3 43 222000137 222000158 91 
2020-12-17T08:39:45 0 0 경기74아3241 3 41 222000137 277102675 59 
2020-12-17T08:39:45 0 0 경기74아3233 3 43 222000137 222001288 93 
2020-12-17T08:40:44 0 0 경기74아3233 3 43 222000137 222001284 95 
2020-12-17T08:40:44 0 0 경기74아3241 3 41 222000137 277102675 59 
2020-12-17T08:41:43 0 0 경기74아3233 3 44 222000137 222001292 96 
2020-12-17T08:41:43 0 0 경기74아3241 3 41 222000137 277103307 60 
2020-12-17T08:42:43 0 0 경기74아3233 3 44 222000137 222001290 97 
2020-12-17T08:42:43 0 0 경기74아3241 3 41 222000137 277103313 61 
2020-12-17T08:43:42 0 0 경기74아3233 3 44 222000137 222001290 97 
2020-12-17T08:43:42 0 0 경기74아3241 3 41 222000137 221000238 62 
2020-12-17T08:44:41 0 0 경기74아3233 3 44 222000137 222001290 97 
2020-12-17T08:44:41 0 0 경기74아3241 3 41 222000137 221000238 62 
2020-12-17T08:45:41 0 0 경기74아3233 3 44 222000137 222001051 98 
2020-12-17T08:45:41 0 0 경기74아3241 3 41 222000137 221000257 63 
2020-12-17T08:46:41 0 0 경기74아3241 3 41 222000137 221000257 63 
2020-12-17T08:46:41 0 0 경기74아3233 3 44 222000137 222000243 99 
2020-12-17T08:47:40 0 0 경기74아3233 3 44 222000137 222000243 99 
2020-12-17T08:47:40 0 0 경기74아3241 3 42 222000137 222001318 65 
2020-12-17T08:48:39 0 0 경기74아3241 3 42 222000137 222001318 65 
2020-12-17T08:48:39 0 0 경기74아3233 3 44 222000137 222000243 99 
2020-12-17T08:49:39 0 0 경기74아3233 3 44 222000137 222000094 100 
2020-12-17T08:49:39 0 0 경기74아3241 3 42 222000137 222001318 65 
2020-12-17T08:50:38 0 0 경기74아3241 3 42 222000137 222001320 66 
2020-12-17T08:50:38 0 0 경기74아3233 3 45 222000137 222000093 102 
2020-12-17T08:51:38 0 0 경기74아3241 3 42 222000137 222001320 66 
2020-12-17T08:51:38 0 0 경기74아3233 3 45 222000137 222000093 102 
2020-12-17T08:52:37 0 0 경기74아3241 3 41 222000137 222001320 66 
2020-12-17T08:53:36 0 0 경기74아3241 3 40 222000137 222000660 68 
2020-12-17T08:54:36 0 0 경기74아3241 3 40 222000137 222000660 68 
2020-12-17T08:55:36 0 0 경기74아3241 3 42 222000137 222000660 68 
2020-12-17T08:56:35 0 0 경기74아3241 3 42 222000137 222000338 69 
2020-12-17T08:57:34 0 0 경기74아3241 3 42 222000137 222000338 69 
2020-12-17T08:58:34 0 0 경기74아3241 3 42 222000137 222000335 71 
2020-12-17T08:59:33 0 0 경기74아3241 3 42 222000137 222001282 73 
2020-12-17T09:00:33 0 0 경기74아3241 3 42 222000137 222001282 73 
2020-12-17T09:01:33 0 0 경기74아3241 3 42 222000137 222001282 73 
2020-12-17T09:02:33 0 0 경기74아3241 3 42 222000137 222000332 75 
2020-12-17T09:03:33 0 0 경기74아3241 3 42 222000137 222000331 76 
2020-12-17T09:04:32 0 0 경기74아3241 3 42 222000137 222000330 77 
2020-12-17T09:05:31 0 0 경기74아3241 3 42 222000137 222000329 78 
2020-12-17T09:06:31 0 0 경기74아3241 3 43 222000137 222000327 80 
2020-12-17T09:07:30 0 0 경기74아3241 3 43 222000137 222000326 81 
2020-12-17T09:08:29 0 0 경기74아3241 3 43 222000137 222000326 81 
2020-12-17T09:09:29 0 0 경기74아3241 3 44 222000137 222000749 83 
2020-12-17T09:10:28 0 0 경기74아3241 3 45 222000137 222001309 84 
2020-12-17T09:11:28 0 0 경기74아3241 3 45 222000137 222001478 85 
2020-12-17T09:12:27 0 0 경기74아3241 3 45 222000137 222000201 86 
2020-12-17T09:13:26 0 0 경기74아3241 3 45 222000137 222000201 86 
2020-12-17T09:14:26 0 0 경기74아3241 3 45 222000137 222000201 86 
2020-12-17T09:15:25 0 0 경기74아3241 3 45 222000137 222000199 88 
2020-12-17T09:16:24 0 0 경기74아3241 3 45 222000137 222000198 89 
2020-12-17T09:17:24 0 0 경기74아3241 3 45 222000137 222000198 89 
2020-12-17T09:18:23 0 0 경기74아3241 3 45 222000137 222000159 90 
2020-12-17T09:19:22 0 0 경기74아3241 3 45 222000137 222001634 92 
2020-12-17T09:20:22 0 0 경기74아3241 3 44 222000137 222001653 94 
2020-12-17T09:21:21 0 0 경기74아3241 3 44 222000137 222001292 96 
2020-12-17T09:22:21 0 0 경기74아3241 3 44 222000137 222001290 97 
2020-12-17T09:23:21 0 0 경기74아3241 3 44 222000137 222001290 97 
2020-12-17T09:24:20 0 0 경기74아3241 3 44 222000137 222001290 97 
2020-12-17T09:25:21 0 0 경기74아3241 3 44 222000137 222001051 98 
2020-12-17T09:26:20 0 0 경기74아3241 3 45 222000137 222000094 100 
2020-12-17T09:27:20 0 0 경기74아3241 3 45 222000137 222000758 101 
2020-12-17T09:28:19 0 0 경기74아3241 3 45 222000137 222000093 102 
2020-12-17T09:29:18 0 0 경기74아3241 3 45 222000137 222000092 103 
