234000002 2020-12-08T00:00:42.176789+09:00
2020-12-08T13:17:24 0 0 경기77바1056 3 30 234000002 277103388 27 
2020-12-08T13:17:24 0 0 경기77바1247 3 42 234000002 206000185 65 
2020-12-08T13:17:24 0 0 경기77바3564 3 44 234000002 206000331 5 
2020-12-08T13:17:24 0 0 경기77바1114 3 45 234000002 206000171 80 
2020-12-08T13:17:24 0 0 경기77바3563 3 44 234000002 206000322 13 
2020-12-08T13:17:24 0 0 경기77바3547 3 42 234000002 277102114 44 
2020-12-08T13:17:24 0 0 경기77바1228 3 43 234000002 277103387 53 
2020-12-08T13:17:24 0 0 경기77바3519 3 45 234000002 206000181 69 
2020-12-08T13:17:24 0 0 경기77바3565 3 42 234000002 100000169 37 
2020-12-08T13:17:24 0 0 경기77바3541 3 39 234000002 206000530 20 
