232000072 2020-12-02T00:00:29.587690+09:00
2020-12-02T14:23:36.134426+09:00 0 0 경기79바1425 3 37 232000072 232000753 61 
2020-12-02T14:23:36.224433+09:00 0 0 경기79바1425 3 37 232000072 232000753 61 
2020-12-02T14:24:36.368504+09:00 0 0 경기79바1425 3 37 232000072 232000753 61 
2020-12-02T14:24:36.458516+09:00 0 0 경기79바1425 3 37 232000072 232000753 61 
2020-12-02T14:25:35.452572+09:00 0 0 경기79바1425 3 38 232000072 232000754 62 
2020-12-02T14:25:35.542826+09:00 0 0 경기79바1425 3 38 232000072 232000754 62 
2020-12-02T14:26:35.156731+09:00 0 0 경기79바1425 3 38 232000072 232000754 62 
2020-12-02T14:26:35.246695+09:00 0 0 경기79바1425 3 38 232000072 232000754 62 
2020-12-02T14:27:34.940674+09:00 0 0 경기79바1425 3 38 232000072 232000683 63 
2020-12-02T14:27:35.040831+09:00 0 0 경기79바1425 3 38 232000072 232000683 63 
2020-12-02T14:28:34.644872+09:00 0 0 경기79바1425 3 39 232000072 232000838 64 
2020-12-02T14:28:34.734888+09:00 0 0 경기79바1425 3 39 232000072 232000838 64 
2020-12-02T14:29:33.568946+09:00 0 0 경기79바1425 3 39 232000072 232000838 64 
2020-12-02T14:29:33.618871+09:00 0 0 경기79바1425 3 39 232000072 232000838 64 
2020-12-02T14:30:33.013086+09:00 0 0 경기79바1425 3 39 232000072 232000838 64 
2020-12-02T14:30:33.113142+09:00 0 0 경기79바1425 3 39 232000072 232000838 64 
2020-12-02T14:31:32.377339+09:00 0 0 경기79바1425 3 39 232000072 232000681 65 
2020-12-02T14:31:32.467130+09:00 0 0 경기79바1425 3 39 232000072 232000681 65 
2020-12-02T14:32:32.001243+09:00 0 0 경기79바1425 3 39 232000072 232000681 65 
2020-12-02T14:32:32.101259+09:00 0 0 경기79바1425 3 39 232000072 232000681 65 
2020-12-02T14:33:31.775253+09:00 0 0 경기79바1425 3 39 232000072 232000681 65 
2020-12-02T14:33:31.865317+09:00 0 0 경기79바1425 3 39 232000072 232000681 65 
2020-12-02T14:34:31.779585+09:00 0 0 경기79바1425 3 39 232000072 232000681 65 
2020-12-02T14:34:31.869521+09:00 0 0 경기79바1425 3 39 232000072 232000681 65 
2020-12-02T14:35:31.133553+09:00 0 0 경기79바1425 3 39 232000072 232000594 66 
2020-12-02T14:35:31.213579+09:00 0 0 경기79바1425 3 39 232000072 232000594 66 
2020-12-02T14:36:31.047607+09:00 0 0 경기79바1425 3 39 232000072 232000553 67 
2020-12-02T14:36:31.147604+09:00 0 0 경기79바1425 3 39 232000072 232000553 67 
2020-12-02T14:37:30.841810+09:00 0 0 경기79바1425 3 39 232000072 232000541 68 
2020-12-02T14:37:30.931780+09:00 0 0 경기79바1425 3 39 232000072 232000541 68 
2020-12-02T14:38:30.355803+09:00 0 0 경기79바1425 3 40 232000072 232000708 69 
2020-12-02T14:38:30.445846+09:00 0 0 경기79바1425 3 40 232000072 232000708 69 
2020-12-02T14:39:29.969822+09:00 0 0 경기79바1425 3 40 232000072 232000708 69 
2020-12-02T14:39:30.059947+09:00 0 0 경기79바1425 3 40 232000072 232000708 69 
2020-12-02T14:40:29.654135+09:00 0 0 경기79바1425 3 40 232000072 232000723 70 
2020-12-02T14:40:29.744065+09:00 0 0 경기79바1425 3 40 232000072 232000723 70 
2020-12-02T14:41:29.548161+09:00 0 0 경기79바1425 3 40 232000072 232000781 71 
2020-12-02T14:41:29.638374+09:00 0 0 경기79바1425 3 40 232000072 232000781 71 
2020-12-02T14:42:29.162394+09:00 0 0 경기79바1425 3 40 232000072 232000742 72 
2020-12-02T14:42:29.252441+09:00 0 0 경기79바1425 3 40 232000072 232000742 72 
2020-12-02T14:43:29.026657+09:00 0 0 경기79바1425 3 40 232000072 232000742 72 
2020-12-02T14:43:29.116714+09:00 0 0 경기79바1425 3 40 232000072 232000742 72 
2020-12-02T14:44:27.980858+09:00 0 0 경기79바1425 3 40 232000072 232000767 73 
2020-12-02T14:44:28.070825+09:00 0 0 경기79바1425 3 40 232000072 232000767 73 
2020-12-02T14:45:27.565136+09:00 0 0 경기79바1425 3 40 232000072 277102733 74 
2020-12-02T14:45:27.611669+09:00 0 0 경기79바1425 3 40 232000072 277102733 74 
2020-12-02T14:46:27.199446+09:00 0 0 경기79바1425 3 40 232000072 277102733 74 
2020-12-02T14:46:27.289467+09:00 0 0 경기79바1425 3 40 232000072 277102733 74 
2020-12-02T14:47:27.073433+09:00 0 0 경기79바1425 3 40 232000072 277102733 74 
2020-12-02T14:47:27.163456+09:00 0 0 경기79바1425 3 40 232000072 277102733 74 
2020-12-02T14:48:26.867667+09:00 0 0 경기79바1425 3 40 232000072 277102733 74 
2020-12-02T14:48:26.957577+09:00 0 0 경기79바1425 3 40 232000072 277102733 74 
2020-12-02T14:49:26.311808+09:00 0 0 경기79바1425 3 40 232000072 277102733 74 
2020-12-02T14:49:26.401844+09:00 0 0 경기79바1425 3 40 232000072 277102733 74 
2020-12-02T14:50:25.945845+09:00 0 0 경기79바1640 3 40 232000072 277102182 2 
2020-12-02T14:50:25.945895+09:00 0 0 경기79바1425 3 40 232000072 277102733 74 
2020-12-02T14:50:26.026109+09:00 0 0 경기79바1640 3 40 232000072 277102182 2 
2020-12-02T14:50:26.026170+09:00 0 0 경기79바1425 3 40 232000072 277102733 74 
2020-12-02T14:51:25.740127+09:00 0 0 경기79바1640 3 40 232000072 277102182 2 
2020-12-02T14:51:25.740193+09:00 0 0 경기79바1425 3 40 232000072 277102733 74 
2020-12-02T14:51:25.830149+09:00 0 0 경기79바1640 3 40 232000072 277102182 2 
2020-12-02T14:51:25.830212+09:00 0 0 경기79바1425 3 40 232000072 277102733 74 
2020-12-02T14:52:24.764212+09:00 0 0 경기79바1640 3 40 232000072 277102182 2 
2020-12-02T14:52:24.764277+09:00 0 0 경기79바1425 3 40 232000072 277102733 74 
2020-12-02T14:52:24.854246+09:00 0 0 경기79바1640 3 40 232000072 277102182 2 
2020-12-02T14:52:24.854328+09:00 0 0 경기79바1425 3 40 232000072 277102733 74 
2020-12-02T14:53:24.718335+09:00 0 0 경기79바1640 3 40 232000072 277102732 3 
2020-12-02T14:53:24.718398+09:00 0 0 경기79바1425 3 40 232000072 277102733 74 
2020-12-02T14:53:25.011544+09:00 0 0 경기79바1640 3 40 232000072 277102732 3 
2020-12-02T14:53:25.011601+09:00 0 0 경기79바1425 3 40 232000072 277102733 74 
2020-12-02T14:54:28.702820+09:00 0 0 경기79바1640 3 40 232000072 277102732 3 
2020-12-02T14:54:28.702880+09:00 0 0 경기79바1425 3 40 232000072 277102733 74 
2020-12-02T14:54:28.722698+09:00 0 0 경기79바1640 3 40 232000072 277102732 3 
2020-12-02T14:54:28.722738+09:00 0 0 경기79바1425 3 40 232000072 277102733 74 
2020-12-02T14:55:23.266623+09:00 0 0 경기79바1640 3 40 232000072 277102732 3 
2020-12-02T14:55:23.266686+09:00 0 0 경기79바1425 3 40 232000072 277102733 74 
2020-12-02T14:55:23.356621+09:00 0 0 경기79바1640 3 40 232000072 277102732 3 
2020-12-02T14:55:23.356683+09:00 0 0 경기79바1425 3 40 232000072 277102733 74 
2020-12-02T14:56:23.320821+09:00 0 0 경기79바1640 3 40 232000072 277102732 3 
2020-12-02T14:56:23.320883+09:00 0 0 경기79바1425 3 40 232000072 277102733 74 
2020-12-02T14:56:23.410901+09:00 0 0 경기79바1640 3 40 232000072 277102732 3 
2020-12-02T14:56:23.410968+09:00 0 0 경기79바1425 3 40 232000072 277102733 74 
2020-12-02T14:57:23.465097+09:00 0 0 경기79바1640 3 40 232000072 277102732 3 
2020-12-02T14:57:23.465162+09:00 0 0 경기79바1425 3 40 232000072 277102733 74 
2020-12-02T14:57:23.555081+09:00 0 0 경기79바1640 3 40 232000072 277102732 3 
2020-12-02T14:57:23.555145+09:00 0 0 경기79바1425 3 40 232000072 277102733 74 
2020-12-02T14:58:22.399161+09:00 0 0 경기79바1640 3 40 232000072 277102732 3 
2020-12-02T14:58:22.399228+09:00 0 0 경기79바1425 3 40 232000072 277102733 74 
2020-12-02T14:58:22.489208+09:00 0 0 경기79바1640 3 40 232000072 277102732 3 
2020-12-02T14:58:22.489271+09:00 0 0 경기79바1425 3 40 232000072 277102733 74 
2020-12-02T14:59:22.653344+09:00 0 0 경기79바1640 3 40 232000072 277102732 3 
2020-12-02T14:59:22.653408+09:00 0 0 경기79바1425 3 40 232000072 277102733 74 
2020-12-02T14:59:22.743324+09:00 0 0 경기79바1640 3 40 232000072 277102732 3 
2020-12-02T14:59:22.743388+09:00 0 0 경기79바1425 3 40 232000072 277102733 74 
2020-12-02T15:00:21.647432+09:00 0 0 경기79바1640 3 40 232000072 277102732 3 
2020-12-02T15:00:21.647511+09:00 0 0 경기79바1425 3 40 232000072 277102733 74 
2020-12-02T15:00:21.970901+09:00 0 0 경기79바1640 3 40 232000072 277102732 3 
2020-12-02T15:00:21.970959+09:00 0 0 경기79바1425 3 40 232000072 277102733 74 
2020-12-02T15:01:21.041599+09:00 0 0 경기79바1640 3 40 232000072 277102733 74 
2020-12-02T15:01:21.131481+09:00 0 0 경기79바1640 3 40 232000072 277102733 74 
2020-12-02T15:02:20.955700+09:00 0 0 경기79바1640 3 40 232000072 277102733 74 
2020-12-02T15:02:21.045652+09:00 0 0 경기79바1640 3 40 232000072 277102733 74 
2020-12-02T15:03:20.499810+09:00 0 0 경기79바1640 3 40 232000072 277102733 74 
2020-12-02T15:03:20.549763+09:00 0 0 경기79바1640 3 40 232000072 277102733 74 
2020-12-02T15:04:19.783904+09:00 0 0 경기79바1640 3 40 232000072 277102733 74 
2020-12-02T15:04:19.874070+09:00 0 0 경기79바1640 3 40 232000072 277102733 74 
2020-12-02T15:05:19.457991+09:00 0 0 경기79바1640 3 40 232000072 277102733 74 
2020-12-02T15:05:19.528073+09:00 0 0 경기79바1640 3 40 232000072 277102733 74 
2020-12-02T15:17:15.487616+09:00 0 0 경기79바1638 3 45 232000072 277102182 2 
2020-12-02T15:17:15.577542+09:00 0 0 경기79바1638 3 45 232000072 277102182 2 
2020-12-02T15:18:15.241738+09:00 0 0 경기79바1638 3 45 232000072 277102732 3 
2020-12-02T15:18:15.321735+09:00 0 0 경기79바1638 3 45 232000072 277102732 3 
2020-12-02T15:19:15.195825+09:00 0 0 경기79바1638 3 45 232000072 277102732 3 
2020-12-02T15:19:15.285780+09:00 0 0 경기79바1638 3 45 232000072 277102732 3 
2020-12-02T15:20:13.879920+09:00 0 0 경기79바1638 3 45 232000072 277102732 3 
2020-12-02T15:20:13.959828+09:00 0 0 경기79바1638 3 45 232000072 277102732 3 
2020-12-02T15:21:13.523912+09:00 0 0 경기79바1638 3 45 232000072 277102732 3 
2020-12-02T15:21:13.553891+09:00 0 0 경기79바1638 3 45 232000072 277102732 3 
2020-12-02T15:22:13.288044+09:00 0 0 경기79바1638 3 45 232000072 232000741 6 
2020-12-02T15:22:13.378022+09:00 0 0 경기79바1638 3 45 232000072 232000741 6 
2020-12-02T15:23:13.272234+09:00 0 0 경기79바1638 3 45 232000072 232000777 7 
2020-12-02T15:23:13.342172+09:00 0 0 경기79바1638 3 45 232000072 232000777 7 
2020-12-02T15:24:13.096332+09:00 0 0 경기79바1638 3 45 232000072 232000777 7 
2020-12-02T15:24:13.186306+09:00 0 0 경기79바1638 3 45 232000072 232000777 7 
2020-12-02T15:25:12.780452+09:00 0 0 경기79바1638 3 45 232000072 232000777 7 
2020-12-02T15:25:12.870607+09:00 0 0 경기79바1638 3 45 232000072 232000777 7 
2020-12-02T15:26:12.734620+09:00 0 0 경기79바1638 3 45 232000072 232000722 8 
2020-12-02T15:26:12.764571+09:00 0 0 경기79바1638 3 45 232000072 232000722 8 
2020-12-02T15:27:11.288613+09:00 0 0 경기79바1638 3 45 232000072 232000722 8 
2020-12-02T15:27:11.308543+09:00 0 0 경기79바1638 3 45 232000072 232000722 8 
2020-12-02T15:28:11.243400+09:00 0 0 경기79바1638 3 45 232000072 232000722 8 
2020-12-02T15:28:11.332847+09:00 0 0 경기79바1638 3 45 232000072 232000722 8 
2020-12-02T15:29:10.176875+09:00 0 0 경기79바1638 3 45 232000072 232000709 9 
2020-12-02T15:29:10.266895+09:00 0 0 경기79바1638 3 45 232000072 232000709 9 
2020-12-02T15:30:10.251399+09:00 0 0 경기79바1638 3 45 232000072 232000540 10 
2020-12-02T15:30:10.341125+09:00 0 0 경기79바1638 3 45 232000072 232000540 10 
2020-12-02T15:31:09.205118+09:00 0 0 경기79바1638 3 45 232000072 232000554 11 
2020-12-02T15:31:09.295141+09:00 0 0 경기79바1638 3 45 232000072 232000554 11 
2020-12-02T15:32:09.269196+09:00 0 0 경기79바1638 3 45 232000072 232000554 11 
2020-12-02T15:32:09.359231+09:00 0 0 경기79바1638 3 45 232000072 232000554 11 
2020-12-02T15:33:08.023305+09:00 0 0 경기79바1638 3 45 232000072 232000577 12 
2020-12-02T15:33:08.113292+09:00 0 0 경기79바1638 3 45 232000072 232000577 12 
2020-12-02T15:34:07.937486+09:00 0 0 경기79바1638 3 45 232000072 232000577 12 
2020-12-02T15:34:07.997696+09:00 0 0 경기79바1638 3 45 232000072 232000577 12 
2020-12-02T15:35:07.711535+09:00 0 0 경기79바1638 3 45 232000072 232000577 12 
2020-12-02T15:35:07.751696+09:00 0 0 경기79바1638 3 45 232000072 232000577 12 
2020-12-02T15:36:07.396074+09:00 0 0 경기79바1638 3 45 232000072 232000682 13 
2020-12-02T15:36:07.425670+09:00 0 0 경기79바1638 3 45 232000072 232000682 13 
2020-12-02T15:37:07.029854+09:00 0 0 경기79바1638 3 45 232000072 232000682 13 
2020-12-02T15:37:07.099871+09:00 0 0 경기79바1638 3 45 232000072 232000682 13 
2020-12-02T15:38:06.544001+09:00 0 0 경기79바1638 3 45 232000072 232000682 13 
2020-12-02T15:38:06.544067+09:00 0 0 경기79바1425 3 40 232000072 277102732 3 
2020-12-02T15:38:06.634735+09:00 0 0 경기79바1638 3 45 232000072 232000682 13 
2020-12-02T15:38:06.634798+09:00 0 0 경기79바1425 3 40 232000072 277102732 3 
2020-12-02T15:39:06.568043+09:00 0 0 경기79바1638 3 45 232000072 232000684 15 
2020-12-02T15:39:06.568105+09:00 0 0 경기79바1425 3 40 232000072 277102732 3 
2020-12-02T15:39:06.658191+09:00 0 0 경기79바1638 3 45 232000072 232000684 15 
2020-12-02T15:39:06.658262+09:00 0 0 경기79바1425 3 40 232000072 277102732 3 
2020-12-02T15:40:05.422194+09:00 0 0 경기79바1638 3 45 232000072 232000684 15 
2020-12-02T15:40:05.422256+09:00 0 0 경기79바1425 3 40 232000072 232000718 4 
2020-12-02T15:40:05.512111+09:00 0 0 경기79바1638 3 45 232000072 232000684 15 
2020-12-02T15:40:05.512172+09:00 0 0 경기79바1425 3 40 232000072 232000718 4 
2020-12-02T15:41:04.916312+09:00 0 0 경기79바1638 3 45 232000072 232000684 15 
2020-12-02T15:41:04.916373+09:00 0 0 경기79바1425 3 40 232000072 232000741 6 
2020-12-02T15:41:05.006317+09:00 0 0 경기79바1638 3 45 232000072 232000684 15 
2020-12-02T15:41:05.006381+09:00 0 0 경기79바1425 3 40 232000072 232000741 6 
2020-12-02T15:42:04.610417+09:00 0 0 경기79바1638 3 45 232000072 232000755 16 
2020-12-02T15:42:04.610479+09:00 0 0 경기79바1425 3 40 232000072 232000777 7 
2020-12-02T15:42:04.700462+09:00 0 0 경기79바1638 3 45 232000072 232000755 16 
2020-12-02T15:42:04.700524+09:00 0 0 경기79바1425 3 40 232000072 232000777 7 
2020-12-02T15:43:04.384478+09:00 0 0 경기79바1638 3 44 232000072 232000756 17 
2020-12-02T15:43:04.384539+09:00 0 0 경기79바1425 3 40 232000072 232000777 7 
2020-12-02T15:43:04.474526+09:00 0 0 경기79바1638 3 44 232000072 232000756 17 
2020-12-02T15:43:04.474587+09:00 0 0 경기79바1425 3 40 232000072 232000777 7 
2020-12-02T15:44:04.148606+09:00 0 0 경기79바1638 3 44 232000072 232000756 17 
2020-12-02T15:44:04.148668+09:00 0 0 경기79바1425 3 40 232000072 232000777 7 
2020-12-02T15:44:04.238704+09:00 0 0 경기79바1638 3 44 232000072 232000756 17 
2020-12-02T15:44:04.238767+09:00 0 0 경기79바1425 3 40 232000072 232000777 7 
2020-12-02T15:45:04.002830+09:00 0 0 경기79바1638 3 44 232000072 232000758 18 
2020-12-02T15:45:04.002894+09:00 0 0 경기79바1425 3 40 232000072 232000777 7 
2020-12-02T15:45:04.092805+09:00 0 0 경기79바1638 3 44 232000072 232000758 18 
2020-12-02T15:45:04.092868+09:00 0 0 경기79바1425 3 40 232000072 232000777 7 
2020-12-02T15:46:03.716830+09:00 0 0 경기79바1638 3 44 232000072 232000758 18 
2020-12-02T15:46:03.716887+09:00 0 0 경기79바1425 3 40 232000072 232000777 7 
2020-12-02T15:46:03.806945+09:00 0 0 경기79바1638 3 44 232000072 232000758 18 
2020-12-02T15:46:03.807006+09:00 0 0 경기79바1425 3 40 232000072 232000777 7 
2020-12-02T15:47:03.501021+09:00 0 0 경기79바1638 3 44 232000072 232000758 18 
2020-12-02T15:47:03.501123+09:00 0 0 경기79바1425 3 40 232000072 232000722 8 
2020-12-02T15:47:03.590972+09:00 0 0 경기79바1638 3 44 232000072 232000758 18 
2020-12-02T15:47:03.591034+09:00 0 0 경기79바1425 3 40 232000072 232000722 8 
2020-12-02T15:48:03.385179+09:00 0 0 경기79바1638 3 44 232000072 232000734 20 
2020-12-02T15:48:03.385243+09:00 0 0 경기79바1425 3 40 232000072 232000722 8 
2020-12-02T15:48:03.475114+09:00 0 0 경기79바1638 3 44 232000072 232000734 20 
2020-12-02T15:48:03.475178+09:00 0 0 경기79바1425 3 40 232000072 232000722 8 
2020-12-02T15:49:03.169258+09:00 0 0 경기79바1638 3 43 232000072 232000734 20 
2020-12-02T15:49:03.169321+09:00 0 0 경기79바1425 3 40 232000072 232000722 8 
2020-12-02T15:49:03.239388+09:00 0 0 경기79바1638 3 43 232000072 232000734 20 
2020-12-02T15:49:03.239450+09:00 0 0 경기79바1425 3 40 232000072 232000722 8 
2020-12-02T15:50:02.803258+09:00 0 0 경기79바1638 3 43 232000072 277102331 22 
2020-12-02T15:50:02.803322+09:00 0 0 경기79바1425 3 40 232000072 232000709 9 
2020-12-02T15:50:02.893260+09:00 0 0 경기79바1638 3 43 232000072 277102331 22 
2020-12-02T15:50:02.893322+09:00 0 0 경기79바1425 3 40 232000072 232000709 9 
2020-12-02T15:51:02.587234+09:00 0 0 경기79바1638 3 43 232000072 277102331 22 
2020-12-02T15:51:02.587297+09:00 0 0 경기79바1425 3 40 232000072 232000540 10 
2020-12-02T15:51:02.627504+09:00 0 0 경기79바1638 3 43 232000072 277102331 22 
2020-12-02T15:51:02.627566+09:00 0 0 경기79바1425 3 40 232000072 232000540 10 
2020-12-02T15:52:02.141318+09:00 0 0 경기79바1638 3 43 232000072 277102331 22 
2020-12-02T15:52:02.141380+09:00 0 0 경기79바1425 3 40 232000072 232000540 10 
2020-12-02T15:52:02.231324+09:00 0 0 경기79바1638 3 43 232000072 277102331 22 
2020-12-02T15:52:02.231387+09:00 0 0 경기79바1425 3 40 232000072 232000540 10 
2020-12-02T15:53:02.135703+09:00 0 0 경기79바1638 3 43 232000072 277102735 23 
2020-12-02T15:53:02.135765+09:00 0 0 경기79바1425 3 40 232000072 232000554 11 
2020-12-02T15:53:02.155201+09:00 0 0 경기79바1638 3 43 232000072 277102735 23 
2020-12-02T15:53:02.155255+09:00 0 0 경기79바1425 3 40 232000072 232000554 11 
2020-12-02T15:54:01.779340+09:00 0 0 경기79바1638 3 43 232000072 277102735 23 
2020-12-02T15:54:01.779404+09:00 0 0 경기79바1425 3 40 232000072 232000554 11 
2020-12-02T15:54:01.869338+09:00 0 0 경기79바1638 3 43 232000072 277102735 23 
2020-12-02T15:54:01.869401+09:00 0 0 경기79바1425 3 40 232000072 232000554 11 
2020-12-02T15:55:01.403400+09:00 0 0 경기79바1638 3 43 232000072 277102735 23 
2020-12-02T15:55:01.403464+09:00 0 0 경기79바1425 3 38 232000072 232000577 12 
2020-12-02T15:55:01.493363+09:00 0 0 경기79바1638 3 43 232000072 277102735 23 
2020-12-02T15:55:01.493429+09:00 0 0 경기79바1425 3 38 232000072 232000577 12 
2020-12-02T15:56:01.237443+09:00 0 0 경기79바1638 3 43 232000072 277102735 23 
2020-12-02T15:56:01.237509+09:00 0 0 경기79바1425 3 38 232000072 232000577 12 
2020-12-02T15:56:01.327437+09:00 0 0 경기79바1638 3 43 232000072 277102735 23 
2020-12-02T15:56:01.327500+09:00 0 0 경기79바1425 3 38 232000072 232000577 12 
2020-12-02T15:57:00.971413+09:00 0 0 경기79바1638 3 43 232000072 277102737 24 
2020-12-02T15:57:00.971476+09:00 0 0 경기79바1425 3 38 232000072 232000682 13 
2020-12-02T15:57:01.071491+09:00 0 0 경기79바1638 3 43 232000072 277102737 24 
2020-12-02T15:57:01.071555+09:00 0 0 경기79바1425 3 38 232000072 232000682 13 
2020-12-02T15:58:00.845531+09:00 0 0 경기79바1638 3 43 232000072 277102737 24 
2020-12-02T15:58:00.845592+09:00 0 0 경기79바1425 3 38 232000072 232000682 13 
2020-12-02T15:58:00.935622+09:00 0 0 경기79바1638 3 43 232000072 277102737 24 
2020-12-02T15:58:00.935685+09:00 0 0 경기79바1425 3 38 232000072 232000682 13 
2020-12-02T15:59:00.750896+09:00 0 0 경기79바1638 3 43 232000072 277102737 24 
2020-12-02T15:59:00.750969+09:00 0 0 경기79바1425 3 38 232000072 232000682 13 
2020-12-02T15:59:00.849635+09:00 0 0 경기79바1638 3 43 232000072 277102737 24 
2020-12-02T15:59:00.849698+09:00 0 0 경기79바1425 3 38 232000072 232000682 13 
2020-12-02T16:00:00.453690+09:00 0 0 경기79바1638 3 43 232000072 277102737 24 
2020-12-02T16:00:00.453753+09:00 0 0 경기79바1425 3 38 232000072 232000837 14 
2020-12-02T16:00:00.553368+09:00 0 0 경기79바1638 3 43 232000072 277102737 24 
2020-12-02T16:00:00.553432+09:00 0 0 경기79바1425 3 38 232000072 232000837 14 
2020-12-02T16:01:00.067839+09:00 0 0 경기79바1638 3 43 232000072 277101769 25 
2020-12-02T16:01:00.067905+09:00 0 0 경기79바1425 3 36 232000072 232000684 15 
2020-12-02T16:01:00.157778+09:00 0 0 경기79바1638 3 43 232000072 277101769 25 
2020-12-02T16:01:00.157841+09:00 0 0 경기79바1425 3 36 232000072 232000684 15 
2020-12-02T16:01:59.861766+09:00 0 0 경기79바1638 3 43 232000072 277101769 25 
2020-12-02T16:01:59.861828+09:00 0 0 경기79바1425 3 36 232000072 232000684 15 
2020-12-02T16:01:59.951812+09:00 0 0 경기79바1638 3 43 232000072 277101769 25 
2020-12-02T16:01:59.951883+09:00 0 0 경기79바1425 3 36 232000072 232000684 15 
2020-12-02T16:02:59.415829+09:00 0 0 경기79바1638 3 43 232000072 277101769 25 
2020-12-02T16:02:59.415892+09:00 0 0 경기79바1425 3 36 232000072 232000684 15 
2020-12-02T16:02:59.505977+09:00 0 0 경기79바1638 3 43 232000072 277101769 25 
2020-12-02T16:02:59.506038+09:00 0 0 경기79바1425 3 36 232000072 232000684 15 
2020-12-02T16:03:59.330009+09:00 0 0 경기79바1638 3 43 232000072 277101769 25 
2020-12-02T16:03:59.330082+09:00 0 0 경기79바1425 3 36 232000072 232000684 15 
2020-12-02T16:03:59.420045+09:00 0 0 경기79바1638 3 43 232000072 277101769 25 
2020-12-02T16:03:59.420107+09:00 0 0 경기79바1425 3 36 232000072 232000684 15 
2020-12-02T16:04:59.034195+09:00 0 0 경기79바1638 3 43 232000072 277101769 25 
2020-12-02T16:04:59.034259+09:00 0 0 경기79바1425 3 36 232000072 232000684 15 
2020-12-02T16:04:59.124134+09:00 0 0 경기79바1638 3 43 232000072 277101769 25 
2020-12-02T16:04:59.124196+09:00 0 0 경기79바1425 3 36 232000072 232000684 15 
2020-12-02T16:05:58.658201+09:00 0 0 경기79바1638 3 43 232000072 277101769 25 
2020-12-02T16:05:58.658263+09:00 0 0 경기79바1425 3 35 232000072 232000755 16 
2020-12-02T16:05:58.748157+09:00 0 0 경기79바1638 3 43 232000072 277101769 25 
2020-12-02T16:05:58.748216+09:00 0 0 경기79바1425 3 35 232000072 232000755 16 
2020-12-02T16:06:58.462176+09:00 0 0 경기79바1638 3 43 232000072 277101769 25 
2020-12-02T16:06:58.462231+09:00 0 0 경기79바1425 3 35 232000072 232000756 17 
2020-12-02T16:06:58.552211+09:00 0 0 경기79바1638 3 43 232000072 277101769 25 
2020-12-02T16:06:58.552271+09:00 0 0 경기79바1425 3 35 232000072 232000756 17 
2020-12-02T16:07:58.306424+09:00 0 0 경기79바1638 3 43 232000072 277101769 25 
2020-12-02T16:07:58.306488+09:00 0 0 경기79바1425 3 35 232000072 232000756 17 
2020-12-02T16:07:58.396414+09:00 0 0 경기79바1638 3 43 232000072 277101769 25 
2020-12-02T16:07:58.396480+09:00 0 0 경기79바1425 3 35 232000072 232000756 17 
2020-12-02T16:08:57.940464+09:00 0 0 경기79바1638 3 43 232000072 277101769 25 
2020-12-02T16:08:57.940524+09:00 0 0 경기79바1425 3 35 232000072 232000758 18 
2020-12-02T16:08:58.030543+09:00 0 0 경기79바1638 3 43 232000072 277101769 25 
2020-12-02T16:08:58.030605+09:00 0 0 경기79바1425 3 35 232000072 232000758 18 
2020-12-02T16:09:57.504644+09:00 0 0 경기79바1638 3 43 232000072 277101769 25 
2020-12-02T16:09:57.504707+09:00 0 0 경기79바1425 3 35 232000072 232000758 18 
2020-12-02T16:09:57.597408+09:00 0 0 경기79바1638 3 43 232000072 277101769 25 
2020-12-02T16:09:57.597470+09:00 0 0 경기79바1425 3 35 232000072 232000758 18 
2020-12-02T16:10:57.008581+09:00 0 0 경기79바1638 3 43 232000072 277101769 25 
2020-12-02T16:10:57.008643+09:00 0 0 경기79바1425 3 35 232000072 232000727 19 
2020-12-02T16:10:57.098626+09:00 0 0 경기79바1638 3 43 232000072 277101769 25 
2020-12-02T16:10:57.098689+09:00 0 0 경기79바1425 3 35 232000072 232000727 19 
2020-12-02T16:11:57.082724+09:00 0 0 경기79바1638 3 43 232000072 277103403 26 
2020-12-02T16:11:57.082782+09:00 0 0 경기79바1425 3 35 232000072 232000734 20 
2020-12-02T16:11:57.172745+09:00 0 0 경기79바1638 3 43 232000072 277103403 26 
2020-12-02T16:11:57.172803+09:00 0 0 경기79바1425 3 35 232000072 232000734 20 
2020-12-02T16:12:56.826786+09:00 0 0 경기79바1638 3 43 232000072 277103403 26 
2020-12-02T16:12:56.826847+09:00 0 0 경기79바1425 3 35 232000072 232000828 21 
2020-12-02T16:12:56.916801+09:00 0 0 경기79바1638 3 43 232000072 277103403 26 
2020-12-02T16:12:56.916865+09:00 0 0 경기79바1425 3 35 232000072 232000828 21 
2020-12-02T16:13:56.350921+09:00 0 0 경기79바1638 3 43 232000072 277103403 26 
2020-12-02T16:13:56.350985+09:00 0 0 경기79바1425 3 35 232000072 277102331 22 
2020-12-02T16:13:56.440887+09:00 0 0 경기79바1638 3 43 232000072 277103403 26 
2020-12-02T16:13:56.440948+09:00 0 0 경기79바1425 3 35 232000072 277102331 22 
2020-12-02T16:14:56.325103+09:00 0 0 경기79바1638 3 43 232000072 277103403 26 
2020-12-02T16:14:56.325166+09:00 0 0 경기79바1425 3 35 232000072 277102331 22 
2020-12-02T16:14:56.415125+09:00 0 0 경기79바1638 3 43 232000072 277103403 26 
2020-12-02T16:14:56.415189+09:00 0 0 경기79바1425 3 35 232000072 277102331 22 
2020-12-02T16:15:55.513982+09:00 0 0 경기79바1638 3 43 232000072 277103403 26 
2020-12-02T16:15:55.514043+09:00 0 0 경기79바1425 3 35 232000072 277102331 22 
2020-12-02T16:15:55.549109+09:00 0 0 경기79바1638 3 43 232000072 277103403 26 
2020-12-02T16:15:55.549168+09:00 0 0 경기79바1425 3 35 232000072 277102331 22 
2020-12-02T16:16:55.343189+09:00 0 0 경기79바1638 3 43 232000072 277103403 26 
2020-12-02T16:16:55.343252+09:00 0 0 경기79바1425 3 35 232000072 277102735 23 
2020-12-02T16:16:55.433322+09:00 0 0 경기79바1638 3 43 232000072 277103403 26 
2020-12-02T16:16:55.433385+09:00 0 0 경기79바1425 3 35 232000072 277102735 23 
2020-12-02T16:17:55.047358+09:00 0 0 경기79바1638 3 43 232000072 277103403 26 
2020-12-02T16:17:55.047419+09:00 0 0 경기79바1425 3 35 232000072 277102735 23 
2020-12-02T16:17:55.147272+09:00 0 0 경기79바1638 3 43 232000072 277103403 26 
2020-12-02T16:17:55.147334+09:00 0 0 경기79바1425 3 35 232000072 277102735 23 
2020-12-02T16:18:54.811462+09:00 0 0 경기79바1638 3 43 232000072 277103900 27 
2020-12-02T16:18:54.811522+09:00 0 0 경기79바1425 3 35 232000072 277102735 23 
2020-12-02T16:18:54.901502+09:00 0 0 경기79바1638 3 43 232000072 277103900 27 
2020-12-02T16:18:54.901565+09:00 0 0 경기79바1425 3 35 232000072 277102735 23 
2020-12-02T16:19:54.105466+09:00 0 0 경기79바1638 3 43 232000072 277103900 27 
2020-12-02T16:19:54.105529+09:00 0 0 경기79바1425 3 35 232000072 277102735 23 
2020-12-02T16:19:54.195542+09:00 0 0 경기79바1638 3 43 232000072 277103900 27 
2020-12-02T16:19:54.195605+09:00 0 0 경기79바1425 3 35 232000072 277102735 23 
2020-12-02T16:20:53.259602+09:00 0 0 경기79바1638 3 43 232000072 277103900 27 
2020-12-02T16:20:53.259663+09:00 0 0 경기79바1425 3 35 232000072 277102737 24 
2020-12-02T16:20:53.339541+09:00 0 0 경기79바1638 3 43 232000072 277103900 27 
2020-12-02T16:20:53.339604+09:00 0 0 경기79바1425 3 35 232000072 277102737 24 
2020-12-02T16:21:53.253742+09:00 0 0 경기79바1638 3 43 232000072 277103900 27 
2020-12-02T16:21:53.253810+09:00 0 0 경기79바1425 3 35 232000072 277102737 24 
2020-12-02T16:21:53.343653+09:00 0 0 경기79바1638 3 43 232000072 277103900 27 
2020-12-02T16:21:53.343714+09:00 0 0 경기79바1425 3 35 232000072 277102737 24 
2020-12-02T16:22:53.227793+09:00 0 0 경기79바1638 3 43 232000072 277103515 28 
2020-12-02T16:22:53.227855+09:00 0 0 경기79바1425 3 35 232000072 277102737 24 
2020-12-02T16:22:53.317856+09:00 0 0 경기79바1638 3 43 232000072 277103515 28 
2020-12-02T16:22:53.317918+09:00 0 0 경기79바1425 3 35 232000072 277102737 24 
2020-12-02T16:23:52.111727+09:00 0 0 경기79바1638 3 43 232000072 277103515 28 
2020-12-02T16:23:52.111790+09:00 0 0 경기79바1425 3 35 232000072 277101769 25 
2020-12-02T16:23:52.191696+09:00 0 0 경기79바1638 3 43 232000072 277103515 28 
2020-12-02T16:23:52.191761+09:00 0 0 경기79바1425 3 35 232000072 277101769 25 
2020-12-02T16:24:51.355476+09:00 0 0 경기79바1638 3 43 232000072 277103515 28 
2020-12-02T16:24:51.355539+09:00 0 0 경기79바1425 3 35 232000072 277101769 25 
2020-12-02T16:24:51.445404+09:00 0 0 경기79바1638 3 43 232000072 277103515 28 
2020-12-02T16:24:51.445466+09:00 0 0 경기79바1425 3 35 232000072 277101769 25 
2020-12-02T16:25:51.229291+09:00 0 0 경기79바1638 3 44 232000072 118000092 29 
2020-12-02T16:25:51.229359+09:00 0 0 경기79바1425 3 35 232000072 277101769 25 
2020-12-02T16:25:51.319261+09:00 0 0 경기79바1638 3 44 232000072 118000092 29 
2020-12-02T16:25:51.319322+09:00 0 0 경기79바1425 3 35 232000072 277101769 25 
2020-12-02T16:26:51.123024+09:00 0 0 경기79바1638 3 44 232000072 118000092 29 
2020-12-02T16:26:51.123086+09:00 0 0 경기79바1425 3 35 232000072 277101769 25 
2020-12-02T16:26:51.213077+09:00 0 0 경기79바1638 3 44 232000072 118000092 29 
2020-12-02T16:26:51.213142+09:00 0 0 경기79바1425 3 35 232000072 277101769 25 
2020-12-02T16:27:50.466789+09:00 0 0 경기79바1638 3 44 232000072 118000092 29 
2020-12-02T16:27:50.466845+09:00 0 0 경기79바1425 3 35 232000072 277101769 25 
2020-12-02T16:27:50.556810+09:00 0 0 경기79바1638 3 44 232000072 118000092 29 
2020-12-02T16:27:50.556871+09:00 0 0 경기79바1425 3 35 232000072 277101769 25 
2020-12-02T16:28:50.550677+09:00 0 0 경기79바1638 3 44 232000072 277104386 30 
2020-12-02T16:28:50.550741+09:00 0 0 경기79바1425 3 35 232000072 277101769 25 
2020-12-02T16:28:50.640727+09:00 0 0 경기79바1638 3 44 232000072 277104386 30 
2020-12-02T16:28:50.640790+09:00 0 0 경기79바1425 3 35 232000072 277101769 25 
2020-12-02T16:29:50.464521+09:00 0 0 경기79바1638 3 44 232000072 277104386 30 
2020-12-02T16:29:50.464583+09:00 0 0 경기79바1425 3 35 232000072 277101769 25 
2020-12-02T16:29:50.554528+09:00 0 0 경기79바1638 3 44 232000072 277104386 30 
2020-12-02T16:29:50.554587+09:00 0 0 경기79바1425 3 35 232000072 277101769 25 
2020-12-02T16:30:49.718344+09:00 0 0 경기79바1638 3 44 232000072 277104387 31 
2020-12-02T16:30:49.718406+09:00 0 0 경기79바1425 3 35 232000072 277101769 25 
2020-12-02T16:30:49.798281+09:00 0 0 경기79바1638 3 44 232000072 277104387 31 
2020-12-02T16:30:49.798341+09:00 0 0 경기79바1425 3 35 232000072 277101769 25 
2020-12-02T16:31:49.242250+09:00 0 0 경기79바1638 3 44 232000072 277104387 31 
2020-12-02T16:31:49.242311+09:00 0 0 경기79바1425 3 35 232000072 277101769 25 
2020-12-02T16:31:49.332276+09:00 0 0 경기79바1638 3 44 232000072 277104387 31 
2020-12-02T16:31:49.332338+09:00 0 0 경기79바1425 3 35 232000072 277101769 25 
2020-12-02T16:32:49.076100+09:00 0 0 경기79바1638 3 44 232000072 118000007 32 
2020-12-02T16:32:49.076163+09:00 0 0 경기79바1425 3 35 232000072 277101769 25 
2020-12-02T16:32:49.166153+09:00 0 0 경기79바1638 3 44 232000072 118000007 32 
2020-12-02T16:32:49.166218+09:00 0 0 경기79바1425 3 35 232000072 277101769 25 
2020-12-02T16:33:49.040113+09:00 0 0 경기79바1638 3 44 232000072 118000007 32 
2020-12-02T16:33:49.040173+09:00 0 0 경기79바1425 3 35 232000072 277101769 25 
2020-12-02T16:33:49.130121+09:00 0 0 경기79바1638 3 44 232000072 118000007 32 
2020-12-02T16:33:49.130180+09:00 0 0 경기79바1425 3 35 232000072 277101769 25 
2020-12-02T16:34:48.374006+09:00 0 0 경기79바1638 3 44 232000072 118000007 32 
2020-12-02T16:34:48.374067+09:00 0 0 경기79바1425 3 35 232000072 277101769 25 
2020-12-02T16:34:48.464372+09:00 0 0 경기79바1638 3 44 232000072 118000007 32 
2020-12-02T16:34:48.464433+09:00 0 0 경기79바1425 3 35 232000072 277101769 25 
2020-12-02T16:35:47.558015+09:00 0 0 경기79바1638 3 44 232000072 118000007 32 
2020-12-02T16:35:47.558077+09:00 0 0 경기79바1425 3 35 232000072 277101769 25 
2020-12-02T16:35:47.647931+09:00 0 0 경기79바1638 3 44 232000072 118000007 32 
2020-12-02T16:35:47.647989+09:00 0 0 경기79바1425 3 35 232000072 277101769 25 
2020-12-02T16:36:47.032091+09:00 0 0 경기79바1638 3 44 232000072 277104322 33 
2020-12-02T16:36:47.032155+09:00 0 0 경기79바1425 3 35 232000072 277101769 25 
2020-12-02T16:36:47.121924+09:00 0 0 경기79바1638 3 44 232000072 277104322 33 
2020-12-02T16:36:47.121984+09:00 0 0 경기79바1425 3 35 232000072 277101769 25 
2020-12-02T16:37:47.025861+09:00 0 0 경기79바1638 3 44 232000072 113000001 34 
2020-12-02T16:37:47.025925+09:00 0 0 경기79바1425 3 35 232000072 277103403 26 
2020-12-02T16:37:47.116003+09:00 0 0 경기79바1638 3 44 232000072 113000001 34 
2020-12-02T16:37:47.116064+09:00 0 0 경기79바1425 3 35 232000072 277103403 26 
2020-12-02T16:38:46.899830+09:00 0 0 경기79바1638 3 44 232000072 113000001 34 
2020-12-02T16:38:46.899891+09:00 0 0 경기79바1425 3 35 232000072 277103403 26 
2020-12-02T16:38:47.189841+09:00 0 0 경기79바1638 3 44 232000072 113000001 34 
2020-12-02T16:38:47.189902+09:00 0 0 경기79바1425 3 35 232000072 277103403 26 
2020-12-02T16:39:45.673747+09:00 0 0 경기79바1638 3 44 232000072 113000003 35 
2020-12-02T16:39:45.673809+09:00 0 0 경기79바1425 3 35 232000072 277103403 26 
2020-12-02T16:39:45.763846+09:00 0 0 경기79바1638 3 44 232000072 113000003 35 
2020-12-02T16:39:45.763915+09:00 0 0 경기79바1425 3 35 232000072 277103403 26 
2020-12-02T16:40:45.167777+09:00 0 0 경기79바1638 3 44 232000072 113000003 35 
2020-12-02T16:40:45.167838+09:00 0 0 경기79바1425 3 35 232000072 277103403 26 
2020-12-02T16:40:45.257809+09:00 0 0 경기79바1638 3 44 232000072 113000003 35 
2020-12-02T16:40:45.257878+09:00 0 0 경기79바1425 3 35 232000072 277103403 26 
2020-12-02T16:41:44.511667+09:00 0 0 경기79바1638 3 44 232000072 113000003 35 
2020-12-02T16:41:44.511725+09:00 0 0 경기79바1425 3 35 232000072 277103403 26 
2020-12-02T16:41:44.601719+09:00 0 0 경기79바1638 3 44 232000072 113000003 35 
2020-12-02T16:41:44.601777+09:00 0 0 경기79바1425 3 35 232000072 277103403 26 
