204000059 2020-12-05T20:56:51.629116+09:00
2020-12-06T04:48:23 0 0 경기70아1593 3 39 204000059 206000009 2 
2020-12-06T04:48:35 0 0 경기70아1593 3 39 204000059 206000658 3 
2020-12-06T04:49:23 0 0 경기70아1593 3 39 204000059 206000658 3 
2020-12-06T04:49:35 2 0 경기70아1593 3 39 204000059 206000658 3 
2020-12-06T04:50:22 2 0 경기70아1593 3 39 204000059 206000558 4 
2020-12-06T04:50:34 2 0 경기70아1593 3 39 204000059 206000558 4 
2020-12-06T04:51:21 2 0 경기70아1593 3 38 204000059 206000007 5 
2020-12-06T04:51:34 2 0 경기70아1593 3 38 204000059 206000007 5 
2020-12-06T04:52:21 2 0 경기70아1593 3 38 204000059 206000005 7 
2020-12-06T04:52:34 2 0 경기70아1593 3 38 204000059 206000005 7 
2020-12-06T04:53:20 2 0 경기70아1593 3 38 204000059 206000555 9 
2020-12-06T04:53:33 2 0 경기70아1593 3 38 204000059 206000555 9 
2020-12-06T04:54:19 2 0 경기70아1593 3 38 204000059 206000002 11 
2020-12-06T04:54:33 2 0 경기70아1593 3 38 204000059 206000002 11 
2020-12-06T04:55:19 2 0 경기70아1593 3 38 204000059 206000002 11 
2020-12-06T04:55:32 2 0 경기70아1593 3 38 204000059 206000002 11 
2020-12-06T04:56:18 2 0 경기70아1593 3 38 204000059 206000534 12 
2020-12-06T04:56:32 2 0 경기70아1593 3 38 204000059 206000534 12 
2020-12-06T04:57:18 2 0 경기70아1593 3 38 204000059 206000617 14 
2020-12-06T04:57:32 2 0 경기70아1593 3 38 204000059 206000617 14 
2020-12-06T04:58:18 2 0 경기70아1593 3 38 204000059 206000617 14 
2020-12-06T04:58:31 2 0 경기70아1593 3 38 204000059 206000617 14 
2020-12-06T04:59:17 2 0 경기70아1593 3 38 204000059 206000617 14 
2020-12-06T04:59:31 2 0 경기70아1593 3 38 204000059 206000617 14 
2020-12-06T05:00:17 2 0 경기70아1593 3 38 204000059 204000208 16 
2020-12-06T05:00:31 2 0 경기70아1593 3 38 204000059 204000208 16 
2020-12-06T05:01:16 2 0 경기70아1593 3 37 204000059 204000204 17 
2020-12-06T05:01:30 2 0 경기70아1593 3 37 204000059 204000204 17 
2020-12-06T05:02:15 2 0 경기70아1593 3 37 204000059 206000309 18 
2020-12-06T05:02:29 2 0 경기70아1593 3 37 204000059 206000309 18 
2020-12-06T05:03:15 2 0 경기70아1593 3 37 204000059 206000277 19 
2020-12-06T05:03:28 2 0 경기70아1593 3 37 204000059 206000277 19 
2020-12-06T05:04:14 2 0 경기70아1593 3 37 204000059 206000277 19 
2020-12-06T05:04:28 2 0 경기70아1593 3 37 204000059 206000441 20 
2020-12-06T05:05:13 2 0 경기70아1593 3 37 204000059 206000441 20 
2020-12-06T05:05:27 2 0 경기70아1593 3 37 204000059 206000441 20 
2020-12-06T05:06:12 2 0 경기70아1593 3 37 204000059 206000784 21 
2020-12-06T05:06:27 2 0 경기70아1593 3 37 204000059 206000784 21 
2020-12-06T05:07:12 2 0 경기70아1593 3 37 204000059 206000784 21 
2020-12-06T05:07:26 2 0 경기70아1593 3 37 204000059 206000784 21 
2020-12-06T05:08:11 2 0 경기70아1593 3 37 204000059 205000029 22 
2020-12-06T05:08:25 2 0 경기70아1593 3 37 204000059 205000029 22 
2020-12-06T05:09:11 2 0 경기70아1593 3 37 204000059 205000029 22 
2020-12-06T05:09:24 2 0 경기70아1593 3 37 204000059 205000029 22 
2020-12-06T05:10:10 2 0 경기70아1593 3 37 204000059 205000029 22 
2020-12-06T05:10:24 2 0 경기70아1593 3 37 204000059 205000029 22 
2020-12-06T05:11:11 2 0 경기70아1593 3 37 204000059 205000069 23 
2020-12-06T05:11:29 2 0 경기70아1593 3 37 204000059 205000069 23 
2020-12-06T05:12:10 2 0 경기70아1593 3 37 204000059 205000069 23 
2020-12-06T05:12:23 2 0 경기70아1593 3 37 204000059 205000069 23 
2020-12-06T05:13:09 2 0 경기70아1593 3 37 204000059 205000069 23 
2020-12-06T05:13:22 2 0 경기70아1593 3 37 204000059 205000069 23 
2020-12-06T05:14:09 2 0 경기70아1593 3 37 204000059 205000069 23 
2020-12-06T05:14:22 2 0 경기70아1593 3 37 204000059 205000069 23 
2020-12-06T05:15:08 2 0 경기70아1593 3 37 204000059 277102622 24 
2020-12-06T05:15:21 2 0 경기70아1593 3 37 204000059 277102622 24 
2020-12-06T05:16:08 2 0 경기70아1593 3 37 204000059 277102622 24 
2020-12-06T05:16:21 2 0 경기70아1593 3 37 204000059 277102622 24 
2020-12-06T05:17:07 2 0 경기70아1593 3 37 204000059 277102622 24 
2020-12-06T05:17:20 2 0 경기70아1593 3 37 204000059 277102622 24 
2020-12-06T05:18:07 2 0 경기70아1593 3 37 204000059 277103419 25 
2020-12-06T05:18:19 2 0 경기70아1593 3 37 204000059 277103419 25 
2020-12-06T05:19:07 2 0 경기70아1593 3 37 204000059 277103419 25 
2020-12-06T05:19:19 2 0 경기70아1593 3 37 204000059 277103419 25 
2020-12-06T05:20:06 2 0 경기70아1593 3 37 204000059 277103419 25 
2020-12-06T05:20:19 2 0 경기70아1593 3 37 204000059 277103419 25 
2020-12-06T05:21:06 2 0 경기70아1593 3 38 204000059 277103421 26 
2020-12-06T05:21:18 2 0 경기70아1593 3 38 204000059 277103421 26 
2020-12-06T05:22:05 2 0 경기70아1593 3 39 204000059 122000287 27 
2020-12-06T05:22:18 2 0 경기70아1593 3 39 204000059 122000288 28 
2020-12-06T05:23:05 2 0 경기70아1593 3 39 204000059 122000288 28 
2020-12-06T05:23:18 2 0 경기70아1593 3 39 204000059 122000288 28 
2020-12-06T05:24:05 2 0 경기70아1593 3 39 204000059 122000258 29 
2020-12-06T05:24:17 2 0 경기70아1593 3 39 204000059 122000258 29 
2020-12-06T05:25:05 2 0 경기70아1593 3 39 204000059 122000258 29 
2020-12-06T05:25:17 2 0 경기70아1593 3 39 204000059 122000258 29 
2020-12-06T05:26:04 2 0 경기70아1593 3 39 204000059 122000291 30 
2020-12-06T05:26:16 2 0 경기70아1593 3 39 204000059 122000291 30 
2020-12-06T05:27:04 2 0 경기70아1593 3 39 204000059 122000137 31 
2020-12-06T05:27:17 2 0 경기70아1593 3 39 204000059 122000137 31 
2020-12-06T05:28:03 2 0 경기70아1593 3 39 204000059 122000137 31 
2020-12-06T05:28:16 2 0 경기70아1593 3 39 204000059 122000388 32 
2020-12-06T05:29:02 2 0 경기70아1593 3 39 204000059 122000386 33 
2020-12-06T05:29:16 2 0 경기70아1593 3 39 204000059 122000386 33 
2020-12-06T05:30:02 2 0 경기70아1593 3 39 204000059 122000139 34 
2020-12-06T05:30:15 2 0 경기70아1593 3 39 204000059 122000139 34 
2020-12-06T05:31:01 2 0 경기70아1593 3 39 204000059 122000139 34 
2020-12-06T05:31:15 2 0 경기70아1593 3 39 204000059 122000139 34 
2020-12-06T05:32:01 0 0 경기70아1593 3 39 204000059 122000094 35 
2020-12-06T05:32:15 0 0 경기70아1593 3 39 204000059 122000089 36 
2020-12-06T05:33:01 0 0 경기70아1593 3 39 204000059 122000085 37 
2020-12-06T05:33:15 0 0 경기70아1593 3 39 204000059 122000085 37 
2020-12-06T05:34:00 0 0 경기70아1593 3 39 204000059 122000069 38 
2020-12-06T05:34:15 0 0 경기70아1593 3 39 204000059 122000069 38 
2020-12-06T05:35:00 0 0 경기70아1593 3 39 204000059 122000066 39 
2020-12-06T05:35:14 0 0 경기70아1593 3 39 204000059 122000066 39 
2020-12-06T05:36:00 0 0 경기70아1593 3 39 204000059 122000066 39 
2020-12-06T05:36:14 0 0 경기70아1593 3 39 204000059 122000066 39 
2020-12-06T05:36:59 0 0 경기70아1593 3 39 204000059 122000064 40 
2020-12-06T05:37:13 0 0 경기70아1593 3 39 204000059 122000064 40 
2020-12-06T05:37:59 0 0 경기70아1593 3 39 204000059 122000559 41 
2020-12-06T05:38:13 0 0 경기70아1593 3 39 204000059 122000559 41 
2020-12-06T05:38:59 0 0 경기70아1593 3 39 204000059 122000559 41 
2020-12-06T05:39:13 0 0 경기70아1593 3 39 204000059 122000078 42 
2020-12-06T05:39:58 0 0 경기70아1593 3 39 204000059 122000078 42 
2020-12-06T05:40:13 0 0 경기70아1593 3 39 204000059 122000078 42 
2020-12-06T05:40:58 0 0 경기70아1593 3 39 204000059 122000078 42 
2020-12-06T05:41:12 0 0 경기70아1593 3 39 204000059 122000079 43 
2020-12-06T05:41:58 0 0 경기70아1593 3 39 204000059 122000079 43 
2020-12-06T05:42:12 0 0 경기70아1593 3 39 204000059 122000079 43 
2020-12-06T05:42:57 0 0 경기70아1593 3 39 204000059 122000079 43 
2020-12-06T05:43:12 0 0 경기70아1593 3 39 204000059 122000079 43 
2020-12-06T05:43:57 0 0 경기70아1593 3 39 204000059 122000065 44 
2020-12-06T05:44:12 0 0 경기70아1593 3 39 204000059 122000065 44 
2020-12-06T05:44:57 0 0 경기70아1593 3 39 204000059 122000065 44 
2020-12-06T05:45:11 0 0 경기70아1593 3 39 204000059 122000637 45 
2020-12-06T05:45:56 0 0 경기70아1593 3 39 204000059 122000068 46 
2020-12-06T05:46:11 0 0 경기70아1593 3 39 204000059 122000068 46 
2020-12-06T05:46:56 0 0 경기70아1593 3 39 204000059 122000068 46 
2020-12-06T05:47:11 0 0 경기70아1593 3 39 204000059 122000068 46 
2020-12-06T05:47:56 0 0 경기70아1593 3 39 204000059 122000086 47 
2020-12-06T05:48:11 0 0 경기70아1593 3 39 204000059 122000086 47 
2020-12-06T05:48:55 0 0 경기70아1593 3 39 204000059 122000095 48 
2020-12-06T05:49:11 0 0 경기70아1593 3 39 204000059 122000096 49 
2020-12-06T05:49:55 0 0 경기70아1593 3 39 204000059 122000096 49 
2020-12-06T05:50:10 0 0 경기70아1593 3 39 204000059 122000096 49 
2020-12-06T05:50:55 0 0 경기70아1593 3 39 204000059 122000330 50 
2020-12-06T05:51:10 0 0 경기70아1593 3 39 204000059 122000142 51 
2020-12-06T05:51:55 0 0 경기70아1593 3 39 204000059 122000142 51 
2020-12-06T05:52:10 0 0 경기70아1593 3 39 204000059 122000142 51 
2020-12-06T05:52:54 0 0 경기70아1593 3 39 204000059 122000133 52 
2020-12-06T05:53:10 0 0 경기70아1593 3 39 204000059 122000133 52 
2020-12-06T05:53:54 0 0 경기70아1593 3 39 204000059 122000256 53 
2020-12-06T05:54:09 0 0 경기70아1593 3 39 204000059 122000256 53 
2020-12-06T05:54:54 0 0 경기70아1593 3 39 204000059 122000257 54 
2020-12-06T05:55:08 0 0 경기70아1593 3 39 204000059 122000257 54 
2020-12-06T05:55:53 0 0 경기70아1593 3 39 204000059 122000257 54 
2020-12-06T05:56:08 0 0 경기70아1593 3 39 204000059 122000257 54 
2020-12-06T05:56:52 0 0 경기70아1593 3 39 204000059 122000286 55 
2020-12-06T05:57:07 0 0 경기70아1593 3 39 204000059 122000286 55 
2020-12-06T05:57:52 0 0 경기70아1593 3 39 204000059 122000285 56 
2020-12-06T05:58:07 0 0 경기70아1593 3 39 204000059 122000285 56 
2020-12-06T05:58:52 0 0 경기70아1593 3 39 204000059 277103420 57 
2020-12-06T05:59:07 0 0 경기70아1593 3 39 204000059 277103420 57 
2020-12-06T05:59:52 0 0 경기70아1593 3 39 204000059 277103420 57 
2020-12-06T06:00:07 0 0 경기70아1593 3 39 204000059 277103420 57 
2020-12-06T06:00:51 0 0 경기70아1593 3 39 204000059 277103420 57 
2020-12-06T06:01:06 0 0 경기70아1593 3 39 204000059 277103420 57 
2020-12-06T06:01:51 0 0 경기70아1593 3 39 204000059 277103420 57 
2020-12-06T06:02:06 0 0 경기70아1593 3 39 204000059 277103418 58 
2020-12-06T06:02:51 0 0 경기70아1593 3 39 204000059 277103418 58 
2020-12-06T06:03:05 0 0 경기70아1593 3 39 204000059 277103418 58 
2020-12-06T06:03:50 0 0 경기70아1593 3 39 204000059 277103418 58 
2020-12-06T06:04:05 0 0 경기70아1593 3 39 204000059 277103418 58 
2020-12-06T06:04:50 0 0 경기70아1593 3 39 204000059 277103418 58 
2020-12-06T06:05:05 0 0 경기70아1593 3 39 204000059 277103418 58 
2020-12-06T06:05:49 0 0 경기70아1593 3 39 204000059 277103418 58 
2020-12-06T06:06:05 0 0 경기70아1593 3 39 204000059 277103418 58 
2020-12-06T06:06:49 0 0 경기70아1593 3 39 204000059 277103418 58 
2020-12-06T06:07:04 0 0 경기70아1593 3 39 204000059 277103418 58 
2020-12-06T06:07:48 0 0 경기70아1593 3 39 204000059 277103418 58 
2020-12-06T06:08:04 0 0 경기70아1593 3 39 204000059 277103418 58 
2020-12-06T06:08:47 0 0 경기70아1593 3 39 204000059 205000207 59 
2020-12-06T06:09:04 0 0 경기70아1593 3 39 204000059 205000207 59 
2020-12-06T06:09:47 0 0 경기70아1593 3 39 204000059 205000207 59 
2020-12-06T06:10:04 0 0 경기70아1593 3 39 204000059 205000207 59 
2020-12-06T06:10:47 0 0 경기70아1593 3 39 204000059 205000207 59 
2020-12-06T06:11:03 0 0 경기70아1593 3 39 204000059 205000207 59 
2020-12-06T06:11:47 0 0 경기70아1593 3 39 204000059 205000207 59 
2020-12-06T06:12:03 0 0 경기70아1593 3 39 204000059 205000207 59 
2020-12-06T06:12:46 0 0 경기70아1593 3 39 204000059 205000245 60 
2020-12-06T06:13:03 0 0 경기70아1593 3 39 204000059 206000361 61 
2020-12-06T06:13:46 0 0 경기70아1593 3 39 204000059 206000157 62 
2020-12-06T06:14:03 0 0 경기70아1593 3 39 204000059 206000157 62 
2020-12-06T06:14:45 0 0 경기70아1593 3 39 204000059 206000157 62 
2020-12-06T06:15:02 0 0 경기70아1593 3 39 204000059 206000157 62 
2020-12-06T06:15:45 0 0 경기70아1593 3 39 204000059 206000157 62 
2020-12-06T06:16:02 0 0 경기70아1593 3 39 204000059 206000392 63 
2020-12-06T06:16:45 0 0 경기70아1593 3 39 204000059 206000298 64 
2020-12-06T06:17:02 0 0 경기70아1593 3 39 204000059 206000298 64 
2020-12-06T06:17:45 0 0 경기70아1593 3 39 204000059 206000298 64 
2020-12-06T06:18:01 0 0 경기70아1593 3 39 204000059 206000298 64 
2020-12-06T06:18:45 0 0 경기70아1593 3 39 204000059 206000310 65 
2020-12-06T06:19:01 0 0 경기70아1593 3 39 204000059 206000310 65 
2020-12-06T06:19:45 0 0 경기70아1593 3 39 204000059 204000203 66 
2020-12-06T06:20:01 0 0 경기70아1593 3 39 204000059 204000203 66 
2020-12-06T06:20:44 0 0 경기70아1593 3 39 204000059 204000207 67 
2020-12-06T06:21:00 0 0 경기70아1593 3 39 204000059 204000207 67 
2020-12-06T06:21:44 0 0 경기70아1593 3 39 204000059 206000614 68 
2020-12-06T06:22:00 0 0 경기70아1593 3 39 204000059 206000614 68 
2020-12-06T06:22:43 0 0 경기70아1593 3 39 204000059 206000614 68 
2020-12-06T06:23:00 0 0 경기70아1593 3 39 204000059 206000614 68 
2020-12-06T06:23:42 0 0 경기70아1593 3 39 204000059 206000616 69 
2020-12-06T06:23:59 0 0 경기70아1593 3 39 204000059 206000616 69 
2020-12-06T06:24:42 0 0 경기70아1593 3 39 204000059 206000532 71 
2020-12-06T06:24:59 0 0 경기70아1593 3 39 204000059 206000532 71 
2020-12-06T06:25:41 0 0 경기70아1593 3 39 204000059 206000532 71 
2020-12-06T06:25:59 0 0 경기70아1593 3 39 204000059 206000532 71 
2020-12-06T06:26:41 0 0 경기70아1593 3 39 204000059 206000532 71 
2020-12-06T06:26:59 0 0 경기70아1593 3 39 204000059 206000532 71 
2020-12-06T06:27:40 0 0 경기70아1593 3 39 204000059 206000533 72 
2020-12-06T06:27:59 0 0 경기70아1593 3 39 204000059 206000533 72 
2020-12-06T06:28:40 0 0 경기70아1593 3 39 204000059 206000017 74 
2020-12-06T06:28:58 0 0 경기70아1593 3 39 204000059 206000017 74 
2020-12-06T06:29:40 0 0 경기70아1593 3 39 204000059 206000017 74 
2020-12-06T06:29:58 0 0 경기70아1593 3 39 204000059 206000017 74 
2020-12-06T06:30:40 0 0 경기70아1593 3 39 204000059 206000554 75 
2020-12-06T06:30:58 0 0 경기70아1593 3 39 204000059 206000016 76 
2020-12-06T06:31:39 0 0 경기70아1593 3 39 204000059 206000556 77 
2020-12-06T06:31:58 0 0 경기70아1593 3 39 204000059 206000556 77 
2020-12-06T06:32:39 0 0 경기70아1593 3 39 204000059 206000014 79 
2020-12-06T06:32:58 0 0 경기70아1593 3 39 204000059 206000014 79 
2020-12-06T06:33:39 0 0 경기70아1593 3 39 204000059 206000557 80 
2020-12-06T06:33:57 0 0 경기70아1593 3 39 204000059 206000657 81 
2020-12-06T06:34:38 0 0 경기70아1593 3 39 204000059 206000012 82 
2020-12-06T06:34:56 0 0 경기70아1593 3 39 204000059 206000470 83 
2020-12-06T07:28:13 0 0 경기70아1593 3 39 204000059 206000009 2 
2020-12-06T07:28:32 0 0 경기70아1593 3 39 204000059 206000009 2 
2020-12-06T07:29:13 0 0 경기70아1593 3 39 204000059 206000658 3 
2020-12-06T07:29:31 0 0 경기70아1593 3 39 204000059 206000658 3 
2020-12-06T07:30:13 0 0 경기70아1593 3 39 204000059 206000558 4 
2020-12-06T07:30:31 0 0 경기70아1593 3 39 204000059 206000558 4 
2020-12-06T07:31:12 0 0 경기70아1593 3 39 204000059 206000007 5 
2020-12-06T07:31:30 0 0 경기70아1593 3 39 204000059 206000007 5 
2020-12-06T07:32:12 0 0 경기70아1593 3 39 204000059 206000005 7 
2020-12-06T07:32:29 0 0 경기70아1593 3 39 204000059 206000005 7 
2020-12-06T07:33:11 0 0 경기70아1593 3 39 204000059 206000555 9 
2020-12-06T07:33:29 0 0 경기70아1593 3 39 204000059 206000555 9 
2020-12-06T07:34:11 0 0 경기70아1593 3 39 204000059 206000002 11 
2020-12-06T07:34:28 0 0 경기70아1593 3 39 204000059 206000002 11 
2020-12-06T07:35:12 0 0 경기70아1593 3 39 204000059 206000534 12 
2020-12-06T07:35:28 0 0 경기70아1593 3 39 204000059 206000534 12 
2020-12-06T07:36:11 0 0 경기70아1593 3 39 204000059 206000534 12 
2020-12-06T07:36:27 0 0 경기70아1593 3 39 204000059 206000535 13 
2020-12-06T07:37:10 0 0 경기70아1593 3 39 204000059 206000535 13 
2020-12-06T07:37:27 0 0 경기70아1593 3 39 204000059 206000535 13 
2020-12-06T07:38:10 0 0 경기70아1593 3 39 204000059 206000617 14 
2020-12-06T07:38:25 0 0 경기70아1593 3 39 204000059 206000617 14 
2020-12-06T07:39:09 0 0 경기70아1593 3 39 204000059 206000615 15 
2020-12-06T07:39:26 0 0 경기70아1593 3 39 204000059 206000615 15 
2020-12-06T07:40:08 0 0 경기70아1593 3 39 204000059 206000615 15 
2020-12-06T07:40:26 0 0 경기70아1593 3 39 204000059 206000615 15 
2020-12-06T07:41:08 0 0 경기70아1593 3 39 204000059 204000208 16 
2020-12-06T07:41:25 0 0 경기70아1593 3 39 204000059 204000208 16 
2020-12-06T07:42:07 0 0 경기70아1593 3 39 204000059 204000204 17 
2020-12-06T07:42:24 0 0 경기70아1593 3 39 204000059 206000309 18 
2020-12-06T07:43:07 0 0 경기70아1593 3 39 204000059 206000277 19 
2020-12-06T07:43:23 0 0 경기70아1593 3 39 204000059 206000277 19 
2020-12-06T07:44:06 0 0 경기70아1593 3 39 204000059 206000441 20 
2020-12-06T07:44:23 0 0 경기70아1593 3 39 204000059 206000441 20 
2020-12-06T07:45:06 0 0 경기70아1593 3 39 204000059 206000441 20 
2020-12-06T07:45:23 0 0 경기70아1593 3 39 204000059 206000441 20 
2020-12-06T07:46:05 0 0 경기70아1593 3 39 204000059 206000784 21 
2020-12-06T07:46:22 0 0 경기70아1593 3 39 204000059 206000784 21 
2020-12-06T07:47:05 0 0 경기70아1593 3 39 204000059 205000029 22 
2020-12-06T07:47:22 0 0 경기70아1593 3 39 204000059 205000029 22 
2020-12-06T07:48:04 0 0 경기70아1593 3 39 204000059 205000029 22 
2020-12-06T07:48:22 0 0 경기70아1593 3 39 204000059 205000029 22 
2020-12-06T07:49:04 0 0 경기70아1593 3 39 204000059 205000029 22 
2020-12-06T07:49:21 0 0 경기70아1593 3 39 204000059 205000029 22 
2020-12-06T07:50:04 0 0 경기70아1593 3 39 204000059 205000029 22 
2020-12-06T07:50:21 0 0 경기70아1593 3 39 204000059 205000029 22 
2020-12-06T07:51:03 0 0 경기70아1593 3 39 204000059 205000029 22 
2020-12-06T07:51:20 0 0 경기70아1593 3 39 204000059 205000029 22 
2020-12-06T07:52:02 0 0 경기70아1593 3 39 204000059 205000069 23 
2020-12-06T07:52:19 0 0 경기70아1593 3 39 204000059 205000069 23 
2020-12-06T07:53:02 0 0 경기70아1593 3 39 204000059 277102622 24 
2020-12-06T07:53:19 0 0 경기70아1593 3 39 204000059 277102622 24 
2020-12-06T07:54:01 0 0 경기70아1593 3 39 204000059 277102622 24 
2020-12-06T07:54:18 0 0 경기70아1593 3 39 204000059 277102622 24 
2020-12-06T07:55:01 0 0 경기70아1593 3 39 204000059 277102622 24 
2020-12-06T07:55:17 0 0 경기70아1593 3 39 204000059 277102622 24 
2020-12-06T07:56:00 0 0 경기70아1593 3 39 204000059 277102622 24 
2020-12-06T07:56:17 0 0 경기70아1593 3 39 204000059 277102622 24 
2020-12-06T07:57:00 0 0 경기70아1593 3 39 204000059 277103419 25 
2020-12-06T07:57:16 0 0 경기70아1593 3 39 204000059 277103419 25 
2020-12-06T07:57:59 0 0 경기70아1593 3 39 204000059 277103419 25 
2020-12-06T07:58:16 0 0 경기70아1593 3 39 204000059 277103419 25 
2020-12-06T07:58:59 0 0 경기70아1593 3 39 204000059 277103419 25 
2020-12-06T07:59:15 0 0 경기70아1593 3 39 204000059 277103419 25 
2020-12-06T07:59:59 0 0 경기70아1593 3 39 204000059 277103421 26 
2020-12-06T08:00:15 0 0 경기70아1593 3 39 204000059 277103421 26 
2020-12-06T08:00:58 0 0 경기70아1593 3 39 204000059 277103421 26 
2020-12-06T08:01:15 0 0 경기70아1593 3 39 204000059 122000287 27 
2020-12-06T08:01:58 0 0 경기70아1593 3 39 204000059 122000288 28 
2020-12-06T08:02:14 0 0 경기70아1593 3 39 204000059 122000288 28 
2020-12-06T08:02:57 0 0 경기70아1593 3 39 204000059 122000258 29 
2020-12-06T08:03:14 0 0 경기70아1593 3 39 204000059 122000258 29 
2020-12-06T08:03:57 0 0 경기70아1593 3 39 204000059 122000258 29 
2020-12-06T08:04:13 0 0 경기70아1593 3 39 204000059 122000258 29 
2020-12-06T08:04:56 0 0 경기70아1593 3 39 204000059 122000258 29 
2020-12-06T08:05:12 0 0 경기70아1593 3 39 204000059 122000258 29 
2020-12-06T08:05:55 0 0 경기70아1593 3 39 204000059 122000258 29 
2020-12-06T08:06:12 0 0 경기70아1593 3 39 204000059 122000291 30 
2020-12-06T08:06:55 0 0 경기70아1593 3 39 204000059 122000291 30 
2020-12-06T08:07:11 0 0 경기70아1593 3 39 204000059 122000291 30 
2020-12-06T08:07:54 0 0 경기70아1593 3 39 204000059 122000137 31 
2020-12-06T08:08:11 0 0 경기70아1593 3 39 204000059 122000137 31 
2020-12-06T08:08:53 0 0 경기70아1593 3 39 204000059 122000388 32 
2020-12-06T08:09:10 0 0 경기70아1593 3 39 204000059 122000386 33 
2020-12-06T08:09:53 0 0 경기70아1593 3 39 204000059 122000386 33 
2020-12-06T08:10:10 0 0 경기70아1593 3 39 204000059 122000386 33 
2020-12-06T08:10:52 0 0 경기70아1593 3 39 204000059 122000139 34 
2020-12-06T08:11:09 0 0 경기70아1593 3 39 204000059 122000139 34 
2020-12-06T08:11:52 0 0 경기70아1593 3 39 204000059 122000139 34 
2020-12-06T08:12:08 0 0 경기70아1593 3 39 204000059 122000139 34 
2020-12-06T08:12:52 0 0 경기70아1593 3 39 204000059 122000094 35 
2020-12-06T08:13:07 0 0 경기70아1593 3 39 204000059 122000089 36 
2020-12-06T08:13:51 0 0 경기70아1593 3 39 204000059 122000085 37 
2020-12-06T08:14:07 0 0 경기70아1593 3 39 204000059 122000066 39 
2020-12-06T08:14:50 0 0 경기70아1593 3 39 204000059 122000066 39 
2020-12-06T08:15:06 0 0 경기70아1593 3 39 204000059 122000066 39 
2020-12-06T08:15:50 0 0 경기70아1593 3 39 204000059 122000559 41 
2020-12-06T08:16:05 0 0 경기70아1593 3 39 204000059 122000559 41 
2020-12-06T08:16:50 0 0 경기70아1593 3 39 204000059 122000559 41 
2020-12-06T08:17:05 0 0 경기70아1593 3 39 204000059 122000078 42 
2020-12-06T08:17:50 0 0 경기70아1593 3 39 204000059 122000078 42 
2020-12-06T08:18:04 0 0 경기70아1593 3 39 204000059 122000078 42 
2020-12-06T08:18:50 0 0 경기70아1593 3 39 204000059 122000078 42 
2020-12-06T08:19:04 0 0 경기70아1593 3 39 204000059 122000078 42 
2020-12-06T08:19:50 0 0 경기70아1593 3 39 204000059 122000079 43 
2020-12-06T08:20:03 0 0 경기70아1593 3 39 204000059 122000079 43 
2020-12-06T08:20:49 0 0 경기70아1593 3 39 204000059 122000079 43 
2020-12-06T08:21:02 0 0 경기70아1593 3 39 204000059 122000079 43 
2020-12-06T08:21:48 0 0 경기70아1593 3 39 204000059 122000065 44 
2020-12-06T08:22:02 0 0 경기70아1593 3 39 204000059 122000065 44 
2020-12-06T08:22:47 0 0 경기70아1593 3 39 204000059 122000068 46 
2020-12-06T08:23:01 0 0 경기70아1593 3 39 204000059 122000068 46 
2020-12-06T08:23:47 0 0 경기70아1593 3 39 204000059 122000068 46 
2020-12-06T08:24:01 0 0 경기70아1593 3 39 204000059 122000068 46 
2020-12-06T08:24:46 0 0 경기70아1593 3 39 204000059 122000086 47 
2020-12-06T08:25:00 0 0 경기70아1593 3 39 204000059 122000086 47 
2020-12-06T08:25:45 0 0 경기70아1593 3 39 204000059 122000095 48 
2020-12-06T08:25:59 0 0 경기70아1593 3 39 204000059 122000096 49 
2020-12-06T08:26:45 0 0 경기70아1593 3 39 204000059 122000096 49 
2020-12-06T08:26:59 0 0 경기70아1593 3 39 204000059 122000330 50 
2020-12-06T08:27:45 0 0 경기70아1593 3 39 204000059 122000142 51 
2020-12-06T08:27:58 0 0 경기70아1593 3 39 204000059 122000142 51 
2020-12-06T08:28:44 0 0 경기70아1593 3 39 204000059 122000133 52 
2020-12-06T08:28:58 0 0 경기70아1593 3 39 204000059 122000133 52 
2020-12-06T08:29:43 0 0 경기70아1593 3 39 204000059 122000256 53 
2020-12-06T08:29:58 0 0 경기70아1593 3 39 204000059 122000256 53 
2020-12-06T08:30:43 0 0 경기70아1593 3 39 204000059 122000257 54 
2020-12-06T08:30:57 0 0 경기70아1593 3 39 204000059 122000257 54 
2020-12-06T08:31:43 0 0 경기70아1593 3 39 204000059 122000257 54 
2020-12-06T08:31:57 0 0 경기70아1593 3 39 204000059 122000257 54 
2020-12-06T08:32:42 0 0 경기70아1593 3 39 204000059 122000257 54 
2020-12-06T08:32:56 0 0 경기70아1593 3 39 204000059 122000286 55 
2020-12-06T08:33:41 0 0 경기70아1593 3 39 204000059 122000285 56 
2020-12-06T08:33:56 0 0 경기70아1593 3 39 204000059 122000285 56 
2020-12-06T08:34:40 0 0 경기70아1593 3 39 204000059 277103420 57 
2020-12-06T08:34:56 0 0 경기70아1593 3 39 204000059 277103420 57 
2020-12-06T08:35:40 0 0 경기70아1593 3 39 204000059 277103420 57 
2020-12-06T08:35:55 0 0 경기70아1593 3 39 204000059 277103420 57 
2020-12-06T08:36:39 0 0 경기70아1593 3 39 204000059 277103420 57 
2020-12-06T08:36:54 0 0 경기70아1593 3 39 204000059 277103420 57 
2020-12-06T08:37:39 0 0 경기70아1593 3 39 204000059 277103418 58 
2020-12-06T08:37:54 0 0 경기70아1593 3 39 204000059 277103418 58 
2020-12-06T08:38:39 0 0 경기70아1593 3 39 204000059 277103418 58 
2020-12-06T08:38:53 0 0 경기70아1593 3 39 204000059 277103418 58 
2020-12-06T08:39:39 0 0 경기70아1593 3 39 204000059 277103418 58 
2020-12-06T08:39:53 0 0 경기70아1593 3 39 204000059 277103418 58 
2020-12-06T08:40:38 0 0 경기70아1593 3 39 204000059 277103418 58 
2020-12-06T08:40:53 0 0 경기70아1593 3 39 204000059 277103418 58 
2020-12-06T08:41:38 0 0 경기70아1593 3 39 204000059 277103418 58 
2020-12-06T08:41:52 0 0 경기70아1593 3 39 204000059 277103418 58 
2020-12-06T08:42:37 0 0 경기70아1593 3 39 204000059 277103418 58 
2020-12-06T08:42:52 0 0 경기70아1593 3 39 204000059 277103418 58 
2020-12-06T08:43:37 0 0 경기70아1593 3 39 204000059 205000207 59 
2020-12-06T08:43:52 0 0 경기70아1593 3 39 204000059 205000207 59 
2020-12-06T08:44:36 0 0 경기70아1593 3 39 204000059 205000207 59 
2020-12-06T08:44:52 0 0 경기70아1593 3 39 204000059 205000207 59 
2020-12-06T08:45:36 0 0 경기70아1593 3 39 204000059 205000207 59 
2020-12-06T08:45:51 0 0 경기70아1593 3 39 204000059 205000207 59 
2020-12-06T08:46:35 0 0 경기70아1593 3 39 204000059 205000245 60 
2020-12-06T08:46:51 0 0 경기70아1593 3 39 204000059 205000245 60 
2020-12-06T08:47:35 0 0 경기70아1593 3 39 204000059 205000245 60 
2020-12-06T08:47:50 0 0 경기70아1593 3 39 204000059 205000245 60 
2020-12-06T08:48:34 0 0 경기70아1593 3 39 204000059 206000361 61 
2020-12-06T08:48:49 0 0 경기70아1593 3 39 204000059 206000361 61 
2020-12-06T08:49:33 0 0 경기70아1593 3 39 204000059 206000157 62 
2020-12-06T08:49:50 0 0 경기70아1593 3 39 204000059 206000392 63 
2020-12-06T08:50:32 0 0 경기70아1593 3 39 204000059 206000298 64 
2020-12-06T08:50:49 0 0 경기70아1593 3 39 204000059 206000298 64 
2020-12-06T08:51:31 0 0 경기70아1593 3 39 204000059 206000298 64 
2020-12-06T08:51:48 0 0 경기70아1593 3 39 204000059 206000298 64 
2020-12-06T08:52:31 0 0 경기70아1593 3 39 204000059 206000310 65 
2020-12-06T08:52:47 0 0 경기70아1593 3 39 204000059 204000203 66 
2020-12-06T08:53:31 0 0 경기70아1593 3 39 204000059 204000207 67 
2020-12-06T08:53:47 0 0 경기70아1593 3 39 204000059 204000207 67 
2020-12-06T08:54:31 0 0 경기70아1593 3 39 204000059 204000207 67 
2020-12-06T08:54:46 0 0 경기70아1593 3 39 204000059 206000614 68 
2020-12-06T08:55:31 0 0 경기70아1593 3 39 204000059 206000616 69 
2020-12-06T08:55:45 0 0 경기70아1593 3 39 204000059 206000616 69 
2020-12-06T08:56:30 0 0 경기70아1593 3 39 204000059 206000531 70 
2020-12-06T08:56:45 0 0 경기70아1593 3 39 204000059 206000531 70 
2020-12-06T08:57:30 0 0 경기70아1593 3 39 204000059 206000532 71 
2020-12-06T08:57:45 0 0 경기70아1593 3 39 204000059 206000532 71 
2020-12-06T08:58:29 0 0 경기70아1593 3 39 204000059 206000532 71 
2020-12-06T08:58:45 0 0 경기70아1593 3 39 204000059 206000532 71 
2020-12-06T08:59:28 0 0 경기70아1593 3 39 204000059 206000532 71 
2020-12-06T08:59:44 0 0 경기70아1593 3 39 204000059 206000532 71 
2020-12-06T09:00:28 0 0 경기70아1593 3 39 204000059 206000532 71 
2020-12-06T09:00:43 0 0 경기70아1593 3 39 204000059 206000533 72 
2020-12-06T09:01:27 0 0 경기70아1593 3 39 204000059 206000533 72 
2020-12-06T09:01:42 0 0 경기70아1593 3 39 204000059 206000018 73 
2020-12-06T09:02:27 0 0 경기70아1593 3 39 204000059 206000018 73 
2020-12-06T09:02:41 0 0 경기70아1593 3 39 204000059 206000018 73 
2020-12-06T09:03:26 0 0 경기70아1593 3 39 204000059 206000017 74 
2020-12-06T09:03:41 0 0 경기70아1593 3 39 204000059 206000554 75 
2020-12-06T09:04:25 0 0 경기70아1593 3 39 204000059 206000556 77 
2020-12-06T09:04:41 0 0 경기70아1593 3 39 204000059 206000556 77 
2020-12-06T09:05:24 0 0 경기70아1593 3 39 204000059 206000014 79 
2020-12-06T09:05:40 0 0 경기70아1593 3 39 204000059 206000014 79 
2020-12-06T09:06:24 0 0 경기70아1593 3 39 204000059 206000557 80 
2020-12-06T09:06:40 0 0 경기70아1593 3 39 204000059 206000657 81 
2020-12-06T09:07:24 0 0 경기70아1593 3 39 204000059 206000012 82 
2020-12-06T09:07:39 0 0 경기70아1593 3 39 204000059 206000012 82 
2020-12-06T09:08:23 0 0 경기70아1593 3 39 204000059 206000470 83 
2020-12-06T09:08:39 0 0 경기70아1593 3 39 204000059 206000470 83 
2020-12-06T09:09:23 0 0 경기70아1593 3 39 204000059 206000470 83 
2020-12-06T09:09:38 0 0 경기70아1593 3 39 204000059 206000470 83 
2020-12-06T09:10:23 0 0 경기70아1593 3 39 204000059 206000470 83 
2020-12-06T09:10:37 0 0 경기70아1593 3 39 204000059 206000470 83 
2020-12-06T09:11:22 0 0 경기70아1593 3 39 204000059 206000470 83 
2020-12-06T09:11:36 0 0 경기70아1593 3 39 204000059 206000470 83 
2020-12-06T09:12:22 0 0 경기70아1593 3 39 204000059 206000470 83 
2020-12-06T09:12:37 0 0 경기70아1593 3 39 204000059 206000470 83 
2020-12-06T09:13:22 0 0 경기70아1593 3 39 204000059 206000470 83 
2020-12-06T09:13:37 0 0 경기70아1593 3 39 204000059 206000470 83 
2020-12-06T09:14:22 0 0 경기70아1593 3 39 204000059 206000470 83 
2020-12-06T09:14:36 0 0 경기70아1593 3 39 204000059 206000470 83 
2020-12-06T09:15:21 0 0 경기70아1593 3 39 204000059 206000470 83 
2020-12-06T09:15:37 0 0 경기70아1593 3 39 204000059 206000470 83 
2020-12-06T09:16:21 0 0 경기70아1593 3 39 204000059 206000470 83 
2020-12-06T09:16:36 0 0 경기70아1593 3 39 204000059 206000470 83 
2020-12-06T09:17:20 0 0 경기70아1593 3 39 204000059 206000470 83 
2020-12-06T09:17:35 0 0 경기70아1593 3 39 204000059 206000470 83 
2020-12-06T09:18:20 0 0 경기70아1593 3 39 204000059 206000470 83 
2020-12-06T09:18:35 0 0 경기70아1593 3 39 204000059 206000470 83 
2020-12-06T09:19:19 0 0 경기70아1593 3 39 204000059 206000470 83 
2020-12-06T09:19:35 0 0 경기70아1593 3 39 204000059 206000470 83 
2020-12-06T09:20:19 0 0 경기70아1593 3 39 204000059 206000470 83 
2020-12-06T09:20:33 0 0 경기70아1593 3 39 204000059 206000470 83 
2020-12-06T09:21:18 0 0 경기70아1593 3 39 204000059 206000470 83 
2020-12-06T09:21:33 0 0 경기70아1593 3 39 204000059 206000470 83 
2020-12-06T09:22:17 0 0 경기70아1593 3 39 204000059 206000470 83 
2020-12-06T09:22:32 0 0 경기70아1593 3 39 204000059 206000470 83 
2020-12-06T11:28:21 0 0 경기70아1593 3 39 204000059 206000009 2 
2020-12-06T11:28:33 0 0 경기70아1593 3 39 204000059 206000009 2 
2020-12-06T11:29:21 0 0 경기70아1593 3 39 204000059 206000658 3 
2020-12-06T11:29:32 0 0 경기70아1593 3 39 204000059 206000658 3 
2020-12-06T11:30:21 0 0 경기70아1593 3 39 204000059 206000558 4 
2020-12-06T11:30:32 0 0 경기70아1593 3 39 204000059 206000558 4 
2020-12-06T11:31:21 0 0 경기70아1593 3 39 204000059 206000007 5 
2020-12-06T11:31:32 0 0 경기70아1593 3 39 204000059 206000007 5 
2020-12-06T11:32:20 0 0 경기70아1593 3 39 204000059 206000006 6 
2020-12-06T11:32:31 0 0 경기70아1593 3 39 204000059 206000006 6 
2020-12-06T11:33:20 0 0 경기70아1593 3 39 204000059 206000005 7 
2020-12-06T11:33:30 0 0 경기70아1593 3 39 204000059 206000005 7 
2020-12-06T11:34:20 0 0 경기70아1593 3 39 204000059 206000005 7 
2020-12-06T11:34:30 0 0 경기70아1593 3 39 204000059 206000005 7 
2020-12-06T11:35:19 0 0 경기70아1593 3 39 204000059 206000004 8 
2020-12-06T11:35:30 0 0 경기70아1593 3 39 204000059 206000555 9 
2020-12-06T11:36:18 0 0 경기70아1593 3 38 204000059 206000003 10 
2020-12-06T11:36:29 0 0 경기70아1593 3 38 204000059 206000003 10 
2020-12-06T11:37:18 0 0 경기70아1593 3 38 204000059 206000003 10 
2020-12-06T11:37:29 0 0 경기70아1593 3 38 204000059 206000003 10 
2020-12-06T11:38:17 0 0 경기70아1593 3 38 204000059 206000002 11 
2020-12-06T11:38:29 0 0 경기70아1593 3 38 204000059 206000002 11 
2020-12-06T11:39:16 0 0 경기70아1593 3 38 204000059 206000002 11 
2020-12-06T11:39:29 0 0 경기70아1593 3 38 204000059 206000002 11 
2020-12-06T11:40:16 0 0 경기70아1593 3 38 204000059 206000002 11 
2020-12-06T11:40:29 0 0 경기70아1593 3 38 204000059 206000002 11 
2020-12-06T11:41:15 0 0 경기70아1593 3 38 204000059 206000534 12 
2020-12-06T11:41:28 0 0 경기70아1593 3 38 204000059 206000534 12 
2020-12-06T11:42:15 0 0 경기70아1593 3 38 204000059 206000535 13 
2020-12-06T11:42:28 0 0 경기70아1593 3 38 204000059 206000535 13 
2020-12-06T11:43:14 0 0 경기70아1593 3 38 204000059 206000535 13 
2020-12-06T11:43:28 0 0 경기70아1593 3 38 204000059 206000535 13 
2020-12-06T11:44:14 0 0 경기70아1593 3 38 204000059 206000617 14 
2020-12-06T11:44:28 0 0 경기70아1593 3 38 204000059 206000617 14 
2020-12-06T11:45:13 0 0 경기70아1593 3 38 204000059 206000617 14 
2020-12-06T11:46:13 0 0 경기70아1593 3 38 204000059 206000615 15 
2020-12-06T11:47:12 0 0 경기70아1593 3 38 204000059 206000615 15 
2020-12-06T11:48:11 0 0 경기70아1593 3 38 204000059 204000208 16 
2020-12-06T11:49:10 0 0 경기70아1593 3 38 204000059 204000204 17 
2020-12-06T11:50:10 0 0 경기70아1593 3 38 204000059 204000204 17 
2020-12-06T11:51:10 0 0 경기70아1593 3 38 204000059 206000309 18 
2020-12-06T11:52:09 0 0 경기70아1593 3 38 204000059 206000277 19 
2020-12-06T11:53:08 0 0 경기70아1593 3 37 204000059 206000441 20 
2020-12-06T11:54:08 0 0 경기70아1593 3 37 204000059 206000441 20 
2020-12-06T11:55:07 0 0 경기70아1593 3 37 204000059 206000784 21 
2020-12-06T11:56:07 0 0 경기70아1593 3 37 204000059 205000029 22 
2020-12-06T11:57:06 0 0 경기70아1593 3 37 204000059 205000029 22 
2020-12-06T11:58:05 0 0 경기70아1593 3 37 204000059 205000029 22 
2020-12-06T11:59:04 0 0 경기70아1593 3 37 204000059 205000029 22 
2020-12-06T12:00:04 0 0 경기70아1593 3 37 204000059 205000069 23 
2020-12-06T12:01:04 0 0 경기70아1593 3 36 204000059 205000069 23 
2020-12-06T12:02:04 0 0 경기70아1593 3 36 204000059 205000069 23 
2020-12-06T12:03:04 0 0 경기70아1593 3 36 204000059 277102622 24 
2020-12-06T12:04:03 0 0 경기70아1593 3 36 204000059 277102622 24 
2020-12-06T12:05:03 0 0 경기70아1593 3 36 204000059 277102622 24 
2020-12-06T12:06:03 0 0 경기70아1593 3 36 204000059 277102622 24 
2020-12-06T12:07:02 0 0 경기70아1593 3 36 204000059 277103419 25 
2020-12-06T12:08:03 0 0 경기70아1593 3 36 204000059 277103419 25 
2020-12-06T12:09:02 0 0 경기70아1593 3 36 204000059 277103419 25 
2020-12-06T12:10:01 0 0 경기70아1593 3 36 204000059 277103421 26 
2020-12-06T12:11:01 0 0 경기70아1593 3 36 204000059 277103421 26 
2020-12-06T12:12:00 0 0 경기70아1593 3 36 204000059 122000288 28 
2020-12-06T12:12:59 0 0 경기70아1593 3 36 204000059 122000288 28 
2020-12-06T12:13:59 0 0 경기70아1593 3 36 204000059 122000288 28 
2020-12-06T12:14:58 0 0 경기70아1593 3 36 204000059 122000258 29 
2020-12-06T12:15:58 0 0 경기70아1593 3 36 204000059 122000258 29 
2020-12-06T12:16:57 0 0 경기70아1593 3 36 204000059 122000291 30 
2020-12-06T12:17:57 0 0 경기70아1593 3 36 204000059 122000291 30 
2020-12-06T12:18:57 0 0 경기70아1593 3 36 204000059 122000388 32 
2020-12-06T12:19:56 0 0 경기70아1593 3 36 204000059 122000386 33 
2020-12-06T12:20:56 0 0 경기70아1593 3 36 204000059 122000386 33 
2020-12-06T12:21:56 0 0 경기70아1593 3 36 204000059 122000094 35 
2020-12-06T12:22:56 0 0 경기70아1593 3 36 204000059 122000094 35 
2020-12-06T12:23:56 0 0 경기70아1593 3 36 204000059 122000085 37 
2020-12-06T12:24:55 0 0 경기70아1593 3 36 204000059 122000066 39 
2020-12-06T12:25:56 0 0 경기70아1593 3 36 204000059 122000064 40 
2020-12-06T12:26:55 0 0 경기70아1593 3 36 204000059 122000064 40 
2020-12-06T12:27:54 0 0 경기70아1593 3 36 204000059 122000064 40 
2020-12-06T12:28:54 0 0 경기70아1593 3 38 204000059 122000559 41 
2020-12-06T12:29:54 0 0 경기70아1593 3 39 204000059 122000078 42 
2020-12-06T12:30:54 0 0 경기70아1593 3 39 204000059 122000078 42 
2020-12-06T12:31:53 0 0 경기70아1593 3 39 204000059 122000079 43 
2020-12-06T12:32:53 0 0 경기70아1593 3 39 204000059 122000079 43 
2020-12-06T12:33:53 0 0 경기70아1593 3 39 204000059 122000637 45 
2020-12-06T12:34:53 0 0 경기70아1593 3 39 204000059 122000068 46 
2020-12-06T12:35:53 0 0 경기70아1593 3 39 204000059 122000068 46 
2020-12-06T12:36:53 0 0 경기70아1593 3 39 204000059 122000086 47 
2020-12-06T12:37:53 0 0 경기70아1593 3 39 204000059 122000095 48 
2020-12-06T12:38:53 0 0 경기70아1593 3 39 204000059 122000096 49 
2020-12-06T12:39:52 0 0 경기70아1593 3 39 204000059 122000096 49 
2020-12-06T12:40:52 0 0 경기70아1593 3 39 204000059 122000330 50 
2020-12-06T12:41:52 0 0 경기70아1593 3 39 204000059 122000330 50 
2020-12-06T12:42:51 0 0 경기70아1593 3 39 204000059 122000142 51 
2020-12-06T12:43:51 0 0 경기70아1593 3 39 204000059 122000142 51 
2020-12-06T12:44:50 0 0 경기70아1593 3 39 204000059 122000142 51 
2020-12-06T12:45:50 0 0 경기70아1593 3 39 204000059 122000133 52 
2020-12-06T12:46:50 0 0 경기70아1593 3 39 204000059 122000133 52 
2020-12-06T12:47:50 0 0 경기70아1593 3 39 204000059 122000256 53 
2020-12-06T12:48:50 0 0 경기70아1593 3 39 204000059 122000256 53 
2020-12-06T12:49:49 0 0 경기70아1593 3 39 204000059 122000257 54 
2020-12-06T12:50:49 0 0 경기70아1593 3 39 204000059 122000257 54 
2020-12-06T12:51:49 0 0 경기70아1593 3 39 204000059 122000257 54 
2020-12-06T12:52:49 0 0 경기70아1593 3 39 204000059 122000257 54 
2020-12-06T12:53:48 0 0 경기70아1593 3 39 204000059 122000286 55 
2020-12-06T12:54:47 0 0 경기70아1593 3 37 204000059 122000285 56 
2020-12-06T12:55:46 0 0 경기70아1593 3 37 204000059 122000285 56 
2020-12-06T12:56:46 0 0 경기70아1593 3 37 204000059 277103420 57 
2020-12-06T12:57:45 0 0 경기70아1593 3 37 204000059 277103420 57 
2020-12-06T12:58:45 0 0 경기70아1593 3 37 204000059 277103420 57 
2020-12-06T12:59:44 0 0 경기70아1593 3 37 204000059 277103418 58 
2020-12-06T13:00:44 0 0 경기70아1593 3 37 204000059 277103418 58 
2020-12-06T13:01:43 0 0 경기70아1593 3 37 204000059 277103418 58 
2020-12-06T13:02:43 0 0 경기70아1593 3 37 204000059 277103418 58 
2020-12-06T13:03:43 0 0 경기70아1593 3 37 204000059 277103418 58 
2020-12-06T13:04:43 0 0 경기70아1593 3 37 204000059 277103418 58 
2020-12-06T13:05:43 0 0 경기70아1593 3 37 204000059 277103418 58 
2020-12-06T13:06:42 0 0 경기70아1593 3 37 204000059 277103418 58 
2020-12-06T13:07:42 0 0 경기70아1593 3 37 204000059 277103418 58 
2020-12-06T13:08:41 0 0 경기70아1593 3 37 204000059 277103418 58 
2020-12-06T13:09:41 0 0 경기70아1593 3 37 204000059 277103418 58 
2020-12-06T13:10:40 0 0 경기70아1593 3 37 204000059 277103418 58 
2020-12-06T13:11:40 0 0 경기70아1593 3 37 204000059 277103418 58 
2020-12-06T13:12:40 0 0 경기70아1593 3 37 204000059 205000207 59 
2020-12-06T13:13:40 0 0 경기70아1593 3 38 204000059 205000207 59 
2020-12-06T13:14:39 0 0 경기70아1593 3 38 204000059 205000207 59 
2020-12-06T13:15:39 0 0 경기70아1593 3 38 204000059 205000207 59 
2020-12-06T13:16:38 0 0 경기70아1593 3 38 204000059 205000245 60 
2020-12-06T13:17:37 0 0 경기70아1593 3 38 204000059 205000245 60 
2020-12-06T13:18:37 0 0 경기70아1593 3 38 204000059 206000361 61 
2020-12-06T13:19:38 0 0 경기70아1593 3 39 204000059 206000157 62 
2020-12-06T13:20:37 0 0 경기70아1593 3 39 204000059 206000157 62 
2020-12-06T13:21:36 0 0 경기70아1593 3 39 204000059 206000157 62 
2020-12-06T13:22:36 0 0 경기70아1593 3 39 204000059 206000298 64 
2020-12-06T13:23:36 0 0 경기70아1593 3 39 204000059 206000298 64 
2020-12-06T13:24:36 0 0 경기70아1593 3 39 204000059 206000310 65 
2020-12-06T13:25:36 0 0 경기70아1593 3 39 204000059 204000203 66 
2020-12-06T13:26:36 0 0 경기70아1593 3 39 204000059 204000203 66 
2020-12-06T13:27:35 0 0 경기70아1593 3 39 204000059 204000203 66 
2020-12-06T13:28:34 0 0 경기70아1593 3 39 204000059 204000207 67 
2020-12-06T13:29:34 0 0 경기70아1593 3 39 204000059 204000207 67 
2020-12-06T13:30:34 0 0 경기70아1593 3 39 204000059 206000614 68 
2020-12-06T13:31:34 0 0 경기70아1593 3 39 204000059 206000616 69 
2020-12-06T13:32:34 0 0 경기70아1593 3 39 204000059 206000531 70 
2020-12-06T13:33:33 0 0 경기70아1593 3 39 204000059 206000532 71 
2020-12-06T13:34:33 0 0 경기70아1593 3 39 204000059 206000532 71 
2020-12-06T13:35:33 0 0 경기70아1593 3 39 204000059 206000532 71 
2020-12-06T13:36:32 0 0 경기70아1593 3 39 204000059 206000533 72 
2020-12-06T13:37:32 0 0 경기70아1593 3 39 204000059 206000018 73 
2020-12-06T13:38:32 0 0 경기70아1593 3 39 204000059 206000017 74 
2020-12-06T13:39:32 0 0 경기70아1593 3 39 204000059 206000016 76 
2020-12-06T13:40:31 0 0 경기70아1593 3 39 204000059 206000556 77 
2020-12-06T13:41:30 0 0 경기70아1593 3 39 204000059 206000556 77 
2020-12-06T13:42:30 0 0 경기70아1593 3 39 204000059 206000014 79 
2020-12-06T13:43:30 0 0 경기70아1593 3 39 204000059 206000657 81 
2020-12-06T13:44:29 0 0 경기70아1593 3 39 204000059 206000012 82 
2020-12-06T13:45:29 0 0 경기70아1593 3 39 204000059 206000470 83 
2020-12-06T13:46:28 0 0 경기70아1593 3 39 204000059 206000470 83 
2020-12-06T13:47:28 0 0 경기70아1593 3 39 204000059 206000470 83 
2020-12-06T13:48:28 0 0 경기70아1593 3 39 204000059 206000470 83 
2020-12-06T13:49:27 0 0 경기70아1593 3 39 204000059 206000470 83 
2020-12-06T13:50:27 0 0 경기70아1593 3 39 204000059 206000470 83 
2020-12-06T13:51:26 0 0 경기70아1593 3 39 204000059 206000470 83 
2020-12-06T13:52:26 0 0 경기70아1593 3 39 204000059 206000470 83 
2020-12-06T13:53:26 0 0 경기70아1593 3 39 204000059 206000470 83 
2020-12-06T13:54:26 0 0 경기70아1593 3 39 204000059 206000470 83 
2020-12-06T13:55:25 0 0 경기70아1593 3 39 204000059 206000470 83 
2020-12-06T13:56:25 0 0 경기70아1593 3 39 204000059 206000470 83 
2020-12-06T13:57:25 0 0 경기70아1593 3 39 204000059 206000470 83 
2020-12-06T13:58:24 0 0 경기70아1593 3 39 204000059 206000470 83 
2020-12-06T13:59:24 0 0 경기70아1593 3 39 204000059 206000470 83 
2020-12-06T16:37:39 0 0 경기70아1593 3 39 204000059 206000009 2 
2020-12-06T16:38:39 0 0 경기70아1593 3 39 204000059 206000658 3 
2020-12-06T16:39:38 0 0 경기70아1593 3 39 204000059 206000658 3 
2020-12-06T16:40:38 0 0 경기70아1593 3 39 204000059 206000007 5 
2020-12-06T16:41:37 0 0 경기70아1593 3 39 204000059 206000006 6 
2020-12-06T16:42:37 0 0 경기70아1593 3 39 204000059 206000005 7 
2020-12-06T16:43:36 0 0 경기70아1593 3 39 204000059 206000555 9 
2020-12-06T16:44:36 0 0 경기70아1593 3 39 204000059 206000002 11 
2020-12-06T16:45:35 0 0 경기70아1593 3 39 204000059 206000002 11 
2020-12-06T16:46:35 0 0 경기70아1593 3 39 204000059 206000002 11 
2020-12-06T16:47:35 0 0 경기70아1593 3 39 204000059 206000534 12 
2020-12-06T16:48:35 0 0 경기70아1593 3 39 204000059 206000534 12 
2020-12-06T16:49:34 0 0 경기70아1593 3 38 204000059 206000535 13 
2020-12-06T16:50:34 0 0 경기70아1593 3 38 204000059 206000535 13 
2020-12-06T16:51:34 0 0 경기70아1593 3 38 204000059 206000535 13 
2020-12-06T16:52:34 0 0 경기70아1593 3 38 204000059 206000535 13 
2020-12-06T16:53:33 0 0 경기70아1593 3 38 204000059 206000617 14 
2020-12-06T16:54:33 0 0 경기70아1593 3 38 204000059 204000208 16 
2020-12-06T16:55:33 0 0 경기70아1593 3 38 204000059 204000208 16 
2020-12-06T16:56:32 0 0 경기70아1593 3 38 204000059 204000204 17 
2020-12-06T16:57:32 0 0 경기70아1593 3 38 204000059 206000309 18 
2020-12-06T16:58:32 0 0 경기70아1593 3 38 204000059 206000277 19 
2020-12-06T16:59:32 0 0 경기70아1593 3 38 204000059 206000441 20 
2020-12-06T17:00:31 0 0 경기70아1593 3 39 204000059 206000441 20 
2020-12-06T17:01:31 0 0 경기70아1593 3 39 204000059 206000784 21 
2020-12-06T17:02:31 0 0 경기70아1593 3 39 204000059 205000029 22 
2020-12-06T17:03:30 0 0 경기70아1593 3 39 204000059 205000029 22 
2020-12-06T17:04:29 0 0 경기70아1593 3 39 204000059 205000029 22 
2020-12-06T17:05:29 0 0 경기70아1593 3 39 204000059 205000069 23 
2020-12-06T17:06:29 0 0 경기70아1593 3 39 204000059 205000069 23 
2020-12-06T17:07:28 0 0 경기70아1593 3 39 204000059 277102622 24 
2020-12-06T17:08:28 0 0 경기70아1593 3 39 204000059 277102622 24 
2020-12-06T17:09:28 0 0 경기70아1593 3 39 204000059 277102622 24 
2020-12-06T17:10:28 0 0 경기70아1593 3 39 204000059 277102622 24 
2020-12-06T17:11:28 0 0 경기70아1593 3 39 204000059 277103419 25 
2020-12-06T17:12:27 0 0 경기70아1593 3 39 204000059 277103419 25 
2020-12-06T17:13:26 0 0 경기70아1593 3 39 204000059 277103419 25 
2020-12-06T17:14:26 0 0 경기70아1593 3 39 204000059 277103421 26 
2020-12-06T17:15:26 0 0 경기70아1593 3 39 204000059 277103421 26 
2020-12-06T17:16:26 0 0 경기70아1593 3 39 204000059 122000287 27 
2020-12-06T17:17:26 0 0 경기70아1593 3 39 204000059 122000288 28 
2020-12-06T17:18:26 0 0 경기70아1593 3 39 204000059 122000258 29 
2020-12-06T17:19:26 0 0 경기70아1593 3 39 204000059 122000258 29 
2020-12-06T17:20:25 0 0 경기70아1593 3 39 204000059 122000291 30 
2020-12-06T17:21:25 0 0 경기70아1593 3 39 204000059 122000291 30 
2020-12-06T17:22:24 0 0 경기70아1593 3 39 204000059 122000137 31 
2020-12-06T17:23:24 0 0 경기70아1593 3 39 204000059 122000386 33 
2020-12-06T17:24:24 0 0 경기70아1593 3 39 204000059 122000386 33 
2020-12-06T17:25:23 0 0 경기70아1593 3 39 204000059 122000139 34 
2020-12-06T17:26:23 0 0 경기70아1593 3 39 204000059 122000094 35 
2020-12-06T17:27:23 0 0 경기70아1593 3 39 204000059 122000094 35 
2020-12-06T17:28:23 0 0 경기70아1593 3 39 204000059 122000085 37 
2020-12-06T17:29:23 0 0 경기70아1593 3 39 204000059 122000066 39 
2020-12-06T17:30:22 0 0 경기70아1593 3 39 204000059 122000064 40 
2020-12-06T17:31:22 0 0 경기70아1593 3 39 204000059 122000064 40 
2020-12-06T17:32:22 0 0 경기70아1593 3 39 204000059 122000064 40 
2020-12-06T17:33:22 0 0 경기70아1593 3 39 204000059 122000559 41 
2020-12-06T17:34:22 0 0 경기70아1593 3 39 204000059 122000078 42 
2020-12-06T17:35:22 0 0 경기70아1593 3 39 204000059 122000079 43 
2020-12-06T17:36:21 0 0 경기70아1593 3 39 204000059 122000079 43 
2020-12-06T17:37:21 0 0 경기70아1593 3 39 204000059 122000079 43 
2020-12-06T17:38:21 0 0 경기70아1593 3 39 204000059 122000079 43 
2020-12-06T17:39:20 0 0 경기70아1593 3 39 204000059 122000079 43 
2020-12-06T17:40:20 0 0 경기70아1593 3 39 204000059 122000065 44 
2020-12-06T17:41:20 0 0 경기70아1593 3 39 204000059 122000637 45 
2020-12-06T17:42:20 0 0 경기70아1593 3 39 204000059 122000068 46 
2020-12-06T17:43:19 0 0 경기70아1593 3 39 204000059 122000086 47 
2020-12-06T17:44:19 0 0 경기70아1593 3 39 204000059 122000095 48 
2020-12-06T17:45:19 0 0 경기70아1593 3 38 204000059 122000096 49 
2020-12-06T17:46:19 0 0 경기70아1593 3 38 204000059 122000096 49 
2020-12-06T17:47:19 0 0 경기70아1593 3 38 204000059 122000330 50 
2020-12-06T17:48:19 0 0 경기70아1593 3 38 204000059 122000330 50 
2020-12-06T17:49:18 0 0 경기70아1593 3 38 204000059 122000142 51 
2020-12-06T17:50:17 0 0 경기70아1593 3 38 204000059 122000142 51 
2020-12-06T17:51:16 0 0 경기70아1593 3 38 204000059 122000142 51 
2020-12-06T17:52:15 0 0 경기70아1593 3 38 204000059 122000133 52 
2020-12-06T17:53:15 0 0 경기70아1593 3 38 204000059 122000133 52 
2020-12-06T17:54:15 0 0 경기70아1593 3 38 204000059 122000133 52 
2020-12-06T17:55:15 0 0 경기70아1593 3 38 204000059 122000256 53 
2020-12-06T17:56:14 0 0 경기70아1593 3 38 204000059 122000257 54 
2020-12-06T17:57:14 0 0 경기70아1593 3 38 204000059 122000257 54 
2020-12-06T17:58:14 0 0 경기70아1593 3 38 204000059 122000257 54 
2020-12-06T17:59:14 0 0 경기70아1593 3 38 204000059 122000257 54 
2020-12-06T18:00:13 0 0 경기70아1593 3 38 204000059 122000285 56 
2020-12-06T18:01:13 0 0 경기70아1593 3 37 204000059 122000285 56 
2020-12-06T18:02:13 0 0 경기70아1593 3 37 204000059 122000285 56 
2020-12-06T18:03:12 0 0 경기70아1593 3 37 204000059 277103420 57 
2020-12-06T18:04:12 0 0 경기70아1593 3 37 204000059 277103420 57 
2020-12-06T18:05:12 0 0 경기70아1593 3 37 204000059 277103420 57 
2020-12-06T18:06:12 0 0 경기70아1593 3 37 204000059 277103418 58 
2020-12-06T18:07:11 0 0 경기70아1593 3 37 204000059 277103418 58 
2020-12-06T18:08:11 0 0 경기70아1593 3 37 204000059 277103418 58 
2020-12-06T18:09:10 0 0 경기70아1593 3 37 204000059 277103418 58 
2020-12-06T18:10:10 0 0 경기70아1593 3 37 204000059 277103418 58 
2020-12-06T18:11:09 0 0 경기70아1593 3 37 204000059 277103418 58 
2020-12-06T18:12:09 0 0 경기70아1593 3 37 204000059 277103418 58 
2020-12-06T18:13:09 0 0 경기70아1593 3 37 204000059 205000207 59 
