204000059 2020-12-22T22:14:47.448714+09:00
2020-12-23T04:48:20 0 0 경기70아1593 3 39 204000059 206000009 2 
2020-12-23T04:49:20 0 0 경기70아1593 3 38 204000059 206000658 3 
2020-12-23T04:50:19 2 0 경기70아1593 3 38 204000059 206000558 4 
2020-12-23T04:51:19 2 0 경기70아1593 3 38 204000059 206000007 5 
2020-12-23T04:52:18 2 0 경기70아1593 3 38 204000059 206000006 6 
2020-12-23T04:53:17 2 0 경기70아1593 3 38 204000059 206000555 9 
2020-12-23T04:54:17 2 0 경기70아1593 3 38 204000059 206000002 11 
2020-12-23T04:55:16 2 0 경기70아1593 3 38 204000059 206000002 11 
2020-12-23T04:56:16 2 0 경기70아1593 3 38 204000059 206000534 12 
2020-12-23T04:57:15 2 0 경기70아1593 3 38 204000059 206000535 13 
2020-12-23T04:58:14 2 0 경기70아1593 3 38 204000059 206000535 13 
2020-12-23T04:59:15 2 0 경기70아1593 3 38 204000059 206000535 13 
2020-12-23T05:00:14 2 0 경기70아1593 3 38 204000059 206000617 14 
2020-12-23T05:01:13 2 0 경기70아1593 3 38 204000059 206000617 14 
2020-12-23T05:02:13 2 0 경기70아1593 3 38 204000059 206000615 15 
2020-12-23T05:03:13 2 0 경기70아1593 3 37 204000059 204000208 16 
2020-12-23T05:04:13 2 0 경기70아1593 3 37 204000059 204000204 17 
2020-12-23T05:05:13 2 0 경기70아1593 3 37 204000059 206000277 19 
2020-12-23T05:06:13 2 0 경기70아1593 3 38 204000059 206000277 19 
2020-12-23T05:07:12 2 0 경기70아1593 3 38 204000059 206000441 20 
2020-12-23T05:08:12 2 0 경기70아1593 3 37 204000059 206000784 21 
2020-12-23T05:09:11 2 0 경기70아1593 3 37 204000059 206000784 21 
2020-12-23T05:10:11 2 0 경기70아1593 3 37 204000059 205000029 22 
2020-12-23T05:11:10 2 0 경기70아1593 3 37 204000059 205000029 22 
2020-12-23T05:12:09 2 0 경기70아1593 3 37 204000059 205000069 23 
2020-12-23T05:13:08 2 0 경기70아1593 3 37 204000059 205000069 23 
2020-12-23T05:14:07 2 0 경기70아1593 3 37 204000059 205000069 23 
2020-12-23T05:15:07 2 0 경기70아1593 3 37 204000059 277102622 24 
2020-12-23T05:16:06 2 0 경기70아1593 3 37 204000059 277102622 24 
2020-12-23T05:17:06 2 0 경기70아1593 3 37 204000059 277102622 24 
2020-12-23T05:18:05 2 0 경기70아1593 3 37 204000059 277103419 25 
2020-12-23T05:19:05 2 0 경기70아1593 3 37 204000059 277103419 25 
2020-12-23T05:20:04 2 0 경기70아1593 3 37 204000059 277103419 25 
2020-12-23T05:21:04 2 0 경기70아1593 3 37 204000059 277103421 26 
2020-12-23T05:22:04 2 0 경기70아1593 3 38 204000059 122000287 27 
2020-12-23T05:23:03 2 0 경기70아1593 3 38 204000059 122000288 28 
2020-12-23T05:24:03 2 0 경기70아1593 3 38 204000059 122000288 28 
2020-12-23T05:25:02 2 0 경기70아1593 3 38 204000059 122000258 29 
2020-12-23T05:26:02 2 0 경기70아1593 3 38 204000059 122000258 29 
2020-12-23T05:27:02 2 0 경기70아1593 3 39 204000059 122000291 30 
2020-12-23T05:28:01 2 0 경기70아1593 3 39 204000059 122000291 30 
2020-12-23T05:29:01 2 0 경기70아1593 3 39 204000059 122000388 32 
2020-12-23T05:30:00 2 0 경기70아1593 3 39 204000059 122000386 33 
2020-12-23T05:31:00 2 0 경기70아1593 3 39 204000059 122000386 33 
2020-12-23T05:32:00 0 0 경기70아1593 3 39 204000059 122000094 35 
2020-12-23T05:32:59 0 0 경기70아1593 3 39 204000059 122000094 35 
2020-12-23T05:33:59 0 0 경기70아1593 3 39 204000059 122000089 36 
2020-12-23T05:34:58 0 0 경기70아1593 3 39 204000059 122000066 39 
2020-12-23T05:35:58 0 0 경기70아1593 3 39 204000059 122000066 39 
2020-12-23T05:36:58 0 0 경기70아1593 3 39 204000059 122000064 40 
2020-12-23T05:37:58 0 0 경기70아1593 3 39 204000059 122000064 40 
2020-12-23T05:38:58 0 0 경기70아1593 3 39 204000059 122000559 41 
2020-12-23T05:39:57 0 0 경기70아1593 3 39 204000059 122000078 42 
2020-12-23T05:40:57 0 0 경기70아1593 3 39 204000059 122000079 43 
2020-12-23T05:41:56 0 0 경기70아1593 3 39 204000059 122000079 43 
2020-12-23T05:42:56 0 0 경기70아1593 3 39 204000059 122000637 45 
2020-12-23T05:43:55 0 0 경기70아1593 3 39 204000059 122000068 46 
2020-12-23T05:44:54 0 0 경기70아1593 3 39 204000059 122000068 46 
2020-12-23T05:45:54 0 0 경기70아1593 3 39 204000059 122000086 47 
2020-12-23T05:46:54 0 0 경기70아1593 3 39 204000059 122000096 49 
2020-12-23T05:47:53 0 0 경기70아1593 3 39 204000059 122000096 49 
2020-12-23T05:48:52 0 0 경기70아1593 3 39 204000059 122000096 49 
2020-12-23T05:49:52 0 0 경기70아1593 3 39 204000059 122000330 50 
2020-12-23T05:50:51 0 0 경기70아1593 3 39 204000059 122000330 50 
2020-12-23T05:51:51 0 0 경기70아1593 3 39 204000059 122000142 51 
2020-12-23T05:52:50 0 0 경기70아1593 3 39 204000059 122000142 51 
2020-12-23T05:53:49 0 0 경기70아1593 3 39 204000059 122000133 52 
2020-12-23T05:54:49 0 0 경기70아1593 3 39 204000059 122000133 52 
2020-12-23T05:55:49 0 0 경기70아1593 3 39 204000059 122000133 52 
2020-12-23T05:56:48 0 0 경기70아1593 3 39 204000059 122000256 53 
2020-12-23T05:57:48 0 0 경기70아1593 3 39 204000059 122000257 54 
2020-12-23T05:58:48 0 0 경기70아1593 3 39 204000059 122000257 54 
2020-12-23T05:59:47 0 0 경기70아1593 3 39 204000059 122000257 54 
2020-12-23T06:00:47 0 0 경기70아1593 3 39 204000059 122000257 54 
2020-12-23T06:01:47 0 0 경기70아1593 3 39 204000059 122000257 54 
2020-12-23T06:02:46 0 0 경기70아1593 3 39 204000059 122000285 56 
2020-12-23T06:03:46 0 0 경기70아1593 3 39 204000059 122000285 56 
2020-12-23T06:04:45 0 0 경기70아1593 3 39 204000059 277103420 57 
2020-12-23T06:05:45 0 0 경기70아1593 3 39 204000059 277103420 57 
2020-12-23T06:06:44 0 0 경기70아1593 3 39 204000059 277103420 57 
2020-12-23T06:07:44 0 0 경기70아1593 3 39 204000059 277103418 58 
2020-12-23T06:08:43 0 0 경기70아1593 3 39 204000059 277103418 58 
2020-12-23T06:09:43 0 0 경기70아1593 3 39 204000059 277103418 58 
2020-12-23T06:10:42 0 0 경기70아1593 3 39 204000059 277103418 58 
2020-12-23T06:11:42 0 0 경기70아1593 3 39 204000059 277103418 58 
2020-12-23T06:12:42 0 0 경기70아1593 3 39 204000059 277103418 58 
2020-12-23T06:13:41 0 0 경기70아1593 3 39 204000059 205000207 59 
2020-12-23T06:14:40 0 0 경기70아1593 3 39 204000059 205000207 59 
2020-12-23T06:15:40 0 0 경기70아1593 3 39 204000059 205000207 59 
2020-12-23T06:16:39 0 0 경기70아1593 3 39 204000059 206000361 61 
2020-12-23T06:17:39 0 0 경기70아1593 3 39 204000059 206000361 61 
2020-12-23T06:18:39 0 0 경기70아1593 3 39 204000059 206000157 62 
2020-12-23T06:19:39 0 0 경기70아1593 3 39 204000059 206000392 63 
2020-12-23T06:20:38 0 0 경기70아1593 3 39 204000059 206000298 64 
2020-12-23T06:21:38 0 0 경기70아1593 3 39 204000059 206000298 64 
2020-12-23T06:22:38 0 0 경기70아1593 3 39 204000059 204000203 66 
2020-12-23T06:23:37 0 0 경기70아1593 3 39 204000059 204000207 67 
2020-12-23T06:24:37 0 0 경기70아1593 3 39 204000059 206000614 68 
2020-12-23T06:25:36 0 0 경기70아1593 3 39 204000059 206000614 68 
2020-12-23T06:26:36 0 0 경기70아1593 3 39 204000059 206000616 69 
2020-12-23T06:27:35 0 0 경기70아1593 3 39 204000059 206000616 69 
2020-12-23T06:28:35 0 0 경기70아1593 3 39 204000059 206000531 70 
2020-12-23T06:29:34 0 0 경기70아1593 3 39 204000059 206000531 70 
2020-12-23T06:30:34 0 0 경기70아1593 3 39 204000059 206000532 71 
2020-12-23T06:31:34 0 0 경기70아1593 3 39 204000059 206000532 71 
2020-12-23T06:32:33 0 0 경기70아1593 3 39 204000059 206000532 71 
2020-12-23T06:33:33 0 0 경기70아1593 3 39 204000059 206000533 72 
2020-12-23T06:34:33 0 0 경기70아1593 3 39 204000059 206000018 73 
2020-12-23T06:35:32 0 0 경기70아1593 3 39 204000059 206000018 73 
2020-12-23T06:36:32 0 0 경기70아1593 3 39 204000059 206000016 76 
2020-12-23T06:37:31 0 0 경기70아1593 3 39 204000059 206000015 78 
2020-12-23T06:38:31 0 0 경기70아1593 3 39 204000059 206000014 79 
2020-12-23T06:39:31 0 0 경기70아1593 3 39 204000059 206000657 81 
2020-12-23T06:40:30 0 0 경기70아1593 3 39 204000059 206000470 83 
2020-12-23T06:41:30 0 0 경기70아1593 3 39 204000059 206000470 83 
2020-12-23T06:42:30 0 0 경기70아1593 3 39 204000059 206000470 83 
2020-12-23T06:43:30 0 0 경기70아1593 3 39 204000059 206000470 83 
2020-12-23T06:44:29 0 0 경기70아1593 3 39 204000059 206000470 83 
2020-12-23T06:45:29 0 0 경기70아1593 3 39 204000059 206000470 83 
2020-12-23T06:46:29 0 0 경기70아1593 3 39 204000059 206000470 83 
2020-12-23T06:47:29 0 0 경기70아1593 3 39 204000059 206000470 83 
2020-12-23T06:48:29 0 0 경기70아1593 3 39 204000059 206000470 83 
2020-12-23T06:49:29 0 0 경기70아1593 3 39 204000059 206000470 83 
2020-12-23T06:50:28 0 0 경기70아1593 3 39 204000059 206000470 83 
2020-12-23T06:51:28 0 0 경기70아1593 3 39 204000059 206000470 83 
2020-12-23T06:52:28 0 0 경기70아1593 3 39 204000059 206000470 83 
2020-12-23T06:53:27 0 0 경기70아1593 3 39 204000059 206000470 83 
2020-12-23T06:54:27 0 0 경기70아1593 3 39 204000059 206000470 83 
2020-12-23T07:31:11 0 0 경기70아1593 3 39 204000059 206000658 3 
2020-12-23T07:32:10 0 0 경기70아1593 3 39 204000059 206000658 3 
2020-12-23T07:33:10 0 0 경기70아1593 3 39 204000059 206000558 4 
2020-12-23T07:34:09 0 0 경기70아1593 3 39 204000059 206000007 5 
2020-12-23T07:35:09 0 0 경기70아1593 3 39 204000059 206000005 7 
2020-12-23T07:36:08 0 0 경기70아1593 3 39 204000059 206000005 7 
2020-12-23T07:37:07 0 0 경기70아1593 3 39 204000059 206000005 7 
2020-12-23T07:38:07 0 0 경기70아1593 3 39 204000059 206000004 8 
2020-12-23T07:39:06 0 0 경기70아1593 3 39 204000059 206000004 8 
2020-12-23T07:40:06 0 0 경기70아1593 3 39 204000059 206000004 8 
2020-12-23T07:41:06 0 0 경기70아1593 3 39 204000059 206000003 10 
2020-12-23T07:42:05 0 0 경기70아1593 3 38 204000059 206000003 10 
2020-12-23T07:43:04 0 0 경기70아1593 3 38 204000059 206000002 11 
2020-12-23T07:44:04 0 0 경기70아1593 3 38 204000059 206000002 11 
2020-12-23T07:45:03 0 0 경기70아1593 3 38 204000059 206000534 12 
2020-12-23T07:46:03 0 0 경기70아1593 3 38 204000059 206000534 12 
2020-12-23T07:47:02 0 0 경기70아1593 3 37 204000059 206000535 13 
2020-12-23T07:48:01 0 0 경기70아1593 3 37 204000059 206000535 13 
2020-12-23T07:49:00 0 0 경기70아1593 3 37 204000059 206000535 13 
2020-12-23T07:49:59 0 0 경기70아1593 3 37 204000059 206000617 14 
2020-12-23T07:50:59 0 0 경기70아1593 3 36 204000059 206000615 15 
2020-12-23T07:51:59 0 0 경기70아1593 3 36 204000059 206000615 15 
2020-12-23T07:52:59 0 0 경기70아1593 3 36 204000059 204000208 16 
2020-12-23T07:53:59 0 0 경기70아1593 3 36 204000059 204000204 17 
2020-12-23T07:54:58 0 0 경기70아1593 3 37 204000059 206000309 18 
2020-12-23T07:55:58 0 0 경기70아1593 3 36 204000059 206000277 19 
2020-12-23T07:56:57 0 0 경기70아1593 3 35 204000059 206000441 20 
2020-12-23T07:57:56 0 0 경기70아1593 3 35 204000059 206000441 20 
2020-12-23T07:58:56 0 0 경기70아1593 3 33 204000059 206000784 21 
2020-12-23T07:59:56 0 0 경기70아1593 3 33 204000059 206000784 21 
2020-12-23T08:00:55 0 0 경기70아1593 3 33 204000059 206000784 21 
2020-12-23T08:01:55 0 0 경기70아1593 3 33 204000059 205000029 22 
2020-12-23T08:02:55 0 0 경기70아1593 3 33 204000059 205000029 22 
2020-12-23T08:03:54 0 0 경기70아1593 3 33 204000059 205000029 22 
2020-12-23T08:04:54 0 0 경기70아1593 3 33 204000059 205000069 23 
2020-12-23T08:05:53 0 0 경기70아1593 3 33 204000059 205000069 23 
2020-12-23T08:06:53 0 0 경기70아1593 3 33 204000059 277102622 24 
2020-12-23T08:07:53 0 0 경기70아1593 3 33 204000059 277102622 24 
2020-12-23T08:08:53 0 0 경기70아1593 3 33 204000059 277102622 24 
2020-12-23T08:09:52 0 0 경기70아1593 3 33 204000059 277102622 24 
2020-12-23T08:10:51 0 0 경기70아1593 3 33 204000059 277102622 24 
2020-12-23T08:11:50 0 0 경기70아1593 3 33 204000059 277102622 24 
2020-12-23T08:12:49 0 0 경기70아1593 3 33 204000059 277102622 24 
2020-12-23T08:13:48 0 0 경기70아1593 3 33 204000059 277103419 25 
2020-12-23T08:14:47 0 0 경기70아1593 3 33 204000059 277103419 25 
2020-12-23T08:15:47 0 0 경기70아1593 3 33 204000059 277103419 25 
2020-12-23T08:16:47 0 0 경기70아1593 3 33 204000059 277103419 25 
2020-12-23T08:17:46 0 0 경기70아1593 3 33 204000059 277103419 25 
2020-12-23T08:18:46 0 0 경기70아1593 3 33 204000059 277103419 25 
2020-12-23T08:19:46 0 0 경기70아1593 3 33 204000059 277103419 25 
2020-12-23T08:20:46 0 0 경기70아1593 3 33 204000059 277103419 25 
2020-12-23T08:21:45 0 0 경기70아1593 3 33 204000059 277103419 25 
2020-12-23T08:22:44 0 0 경기70아1593 3 33 204000059 277103419 25 
2020-12-23T08:23:44 0 0 경기70아1593 3 33 204000059 277103419 25 
2020-12-23T08:24:43 0 0 경기70아1593 3 33 204000059 277103419 25 
2020-12-23T08:25:43 0 0 경기70아1593 3 33 204000059 277103419 25 
2020-12-23T08:26:42 0 0 경기70아1593 3 33 204000059 277103419 25 
2020-12-23T08:27:41 0 0 경기70아1593 3 33 204000059 277103421 26 
2020-12-23T08:28:41 0 0 경기70아1593 3 33 204000059 277103421 26 
2020-12-23T08:29:41 0 0 경기70아1593 3 33 204000059 277103421 26 
2020-12-23T08:30:40 0 0 경기70아1593 3 34 204000059 122000287 27 
2020-12-23T08:31:39 0 0 경기70아1593 3 34 204000059 122000287 27 
2020-12-23T08:32:38 0 0 경기70아1593 3 34 204000059 122000287 27 
2020-12-23T08:33:38 0 0 경기70아1593 3 34 204000059 122000288 28 
2020-12-23T08:34:37 0 0 경기70아1593 3 34 204000059 122000258 29 
2020-12-23T08:35:36 0 0 경기70아1593 3 34 204000059 122000291 30 
2020-12-23T08:36:36 0 0 경기70아1593 3 34 204000059 122000291 30 
2020-12-23T08:37:36 0 0 경기70아1593 3 34 204000059 122000137 31 
2020-12-23T08:38:35 0 0 경기70아1593 3 34 204000059 122000137 31 
2020-12-23T08:39:35 0 0 경기70아1593 3 34 204000059 122000137 31 
2020-12-23T08:40:34 0 0 경기70아1593 3 34 204000059 122000137 31 
2020-12-23T08:41:34 0 0 경기70아1593 3 35 204000059 122000388 32 
2020-12-23T08:42:34 0 0 경기70아1593 3 35 204000059 122000386 33 
2020-12-23T08:43:33 0 0 경기70아1593 3 36 204000059 122000139 34 
2020-12-23T08:44:32 0 0 경기70아1593 3 36 204000059 122000139 34 
2020-12-23T08:45:32 0 0 경기70아1593 3 36 204000059 122000094 35 
2020-12-23T08:46:31 0 0 경기70아1593 3 37 204000059 122000094 35 
2020-12-23T08:47:31 0 0 경기70아1593 3 37 204000059 122000089 36 
2020-12-23T08:48:30 0 0 경기70아1593 3 37 204000059 122000085 37 
2020-12-23T08:49:29 0 0 경기70아1593 3 37 204000059 122000069 38 
2020-12-23T08:50:29 0 0 경기70아1593 3 37 204000059 122000066 39 
2020-12-23T08:51:29 0 0 경기70아1593 3 37 204000059 122000066 39 
2020-12-23T08:52:28 0 0 경기70아1593 3 37 204000059 122000066 39 
2020-12-23T08:53:27 0 0 경기70아1593 3 37 204000059 122000064 40 
2020-12-23T08:54:26 0 0 경기70아1593 3 37 204000059 122000064 40 
2020-12-23T08:55:25 0 0 경기70아1593 3 38 204000059 122000064 40 
2020-12-23T08:56:25 0 0 경기70아1593 3 38 204000059 122000559 41 
2020-12-23T08:57:25 0 0 경기70아1593 3 38 204000059 122000559 41 
2020-12-23T08:58:24 0 0 경기70아1593 3 39 204000059 122000078 42 
2020-12-23T08:59:23 0 0 경기70아1593 3 39 204000059 122000078 42 
2020-12-23T09:00:22 0 0 경기70아1593 3 39 204000059 122000079 43 
2020-12-23T09:01:22 0 0 경기70아1593 3 39 204000059 122000079 43 
2020-12-23T09:02:22 0 0 경기70아1593 3 39 204000059 122000079 43 
2020-12-23T09:03:21 0 0 경기70아1593 3 39 204000059 122000065 44 
2020-12-23T09:04:21 0 0 경기70아1593 3 39 204000059 122000068 46 
2020-12-23T09:05:20 0 0 경기70아1593 3 39 204000059 122000068 46 
2020-12-23T09:06:20 0 0 경기70아1593 3 39 204000059 122000068 46 
2020-12-23T09:07:19 0 0 경기70아1593 3 39 204000059 122000086 47 
2020-12-23T09:08:18 0 0 경기70아1593 3 39 204000059 122000095 48 
2020-12-23T09:09:17 0 0 경기70아1593 3 39 204000059 122000096 49 
2020-12-23T09:10:17 0 0 경기70아1593 3 39 204000059 122000096 49 
2020-12-23T09:11:16 0 0 경기70아1593 3 39 204000059 122000330 50 
2020-12-23T09:12:16 0 0 경기70아1593 3 39 204000059 122000142 51 
2020-12-23T09:13:15 0 0 경기70아1593 3 39 204000059 122000142 51 
2020-12-23T09:14:15 0 0 경기70아1593 3 39 204000059 122000133 52 
2020-12-23T09:15:14 0 0 경기70아1593 3 39 204000059 122000256 53 
2020-12-23T09:16:14 0 0 경기70아1593 3 39 204000059 122000257 54 
2020-12-23T09:17:13 0 0 경기70아1593 3 39 204000059 122000257 54 
2020-12-23T09:18:12 0 0 경기70아1593 3 39 204000059 122000257 54 
2020-12-23T09:19:11 0 0 경기70아1593 3 39 204000059 122000257 54 
2020-12-23T09:20:11 0 0 경기70아1593 3 39 204000059 122000285 56 
2020-12-23T09:21:10 0 0 경기70아1593 3 39 204000059 122000285 56 
2020-12-23T09:22:10 0 0 경기70아1593 3 39 204000059 277103420 57 
2020-12-23T09:23:10 0 0 경기70아1593 3 39 204000059 277103420 57 
2020-12-23T09:24:09 0 0 경기70아1593 3 39 204000059 277103420 57 
2020-12-23T09:25:08 0 0 경기70아1593 3 39 204000059 277103418 58 
2020-12-23T09:26:08 0 0 경기70아1593 3 39 204000059 277103418 58 
2020-12-23T09:27:07 0 0 경기70아1593 3 39 204000059 277103418 58 
2020-12-23T09:28:06 0 0 경기70아1593 3 39 204000059 277103418 58 
2020-12-23T09:29:06 0 0 경기70아1593 3 39 204000059 277103418 58 
2020-12-23T09:30:06 0 0 경기70아1593 3 39 204000059 277103418 58 
2020-12-23T09:31:05 0 0 경기70아1593 3 39 204000059 205000207 59 
2020-12-23T09:32:04 0 0 경기70아1593 3 39 204000059 205000207 59 
2020-12-23T09:33:03 0 0 경기70아1593 3 39 204000059 205000207 59 
2020-12-23T09:34:03 0 0 경기70아1593 3 39 204000059 205000245 60 
2020-12-23T09:35:02 0 0 경기70아1593 3 39 204000059 205000245 60 
2020-12-23T09:36:02 0 0 경기70아1593 3 39 204000059 205000245 60 
2020-12-23T09:37:01 0 0 경기70아1593 3 39 204000059 206000361 61 
2020-12-23T09:38:01 0 0 경기70아1593 3 39 204000059 206000157 62 
2020-12-23T09:39:01 0 0 경기70아1593 3 39 204000059 206000157 62 
2020-12-23T09:40:00 0 0 경기70아1593 3 39 204000059 206000392 63 
2020-12-23T09:40:59 0 0 경기70아1593 3 39 204000059 206000298 64 
2020-12-23T09:41:59 0 0 경기70아1593 3 39 204000059 206000298 64 
2020-12-23T09:42:58 0 0 경기70아1593 3 39 204000059 206000310 65 
2020-12-23T09:43:57 0 0 경기70아1593 3 39 204000059 204000203 66 
2020-12-23T09:44:58 0 0 경기70아1593 3 39 204000059 204000203 66 
2020-12-23T09:45:57 0 0 경기70아1593 3 39 204000059 204000203 66 
2020-12-23T09:46:57 0 0 경기70아1593 3 39 204000059 204000207 67 
2020-12-23T09:47:57 0 0 경기70아1593 3 39 204000059 206000614 68 
2020-12-23T09:48:57 0 0 경기70아1593 3 39 204000059 206000616 69 
2020-12-23T09:49:56 0 0 경기70아1593 3 39 204000059 206000531 70 
2020-12-23T09:50:56 0 0 경기70아1593 3 39 204000059 206000531 70 
2020-12-23T09:51:55 0 0 경기70아1593 3 39 204000059 206000532 71 
2020-12-23T09:52:55 0 0 경기70아1593 3 39 204000059 206000532 71 
2020-12-23T09:53:54 0 0 경기70아1593 3 39 204000059 206000532 71 
2020-12-23T09:54:53 0 0 경기70아1593 3 39 204000059 206000533 72 
2020-12-23T09:55:52 0 0 경기70아1593 3 39 204000059 206000017 74 
2020-12-23T09:56:52 0 0 경기70아1593 3 39 204000059 206000554 75 
2020-12-23T09:57:51 0 0 경기70아1593 3 39 204000059 206000554 75 
2020-12-23T09:58:51 0 0 경기70아1593 3 39 204000059 206000016 76 
2020-12-23T09:59:50 0 0 경기70아1593 3 39 204000059 206000556 77 
2020-12-23T10:00:50 0 0 경기70아1593 3 39 204000059 206000014 79 
2020-12-23T10:01:49 0 0 경기70아1593 3 39 204000059 206000657 81 
2020-12-23T10:02:48 0 0 경기70아1593 3 39 204000059 206000012 82 
2020-12-23T10:03:48 0 0 경기70아1593 3 39 204000059 206000470 83 
2020-12-23T10:04:47 0 0 경기70아1593 3 39 204000059 206000470 83 
2020-12-23T10:05:47 0 0 경기70아1593 3 39 204000059 206000470 83 
2020-12-23T10:06:47 0 0 경기70아1593 3 39 204000059 206000470 83 
2020-12-23T10:07:46 0 0 경기70아1593 3 39 204000059 206000470 83 
2020-12-23T10:08:46 0 0 경기70아1593 3 39 204000059 206000470 83 
2020-12-23T10:09:45 0 0 경기70아1593 3 39 204000059 206000470 83 
2020-12-23T10:10:44 0 0 경기70아1593 3 39 204000059 206000470 83 
2020-12-23T10:11:44 0 0 경기70아1593 3 39 204000059 206000470 83 
2020-12-23T10:12:43 0 0 경기70아1593 3 39 204000059 206000470 83 
2020-12-23T10:13:42 0 0 경기70아1593 3 39 204000059 206000470 83 
2020-12-23T10:14:42 0 0 경기70아1593 3 39 204000059 206000470 83 
2020-12-23T10:15:41 0 0 경기70아1593 3 39 204000059 206000470 83 
2020-12-23T10:16:41 0 0 경기70아1593 3 39 204000059 206000470 83 
2020-12-23T10:17:41 0 0 경기70아1593 3 39 204000059 206000470 83 
2020-12-23T11:31:07 0 0 경기70아1593 3 39 204000059 206000009 2 
2020-12-23T11:32:07 0 0 경기70아1593 3 39 204000059 206000658 3 
2020-12-23T11:33:06 0 0 경기70아1593 3 39 204000059 206000558 4 
2020-12-23T11:34:06 0 0 경기70아1593 3 39 204000059 206000007 5 
2020-12-23T11:35:05 0 0 경기70아1593 3 39 204000059 206000006 6 
2020-12-23T11:36:04 0 0 경기70아1593 3 39 204000059 206000005 7 
2020-12-23T11:37:04 0 0 경기70아1593 3 39 204000059 206000005 7 
2020-12-23T11:38:03 0 0 경기70아1593 3 39 204000059 206000555 9 
2020-12-23T11:39:03 0 0 경기70아1593 3 39 204000059 206000003 10 
2020-12-23T11:40:02 0 0 경기70아1593 3 39 204000059 206000003 10 
2020-12-23T11:41:02 0 0 경기70아1593 3 39 204000059 206000002 11 
2020-12-23T11:42:02 0 0 경기70아1593 3 39 204000059 206000002 11 
2020-12-23T11:43:01 0 0 경기70아1593 3 39 204000059 206000534 12 
2020-12-23T11:44:01 0 0 경기70아1593 3 39 204000059 206000534 12 
2020-12-23T11:45:01 0 0 경기70아1593 3 39 204000059 206000535 13 
2020-12-23T11:46:00 0 0 경기70아1593 3 39 204000059 206000535 13 
2020-12-23T11:47:00 0 0 경기70아1593 3 39 204000059 206000535 13 
2020-12-23T11:47:59 0 0 경기70아1593 3 39 204000059 206000617 14 
2020-12-23T11:48:59 0 0 경기70아1593 3 39 204000059 206000615 15 
2020-12-23T11:49:58 0 0 경기70아1593 3 39 204000059 204000208 16 
2020-12-23T11:50:58 0 0 경기70아1593 3 39 204000059 204000204 17 
2020-12-23T11:51:58 0 0 경기70아1593 3 39 204000059 206000309 18 
2020-12-23T11:52:58 0 0 경기70아1593 3 39 204000059 206000277 19 
2020-12-23T11:53:57 0 0 경기70아1593 3 39 204000059 206000441 20 
2020-12-23T11:54:57 0 0 경기70아1593 3 39 204000059 206000784 21 
2020-12-23T11:55:57 0 0 경기70아1593 3 38 204000059 206000784 21 
2020-12-23T11:56:57 0 0 경기70아1593 3 38 204000059 206000784 21 
2020-12-23T11:57:56 0 0 경기70아1593 3 38 204000059 205000029 22 
2020-12-23T11:58:56 0 0 경기70아1593 3 38 204000059 205000029 22 
2020-12-23T11:59:56 0 0 경기70아1593 3 38 204000059 205000069 23 
2020-12-23T12:00:55 0 0 경기70아1593 3 38 204000059 205000069 23 
2020-12-23T12:01:55 0 0 경기70아1593 3 38 204000059 205000069 23 
2020-12-23T12:02:54 0 0 경기70아1593 3 38 204000059 277102622 24 
2020-12-23T12:03:54 0 0 경기70아1593 3 38 204000059 277102622 24 
2020-12-23T12:04:53 0 0 경기70아1593 3 38 204000059 277102622 24 
2020-12-23T12:05:53 0 0 경기70아1593 3 38 204000059 277102622 24 
2020-12-23T12:06:53 0 0 경기70아1593 3 38 204000059 277103419 25 
2020-12-23T12:07:52 0 0 경기70아1593 3 38 204000059 277103419 25 
2020-12-23T12:08:51 0 0 경기70아1593 3 38 204000059 277103419 25 
2020-12-23T12:09:50 0 0 경기70아1593 3 38 204000059 277103419 25 
2020-12-23T12:10:50 0 0 경기70아1593 3 38 204000059 277103419 25 
2020-12-23T12:11:49 0 0 경기70아1593 3 38 204000059 277103419 25 
2020-12-23T12:12:49 0 0 경기70아1593 3 38 204000059 277103419 25 
2020-12-23T12:13:49 0 0 경기70아1593 3 38 204000059 277103421 26 
2020-12-23T12:14:49 0 0 경기70아1593 3 38 204000059 122000288 28 
2020-12-23T12:15:48 0 0 경기70아1593 3 38 204000059 122000288 28 
2020-12-23T12:16:47 0 0 경기70아1593 3 38 204000059 122000288 28 
2020-12-23T12:17:47 0 0 경기70아1593 3 38 204000059 122000258 29 
2020-12-23T12:18:46 0 0 경기70아1593 3 38 204000059 122000291 30 
2020-12-23T12:19:46 0 0 경기70아1593 3 38 204000059 122000291 30 
2020-12-23T12:20:45 0 0 경기70아1593 3 38 204000059 122000137 31 
2020-12-23T12:21:45 0 0 경기70아1593 3 38 204000059 122000137 31 
2020-12-23T12:22:44 0 0 경기70아1593 3 38 204000059 122000137 31 
2020-12-23T12:23:43 0 0 경기70아1593 3 38 204000059 122000386 33 
2020-12-23T12:24:43 0 0 경기70아1593 3 38 204000059 122000139 34 
2020-12-23T12:25:43 0 0 경기70아1593 3 38 204000059 122000139 34 
2020-12-23T12:26:43 0 0 경기70아1593 3 38 204000059 122000094 35 
2020-12-23T12:27:42 0 0 경기70아1593 3 38 204000059 122000094 35 
2020-12-23T12:28:42 0 0 경기70아1593 3 38 204000059 122000089 36 
2020-12-23T12:29:42 0 0 경기70아1593 3 38 204000059 122000069 38 
2020-12-23T12:30:42 0 0 경기70아1593 3 38 204000059 122000066 39 
2020-12-23T12:31:41 0 0 경기70아1593 3 38 204000059 122000066 39 
2020-12-23T12:32:41 0 0 경기70아1593 3 38 204000059 122000064 40 
2020-12-23T12:33:41 0 0 경기70아1593 3 39 204000059 122000064 40 
2020-12-23T12:34:40 0 0 경기70아1593 3 39 204000059 122000559 41 
2020-12-23T12:35:40 0 0 경기70아1593 3 39 204000059 122000559 41 
2020-12-23T12:36:39 0 0 경기70아1593 3 39 204000059 122000078 42 
2020-12-23T12:37:39 0 0 경기70아1593 3 39 204000059 122000078 42 
2020-12-23T12:38:39 0 0 경기70아1593 3 39 204000059 122000078 42 
2020-12-23T12:39:38 0 0 경기70아1593 3 39 204000059 122000079 43 
2020-12-23T12:40:37 0 0 경기70아1593 3 39 204000059 122000065 44 
2020-12-23T12:41:36 0 0 경기70아1593 3 39 204000059 122000637 45 
2020-12-23T12:42:36 0 0 경기70아1593 3 39 204000059 122000068 46 
2020-12-23T12:43:36 0 0 경기70아1593 3 39 204000059 122000068 46 
2020-12-23T12:44:36 0 0 경기70아1593 3 39 204000059 122000086 47 
2020-12-23T12:45:36 0 0 경기70아1593 3 39 204000059 122000095 48 
2020-12-23T12:46:35 0 0 경기70아1593 3 38 204000059 122000096 49 
2020-12-23T12:47:35 0 0 경기70아1593 3 38 204000059 122000330 50 
2020-12-23T12:48:34 0 0 경기70아1593 3 38 204000059 122000330 50 
2020-12-23T12:49:33 0 0 경기70아1593 3 38 204000059 122000330 50 
2020-12-23T12:50:33 0 0 경기70아1593 3 38 204000059 122000133 52 
2020-12-23T12:51:33 0 0 경기70아1593 3 38 204000059 122000133 52 
2020-12-23T12:52:32 0 0 경기70아1593 3 38 204000059 122000133 52 
2020-12-23T12:53:31 0 0 경기70아1593 3 38 204000059 122000256 53 
2020-12-23T12:54:31 0 0 경기70아1593 3 38 204000059 122000257 54 
2020-12-23T12:55:30 0 0 경기70아1593 3 38 204000059 122000257 54 
2020-12-23T12:56:29 0 0 경기70아1593 3 38 204000059 122000257 54 
2020-12-23T12:57:29 0 0 경기70아1593 3 38 204000059 122000257 54 
2020-12-23T12:58:28 0 0 경기70아1593 3 38 204000059 122000286 55 
2020-12-23T12:59:28 0 0 경기70아1593 3 38 204000059 122000285 56 
2020-12-23T13:00:27 0 0 경기70아1593 3 38 204000059 277103420 57 
2020-12-23T13:01:27 0 0 경기70아1593 3 38 204000059 277103420 57 
2020-12-23T13:02:27 0 0 경기70아1593 3 38 204000059 277103420 57 
2020-12-23T13:03:26 0 0 경기70아1593 3 38 204000059 277103418 58 
2020-12-23T13:04:26 0 0 경기70아1593 3 38 204000059 277103418 58 
2020-12-23T13:05:26 0 0 경기70아1593 3 38 204000059 277103418 58 
2020-12-23T13:06:26 0 0 경기70아1593 3 38 204000059 277103418 58 
2020-12-23T13:07:25 0 0 경기70아1593 3 38 204000059 277103418 58 
2020-12-23T13:08:25 0 0 경기70아1593 3 38 204000059 277103418 58 
2020-12-23T13:09:25 0 0 경기70아1593 3 38 204000059 277103418 58 
2020-12-23T13:10:24 0 0 경기70아1593 3 38 204000059 205000207 59 
2020-12-23T13:11:24 0 0 경기70아1593 3 38 204000059 205000207 59 
2020-12-23T13:12:24 0 0 경기70아1593 3 38 204000059 205000245 60 
2020-12-23T13:13:23 0 0 경기70아1593 3 38 204000059 205000245 60 
2020-12-23T13:14:23 0 0 경기70아1593 3 38 204000059 206000157 62 
2020-12-23T13:15:22 0 0 경기70아1593 3 38 204000059 206000392 63 
2020-12-23T13:16:21 0 0 경기70아1593 3 38 204000059 206000298 64 
2020-12-23T13:17:21 0 0 경기70아1593 3 38 204000059 206000310 65 
2020-12-23T13:18:21 0 0 경기70아1593 3 38 204000059 204000203 66 
2020-12-23T13:19:21 0 0 경기70아1593 3 38 204000059 204000203 66 
2020-12-23T13:20:20 0 0 경기70아1593 3 38 204000059 204000203 66 
2020-12-23T13:21:20 0 0 경기70아1593 3 38 204000059 204000207 67 
2020-12-23T13:22:20 0 0 경기70아1593 3 38 204000059 206000614 68 
2020-12-23T13:23:20 0 0 경기70아1593 3 38 204000059 206000614 68 
2020-12-23T13:24:20 0 0 경기70아1593 3 38 204000059 206000616 69 
2020-12-23T13:25:19 0 0 경기70아1593 3 38 204000059 206000616 69 
2020-12-23T13:26:18 0 0 경기70아1593 3 38 204000059 206000531 70 
2020-12-23T13:27:18 0 0 경기70아1593 3 38 204000059 206000531 70 
2020-12-23T13:28:17 0 0 경기70아1593 3 38 204000059 206000532 71 
2020-12-23T13:29:17 0 0 경기70아1593 3 38 204000059 206000532 71 
2020-12-23T13:30:17 0 0 경기70아1593 3 38 204000059 206000532 71 
2020-12-23T13:31:17 0 0 경기70아1593 3 38 204000059 206000532 71 
2020-12-23T13:32:17 0 0 경기70아1593 3 38 204000059 206000532 71 
2020-12-23T13:33:17 0 0 경기70아1593 3 38 204000059 206000533 72 
2020-12-23T13:34:16 0 0 경기70아1593 3 38 204000059 206000533 72 
2020-12-23T13:35:16 0 0 경기70아1593 3 38 204000059 206000018 73 
2020-12-23T13:36:15 0 0 경기70아1593 3 38 204000059 206000554 75 
2020-12-23T13:37:15 0 0 경기70아1593 3 38 204000059 206000554 75 
2020-12-23T13:38:15 0 0 경기70아1593 3 38 204000059 206000554 75 
2020-12-23T13:39:14 0 0 경기70아1593 3 38 204000059 206000556 77 
2020-12-23T13:40:14 0 0 경기70아1593 3 39 204000059 206000015 78 
2020-12-23T13:41:14 0 0 경기70아1593 3 39 204000059 206000015 78 
2020-12-23T13:42:13 0 0 경기70아1593 3 39 204000059 206000014 79 
2020-12-23T13:43:13 0 0 경기70아1593 3 39 204000059 206000557 80 
2020-12-23T13:44:12 0 0 경기70아1593 3 39 204000059 206000012 82 
2020-12-23T13:45:12 0 0 경기70아1593 3 39 204000059 206000470 83 
2020-12-23T13:46:11 0 0 경기70아1593 3 39 204000059 206000470 83 
2020-12-23T13:47:11 0 0 경기70아1593 3 39 204000059 206000470 83 
2020-12-23T13:48:11 0 0 경기70아1593 3 39 204000059 206000470 83 
2020-12-23T13:49:10 0 0 경기70아1593 3 39 204000059 206000470 83 
2020-12-23T13:50:10 0 0 경기70아1593 3 39 204000059 206000470 83 
2020-12-23T13:51:09 0 0 경기70아1593 3 39 204000059 206000470 83 
2020-12-23T13:52:09 0 0 경기70아1593 3 39 204000059 206000470 83 
2020-12-23T13:53:09 0 0 경기70아1593 3 39 204000059 206000470 83 
2020-12-23T13:54:08 0 0 경기70아1593 3 39 204000059 206000470 83 
2020-12-23T13:55:08 0 0 경기70아1593 3 39 204000059 206000470 83 
2020-12-23T13:56:07 0 0 경기70아1593 3 39 204000059 206000470 83 
2020-12-23T13:57:07 0 0 경기70아1593 3 39 204000059 206000470 83 
2020-12-23T13:58:07 0 0 경기70아1593 3 39 204000059 206000470 83 
2020-12-23T13:59:06 0 0 경기70아1593 3 39 204000059 206000470 83 
2020-12-23T16:41:06 0 0 경기70아1593 3 39 204000059 206000009 2 
2020-12-23T16:42:05 0 0 경기70아1593 3 39 204000059 206000658 3 
2020-12-23T16:43:04 0 0 경기70아1593 3 39 204000059 206000558 4 
2020-12-23T16:44:03 0 0 경기70아1593 3 39 204000059 206000007 5 
2020-12-23T16:45:03 0 0 경기70아1593 3 39 204000059 206000006 6 
2020-12-23T16:46:02 0 0 경기70아1593 3 38 204000059 206000005 7 
2020-12-23T16:47:01 0 0 경기70아1593 3 38 204000059 206000005 7 
2020-12-23T16:48:01 0 0 경기70아1593 3 38 204000059 206000004 8 
2020-12-23T16:49:00 0 0 경기70아1593 3 38 204000059 206000003 10 
2020-12-23T16:50:00 0 0 경기70아1593 3 38 204000059 206000003 10 
2020-12-23T16:51:00 0 0 경기70아1593 3 38 204000059 206000002 11 
2020-12-23T16:51:59 0 0 경기70아1593 3 38 204000059 206000002 11 
2020-12-23T16:52:58 0 0 경기70아1593 3 38 204000059 206000002 11 
2020-12-23T16:53:58 0 0 경기70아1593 3 38 204000059 206000534 12 
2020-12-23T16:54:58 0 0 경기70아1593 3 38 204000059 206000534 12 
2020-12-23T16:55:57 0 0 경기70아1593 3 38 204000059 206000535 13 
2020-12-23T16:56:57 0 0 경기70아1593 3 38 204000059 206000535 13 
2020-12-23T16:57:56 0 0 경기70아1593 3 38 204000059 206000535 13 
2020-12-23T16:58:56 0 0 경기70아1593 3 38 204000059 206000617 14 
2020-12-23T16:59:56 0 0 경기70아1593 3 38 204000059 206000617 14 
2020-12-23T17:00:56 0 0 경기70아1593 3 38 204000059 206000615 15 
2020-12-23T17:01:56 0 0 경기70아1593 3 38 204000059 204000208 16 
2020-12-23T17:02:55 0 0 경기70아1593 3 36 204000059 204000208 16 
2020-12-23T17:03:55 0 0 경기70아1593 3 36 204000059 206000309 18 
2020-12-23T17:04:55 0 0 경기70아1593 3 36 204000059 206000277 19 
2020-12-23T17:05:55 0 0 경기70아1593 3 36 204000059 206000277 19 
2020-12-23T17:06:55 0 0 경기70아1593 3 36 204000059 206000277 19 
2020-12-23T17:07:54 0 0 경기70아1593 3 36 204000059 206000441 20 
2020-12-23T17:08:53 0 0 경기70아1593 3 36 204000059 206000441 20 
2020-12-23T17:09:53 0 0 경기70아1593 3 36 204000059 206000784 21 
2020-12-23T17:10:53 0 0 경기70아1593 3 36 204000059 206000784 21 
2020-12-23T17:11:53 0 0 경기70아1593 3 36 204000059 206000784 21 
2020-12-23T17:12:52 0 0 경기70아1593 3 35 204000059 206000784 21 
2020-12-23T17:13:51 0 0 경기70아1593 3 35 204000059 205000029 22 
2020-12-23T17:14:51 0 0 경기70아1593 3 35 204000059 205000029 22 
2020-12-23T17:15:51 0 0 경기70아1593 3 36 204000059 205000069 23 
2020-12-23T17:16:51 0 0 경기70아1593 3 36 204000059 205000069 23 
2020-12-23T17:17:50 0 0 경기70아1593 3 36 204000059 205000069 23 
2020-12-23T17:18:50 0 0 경기70아1593 3 36 204000059 205000069 23 
2020-12-23T17:19:50 0 0 경기70아1593 3 36 204000059 277102622 24 
2020-12-23T17:20:50 0 0 경기70아1593 3 36 204000059 277102622 24 
2020-12-23T17:21:49 0 0 경기70아1593 3 36 204000059 277102622 24 
2020-12-23T17:22:49 0 0 경기70아1593 3 36 204000059 277102622 24 
2020-12-23T17:23:48 0 0 경기70아1593 3 36 204000059 277102622 24 
2020-12-23T17:24:48 0 0 경기70아1593 3 36 204000059 277102622 24 
2020-12-23T17:25:47 0 0 경기70아1593 3 36 204000059 277102622 24 
2020-12-23T17:26:47 0 0 경기70아1593 3 36 204000059 277102622 24 
2020-12-23T17:27:47 0 0 경기70아1593 3 36 204000059 277102622 24 
2020-12-23T17:28:47 0 0 경기70아1593 3 36 204000059 277103419 25 
2020-12-23T17:29:47 0 0 경기70아1593 3 36 204000059 277103419 25 
2020-12-23T17:30:46 0 0 경기70아1593 3 36 204000059 277103419 25 
2020-12-23T17:31:46 0 0 경기70아1593 3 36 204000059 277103419 25 
2020-12-23T17:32:46 0 0 경기70아1593 3 36 204000059 277103419 25 
2020-12-23T17:33:45 0 0 경기70아1593 3 36 204000059 277103419 25 
2020-12-23T17:34:45 0 0 경기70아1593 3 36 204000059 277103419 25 
2020-12-23T17:35:44 0 0 경기70아1593 3 36 204000059 277103419 25 
2020-12-23T17:36:44 0 0 경기70아1593 3 36 204000059 277103419 25 
2020-12-23T17:37:44 0 0 경기70아1593 3 36 204000059 277103419 25 
2020-12-23T17:38:44 0 0 경기70아1593 3 36 204000059 277103419 25 
2020-12-23T17:39:43 0 0 경기70아1593 3 36 204000059 277103419 25 
2020-12-23T17:40:43 0 0 경기70아1593 3 36 204000059 277103419 25 
2020-12-23T17:41:42 0 0 경기70아1593 3 36 204000059 277103419 25 
2020-12-23T17:42:42 0 0 경기70아1593 3 36 204000059 277103419 25 
2020-12-23T17:43:42 0 0 경기70아1593 3 36 204000059 277103419 25 
2020-12-23T17:44:41 0 0 경기70아1593 3 36 204000059 277103419 25 
2020-12-23T17:45:40 0 0 경기70아1593 3 36 204000059 277103421 26 
2020-12-23T17:46:40 0 0 경기70아1593 3 36 204000059 277103421 26 
2020-12-23T17:47:40 0 0 경기70아1593 3 37 204000059 122000287 27 
2020-12-23T17:48:40 0 0 경기70아1593 3 36 204000059 122000288 28 
2020-12-23T17:49:39 0 0 경기70아1593 3 36 204000059 122000258 29 
2020-12-23T17:50:39 0 0 경기70아1593 3 36 204000059 122000291 30 
2020-12-23T17:51:39 0 0 경기70아1593 3 36 204000059 122000291 30 
2020-12-23T17:52:38 0 0 경기70아1593 3 36 204000059 122000137 31 
2020-12-23T17:53:38 0 0 경기70아1593 3 36 204000059 122000137 31 
2020-12-23T17:54:38 0 0 경기70아1593 3 36 204000059 122000137 31 
2020-12-23T17:55:37 0 0 경기70아1593 3 36 204000059 122000386 33 
2020-12-23T17:56:37 0 0 경기70아1593 3 37 204000059 122000139 34 
2020-12-23T17:57:37 0 0 경기70아1593 3 37 204000059 122000139 34 
2020-12-23T17:58:36 0 0 경기70아1593 3 37 204000059 122000094 35 
2020-12-23T17:59:36 0 0 경기70아1593 3 37 204000059 122000094 35 
2020-12-23T18:00:36 0 0 경기70아1593 3 39 204000059 122000094 35 
2020-12-23T18:01:36 0 0 경기70아1593 3 39 204000059 122000089 36 
2020-12-23T18:02:36 0 0 경기70아1593 3 39 204000059 122000089 36 
2020-12-23T18:03:35 0 0 경기70아1593 3 39 204000059 122000085 37 
2020-12-23T18:04:36 0 0 경기70아1593 3 39 204000059 122000066 39 
2020-12-23T18:05:35 0 0 경기70아1593 3 39 204000059 122000066 39 
2020-12-23T18:06:35 0 0 경기70아1593 3 39 204000059 122000066 39 
2020-12-23T18:07:34 0 0 경기70아1593 3 39 204000059 122000064 40 
2020-12-23T18:08:34 0 0 경기70아1593 3 39 204000059 122000064 40 
2020-12-23T18:09:34 0 0 경기70아1593 3 39 204000059 122000064 40 
2020-12-23T18:10:33 0 0 경기70아1593 3 38 204000059 122000559 41 
2020-12-23T18:11:32 0 0 경기70아1593 3 38 204000059 122000559 41 
2020-12-23T18:12:32 0 0 경기70아1593 3 38 204000059 122000559 41 
2020-12-23T18:13:31 0 0 경기70아1593 3 37 204000059 122000078 42 
2020-12-23T18:14:31 0 0 경기70아1593 3 37 204000059 122000078 42 
2020-12-23T18:15:31 0 0 경기70아1593 3 37 204000059 122000079 43 
2020-12-23T18:16:30 0 0 경기70아1593 3 37 204000059 122000079 43 
2020-12-23T18:17:30 0 0 경기70아1593 3 37 204000059 122000079 43 
2020-12-23T18:18:29 0 0 경기70아1593 3 37 204000059 122000079 43 
2020-12-23T18:19:29 0 0 경기70아1593 3 37 204000059 122000065 44 
2020-12-23T18:20:29 0 0 경기70아1593 3 37 204000059 122000637 45 
2020-12-23T18:21:28 0 0 경기70아1593 3 37 204000059 122000068 46 
2020-12-23T18:22:28 0 0 경기70아1593 3 36 204000059 122000068 46 
2020-12-23T18:23:28 0 0 경기70아1593 3 36 204000059 122000086 47 
2020-12-23T18:24:27 0 0 경기70아1593 3 35 204000059 122000095 48 
2020-12-23T18:25:27 0 0 경기70아1593 3 35 204000059 122000096 49 
2020-12-23T18:26:27 0 0 경기70아1593 3 34 204000059 122000096 49 
2020-12-23T18:27:26 0 0 경기70아1593 3 33 204000059 122000330 50 
2020-12-23T18:28:26 0 0 경기70아1593 3 33 204000059 122000330 50 
2020-12-23T18:29:25 0 0 경기70아1593 3 33 204000059 122000330 50 
2020-12-23T18:30:25 0 0 경기70아1593 3 33 204000059 122000142 51 
2020-12-23T18:31:25 0 0 경기70아1593 3 33 204000059 122000142 51 
2020-12-23T18:32:24 0 0 경기70아1593 3 33 204000059 122000142 51 
2020-12-23T18:33:24 0 0 경기70아1593 3 33 204000059 122000133 52 
2020-12-23T18:34:24 0 0 경기70아1593 3 33 204000059 122000133 52 
2020-12-23T18:35:23 0 0 경기70아1593 3 33 204000059 122000133 52 
2020-12-23T18:36:23 0 0 경기70아1593 3 33 204000059 122000256 53 
2020-12-23T18:37:23 0 0 경기70아1593 3 33 204000059 122000257 54 
2020-12-23T18:38:23 0 0 경기70아1593 3 33 204000059 122000257 54 
2020-12-23T18:39:23 0 0 경기70아1593 3 33 204000059 122000257 54 
2020-12-23T18:40:22 0 0 경기70아1593 3 33 204000059 122000286 55 
2020-12-23T18:41:22 0 0 경기70아1593 3 33 204000059 122000285 56 
2020-12-23T18:42:22 0 0 경기70아1593 3 33 204000059 122000285 56 
2020-12-23T18:43:22 0 0 경기70아1593 3 33 204000059 122000285 56 
2020-12-23T18:44:21 0 0 경기70아1593 3 33 204000059 277103420 57 
2020-12-23T18:45:20 0 0 경기70아1593 3 33 204000059 277103420 57 
2020-12-23T18:46:20 0 0 경기70아1593 3 33 204000059 277103420 57 
2020-12-23T18:47:19 0 0 경기70아1593 3 33 204000059 277103420 57 
2020-12-23T18:48:19 0 0 경기70아1593 3 33 204000059 277103420 57 
2020-12-23T18:49:18 0 0 경기70아1593 3 33 204000059 277103420 57 
2020-12-23T18:50:18 0 0 경기70아1593 3 33 204000059 277103418 58 
2020-12-23T18:51:18 0 0 경기70아1593 3 33 204000059 277103418 58 
2020-12-23T18:52:18 0 0 경기70아1593 3 33 204000059 277103418 58 
2020-12-23T18:53:17 0 0 경기70아1593 3 33 204000059 277103418 58 
2020-12-23T18:54:17 0 0 경기70아1593 3 33 204000059 277103418 58 
2020-12-23T18:55:16 0 0 경기70아1593 3 33 204000059 277103418 58 
2020-12-23T18:56:16 0 0 경기70아1593 3 33 204000059 277103418 58 
2020-12-23T18:57:16 0 0 경기70아1593 3 33 204000059 205000207 59 
2020-12-23T18:58:16 0 0 경기70아1593 3 33 204000059 205000207 59 
2020-12-23T18:59:16 0 0 경기70아1593 3 33 204000059 205000207 59 
2020-12-23T19:00:16 0 0 경기70아1593 3 33 204000059 205000207 59 
2020-12-23T19:01:16 0 0 경기70아1593 3 35 204000059 205000245 60 
2020-12-23T19:02:15 0 0 경기70아1593 3 35 204000059 205000245 60 
2020-12-23T19:03:15 0 0 경기70아1593 3 35 204000059 206000361 61 
2020-12-23T19:04:14 0 0 경기70아1593 3 35 204000059 206000361 61 
2020-12-23T19:05:14 0 0 경기70아1593 3 36 204000059 206000157 62 
2020-12-23T19:06:14 0 0 경기70아1593 3 37 204000059 206000157 62 
2020-12-23T19:07:13 0 0 경기70아1593 3 38 204000059 206000392 63 
2020-12-23T19:08:13 0 0 경기70아1593 3 38 204000059 206000392 63 
2020-12-23T19:09:13 0 0 경기70아1593 3 38 204000059 206000298 64 
2020-12-23T19:10:13 0 0 경기70아1593 3 38 204000059 206000310 65 
2020-12-23T19:11:13 0 0 경기70아1593 3 38 204000059 206000310 65 
2020-12-23T19:12:12 0 0 경기70아1593 3 38 204000059 204000203 66 
2020-12-23T19:13:12 0 0 경기70아1593 3 38 204000059 204000203 66 
2020-12-23T19:14:11 0 0 경기70아1593 3 38 204000059 204000207 67 
2020-12-23T19:15:11 0 0 경기70아1593 3 38 204000059 204000207 67 
2020-12-23T19:16:10 0 0 경기70아1593 3 38 204000059 206000614 68 
2020-12-23T19:17:10 0 0 경기70아1593 3 38 204000059 206000614 68 
2020-12-23T19:18:10 0 0 경기70아1593 3 38 204000059 206000614 68 
2020-12-23T19:19:10 0 0 경기70아1593 3 38 204000059 206000616 69 
2020-12-23T19:20:10 0 0 경기70아1593 3 39 204000059 206000531 70 
2020-12-23T19:21:09 0 0 경기70아1593 3 39 204000059 206000532 71 
2020-12-23T19:22:08 0 0 경기70아1593 3 39 204000059 206000532 71 
2020-12-23T19:23:08 0 0 경기70아1593 3 39 204000059 206000532 71 
2020-12-23T19:24:08 0 0 경기70아1593 3 39 204000059 206000532 71 
2020-12-23T19:25:08 0 0 경기70아1593 3 39 204000059 206000533 72 
2020-12-23T19:26:08 0 0 경기70아1593 3 39 204000059 206000018 73 
2020-12-23T19:27:07 0 0 경기70아1593 3 39 204000059 206000017 74 
2020-12-23T19:28:07 0 0 경기70아1593 3 39 204000059 206000017 74 
2020-12-23T19:29:07 0 0 경기70아1593 3 39 204000059 206000554 75 
2020-12-23T19:30:07 0 0 경기70아1593 3 39 204000059 206000554 75 
2020-12-23T19:31:06 0 0 경기70아1593 3 39 204000059 206000016 76 
2020-12-23T19:32:06 0 0 경기70아1593 3 39 204000059 206000556 77 
2020-12-23T19:33:06 0 0 경기70아1593 3 39 204000059 206000014 79 
2020-12-23T19:34:06 0 0 경기70아1593 3 39 204000059 206000014 79 
2020-12-23T19:35:06 0 0 경기70아1593 3 39 204000059 206000014 79 
2020-12-23T19:36:06 0 0 경기70아1593 3 39 204000059 206000657 81 
2020-12-23T19:37:06 0 0 경기70아1593 3 39 204000059 206000012 82 
2020-12-23T20:00:54 1 0 경기70아1593 3 39 204000059 206000009 2 
2020-12-23T20:01:54 0 0 경기70아1593 3 39 204000059 206000009 2 
2020-12-23T20:02:53 0 0 경기70아1593 3 39 204000059 206000558 4 
2020-12-23T20:03:53 0 0 경기70아1593 3 39 204000059 206000007 5 
2020-12-23T20:04:53 0 0 경기70아1593 3 39 204000059 206000006 6 
2020-12-23T20:05:52 0 0 경기70아1593 3 39 204000059 206000006 6 
2020-12-23T20:06:51 0 0 경기70아1593 3 39 204000059 206000005 7 
2020-12-23T20:07:51 0 0 경기70아1593 3 39 204000059 206000004 8 
2020-12-23T20:08:50 0 0 경기70아1593 3 39 204000059 206000003 10 
2020-12-23T20:09:50 0 0 경기70아1593 3 39 204000059 206000003 10 
2020-12-23T20:10:49 0 0 경기70아1593 3 39 204000059 206000002 11 
2020-12-23T20:11:49 0 0 경기70아1593 3 39 204000059 206000534 12 
2020-12-23T20:12:49 0 0 경기70아1593 3 39 204000059 206000534 12 
2020-12-23T20:13:49 0 0 경기70아1593 3 39 204000059 206000534 12 
2020-12-23T20:14:48 0 0 경기70아1593 3 39 204000059 206000535 13 
2020-12-23T20:15:48 0 0 경기70아1593 3 39 204000059 206000535 13 
2020-12-23T20:16:48 0 0 경기70아1593 3 39 204000059 206000617 14 
2020-12-23T20:17:48 0 0 경기70아1593 3 39 204000059 206000615 15 
2020-12-23T20:18:47 0 0 경기70아1593 3 39 204000059 206000615 15 
2020-12-23T20:19:47 0 0 경기70아1593 3 39 204000059 204000204 17 
2020-12-23T20:20:47 0 0 경기70아1593 3 39 204000059 204000204 17 
2020-12-23T20:21:47 0 0 경기70아1593 3 39 204000059 206000309 18 
2020-12-23T20:22:47 0 0 경기70아1593 3 39 204000059 206000309 18 
2020-12-23T20:23:46 0 0 경기70아1593 3 39 204000059 206000277 19 
2020-12-23T20:24:46 0 0 경기70아1593 3 39 204000059 206000277 19 
2020-12-23T20:25:46 0 0 경기70아1593 3 39 204000059 206000441 20 
2020-12-23T20:26:46 0 0 경기70아1593 3 39 204000059 206000441 20 
2020-12-23T20:27:46 0 0 경기70아1593 3 39 204000059 206000784 21 
2020-12-23T20:28:45 0 0 경기70아1593 3 39 204000059 206000784 21 
2020-12-23T20:29:45 0 0 경기70아1593 3 39 204000059 205000029 22 
2020-12-23T20:30:44 0 0 경기70아1593 3 39 204000059 205000029 22 
2020-12-23T20:31:44 0 0 경기70아1593 3 39 204000059 205000029 22 
2020-12-23T20:32:44 0 0 경기70아1593 3 39 204000059 205000069 23 
2020-12-23T20:33:44 0 0 경기70아1593 3 39 204000059 205000069 23 
2020-12-23T20:34:43 0 0 경기70아1593 3 39 204000059 205000069 23 
2020-12-23T20:35:43 0 0 경기70아1593 3 39 204000059 205000069 23 
2020-12-23T20:36:43 0 0 경기70아1593 3 39 204000059 277102622 24 
2020-12-23T20:37:43 0 0 경기70아1593 3 39 204000059 277102622 24 
2020-12-23T20:38:43 0 0 경기70아1593 3 39 204000059 277102622 24 
2020-12-23T20:39:42 0 0 경기70아1593 3 39 204000059 277102622 24 
2020-12-23T20:40:42 0 0 경기70아1593 3 39 204000059 277103419 25 
2020-12-23T20:41:42 0 0 경기70아1593 3 39 204000059 277103419 25 
2020-12-23T20:42:41 0 0 경기70아1593 3 39 204000059 277103419 25 
2020-12-23T20:43:41 0 0 경기70아1593 3 39 204000059 277103419 25 
2020-12-23T20:44:40 0 0 경기70아1593 3 39 204000059 277103419 25 
2020-12-23T20:45:39 0 0 경기70아1593 3 39 204000059 277103419 25 
2020-12-23T20:46:39 0 0 경기70아1593 3 39 204000059 277103419 25 
2020-12-23T20:47:39 0 0 경기70아1593 3 39 204000059 277103419 25 
2020-12-23T20:48:39 0 0 경기70아1593 3 39 204000059 277103421 26 
2020-12-23T20:49:38 0 0 경기70아1593 3 39 204000059 277103421 26 
2020-12-23T20:50:38 0 0 경기70아1593 3 39 204000059 122000288 28 
2020-12-23T20:51:38 0 0 경기70아1593 3 39 204000059 122000258 29 
2020-12-23T20:52:37 0 0 경기70아1593 3 39 204000059 122000291 30 
2020-12-23T20:53:37 0 0 경기70아1593 3 39 204000059 122000291 30 
2020-12-23T20:54:36 0 0 경기70아1593 3 39 204000059 122000137 31 
2020-12-23T20:55:36 0 0 경기70아1593 3 39 204000059 122000137 31 
2020-12-23T20:56:35 0 0 경기70아1593 3 39 204000059 122000137 31 
2020-12-23T20:57:35 0 0 경기70아1593 3 39 204000059 122000386 33 
2020-12-23T20:58:35 0 0 경기70아1593 3 39 204000059 122000139 34 
2020-12-23T20:59:35 0 0 경기70아1593 3 39 204000059 122000139 34 
2020-12-23T21:00:34 0 0 경기70아1593 3 39 204000059 122000094 35 
2020-12-23T21:01:33 0 0 경기70아1593 3 39 204000059 122000094 35 
2020-12-23T21:02:32 0 0 경기70아1593 3 39 204000059 122000089 36 
2020-12-23T21:03:32 0 0 경기70아1593 3 39 204000059 122000089 36 
2020-12-23T21:04:31 0 0 경기70아1593 3 39 204000059 122000069 38 
2020-12-23T21:05:30 0 0 경기70아1593 3 39 204000059 122000066 39 
2020-12-23T21:06:30 0 0 경기70아1593 3 39 204000059 122000066 39 
2020-12-23T21:07:29 0 0 경기70아1593 3 39 204000059 122000066 39 
2020-12-23T21:08:28 0 0 경기70아1593 3 39 204000059 122000066 39 
2020-12-23T21:09:28 0 0 경기70아1593 3 39 204000059 122000064 40 
2020-12-23T21:10:28 0 0 경기70아1593 3 39 204000059 122000559 41 
2020-12-23T21:11:28 0 0 경기70아1593 3 38 204000059 122000559 41 
2020-12-23T21:12:27 0 0 경기70아1593 3 38 204000059 122000078 42 
2020-12-23T21:13:27 0 0 경기70아1593 3 37 204000059 122000078 42 
2020-12-23T21:14:27 0 0 경기70아1593 3 37 204000059 122000078 42 
2020-12-23T21:15:27 0 0 경기70아1593 3 37 204000059 122000079 43 
2020-12-23T21:16:27 0 0 경기70아1593 3 37 204000059 122000079 43 
2020-12-23T21:17:26 0 0 경기70아1593 3 37 204000059 122000079 43 
2020-12-23T21:18:25 0 0 경기70아1593 3 37 204000059 122000065 44 
2020-12-23T21:19:25 0 0 경기70아1593 3 37 204000059 122000065 44 
2020-12-23T21:20:25 0 0 경기70아1593 3 37 204000059 122000637 45 
2020-12-23T21:21:25 0 0 경기70아1593 3 37 204000059 122000068 46 
2020-12-23T21:22:25 0 0 경기70아1593 3 36 204000059 122000068 46 
2020-12-23T21:23:25 0 0 경기70아1593 3 36 204000059 122000086 47 
2020-12-23T21:24:24 0 0 경기70아1593 3 35 204000059 122000095 48 
2020-12-23T21:25:24 0 0 경기70아1593 3 34 204000059 122000096 49 
2020-12-23T21:26:24 0 0 경기70아1593 3 34 204000059 122000096 49 
2020-12-23T21:27:23 0 0 경기70아1593 3 34 204000059 122000330 50 
2020-12-23T21:28:23 0 0 경기70아1593 3 34 204000059 122000330 50 
2020-12-23T21:29:23 0 0 경기70아1593 3 34 204000059 122000142 51 
2020-12-23T21:30:23 0 0 경기70아1593 3 34 204000059 122000133 52 
2020-12-23T21:31:23 0 0 경기70아1593 3 34 204000059 122000133 52 
2020-12-23T21:32:22 0 0 경기70아1593 3 34 204000059 122000256 53 
2020-12-23T21:33:22 0 0 경기70아1593 3 34 204000059 122000256 53 
2020-12-23T21:34:22 0 0 경기70아1593 3 34 204000059 122000256 53 
2020-12-23T21:35:22 0 0 경기70아1593 3 34 204000059 122000257 54 
2020-12-23T21:36:21 0 0 경기70아1593 3 34 204000059 122000257 54 
2020-12-23T21:37:21 0 0 경기70아1593 3 34 204000059 122000257 54 
2020-12-23T21:38:20 0 0 경기70아1593 3 34 204000059 122000286 55 
2020-12-23T21:39:19 0 0 경기70아1593 3 34 204000059 122000285 56 
2020-12-23T21:40:19 0 0 경기70아1593 3 34 204000059 277103420 57 
2020-12-23T21:41:19 0 0 경기70아1593 3 34 204000059 277103420 57 
2020-12-23T21:42:19 0 0 경기70아1593 3 34 204000059 277103420 57 
2020-12-23T21:43:18 0 0 경기70아1593 3 34 204000059 277103420 57 
2020-12-23T21:44:18 0 0 경기70아1593 3 34 204000059 277103418 58 
2020-12-23T21:45:18 0 0 경기70아1593 3 34 204000059 277103418 58 
2020-12-23T21:46:17 0 0 경기70아1593 3 34 204000059 277103418 58 
2020-12-23T21:47:17 0 0 경기70아1593 3 34 204000059 277103418 58 
2020-12-23T21:48:17 0 0 경기70아1593 3 34 204000059 277103418 58 
2020-12-23T21:49:17 0 0 경기70아1593 3 34 204000059 277103418 58 
2020-12-23T21:50:17 0 0 경기70아1593 3 34 204000059 205000207 59 
2020-12-23T21:51:16 0 0 경기70아1593 3 34 204000059 205000207 59 
2020-12-23T21:52:16 0 0 경기70아1593 3 34 204000059 205000245 60 
2020-12-23T21:53:16 0 0 경기70아1593 3 34 204000059 205000245 60 
2020-12-23T21:54:16 0 0 경기70아1593 3 34 204000059 206000361 61 
2020-12-23T21:55:16 0 0 경기70아1593 3 36 204000059 206000157 62 
2020-12-23T21:56:15 0 0 경기70아1593 3 36 204000059 206000392 63 
2020-12-23T21:57:14 0 0 경기70아1593 3 36 204000059 206000298 64 
2020-12-23T21:58:14 0 0 경기70아1593 3 36 204000059 206000310 65 
2020-12-23T21:59:13 0 0 경기70아1593 3 37 204000059 204000203 66 
2020-12-23T22:00:13 0 0 경기70아1593 3 37 204000059 204000203 66 
2020-12-23T22:01:13 0 0 경기70아1593 3 37 204000059 204000203 66 
2020-12-23T22:02:13 0 0 경기70아1593 3 37 204000059 204000207 67 
2020-12-23T22:03:12 0 0 경기70아1593 3 38 204000059 204000207 67 
2020-12-23T22:04:12 0 0 경기70아1593 3 38 204000059 206000614 68 
2020-12-23T22:05:11 0 0 경기70아1593 3 38 204000059 206000614 68 
2020-12-23T22:06:10 0 0 경기70아1593 3 38 204000059 206000614 68 
2020-12-23T22:07:10 0 0 경기70아1593 3 38 204000059 206000616 69 
2020-12-23T22:08:10 0 0 경기70아1593 3 38 204000059 206000531 70 
2020-12-23T22:09:10 0 0 경기70아1593 3 38 204000059 206000532 71 
2020-12-23T22:10:09 0 0 경기70아1593 3 38 204000059 206000533 72 
2020-12-23T22:11:09 0 0 경기70아1593 3 38 204000059 206000018 73 
2020-12-23T22:12:09 0 0 경기70아1593 3 38 204000059 206000018 73 
2020-12-23T22:13:09 0 0 경기70아1593 3 38 204000059 206000017 74 
2020-12-23T22:14:09 0 0 경기70아1593 3 39 204000059 206000554 75 
2020-12-23T22:15:08 0 0 경기70아1593 3 39 204000059 206000554 75 
2020-12-23T22:16:08 0 0 경기70아1593 3 39 204000059 206000016 76 
2020-12-23T22:17:08 0 0 경기70아1593 3 39 204000059 206000556 77 
2020-12-23T22:18:08 0 0 경기70아1593 3 39 204000059 206000014 79 
2020-12-23T22:19:08 0 0 경기70아1593 3 39 204000059 206000657 81 
2020-12-23T22:20:08 0 0 경기70아1593 3 39 204000059 206000470 83 
2020-12-23T22:21:07 0 0 경기70아1593 3 39 204000059 206000470 83 
2020-12-23T22:22:07 0 0 경기70아1593 3 39 204000059 206000470 83 
2020-12-23T22:23:07 0 0 경기70아1593 3 39 204000059 206000470 83 
2020-12-23T22:24:06 0 0 경기70아1593 3 39 204000059 206000470 83 
2020-12-23T22:25:06 0 0 경기70아1593 3 39 204000059 206000470 83 
2020-12-23T22:26:05 0 0 경기70아1593 3 39 204000059 206000470 83 
2020-12-23T22:27:05 0 0 경기70아1593 3 39 204000059 206000470 83 
2020-12-23T22:28:05 0 0 경기70아1593 3 39 204000059 206000470 83 
2020-12-23T22:29:05 0 0 경기70아1593 3 39 204000059 206000470 83 
2020-12-23T22:30:05 0 0 경기70아1593 3 39 204000059 206000470 83 
2020-12-23T22:31:04 0 0 경기70아1593 3 39 204000059 206000470 83 
2020-12-23T22:32:04 0 0 경기70아1593 3 39 204000059 206000470 83 
2020-12-23T22:33:03 0 0 경기70아1593 3 39 204000059 206000470 83 
2020-12-23T22:34:03 0 0 경기70아1593 3 39 204000059 206000470 83 
2020-12-23T22:35:02 0 0 경기70아1593 3 39 204000059 206000470 83 
