204000059 2020-11-28T20:00:34.770613+09:00
2020-11-29T04:49:40.930834+09:00 2 0 경기70아1593 3 38 204000059 206000658 3 
2020-11-29T04:50:40.915107+09:00 2 0 경기70아1593 3 38 204000059 206000007 5 
2020-11-29T04:51:41.169324+09:00 2 0 경기70아1593 3 38 204000059 206000006 6 
2020-11-29T04:52:40.553529+09:00 2 0 경기70아1593 3 38 204000059 206000006 6 
2020-11-29T04:53:40.037674+09:00 2 0 경기70아1593 3 37 204000059 206000003 10 
2020-11-29T04:54:39.451810+09:00 2 0 경기70아1593 3 37 204000059 206000002 11 
2020-11-29T04:55:38.915981+09:00 2 0 경기70아1593 3 37 204000059 206000002 11 
2020-11-29T04:56:38.350139+09:00 2 0 경기70아1593 3 37 204000059 206000535 13 
2020-11-29T04:57:37.634300+09:00 2 0 경기70아1593 3 37 204000059 206000535 13 
2020-11-29T04:58:36.888344+09:00 2 0 경기70아1593 3 37 204000059 204000208 16 
2020-11-29T04:59:36.402466+09:00 2 0 경기70아1593 3 37 204000059 204000204 17 
2020-11-29T05:00:35.956567+09:00 2 0 경기70아1593 3 37 204000059 204000204 17 
2020-11-29T05:01:35.380765+09:00 2 0 경기70아1593 3 37 204000059 206000309 18 
2020-11-29T05:02:34.574883+09:00 2 0 경기70아1593 3 37 204000059 206000277 19 
2020-11-29T05:03:34.348910+09:00 2 0 경기70아1593 3 37 204000059 206000277 19 
2020-11-29T05:04:34.343260+09:00 2 0 경기70아1593 3 38 204000059 206000441 20 
2020-11-29T05:05:33.957346+09:00 2 0 경기70아1593 3 39 204000059 206000784 21 
2020-11-29T05:06:33.651567+09:00 2 0 경기70아1593 3 38 204000059 206000784 21 
2020-11-29T05:07:33.645740+09:00 2 0 경기70아1593 3 38 204000059 206000784 21 
2020-11-29T05:08:32.619852+09:00 2 0 경기70아1593 3 38 204000059 205000029 22 
2020-11-29T05:09:32.374034+09:00 2 0 경기70아1593 3 38 204000059 205000029 22 
2020-11-29T05:10:32.098174+09:00 2 0 경기70아1593 3 38 204000059 205000029 22 
2020-11-29T05:11:31.962264+09:00 2 0 경기70아1593 3 38 204000059 205000069 23 
2020-11-29T05:12:31.616462+09:00 2 0 경기70아1593 3 38 204000059 277102622 24 
2020-11-29T05:13:31.160566+09:00 2 0 경기70아1593 3 38 204000059 277102622 24 
2020-11-29T05:14:30.304693+09:00 2 0 경기70아1593 3 38 204000059 277102622 24 
2020-11-29T05:15:29.858837+09:00 2 0 경기70아1593 3 38 204000059 277103419 25 
2020-11-29T05:16:29.042933+09:00 2 0 경기70아1593 3 38 204000059 277103419 25 
2020-11-29T05:17:29.167181+09:00 2 0 경기70아1593 3 38 204000059 277103421 26 
2020-11-29T05:18:28.841298+09:00 2 0 경기70아1593 3 38 204000059 277103421 26 
2020-11-29T05:19:28.275886+09:00 2 0 경기70아1593 3 38 204000059 122000287 27 
2020-11-29T05:20:27.540450+09:00 2 0 경기70아1593 3 38 204000059 122000288 28 
2020-11-29T05:21:27.305022+09:00 2 0 경기70아1593 3 38 204000059 122000291 30 
2020-11-29T05:22:26.799433+09:00 2 0 경기70아1593 3 38 204000059 122000291 30 
2020-11-29T05:23:25.743895+09:00 2 0 경기70아1593 3 38 204000059 122000137 31 
2020-11-29T05:24:25.508439+09:00 2 0 경기70아1593 3 38 204000059 122000386 33 
2020-11-29T05:25:24.932680+09:00 2 0 경기70아1593 3 38 204000059 122000386 33 
2020-11-29T05:26:24.867113+09:00 2 0 경기70아1593 3 38 204000059 122000139 34 
2020-11-29T05:27:24.361585+09:00 2 0 경기70아1593 3 38 204000059 122000139 34 
2020-11-29T05:28:23.855891+09:00 2 0 경기70아1593 3 38 204000059 122000085 37 
2020-11-29T05:29:23.510227+09:00 2 0 경기70아1593 3 38 204000059 122000066 39 
2020-11-29T05:30:23.204588+09:00 2 0 경기70아1593 3 38 204000059 122000066 39 
2020-11-29T05:31:22.718833+09:00 2 0 경기70아1593 3 38 204000059 122000066 39 
2020-11-29T05:32:22.293273+09:00 0 0 경기70아1593 3 39 204000059 122000078 42 
2020-11-29T05:33:22.087591+09:00 0 0 경기70아1593 3 39 204000059 122000079 43 
2020-11-29T05:34:22.001792+09:00 0 0 경기70아1593 3 39 204000059 122000079 43 
2020-11-29T05:35:21.576080+09:00 0 0 경기70아1593 3 39 204000059 122000065 44 
2020-11-29T05:36:20.970338+09:00 0 0 경기70아1593 3 39 204000059 122000068 46 
2020-11-29T05:37:20.064635+09:00 0 0 경기70아1593 3 39 204000059 122000068 46 
2020-11-29T05:38:19.088773+09:00 0 0 경기70아1593 3 39 204000059 122000068 46 
2020-11-29T05:39:18.463088+09:00 0 0 경기70아1593 3 39 204000059 122000096 49 
2020-11-29T05:40:18.337287+09:00 0 0 경기70아1593 3 39 204000059 122000096 49 
2020-11-29T05:41:17.661483+09:00 0 0 경기70아1593 3 39 204000059 122000330 50 
2020-11-29T05:42:17.205753+09:00 0 0 경기70아1593 3 39 204000059 122000142 51 
2020-11-29T05:43:16.789894+09:00 0 0 경기70아1593 3 39 204000059 122000142 51 
2020-11-29T05:44:16.294143+09:00 0 0 경기70아1593 3 39 204000059 122000133 52 
2020-11-29T05:45:15.698467+09:00 0 0 경기70아1593 3 39 204000059 122000256 53 
2020-11-29T05:46:15.622647+09:00 0 0 경기70아1593 3 39 204000059 122000257 54 
2020-11-29T05:47:15.016952+09:00 0 0 경기70아1593 3 39 204000059 122000257 54 
2020-11-29T05:48:14.711200+09:00 0 0 경기70아1593 3 39 204000059 122000257 54 
2020-11-29T05:49:13.995303+09:00 0 0 경기70아1593 3 39 204000059 122000285 56 
2020-11-29T05:50:13.209500+09:00 0 0 경기70아1593 3 39 204000059 122000285 56 
2020-11-29T05:51:13.153757+09:00 0 0 경기70아1593 3 39 204000059 277103420 57 
2020-11-29T05:52:12.777947+09:00 0 0 경기70아1593 3 39 204000059 277103420 57 
2020-11-29T05:53:12.101600+09:00 0 0 경기70아1593 3 39 204000059 277103418 58 
2020-11-29T05:54:10.974905+09:00 0 0 경기70아1593 3 39 204000059 277103418 58 
2020-11-29T05:55:10.788262+09:00 0 0 경기70아1593 3 39 204000059 277103418 58 
2020-11-29T05:56:10.611784+09:00 0 0 경기70아1593 3 39 204000059 277103418 58 
2020-11-29T05:57:10.295281+09:00 0 0 경기70아1593 3 39 204000059 277103418 58 
2020-11-29T05:58:10.189094+09:00 0 0 경기70아1593 3 39 204000059 205000207 59 
2020-11-29T05:59:10.022727+09:00 0 0 경기70아1593 3 39 204000059 205000207 59 
2020-11-29T06:00:09.516477+09:00 0 0 경기70아1593 3 39 204000059 205000207 59 
2020-11-29T06:01:09.240249+09:00 0 0 경기70아1593 3 39 204000059 206000361 61 
2020-11-29T06:02:09.364153+09:00 0 0 경기70아1593 3 39 204000059 206000157 62 
2020-11-29T06:03:08.817913+09:00 0 0 경기70아1593 3 39 204000059 206000157 62 
2020-11-29T06:04:08.843119+09:00 0 0 경기70아1593 3 39 204000059 206000392 63 
2020-11-29T06:05:08.575775+09:00 0 0 경기70아1593 3 39 204000059 206000298 64 
2020-11-29T06:06:08.029667+09:00 0 0 경기70아1593 3 39 204000059 206000298 64 
2020-11-29T06:07:07.573666+09:00 0 0 경기70아1593 3 39 204000059 206000310 65 
2020-11-29T06:08:06.677586+09:00 0 0 경기70아1593 3 39 204000059 204000207 67 
2020-11-29T06:09:06.441556+09:00 0 0 경기70아1593 3 39 204000059 204000207 67 
2020-11-29T06:10:05.955422+09:00 0 0 경기70아1593 3 39 204000059 206000616 69 
2020-11-29T06:11:05.459541+09:00 0 0 경기70아1593 3 39 204000059 206000616 69 
2020-11-29T06:12:05.173517+09:00 0 0 경기70아1593 3 39 204000059 206000532 71 
2020-11-29T06:13:04.907588+09:00 0 0 경기70아1593 3 39 204000059 206000533 72 
2020-11-29T06:14:04.481684+09:00 0 0 경기70아1593 3 39 204000059 206000017 74 
2020-11-29T06:15:03.455664+09:00 0 0 경기70아1593 3 39 204000059 206000017 74 
2020-11-29T06:16:03.079664+09:00 0 0 경기70아1593 3 39 204000059 206000016 76 
2020-11-29T06:17:02.633620+09:00 0 0 경기70아1593 3 39 204000059 206000556 77 
2020-11-29T06:18:02.427852+09:00 0 0 경기70아1593 3 39 204000059 206000014 79 
2020-11-29T06:19:02.001881+09:00 0 0 경기70아1593 3 39 204000059 206000657 81 
2020-11-29T06:20:01.455896+09:00 0 0 경기70아1593 3 39 204000059 206000470 83 
2020-11-29T07:37:25.239507+09:00 0 0 경기70아1593 3 39 204000059 206000658 3 
2020-11-29T07:38:24.934054+09:00 0 0 경기70아1593 3 39 204000059 206000558 4 
2020-11-29T07:39:23.698307+09:00 0 0 경기70아1593 3 39 204000059 206000006 6 
2020-11-29T07:40:23.122755+09:00 0 0 경기70아1593 3 39 204000059 206000005 7 
2020-11-29T07:41:22.657116+09:00 0 0 경기70아1593 3 39 204000059 206000005 7 
2020-11-29T07:42:22.771633+09:00 0 0 경기70아1593 3 39 204000059 206000005 7 
2020-11-29T07:43:22.665906+09:00 0 0 경기70아1593 3 39 204000059 206000555 9 
2020-11-29T07:44:21.770069+09:00 0 0 경기70아1593 3 39 204000059 206000003 10 
2020-11-29T07:45:21.884515+09:00 0 0 경기70아1593 3 39 204000059 206000002 11 
2020-11-29T07:46:21.348764+09:00 0 0 경기70아1593 3 39 204000059 206000002 11 
2020-11-29T07:47:20.493083+09:00 0 0 경기70아1593 3 39 204000059 206000534 12 
2020-11-29T07:48:20.337355+09:00 0 0 경기70아1593 3 39 204000059 206000534 12 
2020-11-29T07:49:19.481642+09:00 0 0 경기70아1593 3 39 204000059 206000535 13 
2020-11-29T07:50:18.885801+09:00 0 0 경기70아1593 3 39 204000059 206000535 13 
2020-11-29T07:51:18.800043+09:00 0 0 경기70아1593 3 39 204000059 206000535 13 
2020-11-29T07:52:18.704383+09:00 0 0 경기70아1593 3 39 204000059 206000617 14 
2020-11-29T07:53:17.858546+09:00 0 0 경기70아1593 3 39 204000059 204000208 16 
2020-11-29T07:54:16.812695+09:00 0 0 경기70아1593 3 39 204000059 204000208 16 
2020-11-29T07:55:15.946966+09:00 0 0 경기70아1593 3 39 204000059 204000204 17 
2020-11-29T07:56:15.101220+09:00 0 0 경기70아1593 3 39 204000059 204000204 17 
2020-11-29T07:57:14.895364+09:00 0 0 경기70아1593 3 39 204000059 204000204 17 
2020-11-29T07:58:14.609598+09:00 0 0 경기70아1593 3 39 204000059 206000309 18 
2020-11-29T07:59:14.643766+09:00 0 0 경기70아1593 3 39 204000059 206000441 20 
2020-11-29T08:00:14.408067+09:00 0 0 경기70아1593 3 39 204000059 206000441 20 
2020-11-29T08:01:13.402190+09:00 0 0 경기70아1593 3 39 204000059 206000784 21 
2020-11-29T08:02:12.506428+09:00 0 0 경기70아1593 3 39 204000059 205000029 22 
2020-11-29T08:03:12.467870+09:00 0 0 경기70아1593 3 39 204000059 205000029 22 
2020-11-29T08:04:11.424775+09:00 0 0 경기70아1593 3 39 204000059 205000029 22 
2020-11-29T08:05:10.528969+09:00 0 0 경기70아1593 3 39 204000059 205000069 23 
2020-11-29T08:06:09.793264+09:00 0 0 경기70아1593 3 39 204000059 205000069 23 
2020-11-29T08:07:08.868286+09:00 0 0 경기70아1593 3 39 204000059 277102622 24 
2020-11-29T08:08:08.121469+09:00 0 0 경기70아1593 3 39 204000059 277102622 24 
2020-11-29T08:09:07.885627+09:00 0 0 경기70아1593 3 39 204000059 277102622 24 
2020-11-29T08:10:07.559089+09:00 0 0 경기70아1593 3 39 204000059 277103419 25 
2020-11-29T08:11:06.682670+09:00 0 0 경기70아1593 3 39 204000059 277103419 25 
2020-11-29T08:12:06.746423+09:00 0 0 경기70아1593 3 39 204000059 277103419 25 
2020-11-29T08:13:05.979835+09:00 0 0 경기70아1593 3 39 204000059 277103421 26 
2020-11-29T08:14:06.033759+09:00 0 0 경기70아1593 3 39 204000059 122000287 27 
2020-11-29T08:15:06.007498+09:00 0 0 경기70아1593 3 39 204000059 122000288 28 
2020-11-29T08:16:05.281304+09:00 0 0 경기70아1593 3 39 204000059 122000258 29 
2020-11-29T08:17:04.475140+09:00 0 0 경기70아1593 3 39 204000059 122000291 30 
2020-11-29T08:18:04.038991+09:00 0 0 경기70아1593 3 39 204000059 122000291 30 
2020-11-29T08:19:03.432954+09:00 0 0 경기70아1593 3 39 204000059 122000137 31 
2020-11-29T08:20:03.416937+09:00 0 0 경기70아1593 3 39 204000059 122000139 34 
2020-11-29T08:21:03.390796+09:00 0 0 경기70아1593 3 39 204000059 122000139 34 
2020-11-29T08:22:03.164859+09:00 0 0 경기70아1593 3 39 204000059 122000094 35 
2020-11-29T08:23:02.438724+09:00 0 0 경기70아1593 3 39 204000059 122000085 37 
2020-11-29T08:24:02.352897+09:00 0 0 경기70아1593 3 39 204000059 122000069 38 
2020-11-29T08:25:02.196770+09:00 0 0 경기70아1593 3 39 204000059 122000066 39 
2020-11-29T08:26:01.460975+09:00 0 0 경기70아1593 3 39 204000059 122000064 40 
2020-11-29T08:27:00.854983+09:00 0 0 경기70아1593 3 39 204000059 122000559 41 
2020-11-29T08:28:00.478894+09:00 0 0 경기70아1593 3 39 204000059 122000078 42 
2020-11-29T08:29:00.592955+09:00 0 0 경기70아1593 3 39 204000059 122000078 42 
2020-11-29T08:30:00.237218+09:00 0 0 경기70아1593 3 39 204000059 122000079 43 
2020-11-29T08:31:00.101113+09:00 0 0 경기70아1593 3 39 204000059 122000079 43 
2020-11-29T08:31:59.135015+09:00 0 0 경기70아1593 3 39 204000059 122000079 43 
2020-11-29T08:32:59.309246+09:00 0 0 경기70아1593 3 39 204000059 122000637 45 
2020-11-29T08:33:58.293242+09:00 0 0 경기70아1593 3 39 204000059 122000637 45 
2020-11-29T08:34:58.077372+09:00 0 0 경기70아1593 3 38 204000059 122000068 46 
2020-11-29T08:35:57.911461+09:00 0 0 경기70아1593 3 38 204000059 122000086 47 
2020-11-29T08:36:57.885576+09:00 0 0 경기70아1593 3 38 204000059 122000095 48 
2020-11-29T08:37:57.889686+09:00 0 0 경기70아1593 3 38 204000059 122000096 49 
2020-11-29T08:38:57.033799+09:00 0 0 경기70아1593 3 38 204000059 122000096 49 
2020-11-29T08:39:56.467826+09:00 0 0 경기70아1593 3 38 204000059 122000330 50 
2020-11-29T08:40:55.951874+09:00 0 0 경기70아1593 3 38 204000059 122000330 50 
2020-11-29T08:41:55.636009+09:00 0 0 경기70아1593 3 38 204000059 122000142 51 
2020-11-29T08:42:55.540161+09:00 0 0 경기70아1593 3 38 204000059 122000142 51 
2020-11-29T08:43:54.794677+09:00 0 0 경기70아1593 3 38 204000059 122000133 52 
2020-11-29T08:44:54.839158+09:00 0 0 경기70아1593 3 38 204000059 122000133 52 
2020-11-29T08:45:53.793588+09:00 0 0 경기70아1593 3 38 204000059 122000133 52 
2020-11-29T08:46:52.858079+09:00 0 0 경기70아1593 3 38 204000059 122000133 52 
2020-11-29T08:47:52.402461+09:00 0 0 경기70아1593 3 38 204000059 122000256 53 
2020-11-29T08:48:51.436913+09:00 0 0 경기70아1593 3 38 204000059 122000256 53 
2020-11-29T08:49:50.601242+09:00 0 0 경기70아1593 3 38 204000059 122000257 54 
2020-11-29T08:50:49.825676+09:00 0 0 경기70아1593 3 38 204000059 122000257 54 
2020-11-29T08:51:49.569891+09:00 0 0 경기70아1593 3 38 204000059 122000286 55 
2020-11-29T08:52:48.744229+09:00 0 0 경기70아1593 3 38 204000059 122000285 56 
2020-11-29T08:53:47.708530+09:00 0 0 경기70아1593 3 38 204000059 277103420 57 
2020-11-29T08:54:46.882701+09:00 0 0 경기70아1593 3 38 204000059 277103420 57 
2020-11-29T08:55:46.607121+09:00 0 0 경기70아1593 3 38 204000059 277103420 57 
2020-11-29T08:56:45.661322+09:00 0 0 경기70아1593 3 38 204000059 277103420 57 
2020-11-29T08:57:45.315585+09:00 0 0 경기70아1593 3 38 204000059 277103418 58 
2020-11-29T08:58:45.119857+09:00 0 0 경기70아1593 3 38 204000059 277103418 58 
2020-11-29T08:59:44.574193+09:00 0 0 경기70아1593 3 38 204000059 277103418 58 
2020-11-29T09:00:44.378434+09:00 0 0 경기70아1593 3 38 204000059 277103418 58 
2020-11-29T09:01:44.382695+09:00 0 0 경기70아1593 3 38 204000059 277103418 58 
2020-11-29T09:02:43.456873+09:00 0 0 경기70아1593 3 38 204000059 277103418 58 
2020-11-29T09:03:43.041129+09:00 0 0 경기70아1593 3 38 204000059 205000207 59 
2020-11-29T09:04:42.175262+09:00 0 0 경기70아1593 3 38 204000059 205000207 59 
2020-11-29T09:05:41.269441+09:00 0 0 경기70아1593 3 38 204000059 205000207 59 
2020-11-29T09:06:41.043701+09:00 0 0 경기70아1593 3 38 204000059 205000207 59 
2020-11-29T09:07:40.727947+09:00 0 0 경기70아1593 3 38 204000059 205000245 60 
2020-11-29T09:08:40.452143+09:00 0 0 경기70아1593 3 39 204000059 206000157 62 
2020-11-29T09:09:40.276350+09:00 0 0 경기70아1593 3 39 204000059 206000157 62 
2020-11-29T09:10:40.330603+09:00 0 0 경기70아1593 3 39 204000059 206000157 62 
2020-11-29T09:11:40.094911+09:00 0 0 경기70아1593 3 39 204000059 206000298 64 
2020-11-29T09:12:38.889772+09:00 0 0 경기70아1593 3 39 204000059 206000310 65 
2020-11-29T09:13:38.593224+09:00 0 0 경기70아1593 3 39 204000059 204000203 66 
2020-11-29T09:14:37.717319+09:00 0 0 경기70아1593 3 39 204000059 204000203 66 
2020-11-29T09:15:37.641474+09:00 0 0 경기70아1593 3 39 204000059 206000614 68 
2020-11-29T09:16:37.525740+09:00 0 0 경기70아1593 3 39 204000059 206000614 68 
2020-11-29T09:17:37.409618+09:00 0 0 경기70아1593 3 39 204000059 206000531 70 
2020-11-29T09:18:37.032689+09:00 0 0 경기70아1593 3 39 204000059 206000532 71 
2020-11-29T09:19:36.855966+09:00 0 0 경기70아1593 3 39 204000059 206000532 71 
2020-11-29T09:20:36.979232+09:00 0 0 경기70아1593 3 39 204000059 206000532 71 
2020-11-29T09:21:36.172491+09:00 0 0 경기70아1593 3 39 204000059 206000533 72 
2020-11-29T09:22:35.976013+09:00 0 0 경기70아1593 3 39 204000059 206000533 72 
2020-11-29T09:23:35.639623+09:00 0 0 경기70아1593 3 39 204000059 206000018 73 
2020-11-29T09:24:35.253232+09:00 0 0 경기70아1593 3 39 204000059 206000556 77 
2020-11-29T09:25:34.396797+09:00 0 0 경기70아1593 3 39 204000059 206000014 79 
2020-11-29T09:26:34.020502+09:00 0 0 경기70아1593 3 39 204000059 206000557 80 
2020-11-29T09:27:32.934143+09:00 0 0 경기70아1593 3 39 204000059 206000657 81 
2020-11-29T09:28:32.927932+09:00 0 0 경기70아1593 3 39 204000059 206000470 83 
2020-11-29T09:29:32.711699+09:00 0 0 경기70아1593 3 39 204000059 206000470 83 
2020-11-29T09:30:32.615603+09:00 0 0 경기70아1593 3 39 204000059 206000470 83 
2020-11-29T09:31:32.249459+09:00 0 0 경기70아1593 3 39 204000059 206000470 83 
2020-11-29T09:32:32.213295+09:00 0 0 경기70아1593 3 39 204000059 206000470 83 
2020-11-29T09:33:32.167217+09:00 0 0 경기70아1593 3 39 204000059 206000470 83 
2020-11-29T09:34:31.361139+09:00 0 0 경기70아1593 3 39 204000059 206000470 83 
2020-11-29T09:35:30.475087+09:00 0 0 경기70아1593 3 39 204000059 206000470 83 
2020-11-29T09:36:29.558829+09:00 0 0 경기70아1593 3 39 204000059 206000470 83 
2020-11-29T09:37:29.402874+09:00 0 0 경기70아1593 3 39 204000059 206000470 83 
2020-11-29T09:38:29.297105+09:00 0 0 경기70아1593 3 39 204000059 206000470 83 
2020-11-29T09:39:29.350862+09:00 0 0 경기70아1593 3 39 204000059 206000470 83 
2020-11-29T09:40:29.044901+09:00 0 0 경기70아1593 3 39 204000059 206000470 83 
2020-11-29T09:41:28.208780+09:00 0 0 경기70아1593 3 39 204000059 206000470 83 
2020-11-29T09:42:28.262922+09:00 0 0 경기70아1593 3 39 204000059 206000470 83 
2020-11-29T09:43:28.266943+09:00 0 0 경기70아1593 3 39 204000059 206000470 83 
2020-11-29T11:29:40.728045+09:00 0 0 경기70아1593 3 39 204000059 206000658 3 
2020-11-29T11:30:39.712225+09:00 0 0 경기70아1593 3 39 204000059 206000558 4 
2020-11-29T11:31:39.586514+09:00 0 0 경기70아1593 3 39 204000059 206000007 5 
2020-11-29T11:32:39.580670+09:00 0 0 경기70아1593 3 39 204000059 206000006 6 
2020-11-29T11:33:39.114946+09:00 0 0 경기70아1593 3 39 204000059 206000005 7 
2020-11-29T11:34:39.118363+09:00 0 0 경기70아1593 3 39 204000059 206000005 7 
2020-11-29T11:35:38.751923+09:00 0 0 경기70아1593 3 39 204000059 206000555 9 
2020-11-29T11:36:38.315167+09:00 0 0 경기70아1593 3 39 204000059 206000002 11 
2020-11-29T11:37:38.088773+09:00 0 0 경기70아1593 3 39 204000059 206000002 11 
2020-11-29T11:38:37.162165+09:00 0 0 경기70아1593 3 39 204000059 206000534 12 
2020-11-29T11:39:37.005736+09:00 0 0 경기70아1593 3 39 204000059 206000535 13 
2020-11-29T11:40:36.149525+09:00 0 0 경기70아1593 3 39 204000059 206000535 13 
2020-11-29T11:41:36.093170+09:00 0 0 경기70아1593 3 39 204000059 206000535 13 
2020-11-29T11:42:35.807078+09:00 0 0 경기70아1593 3 39 204000059 206000535 13 
2020-11-29T11:43:35.760839+09:00 0 0 경기70아1593 3 39 204000059 206000617 14 
2020-11-29T11:44:35.574506+09:00 0 0 경기70아1593 3 39 204000059 206000617 14 
2020-11-29T11:45:34.738485+09:00 0 0 경기70아1593 3 39 204000059 206000617 14 
2020-11-29T11:46:34.432358+09:00 0 0 경기70아1593 3 38 204000059 206000615 15 
2020-11-29T11:47:33.526251+09:00 0 0 경기70아1593 3 38 204000059 206000615 15 
2020-11-29T11:48:33.370231+09:00 0 0 경기70아1593 3 38 204000059 204000208 16 
2020-11-29T11:49:33.344206+09:00 0 0 경기70아1593 3 38 204000059 204000204 17 
2020-11-29T11:50:32.238162+09:00 0 0 경기70아1593 3 38 204000059 204000204 17 
2020-11-29T11:51:31.962191+09:00 0 0 경기70아1593 3 38 204000059 204000204 17 
2020-11-29T11:52:31.826106+09:00 0 0 경기70아1593 3 38 204000059 206000277 19 
2020-11-29T11:53:31.330034+09:00 0 0 경기70아1593 3 38 204000059 206000441 20 
2020-11-29T11:54:31.044128+09:00 0 0 경기70아1593 3 38 204000059 206000441 20 
2020-11-29T11:55:30.978166+09:00 0 0 경기70아1593 3 37 204000059 206000784 21 
2020-11-29T11:56:30.022252+09:00 0 0 경기70아1593 3 37 204000059 205000029 22 
2020-11-29T11:57:29.896227+09:00 0 0 경기70아1593 3 37 204000059 205000029 22 
2020-11-29T11:58:29.820191+09:00 0 0 경기70아1593 3 37 204000059 205000029 22 
2020-11-29T11:59:29.914427+09:00 0 0 경기70아1593 3 37 204000059 205000029 22 
2020-11-29T12:00:29.698417+09:00 0 0 경기70아1593 3 37 204000059 205000069 23 
2020-11-29T12:01:29.192541+09:00 0 0 경기70아1593 3 37 204000059 205000069 23 
2020-11-29T12:02:28.956500+09:00 0 0 경기70아1593 3 37 204000059 205000069 23 
2020-11-29T12:03:28.080611+09:00 0 0 경기70아1593 3 37 204000059 277102622 24 
2020-11-29T12:04:27.604656+09:00 0 0 경기70아1593 3 37 204000059 277102622 24 
2020-11-29T12:05:27.388810+09:00 0 0 경기70아1593 3 37 204000059 277102622 24 
2020-11-29T12:06:26.482938+09:00 0 0 경기70아1593 3 37 204000059 277103419 25 
2020-11-29T12:07:26.226867+09:00 0 0 경기70아1593 3 37 204000059 277103419 25 
2020-11-29T12:08:26.231120+09:00 0 0 경기70아1593 3 37 204000059 277103419 25 
2020-11-29T12:09:25.535422+09:00 0 0 경기70아1593 3 37 204000059 277103419 25 
2020-11-29T12:10:25.579714+09:00 0 0 경기70아1593 3 37 204000059 277103421 26 
2020-11-29T12:11:25.574065+09:00 0 0 경기70아1593 3 38 204000059 122000287 27 
2020-11-29T12:12:25.178302+09:00 0 0 경기70아1593 3 38 204000059 122000288 28 
2020-11-29T12:13:23.962722+09:00 0 0 경기70아1593 3 38 204000059 122000258 29 
2020-11-29T12:14:24.146722+09:00 0 0 경기70아1593 3 38 204000059 122000291 30 
2020-11-29T12:15:23.190810+09:00 0 0 경기70아1593 3 38 204000059 122000137 31 
2020-11-29T12:16:23.305185+09:00 0 0 경기70아1593 3 38 204000059 122000386 33 
2020-11-29T12:17:22.769424+09:00 0 0 경기70아1593 3 38 204000059 122000386 33 
2020-11-29T12:18:21.893595+09:00 0 0 경기70아1593 3 38 204000059 122000386 33 
2020-11-29T12:19:21.827786+09:00 0 0 경기70아1593 3 38 204000059 122000094 35 
2020-11-29T12:20:20.961886+09:00 0 0 경기70아1593 3 38 204000059 122000094 35 
2020-11-29T12:21:20.996109+09:00 0 0 경기70아1593 3 39 204000059 122000085 37 
2020-11-29T12:22:20.090229+09:00 0 0 경기70아1593 3 39 204000059 122000066 39 
2020-11-29T12:23:19.294257+09:00 0 0 경기70아1593 3 39 204000059 122000064 40 
2020-11-29T12:24:19.358626+09:00 0 0 경기70아1593 3 39 204000059 122000064 40 
2020-11-29T12:25:18.662765+09:00 0 0 경기70아1593 3 39 204000059 122000559 41 
2020-11-29T12:26:17.796855+09:00 0 0 경기70아1593 3 39 204000059 122000559 41 
2020-11-29T12:27:17.470969+09:00 0 0 경기70아1593 3 38 204000059 122000078 42 
2020-11-29T12:28:16.375107+09:00 0 0 경기70아1593 3 38 204000059 122000078 42 
2020-11-29T12:29:15.979260+09:00 0 0 경기70아1593 3 38 204000059 122000079 43 
2020-11-29T12:30:15.633390+09:00 0 0 경기70아1593 3 38 204000059 122000065 44 
2020-11-29T12:31:15.587726+09:00 0 0 경기70아1593 3 38 204000059 122000637 45 
2020-11-29T12:32:15.511740+09:00 0 0 경기70아1593 3 38 204000059 122000068 46 
2020-11-29T12:33:14.625842+09:00 0 0 경기70아1593 3 38 204000059 122000068 46 
2020-11-29T12:34:13.809996+09:00 0 0 경기70아1593 3 38 204000059 122000095 48 
2020-11-29T12:35:13.544137+09:00 0 0 경기70아1593 3 38 204000059 122000095 48 
2020-11-29T12:36:13.148285+09:00 0 0 경기70아1593 3 37 204000059 122000096 49 
2020-11-29T12:37:13.092416+09:00 0 0 경기70아1593 3 37 204000059 122000096 49 
2020-11-29T12:38:12.046530+09:00 0 0 경기70아1593 3 37 204000059 122000330 50 
2020-11-29T12:39:11.150592+09:00 0 0 경기70아1593 3 37 204000059 122000330 50 
2020-11-29T12:40:10.154691+09:00 0 0 경기70아1593 3 37 204000059 122000142 51 
2020-11-29T12:41:09.508927+09:00 0 0 경기70아1593 3 37 204000059 122000133 52 
2020-11-29T12:42:08.572967+09:00 0 0 경기70아1593 3 37 204000059 122000133 52 
2020-11-29T12:43:07.657500+09:00 0 0 경기70아1593 3 37 204000059 122000256 53 
2020-11-29T12:44:07.641988+09:00 0 0 경기70아1593 3 37 204000059 122000257 54 
2020-11-29T12:45:06.806549+09:00 0 0 경기70아1593 3 37 204000059 122000257 54 
2020-11-29T12:46:06.100975+09:00 0 0 경기70아1593 3 37 204000059 122000257 54 
2020-11-29T12:47:05.865344+09:00 0 0 경기70아1593 3 37 204000059 122000285 56 
2020-11-29T12:48:05.259701+09:00 0 0 경기70아1593 3 37 204000059 122000285 56 
2020-11-29T12:49:05.244426+09:00 0 0 경기70아1593 3 37 204000059 277103420 57 
2020-11-29T12:50:04.868541+09:00 0 0 경기70아1593 3 37 204000059 277103420 57 
2020-11-29T12:51:03.953799+09:00 0 0 경기70아1593 3 37 204000059 277103418 58 
2020-11-29T12:52:04.047131+09:00 0 0 경기70아1593 3 37 204000059 277103418 58 
2020-11-29T12:53:03.871427+09:00 0 0 경기70아1593 3 37 204000059 277103418 58 
2020-11-29T12:54:03.915743+09:00 0 0 경기70아1593 3 37 204000059 277103418 58 
2020-11-29T12:55:03.059987+09:00 0 0 경기70아1593 3 37 204000059 277103418 58 
2020-11-29T12:56:02.984406+09:00 0 0 경기70아1593 3 37 204000059 277103418 58 
2020-11-29T12:57:02.818557+09:00 0 0 경기70아1593 3 37 204000059 277103418 58 
2020-11-29T12:58:02.672867+09:00 0 0 경기70아1593 3 37 204000059 205000207 59 
2020-11-29T12:59:01.817108+09:00 0 0 경기70아1593 3 37 204000059 205000207 59 
2020-11-29T13:00:01.752329+09:00 0 0 경기70아1593 3 37 204000059 205000207 59 
2020-11-29T13:01:01.085578+09:00 0 0 경기70아1593 3 37 204000059 205000245 60 
2020-11-29T13:02:00.979790+09:00 0 0 경기70아1593 3 37 204000059 206000361 61 
2020-11-29T13:03:00.753964+09:00 0 0 경기70아1593 3 37 204000059 206000361 61 
2020-11-29T13:04:00.828243+09:00 0 0 경기70아1593 3 37 204000059 206000157 62 
2020-11-29T13:05:00.682623+09:00 0 0 경기70아1593 3 37 204000059 206000298 64 
2020-11-29T13:05:59.876736+09:00 0 0 경기70아1593 3 37 204000059 206000298 64 
2020-11-29T13:06:58.880808+09:00 0 0 경기70아1593 3 37 204000059 206000310 65 
2020-11-29T13:07:58.545016+09:00 0 0 경기70아1593 3 37 204000059 206000310 65 
2020-11-29T13:08:58.479347+09:00 0 0 경기70아1593 3 37 204000059 204000203 66 
2020-11-29T13:09:58.393475+09:00 0 0 경기70아1593 3 37 204000059 204000203 66 
2020-11-29T13:10:58.267777+09:00 0 0 경기70아1593 3 37 204000059 204000203 66 
2020-11-29T13:11:58.201889+09:00 0 0 경기70아1593 3 37 204000059 204000207 67 
2020-11-29T13:12:57.986201+09:00 0 0 경기70아1593 3 37 204000059 206000614 68 
2020-11-29T13:13:58.000369+09:00 0 0 경기70아1593 3 37 204000059 206000614 68 
2020-11-29T13:14:57.834566+09:00 0 0 경기70아1593 3 37 204000059 206000616 69 
2020-11-29T13:15:56.838702+09:00 0 0 경기70아1593 3 38 204000059 206000531 70 
2020-11-29T13:16:56.682789+09:00 0 0 경기70아1593 3 38 204000059 206000531 70 
2020-11-29T13:17:56.516869+09:00 0 0 경기70아1593 3 38 204000059 206000531 70 
2020-11-29T13:18:56.440924+09:00 0 0 경기70아1593 3 38 204000059 206000531 70 
2020-11-29T13:19:56.295015+09:00 0 0 경기70아1593 3 38 204000059 206000531 70 
2020-11-29T13:20:55.829096+09:00 0 0 경기70아1593 3 38 204000059 206000531 70 
2020-11-29T13:21:55.793297+09:00 0 0 경기70아1593 3 38 204000059 206000533 72 
2020-11-29T13:22:55.467320+09:00 0 0 경기70아1593 3 38 204000059 206000533 72 
2020-11-29T13:23:55.271516+09:00 0 0 경기70아1593 3 38 204000059 206000018 73 
2020-11-29T13:24:55.285571+09:00 0 0 경기70아1593 3 39 204000059 206000016 76 
2020-11-29T13:25:55.199830+09:00 0 0 경기70아1593 3 39 204000059 206000016 76 
2020-11-29T13:26:55.393852+09:00 0 0 경기70아1593 3 39 204000059 206000016 76 
2020-11-29T13:27:55.308018+09:00 0 0 경기70아1593 3 39 204000059 206000556 77 
2020-11-29T13:28:55.082621+09:00 0 0 경기70아1593 3 39 204000059 206000657 81 
2020-11-29T13:29:54.486223+09:00 0 0 경기70아1593 3 39 204000059 206000012 82 
2020-11-29T13:30:54.450409+09:00 0 0 경기70아1593 3 39 204000059 206000012 82 
2020-11-29T16:39:34.182288+09:00 0 0 경기70아1593 3 39 204000059 206000658 3 
2020-11-29T16:40:33.936674+09:00 0 0 경기70아1593 3 39 204000059 206000558 4 
2020-11-29T16:41:33.540250+09:00 0 0 경기70아1593 3 39 204000059 206000007 5 
2020-11-29T16:42:33.274018+09:00 0 0 경기70아1593 3 39 204000059 206000006 6 
2020-11-29T16:43:33.007754+09:00 0 0 경기70아1593 3 39 204000059 206000005 7 
2020-11-29T16:44:32.361401+09:00 0 0 경기70아1593 3 39 204000059 206000005 7 
2020-11-29T16:45:32.205155+09:00 0 0 경기70아1593 3 39 204000059 206000004 8 
2020-11-29T16:46:31.909110+09:00 0 0 경기70아1593 3 39 204000059 206000002 11 
2020-11-29T16:47:30.732770+09:00 0 0 경기70아1593 3 39 204000059 206000002 11 
2020-11-29T16:48:30.616619+09:00 0 0 경기70아1593 3 39 204000059 206000534 12 
2020-11-29T16:49:29.690462+09:00 0 0 경기70아1593 3 39 204000059 206000535 13 
2020-11-29T16:50:29.604412+09:00 0 0 경기70아1593 3 39 204000059 206000535 13 
2020-11-29T16:51:29.298437+09:00 0 0 경기70아1593 3 39 204000059 206000535 13 
2020-11-29T16:52:29.222249+09:00 0 0 경기70아1593 3 39 204000059 206000535 13 
2020-11-29T16:53:29.206391+09:00 0 0 경기70아1593 3 39 204000059 206000535 13 
2020-11-29T16:54:28.850158+09:00 0 0 경기70아1593 3 39 204000059 206000615 15 
2020-11-29T16:55:28.554140+09:00 0 0 경기70아1593 3 38 204000059 204000208 16 
2020-11-29T16:56:28.428063+09:00 0 0 경기70아1593 3 38 204000059 204000204 17 
2020-11-29T16:57:28.312261+09:00 0 0 경기70아1593 3 38 204000059 204000204 17 
2020-11-29T16:58:27.926053+09:00 0 0 경기70아1593 3 38 204000059 206000277 19 
2020-11-29T16:59:28.000757+09:00 0 0 경기70아1593 3 38 204000059 206000441 20 
2020-11-29T17:00:27.904128+09:00 0 0 경기70아1593 3 38 204000059 206000441 20 
2020-11-29T17:01:26.798006+09:00 0 0 경기70아1593 3 38 204000059 205000029 22 
2020-11-29T17:02:26.152130+09:00 0 0 경기70아1593 3 38 204000059 205000029 22 
2020-11-29T17:03:26.086090+09:00 0 0 경기70아1593 3 38 204000059 205000029 22 
2020-11-29T17:04:26.100311+09:00 0 0 경기70아1593 3 38 204000059 205000029 22 
2020-11-29T17:05:25.594203+09:00 0 0 경기70아1593 3 38 204000059 205000029 22 
2020-11-29T17:06:25.468300+09:00 0 0 경기70아1593 3 38 204000059 205000069 23 
2020-11-29T17:07:25.262388+09:00 0 0 경기70아1593 3 38 204000059 205000069 23 
2020-11-29T17:08:25.066341+09:00 0 0 경기70아1593 3 38 204000059 205000069 23 
2020-11-29T17:09:24.730392+09:00 0 0 경기70아1593 3 38 204000059 277102622 24 
2020-11-29T17:10:24.444367+09:00 0 0 경기70아1593 3 38 204000059 277102622 24 
2020-11-29T17:11:23.968386+09:00 0 0 경기70아1593 3 38 204000059 277102622 24 
2020-11-29T17:12:23.602426+09:00 0 0 경기70아1593 3 38 204000059 277102622 24 
2020-11-29T17:13:23.636401+09:00 0 0 경기70아1593 3 38 204000059 277103419 25 
2020-11-29T17:14:22.530482+09:00 0 0 경기70아1593 3 38 204000059 277103419 25 
2020-11-29T17:15:22.274621+09:00 0 0 경기70아1593 3 38 204000059 277103419 25 
2020-11-29T17:16:22.279041+09:00 0 0 경기70아1593 3 38 204000059 277103419 25 
2020-11-29T17:17:22.013470+09:00 0 0 경기70아1593 3 38 204000059 277103421 26 
2020-11-29T17:18:21.737795+09:00 0 0 경기70아1593 3 38 204000059 277103421 26 
2020-11-29T17:19:21.472031+09:00 0 0 경기70아1593 3 38 204000059 122000287 27 
2020-11-29T17:20:21.576551+09:00 0 0 경기70아1593 3 38 204000059 122000258 29 
2020-11-29T17:21:20.540609+09:00 0 0 경기70아1593 3 38 204000059 122000291 30 
2020-11-29T17:22:20.164826+09:00 0 0 경기70아1593 3 38 204000059 122000137 31 
2020-11-29T17:23:19.459045+09:00 0 0 경기70아1593 3 38 204000059 122000137 31 
2020-11-29T17:24:18.773275+09:00 0 0 경기70아1593 3 38 204000059 122000137 31 
2020-11-29T17:25:18.457508+09:00 0 0 경기70아1593 3 38 204000059 122000139 34 
2020-11-29T17:26:17.551627+09:00 0 0 경기70아1593 3 38 204000059 122000139 34 
2020-11-29T17:27:16.595778+09:00 0 0 경기70아1593 3 38 204000059 122000139 34 
2020-11-29T17:28:15.629884+09:00 0 0 경기70아1593 3 39 204000059 122000094 35 
2020-11-29T17:29:15.164165+09:00 0 0 경기70아1593 3 39 204000059 122000094 35 
2020-11-29T17:30:15.098232+09:00 0 0 경기70아1593 3 39 204000059 122000089 36 
2020-11-29T17:31:14.212265+09:00 0 0 경기70아1593 3 39 204000059 122000069 38 
2020-11-29T17:32:14.076506+09:00 0 0 경기70아1593 3 39 204000059 122000066 39 
2020-11-29T17:33:13.680796+09:00 0 0 경기70아1593 3 39 204000059 122000064 40 
2020-11-29T17:34:13.464783+09:00 0 0 경기70아1593 3 39 204000059 122000064 40 
2020-11-29T17:35:13.078911+09:00 0 0 경기70아1593 3 39 204000059 122000559 41 
2020-11-29T17:36:12.282988+09:00 0 0 경기70아1593 3 39 204000059 122000078 42 
2020-11-29T17:37:12.177100+09:00 0 0 경기70아1593 3 39 204000059 122000078 42 
2020-11-29T17:38:11.821322+09:00 0 0 경기70아1593 3 39 204000059 122000079 43 
2020-11-29T17:39:11.615340+09:00 0 0 경기70아1593 3 39 204000059 122000079 43 
2020-11-29T17:40:11.119522+09:00 0 0 경기70아1593 3 39 204000059 122000065 44 
2020-11-29T17:41:11.553724+09:00 0 0 경기70아1593 3 39 204000059 122000068 46 
2020-11-29T17:42:10.617802+09:00 0 0 경기70아1593 3 39 204000059 122000068 46 
2020-11-29T17:43:09.641791+09:00 0 0 경기70아1593 3 39 204000059 122000086 47 
2020-11-29T17:44:09.396031+09:00 0 0 경기70아1593 3 39 204000059 122000096 49 
2020-11-29T17:45:09.620049+09:00 0 0 경기70아1593 3 39 204000059 122000096 49 
2020-11-29T17:46:09.374184+09:00 0 0 경기70아1593 3 39 204000059 122000096 49 
2020-11-29T17:47:09.448238+09:00 0 0 경기70아1593 3 39 204000059 122000330 50 
2020-11-29T17:48:09.132430+09:00 0 0 경기70아1593 3 39 204000059 122000142 51 
2020-11-29T17:49:08.766686+09:00 0 0 경기70아1593 3 39 204000059 122000142 51 
2020-11-29T17:50:08.630857+09:00 0 0 경기70아1593 3 39 204000059 122000133 52 
2020-11-29T17:51:08.575330+09:00 0 0 경기70아1593 3 39 204000059 122000133 52 
2020-11-29T17:52:08.319566+09:00 0 0 경기70아1593 3 39 204000059 122000256 53 
2020-11-29T17:53:07.523836+09:00 0 0 경기70아1593 3 39 204000059 122000257 54 
2020-11-29T17:54:07.448090+09:00 0 0 경기70아1593 3 39 204000059 122000286 55 
2020-11-29T17:55:06.912334+09:00 0 0 경기70아1593 3 39 204000059 122000285 56 
2020-11-29T17:56:06.946644+09:00 0 0 경기70아1593 3 39 204000059 277103420 57 
2020-11-29T17:57:05.810766+09:00 0 0 경기70아1593 3 39 204000059 277103420 57 
2020-11-29T17:58:05.655147+09:00 0 0 경기70아1593 3 39 204000059 277103420 57 
2020-11-29T17:59:05.729322+09:00 0 0 경기70아1593 3 39 204000059 277103418 58 
2020-11-29T18:00:05.656414+09:00 0 0 경기70아1593 3 39 204000059 277103418 58 
2020-11-29T18:01:05.477851+09:00 0 0 경기70아1593 3 39 204000059 277103418 58 
2020-11-29T18:02:04.461999+09:00 0 0 경기70아1593 3 39 204000059 277103418 58 
2020-11-29T18:03:04.426172+09:00 0 0 경기70아1593 3 39 204000059 277103418 58 
2020-11-29T18:04:04.010291+09:00 0 0 경기70아1593 3 39 204000059 205000207 59 
2020-11-29T18:05:03.684517+09:00 0 0 경기70아1593 3 39 204000059 205000207 59 
2020-11-29T18:06:03.528690+09:00 0 0 경기70아1593 3 39 204000059 205000207 59 
2020-11-29T18:07:03.142841+09:00 0 0 경기70아1593 3 39 204000059 205000245 60 
2020-11-29T18:08:02.357283+09:00 0 0 경기70아1593 3 39 204000059 205000245 60 
2020-11-29T18:09:02.261167+09:00 0 0 경기70아1593 3 39 204000059 205000245 60 
2020-11-29T18:10:01.825372+09:00 0 0 경기70아1593 3 39 204000059 206000157 62 
2020-11-29T18:11:01.519580+09:00 0 0 경기70아1593 3 39 204000059 206000298 64 
2020-11-29T18:12:00.633753+09:00 0 0 경기70아1593 3 39 204000059 206000298 64 
2020-11-29T18:13:00.457777+09:00 0 0 경기70아1593 3 39 204000059 206000310 65 
2020-11-29T18:14:00.012060+09:00 0 0 경기70아1593 3 39 204000059 204000203 66 
2020-11-29T18:14:59.916252+09:00 0 0 경기70아1593 3 39 204000059 204000207 67 
2020-11-29T18:15:59.930383+09:00 0 0 경기70아1593 3 39 204000059 206000614 68 
2020-11-29T18:16:58.774462+09:00 0 0 경기70아1593 3 39 204000059 206000614 68 
2020-11-29T18:17:58.318626+09:00 0 0 경기70아1593 3 39 204000059 206000616 69 
2020-11-29T18:18:58.302718+09:00 0 0 경기70아1593 3 39 204000059 206000532 71 
2020-11-29T18:19:57.876785+09:00 0 0 경기70아1593 3 39 204000059 206000532 71 
2020-11-29T18:20:57.300991+09:00 0 0 경기70아1593 3 39 204000059 206000532 71 
2020-11-29T18:21:57.015106+09:00 0 0 경기70아1593 3 39 204000059 206000533 72 
2020-11-29T18:22:56.489273+09:00 0 0 경기70아1593 3 39 204000059 206000018 73 
2020-11-29T18:23:56.213296+09:00 0 0 경기70아1593 3 39 204000059 206000016 76 
2020-11-29T18:24:56.127491+09:00 0 0 경기70아1593 3 39 204000059 206000016 76 
2020-11-29T18:25:55.461532+09:00 0 0 경기70아1593 3 39 204000059 206000016 76 
2020-11-29T18:26:54.435423+09:00 0 0 경기70아1593 3 39 204000059 206000556 77 
2020-11-29T18:27:53.529496+09:00 0 0 경기70아1593 3 39 204000059 206000014 79 
2020-11-29T18:28:53.383532+09:00 0 0 경기70아1593 3 39 204000059 206000657 81 
2020-11-29T18:29:53.427624+09:00 0 0 경기70아1593 3 39 204000059 206000012 82 
2020-11-29T18:30:52.461658+09:00 0 0 경기70아1593 3 39 204000059 206000012 82 
2020-11-29T18:31:52.325955+09:00 0 0 경기70아1593 3 39 204000059 206000470 83 
2020-11-29T18:32:51.309996+09:00 0 0 경기70아1593 3 39 204000059 206000470 83 
2020-11-29T18:33:51.343907+09:00 0 0 경기70아1593 3 39 204000059 206000470 83 
2020-11-29T18:34:50.217963+09:00 0 0 경기70아1593 3 39 204000059 206000470 83 
2020-11-29T18:35:50.212407+09:00 0 0 경기70아1593 3 39 204000059 206000470 83 
2020-11-29T18:36:49.826271+09:00 0 0 경기70아1593 3 39 204000059 206000470 83 
2020-11-29T18:37:49.680372+09:00 0 0 경기70아1593 3 39 204000059 206000470 83 
2020-11-29T18:38:49.624501+09:00 0 0 경기70아1593 3 39 204000059 206000470 83 
2020-11-29T18:39:49.458679+09:00 0 0 경기70아1593 3 39 204000059 206000470 83 
2020-11-29T18:40:49.372722+09:00 0 0 경기70아1593 3 39 204000059 206000470 83 
2020-11-29T18:41:49.246817+09:00 0 0 경기70아1593 3 39 204000059 206000470 83 
2020-11-29T18:42:48.960985+09:00 0 0 경기70아1593 3 39 204000059 206000470 83 
2020-11-29T18:43:48.925141+09:00 0 0 경기70아1593 3 39 204000059 206000470 83 
2020-11-29T18:44:48.869440+09:00 0 0 경기70아1593 3 39 204000059 206000470 83 
2020-11-29T19:58:21.714177+09:00 0 0 경기70아1593 3 39 204000059 206000009 2 
2020-11-29T19:59:21.008232+09:00 0 0 경기70아1593 3 39 204000059 206000658 3 
2020-11-29T20:00:20.482363+09:00 0 0 경기70아1593 3 39 204000059 206000558 4 
2020-11-29T20:01:20.306420+09:00 0 0 경기70아1593 3 39 204000059 206000007 5 
2020-11-29T20:02:20.320521+09:00 0 0 경기70아1593 3 39 204000059 206000006 6 
2020-11-29T20:03:19.224610+09:00 0 0 경기70아1593 3 39 204000059 206000005 7 
2020-11-29T20:04:18.648725+09:00 0 0 경기70아1593 3 39 204000059 206000005 7 
2020-11-29T20:05:17.542543+09:00 0 0 경기70아1593 3 39 204000059 206000555 9 
2020-11-29T20:06:17.466768+09:00 0 0 경기70아1593 3 39 204000059 206000003 10 
2020-11-29T20:07:16.771603+09:00 0 0 경기70아1593 3 37 204000059 206000002 11 
2020-11-29T20:08:16.636306+09:00 0 0 경기70아1593 3 37 204000059 206000002 11 
2020-11-29T20:09:16.090708+09:00 0 0 경기70아1593 3 37 204000059 206000534 12 
2020-11-29T20:10:15.785289+09:00 0 0 경기70아1593 3 37 204000059 206000535 13 
2020-11-29T20:11:15.509812+09:00 0 0 경기70아1593 3 37 204000059 206000535 13 
2020-11-29T20:12:15.354156+09:00 0 0 경기70아1593 3 37 204000059 206000535 13 
2020-11-29T20:13:15.018646+09:00 0 0 경기70아1593 3 37 204000059 206000535 13 
2020-11-29T20:14:14.722984+09:00 0 0 경기70아1593 3 37 204000059 206000617 14 
2020-11-29T20:15:14.617427+09:00 0 0 경기70아1593 3 37 204000059 206000615 15 
2020-11-29T20:16:14.461703+09:00 0 0 경기70아1593 3 37 204000059 206000615 15 
2020-11-29T20:17:14.406102+09:00 0 0 경기70아1593 3 37 204000059 204000204 17 
2020-11-29T20:18:13.620406+09:00 0 0 경기70아1593 3 37 204000059 206000309 18 
2020-11-29T20:19:13.374726+09:00 0 0 경기70아1593 3 37 204000059 206000309 18 
2020-11-29T20:20:12.879104+09:00 0 0 경기70아1593 3 37 204000059 206000441 20 
2020-11-29T20:21:12.803374+09:00 0 0 경기70아1593 3 37 204000059 206000441 20 
2020-11-29T20:22:12.677666+09:00 0 0 경기70아1593 3 37 204000059 206000784 21 
2020-11-29T20:23:11.721822+09:00 0 0 경기70아1593 3 37 204000059 205000029 22 
2020-11-29T20:24:11.186059+09:00 0 0 경기70아1593 3 37 204000059 205000029 22 
2020-11-29T20:25:10.600244+09:00 0 0 경기70아1593 3 37 204000059 205000029 22 
2020-11-29T20:26:10.434598+09:00 0 0 경기70아1593 3 37 204000059 205000029 22 
2020-11-29T20:27:10.018866+09:00 0 0 경기70아1593 3 36 204000059 205000069 23 
2020-11-29T20:28:09.642916+09:00 0 0 경기70아1593 3 36 204000059 205000069 23 
2020-11-29T20:29:09.307236+09:00 0 0 경기70아1593 3 36 204000059 205000069 23 
2020-11-29T20:30:08.261407+09:00 0 0 경기70아1593 3 36 204000059 277102622 24 
2020-11-29T20:31:07.795766+09:00 0 0 경기70아1593 3 36 204000059 277102622 24 
2020-11-29T20:32:07.829921+09:00 0 0 경기70아1593 3 36 204000059 277102622 24 
2020-11-29T20:33:06.974228+09:00 0 0 경기70아1593 3 36 204000059 277102622 24 
2020-11-29T20:34:06.078327+09:00 0 0 경기70아1593 3 36 204000059 277103419 25 
2020-11-29T20:35:05.752523+09:00 0 0 경기70아1593 3 36 204000059 277103419 25 
2020-11-29T20:36:05.626713+09:00 0 0 경기70아1593 3 36 204000059 277103419 25 
2020-11-29T20:37:04.780977+09:00 0 0 경기70아1593 3 36 204000059 277103421 26 
2020-11-29T20:38:04.445248+09:00 0 0 경기70아1593 3 37 204000059 122000287 27 
2020-11-29T20:39:04.019297+09:00 0 0 경기70아1593 3 37 204000059 122000288 28 
2020-11-29T20:40:03.653544+09:00 0 0 경기70아1593 3 37 204000059 122000288 28 
2020-11-29T20:41:03.277437+09:00 0 0 경기70아1593 3 37 204000059 122000291 30 
2020-11-29T20:42:02.391291+09:00 0 0 경기70아1593 3 37 204000059 122000291 30 
2020-11-29T20:43:01.915395+09:00 0 0 경기70아1593 3 37 204000059 122000291 30 
2020-11-29T20:44:01.729316+09:00 0 0 경기70아1593 3 37 204000059 122000388 32 
2020-11-29T20:45:01.573332+09:00 0 0 경기70아1593 3 37 204000059 122000139 34 
2020-11-29T20:46:01.577354+09:00 0 0 경기70아1593 3 37 204000059 122000139 34 
2020-11-29T20:47:01.411341+09:00 0 0 경기70아1593 3 37 204000059 122000094 35 
2020-11-29T20:48:00.725319+09:00 0 0 경기70아1593 3 39 204000059 122000094 35 
2020-11-29T20:49:00.499401+09:00 0 0 경기70아1593 3 39 204000059 122000089 36 
2020-11-29T20:50:00.383558+09:00 0 0 경기70아1593 3 39 204000059 122000069 38 
2020-11-29T20:51:00.067655+09:00 0 0 경기70아1593 3 39 204000059 122000066 39 
2020-11-29T20:51:59.851613+09:00 0 0 경기70아1593 3 39 204000059 122000066 39 
2020-11-29T20:52:59.715692+09:00 0 0 경기70아1593 3 39 204000059 122000066 39 
2020-11-29T20:53:59.440010+09:00 0 0 경기70아1593 3 39 204000059 122000559 41 
2020-11-29T20:54:59.364091+09:00 0 0 경기70아1593 3 39 204000059 122000559 41 
2020-11-29T20:55:59.138178+09:00 0 0 경기70아1593 3 39 204000059 122000078 42 
2020-11-29T20:56:58.722364+09:00 0 0 경기70아1593 3 39 204000059 122000078 42 
2020-11-29T20:57:58.646470+09:00 0 0 경기70아1593 3 39 204000059 122000079 43 
2020-11-29T20:58:58.460552+09:00 0 0 경기70아1593 3 39 204000059 122000079 43 
2020-11-29T20:59:57.954763+09:00 0 0 경기70아1593 3 39 204000059 122000079 43 
2020-11-29T21:00:57.728778+09:00 1 0 경기70아1593 3 39 204000059 122000065 44 
2020-11-29T21:01:57.392962+09:00 0 0 경기70아1593 3 39 204000059 122000068 46 
2020-11-29T21:02:57.067128+09:00 0 0 경기70아1593 3 39 204000059 122000068 46 
2020-11-29T21:03:56.903503+09:00 0 0 경기70아1593 3 39 204000059 122000086 47 
2020-11-29T21:04:56.455214+09:00 0 0 경기70아1593 3 39 204000059 122000096 49 
2020-11-29T21:05:55.779511+09:00 0 0 경기70아1593 3 39 204000059 122000096 49 
2020-11-29T21:06:55.383651+09:00 0 0 경기70아1593 3 39 204000059 122000330 50 
2020-11-29T21:07:54.797851+09:00 0 0 경기70아1593 3 39 204000059 122000330 50 
2020-11-29T21:08:54.591962+09:00 0 0 경기70아1593 3 39 204000059 122000330 50 
2020-11-29T21:09:53.456129+09:00 0 0 경기70아1593 3 39 204000059 122000142 51 
2020-11-29T21:10:53.020323+09:00 0 0 경기70아1593 3 39 204000059 122000142 51 
2020-11-29T21:11:52.914626+09:00 0 0 경기70아1593 3 39 204000059 122000142 51 
2020-11-29T21:12:52.298575+09:00 0 0 경기70아1593 3 39 204000059 122000142 51 
2020-11-29T21:13:52.192771+09:00 0 0 경기70아1593 3 39 204000059 122000256 53 
2020-11-29T21:14:52.116650+09:00 0 0 경기70아1593 3 39 204000059 122000256 53 
2020-11-29T21:15:51.700397+09:00 0 0 경기70아1593 3 39 204000059 122000257 54 
2020-11-29T21:16:51.364158+09:00 0 0 경기70아1593 3 39 204000059 122000286 55 
2020-11-29T21:17:51.297986+09:00 0 0 경기70아1593 3 39 204000059 122000286 55 
2020-11-29T21:18:50.472191+09:00 0 0 경기70아1593 3 39 204000059 122000285 56 
2020-11-29T21:19:50.365693+09:00 0 0 경기70아1593 3 39 204000059 122000285 56 
2020-11-29T21:20:50.309473+09:00 0 0 경기70아1593 3 39 204000059 277103420 57 
2020-11-29T21:21:49.713491+09:00 0 0 경기70아1593 3 39 204000059 277103420 57 
2020-11-29T21:22:49.327444+09:00 0 0 경기70아1593 3 39 204000059 277103418 58 
2020-11-29T21:23:49.041427+09:00 0 0 경기70아1593 3 39 204000059 277103418 58 
2020-11-29T21:24:48.535316+09:00 0 0 경기70아1593 3 39 204000059 277103418 58 
2020-11-29T21:25:48.159347+09:00 0 0 경기70아1593 3 39 204000059 277103418 58 
2020-11-29T21:26:47.203278+09:00 0 0 경기70아1593 3 39 204000059 277103418 58 
2020-11-29T21:27:46.737284+09:00 0 0 경기70아1593 3 39 204000059 205000207 59 
2020-11-29T21:28:46.541335+09:00 0 0 경기70아1593 3 39 204000059 205000207 59 
2020-11-29T21:29:45.845290+09:00 0 0 경기70아1593 3 39 204000059 205000207 59 
2020-11-29T21:30:45.569403+09:00 0 0 경기70아1593 3 39 204000059 205000207 59 
2020-11-29T21:31:45.163489+09:00 0 0 경기70아1593 3 38 204000059 206000157 62 
2020-11-29T21:32:44.887461+09:00 0 0 경기70아1593 3 38 204000059 206000157 62 
2020-11-29T21:33:45.021669+09:00 0 0 경기70아1593 3 38 204000059 206000157 62 
2020-11-29T21:34:44.445475+09:00 0 0 경기70아1593 3 38 204000059 206000392 63 
2020-11-29T21:35:43.829607+09:00 0 0 경기70아1593 3 38 204000059 206000298 64 
2020-11-29T21:36:43.133594+09:00 0 0 경기70아1593 3 38 204000059 206000310 65 
2020-11-29T21:37:42.794135+09:00 0 0 경기70아1593 3 38 204000059 206000310 65 
2020-11-29T21:38:42.761696+09:00 0 0 경기70아1593 3 38 204000059 206000614 68 
2020-11-29T21:39:42.135908+09:00 0 0 경기70아1593 3 38 204000059 206000614 68 
2020-11-29T21:40:41.359986+09:00 0 0 경기70아1593 3 38 204000059 206000614 68 
2020-11-29T21:41:40.973938+09:00 0 0 경기70아1593 3 38 204000059 206000616 69 
2020-11-29T21:42:40.617996+09:00 0 0 경기70아1593 3 38 204000059 206000532 71 
2020-11-29T21:43:39.761960+09:00 0 0 경기70아1593 3 38 204000059 206000532 71 
2020-11-29T21:44:39.566131+09:00 0 0 경기70아1593 3 38 204000059 206000532 71 
2020-11-29T21:45:39.120220+09:00 0 0 경기70아1593 3 38 204000059 206000533 72 
2020-11-29T21:46:39.004302+09:00 0 0 경기70아1593 3 38 204000059 206000533 72 
2020-11-29T21:47:38.478389+09:00 0 0 경기70아1593 3 38 204000059 206000018 73 
2020-11-29T21:48:38.022619+09:00 0 0 경기70아1593 3 38 204000059 206000017 74 
2020-11-29T21:49:37.937109+09:00 0 0 경기70아1593 3 38 204000059 206000556 77 
2020-11-29T21:50:37.241748+09:00 0 0 경기70아1593 3 39 204000059 206000015 78 
2020-11-29T21:51:36.836181+09:00 0 0 경기70아1593 3 39 204000059 206000015 78 
2020-11-29T21:52:36.390633+09:00 0 0 경기70아1593 3 39 204000059 206000014 79 
2020-11-29T21:53:35.995049+09:00 0 0 경기70아1593 3 39 204000059 206000557 80 
2020-11-29T21:54:35.389520+09:00 0 0 경기70아1593 3 39 204000059 206000470 83 
2020-11-29T21:55:34.543821+09:00 0 0 경기70아1593 3 39 204000059 206000470 83 
2020-11-29T21:56:34.078116+09:00 0 0 경기70아1593 3 39 204000059 206000470 83 
2020-11-29T21:57:33.432380+09:00 0 0 경기70아1593 3 39 204000059 206000470 83 
2020-11-29T21:58:32.946710+09:00 0 0 경기70아1593 3 39 204000059 206000470 83 
2020-11-29T21:59:32.691048+09:00 0 0 경기70아1593 3 39 204000059 206000470 83 
2020-11-29T22:00:32.155304+09:00 0 0 경기70아1593 3 39 204000059 206000470 83 
2020-11-29T22:01:31.600243+09:00 0 0 경기70아1593 3 39 204000059 206000470 83 
2020-11-29T22:02:31.103819+09:00 0 0 경기70아1593 3 39 204000059 206000470 83 
2020-11-29T22:03:30.587911+09:00 0 0 경기70아1593 3 39 204000059 206000470 83 
2020-11-29T22:04:29.812164+09:00 0 0 경기70아1593 3 39 204000059 206000470 83 
2020-11-29T22:05:29.456356+09:00 0 0 경기70아1593 3 39 204000059 206000470 83 
2020-11-29T22:06:29.040612+09:00 0 0 경기70아1593 3 39 204000059 206000470 83 
2020-11-29T22:07:28.734885+09:00 0 0 경기70아1593 3 39 204000059 206000470 83 
2020-11-29T22:08:28.549013+09:00 0 0 경기70아1593 3 39 204000059 206000470 83 
