204000059 2020-12-24T20:03:17.336631+09:00
2020-12-25T04:48:07 0 0 경기70아1593 3 39 204000059 206000009 2 
2020-12-25T04:49:07 0 0 경기70아1593 3 39 204000059 206000658 3 
2020-12-25T04:50:08 2 0 경기70아1593 3 39 204000059 206000558 4 
2020-12-25T04:51:05 2 0 경기70아1593 3 39 204000059 206000007 5 
2020-12-25T04:52:05 2 0 경기70아1593 3 39 204000059 206000006 6 
2020-12-25T04:53:04 2 0 경기70아1593 3 39 204000059 206000004 8 
2020-12-25T04:54:04 2 0 경기70아1593 3 39 204000059 206000003 10 
2020-12-25T04:55:03 2 0 경기70아1593 3 39 204000059 206000003 10 
2020-12-25T04:56:03 2 0 경기70아1593 3 39 204000059 206000002 11 
2020-12-25T04:57:02 2 0 경기70아1593 3 39 204000059 206000002 11 
2020-12-25T04:58:01 2 0 경기70아1593 3 39 204000059 206000002 11 
2020-12-25T04:59:01 2 0 경기70아1593 3 39 204000059 206000534 12 
2020-12-25T05:00:01 2 0 경기70아1593 3 38 204000059 206000535 13 
2020-12-25T05:01:00 2 0 경기70아1593 3 38 204000059 206000535 13 
2020-12-25T05:02:00 2 0 경기70아1593 3 38 204000059 206000535 13 
2020-12-25T05:02:59 2 0 경기70아1593 3 38 204000059 206000617 14 
2020-12-25T05:03:58 2 0 경기70아1593 3 38 204000059 206000617 14 
2020-12-25T05:04:57 2 0 경기70아1593 3 38 204000059 206000615 15 
2020-12-25T05:05:57 2 0 경기70아1593 3 37 204000059 204000208 16 
2020-12-25T05:06:57 2 0 경기70아1593 3 37 204000059 206000309 18 
2020-12-25T05:07:56 2 0 경기70아1593 3 37 204000059 206000277 19 
2020-12-25T05:08:56 2 0 경기70아1593 3 38 204000059 206000277 19 
2020-12-25T05:09:55 2 0 경기70아1593 3 38 204000059 206000441 20 
2020-12-25T05:10:55 2 0 경기70아1593 3 38 204000059 206000441 20 
2020-12-25T05:11:55 2 0 경기70아1593 3 37 204000059 206000784 21 
2020-12-25T05:12:55 2 0 경기70아1593 3 37 204000059 206000784 21 
2020-12-25T05:13:55 2 0 경기70아1593 3 37 204000059 205000029 22 
2020-12-25T05:14:54 2 0 경기70아1593 3 38 204000059 205000069 23 
2020-12-25T05:15:53 2 0 경기70아1593 3 38 204000059 205000069 23 
2020-12-25T05:16:53 2 0 경기70아1593 3 38 204000059 205000069 23 
2020-12-25T05:17:53 2 0 경기70아1593 3 38 204000059 277102622 24 
2020-12-25T05:18:52 2 0 경기70아1593 3 38 204000059 277102622 24 
2020-12-25T05:19:52 2 0 경기70아1593 3 38 204000059 277102622 24 
2020-12-25T05:20:51 2 0 경기70아1593 3 38 204000059 277103419 25 
2020-12-25T05:21:51 2 0 경기70아1593 3 38 204000059 277103419 25 
2020-12-25T05:22:50 2 0 경기70아1593 3 38 204000059 277103419 25 
2020-12-25T05:23:49 2 0 경기70아1593 3 38 204000059 277103421 26 
2020-12-25T05:24:49 2 0 경기70아1593 3 39 204000059 277103421 26 
2020-12-25T05:25:49 2 0 경기70아1593 3 39 204000059 122000287 27 
2020-12-25T05:26:48 2 0 경기70아1593 3 39 204000059 122000288 28 
2020-12-25T05:27:48 2 0 경기70아1593 3 39 204000059 122000258 29 
2020-12-25T05:28:47 2 0 경기70아1593 3 39 204000059 122000291 30 
2020-12-25T05:29:47 2 0 경기70아1593 3 39 204000059 122000137 31 
2020-12-25T05:30:47 2 0 경기70아1593 3 39 204000059 122000137 31 
2020-12-25T05:31:47 2 0 경기70아1593 3 39 204000059 122000137 31 
2020-12-25T05:32:46 0 0 경기70아1593 3 39 204000059 122000139 34 
2020-12-25T05:33:46 0 0 경기70아1593 3 39 204000059 122000139 34 
2020-12-25T05:34:45 0 0 경기70아1593 3 39 204000059 122000089 36 
2020-12-25T05:35:45 0 0 경기70아1593 3 39 204000059 122000066 39 
2020-12-25T05:36:45 0 0 경기70아1593 3 39 204000059 122000064 40 
2020-12-25T05:37:44 0 0 경기70아1593 3 39 204000059 122000559 41 
2020-12-25T05:38:44 0 0 경기70아1593 3 39 204000059 122000559 41 
2020-12-25T05:39:43 0 0 경기70아1593 3 39 204000059 122000078 42 
2020-12-25T05:40:43 0 0 경기70아1593 3 39 204000059 122000078 42 
2020-12-25T05:41:42 0 0 경기70아1593 3 39 204000059 122000079 43 
2020-12-25T05:42:42 0 0 경기70아1593 3 39 204000059 122000079 43 
2020-12-25T05:43:41 0 0 경기70아1593 3 39 204000059 122000065 44 
2020-12-25T05:44:41 0 0 경기70아1593 3 39 204000059 122000065 44 
2020-12-25T05:45:41 0 0 경기70아1593 3 39 204000059 122000068 46 
2020-12-25T05:46:41 0 0 경기70아1593 3 39 204000059 122000068 46 
2020-12-25T05:47:40 0 0 경기70아1593 3 39 204000059 122000068 46 
2020-12-25T05:48:40 0 0 경기70아1593 3 39 204000059 122000095 48 
2020-12-25T05:49:40 0 0 경기70아1593 3 39 204000059 122000096 49 
2020-12-25T05:50:39 0 0 경기70아1593 3 39 204000059 122000330 50 
2020-12-25T05:51:39 0 0 경기70아1593 3 39 204000059 122000142 51 
2020-12-25T05:52:38 0 0 경기70아1593 3 39 204000059 122000133 52 
2020-12-25T05:53:38 0 0 경기70아1593 3 39 204000059 122000256 53 
2020-12-25T05:54:37 0 0 경기70아1593 3 39 204000059 122000257 54 
2020-12-25T05:55:37 0 0 경기70아1593 3 39 204000059 122000257 54 
2020-12-25T05:56:37 0 0 경기70아1593 3 39 204000059 122000257 54 
2020-12-25T05:57:36 0 0 경기70아1593 3 39 204000059 122000285 56 
2020-12-25T05:58:36 0 0 경기70아1593 3 39 204000059 277103420 57 
2020-12-25T05:59:35 0 0 경기70아1593 3 39 204000059 277103420 57 
2020-12-25T06:00:35 0 0 경기70아1593 3 39 204000059 277103420 57 
2020-12-25T06:01:35 0 0 경기70아1593 3 39 204000059 277103418 58 
2020-12-25T06:02:34 0 0 경기70아1593 3 39 204000059 277103418 58 
2020-12-25T06:03:34 0 0 경기70아1593 3 39 204000059 277103418 58 
2020-12-25T06:04:34 0 0 경기70아1593 3 39 204000059 277103418 58 
2020-12-25T06:05:33 0 0 경기70아1593 3 39 204000059 277103418 58 
2020-12-25T06:06:33 0 0 경기70아1593 3 39 204000059 277103418 58 
2020-12-25T06:07:33 0 0 경기70아1593 3 39 204000059 205000207 59 
2020-12-25T06:08:33 0 0 경기70아1593 3 39 204000059 205000207 59 
2020-12-25T06:09:33 0 0 경기70아1593 3 39 204000059 205000207 59 
2020-12-25T06:10:32 0 0 경기70아1593 3 39 204000059 206000361 61 
2020-12-25T06:11:31 0 0 경기70아1593 3 39 204000059 206000361 61 
2020-12-25T06:12:30 0 0 경기70아1593 3 39 204000059 206000361 61 
2020-12-25T06:13:30 0 0 경기70아1593 3 39 204000059 206000392 63 
2020-12-25T06:14:30 0 0 경기70아1593 3 39 204000059 206000298 64 
2020-12-25T06:15:29 0 0 경기70아1593 3 39 204000059 206000298 64 
2020-12-25T06:16:28 0 0 경기70아1593 3 39 204000059 204000203 66 
2020-12-25T06:17:28 0 0 경기70아1593 3 39 204000059 204000207 67 
2020-12-25T06:18:27 0 0 경기70아1593 3 39 204000059 204000207 67 
2020-12-25T06:19:27 0 0 경기70아1593 3 39 204000059 206000616 69 
2020-12-25T06:20:26 0 0 경기70아1593 3 39 204000059 206000531 70 
2020-12-25T06:21:26 0 0 경기70아1593 3 39 204000059 206000532 71 
2020-12-25T06:22:25 0 0 경기70아1593 3 39 204000059 206000532 71 
2020-12-25T06:23:24 0 0 경기70아1593 3 39 204000059 206000533 72 
2020-12-25T06:24:23 0 0 경기70아1593 3 39 204000059 206000533 72 
2020-12-25T06:25:23 0 0 경기70아1593 3 39 204000059 206000018 73 
2020-12-25T06:26:23 0 0 경기70아1593 3 39 204000059 206000554 75 
2020-12-25T06:27:23 0 0 경기70아1593 3 39 204000059 206000554 75 
2020-12-25T06:28:23 0 0 경기70아1593 3 39 204000059 206000554 75 
2020-12-25T06:29:22 0 0 경기70아1593 3 39 204000059 206000556 77 
2020-12-25T06:30:22 0 0 경기70아1593 3 39 204000059 206000014 79 
2020-12-25T06:31:22 0 0 경기70아1593 3 39 204000059 206000557 80 
2020-12-25T06:32:21 0 0 경기70아1593 3 39 204000059 206000012 82 
2020-12-25T06:33:21 0 0 경기70아1593 3 39 204000059 206000470 83 
2020-12-25T06:34:21 0 0 경기70아1593 3 39 204000059 206000470 83 
2020-12-25T06:35:20 0 0 경기70아1593 3 39 204000059 206000470 83 
2020-12-25T06:36:20 0 0 경기70아1593 3 39 204000059 206000470 83 
2020-12-25T06:37:20 0 0 경기70아1593 3 39 204000059 206000470 83 
2020-12-25T06:38:19 0 0 경기70아1593 3 39 204000059 206000470 83 
2020-12-25T06:39:19 0 0 경기70아1593 3 39 204000059 206000470 83 
2020-12-25T06:40:19 0 0 경기70아1593 3 39 204000059 206000470 83 
2020-12-25T06:41:18 0 0 경기70아1593 3 39 204000059 206000470 83 
2020-12-25T06:42:17 0 0 경기70아1593 3 39 204000059 206000470 83 
2020-12-25T06:43:17 0 0 경기70아1593 3 39 204000059 206000470 83 
2020-12-25T06:44:17 0 0 경기70아1593 3 39 204000059 206000470 83 
2020-12-25T06:45:16 0 0 경기70아1593 3 39 204000059 206000470 83 
2020-12-25T06:46:16 0 0 경기70아1593 3 39 204000059 206000470 83 
2020-12-25T06:47:16 0 0 경기70아1593 3 39 204000059 206000470 83 
2020-12-25T07:29:55 0 0 경기70아1593 3 39 204000059 206000658 3 
2020-12-25T07:30:54 0 0 경기70아1593 3 39 204000059 206000558 4 
2020-12-25T07:31:53 0 0 경기70아1593 3 39 204000059 206000006 6 
2020-12-25T07:32:53 0 0 경기70아1593 3 38 204000059 206000005 7 
2020-12-25T07:33:53 0 0 경기70아1593 3 38 204000059 206000005 7 
2020-12-25T07:34:52 0 0 경기70아1593 3 38 204000059 206000004 8 
2020-12-25T07:35:52 0 0 경기70아1593 3 38 204000059 206000003 10 
2020-12-25T07:36:51 0 0 경기70아1593 3 38 204000059 206000002 11 
2020-12-25T07:37:51 0 0 경기70아1593 3 38 204000059 206000002 11 
2020-12-25T07:38:51 0 0 경기70아1593 3 38 204000059 206000534 12 
2020-12-25T07:39:50 0 0 경기70아1593 3 38 204000059 206000534 12 
2020-12-25T07:40:50 0 0 경기70아1593 3 37 204000059 206000535 13 
2020-12-25T07:41:49 0 0 경기70아1593 3 37 204000059 206000535 13 
2020-12-25T07:42:49 0 0 경기70아1593 3 37 204000059 206000535 13 
2020-12-25T07:43:49 0 0 경기70아1593 3 37 204000059 206000617 14 
2020-12-25T07:44:49 0 0 경기70아1593 3 37 204000059 206000617 14 
2020-12-25T07:45:48 0 0 경기70아1593 3 38 204000059 206000615 15 
2020-12-25T07:46:47 0 0 경기70아1593 3 38 204000059 206000615 15 
2020-12-25T07:47:47 0 0 경기70아1593 3 38 204000059 204000208 16 
2020-12-25T07:48:46 0 0 경기70아1593 3 38 204000059 204000204 17 
2020-12-25T07:49:45 0 0 경기70아1593 3 38 204000059 204000204 17 
2020-12-25T07:50:45 0 0 경기70아1593 3 38 204000059 204000204 17 
2020-12-25T07:51:44 0 0 경기70아1593 3 38 204000059 206000309 18 
2020-12-25T07:52:44 0 0 경기70아1593 3 38 204000059 206000441 20 
2020-12-25T07:53:43 0 0 경기70아1593 3 38 204000059 206000441 20 
2020-12-25T07:54:43 0 0 경기70아1593 3 39 204000059 206000441 20 
2020-12-25T07:55:42 0 0 경기70아1593 3 39 204000059 206000784 21 
2020-12-25T07:56:42 0 0 경기70아1593 3 39 204000059 206000784 21 
2020-12-25T07:57:41 0 0 경기70아1593 3 39 204000059 206000784 21 
2020-12-25T07:58:40 0 0 경기70아1593 3 39 204000059 205000029 22 
2020-12-25T07:59:40 0 0 경기70아1593 3 39 204000059 205000029 22 
2020-12-25T08:00:40 0 0 경기70아1593 3 39 204000059 205000029 22 
2020-12-25T08:01:39 0 0 경기70아1593 3 39 204000059 205000069 23 
2020-12-25T08:02:38 0 0 경기70아1593 3 39 204000059 205000069 23 
2020-12-25T08:03:38 0 0 경기70아1593 3 39 204000059 277102622 24 
2020-12-25T08:04:38 0 0 경기70아1593 3 39 204000059 277102622 24 
2020-12-25T08:05:37 0 0 경기70아1593 3 39 204000059 277102622 24 
2020-12-25T08:06:37 0 0 경기70아1593 3 39 204000059 277103419 25 
2020-12-25T08:07:36 0 0 경기70아1593 3 39 204000059 277103419 25 
2020-12-25T08:08:36 0 0 경기70아1593 3 39 204000059 277103419 25 
2020-12-25T08:09:35 0 0 경기70아1593 3 39 204000059 277103421 26 
2020-12-25T08:10:34 0 0 경기70아1593 3 39 204000059 277103421 26 
2020-12-25T08:11:34 0 0 경기70아1593 3 38 204000059 122000287 27 
2020-12-25T08:12:33 0 0 경기70아1593 3 38 204000059 122000288 28 
2020-12-25T08:13:32 0 0 경기70아1593 3 38 204000059 122000258 29 
2020-12-25T08:14:32 0 0 경기70아1593 3 38 204000059 122000258 29 
2020-12-25T08:15:32 0 0 경기70아1593 3 38 204000059 122000291 30 
2020-12-25T08:16:31 0 0 경기70아1593 3 38 204000059 122000137 31 
2020-12-25T08:17:30 0 0 경기70아1593 3 38 204000059 122000388 32 
2020-12-25T08:18:29 0 0 경기70아1593 3 39 204000059 122000139 34 
2020-12-25T08:19:29 0 0 경기70아1593 3 39 204000059 122000139 34 
2020-12-25T08:20:28 0 0 경기70아1593 3 39 204000059 122000089 36 
2020-12-25T08:21:27 0 0 경기70아1593 3 39 204000059 122000085 37 
2020-12-25T08:22:27 0 0 경기70아1593 3 39 204000059 122000066 39 
2020-12-25T08:23:27 0 0 경기70아1593 3 39 204000059 122000066 39 
2020-12-25T08:24:27 0 0 경기70아1593 3 39 204000059 122000066 39 
2020-12-25T08:25:26 0 0 경기70아1593 3 39 204000059 122000066 39 
2020-12-25T08:26:25 0 0 경기70아1593 3 39 204000059 122000064 40 
2020-12-25T08:27:24 0 0 경기70아1593 3 39 204000059 122000559 41 
2020-12-25T08:28:24 0 0 경기70아1593 3 39 204000059 122000078 42 
2020-12-25T08:29:24 0 0 경기70아1593 3 39 204000059 122000078 42 
2020-12-25T08:30:24 0 0 경기70아1593 3 39 204000059 122000079 43 
2020-12-25T08:31:24 0 0 경기70아1593 3 39 204000059 122000079 43 
2020-12-25T08:32:24 0 0 경기70아1593 3 39 204000059 122000065 44 
2020-12-25T08:33:24 0 0 경기70아1593 3 39 204000059 122000637 45 
2020-12-25T08:34:23 0 0 경기70아1593 3 39 204000059 122000068 46 
2020-12-25T08:35:23 0 0 경기70아1593 3 39 204000059 122000086 47 
2020-12-25T08:36:22 0 0 경기70아1593 3 39 204000059 122000086 47 
2020-12-25T08:37:21 0 0 경기70아1593 3 39 204000059 122000096 49 
2020-12-25T08:38:21 0 0 경기70아1593 3 39 204000059 122000096 49 
2020-12-25T08:39:20 0 0 경기70아1593 3 39 204000059 122000330 50 
2020-12-25T08:40:19 0 0 경기70아1593 3 39 204000059 122000330 50 
2020-12-25T08:41:18 0 0 경기70아1593 3 39 204000059 122000330 50 
2020-12-25T08:42:18 0 0 경기70아1593 3 39 204000059 122000142 51 
2020-12-25T08:43:17 0 0 경기70아1593 3 39 204000059 122000142 51 
2020-12-25T08:44:17 0 0 경기70아1593 3 39 204000059 122000133 52 
2020-12-25T08:45:17 0 0 경기70아1593 3 39 204000059 122000133 52 
2020-12-25T08:46:17 0 0 경기70아1593 3 39 204000059 122000256 53 
2020-12-25T08:47:17 0 0 경기70아1593 3 39 204000059 122000256 53 
2020-12-25T08:48:16 0 0 경기70아1593 3 39 204000059 122000256 53 
2020-12-25T08:49:16 0 0 경기70아1593 3 39 204000059 122000257 54 
2020-12-25T08:50:16 0 0 경기70아1593 3 39 204000059 122000257 54 
2020-12-25T08:51:15 0 0 경기70아1593 3 39 204000059 122000257 54 
2020-12-25T08:52:15 0 0 경기70아1593 3 39 204000059 122000285 56 
2020-12-25T08:53:15 0 0 경기70아1593 3 39 204000059 122000285 56 
2020-12-25T08:54:15 0 0 경기70아1593 3 39 204000059 277103420 57 
2020-12-25T08:55:14 0 0 경기70아1593 3 39 204000059 277103420 57 
2020-12-25T08:56:14 0 0 경기70아1593 3 39 204000059 277103420 57 
2020-12-25T08:57:13 0 0 경기70아1593 3 39 204000059 277103418 58 
2020-12-25T08:58:12 0 0 경기70아1593 3 39 204000059 277103418 58 
2020-12-25T08:59:12 0 0 경기70아1593 3 39 204000059 277103418 58 
2020-12-25T09:00:12 0 0 경기70아1593 3 39 204000059 277103418 58 
2020-12-25T09:01:11 0 0 경기70아1593 3 39 204000059 277103418 58 
2020-12-25T09:02:10 0 0 경기70아1593 3 39 204000059 277103418 58 
2020-12-25T09:03:10 0 0 경기70아1593 3 39 204000059 277103418 58 
2020-12-25T09:04:09 0 0 경기70아1593 3 39 204000059 205000207 59 
2020-12-25T09:05:09 0 0 경기70아1593 3 39 204000059 205000207 59 
2020-12-25T09:06:08 0 0 경기70아1593 3 39 204000059 205000207 59 
2020-12-25T09:07:08 0 0 경기70아1593 3 39 204000059 206000361 61 
2020-12-25T09:08:08 0 0 경기70아1593 3 39 204000059 206000361 61 
2020-12-25T09:09:08 0 0 경기70아1593 3 39 204000059 206000361 61 
2020-12-25T09:10:07 0 0 경기70아1593 3 39 204000059 206000157 62 
2020-12-25T09:11:07 0 0 경기70아1593 3 39 204000059 206000298 64 
2020-12-25T09:12:07 0 0 경기70아1593 3 39 204000059 206000298 64 
2020-12-25T09:13:06 0 0 경기70아1593 3 39 204000059 206000310 65 
2020-12-25T09:14:06 0 0 경기70아1593 3 39 204000059 204000203 66 
2020-12-25T09:15:06 0 0 경기70아1593 3 36 204000059 204000207 67 
2020-12-25T09:16:05 0 0 경기70아1593 3 36 204000059 206000614 68 
2020-12-25T09:17:04 0 0 경기70아1593 3 36 204000059 206000616 69 
2020-12-25T09:18:05 0 0 경기70아1593 3 36 204000059 206000532 71 
2020-12-25T09:19:04 0 0 경기70아1593 3 37 204000059 206000532 71 
2020-12-25T09:20:03 0 0 경기70아1593 3 37 204000059 206000532 71 
2020-12-25T09:21:03 0 0 경기70아1593 3 37 204000059 206000532 71 
2020-12-25T09:22:03 0 0 경기70아1593 3 37 204000059 206000533 72 
2020-12-25T09:23:02 0 0 경기70아1593 3 37 204000059 206000017 74 
2020-12-25T09:24:02 0 0 경기70아1593 3 37 204000059 206000016 76 
2020-12-25T09:25:01 0 0 경기70아1593 3 37 204000059 206000556 77 
2020-12-25T09:26:00 0 0 경기70아1593 3 37 204000059 206000556 77 
2020-12-25T09:26:59 0 0 경기70아1593 3 38 204000059 206000015 78 
2020-12-25T09:27:59 0 0 경기70아1593 3 38 204000059 206000014 79 
2020-12-25T09:28:58 0 0 경기70아1593 3 38 204000059 206000657 81 
2020-12-25T09:29:58 0 0 경기70아1593 3 38 204000059 206000012 82 
2020-12-25T09:30:57 0 0 경기70아1593 3 39 204000059 206000470 83 
2020-12-25T09:31:57 0 0 경기70아1593 3 39 204000059 206000470 83 
2020-12-25T09:32:56 0 0 경기70아1593 3 39 204000059 206000470 83 
2020-12-25T09:33:56 0 0 경기70아1593 3 39 204000059 206000470 83 
2020-12-25T09:34:56 0 0 경기70아1593 3 39 204000059 206000470 83 
2020-12-25T09:35:56 0 0 경기70아1593 3 39 204000059 206000470 83 
2020-12-25T09:36:56 0 0 경기70아1593 3 39 204000059 206000470 83 
2020-12-25T09:37:56 0 0 경기70아1593 3 39 204000059 206000470 83 
2020-12-25T09:38:55 0 0 경기70아1593 3 39 204000059 206000470 83 
2020-12-25T09:39:54 0 0 경기70아1593 3 39 204000059 206000470 83 
2020-12-25T09:40:54 0 0 경기70아1593 3 39 204000059 206000470 83 
2020-12-25T09:41:54 0 0 경기70아1593 3 39 204000059 206000470 83 
2020-12-25T09:42:53 0 0 경기70아1593 3 39 204000059 206000470 83 
2020-12-25T09:43:52 0 0 경기70아1593 3 39 204000059 206000470 83 
2020-12-25T09:44:52 0 0 경기70아1593 3 39 204000059 206000470 83 
2020-12-25T11:31:05 0 0 경기70아1593 3 39 204000059 206000009 2 
2020-12-25T11:32:05 0 0 경기70아1593 3 39 204000059 206000658 3 
2020-12-25T11:33:04 0 0 경기70아1593 3 39 204000059 206000558 4 
2020-12-25T11:34:03 0 0 경기70아1593 3 39 204000059 206000007 5 
2020-12-25T11:35:02 0 0 경기70아1593 3 39 204000059 206000005 7 
2020-12-25T11:36:02 0 0 경기70아1593 3 39 204000059 206000005 7 
2020-12-25T11:37:02 0 0 경기70아1593 3 39 204000059 206000005 7 
2020-12-25T11:38:01 0 0 경기70아1593 3 38 204000059 206000004 8 
2020-12-25T11:39:01 0 0 경기70아1593 3 38 204000059 206000002 11 
2020-12-25T11:40:00 0 0 경기70아1593 3 38 204000059 206000534 12 
2020-12-25T11:40:59 0 0 경기70아1593 3 38 204000059 206000534 12 
2020-12-25T11:41:59 0 0 경기70아1593 3 39 204000059 206000535 13 
2020-12-25T11:42:58 0 0 경기70아1593 3 39 204000059 206000535 13 
2020-12-25T11:43:57 0 0 경기70아1593 3 39 204000059 206000617 14 
2020-12-25T11:44:56 0 0 경기70아1593 3 39 204000059 206000617 14 
2020-12-25T11:45:56 0 0 경기70아1593 3 39 204000059 206000615 15 
2020-12-25T11:46:56 0 0 경기70아1593 3 39 204000059 206000615 15 
2020-12-25T11:47:56 0 0 경기70아1593 3 39 204000059 204000208 16 
2020-12-25T11:48:55 0 0 경기70아1593 3 39 204000059 204000204 17 
2020-12-25T11:49:55 0 0 경기70아1593 3 39 204000059 204000204 17 
2020-12-25T11:50:55 0 0 경기70아1593 3 39 204000059 204000204 17 
2020-12-25T11:51:55 0 0 경기70아1593 3 39 204000059 206000309 18 
2020-12-25T11:52:54 0 0 경기70아1593 3 39 204000059 206000277 19 
2020-12-25T11:53:53 0 0 경기70아1593 3 39 204000059 206000441 20 
2020-12-25T11:54:53 0 0 경기70아1593 3 39 204000059 206000784 21 
2020-12-25T11:55:52 0 0 경기70아1593 3 39 204000059 206000784 21 
2020-12-25T11:56:52 0 0 경기70아1593 3 39 204000059 206000784 21 
2020-12-25T11:57:52 0 0 경기70아1593 3 39 204000059 205000029 22 
2020-12-25T11:58:52 0 0 경기70아1593 3 39 204000059 205000029 22 
2020-12-25T11:59:52 0 0 경기70아1593 3 39 204000059 205000069 23 
2020-12-25T12:00:51 0 0 경기70아1593 3 39 204000059 205000069 23 
2020-12-25T12:01:51 0 0 경기70아1593 3 39 204000059 205000069 23 
2020-12-25T12:02:50 0 0 경기70아1593 3 39 204000059 277102622 24 
2020-12-25T12:03:50 0 0 경기70아1593 3 39 204000059 277102622 24 
2020-12-25T12:04:50 0 0 경기70아1593 3 39 204000059 277102622 24 
2020-12-25T12:05:50 0 0 경기70아1593 3 39 204000059 277102622 24 
2020-12-25T12:06:49 0 0 경기70아1593 3 39 204000059 277103419 25 
2020-12-25T12:07:49 0 0 경기70아1593 3 39 204000059 277103419 25 
2020-12-25T12:08:48 0 0 경기70아1593 3 39 204000059 277103419 25 
2020-12-25T12:09:47 0 0 경기70아1593 3 39 204000059 277103421 26 
2020-12-25T12:10:46 0 0 경기70아1593 3 39 204000059 277103421 26 
2020-12-25T12:11:46 0 0 경기70아1593 3 39 204000059 122000287 27 
2020-12-25T12:12:46 0 0 경기70아1593 3 39 204000059 122000288 28 
2020-12-25T12:13:45 0 0 경기70아1593 3 39 204000059 122000258 29 
2020-12-25T12:14:45 0 0 경기70아1593 3 39 204000059 122000291 30 
2020-12-25T12:15:44 0 0 경기70아1593 3 39 204000059 122000137 31 
2020-12-25T12:16:44 0 0 경기70아1593 3 39 204000059 122000386 33 
2020-12-25T12:17:43 0 0 경기70아1593 3 39 204000059 122000386 33 
2020-12-25T12:18:42 0 0 경기70아1593 3 39 204000059 122000094 35 
2020-12-25T12:19:42 0 0 경기70아1593 3 39 204000059 122000094 35 
2020-12-25T12:20:41 0 0 경기70아1593 3 39 204000059 122000089 36 
2020-12-25T12:21:41 0 0 경기70아1593 3 39 204000059 122000085 37 
2020-12-25T12:22:40 0 0 경기70아1593 3 39 204000059 122000066 39 
2020-12-25T12:23:40 0 0 경기70아1593 3 39 204000059 122000064 40 
2020-12-25T12:24:40 0 0 경기70아1593 3 39 204000059 122000064 40 
2020-12-25T12:25:40 0 0 경기70아1593 3 39 204000059 122000064 40 
2020-12-25T12:26:40 0 0 경기70아1593 3 39 204000059 122000559 41 
2020-12-25T12:27:39 0 0 경기70아1593 3 39 204000059 122000078 42 
2020-12-25T12:28:39 0 0 경기70아1593 3 39 204000059 122000078 42 
2020-12-25T12:29:39 0 0 경기70아1593 3 39 204000059 122000078 42 
2020-12-25T12:30:38 0 0 경기70아1593 3 39 204000059 122000079 43 
2020-12-25T12:31:38 0 0 경기70아1593 3 39 204000059 122000079 43 
2020-12-25T12:32:38 0 0 경기70아1593 3 39 204000059 122000079 43 
2020-12-25T12:33:38 0 0 경기70아1593 3 39 204000059 122000065 44 
2020-12-25T12:34:37 0 0 경기70아1593 3 39 204000059 122000637 45 
2020-12-25T12:35:37 0 0 경기70아1593 3 39 204000059 122000068 46 
2020-12-25T12:36:37 0 0 경기70아1593 3 39 204000059 122000086 47 
2020-12-25T12:37:36 0 0 경기70아1593 3 39 204000059 122000095 48 
2020-12-25T12:38:36 0 0 경기70아1593 3 39 204000059 122000096 49 
2020-12-25T12:39:36 0 0 경기70아1593 3 39 204000059 122000096 49 
2020-12-25T12:40:35 0 0 경기70아1593 3 39 204000059 122000330 50 
2020-12-25T12:41:34 0 0 경기70아1593 3 39 204000059 122000330 50 
2020-12-25T12:42:34 0 0 경기70아1593 3 39 204000059 122000142 51 
2020-12-25T12:43:34 0 0 경기70아1593 3 39 204000059 122000142 51 
2020-12-25T12:44:34 0 0 경기70아1593 3 39 204000059 122000142 51 
2020-12-25T12:45:33 0 0 경기70아1593 3 39 204000059 122000133 52 
2020-12-25T12:46:32 0 0 경기70아1593 3 39 204000059 122000257 54 
2020-12-25T12:47:32 0 0 경기70아1593 3 39 204000059 122000257 54 
2020-12-25T12:48:32 0 0 경기70아1593 3 39 204000059 122000257 54 
2020-12-25T12:49:31 0 0 경기70아1593 3 39 204000059 122000257 54 
2020-12-25T12:50:31 0 0 경기70아1593 3 39 204000059 122000257 54 
2020-12-25T12:51:30 0 0 경기70아1593 3 39 204000059 122000286 55 
2020-12-25T12:52:29 0 0 경기70아1593 3 39 204000059 122000285 56 
2020-12-25T12:53:28 0 0 경기70아1593 3 39 204000059 277103420 57 
2020-12-25T12:54:28 0 0 경기70아1593 3 39 204000059 277103420 57 
2020-12-25T12:55:28 0 0 경기70아1593 3 39 204000059 277103420 57 
2020-12-25T12:56:27 0 0 경기70아1593 3 39 204000059 277103418 58 
2020-12-25T12:57:27 0 0 경기70아1593 3 39 204000059 277103418 58 
2020-12-25T12:58:27 0 0 경기70아1593 3 39 204000059 277103418 58 
2020-12-25T12:59:27 0 0 경기70아1593 3 39 204000059 277103418 58 
2020-12-25T13:00:26 0 0 경기70아1593 3 39 204000059 277103418 58 
2020-12-25T13:01:25 0 0 경기70아1593 3 39 204000059 277103418 58 
2020-12-25T13:02:24 0 0 경기70아1593 3 39 204000059 277103418 58 
2020-12-25T13:03:23 0 0 경기70아1593 3 39 204000059 205000207 59 
2020-12-25T13:04:23 0 0 경기70아1593 3 39 204000059 205000207 59 
2020-12-25T13:05:22 0 0 경기70아1593 3 39 204000059 205000207 59 
2020-12-25T13:06:22 0 0 경기70아1593 3 39 204000059 205000245 60 
2020-12-25T13:07:22 0 0 경기70아1593 3 39 204000059 205000245 60 
2020-12-25T13:08:22 0 0 경기70아1593 3 38 204000059 206000361 61 
2020-12-25T13:09:21 0 0 경기70아1593 3 38 204000059 206000157 62 
2020-12-25T13:10:21 0 0 경기70아1593 3 38 204000059 206000157 62 
2020-12-25T13:11:20 0 0 경기70아1593 3 38 204000059 206000157 62 
2020-12-25T13:12:20 0 0 경기70아1593 3 38 204000059 206000298 64 
2020-12-25T13:13:19 0 0 경기70아1593 3 38 204000059 206000298 64 
2020-12-25T13:14:19 0 0 경기70아1593 3 38 204000059 206000310 65 
2020-12-25T13:15:18 0 0 경기70아1593 3 38 204000059 204000203 66 
2020-12-25T13:16:18 0 0 경기70아1593 3 38 204000059 204000203 66 
2020-12-25T13:17:17 0 0 경기70아1593 3 38 204000059 204000203 66 
2020-12-25T13:18:17 0 0 경기70아1593 3 38 204000059 204000203 66 
2020-12-25T13:19:16 0 0 경기70아1593 3 38 204000059 206000614 68 
2020-12-25T13:20:16 0 0 경기70아1593 3 38 204000059 206000614 68 
2020-12-25T13:21:15 0 0 경기70아1593 3 38 204000059 206000616 69 
2020-12-25T13:22:15 0 0 경기70아1593 3 38 204000059 206000616 69 
2020-12-25T13:23:14 0 0 경기70아1593 3 38 204000059 206000531 70 
2020-12-25T13:24:13 0 0 경기70아1593 3 38 204000059 206000531 70 
2020-12-25T13:25:13 0 0 경기70아1593 3 38 204000059 206000532 71 
2020-12-25T13:26:13 0 0 경기70아1593 3 38 204000059 206000532 71 
2020-12-25T13:27:13 0 0 경기70아1593 3 38 204000059 206000532 71 
2020-12-25T13:28:13 0 0 경기70아1593 3 39 204000059 206000533 72 
2020-12-25T13:29:13 0 0 경기70아1593 3 39 204000059 206000018 73 
2020-12-25T13:30:13 0 0 경기70아1593 3 39 204000059 206000018 73 
2020-12-25T13:31:12 0 0 경기70아1593 3 39 204000059 206000554 75 
2020-12-25T13:32:12 0 0 경기70아1593 3 39 204000059 206000554 75 
2020-12-25T13:33:12 0 0 경기70아1593 3 39 204000059 206000554 75 
2020-12-25T13:34:12 0 0 경기70아1593 3 39 204000059 206000556 77 
2020-12-25T13:35:12 0 0 경기70아1593 3 39 204000059 206000015 78 
2020-12-25T13:36:11 0 0 경기70아1593 3 39 204000059 206000557 80 
2020-12-25T13:37:11 0 0 경기70아1593 3 39 204000059 206000012 82 
2020-12-25T13:38:11 0 0 경기70아1593 3 39 204000059 206000470 83 
2020-12-25T13:39:11 0 0 경기70아1593 3 39 204000059 206000470 83 
2020-12-25T13:40:11 0 0 경기70아1593 3 39 204000059 206000470 83 
2020-12-25T13:41:10 0 0 경기70아1593 3 39 204000059 206000470 83 
2020-12-25T13:42:10 0 0 경기70아1593 3 39 204000059 206000470 83 
2020-12-25T13:43:09 0 0 경기70아1593 3 39 204000059 206000470 83 
2020-12-25T13:44:09 0 0 경기70아1593 3 39 204000059 206000470 83 
2020-12-25T13:45:09 0 0 경기70아1593 3 39 204000059 206000470 83 
2020-12-25T13:46:09 0 0 경기70아1593 3 39 204000059 206000470 83 
2020-12-25T13:47:08 0 0 경기70아1593 3 39 204000059 206000470 83 
2020-12-25T13:48:07 0 0 경기70아1593 3 39 204000059 206000470 83 
2020-12-25T13:49:07 0 0 경기70아1593 3 39 204000059 206000470 83 
2020-12-25T13:50:06 0 0 경기70아1593 3 39 204000059 206000470 83 
2020-12-25T13:51:05 0 0 경기70아1593 3 39 204000059 206000470 83 
2020-12-25T13:52:05 0 0 경기70아1593 3 39 204000059 206000470 83 
2020-12-25T16:40:07 0 0 경기70아1593 3 39 204000059 206000009 2 
2020-12-25T16:41:07 0 0 경기70아1593 3 39 204000059 206000658 3 
2020-12-25T16:42:07 0 0 경기70아1593 3 39 204000059 206000658 3 
2020-12-25T16:43:07 0 0 경기70아1593 3 39 204000059 206000558 4 
2020-12-25T16:44:06 0 0 경기70아1593 3 39 204000059 206000007 5 
2020-12-25T16:45:06 0 0 경기70아1593 3 39 204000059 206000005 7 
2020-12-25T16:46:06 0 0 경기70아1593 3 39 204000059 206000005 7 
2020-12-25T16:47:05 0 0 경기70아1593 3 39 204000059 206000005 7 
2020-12-25T16:48:04 0 0 경기70아1593 3 39 204000059 206000004 8 
2020-12-25T16:49:04 0 0 경기70아1593 3 39 204000059 206000003 10 
2020-12-25T16:50:04 0 0 경기70아1593 3 39 204000059 206000003 10 
2020-12-25T16:51:04 0 0 경기70아1593 3 39 204000059 206000002 11 
2020-12-25T16:52:03 0 0 경기70아1593 3 39 204000059 206000002 11 
2020-12-25T16:53:03 0 0 경기70아1593 3 39 204000059 206000002 11 
2020-12-25T16:54:02 0 0 경기70아1593 3 39 204000059 206000534 12 
2020-12-25T16:55:02 0 0 경기70아1593 3 39 204000059 206000534 12 
2020-12-25T16:56:01 0 0 경기70아1593 3 39 204000059 206000535 13 
2020-12-25T16:57:02 0 0 경기70아1593 3 39 204000059 206000535 13 
2020-12-25T16:58:01 0 0 경기70아1593 3 39 204000059 206000535 13 
2020-12-25T16:59:00 0 0 경기70아1593 3 39 204000059 206000617 14 
2020-12-25T17:00:00 0 0 경기70아1593 3 39 204000059 206000617 14 
2020-12-25T17:00:59 0 0 경기70아1593 3 39 204000059 206000615 15 
2020-12-25T17:01:58 0 0 경기70아1593 3 39 204000059 204000208 16 
2020-12-25T17:02:58 0 0 경기70아1593 3 39 204000059 204000208 16 
2020-12-25T17:03:58 0 0 경기70아1593 3 39 204000059 206000309 18 
2020-12-25T17:04:57 0 0 경기70아1593 3 39 204000059 206000277 19 
2020-12-25T17:05:57 0 0 경기70아1593 3 39 204000059 206000277 19 
2020-12-25T17:06:57 0 0 경기70아1593 3 39 204000059 206000277 19 
2020-12-25T17:07:56 0 0 경기70아1593 3 39 204000059 206000441 20 
2020-12-25T17:08:56 0 0 경기70아1593 3 39 204000059 206000441 20 
2020-12-25T17:09:56 0 0 경기70아1593 3 39 204000059 206000784 21 
2020-12-25T17:10:55 0 0 경기70아1593 3 39 204000059 205000029 22 
2020-12-25T17:11:55 0 0 경기70아1593 3 39 204000059 205000029 22 
2020-12-25T17:12:55 0 0 경기70아1593 3 39 204000059 205000029 22 
2020-12-25T17:13:54 0 0 경기70아1593 3 39 204000059 205000029 22 
2020-12-25T17:14:54 0 0 경기70아1593 3 39 204000059 205000029 22 
2020-12-25T17:15:54 0 0 경기70아1593 3 39 204000059 205000069 23 
2020-12-25T17:16:54 0 0 경기70아1593 3 39 204000059 205000069 23 
2020-12-25T17:17:54 0 0 경기70아1593 3 39 204000059 205000069 23 
2020-12-25T17:18:53 0 0 경기70아1593 3 39 204000059 205000069 23 
2020-12-25T17:19:53 0 0 경기70아1593 3 39 204000059 277102622 24 
2020-12-25T17:20:53 0 0 경기70아1593 3 39 204000059 277102622 24 
2020-12-25T17:21:52 0 0 경기70아1593 3 39 204000059 277102622 24 
2020-12-25T17:22:52 0 0 경기70아1593 3 39 204000059 277103419 25 
2020-12-25T17:23:52 0 0 경기70아1593 3 39 204000059 277103419 25 
2020-12-25T17:24:52 0 0 경기70아1593 3 39 204000059 277103419 25 
2020-12-25T17:25:51 0 0 경기70아1593 3 39 204000059 277103419 25 
2020-12-25T17:26:51 0 0 경기70아1593 3 39 204000059 277103421 26 
2020-12-25T17:27:51 0 0 경기70아1593 3 39 204000059 277103421 26 
2020-12-25T17:28:50 0 0 경기70아1593 3 39 204000059 122000287 27 
2020-12-25T17:29:50 0 0 경기70아1593 3 39 204000059 122000288 28 
2020-12-25T17:30:49 0 0 경기70아1593 3 39 204000059 122000258 29 
2020-12-25T17:31:49 0 0 경기70아1593 3 39 204000059 122000291 30 
2020-12-25T17:32:48 0 0 경기70아1593 3 39 204000059 122000137 31 
2020-12-25T17:33:47 0 0 경기70아1593 3 39 204000059 122000388 32 
2020-12-25T17:34:47 0 0 경기70아1593 3 39 204000059 122000386 33 
2020-12-25T17:35:47 0 0 경기70아1593 3 39 204000059 122000139 34 
2020-12-25T17:36:47 0 0 경기70아1593 3 39 204000059 122000094 35 
2020-12-25T17:37:47 0 0 경기70아1593 3 39 204000059 122000094 35 
2020-12-25T17:38:46 0 0 경기70아1593 3 39 204000059 122000089 36 
2020-12-25T17:39:46 0 0 경기70아1593 3 39 204000059 122000069 38 
2020-12-25T17:40:45 0 0 경기70아1593 3 39 204000059 122000066 39 
2020-12-25T17:41:44 0 0 경기70아1593 3 39 204000059 122000066 39 
2020-12-25T17:42:44 0 0 경기70아1593 3 39 204000059 122000066 39 
2020-12-25T17:43:43 0 0 경기70아1593 3 39 204000059 122000064 40 
2020-12-25T17:44:43 0 0 경기70아1593 3 39 204000059 122000064 40 
2020-12-25T17:45:43 0 0 경기70아1593 3 39 204000059 122000559 41 
2020-12-25T17:46:42 0 0 경기70아1593 3 39 204000059 122000559 41 
2020-12-25T17:47:42 0 0 경기70아1593 3 39 204000059 122000559 41 
2020-12-25T17:48:42 0 0 경기70아1593 3 39 204000059 122000078 42 
2020-12-25T17:49:41 0 0 경기70아1593 3 39 204000059 122000078 42 
2020-12-25T17:50:41 0 0 경기70아1593 3 39 204000059 122000078 42 
2020-12-25T17:51:41 0 0 경기70아1593 3 39 204000059 122000079 43 
2020-12-25T17:52:41 0 0 경기70아1593 3 39 204000059 122000079 43 
2020-12-25T17:53:40 0 0 경기70아1593 3 39 204000059 122000065 44 
2020-12-25T17:54:39 0 0 경기70아1593 3 39 204000059 122000637 45 
2020-12-25T17:55:39 0 0 경기70아1593 3 39 204000059 122000068 46 
2020-12-25T17:56:38 0 0 경기70아1593 3 39 204000059 122000086 47 
2020-12-25T17:57:38 0 0 경기70아1593 3 39 204000059 122000095 48 
2020-12-25T17:58:37 0 0 경기70아1593 3 39 204000059 122000096 49 
2020-12-25T17:59:37 0 0 경기70아1593 3 37 204000059 122000096 49 
2020-12-25T18:00:37 0 0 경기70아1593 3 37 204000059 122000330 50 
2020-12-25T18:01:37 0 0 경기70아1593 3 36 204000059 122000330 50 
2020-12-25T18:02:36 0 0 경기70아1593 3 36 204000059 122000142 51 
2020-12-25T18:03:36 0 0 경기70아1593 3 36 204000059 122000142 51 
2020-12-25T18:04:35 0 0 경기70아1593 3 36 204000059 122000142 51 
2020-12-25T18:05:35 0 0 경기70아1593 3 36 204000059 122000133 52 
2020-12-25T18:06:35 0 0 경기70아1593 3 36 204000059 122000133 52 
2020-12-25T18:07:35 0 0 경기70아1593 3 36 204000059 122000133 52 
2020-12-25T18:08:34 0 0 경기70아1593 3 36 204000059 122000256 53 
2020-12-25T18:09:34 0 0 경기70아1593 3 36 204000059 122000256 53 
2020-12-25T18:10:33 0 0 경기70아1593 3 36 204000059 122000257 54 
2020-12-25T18:11:32 0 0 경기70아1593 3 36 204000059 122000257 54 
2020-12-25T18:12:32 0 0 경기70아1593 3 36 204000059 122000257 54 
2020-12-25T18:13:33 0 0 경기70아1593 3 36 204000059 122000257 54 
2020-12-25T18:14:31 0 0 경기70아1593 3 36 204000059 122000286 55 
2020-12-25T18:15:30 0 0 경기70아1593 3 36 204000059 122000285 56 
2020-12-25T18:16:30 0 0 경기70아1593 3 36 204000059 277103420 57 
2020-12-25T18:17:29 0 0 경기70아1593 3 36 204000059 277103420 57 
2020-12-25T18:18:29 0 0 경기70아1593 3 36 204000059 277103420 57 
2020-12-25T18:19:29 0 0 경기70아1593 3 36 204000059 277103418 58 
2020-12-25T18:20:28 0 0 경기70아1593 3 36 204000059 277103418 58 
2020-12-25T18:21:27 0 0 경기70아1593 3 36 204000059 277103418 58 
2020-12-25T18:22:27 0 0 경기70아1593 3 36 204000059 277103418 58 
2020-12-25T18:23:26 0 0 경기70아1593 3 36 204000059 277103418 58 
2020-12-25T18:24:26 0 0 경기70아1593 3 36 204000059 205000207 59 
2020-12-25T18:25:26 0 0 경기70아1593 3 36 204000059 205000207 59 
2020-12-25T18:26:25 0 0 경기70아1593 3 36 204000059 205000207 59 
2020-12-25T18:27:25 0 0 경기70아1593 3 36 204000059 205000207 59 
2020-12-25T18:28:25 0 0 경기70아1593 3 36 204000059 206000361 61 
2020-12-25T18:29:24 0 0 경기70아1593 3 36 204000059 206000361 61 
2020-12-25T18:30:24 0 0 경기70아1593 3 36 204000059 206000361 61 
2020-12-25T18:31:24 0 0 경기70아1593 3 36 204000059 206000392 63 
2020-12-25T18:32:23 0 0 경기70아1593 3 36 204000059 206000298 64 
2020-12-25T18:33:22 0 0 경기70아1593 3 36 204000059 206000298 64 
2020-12-25T18:34:22 0 0 경기70아1593 3 36 204000059 206000310 65 
2020-12-25T18:35:22 0 0 경기70아1593 3 36 204000059 204000203 66 
2020-12-25T18:36:22 0 0 경기70아1593 3 36 204000059 204000207 67 
2020-12-25T18:37:21 0 0 경기70아1593 3 36 204000059 206000614 68 
2020-12-25T18:38:21 0 0 경기70아1593 3 36 204000059 206000614 68 
2020-12-25T18:39:20 0 0 경기70아1593 3 36 204000059 206000616 69 
2020-12-25T18:40:19 0 0 경기70아1593 3 36 204000059 206000531 70 
2020-12-25T18:41:19 0 0 경기70아1593 3 36 204000059 206000531 70 
2020-12-25T18:42:19 0 0 경기70아1593 3 38 204000059 206000532 71 
2020-12-25T18:43:18 0 0 경기70아1593 3 37 204000059 206000532 71 
2020-12-25T18:44:18 0 0 경기70아1593 3 37 204000059 206000532 71 
2020-12-25T18:45:17 0 0 경기70아1593 3 37 204000059 206000532 71 
2020-12-25T18:46:16 0 0 경기70아1593 3 37 204000059 206000533 72 
2020-12-25T18:47:16 0 0 경기70아1593 3 37 204000059 206000018 73 
2020-12-25T18:48:16 0 0 경기70아1593 3 37 204000059 206000017 74 
2020-12-25T18:49:15 0 0 경기70아1593 3 37 204000059 206000554 75 
2020-12-25T18:50:14 0 0 경기70아1593 3 37 204000059 206000554 75 
2020-12-25T18:51:14 0 0 경기70아1593 3 37 204000059 206000016 76 
2020-12-25T18:52:13 0 0 경기70아1593 3 37 204000059 206000556 77 
2020-12-25T18:53:13 0 0 경기70아1593 3 39 204000059 206000015 78 
2020-12-25T18:54:13 0 0 경기70아1593 3 39 204000059 206000015 78 
2020-12-25T18:55:13 0 0 경기70아1593 3 39 204000059 206000014 79 
2020-12-25T18:56:12 0 0 경기70아1593 3 39 204000059 206000657 81 
2020-12-25T18:57:12 0 0 경기70아1593 3 39 204000059 206000470 83 
2020-12-25T18:58:12 0 0 경기70아1593 3 39 204000059 206000470 83 
2020-12-25T18:59:11 0 0 경기70아1593 3 39 204000059 206000470 83 
2020-12-25T19:00:11 0 0 경기70아1593 3 39 204000059 206000470 83 
2020-12-25T19:01:11 0 0 경기70아1593 3 39 204000059 206000470 83 
2020-12-25T19:02:11 0 0 경기70아1593 3 39 204000059 206000470 83 
2020-12-25T19:03:11 0 0 경기70아1593 3 39 204000059 206000470 83 
2020-12-25T19:04:10 0 0 경기70아1593 3 39 204000059 206000470 83 
2020-12-25T19:05:10 0 0 경기70아1593 3 39 204000059 206000470 83 
2020-12-25T19:06:10 0 0 경기70아1593 3 39 204000059 206000470 83 
2020-12-25T19:07:10 0 0 경기70아1593 3 39 204000059 206000470 83 
2020-12-25T19:08:09 0 0 경기70아1593 3 39 204000059 206000470 83 
2020-12-25T19:09:09 0 0 경기70아1593 3 39 204000059 206000470 83 
2020-12-25T19:10:09 0 0 경기70아1593 3 39 204000059 206000470 83 
2020-12-25T19:11:09 0 0 경기70아1593 3 39 204000059 206000470 83 
2020-12-25T19:59:52 1 0 경기70아1593 3 39 204000059 206000009 2 
2020-12-25T20:00:52 0 0 경기70아1593 3 39 204000059 206000658 3 
2020-12-25T20:01:52 0 0 경기70아1593 3 39 204000059 206000658 3 
2020-12-25T20:02:51 0 0 경기70아1593 3 39 204000059 206000558 4 
2020-12-25T20:03:51 0 0 경기70아1593 3 39 204000059 206000007 5 
2020-12-25T20:04:51 0 0 경기70아1593 3 39 204000059 206000005 7 
2020-12-25T20:05:51 0 0 경기70아1593 3 39 204000059 206000005 7 
2020-12-25T20:06:51 0 0 경기70아1593 3 39 204000059 206000005 7 
2020-12-25T20:07:50 0 0 경기70아1593 3 39 204000059 206000555 9 
2020-12-25T20:08:49 0 0 경기70아1593 3 39 204000059 206000002 11 
2020-12-25T20:09:49 0 0 경기70아1593 3 39 204000059 206000002 11 
2020-12-25T20:10:49 0 0 경기70아1593 3 39 204000059 206000002 11 
2020-12-25T20:11:48 0 0 경기70아1593 3 39 204000059 206000534 12 
2020-12-25T20:12:48 0 0 경기70아1593 3 39 204000059 206000534 12 
2020-12-25T20:13:48 0 0 경기70아1593 3 38 204000059 206000535 13 
2020-12-25T20:14:48 0 0 경기70아1593 3 38 204000059 206000535 13 
2020-12-25T20:15:47 0 0 경기70아1593 3 38 204000059 206000535 13 
2020-12-25T20:16:47 0 0 경기70아1593 3 38 204000059 206000617 14 
2020-12-25T20:17:46 0 0 경기70아1593 3 38 204000059 206000615 15 
2020-12-25T20:18:46 0 0 경기70아1593 3 38 204000059 204000208 16 
2020-12-25T20:19:45 0 0 경기70아1593 3 38 204000059 204000204 17 
2020-12-25T20:20:45 0 0 경기70아1593 3 38 204000059 204000204 17 
2020-12-25T20:21:45 0 0 경기70아1593 3 38 204000059 206000309 18 
2020-12-25T20:22:44 0 0 경기70아1593 3 39 204000059 206000277 19 
2020-12-25T20:23:44 0 0 경기70아1593 3 39 204000059 206000277 19 
2020-12-25T20:24:44 0 0 경기70아1593 3 39 204000059 206000277 19 
2020-12-25T20:25:44 0 0 경기70아1593 3 39 204000059 206000441 20 
2020-12-25T20:26:44 0 0 경기70아1593 3 39 204000059 206000441 20 
2020-12-25T20:27:43 0 0 경기70아1593 3 39 204000059 206000784 21 
2020-12-25T20:28:43 0 0 경기70아1593 3 39 204000059 205000029 22 
2020-12-25T20:29:42 0 0 경기70아1593 3 39 204000059 205000029 22 
2020-12-25T20:30:42 0 0 경기70아1593 3 39 204000059 205000029 22 
2020-12-25T20:31:42 0 0 경기70아1593 3 39 204000059 205000029 22 
2020-12-25T20:32:42 0 0 경기70아1593 3 39 204000059 205000069 23 
2020-12-25T20:33:41 0 0 경기70아1593 3 39 204000059 205000069 23 
2020-12-25T20:34:41 0 0 경기70아1593 3 39 204000059 205000069 23 
2020-12-25T20:35:41 0 0 경기70아1593 3 39 204000059 205000069 23 
2020-12-25T20:36:40 0 0 경기70아1593 3 39 204000059 277102622 24 
2020-12-25T20:37:40 0 0 경기70아1593 3 39 204000059 277102622 24 
2020-12-25T20:38:40 0 0 경기70아1593 3 39 204000059 277102622 24 
2020-12-25T20:39:39 0 0 경기70아1593 3 39 204000059 277103419 25 
2020-12-25T20:40:39 0 0 경기70아1593 3 39 204000059 277103419 25 
2020-12-25T20:41:39 0 0 경기70아1593 3 39 204000059 277103419 25 
2020-12-25T20:42:38 0 0 경기70아1593 3 39 204000059 277103421 26 
2020-12-25T20:43:38 0 0 경기70아1593 3 39 204000059 277103421 26 
2020-12-25T20:44:38 0 0 경기70아1593 3 39 204000059 277103421 26 
2020-12-25T20:45:37 0 0 경기70아1593 3 39 204000059 122000288 28 
2020-12-25T20:46:37 0 0 경기70아1593 3 39 204000059 122000288 28 
2020-12-25T20:47:37 0 0 경기70아1593 3 39 204000059 122000258 29 
2020-12-25T20:48:36 0 0 경기70아1593 3 39 204000059 122000291 30 
2020-12-25T20:49:36 0 0 경기70아1593 3 39 204000059 122000291 30 
2020-12-25T20:50:35 0 0 경기70아1593 3 39 204000059 122000291 30 
2020-12-25T20:51:35 0 0 경기70아1593 3 39 204000059 122000388 32 
2020-12-25T20:52:35 0 0 경기70아1593 3 39 204000059 122000139 34 
2020-12-25T20:53:35 0 0 경기70아1593 3 39 204000059 122000139 34 
2020-12-25T20:54:34 0 0 경기70아1593 3 39 204000059 122000094 35 
2020-12-25T20:55:34 0 0 경기70아1593 3 39 204000059 122000094 35 
2020-12-25T20:56:34 0 0 경기70아1593 3 39 204000059 122000089 36 
2020-12-25T20:57:34 0 0 경기70아1593 3 39 204000059 122000069 38 
2020-12-25T20:58:33 0 0 경기70아1593 3 39 204000059 122000066 39 
2020-12-25T20:59:33 0 0 경기70아1593 3 39 204000059 122000066 39 
2020-12-25T21:00:32 0 0 경기70아1593 3 39 204000059 122000066 39 
2020-12-25T21:01:32 0 0 경기70아1593 3 39 204000059 122000064 40 
2020-12-25T21:02:32 0 0 경기70아1593 3 39 204000059 122000064 40 
2020-12-25T21:03:31 0 0 경기70아1593 3 39 204000059 122000559 41 
2020-12-25T21:04:30 0 0 경기70아1593 3 39 204000059 122000559 41 
2020-12-25T21:05:30 0 0 경기70아1593 3 39 204000059 122000078 42 
2020-12-25T21:06:30 0 0 경기70아1593 3 39 204000059 122000078 42 
2020-12-25T21:07:30 0 0 경기70아1593 3 39 204000059 122000079 43 
2020-12-25T21:08:30 0 0 경기70아1593 3 39 204000059 122000079 43 
2020-12-25T21:09:29 0 0 경기70아1593 3 39 204000059 122000065 44 
2020-12-25T21:10:28 0 0 경기70아1593 3 39 204000059 122000637 45 
2020-12-25T21:11:28 0 0 경기70아1593 3 39 204000059 122000068 46 
2020-12-25T21:12:28 0 0 경기70아1593 3 39 204000059 122000068 46 
2020-12-25T21:13:27 0 0 경기70아1593 3 39 204000059 122000086 47 
2020-12-25T21:14:27 0 0 경기70아1593 3 39 204000059 122000095 48 
2020-12-25T21:15:26 0 0 경기70아1593 3 39 204000059 122000096 49 
2020-12-25T21:16:26 0 0 경기70아1593 3 39 204000059 122000096 49 
2020-12-25T21:17:25 0 0 경기70아1593 3 39 204000059 122000330 50 
2020-12-25T21:18:25 0 0 경기70아1593 3 39 204000059 122000330 50 
2020-12-25T21:19:25 0 0 경기70아1593 3 39 204000059 122000142 51 
2020-12-25T21:20:24 0 0 경기70아1593 3 39 204000059 122000142 51 
2020-12-25T21:21:24 0 0 경기70아1593 3 39 204000059 122000133 52 
2020-12-25T21:22:24 0 0 경기70아1593 3 39 204000059 122000133 52 
2020-12-25T21:23:24 0 0 경기70아1593 3 39 204000059 122000133 52 
2020-12-25T21:24:23 0 0 경기70아1593 3 39 204000059 122000256 53 
2020-12-25T21:25:23 0 0 경기70아1593 3 39 204000059 122000256 53 
2020-12-25T21:26:23 0 0 경기70아1593 3 39 204000059 122000257 54 
2020-12-25T21:27:23 0 0 경기70아1593 3 39 204000059 122000257 54 
2020-12-25T21:28:22 0 0 경기70아1593 3 39 204000059 122000286 55 
2020-12-25T21:29:22 0 0 경기70아1593 3 39 204000059 122000285 56 
2020-12-25T21:30:21 0 0 경기70아1593 3 39 204000059 122000285 56 
2020-12-25T21:31:21 0 0 경기70아1593 3 39 204000059 277103420 57 
2020-12-25T21:32:20 0 0 경기70아1593 3 39 204000059 277103420 57 
2020-12-25T21:33:20 0 0 경기70아1593 3 39 204000059 277103420 57 
2020-12-25T21:34:20 0 0 경기70아1593 3 39 204000059 277103418 58 
2020-12-25T21:35:19 0 0 경기70아1593 3 39 204000059 277103418 58 
2020-12-25T21:36:19 0 0 경기70아1593 3 39 204000059 277103418 58 
2020-12-25T21:37:19 0 0 경기70아1593 3 39 204000059 277103418 58 
2020-12-25T21:38:19 0 0 경기70아1593 3 39 204000059 277103418 58 
2020-12-25T21:39:18 0 0 경기70아1593 3 39 204000059 277103418 58 
2020-12-25T21:40:18 0 0 경기70아1593 3 39 204000059 205000207 59 
2020-12-25T21:41:17 0 0 경기70아1593 3 39 204000059 205000207 59 
2020-12-25T21:42:17 0 0 경기70아1593 3 39 204000059 205000207 59 
2020-12-25T21:43:17 0 0 경기70아1593 3 39 204000059 205000245 60 
2020-12-25T21:44:17 0 0 경기70아1593 3 39 204000059 205000245 60 
2020-12-25T21:45:16 0 0 경기70아1593 3 39 204000059 206000361 61 
2020-12-25T21:46:16 0 0 경기70아1593 3 39 204000059 206000157 62 
2020-12-25T21:47:15 0 0 경기70아1593 3 39 204000059 206000298 64 
2020-12-25T21:48:15 0 0 경기70아1593 3 39 204000059 206000298 64 
2020-12-25T21:49:15 0 0 경기70아1593 3 39 204000059 206000310 65 
2020-12-25T21:50:14 0 0 경기70아1593 3 39 204000059 204000203 66 
2020-12-25T21:51:14 0 0 경기70아1593 3 39 204000059 204000207 67 
2020-12-25T21:52:14 0 0 경기70아1593 3 39 204000059 206000614 68 
2020-12-25T21:53:13 0 0 경기70아1593 3 39 204000059 206000616 69 
2020-12-25T21:54:13 0 0 경기70아1593 3 39 204000059 206000532 71 
2020-12-25T21:55:13 0 0 경기70아1593 3 39 204000059 206000532 71 
2020-12-25T21:56:12 0 0 경기70아1593 3 39 204000059 206000532 71 
2020-12-25T21:57:12 0 0 경기70아1593 3 39 204000059 206000532 71 
2020-12-25T21:58:11 0 0 경기70아1593 3 39 204000059 206000533 72 
2020-12-25T21:59:11 0 0 경기70아1593 3 39 204000059 206000018 73 
2020-12-25T22:00:11 0 0 경기70아1593 3 39 204000059 206000018 73 
2020-12-25T22:01:10 0 0 경기70아1593 3 39 204000059 206000554 75 
2020-12-25T22:02:10 0 0 경기70아1593 3 39 204000059 206000556 77 
2020-12-25T22:03:10 0 0 경기70아1593 3 39 204000059 206000014 79 
2020-12-25T22:04:09 0 0 경기70아1593 3 39 204000059 206000657 81 
2020-12-25T22:05:09 0 0 경기70아1593 3 39 204000059 206000470 83 
2020-12-25T22:06:08 0 0 경기70아1593 3 39 204000059 206000470 83 
2020-12-25T22:07:07 0 0 경기70아1593 3 39 204000059 206000470 83 
2020-12-25T22:08:07 0 0 경기70아1593 3 39 204000059 206000470 83 
2020-12-25T22:09:06 0 0 경기70아1593 3 39 204000059 206000470 83 
2020-12-25T22:10:06 0 0 경기70아1593 3 39 204000059 206000470 83 
2020-12-25T22:11:06 0 0 경기70아1593 3 39 204000059 206000470 83 
2020-12-25T22:12:05 0 0 경기70아1593 3 39 204000059 206000470 83 
2020-12-25T22:13:05 0 0 경기70아1593 3 39 204000059 206000470 83 
2020-12-25T22:14:04 0 0 경기70아1593 3 39 204000059 206000470 83 
2020-12-25T22:15:04 0 0 경기70아1593 3 39 204000059 206000470 83 
2020-12-25T22:16:03 0 0 경기70아1593 3 39 204000059 206000470 83 
2020-12-25T22:17:03 0 0 경기70아1593 3 39 204000059 206000470 83 
2020-12-25T22:18:02 0 0 경기70아1593 3 39 204000059 206000470 83 
2020-12-25T22:19:01 0 0 경기70아1593 3 39 204000059 206000470 83 
