204000059 2020-12-14T22:15:06.248646+09:00
2020-12-15T08:45:40 0 0 경기70아1593 3 39 204000059 206000309 18 
2020-12-15T08:46:40 0 0 경기70아1593 3 39 204000059 206000310 65 
2020-12-15T08:47:39 0 0 경기70아1593 3 39 204000059 204000203 66 
2020-12-15T08:48:38 0 0 경기70아1593 3 39 204000059 204000203 66 
2020-12-15T08:49:38 0 0 경기70아1593 3 39 204000059 204000203 66 
2020-12-15T08:50:38 0 0 경기70아1593 3 39 204000059 204000207 67 
2020-12-15T08:51:37 0 0 경기70아1593 3 39 204000059 206000614 68 
2020-12-15T08:52:36 0 0 경기70아1593 3 39 204000059 206000614 68 
2020-12-15T08:53:36 0 0 경기70아1593 3 39 204000059 206000616 69 
2020-12-15T08:54:35 0 0 경기70아1593 3 39 204000059 206000531 70 
2020-12-15T08:55:34 0 0 경기70아1593 3 39 204000059 206000531 70 
2020-12-15T08:56:34 0 0 경기70아1593 3 39 204000059 206000531 70 
2020-12-15T08:57:34 0 0 경기70아1593 3 39 204000059 206000532 71 
2020-12-15T08:58:33 0 0 경기70아1593 3 39 204000059 206000532 71 
2020-12-15T08:59:33 0 0 경기70아1593 3 39 204000059 206000532 71 
2020-12-15T09:00:32 0 0 경기70아1593 3 39 204000059 206000533 72 
2020-12-15T09:01:31 0 0 경기70아1593 3 39 204000059 206000018 73 
2020-12-15T09:02:31 0 0 경기70아1593 3 39 204000059 206000018 73 
2020-12-15T09:03:30 0 0 경기70아1593 3 39 204000059 206000017 74 
2020-12-15T09:04:30 0 0 경기70아1593 3 39 204000059 206000554 75 
2020-12-15T09:05:30 0 0 경기70아1593 3 39 204000059 206000554 75 
2020-12-15T09:06:29 0 0 경기70아1593 3 39 204000059 206000016 76 
2020-12-15T09:07:28 0 0 경기70아1593 3 39 204000059 206000015 78 
2020-12-15T09:08:27 0 0 경기70아1593 3 39 204000059 206000014 79 
2020-12-15T09:09:26 0 0 경기70아1593 3 39 204000059 206000657 81 
2020-12-15T09:10:25 0 0 경기70아1593 3 39 204000059 206000012 82 
2020-12-15T11:31:25 0 0 경기70아1593 3 39 204000059 206000009 2 
2020-12-15T11:32:24 0 0 경기70아1593 3 39 204000059 206000658 3 
2020-12-15T11:33:24 0 0 경기70아1593 3 39 204000059 206000558 4 
2020-12-15T11:34:23 0 0 경기70아1593 3 39 204000059 206000007 5 
2020-12-15T11:35:23 0 0 경기70아1593 3 39 204000059 206000005 7 
2020-12-15T11:36:22 0 0 경기70아1593 3 39 204000059 206000005 7 
2020-12-15T11:37:21 0 0 경기70아1593 3 39 204000059 206000004 8 
2020-12-15T11:38:21 0 0 경기70아1593 3 39 204000059 206000555 9 
2020-12-15T11:39:20 0 0 경기70아1593 3 39 204000059 206000002 11 
2020-12-15T11:40:20 0 0 경기70아1593 3 39 204000059 206000002 11 
2020-12-15T11:41:19 0 0 경기70아1593 3 39 204000059 206000002 11 
2020-12-15T11:42:19 0 0 경기70아1593 3 39 204000059 206000534 12 
2020-12-15T11:43:19 0 0 경기70아1593 3 39 204000059 206000534 12 
2020-12-15T11:44:19 0 0 경기70아1593 3 39 204000059 206000535 13 
2020-12-15T11:45:18 0 0 경기70아1593 3 39 204000059 206000535 13 
2020-12-15T11:46:18 0 0 경기70아1593 3 39 204000059 206000535 13 
2020-12-15T11:47:17 0 0 경기70아1593 3 39 204000059 206000535 13 
2020-12-15T11:48:17 0 0 경기70아1593 3 39 204000059 206000615 15 
2020-12-15T11:49:17 0 0 경기70아1593 3 39 204000059 206000615 15 
2020-12-15T11:50:16 0 0 경기70아1593 3 39 204000059 204000208 16 
2020-12-15T11:51:16 0 0 경기70아1593 3 39 204000059 204000204 17 
2020-12-15T11:52:15 0 0 경기70아1593 3 39 204000059 206000309 18 
2020-12-15T11:53:15 0 0 경기70아1593 3 39 204000059 206000441 20 
2020-12-15T11:54:14 0 0 경기70아1593 3 39 204000059 206000441 20 
2020-12-15T11:55:14 0 0 경기70아1593 3 37 204000059 206000784 21 
2020-12-15T11:56:13 0 0 경기70아1593 3 37 204000059 206000784 21 
2020-12-15T11:57:13 0 0 경기70아1593 3 37 204000059 206000784 21 
2020-12-15T11:58:12 0 0 경기70아1593 3 37 204000059 205000029 22 
2020-12-15T11:59:12 0 0 경기70아1593 3 36 204000059 205000029 22 
2020-12-15T12:00:12 0 0 경기70아1593 3 36 204000059 205000029 22 
2020-12-15T12:01:11 0 0 경기70아1593 3 36 204000059 205000029 22 
2020-12-15T12:02:10 0 0 경기70아1593 3 36 204000059 205000029 22 
2020-12-15T12:03:10 0 0 경기70아1593 3 36 204000059 205000069 23 
2020-12-15T12:04:10 0 0 경기70아1593 3 36 204000059 205000069 23 
2020-12-15T12:05:09 0 0 경기70아1593 3 36 204000059 205000069 23 
2020-12-15T12:06:09 0 0 경기70아1593 3 36 204000059 277102622 24 
2020-12-15T12:07:09 0 0 경기70아1593 3 36 204000059 277102622 24 
2020-12-15T12:08:09 0 0 경기70아1593 3 36 204000059 277102622 24 
2020-12-15T12:09:08 0 0 경기70아1593 3 36 204000059 277103419 25 
2020-12-15T12:10:08 0 0 경기70아1593 3 36 204000059 277103419 25 
2020-12-15T12:11:07 0 0 경기70아1593 3 36 204000059 277103419 25 
2020-12-15T12:12:07 0 0 경기70아1593 3 36 204000059 277103421 26 
2020-12-15T12:13:07 0 0 경기70아1593 3 36 204000059 277103421 26 
2020-12-15T12:14:06 0 0 경기70아1593 3 36 204000059 122000287 27 
2020-12-15T12:15:05 0 0 경기70아1593 3 36 204000059 122000288 28 
2020-12-15T12:16:05 0 0 경기70아1593 3 36 204000059 122000258 29 
2020-12-15T12:17:04 0 0 경기70아1593 3 36 204000059 122000258 29 
2020-12-15T12:18:04 0 0 경기70아1593 3 36 204000059 122000258 29 
2020-12-15T12:19:04 0 0 경기70아1593 3 36 204000059 122000291 30 
2020-12-15T12:20:03 0 0 경기70아1593 3 36 204000059 122000291 30 
2020-12-15T12:21:03 0 0 경기70아1593 3 36 204000059 122000137 31 
2020-12-15T12:22:03 0 0 경기70아1593 3 36 204000059 122000137 31 
2020-12-15T12:23:03 0 0 경기70아1593 3 36 204000059 122000388 32 
2020-12-15T12:24:02 0 0 경기70아1593 3 36 204000059 122000386 33 
2020-12-15T12:25:02 0 0 경기70아1593 3 38 204000059 122000139 34 
2020-12-15T12:26:02 0 0 경기70아1593 3 38 204000059 122000094 35 
2020-12-15T12:27:01 0 0 경기70아1593 3 38 204000059 122000094 35 
2020-12-15T12:28:01 0 0 경기70아1593 3 38 204000059 122000094 35 
2020-12-15T12:29:00 0 0 경기70아1593 3 38 204000059 122000094 35 
2020-12-15T12:29:59 0 0 경기70아1593 3 38 204000059 122000069 38 
2020-12-15T12:30:58 0 0 경기70아1593 3 38 204000059 122000066 39 
2020-12-15T12:31:58 0 0 경기70아1593 3 38 204000059 122000066 39 
2020-12-15T12:32:57 0 0 경기70아1593 3 38 204000059 122000066 39 
2020-12-15T12:33:57 0 0 경기70아1593 3 38 204000059 122000066 39 
2020-12-15T12:34:57 0 0 경기70아1593 3 38 204000059 122000064 40 
2020-12-15T12:35:57 0 0 경기70아1593 3 38 204000059 122000064 40 
2020-12-15T12:36:57 0 0 경기70아1593 3 39 204000059 122000559 41 
2020-12-15T12:37:56 0 0 경기70아1593 3 39 204000059 122000559 41 
2020-12-15T12:38:55 0 0 경기70아1593 3 39 204000059 122000078 42 
2020-12-15T12:39:55 0 0 경기70아1593 3 39 204000059 122000078 42 
2020-12-15T12:40:55 0 0 경기70아1593 3 39 204000059 122000078 42 
2020-12-15T12:41:54 0 0 경기70아1593 3 39 204000059 122000079 43 
2020-12-15T12:42:53 0 0 경기70아1593 3 39 204000059 122000079 43 
2020-12-15T12:43:53 0 0 경기70아1593 3 39 204000059 122000079 43 
2020-12-15T12:44:53 0 0 경기70아1593 3 39 204000059 122000079 43 
2020-12-15T12:45:53 0 0 경기70아1593 3 39 204000059 122000065 44 
2020-12-15T12:46:52 0 0 경기70아1593 3 39 204000059 122000637 45 
2020-12-15T12:47:52 0 0 경기70아1593 3 39 204000059 122000068 46 
2020-12-15T12:48:51 0 0 경기70아1593 3 39 204000059 122000068 46 
2020-12-15T12:49:50 0 0 경기70아1593 3 39 204000059 122000086 47 
2020-12-15T12:50:50 0 0 경기70아1593 3 39 204000059 122000095 48 
2020-12-15T12:51:50 0 0 경기70아1593 3 39 204000059 122000096 49 
2020-12-15T12:52:49 0 0 경기70아1593 3 39 204000059 122000096 49 
2020-12-15T12:53:49 0 0 경기70아1593 3 39 204000059 122000330 50 
2020-12-15T12:54:49 0 0 경기70아1593 3 39 204000059 122000330 50 
2020-12-15T12:55:48 0 0 경기70아1593 3 39 204000059 122000142 51 
2020-12-15T12:56:48 0 0 경기70아1593 3 39 204000059 122000142 51 
2020-12-15T12:57:48 0 0 경기70아1593 3 39 204000059 122000142 51 
2020-12-15T12:58:48 0 0 경기70아1593 3 39 204000059 122000133 52 
2020-12-15T12:59:48 0 0 경기70아1593 3 39 204000059 122000133 52 
2020-12-15T13:00:47 0 0 경기70아1593 3 39 204000059 122000133 52 
2020-12-15T13:01:46 0 0 경기70아1593 3 39 204000059 122000256 53 
2020-12-15T13:02:45 0 0 경기70아1593 3 39 204000059 122000257 54 
2020-12-15T13:03:45 0 0 경기70아1593 3 39 204000059 122000257 54 
2020-12-15T13:04:45 0 0 경기70아1593 3 39 204000059 122000257 54 
2020-12-15T13:05:45 0 0 경기70아1593 3 39 204000059 122000257 54 
2020-12-15T13:06:44 0 0 경기70아1593 3 39 204000059 122000257 54 
2020-12-15T13:07:43 0 0 경기70아1593 3 39 204000059 122000286 55 
2020-12-15T13:08:43 0 0 경기70아1593 3 39 204000059 122000285 56 
2020-12-15T13:09:42 0 0 경기70아1593 3 39 204000059 122000285 56 
2020-12-15T13:10:42 0 0 경기70아1593 3 39 204000059 277103420 57 
2020-12-15T13:11:42 0 0 경기70아1593 3 39 204000059 277103420 57 
2020-12-15T13:12:42 0 0 경기70아1593 3 39 204000059 277103420 57 
2020-12-15T13:13:41 0 0 경기70아1593 3 39 204000059 277103418 58 
2020-12-15T13:14:40 0 0 경기70아1593 3 39 204000059 277103418 58 
2020-12-15T13:15:39 0 0 경기70아1593 3 39 204000059 277103418 58 
2020-12-15T13:16:39 0 0 경기70아1593 3 39 204000059 277103418 58 
2020-12-15T13:17:38 0 0 경기70아1593 3 39 204000059 277103418 58 
2020-12-15T13:18:37 0 0 경기70아1593 3 39 204000059 277103418 58 
2020-12-15T13:19:37 0 0 경기70아1593 3 39 204000059 277103418 58 
2020-12-15T13:20:37 0 0 경기70아1593 3 39 204000059 205000207 59 
2020-12-15T13:21:37 0 0 경기70아1593 3 39 204000059 205000207 59 
2020-12-15T13:22:36 0 0 경기70아1593 3 39 204000059 205000207 59 
2020-12-15T13:23:35 0 0 경기70아1593 3 39 204000059 205000207 59 
2020-12-15T13:24:35 0 0 경기70아1593 3 39 204000059 205000207 59 
2020-12-15T13:25:34 0 0 경기70아1593 3 39 204000059 205000245 60 
2020-12-15T13:26:33 0 0 경기70아1593 3 39 204000059 206000361 61 
2020-12-15T13:27:33 0 0 경기70아1593 3 39 204000059 206000361 61 
2020-12-15T13:28:33 0 0 경기70아1593 3 39 204000059 206000157 62 
2020-12-15T13:29:32 0 0 경기70아1593 3 39 204000059 206000392 63 
2020-12-15T13:30:32 0 0 경기70아1593 3 39 204000059 206000298 64 
2020-12-15T13:31:32 0 0 경기70아1593 3 39 204000059 206000310 65 
2020-12-15T13:32:31 0 0 경기70아1593 3 39 204000059 204000203 66 
2020-12-15T13:33:31 0 0 경기70아1593 3 39 204000059 204000203 66 
2020-12-15T13:34:31 0 0 경기70아1593 3 39 204000059 204000203 66 
2020-12-15T13:35:30 0 0 경기70아1593 3 38 204000059 204000207 67 
2020-12-15T13:36:30 0 0 경기70아1593 3 37 204000059 206000614 68 
2020-12-15T13:37:30 0 0 경기70아1593 3 37 204000059 206000614 68 
2020-12-15T13:38:30 0 0 경기70아1593 3 37 204000059 206000616 69 
2020-12-15T13:39:30 0 0 경기70아1593 3 37 204000059 206000532 71 
2020-12-15T13:40:30 0 0 경기70아1593 3 38 204000059 206000532 71 
2020-12-15T13:41:30 0 0 경기70아1593 3 38 204000059 206000532 71 
2020-12-15T13:42:29 0 0 경기70아1593 3 38 204000059 206000533 72 
2020-12-15T13:43:29 0 0 경기70아1593 3 38 204000059 206000017 74 
2020-12-15T13:44:28 0 0 경기70아1593 3 38 204000059 206000554 75 
2020-12-15T13:45:28 0 0 경기70아1593 3 38 204000059 206000554 75 
2020-12-15T13:46:27 0 0 경기70아1593 3 38 204000059 206000016 76 
2020-12-15T13:47:26 0 0 경기70아1593 3 38 204000059 206000556 77 
2020-12-15T13:48:26 0 0 경기70아1593 3 38 204000059 206000014 79 
2020-12-15T13:49:26 0 0 경기70아1593 3 38 204000059 206000014 79 
2020-12-15T13:50:25 0 0 경기70아1593 3 39 204000059 206000557 80 
2020-12-15T13:51:24 0 0 경기70아1593 3 39 204000059 206000657 81 
2020-12-15T13:52:24 0 0 경기70아1593 3 39 204000059 206000470 83 
2020-12-15T16:41:26 0 0 경기70아1593 3 39 204000059 206000658 3 
2020-12-15T16:42:25 0 0 경기70아1593 3 39 204000059 206000658 3 
2020-12-15T16:43:25 0 0 경기70아1593 3 39 204000059 206000558 4 
2020-12-15T16:44:24 0 0 경기70아1593 3 39 204000059 206000007 5 
2020-12-15T16:45:24 0 0 경기70아1593 3 39 204000059 206000006 6 
2020-12-15T16:46:24 0 0 경기70아1593 3 39 204000059 206000006 6 
2020-12-15T16:47:24 0 0 경기70아1593 3 39 204000059 206000005 7 
2020-12-15T16:48:23 0 0 경기70아1593 3 39 204000059 206000004 8 
2020-12-15T16:49:23 0 0 경기70아1593 3 39 204000059 206000004 8 
2020-12-15T16:50:22 0 0 경기70아1593 3 39 204000059 206000555 9 
2020-12-15T16:51:22 0 0 경기70아1593 3 39 204000059 206000002 11 
2020-12-15T16:52:22 0 0 경기70아1593 3 39 204000059 206000002 11 
2020-12-15T16:53:22 0 0 경기70아1593 3 39 204000059 206000002 11 
2020-12-15T16:54:21 0 0 경기70아1593 3 39 204000059 206000534 12 
2020-12-15T16:55:21 0 0 경기70아1593 3 39 204000059 206000534 12 
2020-12-15T16:56:21 0 0 경기70아1593 3 39 204000059 206000535 13 
2020-12-15T16:57:21 0 0 경기70아1593 3 39 204000059 206000535 13 
2020-12-15T16:58:20 0 0 경기70아1593 3 39 204000059 206000617 14 
2020-12-15T16:59:20 0 0 경기70아1593 3 39 204000059 206000617 14 
2020-12-15T17:00:20 0 0 경기70아1593 3 39 204000059 206000617 14 
2020-12-15T17:01:19 0 0 경기70아1593 3 39 204000059 206000615 15 
2020-12-15T17:02:19 0 0 경기70아1593 3 39 204000059 206000615 15 
2020-12-15T17:03:19 0 0 경기70아1593 3 39 204000059 204000208 16 
2020-12-15T17:04:18 0 0 경기70아1593 3 39 204000059 204000204 17 
2020-12-15T17:05:17 0 0 경기70아1593 3 39 204000059 204000204 17 
2020-12-15T17:06:17 0 0 경기70아1593 3 39 204000059 204000204 17 
2020-12-15T17:07:16 0 0 경기70아1593 3 39 204000059 206000309 18 
2020-12-15T17:08:16 0 0 경기70아1593 3 39 204000059 206000277 19 
2020-12-15T17:09:16 0 0 경기70아1593 3 39 204000059 206000277 19 
2020-12-15T17:10:16 0 0 경기70아1593 3 39 204000059 206000277 19 
2020-12-15T17:11:16 0 0 경기70아1593 3 39 204000059 206000441 20 
2020-12-15T17:12:15 0 0 경기70아1593 3 39 204000059 206000441 20 
2020-12-15T17:13:15 0 0 경기70아1593 3 38 204000059 206000784 21 
2020-12-15T17:14:14 0 0 경기70아1593 3 38 204000059 206000784 21 
2020-12-15T17:15:14 0 0 경기70아1593 3 38 204000059 206000784 21 
2020-12-15T17:16:13 0 0 경기70아1593 3 38 204000059 205000029 22 
2020-12-15T17:17:13 0 0 경기70아1593 3 38 204000059 205000029 22 
2020-12-15T17:18:12 0 0 경기70아1593 3 38 204000059 205000029 22 
2020-12-15T17:19:12 0 0 경기70아1593 3 38 204000059 205000069 23 
2020-12-15T17:20:12 0 0 경기70아1593 3 38 204000059 205000069 23 
2020-12-15T17:21:12 0 0 경기70아1593 3 38 204000059 205000069 23 
2020-12-15T17:22:12 0 0 경기70아1593 3 38 204000059 205000069 23 
2020-12-15T17:23:11 0 0 경기70아1593 3 38 204000059 277102622 24 
2020-12-15T17:24:12 0 0 경기70아1593 3 38 204000059 277102622 24 
2020-12-15T17:25:11 0 0 경기70아1593 3 38 204000059 277102622 24 
2020-12-15T17:26:10 0 0 경기70아1593 3 38 204000059 277102622 24 
2020-12-15T17:27:10 0 0 경기70아1593 3 38 204000059 277102622 24 
2020-12-15T17:28:09 0 0 경기70아1593 3 38 204000059 277102622 24 
2020-12-15T17:29:09 0 0 경기70아1593 3 38 204000059 277102622 24 
2020-12-15T17:30:09 0 0 경기70아1593 3 38 204000059 277102622 24 
2020-12-15T17:31:08 0 0 경기70아1593 3 38 204000059 277103419 25 
2020-12-15T17:32:07 0 0 경기70아1593 3 38 204000059 277103419 25 
2020-12-15T17:33:07 0 0 경기70아1593 3 38 204000059 277103419 25 
2020-12-15T17:34:07 0 0 경기70아1593 3 38 204000059 277103419 25 
2020-12-15T17:35:07 0 0 경기70아1593 3 38 204000059 277103419 25 
2020-12-15T17:36:07 0 0 경기70아1593 3 38 204000059 277103419 25 
2020-12-15T17:37:07 0 0 경기70아1593 3 38 204000059 277103419 25 
2020-12-15T17:38:06 0 0 경기70아1593 3 38 204000059 277103419 25 
2020-12-15T17:39:05 0 0 경기70아1593 3 38 204000059 277103419 25 
2020-12-15T17:40:04 0 0 경기70아1593 3 38 204000059 277103419 25 
2020-12-15T17:41:04 0 0 경기70아1593 3 38 204000059 277103419 25 
2020-12-15T17:42:04 0 0 경기70아1593 3 38 204000059 277103419 25 
2020-12-15T17:43:04 0 0 경기70아1593 3 38 204000059 277103419 25 
2020-12-15T17:44:03 0 0 경기70아1593 3 38 204000059 277103419 25 
2020-12-15T17:45:02 0 0 경기70아1593 3 38 204000059 277103419 25 
2020-12-15T17:46:01 0 0 경기70아1593 3 38 204000059 277103421 26 
2020-12-15T17:47:01 0 0 경기70아1593 3 38 204000059 122000287 27 
2020-12-15T17:48:01 0 0 경기70아1593 3 39 204000059 122000288 28 
2020-12-15T17:49:01 0 0 경기70아1593 3 39 204000059 122000258 29 
2020-12-15T17:50:01 0 0 경기70아1593 3 39 204000059 122000258 29 
2020-12-15T17:51:00 0 0 경기70아1593 3 39 204000059 122000291 30 
2020-12-15T17:52:00 0 0 경기70아1593 3 39 204000059 122000291 30 
2020-12-15T17:52:59 0 0 경기70아1593 3 39 204000059 122000137 31 
2020-12-15T17:53:59 0 0 경기70아1593 3 39 204000059 122000137 31 
2020-12-15T17:54:59 0 0 경기70아1593 3 39 204000059 122000137 31 
2020-12-15T17:55:59 0 0 경기70아1593 3 39 204000059 122000388 32 
2020-12-15T17:56:59 0 0 경기70아1593 3 39 204000059 122000388 32 
2020-12-15T17:57:58 0 0 경기70아1593 3 39 204000059 122000386 33 
2020-12-15T17:58:57 0 0 경기70아1593 3 39 204000059 122000139 34 
2020-12-15T17:59:57 0 0 경기70아1593 3 39 204000059 122000139 34 
2020-12-15T18:00:57 0 0 경기70아1593 3 39 204000059 122000094 35 
2020-12-15T18:01:56 0 0 경기70아1593 3 39 204000059 122000094 35 
2020-12-15T18:02:56 0 0 경기70아1593 3 39 204000059 122000094 35 
2020-12-15T18:03:56 0 0 경기70아1593 3 39 204000059 122000089 36 
2020-12-15T18:04:55 0 0 경기70아1593 3 39 204000059 122000085 37 
2020-12-15T18:05:55 0 0 경기70아1593 3 39 204000059 122000069 38 
2020-12-15T18:06:55 0 0 경기70아1593 3 39 204000059 122000066 39 
2020-12-15T18:07:55 0 0 경기70아1593 3 39 204000059 122000066 39 
2020-12-15T18:08:54 0 0 경기70아1593 3 39 204000059 122000066 39 
2020-12-15T18:09:54 0 0 경기70아1593 3 39 204000059 122000064 40 
2020-12-15T18:10:53 0 0 경기70아1593 3 39 204000059 122000064 40 
2020-12-15T18:11:53 0 0 경기70아1593 3 39 204000059 122000064 40 
2020-12-15T18:12:53 0 0 경기70아1593 3 39 204000059 122000559 41 
2020-12-15T18:13:53 0 0 경기70아1593 3 39 204000059 122000559 41 
2020-12-15T18:14:53 0 0 경기70아1593 3 39 204000059 122000559 41 
2020-12-15T18:15:53 0 0 경기70아1593 3 38 204000059 122000078 42 
2020-12-15T18:16:52 0 0 경기70아1593 3 38 204000059 122000078 42 
2020-12-15T18:17:52 0 0 경기70아1593 3 38 204000059 122000079 43 
2020-12-15T18:18:52 0 0 경기70아1593 3 38 204000059 122000079 43 
2020-12-15T18:19:51 0 0 경기70아1593 3 38 204000059 122000079 43 
2020-12-15T18:20:50 0 0 경기70아1593 3 38 204000059 122000065 44 
2020-12-15T18:21:50 0 0 경기70아1593 3 38 204000059 122000637 45 
2020-12-15T18:22:50 0 0 경기70아1593 3 35 204000059 122000068 46 
2020-12-15T18:23:50 0 0 경기70아1593 3 35 204000059 122000068 46 
2020-12-15T18:24:50 0 0 경기70아1593 3 35 204000059 122000068 46 
2020-12-15T18:25:49 0 0 경기70아1593 3 35 204000059 122000086 47 
2020-12-15T18:26:48 0 0 경기70아1593 3 35 204000059 122000095 48 
2020-12-15T18:27:48 0 0 경기70아1593 3 35 204000059 122000096 49 
2020-12-15T18:28:48 0 0 경기70아1593 3 30 204000059 122000096 49 
2020-12-15T18:29:47 0 0 경기70아1593 3 30 204000059 122000330 50 
2020-12-15T18:30:47 0 0 경기70아1593 3 29 204000059 122000330 50 
2020-12-15T18:31:47 0 0 경기70아1593 3 29 204000059 122000330 50 
2020-12-15T18:32:47 0 0 경기70아1593 3 28 204000059 122000142 51 
2020-12-15T18:33:46 0 0 경기70아1593 3 28 204000059 122000142 51 
2020-12-15T18:34:46 0 0 경기70아1593 3 28 204000059 122000142 51 
2020-12-15T18:35:46 0 0 경기70아1593 3 28 204000059 122000133 52 
2020-12-15T18:36:46 0 0 경기70아1593 3 28 204000059 122000133 52 
2020-12-15T18:37:46 0 0 경기70아1593 3 28 204000059 122000133 52 
2020-12-15T18:38:45 0 0 경기70아1593 3 28 204000059 122000256 53 
2020-12-15T18:39:44 0 0 경기70아1593 3 28 204000059 122000257 54 
2020-12-15T18:40:44 0 0 경기70아1593 3 28 204000059 122000257 54 
2020-12-15T18:41:44 0 0 경기70아1593 3 28 204000059 122000257 54 
2020-12-15T18:42:44 0 0 경기70아1593 3 28 204000059 122000257 54 
2020-12-15T18:43:43 0 0 경기70아1593 3 28 204000059 122000286 55 
2020-12-15T18:44:43 0 0 경기70아1593 3 28 204000059 122000285 56 
2020-12-15T18:45:43 0 0 경기70아1593 3 28 204000059 122000285 56 
2020-12-15T18:46:43 0 0 경기70아1593 3 28 204000059 122000285 56 
2020-12-15T18:47:42 0 0 경기70아1593 3 28 204000059 122000285 56 
2020-12-15T18:48:42 0 0 경기70아1593 3 28 204000059 277103420 57 
2020-12-15T18:49:41 0 0 경기70아1593 3 28 204000059 277103420 57 
2020-12-15T18:50:40 0 0 경기70아1593 3 28 204000059 277103420 57 
2020-12-15T18:51:40 0 0 경기70아1593 3 28 204000059 277103420 57 
2020-12-15T18:52:40 0 0 경기70아1593 3 28 204000059 277103420 57 
2020-12-15T18:53:39 0 0 경기70아1593 3 28 204000059 277103418 58 
2020-12-15T18:54:39 0 0 경기70아1593 3 28 204000059 277103418 58 
2020-12-15T18:55:38 0 0 경기70아1593 3 28 204000059 277103418 58 
2020-12-15T18:56:38 0 0 경기70아1593 3 28 204000059 277103418 58 
2020-12-15T18:57:37 0 0 경기70아1593 3 28 204000059 277103418 58 
2020-12-15T18:58:37 0 0 경기70아1593 3 28 204000059 277103418 58 
2020-12-15T18:59:37 0 0 경기70아1593 3 28 204000059 277103418 58 
2020-12-15T19:00:37 0 0 경기70아1593 3 29 204000059 205000207 59 
2020-12-15T19:01:37 0 0 경기70아1593 3 30 204000059 205000207 59 
2020-12-15T19:02:36 0 0 경기70아1593 3 30 204000059 205000207 59 
2020-12-15T19:03:36 0 0 경기70아1593 3 31 204000059 205000207 59 
2020-12-15T19:04:35 0 0 경기70아1593 3 32 204000059 205000245 60 
2020-12-15T19:05:34 0 0 경기70아1593 3 32 204000059 205000245 60 
2020-12-15T19:06:34 0 0 경기70아1593 3 32 204000059 206000361 61 
2020-12-15T19:07:33 0 0 경기70아1593 3 32 204000059 206000157 62 
2020-12-15T19:08:33 0 0 경기70아1593 3 33 204000059 206000157 62 
2020-12-15T19:09:33 0 0 경기70아1593 3 33 204000059 206000157 62 
2020-12-15T19:10:32 0 0 경기70아1593 3 33 204000059 206000392 63 
2020-12-15T19:11:32 0 0 경기70아1593 3 33 204000059 206000298 64 
2020-12-15T19:12:31 0 0 경기70아1593 3 33 204000059 206000298 64 
2020-12-15T19:13:31 0 0 경기70아1593 3 34 204000059 206000310 65 
2020-12-15T19:14:30 0 0 경기70아1593 3 34 204000059 204000203 66 
2020-12-15T19:15:30 0 0 경기70아1593 3 34 204000059 204000203 66 
2020-12-15T19:16:30 0 0 경기70아1593 3 35 204000059 204000203 66 
2020-12-15T19:17:29 0 0 경기70아1593 3 35 204000059 204000203 66 
2020-12-15T19:18:29 0 0 경기70아1593 3 36 204000059 204000207 67 
2020-12-15T19:19:29 0 0 경기70아1593 3 36 204000059 206000614 68 
2020-12-15T19:20:28 0 0 경기70아1593 3 37 204000059 206000614 68 
2020-12-15T19:21:28 0 0 경기70아1593 3 37 204000059 206000616 69 
2020-12-15T19:22:28 0 0 경기70아1593 3 37 204000059 206000531 70 
2020-12-15T19:23:28 0 0 경기70아1593 3 37 204000059 206000531 70 
2020-12-15T19:24:28 0 0 경기70아1593 3 37 204000059 206000532 71 
2020-12-15T19:25:27 0 0 경기70아1593 3 37 204000059 206000532 71 
2020-12-15T19:26:26 0 0 경기70아1593 3 37 204000059 206000532 71 
2020-12-15T19:27:26 0 0 경기70아1593 3 37 204000059 206000532 71 
2020-12-15T19:28:26 0 0 경기70아1593 3 37 204000059 206000533 72 
2020-12-15T19:29:25 0 0 경기70아1593 3 37 204000059 206000018 73 
2020-12-15T19:30:25 0 0 경기70아1593 3 37 204000059 206000017 74 
2020-12-15T19:31:24 0 0 경기70아1593 3 38 204000059 206000016 76 
2020-12-15T19:32:24 0 0 경기70아1593 3 38 204000059 206000556 77 
2020-12-15T19:33:24 0 0 경기70아1593 3 38 204000059 206000556 77 
2020-12-15T19:34:24 0 0 경기70아1593 3 38 204000059 206000015 78 
2020-12-15T19:35:23 0 0 경기70아1593 3 39 204000059 206000014 79 
2020-12-15T19:36:23 0 0 경기70아1593 3 39 204000059 206000557 80 
2020-12-15T19:37:23 0 0 경기70아1593 3 39 204000059 206000657 81 
2020-12-15T19:38:23 0 0 경기70아1593 3 39 204000059 206000470 83 
2020-12-15T19:39:22 0 0 경기70아1593 3 39 204000059 206000470 83 
2020-12-15T19:40:22 0 0 경기70아1593 3 39 204000059 206000470 83 
2020-12-15T19:41:22 0 0 경기70아1593 3 39 204000059 206000470 83 
2020-12-15T19:42:21 0 0 경기70아1593 3 39 204000059 206000470 83 
2020-12-15T19:43:21 0 0 경기70아1593 3 39 204000059 206000470 83 
2020-12-15T19:44:20 0 0 경기70아1593 3 39 204000059 206000470 83 
2020-12-15T19:45:19 0 0 경기70아1593 3 39 204000059 206000470 83 
2020-12-15T19:46:19 0 0 경기70아1593 3 39 204000059 206000470 83 
2020-12-15T19:47:18 0 0 경기70아1593 3 39 204000059 206000470 83 
2020-12-15T19:48:17 0 0 경기70아1593 3 39 204000059 206000470 83 
2020-12-15T19:49:16 0 0 경기70아1593 3 39 204000059 206000470 83 
2020-12-15T19:50:16 0 0 경기70아1593 3 39 204000059 206000470 83 
2020-12-15T19:51:16 0 0 경기70아1593 3 39 204000059 206000470 83 
2020-12-15T19:52:16 0 0 경기70아1593 3 39 204000059 206000470 83 
2020-12-15T19:57:13 0 0 경기70아1593 3 39 204000059 206000470 83 
2020-12-15T20:00:12 0 0 경기70아1593 3 39 204000059 206000009 2 
2020-12-15T20:01:12 0 0 경기70아1593 3 39 204000059 206000658 3 
2020-12-15T20:02:12 0 0 경기70아1593 3 39 204000059 206000658 3 
2020-12-15T20:03:11 0 0 경기70아1593 3 39 204000059 206000007 5 
2020-12-15T20:04:11 0 0 경기70아1593 3 39 204000059 206000007 5 
2020-12-15T20:05:11 0 0 경기70아1593 3 39 204000059 206000005 7 
2020-12-15T20:06:11 0 0 경기70아1593 3 39 204000059 206000005 7 
2020-12-15T20:07:11 0 0 경기70아1593 3 39 204000059 206000005 7 
2020-12-15T20:08:10 0 0 경기70아1593 3 39 204000059 206000555 9 
2020-12-15T20:09:09 0 0 경기70아1593 3 39 204000059 206000002 11 
2020-12-15T20:10:10 0 0 경기70아1593 3 39 204000059 206000002 11 
2020-12-15T20:11:09 0 0 경기70아1593 3 39 204000059 206000002 11 
2020-12-15T20:12:09 0 0 경기70아1593 3 39 204000059 206000534 12 
2020-12-15T20:13:09 0 0 경기70아1593 3 39 204000059 206000534 12 
2020-12-15T20:14:08 0 0 경기70아1593 3 37 204000059 206000535 13 
2020-12-15T20:15:08 0 0 경기70아1593 3 37 204000059 206000535 13 
2020-12-15T20:16:07 0 0 경기70아1593 3 37 204000059 206000535 13 
2020-12-15T20:17:07 0 0 경기70아1593 3 37 204000059 206000615 15 
2020-12-15T20:18:06 0 0 경기70아1593 3 36 204000059 206000615 15 
2020-12-15T20:19:06 0 0 경기70아1593 3 38 204000059 204000208 16 
2020-12-15T20:20:05 0 0 경기70아1593 3 38 204000059 204000204 17 
2020-12-15T20:21:04 0 0 경기70아1593 3 38 204000059 204000204 17 
2020-12-15T20:22:04 0 0 경기70아1593 3 38 204000059 206000309 18 
2020-12-15T20:23:04 0 0 경기70아1593 3 38 204000059 206000277 19 
2020-12-15T20:24:04 0 0 경기70아1593 3 38 204000059 206000277 19 
2020-12-15T20:25:03 0 0 경기70아1593 3 38 204000059 206000277 19 
2020-12-15T20:26:03 0 0 경기70아1593 3 38 204000059 206000441 20 
2020-12-15T20:27:02 0 0 경기70아1593 3 38 204000059 206000441 20 
2020-12-15T20:28:02 0 0 경기70아1593 3 38 204000059 206000784 21 
2020-12-15T20:29:02 0 0 경기70아1593 3 38 204000059 205000029 22 
2020-12-15T20:30:02 0 0 경기70아1593 3 38 204000059 205000029 22 
2020-12-15T20:31:02 0 0 경기70아1593 3 38 204000059 205000029 22 
2020-12-15T20:32:01 0 0 경기70아1593 3 38 204000059 205000029 22 
2020-12-15T20:33:01 0 0 경기70아1593 3 38 204000059 205000069 23 
2020-12-15T20:34:01 0 0 경기70아1593 3 38 204000059 205000069 23 
2020-12-15T20:35:00 0 0 경기70아1593 3 38 204000059 205000069 23 
2020-12-15T20:36:00 0 0 경기70아1593 3 38 204000059 205000069 23 
2020-12-15T20:37:00 0 0 경기70아1593 3 38 204000059 277102622 24 
2020-12-15T20:37:59 0 0 경기70아1593 3 38 204000059 277102622 24 
2020-12-15T20:38:59 0 0 경기70아1593 3 38 204000059 277102622 24 
2020-12-15T20:39:58 0 0 경기70아1593 3 38 204000059 277103419 25 
2020-12-15T20:40:58 0 0 경기70아1593 3 38 204000059 277103419 25 
2020-12-15T20:41:58 0 0 경기70아1593 3 38 204000059 277103419 25 
2020-12-15T20:42:58 0 0 경기70아1593 3 38 204000059 277103421 26 
2020-12-15T20:43:57 0 0 경기70아1593 3 38 204000059 277103421 26 
2020-12-15T20:44:57 0 0 경기70아1593 3 39 204000059 122000287 27 
2020-12-15T20:45:57 0 0 경기70아1593 3 39 204000059 122000288 28 
2020-12-15T20:46:56 0 0 경기70아1593 3 39 204000059 122000258 29 
2020-12-15T20:47:56 0 0 경기70아1593 3 39 204000059 122000258 29 
2020-12-15T20:48:55 0 0 경기70아1593 3 39 204000059 122000258 29 
2020-12-15T20:49:55 0 0 경기70아1593 3 39 204000059 122000291 30 
2020-12-15T20:50:54 0 0 경기70아1593 3 39 204000059 122000291 30 
2020-12-15T20:51:54 0 0 경기70아1593 3 39 204000059 122000137 31 
2020-12-15T20:52:53 0 0 경기70아1593 3 39 204000059 122000137 31 
2020-12-15T20:53:53 0 0 경기70아1593 3 39 204000059 122000137 31 
2020-12-15T20:54:53 0 0 경기70아1593 3 39 204000059 122000139 34 
2020-12-15T20:55:53 0 0 경기70아1593 3 39 204000059 122000139 34 
2020-12-15T20:56:52 0 0 경기70아1593 3 39 204000059 122000094 35 
2020-12-15T20:57:52 0 0 경기70아1593 3 39 204000059 122000089 36 
2020-12-15T20:58:52 0 0 경기70아1593 3 39 204000059 122000089 36 
2020-12-15T20:59:52 0 0 경기70아1593 3 39 204000059 122000066 39 
2020-12-15T21:00:52 0 0 경기70아1593 3 39 204000059 122000064 40 
2020-12-15T21:01:51 0 0 경기70아1593 3 39 204000059 122000559 41 
2020-12-15T21:02:51 0 0 경기70아1593 3 39 204000059 122000559 41 
2020-12-15T21:03:51 1 0 경기70아1593 3 39 204000059 122000078 42 
2020-12-15T21:04:50 0 0 경기70아1593 3 39 204000059 122000078 42 
2020-12-15T21:05:50 0 0 경기70아1593 3 39 204000059 122000079 43 
2020-12-15T21:06:49 0 0 경기70아1593 3 39 204000059 122000079 43 
2020-12-15T21:07:49 0 0 경기70아1593 3 39 204000059 122000065 44 
2020-12-15T21:08:49 0 0 경기70아1593 3 39 204000059 122000637 45 
2020-12-15T21:09:48 0 0 경기70아1593 3 39 204000059 122000068 46 
2020-12-15T21:10:48 0 0 경기70아1593 3 39 204000059 122000068 46 
2020-12-15T21:11:47 0 0 경기70아1593 3 39 204000059 122000086 47 
2020-12-15T21:12:47 0 0 경기70아1593 3 39 204000059 122000086 47 
2020-12-15T21:13:47 0 0 경기70아1593 3 39 204000059 122000095 48 
2020-12-15T21:14:46 0 0 경기70아1593 3 39 204000059 122000096 49 
2020-12-15T21:15:46 0 0 경기70아1593 3 39 204000059 122000096 49 
2020-12-15T21:16:46 0 0 경기70아1593 3 39 204000059 122000330 50 
2020-12-15T21:17:46 0 0 경기70아1593 3 39 204000059 122000330 50 
2020-12-15T21:18:45 0 0 경기70아1593 3 39 204000059 122000142 51 
2020-12-15T21:19:45 0 0 경기70아1593 3 39 204000059 122000142 51 
2020-12-15T21:20:45 0 0 경기70아1593 3 38 204000059 122000133 52 
2020-12-15T21:21:45 0 0 경기70아1593 3 38 204000059 122000133 52 
2020-12-15T21:22:45 0 0 경기70아1593 3 38 204000059 122000256 53 
2020-12-15T21:23:45 0 0 경기70아1593 3 38 204000059 122000257 54 
2020-12-15T21:24:44 0 0 경기70아1593 3 38 204000059 122000257 54 
2020-12-15T21:25:44 0 0 경기70아1593 3 38 204000059 122000257 54 
2020-12-15T21:26:44 0 0 경기70아1593 3 38 204000059 122000257 54 
2020-12-15T21:27:44 0 0 경기70아1593 3 38 204000059 122000286 55 
2020-12-15T21:28:43 0 0 경기70아1593 3 37 204000059 122000285 56 
2020-12-15T21:29:43 0 0 경기70아1593 3 37 204000059 122000285 56 
2020-12-15T21:30:43 0 0 경기70아1593 3 37 204000059 277103420 57 
2020-12-15T21:31:43 0 0 경기70아1593 3 37 204000059 277103420 57 
2020-12-15T21:32:42 0 0 경기70아1593 3 37 204000059 277103420 57 
2020-12-15T21:33:42 0 0 경기70아1593 3 37 204000059 277103420 57 
2020-12-15T21:34:42 0 0 경기70아1593 3 37 204000059 277103420 57 
2020-12-15T21:35:42 0 0 경기70아1593 3 37 204000059 277103420 57 
2020-12-15T21:36:41 0 0 경기70아1593 3 37 204000059 277103418 58 
2020-12-15T21:37:41 0 0 경기70아1593 3 37 204000059 277103418 58 
2020-12-15T21:38:41 0 0 경기70아1593 3 37 204000059 277103418 58 
2020-12-15T21:39:40 0 0 경기70아1593 3 37 204000059 277103418 58 
2020-12-15T21:40:40 0 0 경기70아1593 3 37 204000059 277103418 58 
2020-12-15T21:41:40 0 0 경기70아1593 3 37 204000059 277103418 58 
2020-12-15T21:42:39 0 0 경기70아1593 3 37 204000059 277103418 58 
2020-12-15T21:43:39 0 0 경기70아1593 3 37 204000059 277103418 58 
2020-12-15T21:44:39 0 0 경기70아1593 3 37 204000059 277103418 58 
2020-12-15T21:45:39 0 0 경기70아1593 3 37 204000059 277103418 58 
2020-12-15T21:46:39 0 0 경기70아1593 3 37 204000059 277103418 58 
2020-12-15T21:47:38 0 0 경기70아1593 3 38 204000059 277103418 58 
2020-12-15T21:48:38 0 0 경기70아1593 3 38 204000059 205000207 59 
2020-12-15T21:49:37 0 0 경기70아1593 3 39 204000059 205000207 59 
2020-12-15T21:50:37 0 0 경기70아1593 3 39 204000059 205000207 59 
2020-12-15T21:51:37 0 0 경기70아1593 3 39 204000059 205000207 59 
2020-12-15T21:52:37 0 0 경기70아1593 3 39 204000059 205000207 59 
2020-12-15T21:53:37 0 0 경기70아1593 3 39 204000059 205000207 59 
2020-12-15T21:54:36 0 0 경기70아1593 3 39 204000059 205000207 59 
2020-12-15T21:55:36 0 0 경기70아1593 3 39 204000059 205000207 59 
2020-12-15T21:56:36 0 0 경기70아1593 3 39 204000059 205000207 59 
2020-12-15T21:57:35 0 0 경기70아1593 3 39 204000059 205000207 59 
2020-12-15T21:58:35 0 0 경기70아1593 3 39 204000059 205000207 59 
2020-12-15T21:59:35 0 0 경기70아1593 3 39 204000059 205000207 59 
2020-12-15T22:00:35 0 0 경기70아1593 3 39 204000059 205000207 59 
2020-12-15T22:01:34 0 0 경기70아1593 3 39 204000059 205000207 59 
2020-12-15T22:02:34 0 0 경기70아1593 3 39 204000059 205000207 59 
2020-12-15T22:03:34 0 0 경기70아1593 3 39 204000059 205000207 59 
