204000059 2020-12-03T20:00:56.015104+09:00
2020-12-04T04:49:06 0 0 경기70아1593 3 39 204000059 206000658 3 
2020-12-04T04:50:06 2 0 경기70아1593 3 38 204000059 206000558 4 
2020-12-04T04:51:05 2 0 경기70아1593 3 38 204000059 206000007 5 
2020-12-04T04:52:04 2 0 경기70아1593 3 38 204000059 206000006 6 
2020-12-04T04:53:04 2 0 경기70아1593 3 38 204000059 206000004 8 
2020-12-04T04:54:03 2 0 경기70아1593 3 38 204000059 206000004 8 
2020-12-04T04:55:02 2 0 경기70아1593 3 38 204000059 206000004 8 
2020-12-04T04:56:02 2 0 경기70아1593 3 38 204000059 206000002 11 
2020-12-04T04:57:01 2 0 경기70아1593 3 38 204000059 206000002 11 
2020-12-04T04:58:01 2 0 경기70아1593 3 38 204000059 206000534 12 
2020-12-04T04:59:00 2 0 경기70아1593 3 38 204000059 206000535 13 
2020-12-04T05:00:00 2 0 경기70아1593 3 38 204000059 206000617 14 
2020-12-04T05:00:59 2 0 경기70아1593 3 38 204000059 206000617 14 
2020-12-04T05:01:58 2 0 경기70아1593 3 38 204000059 206000617 14 
2020-12-04T05:02:57 2 0 경기70아1593 3 38 204000059 204000208 16 
2020-12-04T05:03:57 2 0 경기70아1593 3 35 204000059 204000208 16 
2020-12-04T05:04:56 2 0 경기70아1593 3 35 204000059 206000309 18 
2020-12-04T05:05:56 2 0 경기70아1593 3 34 204000059 206000277 19 
2020-12-04T05:06:56 2 0 경기70아1593 3 34 204000059 206000277 19 
2020-12-04T05:07:55 2 0 경기70아1593 3 35 204000059 206000441 20 
2020-12-04T05:08:56 2 0 경기70아1593 3 35 204000059 206000784 21 
2020-12-04T05:09:55 2 0 경기70아1593 3 35 204000059 206000784 21 
2020-12-04T05:10:56 2 0 경기70아1593 3 35 204000059 206000784 21 
2020-12-04T05:11:55 2 0 경기70아1593 3 35 204000059 205000029 22 
2020-12-04T05:12:54 2 0 경기70아1593 3 35 204000059 205000029 22 
2020-12-04T05:13:53 2 0 경기70아1593 3 35 204000059 205000069 23 
2020-12-04T05:14:53 2 0 경기70아1593 3 35 204000059 205000069 23 
2020-12-04T05:15:52 2 0 경기70아1593 3 35 204000059 205000069 23 
2020-12-04T05:16:51 2 0 경기70아1593 3 35 204000059 205000069 23 
2020-12-04T05:17:51 2 0 경기70아1593 3 35 204000059 277102622 24 
2020-12-04T05:18:51 2 0 경기70아1593 3 35 204000059 277102622 24 
2020-12-04T05:19:51 2 0 경기70아1593 3 35 204000059 277102622 24 
2020-12-04T05:20:50 2 0 경기70아1593 3 35 204000059 277103419 25 
2020-12-04T05:21:50 2 0 경기70아1593 3 35 204000059 277103419 25 
2020-12-04T05:22:50 2 0 경기70아1593 3 35 204000059 277103419 25 
2020-12-04T05:23:49 2 0 경기70아1593 3 36 204000059 277103421 26 
2020-12-04T05:24:49 2 0 경기70아1593 3 36 204000059 122000287 27 
2020-12-04T05:25:49 2 0 경기70아1593 3 36 204000059 122000288 28 
2020-12-04T05:26:49 2 0 경기70아1593 3 37 204000059 122000258 29 
2020-12-04T05:27:49 2 0 경기70아1593 3 37 204000059 122000258 29 
2020-12-04T05:28:48 2 0 경기70아1593 3 37 204000059 122000258 29 
2020-12-04T05:29:48 2 0 경기70아1593 3 38 204000059 122000291 30 
2020-12-04T05:30:47 2 0 경기70아1593 3 38 204000059 122000291 30 
2020-12-04T05:31:47 0 0 경기70아1593 3 39 204000059 122000386 33 
2020-12-04T05:32:47 0 0 경기70아1593 3 39 204000059 122000386 33 
2020-12-04T05:33:47 0 0 경기70아1593 3 39 204000059 122000139 34 
2020-12-04T05:34:47 0 0 경기70아1593 3 39 204000059 122000094 35 
2020-12-04T05:35:46 0 0 경기70아1593 3 39 204000059 122000094 35 
2020-12-04T05:36:46 0 0 경기70아1593 3 39 204000059 122000085 37 
2020-12-04T05:37:46 0 0 경기70아1593 3 39 204000059 122000066 39 
2020-12-04T05:38:45 0 0 경기70아1593 3 39 204000059 122000064 40 
2020-12-04T05:39:45 0 0 경기70아1593 3 39 204000059 122000064 40 
2020-12-04T05:40:44 0 0 경기70아1593 3 39 204000059 122000559 41 
2020-12-04T05:41:44 0 0 경기70아1593 3 39 204000059 122000078 42 
2020-12-04T05:42:44 0 0 경기70아1593 3 39 204000059 122000079 43 
2020-12-04T05:43:44 0 0 경기70아1593 3 39 204000059 122000079 43 
2020-12-04T05:44:43 0 0 경기70아1593 3 39 204000059 122000079 43 
2020-12-04T05:45:43 0 0 경기70아1593 3 39 204000059 122000079 43 
2020-12-04T05:46:43 0 0 경기70아1593 3 39 204000059 122000079 43 
2020-12-04T05:47:42 0 0 경기70아1593 3 39 204000059 122000637 45 
2020-12-04T05:48:42 0 0 경기70아1593 3 39 204000059 122000637 45 
2020-12-04T05:49:41 0 0 경기70아1593 3 39 204000059 122000068 46 
2020-12-04T05:50:41 0 0 경기70아1593 3 39 204000059 122000086 47 
2020-12-04T05:51:40 0 0 경기70아1593 3 39 204000059 122000096 49 
2020-12-04T05:52:40 0 0 경기70아1593 3 39 204000059 122000330 50 
2020-12-04T05:53:40 0 0 경기70아1593 3 39 204000059 122000142 51 
2020-12-04T05:54:39 0 0 경기70아1593 3 39 204000059 122000133 52 
2020-12-04T05:55:38 0 0 경기70아1593 3 39 204000059 122000133 52 
2020-12-04T05:56:38 0 0 경기70아1593 3 39 204000059 122000256 53 
2020-12-04T05:57:38 0 0 경기70아1593 3 39 204000059 122000257 54 
2020-12-04T05:58:37 0 0 경기70아1593 3 39 204000059 122000257 54 
2020-12-04T05:59:37 0 0 경기70아1593 3 39 204000059 122000257 54 
2020-12-04T06:00:36 0 0 경기70아1593 3 38 204000059 122000286 55 
2020-12-04T06:01:36 0 0 경기70아1593 3 38 204000059 122000285 56 
2020-12-04T06:02:35 0 0 경기70아1593 3 38 204000059 122000285 56 
2020-12-04T06:03:35 0 0 경기70아1593 3 38 204000059 277103420 57 
2020-12-04T06:04:35 0 0 경기70아1593 3 38 204000059 277103420 57 
2020-12-04T06:05:34 0 0 경기70아1593 3 38 204000059 277103420 57 
2020-12-04T06:06:33 0 0 경기70아1593 3 38 204000059 277103418 58 
2020-12-04T06:07:33 0 0 경기70아1593 3 38 204000059 277103418 58 
2020-12-04T06:08:32 0 0 경기70아1593 3 38 204000059 277103418 58 
2020-12-04T06:09:32 0 0 경기70아1593 3 38 204000059 277103418 58 
2020-12-04T06:10:32 0 0 경기70아1593 3 38 204000059 277103418 58 
2020-12-04T06:11:32 0 0 경기70아1593 3 38 204000059 277103418 58 
2020-12-04T06:12:31 0 0 경기70아1593 3 38 204000059 277103418 58 
2020-12-04T06:13:31 0 0 경기70아1593 3 38 204000059 205000207 59 
2020-12-04T06:14:30 0 0 경기70아1593 3 38 204000059 205000207 59 
2020-12-04T06:15:30 0 0 경기70아1593 3 38 204000059 205000207 59 
2020-12-04T06:16:29 0 0 경기70아1593 3 38 204000059 206000361 61 
2020-12-04T06:17:29 0 0 경기70아1593 3 38 204000059 206000361 61 
2020-12-04T06:18:28 0 0 경기70아1593 3 38 204000059 206000361 61 
2020-12-04T06:19:28 0 0 경기70아1593 3 38 204000059 206000392 63 
2020-12-04T06:20:28 0 0 경기70아1593 3 38 204000059 206000298 64 
2020-12-04T06:21:27 0 0 경기70아1593 3 38 204000059 206000298 64 
2020-12-04T06:22:27 0 0 경기70아1593 3 39 204000059 206000310 65 
2020-12-04T06:23:26 0 0 경기70아1593 3 39 204000059 204000207 67 
2020-12-04T06:24:26 0 0 경기70아1593 3 39 204000059 206000614 68 
2020-12-04T06:25:26 0 0 경기70아1593 3 39 204000059 206000614 68 
2020-12-04T06:26:25 0 0 경기70아1593 3 39 204000059 206000616 69 
2020-12-04T06:27:25 0 0 경기70아1593 3 39 204000059 206000531 70 
2020-12-04T06:28:25 0 0 경기70아1593 3 39 204000059 206000531 70 
2020-12-04T06:29:24 0 0 경기70아1593 3 39 204000059 206000531 70 
2020-12-04T06:30:24 0 0 경기70아1593 3 39 204000059 206000532 71 
2020-12-04T06:31:23 0 0 경기70아1593 3 39 204000059 206000532 71 
2020-12-04T06:32:22 0 0 경기70아1593 3 39 204000059 206000532 71 
2020-12-04T06:33:22 0 0 경기70아1593 3 39 204000059 206000533 72 
2020-12-04T06:34:21 0 0 경기70아1593 3 39 204000059 206000018 73 
2020-12-04T06:35:21 0 0 경기70아1593 3 39 204000059 206000018 73 
2020-12-04T06:36:21 0 0 경기70아1593 3 39 204000059 206000016 76 
2020-12-04T06:37:20 0 0 경기70아1593 3 39 204000059 206000015 78 
2020-12-04T06:38:20 0 0 경기70아1593 3 39 204000059 206000557 80 
2020-12-04T06:39:20 0 0 경기70아1593 3 39 204000059 206000657 81 
2020-12-04T06:40:20 0 0 경기70아1593 3 39 204000059 206000470 83 
2020-12-04T06:41:20 0 0 경기70아1593 3 39 204000059 206000470 83 
2020-12-04T06:42:19 0 0 경기70아1593 3 39 204000059 206000470 83 
2020-12-04T06:43:18 0 0 경기70아1593 3 39 204000059 206000470 83 
2020-12-04T06:44:17 0 0 경기70아1593 3 39 204000059 206000470 83 
2020-12-04T06:45:17 0 0 경기70아1593 3 39 204000059 206000470 83 
2020-12-04T06:46:16 0 0 경기70아1593 3 39 204000059 206000470 83 
2020-12-04T06:47:16 0 0 경기70아1593 3 39 204000059 206000470 83 
2020-12-04T06:48:15 0 0 경기70아1593 3 39 204000059 206000470 83 
2020-12-04T06:49:14 0 0 경기70아1593 3 39 204000059 206000470 83 
2020-12-04T06:50:13 0 0 경기70아1593 3 39 204000059 206000470 83 
2020-12-04T06:51:13 0 0 경기70아1593 3 39 204000059 206000470 83 
2020-12-04T06:52:13 0 0 경기70아1593 3 39 204000059 206000470 83 
2020-12-04T06:53:13 0 0 경기70아1593 3 39 204000059 206000470 83 
2020-12-04T06:54:12 0 0 경기70아1593 3 39 204000059 206000470 83 
2020-12-04T07:28:57 0 0 경기70아1593 3 39 204000059 206000009 2 
2020-12-04T07:29:57 0 0 경기70아1593 3 39 204000059 206000558 4 
2020-12-04T07:30:56 0 0 경기70아1593 3 39 204000059 206000558 4 
2020-12-04T07:31:56 0 0 경기70아1593 3 39 204000059 206000006 6 
2020-12-04T07:32:55 0 0 경기70아1593 3 39 204000059 206000006 6 
2020-12-04T07:33:55 0 0 경기70아1593 3 39 204000059 206000006 6 
2020-12-04T07:34:54 0 0 경기70아1593 3 39 204000059 206000005 7 
2020-12-04T07:35:53 0 0 경기70아1593 3 39 204000059 206000555 9 
2020-12-04T07:36:54 0 0 경기70아1593 3 38 204000059 206000003 10 
2020-12-04T07:37:53 0 0 경기70아1593 3 38 204000059 206000003 10 
2020-12-04T07:38:53 0 0 경기70아1593 3 38 204000059 206000002 11 
2020-12-04T07:39:52 0 0 경기70아1593 3 38 204000059 206000002 11 
2020-12-04T07:40:52 0 0 경기70아1593 3 38 204000059 206000002 11 
2020-12-04T07:41:51 0 0 경기70아1593 3 38 204000059 206000534 12 
2020-12-04T07:42:50 0 0 경기70아1593 3 38 204000059 206000534 12 
2020-12-04T07:43:50 0 0 경기70아1593 3 38 204000059 206000535 13 
2020-12-04T07:44:49 0 0 경기70아1593 3 38 204000059 206000535 13 
2020-12-04T07:45:48 0 0 경기70아1593 3 38 204000059 206000535 13 
2020-12-04T07:46:48 0 0 경기70아1593 3 38 204000059 206000535 13 
2020-12-04T07:47:47 0 0 경기70아1593 3 38 204000059 206000615 15 
2020-12-04T07:48:46 0 0 경기70아1593 3 38 204000059 206000615 15 
2020-12-04T07:49:46 0 0 경기70아1593 3 38 204000059 204000208 16 
2020-12-04T07:50:46 0 0 경기70아1593 3 37 204000059 204000204 17 
2020-12-04T07:51:46 0 0 경기70아1593 3 37 204000059 206000309 18 
2020-12-04T07:52:45 0 0 경기70아1593 3 37 204000059 206000277 19 
2020-12-04T07:53:44 0 0 경기70아1593 3 37 204000059 206000277 19 
2020-12-04T07:54:44 0 0 경기70아1593 3 37 204000059 206000277 19 
2020-12-04T07:55:44 0 0 경기70아1593 3 36 204000059 206000441 20 
2020-12-04T07:56:44 0 0 경기70아1593 3 36 204000059 206000441 20 
2020-12-04T07:57:43 0 0 경기70아1593 3 37 204000059 206000441 20 
2020-12-04T07:58:42 0 0 경기70아1593 3 35 204000059 206000784 21 
2020-12-04T07:59:42 0 0 경기70아1593 3 35 204000059 206000784 21 
2020-12-04T08:00:42 0 0 경기70아1593 3 35 204000059 206000784 21 
2020-12-04T08:01:41 0 0 경기70아1593 3 33 204000059 205000029 22 
2020-12-04T08:02:41 0 0 경기70아1593 3 33 204000059 205000029 22 
2020-12-04T08:03:40 0 0 경기70아1593 3 33 204000059 205000029 22 
2020-12-04T08:04:40 0 0 경기70아1593 3 33 204000059 205000029 22 
2020-12-04T08:05:39 0 0 경기70아1593 3 32 204000059 205000069 23 
2020-12-04T08:06:38 0 0 경기70아1593 3 32 204000059 205000069 23 
2020-12-04T08:07:38 0 0 경기70아1593 3 32 204000059 205000069 23 
2020-12-04T08:08:38 0 0 경기70아1593 3 32 204000059 205000069 23 
2020-12-04T08:09:37 0 0 경기70아1593 3 32 204000059 277102622 24 
2020-12-04T08:10:37 0 0 경기70아1593 3 32 204000059 277102622 24 
2020-12-04T08:11:36 0 0 경기70아1593 3 32 204000059 277102622 24 
2020-12-04T08:12:36 0 0 경기70아1593 3 32 204000059 277102622 24 
2020-12-04T08:13:35 0 0 경기70아1593 3 32 204000059 277103419 25 
2020-12-04T08:14:34 0 0 경기70아1593 3 32 204000059 277103419 25 
2020-12-04T08:15:33 0 0 경기70아1593 3 32 204000059 277103419 25 
2020-12-04T08:16:33 0 0 경기70아1593 3 32 204000059 277103419 25 
2020-12-04T08:17:33 0 0 경기70아1593 3 32 204000059 277103419 25 
2020-12-04T08:18:32 0 0 경기70아1593 3 32 204000059 277103419 25 
2020-12-04T08:19:31 0 0 경기70아1593 3 32 204000059 277103419 25 
2020-12-04T08:20:31 0 0 경기70아1593 3 32 204000059 277103419 25 
2020-12-04T08:21:30 0 0 경기70아1593 3 32 204000059 277103419 25 
2020-12-04T08:22:30 0 0 경기70아1593 3 32 204000059 277103419 25 
2020-12-04T08:23:29 0 0 경기70아1593 3 32 204000059 277103419 25 
2020-12-04T08:24:28 0 0 경기70아1593 3 32 204000059 277103419 25 
2020-12-04T08:25:28 0 0 경기70아1593 3 32 204000059 277103419 25 
2020-12-04T08:26:28 0 0 경기70아1593 3 32 204000059 277103419 25 
2020-12-04T08:27:28 0 0 경기70아1593 3 32 204000059 277103419 25 
2020-12-04T08:28:27 0 0 경기70아1593 3 32 204000059 277103421 26 
2020-12-04T08:29:27 0 0 경기70아1593 3 32 204000059 277103421 26 
2020-12-04T08:30:26 0 0 경기70아1593 3 32 204000059 277103421 26 
2020-12-04T08:31:26 0 0 경기70아1593 3 32 204000059 277103421 26 
2020-12-04T08:32:26 0 0 경기70아1593 3 32 204000059 122000287 27 
2020-12-04T08:33:25 0 0 경기70아1593 3 32 204000059 122000288 28 
2020-12-04T08:34:24 0 0 경기70아1593 3 32 204000059 122000258 29 
2020-12-04T08:35:24 0 0 경기70아1593 3 32 204000059 122000291 30 
2020-12-04T08:36:23 0 0 경기70아1593 3 32 204000059 122000291 30 
2020-12-04T08:37:22 0 0 경기70아1593 3 32 204000059 122000137 31 
2020-12-04T08:38:21 0 0 경기70아1593 3 32 204000059 122000137 31 
2020-12-04T08:39:21 0 0 경기70아1593 3 33 204000059 122000386 33 
2020-12-04T08:40:20 0 0 경기70아1593 3 35 204000059 122000139 34 
2020-12-04T08:41:19 0 0 경기70아1593 3 35 204000059 122000139 34 
2020-12-04T08:42:18 0 0 경기70아1593 3 35 204000059 122000094 35 
2020-12-04T08:43:17 0 0 경기70아1593 3 35 204000059 122000094 35 
2020-12-04T08:44:17 0 0 경기70아1593 3 36 204000059 122000089 36 
2020-12-04T08:45:17 0 0 경기70아1593 3 37 204000059 122000085 37 
2020-12-04T08:46:16 0 0 경기70아1593 3 37 204000059 122000069 38 
2020-12-04T08:47:16 0 0 경기70아1593 3 37 204000059 122000066 39 
2020-12-04T08:48:15 0 0 경기70아1593 3 37 204000059 122000066 39 
2020-12-04T08:49:15 0 0 경기70아1593 3 37 204000059 122000066 39 
2020-12-04T08:50:14 0 0 경기70아1593 3 37 204000059 122000066 39 
2020-12-04T08:51:14 0 0 경기70아1593 3 37 204000059 122000064 40 
2020-12-04T08:52:13 0 0 경기70아1593 3 37 204000059 122000064 40 
2020-12-04T08:53:12 0 0 경기70아1593 3 38 204000059 122000559 41 
2020-12-04T08:54:11 0 0 경기70아1593 3 36 204000059 122000559 41 
2020-12-04T08:55:11 0 0 경기70아1593 3 36 204000059 122000559 41 
2020-12-04T08:56:10 0 0 경기70아1593 3 36 204000059 122000078 42 
2020-12-04T08:57:10 0 0 경기70아1593 3 36 204000059 122000078 42 
2020-12-04T08:58:09 0 0 경기70아1593 3 37 204000059 122000079 43 
2020-12-04T08:59:08 0 0 경기70아1593 3 37 204000059 122000079 43 
2020-12-04T09:00:08 0 0 경기70아1593 3 37 204000059 122000079 43 
2020-12-04T09:01:07 0 0 경기70아1593 3 37 204000059 122000637 45 
2020-12-04T09:02:07 0 0 경기70아1593 3 37 204000059 122000068 46 
2020-12-04T09:03:06 0 0 경기70아1593 3 36 204000059 122000068 46 
2020-12-04T09:04:06 0 0 경기70아1593 3 36 204000059 122000068 46 
2020-12-04T09:05:05 0 0 경기70아1593 3 36 204000059 122000086 47 
2020-12-04T09:06:05 0 0 경기70아1593 3 36 204000059 122000086 47 
2020-12-04T09:07:04 0 0 경기70아1593 3 36 204000059 122000095 48 
2020-12-04T09:08:04 0 0 경기70아1593 3 36 204000059 122000096 49 
2020-12-04T09:09:04 0 0 경기70아1593 3 36 204000059 122000096 49 
2020-12-04T09:10:03 0 0 경기70아1593 3 36 204000059 122000330 50 
2020-12-04T09:11:02 0 0 경기70아1593 3 36 204000059 122000330 50 
2020-12-04T09:12:01 0 0 경기70아1593 3 36 204000059 122000142 51 
2020-12-04T09:13:01 0 0 경기70아1593 3 36 204000059 122000142 51 
2020-12-04T09:14:00 0 0 경기70아1593 3 36 204000059 122000142 51 
2020-12-04T09:15:00 0 0 경기70아1593 3 36 204000059 122000133 52 
2020-12-04T09:16:00 0 0 경기70아1593 3 36 204000059 122000133 52 
2020-12-04T09:16:59 0 0 경기70아1593 3 36 204000059 122000256 53 
2020-12-04T09:17:59 0 0 경기70아1593 3 36 204000059 122000256 53 
2020-12-04T09:18:59 0 0 경기70아1593 3 36 204000059 122000257 54 
2020-12-04T09:19:59 0 0 경기70아1593 3 36 204000059 122000257 54 
2020-12-04T09:20:58 0 0 경기70아1593 3 36 204000059 122000257 54 
2020-12-04T09:21:58 0 0 경기70아1593 3 36 204000059 122000257 54 
2020-12-04T09:22:57 0 0 경기70아1593 3 36 204000059 122000285 56 
2020-12-04T09:23:56 0 0 경기70아1593 3 36 204000059 122000285 56 
2020-12-04T09:24:56 0 0 경기70아1593 3 36 204000059 277103420 57 
2020-12-04T09:25:56 0 0 경기70아1593 3 36 204000059 277103420 57 
2020-12-04T09:26:55 0 0 경기70아1593 3 36 204000059 277103420 57 
2020-12-04T09:27:54 0 0 경기70아1593 3 36 204000059 277103420 57 
2020-12-04T09:28:53 0 0 경기70아1593 3 36 204000059 277103420 57 
2020-12-04T09:29:53 0 0 경기70아1593 3 36 204000059 277103420 57 
2020-12-04T09:30:53 0 0 경기70아1593 3 36 204000059 277103418 58 
2020-12-04T09:31:52 0 0 경기70아1593 3 36 204000059 277103418 58 
2020-12-04T09:32:52 0 0 경기70아1593 3 36 204000059 277103418 58 
2020-12-04T09:33:52 0 0 경기70아1593 3 36 204000059 277103418 58 
2020-12-04T09:34:51 0 0 경기70아1593 3 36 204000059 277103418 58 
2020-12-04T09:35:50 0 0 경기70아1593 3 36 204000059 277103418 58 
2020-12-04T09:36:49 0 0 경기70아1593 3 36 204000059 277103418 58 
2020-12-04T09:37:49 0 0 경기70아1593 3 36 204000059 205000207 59 
2020-12-04T09:38:48 0 0 경기70아1593 3 36 204000059 205000207 59 
2020-12-04T09:39:47 0 0 경기70아1593 3 36 204000059 205000207 59 
2020-12-04T09:40:47 0 0 경기70아1593 3 36 204000059 205000245 60 
2020-12-04T09:41:46 0 0 경기70아1593 3 36 204000059 205000245 60 
2020-12-04T09:42:45 0 0 경기70아1593 3 36 204000059 206000361 61 
2020-12-04T09:43:45 0 0 경기70아1593 3 36 204000059 206000157 62 
2020-12-04T09:44:44 0 0 경기70아1593 3 36 204000059 206000392 63 
2020-12-04T09:45:44 0 0 경기70아1593 3 36 204000059 206000298 64 
2020-12-04T09:46:43 0 0 경기70아1593 3 36 204000059 206000310 65 
2020-12-04T09:47:43 0 0 경기70아1593 3 36 204000059 206000310 65 
2020-12-04T09:48:42 0 0 경기70아1593 3 36 204000059 206000310 65 
2020-12-04T09:49:42 0 0 경기70아1593 3 36 204000059 204000203 66 
2020-12-04T09:50:42 0 0 경기70아1593 3 36 204000059 204000203 66 
2020-12-04T09:51:41 0 0 경기70아1593 3 36 204000059 204000203 66 
2020-12-04T09:52:41 0 0 경기70아1593 3 37 204000059 204000203 66 
2020-12-04T09:53:40 0 0 경기70아1593 3 37 204000059 204000207 67 
2020-12-04T09:54:39 0 0 경기70아1593 3 36 204000059 206000614 68 
2020-12-04T09:55:39 0 0 경기70아1593 3 36 204000059 206000614 68 
2020-12-04T09:56:38 0 0 경기70아1593 3 36 204000059 206000616 69 
2020-12-04T09:57:38 0 0 경기70아1593 3 36 204000059 206000532 71 
2020-12-04T09:58:38 0 0 경기70아1593 3 36 204000059 206000532 71 
2020-12-04T09:59:38 0 0 경기70아1593 3 36 204000059 206000532 71 
2020-12-04T10:00:38 0 0 경기70아1593 3 36 204000059 206000533 72 
2020-12-04T10:01:37 0 0 경기70아1593 3 36 204000059 206000018 73 
2020-12-04T10:02:36 0 0 경기70아1593 3 36 204000059 206000018 73 
2020-12-04T10:03:35 0 0 경기70아1593 3 37 204000059 206000554 75 
2020-12-04T10:04:35 0 0 경기70아1593 3 38 204000059 206000554 75 
2020-12-04T10:05:35 0 0 경기70아1593 3 38 204000059 206000554 75 
2020-12-04T10:06:34 0 0 경기70아1593 3 38 204000059 206000016 76 
2020-12-04T10:07:34 0 0 경기70아1593 3 38 204000059 206000556 77 
2020-12-04T10:08:33 0 0 경기70아1593 3 38 204000059 206000556 77 
2020-12-04T10:09:33 0 0 경기70아1593 3 38 204000059 206000015 78 
2020-12-04T10:10:33 0 0 경기70아1593 3 38 204000059 206000557 80 
2020-12-04T10:11:33 0 0 경기70아1593 3 38 204000059 206000012 82 
2020-12-04T11:29:52 0 0 경기70아1593 3 39 204000059 206000009 2 
2020-12-04T11:30:52 0 0 경기70아1593 3 39 204000059 206000658 3 
2020-12-04T11:31:52 0 0 경기70아1593 3 39 204000059 206000658 3 
2020-12-04T11:32:51 0 0 경기70아1593 3 39 204000059 206000558 4 
2020-12-04T11:33:50 0 0 경기70아1593 3 39 204000059 206000007 5 
2020-12-04T11:34:50 0 0 경기70아1593 3 39 204000059 206000006 6 
2020-12-04T11:35:49 0 0 경기70아1593 3 39 204000059 206000005 7 
2020-12-04T11:36:48 0 0 경기70아1593 3 39 204000059 206000005 7 
2020-12-04T11:37:47 0 0 경기70아1593 3 39 204000059 206000004 8 
2020-12-04T11:38:47 0 0 경기70아1593 3 39 204000059 206000003 10 
2020-12-04T11:39:46 0 0 경기70아1593 3 39 204000059 206000002 11 
2020-12-04T11:40:45 0 0 경기70아1593 3 39 204000059 206000002 11 
2020-12-04T11:41:44 0 0 경기70아1593 3 39 204000059 206000002 11 
2020-12-04T11:42:43 0 0 경기70아1593 3 39 204000059 206000002 11 
2020-12-04T11:43:42 0 0 경기70아1593 3 39 204000059 206000535 13 
2020-12-04T11:44:42 0 0 경기70아1593 3 39 204000059 206000535 13 
2020-12-04T11:45:42 0 0 경기70아1593 3 39 204000059 206000535 13 
2020-12-04T11:46:41 0 0 경기70아1593 3 39 204000059 206000535 13 
2020-12-04T11:47:41 0 0 경기70아1593 3 39 204000059 206000617 14 
2020-12-04T11:48:40 0 0 경기70아1593 3 38 204000059 206000615 15 
2020-12-04T11:49:39 0 0 경기70아1593 3 38 204000059 206000615 15 
2020-12-04T11:50:39 0 0 경기70아1593 3 37 204000059 204000208 16 
2020-12-04T11:51:39 0 0 경기70아1593 3 37 204000059 204000208 16 
2020-12-04T11:52:38 0 0 경기70아1593 3 37 204000059 204000204 17 
2020-12-04T11:53:37 0 0 경기70아1593 3 37 204000059 204000204 17 
2020-12-04T11:54:37 0 0 경기70아1593 3 37 204000059 206000309 18 
2020-12-04T11:55:37 0 0 경기70아1593 3 37 204000059 206000277 19 
2020-12-04T11:56:37 0 0 경기70아1593 3 37 204000059 206000441 20 
2020-12-04T11:59:12 0 0 경기70아1593 3 36 204000059 206000784 21 
2020-12-04T12:00:12 0 0 경기70아1593 3 36 204000059 206000784 21 
2020-12-04T12:01:11 0 0 경기70아1593 3 36 204000059 205000029 22 
2020-12-04T12:02:11 0 0 경기70아1593 3 36 204000059 205000029 22 
2020-12-04T12:03:10 0 0 경기70아1593 3 36 204000059 205000029 22 
2020-12-04T12:04:09 0 0 경기70아1593 3 36 204000059 205000029 22 
2020-12-04T12:05:08 0 0 경기70아1593 3 36 204000059 205000029 22 
2020-12-04T12:06:08 0 0 경기70아1593 3 36 204000059 205000069 23 
2020-12-04T12:07:07 0 0 경기70아1593 3 36 204000059 205000069 23 
2020-12-04T12:08:06 0 0 경기70아1593 3 36 204000059 205000069 23 
2020-12-04T12:09:06 0 0 경기70아1593 3 36 204000059 277102622 24 
2020-12-04T12:10:06 0 0 경기70아1593 3 36 204000059 277102622 24 
2020-12-04T12:11:06 0 0 경기70아1593 3 36 204000059 277102622 24 
2020-12-04T12:12:06 0 0 경기70아1593 3 36 204000059 277102622 24 
2020-12-04T12:13:05 0 0 경기70아1593 3 36 204000059 277103419 25 
2020-12-04T12:14:04 0 0 경기70아1593 3 36 204000059 277103419 25 
2020-12-04T12:15:03 0 0 경기70아1593 3 36 204000059 277103419 25 
2020-12-04T12:16:03 0 0 경기70아1593 3 36 204000059 277103419 25 
2020-12-04T12:17:03 0 0 경기70아1593 3 36 204000059 277103419 25 
2020-12-04T12:18:03 0 0 경기70아1593 3 36 204000059 277103419 25 
2020-12-04T12:19:02 0 0 경기70아1593 3 36 204000059 277103419 25 
2020-12-04T12:20:02 0 0 경기70아1593 3 36 204000059 277103419 25 
2020-12-04T12:21:01 0 0 경기70아1593 3 36 204000059 277103419 25 
2020-12-04T12:22:01 0 0 경기70아1593 3 36 204000059 277103421 26 
2020-12-04T12:23:01 0 0 경기70아1593 3 36 204000059 122000287 27 
2020-12-04T12:24:00 0 0 경기70아1593 3 37 204000059 122000288 28 
2020-12-04T12:25:00 0 0 경기70아1593 3 37 204000059 122000288 28 
2020-12-04T12:26:00 0 0 경기70아1593 3 37 204000059 122000288 28 
2020-12-04T12:26:59 0 0 경기70아1593 3 37 204000059 122000291 30 
2020-12-04T12:27:58 0 0 경기70아1593 3 37 204000059 122000291 30 
2020-12-04T12:28:58 0 0 경기70아1593 3 37 204000059 122000137 31 
2020-12-04T12:29:58 0 0 경기70아1593 3 37 204000059 122000137 31 
2020-12-04T12:30:58 0 0 경기70아1593 3 38 204000059 122000388 32 
2020-12-04T12:31:58 0 0 경기70아1593 3 38 204000059 122000386 33 
2020-12-04T12:32:57 0 0 경기70아1593 3 38 204000059 122000386 33 
2020-12-04T12:33:57 0 0 경기70아1593 3 38 204000059 122000139 34 
2020-12-04T12:34:57 0 0 경기70아1593 3 38 204000059 122000094 35 
2020-12-04T12:35:57 0 0 경기70아1593 3 38 204000059 122000089 36 
2020-12-04T12:36:56 0 0 경기70아1593 3 38 204000059 122000085 37 
2020-12-04T12:37:56 0 0 경기70아1593 3 38 204000059 122000066 39 
2020-12-04T12:38:56 0 0 경기70아1593 3 38 204000059 122000066 39 
2020-12-04T12:39:56 0 0 경기70아1593 3 38 204000059 122000066 39 
2020-12-04T12:40:55 0 0 경기70아1593 3 38 204000059 122000064 40 
2020-12-04T12:41:55 0 0 경기70아1593 3 39 204000059 122000559 41 
2020-12-04T12:42:55 0 0 경기70아1593 3 39 204000059 122000559 41 
2020-12-04T12:43:55 0 0 경기70아1593 3 39 204000059 122000559 41 
2020-12-04T12:44:55 0 0 경기70아1593 3 39 204000059 122000078 42 
2020-12-04T12:45:55 0 0 경기70아1593 3 39 204000059 122000078 42 
2020-12-04T12:46:55 0 0 경기70아1593 3 39 204000059 122000079 43 
2020-12-04T12:47:54 0 0 경기70아1593 3 39 204000059 122000079 43 
2020-12-04T12:48:54 0 0 경기70아1593 3 39 204000059 122000065 44 
2020-12-04T12:49:54 0 0 경기70아1593 3 39 204000059 122000065 44 
2020-12-04T12:50:54 0 0 경기70아1593 3 39 204000059 122000065 44 
2020-12-04T12:51:54 0 0 경기70아1593 3 39 204000059 122000637 45 
2020-12-04T12:52:54 0 0 경기70아1593 3 39 204000059 122000068 46 
2020-12-04T12:53:53 0 0 경기70아1593 3 39 204000059 122000086 47 
2020-12-04T12:54:53 0 0 경기70아1593 3 39 204000059 122000086 47 
2020-12-04T12:55:53 0 0 경기70아1593 3 39 204000059 122000095 48 
2020-12-04T12:56:52 0 0 경기70아1593 3 39 204000059 122000096 49 
2020-12-04T12:57:51 0 0 경기70아1593 3 39 204000059 122000096 49 
2020-12-04T12:58:51 0 0 경기70아1593 3 39 204000059 122000330 50 
2020-12-04T12:59:51 0 0 경기70아1593 3 39 204000059 122000330 50 
2020-12-04T13:00:51 0 0 경기70아1593 3 39 204000059 122000142 51 
2020-12-04T13:01:50 0 0 경기70아1593 3 39 204000059 122000142 51 
2020-12-04T13:02:50 0 0 경기70아1593 3 39 204000059 122000142 51 
2020-12-04T13:03:48 0 0 경기70아1593 3 38 204000059 122000133 52 
2020-12-04T13:04:48 0 0 경기70아1593 3 38 204000059 122000133 52 
2020-12-04T13:05:47 0 0 경기70아1593 3 38 204000059 122000133 52 
2020-12-04T13:06:46 0 0 경기70아1593 3 38 204000059 122000256 53 
2020-12-04T13:07:46 0 0 경기70아1593 3 38 204000059 122000257 54 
2020-12-04T13:08:45 0 0 경기70아1593 3 38 204000059 122000257 54 
2020-12-04T13:09:44 0 0 경기70아1593 3 38 204000059 122000257 54 
2020-12-04T13:10:44 0 0 경기70아1593 3 38 204000059 122000286 55 
2020-12-04T13:11:43 0 0 경기70아1593 3 38 204000059 122000285 56 
2020-12-04T13:12:42 0 0 경기70아1593 3 38 204000059 277103420 57 
2020-12-04T13:13:42 0 0 경기70아1593 3 38 204000059 277103420 57 
2020-12-04T13:14:42 0 0 경기70아1593 3 38 204000059 277103420 57 
2020-12-04T13:15:41 0 0 경기70아1593 3 38 204000059 277103420 57 
2020-12-04T13:16:41 0 0 경기70아1593 3 38 204000059 277103418 58 
2020-12-04T13:17:41 0 0 경기70아1593 3 38 204000059 277103418 58 
2020-12-04T13:18:40 0 0 경기70아1593 3 38 204000059 277103418 58 
2020-12-04T13:19:39 0 0 경기70아1593 3 38 204000059 277103418 58 
2020-12-04T13:20:39 0 0 경기70아1593 3 38 204000059 277103418 58 
2020-12-04T13:21:39 0 0 경기70아1593 3 38 204000059 277103418 58 
2020-12-04T13:22:39 0 0 경기70아1593 3 38 204000059 277103418 58 
2020-12-04T13:23:38 0 0 경기70아1593 3 38 204000059 277103418 58 
2020-12-04T13:24:38 0 0 경기70아1593 3 38 204000059 205000207 59 
2020-12-04T13:25:38 0 0 경기70아1593 3 38 204000059 205000207 59 
2020-12-04T13:26:37 0 0 경기70아1593 3 38 204000059 205000207 59 
2020-12-04T13:27:37 0 0 경기70아1593 3 38 204000059 205000207 59 
2020-12-04T13:28:37 0 0 경기70아1593 3 38 204000059 205000245 60 
2020-12-04T13:29:36 0 0 경기70아1593 3 38 204000059 205000245 60 
2020-12-04T13:30:36 0 0 경기70아1593 3 38 204000059 205000245 60 
2020-12-04T13:31:36 0 0 경기70아1593 3 38 204000059 206000157 62 
2020-12-04T13:32:36 0 0 경기70아1593 3 38 204000059 206000392 63 
2020-12-04T13:33:35 0 0 경기70아1593 3 38 204000059 206000298 64 
2020-12-04T13:34:35 0 0 경기70아1593 3 38 204000059 206000310 65 
2020-12-04T13:35:35 0 0 경기70아1593 3 38 204000059 206000310 65 
2020-12-04T13:36:34 0 0 경기70아1593 3 38 204000059 206000310 65 
2020-12-04T13:37:33 0 0 경기70아1593 3 38 204000059 204000203 66 
2020-12-04T13:38:33 0 0 경기70아1593 3 38 204000059 204000207 67 
2020-12-04T13:39:32 0 0 경기70아1593 3 38 204000059 204000207 67 
2020-12-04T13:40:32 0 0 경기70아1593 3 38 204000059 206000616 69 
2020-12-04T13:41:31 0 0 경기70아1593 3 38 204000059 206000531 70 
2020-12-04T13:42:31 0 0 경기70아1593 3 37 204000059 206000532 71 
2020-12-04T13:43:31 0 0 경기70아1593 3 37 204000059 206000532 71 
2020-12-04T13:44:30 0 0 경기70아1593 3 37 204000059 206000532 71 
2020-12-04T13:45:30 0 0 경기70아1593 3 37 204000059 206000533 72 
2020-12-04T13:46:29 0 0 경기70아1593 3 37 204000059 206000017 74 
2020-12-04T13:47:29 0 0 경기70아1593 3 37 204000059 206000017 74 
2020-12-04T13:48:29 0 0 경기70아1593 3 37 204000059 206000554 75 
2020-12-04T13:49:28 0 0 경기70아1593 3 37 204000059 206000556 77 
2020-12-04T13:50:27 0 0 경기70아1593 3 38 204000059 206000556 77 
2020-12-04T13:51:26 0 0 경기70아1593 3 38 204000059 206000556 77 
2020-12-04T13:52:26 0 0 경기70아1593 3 39 204000059 206000015 78 
2020-12-04T13:53:25 0 0 경기70아1593 3 39 204000059 206000557 80 
2020-12-04T13:54:25 0 0 경기70아1593 3 39 204000059 206000657 81 
2020-12-04T13:55:25 0 0 경기70아1593 3 39 204000059 206000012 82 
2020-12-04T13:56:24 0 0 경기70아1593 3 39 204000059 206000470 83 
2020-12-04T13:57:24 0 0 경기70아1593 3 39 204000059 206000470 83 
2020-12-04T13:58:24 0 0 경기70아1593 3 39 204000059 206000470 83 
2020-12-04T13:59:23 0 0 경기70아1593 3 39 204000059 206000470 83 
2020-12-04T14:00:23 0 0 경기70아1593 3 39 204000059 206000470 83 
2020-12-04T14:01:22 0 0 경기70아1593 3 39 204000059 206000470 83 
2020-12-04T14:02:21 0 0 경기70아1593 3 39 204000059 206000470 83 
2020-12-04T14:03:21 0 0 경기70아1593 3 39 204000059 206000470 83 
2020-12-04T14:04:20 0 0 경기70아1593 3 39 204000059 206000470 83 
2020-12-04T14:05:19 0 0 경기70아1593 3 39 204000059 206000470 83 
2020-12-04T14:06:19 0 0 경기70아1593 3 39 204000059 206000470 83 
2020-12-04T14:07:18 0 0 경기70아1593 3 39 204000059 206000470 83 
2020-12-04T14:08:17 0 0 경기70아1593 3 39 204000059 206000470 83 
2020-12-04T14:09:17 0 0 경기70아1593 3 39 204000059 206000470 83 
2020-12-04T14:10:16 0 0 경기70아1593 3 39 204000059 206000470 83 
2020-12-04T16:40:26 0 0 경기70아1593 3 39 204000059 206000009 2 
2020-12-04T16:41:25 0 0 경기70아1593 3 39 204000059 206000658 3 
2020-12-04T16:42:24 0 0 경기70아1593 3 39 204000059 206000558 4 
2020-12-04T16:43:24 0 0 경기70아1593 3 39 204000059 206000007 5 
2020-12-04T16:44:24 0 0 경기70아1593 3 39 204000059 206000007 5 
2020-12-04T16:45:24 0 0 경기70아1593 3 38 204000059 206000005 7 
2020-12-04T16:46:22 0 0 경기70아1593 3 38 204000059 206000005 7 
2020-12-04T16:47:22 0 0 경기70아1593 3 38 204000059 206000005 7 
2020-12-04T16:48:22 0 0 경기70아1593 3 38 204000059 206000555 9 
2020-12-04T16:49:22 0 0 경기70아1593 3 38 204000059 206000002 11 
2020-12-04T16:50:21 0 0 경기70아1593 3 38 204000059 206000002 11 
2020-12-04T16:51:21 0 0 경기70아1593 3 38 204000059 206000534 12 
2020-12-04T16:52:20 0 0 경기70아1593 3 38 204000059 206000534 12 
2020-12-04T16:53:20 0 0 경기70아1593 3 38 204000059 206000535 13 
2020-12-04T16:54:20 0 0 경기70아1593 3 38 204000059 206000535 13 
2020-12-04T16:55:20 0 0 경기70아1593 3 38 204000059 206000535 13 
2020-12-04T16:56:19 0 0 경기70아1593 3 38 204000059 206000617 14 
2020-12-04T16:57:19 0 0 경기70아1593 3 38 204000059 206000615 15 
2020-12-04T16:58:19 0 0 경기70아1593 3 38 204000059 206000615 15 
2020-12-04T16:59:18 0 0 경기70아1593 3 37 204000059 204000208 16 
2020-12-04T17:00:18 0 0 경기70아1593 3 37 204000059 204000204 17 
2020-12-04T17:01:18 0 0 경기70아1593 3 37 204000059 206000309 18 
2020-12-04T17:02:18 0 0 경기70아1593 3 37 204000059 206000277 19 
2020-12-04T17:03:18 0 0 경기70아1593 3 37 204000059 206000277 19 
2020-12-04T17:04:17 0 0 경기70아1593 3 37 204000059 206000277 19 
2020-12-04T17:05:17 0 0 경기70아1593 3 37 204000059 206000441 20 
2020-12-04T17:06:16 0 0 경기70아1593 3 37 204000059 206000441 20 
2020-12-04T17:07:16 0 0 경기70아1593 3 37 204000059 206000784 21 
2020-12-04T17:08:15 0 0 경기70아1593 3 37 204000059 206000784 21 
2020-12-04T17:09:14 0 0 경기70아1593 3 37 204000059 206000784 21 
2020-12-04T17:10:13 0 0 경기70아1593 3 37 204000059 205000029 22 
2020-12-04T17:11:13 0 0 경기70아1593 3 37 204000059 205000029 22 
2020-12-04T17:12:13 0 0 경기70아1593 3 37 204000059 205000029 22 
2020-12-04T17:13:12 0 0 경기70아1593 3 37 204000059 205000069 23 
2020-12-04T17:14:11 0 0 경기70아1593 3 37 204000059 205000069 23 
2020-12-04T17:15:11 0 0 경기70아1593 3 37 204000059 205000069 23 
2020-12-04T17:16:11 0 0 경기70아1593 3 37 204000059 205000069 23 
2020-12-04T17:17:10 0 0 경기70아1593 3 37 204000059 277102622 24 
2020-12-04T17:18:10 0 0 경기70아1593 3 37 204000059 277102622 24 
2020-12-04T17:19:10 0 0 경기70아1593 3 37 204000059 277102622 24 
2020-12-04T17:20:09 0 0 경기70아1593 3 37 204000059 277102622 24 
2020-12-04T17:21:08 0 0 경기70아1593 3 37 204000059 277102622 24 
2020-12-04T17:22:08 0 0 경기70아1593 3 37 204000059 277102622 24 
2020-12-04T17:23:07 0 0 경기70아1593 3 37 204000059 277102622 24 
2020-12-04T17:24:06 0 0 경기70아1593 3 37 204000059 277102622 24 
2020-12-04T17:25:05 0 0 경기70아1593 3 37 204000059 277102622 24 
2020-12-04T17:26:05 0 0 경기70아1593 3 37 204000059 277102622 24 
2020-12-04T17:27:05 0 0 경기70아1593 3 37 204000059 277103419 25 
2020-12-04T17:28:04 0 0 경기70아1593 3 37 204000059 277103419 25 
2020-12-04T17:29:03 0 0 경기70아1593 3 37 204000059 277103419 25 
2020-12-04T17:30:03 0 0 경기70아1593 3 37 204000059 277103419 25 
2020-12-04T17:31:03 0 0 경기70아1593 3 37 204000059 277103419 25 
2020-12-04T17:32:02 0 0 경기70아1593 3 37 204000059 277103419 25 
2020-12-04T17:33:02 0 0 경기70아1593 3 37 204000059 277103419 25 
2020-12-04T17:34:02 0 0 경기70아1593 3 37 204000059 277103419 25 
2020-12-04T17:35:02 0 0 경기70아1593 3 37 204000059 277103419 25 
2020-12-04T17:36:02 0 0 경기70아1593 3 37 204000059 277103419 25 
2020-12-04T17:37:01 0 0 경기70아1593 3 37 204000059 277103419 25 
2020-12-04T17:38:01 0 0 경기70아1593 3 37 204000059 277103419 25 
2020-12-04T17:39:00 0 0 경기70아1593 3 37 204000059 277103419 25 
2020-12-04T17:40:00 0 0 경기70아1593 3 37 204000059 277103419 25 
2020-12-04T17:41:00 0 0 경기70아1593 3 37 204000059 277103419 25 
2020-12-04T17:41:59 0 0 경기70아1593 3 37 204000059 277103419 25 
2020-12-04T17:42:59 0 0 경기70아1593 3 37 204000059 277103421 26 
2020-12-04T17:43:58 0 0 경기70아1593 3 37 204000059 122000287 27 
2020-12-04T17:44:58 0 0 경기70아1593 3 37 204000059 122000288 28 
2020-12-04T17:45:58 0 0 경기70아1593 3 37 204000059 122000258 29 
2020-12-04T17:46:57 0 0 경기70아1593 3 37 204000059 122000258 29 
2020-12-04T17:47:57 0 0 경기70아1593 3 37 204000059 122000291 30 
2020-12-04T17:48:57 0 0 경기70아1593 3 37 204000059 122000291 30 
2020-12-04T17:49:57 0 0 경기70아1593 3 37 204000059 122000137 31 
2020-12-04T17:50:56 0 0 경기70아1593 3 37 204000059 122000137 31 
2020-12-04T17:51:56 0 0 경기70아1593 3 37 204000059 122000388 32 
2020-12-04T17:52:55 0 0 경기70아1593 3 37 204000059 122000386 33 
2020-12-04T17:53:55 0 0 경기70아1593 3 38 204000059 122000139 34 
2020-12-04T17:54:55 0 0 경기70아1593 3 38 204000059 122000139 34 
2020-12-04T17:55:54 0 0 경기70아1593 3 38 204000059 122000094 35 
2020-12-04T17:56:54 0 0 경기70아1593 3 38 204000059 122000094 35 
2020-12-04T17:57:54 0 0 경기70아1593 3 38 204000059 122000094 35 
2020-12-04T17:58:54 0 0 경기70아1593 3 38 204000059 122000089 36 
2020-12-04T17:59:53 0 0 경기70아1593 3 39 204000059 122000085 37 
2020-12-04T18:00:53 0 0 경기70아1593 3 39 204000059 122000069 38 
2020-12-04T18:01:53 0 0 경기70아1593 3 39 204000059 122000069 38 
2020-12-04T18:02:53 0 0 경기70아1593 3 39 204000059 122000066 39 
2020-12-04T18:03:52 0 0 경기70아1593 3 39 204000059 122000066 39 
2020-12-04T18:04:52 0 0 경기70아1593 3 39 204000059 122000064 40 
2020-12-04T18:05:51 0 0 경기70아1593 3 39 204000059 122000064 40 
2020-12-04T18:06:51 0 0 경기70아1593 3 39 204000059 122000064 40 
2020-12-04T18:07:50 0 0 경기70아1593 3 38 204000059 122000559 41 
2020-12-04T18:08:50 0 0 경기70아1593 3 38 204000059 122000559 41 
2020-12-04T18:09:50 0 0 경기70아1593 3 38 204000059 122000559 41 
2020-12-04T18:10:49 0 0 경기70아1593 3 38 204000059 122000078 42 
2020-12-04T18:11:49 0 0 경기70아1593 3 38 204000059 122000078 42 
2020-12-04T18:12:49 0 0 경기70아1593 3 38 204000059 122000079 43 
2020-12-04T18:13:48 0 0 경기70아1593 3 38 204000059 122000079 43 
2020-12-04T18:14:48 0 0 경기70아1593 3 38 204000059 122000079 43 
2020-12-04T18:15:47 0 0 경기70아1593 3 38 204000059 122000065 44 
2020-12-04T18:16:47 0 0 경기70아1593 3 38 204000059 122000065 44 
2020-12-04T18:17:47 0 0 경기70아1593 3 38 204000059 122000637 45 
2020-12-04T18:18:47 0 0 경기70아1593 3 37 204000059 122000068 46 
2020-12-04T18:19:47 0 0 경기70아1593 3 37 204000059 122000068 46 
2020-12-04T18:20:46 0 0 경기70아1593 3 36 204000059 122000086 47 
2020-12-04T18:21:46 0 0 경기70아1593 3 35 204000059 122000095 48 
2020-12-04T18:22:45 0 0 경기70아1593 3 33 204000059 122000096 49 
2020-12-04T18:23:44 0 0 경기70아1593 3 33 204000059 122000330 50 
2020-12-04T18:24:44 0 0 경기70아1593 3 32 204000059 122000330 50 
2020-12-04T18:25:43 0 0 경기70아1593 3 32 204000059 122000330 50 
2020-12-04T18:26:43 0 0 경기70아1593 3 32 204000059 122000330 50 
2020-12-04T18:27:42 0 0 경기70아1593 3 32 204000059 122000330 50 
2020-12-04T18:28:42 0 0 경기70아1593 3 32 204000059 122000330 50 
2020-12-04T18:29:42 0 0 경기70아1593 3 32 204000059 122000330 50 
2020-12-04T18:30:41 0 0 경기70아1593 3 32 204000059 122000330 50 
2020-12-04T18:31:41 0 0 경기70아1593 3 32 204000059 122000142 51 
2020-12-04T18:32:41 0 0 경기70아1593 3 32 204000059 122000142 51 
2020-12-04T18:33:41 0 0 경기70아1593 3 32 204000059 122000142 51 
2020-12-04T18:34:40 0 0 경기70아1593 3 30 204000059 122000133 52 
2020-12-04T18:35:40 0 0 경기70아1593 3 30 204000059 122000256 53 
2020-12-04T18:36:39 0 0 경기70아1593 3 30 204000059 122000257 54 
2020-12-04T18:37:39 0 0 경기70아1593 3 30 204000059 122000257 54 
2020-12-04T18:38:39 0 0 경기70아1593 3 30 204000059 122000257 54 
2020-12-04T18:39:39 0 0 경기70아1593 3 30 204000059 122000257 54 
2020-12-04T18:40:39 0 0 경기70아1593 3 30 204000059 122000285 56 
2020-12-04T18:41:38 0 0 경기70아1593 3 29 204000059 122000285 56 
2020-12-04T18:42:38 0 0 경기70아1593 3 29 204000059 122000285 56 
2020-12-04T18:43:38 0 0 경기70아1593 3 29 204000059 122000285 56 
2020-12-04T18:44:37 0 0 경기70아1593 3 29 204000059 122000285 56 
2020-12-04T18:45:37 0 0 경기70아1593 3 29 204000059 122000285 56 
2020-12-04T18:46:37 0 0 경기70아1593 3 29 204000059 122000285 56 
2020-12-04T18:47:36 0 0 경기70아1593 3 29 204000059 122000285 56 
2020-12-04T18:48:36 0 0 경기70아1593 3 29 204000059 122000285 56 
2020-12-04T18:49:35 0 0 경기70아1593 3 29 204000059 277103420 57 
2020-12-04T18:50:35 0 0 경기70아1593 3 29 204000059 277103420 57 
2020-12-04T18:51:35 0 0 경기70아1593 3 29 204000059 277103420 57 
2020-12-04T18:52:34 0 0 경기70아1593 3 29 204000059 277103420 57 
2020-12-04T18:53:34 0 0 경기70아1593 3 29 204000059 277103420 57 
2020-12-04T18:54:33 0 0 경기70아1593 3 29 204000059 277103418 58 
2020-12-04T18:55:33 0 0 경기70아1593 3 29 204000059 277103418 58 
2020-12-04T18:56:32 0 0 경기70아1593 3 29 204000059 277103418 58 
2020-12-04T18:57:32 0 0 경기70아1593 3 29 204000059 277103418 58 
2020-12-04T18:58:32 0 0 경기70아1593 3 29 204000059 277103418 58 
2020-12-04T18:59:31 0 0 경기70아1593 3 29 204000059 277103418 58 
2020-12-04T19:00:31 0 0 경기70아1593 3 29 204000059 277103418 58 
2020-12-04T19:01:31 0 0 경기70아1593 3 29 204000059 277103418 58 
2020-12-04T19:02:30 0 0 경기70아1593 3 30 204000059 205000207 59 
2020-12-04T19:03:30 0 0 경기70아1593 3 30 204000059 205000207 59 
2020-12-04T19:04:30 0 0 경기70아1593 3 31 204000059 205000207 59 
2020-12-04T19:05:29 0 0 경기70아1593 3 31 204000059 205000207 59 
2020-12-04T19:06:28 0 0 경기70아1593 3 31 204000059 205000207 59 
2020-12-04T19:07:28 0 0 경기70아1593 3 31 204000059 206000361 61 
2020-12-04T19:08:28 0 0 경기70아1593 3 34 204000059 206000361 61 
2020-12-04T19:09:28 0 0 경기70아1593 3 34 204000059 206000361 61 
2020-12-04T19:10:28 0 0 경기70아1593 3 34 204000059 206000157 62 
2020-12-04T19:11:27 0 0 경기70아1593 3 35 204000059 206000392 63 
2020-12-04T19:12:27 0 0 경기70아1593 3 35 204000059 206000298 64 
2020-12-04T19:13:27 0 0 경기70아1593 3 35 204000059 206000298 64 
2020-12-04T19:14:27 0 0 경기70아1593 3 35 204000059 206000310 65 
2020-12-04T19:15:27 0 0 경기70아1593 3 35 204000059 206000310 65 
2020-12-04T19:16:26 0 0 경기70아1593 3 35 204000059 206000310 65 
2020-12-04T19:17:26 0 0 경기70아1593 3 35 204000059 204000203 66 
2020-12-04T19:18:25 0 0 경기70아1593 3 35 204000059 204000207 67 
2020-12-04T19:19:25 0 0 경기70아1593 3 35 204000059 206000614 68 
2020-12-04T19:20:25 0 0 경기70아1593 3 35 204000059 206000614 68 
2020-12-04T19:21:24 0 0 경기70아1593 3 36 204000059 206000616 69 
2020-12-04T19:22:24 0 0 경기70아1593 3 36 204000059 206000616 69 
2020-12-04T19:23:23 0 0 경기70아1593 3 36 204000059 206000531 70 
2020-12-04T19:24:23 0 0 경기70아1593 3 36 204000059 206000532 71 
2020-12-04T19:25:22 0 0 경기70아1593 3 36 204000059 206000532 71 
2020-12-04T19:26:21 0 0 경기70아1593 3 36 204000059 206000532 71 
2020-12-04T19:27:21 0 0 경기70아1593 3 36 204000059 206000532 71 
2020-12-04T19:28:21 0 0 경기70아1593 3 36 204000059 206000532 71 
2020-12-04T19:29:20 0 0 경기70아1593 3 36 204000059 206000532 71 
2020-12-04T19:30:19 0 0 경기70아1593 3 36 204000059 206000532 71 
2020-12-04T19:31:19 0 0 경기70아1593 3 36 204000059 206000533 72 
2020-12-04T19:32:19 0 0 경기70아1593 3 36 204000059 206000017 74 
2020-12-04T19:33:18 0 0 경기70아1593 3 36 204000059 206000554 75 
2020-12-04T19:34:18 0 0 경기70아1593 3 36 204000059 206000016 76 
2020-12-04T19:35:17 0 0 경기70아1593 3 36 204000059 206000556 77 
2020-12-04T19:36:17 0 0 경기70아1593 3 36 204000059 206000556 77 
2020-12-04T19:37:17 0 0 경기70아1593 3 37 204000059 206000015 78 
2020-12-04T19:38:16 0 0 경기70아1593 3 38 204000059 206000557 80 
2020-12-04T19:39:16 0 0 경기70아1593 3 38 204000059 206000657 81 
2020-12-04T19:40:15 0 0 경기70아1593 3 38 204000059 206000012 82 
2020-12-04T19:41:15 0 0 경기70아1593 3 38 204000059 206000470 83 
2020-12-04T19:42:14 0 0 경기70아1593 3 38 204000059 206000470 83 
2020-12-04T19:43:14 0 0 경기70아1593 3 38 204000059 206000470 83 
2020-12-04T19:44:13 0 0 경기70아1593 3 38 204000059 206000470 83 
2020-12-04T19:45:13 0 0 경기70아1593 3 38 204000059 206000470 83 
2020-12-04T19:46:12 0 0 경기70아1593 3 38 204000059 206000470 83 
2020-12-04T19:47:12 0 0 경기70아1593 3 38 204000059 206000470 83 
2020-12-04T19:48:12 0 0 경기70아1593 3 38 204000059 206000470 83 
2020-12-04T19:49:11 0 0 경기70아1593 3 38 204000059 206000470 83 
2020-12-04T19:50:11 0 0 경기70아1593 3 38 204000059 206000470 83 
2020-12-04T19:51:11 0 0 경기70아1593 3 38 204000059 206000470 83 
2020-12-04T19:52:09 0 0 경기70아1593 3 38 204000059 206000470 83 
2020-12-04T19:53:09 0 0 경기70아1593 3 38 204000059 206000470 83 
2020-12-04T19:54:08 0 0 경기70아1593 3 38 204000059 206000470 83 
2020-12-04T19:55:08 0 0 경기70아1593 3 38 204000059 206000470 83 
2020-12-04T19:59:06 0 0 경기70아1593 3 39 204000059 206000658 3 
2020-12-04T20:00:05 0 0 경기70아1593 3 39 204000059 206000558 4 
2020-12-04T20:01:05 0 0 경기70아1593 3 39 204000059 206000007 5 
2020-12-04T20:02:05 0 0 경기70아1593 3 39 204000059 206000007 5 
2020-12-04T20:03:04 0 0 경기70아1593 3 38 204000059 206000006 6 
2020-12-04T20:04:04 0 0 경기70아1593 3 38 204000059 206000006 6 
2020-12-04T20:05:04 0 0 경기70아1593 3 38 204000059 206000005 7 
2020-12-04T20:06:03 0 0 경기70아1593 3 38 204000059 206000004 8 
2020-12-04T20:07:02 0 0 경기70아1593 3 38 204000059 206000004 8 
2020-12-04T20:08:02 0 0 경기70아1593 3 38 204000059 206000555 9 
2020-12-04T20:09:01 0 0 경기70아1593 3 38 204000059 206000002 11 
2020-12-04T20:10:00 0 0 경기70아1593 3 38 204000059 206000002 11 
2020-12-04T20:11:00 0 0 경기70아1593 3 38 204000059 206000002 11 
2020-12-04T20:12:00 0 0 경기70아1593 3 38 204000059 206000534 12 
2020-12-04T20:13:00 0 0 경기70아1593 3 38 204000059 206000534 12 
2020-12-04T20:13:59 0 0 경기70아1593 3 38 204000059 206000535 13 
2020-12-04T20:14:59 0 0 경기70아1593 3 38 204000059 206000535 13 
2020-12-04T20:15:58 0 0 경기70아1593 3 38 204000059 206000535 13 
2020-12-04T20:16:58 0 0 경기70아1593 3 38 204000059 206000615 15 
2020-12-04T20:17:57 0 0 경기70아1593 3 38 204000059 206000615 15 
2020-12-04T20:18:57 0 0 경기70아1593 3 38 204000059 204000208 16 
2020-12-04T20:19:56 0 0 경기70아1593 3 38 204000059 204000204 17 
2020-12-04T20:20:56 0 0 경기70아1593 3 38 204000059 204000204 17 
2020-12-04T20:21:55 0 0 경기70아1593 3 38 204000059 206000309 18 
2020-12-04T20:22:55 0 0 경기70아1593 3 38 204000059 206000277 19 
2020-12-04T20:23:54 0 0 경기70아1593 3 38 204000059 206000441 20 
2020-12-04T20:24:54 0 0 경기70아1593 3 38 204000059 206000784 21 
2020-12-04T20:25:53 0 0 경기70아1593 3 38 204000059 205000029 22 
2020-12-04T20:26:53 0 0 경기70아1593 3 38 204000059 205000029 22 
2020-12-04T20:27:52 0 0 경기70아1593 3 38 204000059 205000029 22 
2020-12-04T20:28:51 0 0 경기70아1593 3 38 204000059 205000029 22 
2020-12-04T20:29:51 0 0 경기70아1593 3 38 204000059 205000069 23 
2020-12-04T20:30:51 0 0 경기70아1593 3 38 204000059 205000069 23 
2020-12-04T20:31:50 0 0 경기70아1593 3 38 204000059 205000069 23 
2020-12-04T20:32:50 0 0 경기70아1593 3 38 204000059 277102622 24 
2020-12-04T20:33:49 0 0 경기70아1593 3 38 204000059 277102622 24 
2020-12-04T20:34:49 0 0 경기70아1593 3 38 204000059 277102622 24 
2020-12-04T20:35:49 0 0 경기70아1593 3 38 204000059 277102622 24 
2020-12-04T20:36:49 0 0 경기70아1593 3 38 204000059 277102622 24 
2020-12-04T20:37:48 0 0 경기70아1593 3 38 204000059 277103419 25 
2020-12-04T20:38:48 0 0 경기70아1593 3 38 204000059 277103419 25 
2020-12-04T20:39:47 0 0 경기70아1593 3 38 204000059 277103419 25 
2020-12-04T20:40:47 0 0 경기70아1593 3 38 204000059 277103419 25 
2020-12-04T20:41:47 0 0 경기70아1593 3 38 204000059 277103419 25 
2020-12-04T20:42:47 0 0 경기70아1593 3 38 204000059 277103421 26 
2020-12-04T20:43:46 0 0 경기70아1593 3 38 204000059 277103421 26 
2020-12-04T20:44:45 0 0 경기70아1593 3 38 204000059 122000287 27 
2020-12-04T20:45:45 0 0 경기70아1593 3 38 204000059 122000288 28 
2020-12-04T20:46:45 0 0 경기70아1593 3 38 204000059 122000258 29 
2020-12-04T20:47:45 0 0 경기70아1593 3 38 204000059 122000291 30 
2020-12-04T20:48:45 0 0 경기70아1593 3 38 204000059 122000291 30 
2020-12-04T20:49:44 0 0 경기70아1593 3 38 204000059 122000137 31 
2020-12-04T20:50:43 0 0 경기70아1593 3 38 204000059 122000137 31 
2020-12-04T20:51:43 0 0 경기70아1593 3 38 204000059 122000386 33 
2020-12-04T20:52:42 0 0 경기70아1593 3 38 204000059 122000139 34 
2020-12-04T20:53:42 0 0 경기70아1593 3 38 204000059 122000139 34 
2020-12-04T20:54:42 0 0 경기70아1593 3 39 204000059 122000094 35 
2020-12-04T20:55:41 0 0 경기70아1593 3 39 204000059 122000089 36 
2020-12-04T20:56:41 0 0 경기70아1593 3 39 204000059 122000069 38 
2020-12-04T20:57:41 0 0 경기70아1593 3 39 204000059 122000066 39 
2020-12-04T20:58:40 0 0 경기70아1593 3 39 204000059 122000064 40 
2020-12-04T20:59:40 0 0 경기70아1593 3 39 204000059 122000064 40 
2020-12-04T21:00:39 0 0 경기70아1593 3 39 204000059 122000559 41 
2020-12-04T21:01:38 0 0 경기70아1593 3 39 204000059 122000559 41 
2020-12-04T21:02:38 0 0 경기70아1593 3 39 204000059 122000559 41 
2020-12-04T21:03:38 1 0 경기70아1593 3 39 204000059 122000078 42 
2020-12-04T21:04:37 1 0 경기70아1593 3 39 204000059 122000078 42 
2020-12-04T21:05:37 0 0 경기70아1593 3 39 204000059 122000078 42 
2020-12-04T21:06:37 0 0 경기70아1593 3 39 204000059 122000079 43 
2020-12-04T21:07:36 0 0 경기70아1593 3 39 204000059 122000079 43 
2020-12-04T21:08:35 0 0 경기70아1593 3 39 204000059 122000079 43 
2020-12-04T21:09:35 0 0 경기70아1593 3 39 204000059 122000065 44 
2020-12-04T21:10:34 0 0 경기70아1593 3 39 204000059 122000637 45 
2020-12-04T21:11:34 0 0 경기70아1593 3 38 204000059 122000068 46 
2020-12-04T21:12:33 0 0 경기70아1593 3 37 204000059 122000068 46 
2020-12-04T21:13:32 0 0 경기70아1593 3 37 204000059 122000068 46 
2020-12-04T21:14:32 0 0 경기70아1593 3 37 204000059 122000086 47 
2020-12-04T21:15:32 0 0 경기70아1593 3 37 204000059 122000086 47 
2020-12-04T21:16:31 0 0 경기70아1593 3 37 204000059 122000095 48 
2020-12-04T21:17:31 0 0 경기70아1593 3 36 204000059 122000096 49 
2020-12-04T21:18:30 0 0 경기70아1593 3 34 204000059 122000096 49 
2020-12-04T21:19:30 0 0 경기70아1593 3 33 204000059 122000330 50 
2020-12-04T21:20:30 0 0 경기70아1593 3 33 204000059 122000330 50 
2020-12-04T21:21:30 0 0 경기70아1593 3 33 204000059 122000142 51 
2020-12-04T21:22:29 0 0 경기70아1593 3 33 204000059 122000142 51 
2020-12-04T21:23:29 0 0 경기70아1593 3 33 204000059 122000142 51 
2020-12-04T21:24:29 0 0 경기70아1593 3 33 204000059 122000142 51 
2020-12-04T21:25:28 0 0 경기70아1593 3 33 204000059 122000133 52 
2020-12-04T21:26:28 0 0 경기70아1593 3 33 204000059 122000133 52 
2020-12-04T21:27:27 0 0 경기70아1593 3 33 204000059 122000133 52 
2020-12-04T21:28:27 0 0 경기70아1593 3 33 204000059 122000256 53 
2020-12-04T21:29:26 0 0 경기70아1593 3 33 204000059 122000256 53 
2020-12-04T21:30:26 0 0 경기70아1593 3 33 204000059 122000257 54 
2020-12-04T21:31:25 0 0 경기70아1593 3 33 204000059 122000257 54 
2020-12-04T21:32:25 0 0 경기70아1593 3 33 204000059 122000257 54 
2020-12-04T21:33:25 0 0 경기70아1593 3 33 204000059 122000286 55 
2020-12-04T21:34:24 0 0 경기70아1593 3 33 204000059 122000285 56 
2020-12-04T21:35:23 0 0 경기70아1593 3 33 204000059 277103420 57 
2020-12-04T21:36:23 0 0 경기70아1593 3 33 204000059 277103420 57 
2020-12-04T21:37:22 0 0 경기70아1593 3 33 204000059 277103420 57 
2020-12-04T21:38:22 0 0 경기70아1593 3 33 204000059 277103418 58 
2020-12-04T21:39:22 0 0 경기70아1593 3 33 204000059 277103418 58 
2020-12-04T21:40:21 0 0 경기70아1593 3 33 204000059 277103418 58 
2020-12-04T21:41:21 0 0 경기70아1593 3 33 204000059 277103418 58 
2020-12-04T21:42:20 0 0 경기70아1593 3 33 204000059 277103418 58 
2020-12-04T21:43:20 0 0 경기70아1593 3 33 204000059 277103418 58 
2020-12-04T21:44:20 0 0 경기70아1593 3 34 204000059 205000207 59 
2020-12-04T21:45:19 0 0 경기70아1593 3 34 204000059 205000207 59 
2020-12-04T21:46:19 0 0 경기70아1593 3 34 204000059 205000245 60 
2020-12-04T21:47:18 0 0 경기70아1593 3 34 204000059 205000245 60 
2020-12-04T21:48:18 0 0 경기70아1593 3 34 204000059 205000245 60 
2020-12-04T21:49:17 0 0 경기70아1593 3 34 204000059 206000157 62 
2020-12-04T21:50:17 0 0 경기70아1593 3 36 204000059 206000157 62 
2020-12-04T21:51:17 0 0 경기70아1593 3 36 204000059 206000157 62 
2020-12-04T21:52:17 0 0 경기70아1593 3 36 204000059 206000392 63 
2020-12-04T21:53:16 0 0 경기70아1593 3 36 204000059 206000298 64 
2020-12-04T21:54:16 0 0 경기70아1593 3 36 204000059 206000298 64 
2020-12-04T21:55:15 0 0 경기70아1593 3 38 204000059 206000310 65 
2020-12-04T21:56:15 0 0 경기70아1593 3 38 204000059 204000203 66 
2020-12-04T21:57:15 0 0 경기70아1593 3 38 204000059 204000203 66 
2020-12-04T21:58:14 0 0 경기70아1593 3 38 204000059 204000203 66 
2020-12-04T21:59:14 0 0 경기70아1593 3 38 204000059 204000207 67 
2020-12-04T22:00:13 0 0 경기70아1593 3 39 204000059 206000614 68 
2020-12-04T22:01:13 0 0 경기70아1593 3 39 204000059 206000614 68 
2020-12-04T22:02:13 0 0 경기70아1593 3 39 204000059 206000531 70 
2020-12-04T22:03:13 0 0 경기70아1593 3 39 204000059 206000532 71 
2020-12-04T22:04:13 0 0 경기70아1593 3 39 204000059 206000532 71 
2020-12-04T22:05:12 0 0 경기70아1593 3 39 204000059 206000532 71 
2020-12-04T22:06:11 0 0 경기70아1593 3 39 204000059 206000532 71 
2020-12-04T22:07:11 0 0 경기70아1593 3 39 204000059 206000533 72 
2020-12-04T22:08:11 0 0 경기70아1593 3 39 204000059 206000017 74 
2020-12-04T22:09:10 0 0 경기70아1593 3 39 204000059 206000016 76 
2020-12-04T22:10:10 0 0 경기70아1593 3 39 204000059 206000015 78 
2020-12-04T22:11:10 0 0 경기70아1593 3 39 204000059 206000557 80 
2020-12-04T22:12:09 0 0 경기70아1593 3 39 204000059 206000012 82 
2020-12-04T22:13:09 0 0 경기70아1593 3 39 204000059 206000470 83 
2020-12-04T22:14:09 0 0 경기70아1593 3 39 204000059 206000470 83 
2020-12-04T22:15:09 0 0 경기70아1593 3 39 204000059 206000470 83 
2020-12-04T22:16:08 0 0 경기70아1593 3 39 204000059 206000470 83 
2020-12-04T22:17:08 0 0 경기70아1593 3 39 204000059 206000470 83 
2020-12-04T22:18:08 0 0 경기70아1593 3 39 204000059 206000470 83 
2020-12-04T22:19:07 0 0 경기70아1593 3 39 204000059 206000470 83 
2020-12-04T22:20:06 0 0 경기70아1593 3 39 204000059 206000470 83 
2020-12-04T22:21:05 0 0 경기70아1593 3 39 204000059 206000470 83 
2020-12-04T22:22:05 0 0 경기70아1593 3 39 204000059 206000470 83 
2020-12-04T22:23:04 0 0 경기70아1593 3 39 204000059 206000470 83 
2020-12-04T22:24:04 0 0 경기70아1593 3 39 204000059 206000470 83 
2020-12-04T22:25:03 0 0 경기70아1593 3 39 204000059 206000470 83 
2020-12-04T22:26:03 0 0 경기70아1593 3 39 204000059 206000470 83 
2020-12-04T22:27:03 0 0 경기70아1593 3 39 204000059 206000470 83 
