204000059 2020-12-29T22:15:41.711207+09:00
2020-12-30T04:49:21 0 0 경기70아1593 3 39 204000059 206000658 3 
2020-12-30T04:50:20 2 0 경기70아1593 3 38 204000059 206000558 4 
2020-12-30T04:51:19 2 0 경기70아1593 3 37 204000059 206000007 5 
2020-12-30T04:52:19 2 0 경기70아1593 3 37 204000059 206000005 7 
2020-12-30T04:53:18 2 0 경기70아1593 3 37 204000059 206000555 9 
2020-12-30T04:54:18 2 0 경기70아1593 3 37 204000059 206000002 11 
2020-12-30T04:55:17 2 0 경기70아1593 3 37 204000059 206000002 11 
2020-12-30T04:56:16 2 0 경기70아1593 3 37 204000059 206000534 12 
2020-12-30T04:57:15 2 0 경기70아1593 3 37 204000059 206000535 13 
2020-12-30T04:58:15 2 0 경기70아1593 3 37 204000059 206000535 13 
2020-12-30T04:59:14 2 0 경기70아1593 3 37 204000059 206000535 13 
2020-12-30T05:00:14 2 0 경기70아1593 3 37 204000059 206000617 14 
2020-12-30T05:01:13 2 0 경기70아1593 3 37 204000059 206000617 14 
2020-12-30T05:02:13 2 0 경기70아1593 3 37 204000059 206000615 15 
2020-12-30T05:03:13 2 0 경기70아1593 3 37 204000059 204000208 16 
2020-12-30T05:04:12 2 0 경기70아1593 3 35 204000059 204000204 17 
2020-12-30T05:05:12 2 0 경기70아1593 3 35 204000059 206000277 19 
2020-12-30T05:06:12 2 0 경기70아1593 3 35 204000059 206000277 19 
2020-12-30T05:07:11 2 0 경기70아1593 3 35 204000059 206000277 19 
2020-12-30T05:08:11 2 0 경기70아1593 3 35 204000059 206000441 20 
2020-12-30T05:09:10 2 0 경기70아1593 3 35 204000059 206000441 20 
2020-12-30T05:10:10 2 0 경기70아1593 3 36 204000059 206000784 21 
2020-12-30T05:11:09 2 0 경기70아1593 3 36 204000059 206000784 21 
2020-12-30T05:12:08 2 0 경기70아1593 3 36 204000059 206000784 21 
2020-12-30T05:13:08 2 0 경기70아1593 3 36 204000059 205000029 22 
2020-12-30T05:14:07 2 0 경기70아1593 3 36 204000059 205000029 22 
2020-12-30T05:15:07 2 0 경기70아1593 3 36 204000059 205000069 23 
2020-12-30T05:16:07 2 0 경기70아1593 3 36 204000059 205000069 23 
2020-12-30T05:17:06 2 0 경기70아1593 3 36 204000059 205000069 23 
2020-12-30T05:18:06 2 0 경기70아1593 3 36 204000059 277102622 24 
2020-12-30T05:19:05 2 0 경기70아1593 3 36 204000059 277102622 24 
2020-12-30T05:20:05 2 0 경기70아1593 3 36 204000059 277102622 24 
2020-12-30T05:21:04 2 0 경기70아1593 3 36 204000059 277102622 24 
2020-12-30T05:22:04 2 0 경기70아1593 3 36 204000059 277103419 25 
2020-12-30T05:23:03 2 0 경기70아1593 3 36 204000059 277103419 25 
2020-12-30T05:24:03 2 0 경기70아1593 3 36 204000059 277103419 25 
2020-12-30T05:25:03 2 0 경기70아1593 3 36 204000059 277103421 26 
2020-12-30T05:26:02 2 0 경기70아1593 3 38 204000059 122000287 27 
2020-12-30T05:27:02 2 0 경기70아1593 3 38 204000059 122000288 28 
2020-12-30T05:28:01 2 0 경기70아1593 3 38 204000059 122000288 28 
2020-12-30T05:29:01 2 0 경기70아1593 3 39 204000059 122000258 29 
2020-12-30T05:30:01 2 0 경기70아1593 3 39 204000059 122000291 30 
2020-12-30T05:31:00 2 0 경기70아1593 3 39 204000059 122000291 30 
2020-12-30T05:32:00 0 0 경기70아1593 3 39 204000059 122000386 33 
2020-12-30T05:33:00 0 0 경기70아1593 3 39 204000059 122000386 33 
2020-12-30T05:33:59 0 0 경기70아1593 3 39 204000059 122000139 34 
2020-12-30T05:34:59 0 0 경기70아1593 3 39 204000059 122000094 35 
2020-12-30T05:35:59 0 0 경기70아1593 3 39 204000059 122000094 35 
2020-12-30T05:36:59 0 0 경기70아1593 3 39 204000059 122000085 37 
2020-12-30T05:37:59 0 0 경기70아1593 3 39 204000059 122000066 39 
2020-12-30T05:38:58 0 0 경기70아1593 3 39 204000059 122000066 39 
2020-12-30T05:39:57 0 0 경기70아1593 3 39 204000059 122000064 40 
2020-12-30T05:40:57 0 0 경기70아1593 3 39 204000059 122000559 41 
2020-12-30T05:41:56 0 0 경기70아1593 3 39 204000059 122000078 42 
2020-12-30T05:42:55 0 0 경기70아1593 3 39 204000059 122000078 42 
2020-12-30T05:43:55 0 0 경기70아1593 3 39 204000059 122000079 43 
2020-12-30T05:44:54 2 0 경기70아1593 3 39 204000059 122000079 43 
2020-12-30T05:45:54 2 0 경기70아1593 3 39 204000059 122000079 43 
2020-12-30T05:46:53 0 0 경기70아1593 3 39 204000059 122000079 43 
2020-12-30T05:47:53 0 0 경기70아1593 3 39 204000059 122000065 44 
2020-12-30T05:48:52 0 0 경기70아1593 3 39 204000059 122000068 46 
2020-12-30T05:49:52 0 0 경기70아1593 3 39 204000059 122000068 46 
2020-12-30T05:50:51 0 0 경기70아1593 3 39 204000059 122000086 47 
2020-12-30T05:51:51 0 0 경기70아1593 3 39 204000059 122000095 48 
2020-12-30T05:52:51 0 0 경기70아1593 3 39 204000059 122000096 49 
2020-12-30T05:53:50 0 0 경기70아1593 3 39 204000059 122000096 49 
2020-12-30T05:54:50 0 0 경기70아1593 3 39 204000059 122000330 50 
2020-12-30T05:55:50 0 0 경기70아1593 3 39 204000059 122000330 50 
2020-12-30T05:56:49 0 0 경기70아1593 3 39 204000059 122000142 51 
2020-12-30T05:57:49 0 0 경기70아1593 3 39 204000059 122000142 51 
2020-12-30T05:58:49 0 0 경기70아1593 3 39 204000059 122000133 52 
2020-12-30T05:59:49 0 0 경기70아1593 3 39 204000059 122000133 52 
2020-12-30T06:00:48 0 0 경기70아1593 3 39 204000059 122000133 52 
2020-12-30T06:01:48 0 0 경기70아1593 3 39 204000059 122000256 53 
2020-12-30T06:02:47 0 0 경기70아1593 3 39 204000059 122000257 54 
2020-12-30T06:03:47 0 0 경기70아1593 3 39 204000059 122000257 54 
2020-12-30T06:04:46 0 0 경기70아1593 3 39 204000059 122000257 54 
2020-12-30T06:05:46 0 0 경기70아1593 3 39 204000059 122000286 55 
2020-12-30T06:06:45 0 0 경기70아1593 3 39 204000059 122000285 56 
2020-12-30T06:07:45 0 0 경기70아1593 3 39 204000059 122000285 56 
2020-12-30T06:08:44 0 0 경기70아1593 3 39 204000059 277103420 57 
2020-12-30T06:09:44 0 0 경기70아1593 3 39 204000059 277103420 57 
2020-12-30T06:10:43 0 0 경기70아1593 3 39 204000059 277103420 57 
2020-12-30T06:11:43 0 0 경기70아1593 3 39 204000059 277103418 58 
2020-12-30T06:12:43 0 0 경기70아1593 3 39 204000059 277103418 58 
2020-12-30T06:13:43 0 0 경기70아1593 3 39 204000059 277103418 58 
2020-12-30T06:14:42 0 0 경기70아1593 3 39 204000059 277103418 58 
2020-12-30T06:15:42 0 0 경기70아1593 3 39 204000059 277103418 58 
2020-12-30T06:16:42 0 0 경기70아1593 3 39 204000059 277103418 58 
2020-12-30T06:17:41 0 0 경기70아1593 3 39 204000059 205000207 59 
2020-12-30T06:18:41 0 0 경기70아1593 3 39 204000059 205000207 59 
2020-12-30T06:19:40 0 0 경기70아1593 3 39 204000059 205000207 59 
2020-12-30T06:20:40 0 0 경기70아1593 3 39 204000059 205000207 59 
2020-12-30T06:21:40 0 0 경기70아1593 3 39 204000059 205000245 60 
2020-12-30T06:22:39 0 0 경기70아1593 3 39 204000059 206000157 62 
2020-12-30T06:23:39 0 0 경기70아1593 3 39 204000059 206000157 62 
2020-12-30T06:24:39 0 0 경기70아1593 3 39 204000059 206000157 62 
2020-12-30T06:25:38 0 0 경기70아1593 3 39 204000059 206000298 64 
2020-12-30T06:26:38 0 0 경기70아1593 3 39 204000059 206000298 64 
2020-12-30T06:27:38 0 0 경기70아1593 3 39 204000059 206000298 64 
2020-12-30T06:28:37 0 0 경기70아1593 3 39 204000059 204000203 66 
2020-12-30T06:29:37 0 0 경기70아1593 3 39 204000059 204000203 66 
2020-12-30T06:30:37 0 0 경기70아1593 3 39 204000059 204000207 67 
2020-12-30T06:31:36 0 0 경기70아1593 3 38 204000059 206000614 68 
2020-12-30T06:32:36 0 0 경기70아1593 3 38 204000059 206000614 68 
2020-12-30T06:33:35 0 0 경기70아1593 3 38 204000059 206000616 69 
2020-12-30T06:34:35 0 0 경기70아1593 3 38 204000059 206000531 70 
2020-12-30T06:35:35 0 0 경기70아1593 3 38 204000059 206000531 70 
2020-12-30T06:36:35 0 0 경기70아1593 3 39 204000059 206000532 71 
2020-12-30T06:37:35 0 0 경기70아1593 3 39 204000059 206000532 71 
2020-12-30T06:38:34 0 0 경기70아1593 3 39 204000059 206000532 71 
2020-12-30T06:39:34 0 0 경기70아1593 3 39 204000059 206000533 72 
2020-12-30T06:40:34 0 0 경기70아1593 3 39 204000059 206000018 73 
2020-12-30T06:41:34 0 0 경기70아1593 3 39 204000059 206000554 75 
2020-12-30T06:42:34 0 0 경기70아1593 3 39 204000059 206000554 75 
2020-12-30T06:43:33 0 0 경기70아1593 3 39 204000059 206000016 76 
2020-12-30T06:44:33 0 0 경기70아1593 3 39 204000059 206000556 77 
2020-12-30T06:45:32 0 0 경기70아1593 3 39 204000059 206000014 79 
2020-12-30T06:46:32 0 0 경기70아1593 3 39 204000059 206000657 81 
2020-12-30T06:47:31 0 0 경기70아1593 3 39 204000059 206000470 83 
2020-12-30T06:48:30 0 0 경기70아1593 3 39 204000059 206000470 83 
2020-12-30T06:49:30 0 0 경기70아1593 3 39 204000059 206000470 83 
2020-12-30T06:50:30 0 0 경기70아1593 3 39 204000059 206000470 83 
2020-12-30T06:51:30 0 0 경기70아1593 3 39 204000059 206000470 83 
2020-12-30T06:52:29 0 0 경기70아1593 3 39 204000059 206000470 83 
2020-12-30T06:53:28 0 0 경기70아1593 3 39 204000059 206000470 83 
2020-12-30T06:54:27 0 0 경기70아1593 3 39 204000059 206000470 83 
2020-12-30T06:55:27 0 0 경기70아1593 3 39 204000059 206000470 83 
2020-12-30T06:56:27 0 0 경기70아1593 3 39 204000059 206000470 83 
2020-12-30T06:57:26 0 0 경기70아1593 3 39 204000059 206000470 83 
2020-12-30T06:58:25 0 0 경기70아1593 3 39 204000059 206000470 83 
2020-12-30T06:59:25 0 0 경기70아1593 3 39 204000059 206000470 83 
2020-12-30T07:00:24 0 0 경기70아1593 3 39 204000059 206000470 83 
2020-12-30T07:01:23 0 0 경기70아1593 3 39 204000059 206000470 83 
2020-12-30T07:30:10 0 0 경기70아1593 3 39 204000059 206000009 2 
2020-12-30T07:31:10 0 0 경기70아1593 3 38 204000059 206000658 3 
2020-12-30T07:32:09 0 0 경기70아1593 3 38 204000059 206000658 3 
2020-12-30T07:33:09 0 0 경기70아1593 3 38 204000059 206000558 4 
2020-12-30T07:34:08 0 0 경기70아1593 3 38 204000059 206000007 5 
2020-12-30T07:35:07 0 0 경기70아1593 3 38 204000059 206000005 7 
2020-12-30T07:36:06 0 0 경기70아1593 3 38 204000059 206000005 7 
2020-12-30T07:37:06 0 0 경기70아1593 3 38 204000059 206000005 7 
2020-12-30T07:38:05 0 0 경기70아1593 3 38 204000059 206000555 9 
2020-12-30T07:39:05 0 0 경기70아1593 3 37 204000059 206000003 10 
2020-12-30T07:40:04 0 0 경기70아1593 3 37 204000059 206000003 10 
2020-12-30T07:41:04 0 0 경기70아1593 3 37 204000059 206000002 11 
2020-12-30T07:42:04 0 0 경기70아1593 3 37 204000059 206000534 12 
2020-12-30T07:43:04 0 0 경기70아1593 3 37 204000059 206000534 12 
2020-12-30T07:44:03 0 0 경기70아1593 3 37 204000059 206000534 12 
2020-12-30T07:45:02 0 0 경기70아1593 3 38 204000059 206000535 13 
2020-12-30T07:46:01 0 0 경기70아1593 3 38 204000059 206000535 13 
2020-12-30T07:47:01 0 0 경기70아1593 3 38 204000059 206000535 13 
2020-12-30T07:48:00 0 0 경기70아1593 3 38 204000059 206000615 15 
2020-12-30T07:49:00 0 0 경기70아1593 3 38 204000059 206000615 15 
2020-12-30T07:50:00 0 0 경기70아1593 3 38 204000059 204000208 16 
2020-12-30T07:50:59 0 0 경기70아1593 3 38 204000059 204000204 17 
2020-12-30T07:51:58 0 0 경기70아1593 3 38 204000059 206000309 18 
2020-12-30T07:52:58 0 0 경기70아1593 3 37 204000059 206000441 20 
2020-12-30T07:53:57 0 0 경기70아1593 3 36 204000059 206000441 20 
2020-12-30T07:54:56 0 0 경기70아1593 3 36 204000059 206000784 21 
2020-12-30T07:55:56 0 0 경기70아1593 3 35 204000059 206000784 21 
2020-12-30T07:56:55 0 0 경기70아1593 3 35 204000059 206000784 21 
2020-12-30T07:57:55 0 0 경기70아1593 3 35 204000059 205000029 22 
2020-12-30T07:58:54 0 0 경기70아1593 3 35 204000059 205000029 22 
2020-12-30T07:59:54 0 0 경기70아1593 3 35 204000059 205000029 22 
2020-12-30T08:00:53 0 0 경기70아1593 3 35 204000059 205000029 22 
2020-12-30T08:01:52 0 0 경기70아1593 3 35 204000059 205000069 23 
2020-12-30T08:02:51 0 0 경기70아1593 3 34 204000059 205000069 23 
2020-12-30T08:03:51 0 0 경기70아1593 3 34 204000059 277102622 24 
2020-12-30T08:04:50 0 0 경기70아1593 3 34 204000059 277102622 24 
2020-12-30T08:05:50 0 0 경기70아1593 3 34 204000059 277102622 24 
2020-12-30T08:06:49 0 0 경기70아1593 3 34 204000059 277102622 24 
2020-12-30T08:07:48 0 0 경기70아1593 3 34 204000059 277102622 24 
2020-12-30T08:08:48 0 0 경기70아1593 3 34 204000059 277102622 24 
2020-12-30T08:09:48 0 0 경기70아1593 3 34 204000059 277103419 25 
2020-12-30T08:10:48 0 0 경기70아1593 3 34 204000059 277103419 25 
2020-12-30T08:11:47 0 0 경기70아1593 3 34 204000059 277103419 25 
2020-12-30T08:12:46 0 0 경기70아1593 3 34 204000059 277103419 25 
2020-12-30T08:13:45 0 0 경기70아1593 3 34 204000059 277103419 25 
2020-12-30T08:14:44 0 0 경기70아1593 3 34 204000059 277103419 25 
2020-12-30T08:15:43 0 0 경기70아1593 3 34 204000059 277103419 25 
2020-12-30T08:16:42 0 0 경기70아1593 3 34 204000059 277103419 25 
2020-12-30T08:17:42 0 0 경기70아1593 3 34 204000059 277103419 25 
2020-12-30T08:18:42 0 0 경기70아1593 3 34 204000059 277103419 25 
2020-12-30T08:19:41 0 0 경기70아1593 3 34 204000059 277103419 25 
2020-12-30T08:20:41 0 0 경기70아1593 3 34 204000059 277103419 25 
2020-12-30T08:21:41 0 0 경기70아1593 3 34 204000059 277103419 25 
2020-12-30T08:22:40 0 0 경기70아1593 3 34 204000059 277103419 25 
2020-12-30T08:23:39 0 0 경기70아1593 3 34 204000059 277103421 26 
2020-12-30T08:24:38 0 0 경기70아1593 3 34 204000059 277103421 26 
2020-12-30T08:25:38 0 0 경기70아1593 3 35 204000059 122000287 27 
2020-12-30T08:26:37 0 0 경기70아1593 3 35 204000059 122000288 28 
2020-12-30T08:27:36 0 0 경기70아1593 3 35 204000059 122000288 28 
2020-12-30T08:28:35 0 0 경기70아1593 3 35 204000059 122000258 29 
2020-12-30T08:29:35 0 0 경기70아1593 3 35 204000059 122000258 29 
2020-12-30T08:30:35 0 0 경기70아1593 3 35 204000059 122000291 30 
2020-12-30T08:31:34 0 0 경기70아1593 3 35 204000059 122000137 31 
2020-12-30T08:32:33 0 0 경기70아1593 3 35 204000059 122000137 31 
2020-12-30T08:33:32 0 0 경기70아1593 3 36 204000059 122000388 32 
2020-12-30T08:34:32 0 0 경기70아1593 3 36 204000059 122000386 33 
2020-12-30T08:35:31 0 0 경기70아1593 3 36 204000059 122000386 33 
2020-12-30T08:36:31 0 0 경기70아1593 3 36 204000059 122000386 33 
2020-12-30T08:37:30 0 0 경기70아1593 3 37 204000059 122000139 34 
2020-12-30T08:38:29 0 0 경기70아1593 3 37 204000059 122000139 34 
2020-12-30T08:39:29 0 0 경기70아1593 3 37 204000059 122000094 35 
2020-12-30T08:40:28 0 0 경기70아1593 3 37 204000059 122000094 35 
2020-12-30T08:41:28 0 0 경기70아1593 3 38 204000059 122000089 36 
2020-12-30T08:42:27 0 0 경기70아1593 3 38 204000059 122000089 36 
2020-12-30T08:43:26 0 0 경기70아1593 3 38 204000059 122000069 38 
2020-12-30T08:44:26 0 0 경기70아1593 3 38 204000059 122000066 39 
2020-12-30T08:45:25 0 0 경기70아1593 3 38 204000059 122000066 39 
2020-12-30T08:46:24 0 0 경기70아1593 3 38 204000059 122000066 39 
2020-12-30T08:47:23 0 0 경기70아1593 3 38 204000059 122000066 39 
2020-12-30T08:48:23 0 0 경기70아1593 3 38 204000059 122000064 40 
2020-12-30T08:49:23 0 0 경기70아1593 3 38 204000059 122000559 41 
2020-12-30T08:50:22 0 0 경기70아1593 3 38 204000059 122000559 41 
2020-12-30T08:51:22 0 0 경기70아1593 3 38 204000059 122000078 42 
2020-12-30T08:52:21 0 0 경기70아1593 3 38 204000059 122000078 42 
2020-12-30T08:53:20 0 0 경기70아1593 3 39 204000059 122000079 43 
2020-12-30T08:54:20 0 0 경기70아1593 3 39 204000059 122000079 43 
2020-12-30T08:55:20 0 0 경기70아1593 3 39 204000059 122000065 44 
2020-12-30T08:56:20 0 0 경기70아1593 3 39 204000059 122000637 45 
2020-12-30T08:57:19 0 0 경기70아1593 3 39 204000059 122000068 46 
2020-12-30T08:58:18 0 0 경기70아1593 3 39 204000059 122000068 46 
2020-12-30T08:59:17 0 0 경기70아1593 3 39 204000059 122000086 47 
2020-12-30T09:00:17 0 0 경기70아1593 3 39 204000059 122000086 47 
2020-12-30T09:01:17 0 0 경기70아1593 3 39 204000059 122000095 48 
2020-12-30T09:02:16 0 0 경기70아1593 3 39 204000059 122000096 49 
2020-12-30T09:03:15 0 0 경기70아1593 3 39 204000059 122000096 49 
2020-12-30T09:04:14 0 0 경기70아1593 3 39 204000059 122000330 50 
2020-12-30T09:05:13 0 0 경기70아1593 3 39 204000059 122000330 50 
2020-12-30T09:06:13 0 0 경기70아1593 3 39 204000059 122000142 51 
2020-12-30T09:07:12 0 0 경기70아1593 3 39 204000059 122000142 51 
2020-12-30T09:08:11 0 0 경기70아1593 3 39 204000059 122000133 52 
2020-12-30T09:09:11 0 0 경기70아1593 3 39 204000059 122000256 53 
2020-12-30T09:10:11 0 0 경기70아1593 3 39 204000059 122000256 53 
2020-12-30T09:11:10 0 0 경기70아1593 3 39 204000059 122000257 54 
2020-12-30T09:12:09 0 0 경기70아1593 3 39 204000059 122000257 54 
2020-12-30T09:13:09 0 0 경기70아1593 3 39 204000059 122000285 56 
2020-12-30T09:14:09 0 0 경기70아1593 3 39 204000059 122000285 56 
2020-12-30T09:15:08 0 0 경기70아1593 3 39 204000059 277103420 57 
2020-12-30T09:16:07 0 0 경기70아1593 3 39 204000059 277103420 57 
2020-12-30T09:17:07 0 0 경기70아1593 3 39 204000059 277103420 57 
2020-12-30T09:18:06 0 0 경기70아1593 3 39 204000059 277103418 58 
2020-12-30T09:19:06 0 0 경기70아1593 3 39 204000059 277103418 58 
2020-12-30T09:20:06 0 0 경기70아1593 3 39 204000059 277103418 58 
2020-12-30T09:21:05 0 0 경기70아1593 3 39 204000059 277103418 58 
2020-12-30T09:22:04 0 0 경기70아1593 3 39 204000059 277103418 58 
2020-12-30T09:23:04 0 0 경기70아1593 3 39 204000059 205000207 59 
2020-12-30T09:24:03 0 0 경기70아1593 3 39 204000059 205000207 59 
2020-12-30T09:25:03 0 0 경기70아1593 3 39 204000059 205000207 59 
2020-12-30T09:26:02 0 0 경기70아1593 3 39 204000059 205000207 59 
2020-12-30T09:27:01 0 0 경기70아1593 3 39 204000059 205000207 59 
2020-12-30T09:28:00 0 0 경기70아1593 3 39 204000059 205000245 60 
2020-12-30T09:28:59 0 0 경기70아1593 3 39 204000059 206000361 61 
2020-12-30T09:29:59 0 0 경기70아1593 3 39 204000059 206000361 61 
2020-12-30T09:30:58 0 0 경기70아1593 3 39 204000059 206000157 62 
2020-12-30T09:31:57 0 0 경기70아1593 3 39 204000059 206000298 64 
2020-12-30T09:32:57 0 0 경기70아1593 3 39 204000059 206000298 64 
2020-12-30T09:33:56 0 0 경기70아1593 3 39 204000059 206000298 64 
2020-12-30T09:34:55 0 0 경기70아1593 3 39 204000059 204000203 66 
2020-12-30T09:35:55 0 0 경기70아1593 3 39 204000059 204000203 66 
2020-12-30T09:36:54 0 0 경기70아1593 3 39 204000059 204000203 66 
2020-12-30T09:37:53 0 0 경기70아1593 3 39 204000059 204000207 67 
2020-12-30T09:38:52 0 0 경기70아1593 3 37 204000059 204000207 67 
2020-12-30T09:39:52 0 0 경기70아1593 3 37 204000059 206000614 68 
2020-12-30T09:40:52 0 0 경기70아1593 3 37 204000059 206000616 69 
2020-12-30T09:41:52 0 0 경기70아1593 3 37 204000059 206000616 69 
2020-12-30T09:42:51 0 0 경기70아1593 3 37 204000059 206000616 69 
2020-12-30T09:43:51 0 0 경기70아1593 3 37 204000059 206000531 70 
2020-12-30T09:44:51 0 0 경기70아1593 3 37 204000059 206000531 70 
2020-12-30T09:45:50 0 0 경기70아1593 3 37 204000059 206000532 71 
2020-12-30T09:46:49 0 0 경기70아1593 3 37 204000059 206000532 71 
2020-12-30T09:47:49 0 0 경기70아1593 3 37 204000059 206000532 71 
2020-12-30T09:48:48 0 0 경기70아1593 3 37 204000059 206000533 72 
2020-12-30T09:49:48 0 0 경기70아1593 3 37 204000059 206000018 73 
2020-12-30T09:50:46 0 0 경기70아1593 3 37 204000059 206000017 74 
2020-12-30T09:51:47 0 0 경기70아1593 3 38 204000059 206000016 76 
2020-12-30T09:52:46 0 0 경기70아1593 3 38 204000059 206000016 76 
2020-12-30T09:53:46 0 0 경기70아1593 3 38 204000059 206000016 76 
2020-12-30T09:54:46 0 0 경기70아1593 3 38 204000059 206000556 77 
2020-12-30T09:55:45 0 0 경기70아1593 3 39 204000059 206000015 78 
2020-12-30T09:56:44 0 0 경기70아1593 3 39 204000059 206000015 78 
2020-12-30T09:57:44 0 0 경기70아1593 3 39 204000059 206000014 79 
2020-12-30T09:58:44 0 0 경기70아1593 3 39 204000059 206000657 81 
2020-12-30T09:59:43 0 0 경기70아1593 3 39 204000059 206000470 83 
2020-12-30T10:00:42 0 0 경기70아1593 3 39 204000059 206000470 83 
2020-12-30T10:01:41 0 0 경기70아1593 3 39 204000059 206000470 83 
2020-12-30T10:02:40 0 0 경기70아1593 3 39 204000059 206000470 83 
2020-12-30T10:03:40 0 0 경기70아1593 3 39 204000059 206000470 83 
2020-12-30T10:04:39 0 0 경기70아1593 3 39 204000059 206000470 83 
2020-12-30T10:05:39 0 0 경기70아1593 3 39 204000059 206000470 83 
2020-12-30T10:06:39 0 0 경기70아1593 3 39 204000059 206000470 83 
2020-12-30T10:07:38 0 0 경기70아1593 3 39 204000059 206000470 83 
2020-12-30T10:08:38 0 0 경기70아1593 3 39 204000059 206000470 83 
2020-12-30T10:09:37 0 0 경기70아1593 3 39 204000059 206000470 83 
2020-12-30T10:10:37 0 0 경기70아1593 3 39 204000059 206000470 83 
2020-12-30T10:11:36 0 0 경기70아1593 3 39 204000059 206000470 83 
2020-12-30T10:12:35 0 0 경기70아1593 3 39 204000059 206000470 83 
2020-12-30T10:13:34 0 0 경기70아1593 3 39 204000059 206000470 83 
2020-12-30T10:14:34 0 0 경기70아1593 3 39 204000059 206000470 83 
2020-12-30T11:31:00 0 0 경기70아1593 3 39 204000059 206000009 2 
2020-12-30T11:31:59 0 0 경기70아1593 3 39 204000059 206000658 3 
2020-12-30T11:32:58 0 0 경기70아1593 3 39 204000059 206000558 4 
2020-12-30T11:33:57 0 0 경기70아1593 3 39 204000059 206000007 5 
2020-12-30T11:34:57 0 0 경기70아1593 3 39 204000059 206000006 6 
2020-12-30T11:35:57 0 0 경기70아1593 3 39 204000059 206000005 7 
2020-12-30T11:36:56 0 0 경기70아1593 3 39 204000059 206000005 7 
2020-12-30T11:37:55 0 0 경기70아1593 3 39 204000059 206000555 9 
2020-12-30T11:38:55 0 0 경기70아1593 3 39 204000059 206000003 10 
2020-12-30T11:39:55 0 0 경기70아1593 3 39 204000059 206000002 11 
2020-12-30T11:40:55 0 0 경기70아1593 3 39 204000059 206000002 11 
2020-12-30T11:41:54 0 0 경기70아1593 3 39 204000059 206000002 11 
2020-12-30T11:42:53 0 0 경기70아1593 3 39 204000059 206000534 12 
2020-12-30T11:43:53 0 0 경기70아1593 3 39 204000059 206000534 12 
2020-12-30T11:44:52 0 0 경기70아1593 3 38 204000059 206000535 13 
2020-12-30T11:45:52 0 0 경기70아1593 3 38 204000059 206000535 13 
2020-12-30T11:46:52 0 0 경기70아1593 3 38 204000059 206000535 13 
2020-12-30T11:47:51 0 0 경기70아1593 3 38 204000059 206000617 14 
2020-12-30T11:48:51 0 0 경기70아1593 3 38 204000059 206000615 15 
2020-12-30T11:49:51 0 0 경기70아1593 3 38 204000059 206000615 15 
2020-12-30T11:50:50 0 0 경기70아1593 3 38 204000059 204000208 16 
2020-12-30T11:51:49 0 0 경기70아1593 3 38 204000059 204000208 16 
2020-12-30T11:52:49 0 0 경기70아1593 3 38 204000059 204000204 17 
2020-12-30T11:53:48 0 0 경기70아1593 3 38 204000059 204000204 17 
2020-12-30T11:54:47 0 0 경기70아1593 3 38 204000059 206000309 18 
2020-12-30T11:55:47 0 0 경기70아1593 3 38 204000059 206000309 18 
2020-12-30T11:56:46 0 0 경기70아1593 3 38 204000059 206000309 18 
2020-12-30T11:57:46 0 0 경기70아1593 3 38 204000059 206000277 19 
2020-12-30T11:58:46 0 0 경기70아1593 3 38 204000059 206000441 20 
2020-12-30T11:59:46 0 0 경기70아1593 3 38 204000059 206000441 20 
2020-12-30T12:00:46 0 0 경기70아1593 3 38 204000059 206000784 21 
2020-12-30T12:01:45 0 0 경기70아1593 3 38 204000059 206000784 21 
2020-12-30T12:02:45 0 0 경기70아1593 3 38 204000059 206000784 21 
2020-12-30T12:03:44 0 0 경기70아1593 3 38 204000059 205000029 22 
2020-12-30T12:04:43 0 0 경기70아1593 3 38 204000059 205000029 22 
2020-12-30T12:05:42 0 0 경기70아1593 3 38 204000059 205000069 23 
2020-12-30T12:06:42 0 0 경기70아1593 3 38 204000059 205000069 23 
2020-12-30T12:07:42 0 0 경기70아1593 3 38 204000059 205000069 23 
2020-12-30T12:08:41 0 0 경기70아1593 3 38 204000059 277102622 24 
2020-12-30T12:09:41 0 0 경기70아1593 3 38 204000059 277102622 24 
2020-12-30T12:10:41 0 0 경기70아1593 3 38 204000059 277102622 24 
2020-12-30T12:11:41 0 0 경기70아1593 3 38 204000059 277102622 24 
2020-12-30T12:12:40 0 0 경기70아1593 3 38 204000059 277102622 24 
2020-12-30T12:13:40 0 0 경기70아1593 3 38 204000059 277103419 25 
2020-12-30T12:14:40 0 0 경기70아1593 3 38 204000059 277103419 25 
2020-12-30T12:15:40 0 0 경기70아1593 3 38 204000059 277103419 25 
2020-12-30T12:16:39 0 0 경기70아1593 3 38 204000059 277103419 25 
2020-12-30T12:17:38 0 0 경기70아1593 3 38 204000059 277103419 25 
2020-12-30T12:18:38 0 0 경기70아1593 3 38 204000059 277103419 25 
2020-12-30T12:19:38 0 0 경기70아1593 3 38 204000059 277103419 25 
2020-12-30T12:20:38 0 0 경기70아1593 3 38 204000059 277103419 25 
2020-12-30T12:21:37 0 0 경기70아1593 3 38 204000059 277103419 25 
2020-12-30T12:22:36 0 0 경기70아1593 3 38 204000059 277103419 25 
2020-12-30T12:23:36 0 0 경기70아1593 3 38 204000059 277103419 25 
2020-12-30T12:24:36 0 0 경기70아1593 3 38 204000059 277103421 26 
2020-12-30T12:25:36 0 0 경기70아1593 3 38 204000059 122000287 27 
2020-12-30T12:26:36 0 0 경기70아1593 3 38 204000059 122000288 28 
2020-12-30T12:27:35 0 0 경기70아1593 3 38 204000059 122000258 29 
2020-12-30T12:28:34 0 0 경기70아1593 3 38 204000059 122000258 29 
2020-12-30T12:29:34 0 0 경기70아1593 3 38 204000059 122000258 29 
2020-12-30T12:30:33 0 0 경기70아1593 3 38 204000059 122000291 30 
2020-12-30T12:31:33 0 0 경기70아1593 3 38 204000059 122000137 31 
2020-12-30T12:32:32 0 0 경기70아1593 3 38 204000059 122000137 31 
2020-12-30T12:33:32 0 0 경기70아1593 3 38 204000059 122000137 31 
2020-12-30T12:34:32 0 0 경기70아1593 3 38 204000059 122000386 33 
2020-12-30T12:35:32 0 0 경기70아1593 3 38 204000059 122000386 33 
2020-12-30T12:36:32 0 0 경기70아1593 3 38 204000059 122000139 34 
2020-12-30T12:37:31 0 0 경기70아1593 3 38 204000059 122000094 35 
2020-12-30T12:38:31 0 0 경기70아1593 3 38 204000059 122000094 35 
2020-12-30T12:39:30 0 0 경기70아1593 3 38 204000059 122000089 36 
2020-12-30T12:40:30 0 0 경기70아1593 3 38 204000059 122000085 37 
2020-12-30T12:41:30 0 0 경기70아1593 3 38 204000059 122000085 37 
2020-12-30T12:42:30 0 0 경기70아1593 3 38 204000059 122000069 38 
2020-12-30T12:43:29 0 0 경기70아1593 3 38 204000059 122000066 39 
2020-12-30T12:44:28 0 0 경기70아1593 3 38 204000059 122000066 39 
2020-12-30T12:45:28 0 0 경기70아1593 3 38 204000059 122000064 40 
2020-12-30T12:46:26 0 0 경기70아1593 3 38 204000059 122000064 40 
2020-12-30T12:47:26 0 0 경기70아1593 3 39 204000059 122000559 41 
2020-12-30T12:48:25 0 0 경기70아1593 3 39 204000059 122000559 41 
2020-12-30T12:49:25 0 0 경기70아1593 3 39 204000059 122000559 41 
2020-12-30T12:50:25 0 0 경기70아1593 3 39 204000059 122000078 42 
2020-12-30T12:51:24 0 0 경기70아1593 3 39 204000059 122000078 42 
2020-12-30T12:52:24 0 0 경기70아1593 3 39 204000059 122000079 43 
2020-12-30T12:53:24 0 0 경기70아1593 3 39 204000059 122000079 43 
2020-12-30T12:54:23 0 0 경기70아1593 3 39 204000059 122000065 44 
2020-12-30T12:55:22 0 0 경기70아1593 3 39 204000059 122000065 44 
2020-12-30T12:56:22 0 0 경기70아1593 3 39 204000059 122000065 44 
2020-12-30T12:57:22 0 0 경기70아1593 3 39 204000059 122000637 45 
2020-12-30T12:58:22 0 0 경기70아1593 3 39 204000059 122000068 46 
2020-12-30T12:59:21 0 0 경기70아1593 3 39 204000059 122000068 46 
2020-12-30T13:00:21 0 0 경기70아1593 3 39 204000059 122000086 47 
2020-12-30T13:01:21 0 0 경기70아1593 3 39 204000059 122000095 48 
2020-12-30T13:02:20 0 0 경기70아1593 3 39 204000059 122000096 49 
2020-12-30T13:03:20 0 0 경기70아1593 3 39 204000059 122000096 49 
2020-12-30T13:04:19 0 0 경기70아1593 3 39 204000059 122000330 50 
2020-12-30T13:05:19 0 0 경기70아1593 3 39 204000059 122000330 50 
2020-12-30T13:06:19 0 0 경기70아1593 3 39 204000059 122000142 51 
2020-12-30T13:07:18 0 0 경기70아1593 3 39 204000059 122000142 51 
2020-12-30T13:08:18 0 0 경기70아1593 3 39 204000059 122000142 51 
2020-12-30T13:09:18 0 0 경기70아1593 3 39 204000059 122000133 52 
2020-12-30T13:10:18 0 0 경기70아1593 3 39 204000059 122000133 52 
2020-12-30T13:11:17 0 0 경기70아1593 3 39 204000059 122000133 52 
2020-12-30T13:12:17 0 0 경기70아1593 3 39 204000059 122000256 53 
2020-12-30T13:13:17 0 0 경기70아1593 3 39 204000059 122000257 54 
2020-12-30T13:14:16 0 0 경기70아1593 3 39 204000059 122000257 54 
2020-12-30T13:15:16 0 0 경기70아1593 3 39 204000059 122000257 54 
2020-12-30T13:16:16 0 0 경기70아1593 3 39 204000059 122000257 54 
2020-12-30T13:17:15 0 0 경기70아1593 3 39 204000059 122000285 56 
2020-12-30T13:18:15 0 0 경기70아1593 3 39 204000059 122000285 56 
2020-12-30T13:19:15 0 0 경기70아1593 3 39 204000059 277103420 57 
2020-12-30T13:20:14 0 0 경기70아1593 3 39 204000059 277103420 57 
2020-12-30T13:21:14 0 0 경기70아1593 3 39 204000059 277103420 57 
2020-12-30T13:22:13 0 0 경기70아1593 3 39 204000059 277103420 57 
2020-12-30T13:23:13 0 0 경기70아1593 3 39 204000059 277103418 58 
2020-12-30T13:24:12 0 0 경기70아1593 3 39 204000059 277103418 58 
2020-12-30T13:25:11 0 0 경기70아1593 3 39 204000059 277103418 58 
2020-12-30T13:26:11 0 0 경기70아1593 3 39 204000059 277103418 58 
2020-12-30T13:27:11 0 0 경기70아1593 3 39 204000059 277103418 58 
2020-12-30T13:28:11 0 0 경기70아1593 3 39 204000059 277103418 58 
2020-12-30T13:29:11 0 0 경기70아1593 3 39 204000059 277103418 58 
2020-12-30T13:30:11 0 0 경기70아1593 3 39 204000059 277103418 58 
2020-12-30T13:31:09 0 0 경기70아1593 3 39 204000059 205000207 59 
2020-12-30T13:32:09 0 0 경기70아1593 3 39 204000059 205000207 59 
2020-12-30T13:33:09 0 0 경기70아1593 3 39 204000059 205000207 59 
2020-12-30T13:34:09 0 0 경기70아1593 3 39 204000059 205000245 60 
2020-12-30T13:35:08 0 0 경기70아1593 3 39 204000059 205000245 60 
2020-12-30T13:36:07 0 0 경기70아1593 3 39 204000059 205000245 60 
2020-12-30T13:37:06 0 0 경기70아1593 3 39 204000059 206000361 61 
2020-12-30T13:38:06 0 0 경기70아1593 3 39 204000059 206000157 62 
2020-12-30T13:39:05 0 0 경기70아1593 3 39 204000059 206000157 62 
2020-12-30T13:40:06 0 0 경기70아1593 3 39 204000059 206000392 63 
2020-12-30T13:41:05 0 0 경기70아1593 3 39 204000059 206000298 64 
2020-12-30T13:42:05 0 0 경기70아1593 3 39 204000059 206000298 64 
2020-12-30T13:43:04 0 0 경기70아1593 3 39 204000059 206000310 65 
2020-12-30T13:44:04 0 0 경기70아1593 3 39 204000059 204000203 66 
2020-12-30T13:45:03 0 0 경기70아1593 3 39 204000059 204000203 66 
2020-12-30T13:46:03 0 0 경기70아1593 3 39 204000059 204000203 66 
2020-12-30T13:47:03 0 0 경기70아1593 3 39 204000059 204000207 67 
2020-12-30T13:48:03 0 0 경기70아1593 3 39 204000059 206000614 68 
2020-12-30T13:49:02 0 0 경기70아1593 3 39 204000059 206000614 68 
2020-12-30T13:50:02 0 0 경기70아1593 3 39 204000059 206000616 69 
2020-12-30T13:51:02 0 0 경기70아1593 3 39 204000059 206000616 69 
2020-12-30T13:52:00 0 0 경기70아1593 3 39 204000059 206000531 70 
2020-12-30T13:53:00 0 0 경기70아1593 3 39 204000059 206000532 71 
2020-12-30T13:54:00 0 0 경기70아1593 3 39 204000059 206000532 71 
2020-12-30T13:54:59 0 0 경기70아1593 3 39 204000059 206000532 71 
2020-12-30T13:55:59 0 0 경기70아1593 3 39 204000059 206000533 72 
2020-12-30T13:56:58 0 0 경기70아1593 3 39 204000059 206000533 72 
2020-12-30T13:57:58 0 0 경기70아1593 3 39 204000059 206000017 74 
2020-12-30T13:58:57 0 0 경기70아1593 3 39 204000059 206000554 75 
2020-12-30T13:59:56 0 0 경기70아1593 3 39 204000059 206000554 75 
2020-12-30T14:00:56 0 0 경기70아1593 3 39 204000059 206000016 76 
2020-12-30T14:01:56 0 0 경기70아1593 3 39 204000059 206000556 77 
2020-12-30T14:02:55 0 0 경기70아1593 3 39 204000059 206000556 77 
2020-12-30T14:03:55 0 0 경기70아1593 3 39 204000059 206000556 77 
2020-12-30T14:04:55 0 0 경기70아1593 3 39 204000059 206000014 79 
2020-12-30T14:05:54 0 0 경기70아1593 3 39 204000059 206000557 80 
2020-12-30T14:06:54 0 0 경기70아1593 3 39 204000059 206000012 82 
2020-12-30T14:07:54 0 0 경기70아1593 3 39 204000059 206000470 83 
2020-12-30T14:08:53 0 0 경기70아1593 3 39 204000059 206000470 83 
2020-12-30T14:09:53 0 0 경기70아1593 3 39 204000059 206000470 83 
2020-12-30T14:10:52 0 0 경기70아1593 3 39 204000059 206000470 83 
2020-12-30T14:11:52 0 0 경기70아1593 3 39 204000059 206000470 83 
2020-12-30T14:12:51 0 0 경기70아1593 3 39 204000059 206000470 83 
2020-12-30T14:13:50 0 0 경기70아1593 3 39 204000059 206000470 83 
2020-12-30T14:14:49 0 0 경기70아1593 3 39 204000059 206000470 83 
2020-12-30T14:15:48 0 0 경기70아1593 3 39 204000059 206000470 83 
2020-12-30T14:16:47 0 0 경기70아1593 3 39 204000059 206000470 83 
2020-12-30T14:17:47 0 0 경기70아1593 3 39 204000059 206000470 83 
2020-12-30T14:18:47 0 0 경기70아1593 3 39 204000059 206000470 83 
2020-12-30T14:19:47 0 0 경기70아1593 3 39 204000059 206000470 83 
2020-12-30T14:20:46 0 0 경기70아1593 3 39 204000059 206000470 83 
2020-12-30T14:21:45 0 0 경기70아1593 3 39 204000059 206000470 83 
2020-12-30T16:40:51 0 0 경기70아1593 3 39 204000059 206000658 3 
2020-12-30T16:41:51 0 0 경기70아1593 3 39 204000059 206000658 3 
2020-12-30T16:42:50 0 0 경기70아1593 3 39 204000059 206000558 4 
2020-12-30T16:43:50 0 0 경기70아1593 3 39 204000059 206000007 5 
2020-12-30T16:44:50 0 0 경기70아1593 3 39 204000059 206000006 6 
2020-12-30T16:45:49 0 0 경기70아1593 3 39 204000059 206000005 7 
2020-12-30T16:46:49 0 0 경기70아1593 3 39 204000059 206000005 7 
2020-12-30T16:47:49 0 0 경기70아1593 3 39 204000059 206000004 8 
2020-12-30T16:48:49 0 0 경기70아1593 3 39 204000059 206000003 10 
2020-12-30T16:49:48 0 0 경기70아1593 3 39 204000059 206000002 11 
2020-12-30T16:50:48 0 0 경기70아1593 3 39 204000059 206000002 11 
2020-12-30T16:51:48 0 0 경기70아1593 3 39 204000059 206000534 12 
2020-12-30T16:52:48 0 0 경기70아1593 3 39 204000059 206000535 13 
2020-12-30T16:53:48 0 0 경기70아1593 3 39 204000059 206000535 13 
2020-12-30T16:54:47 0 0 경기70아1593 3 39 204000059 206000535 13 
2020-12-30T16:55:47 0 0 경기70아1593 3 39 204000059 206000617 14 
2020-12-30T16:56:47 0 0 경기70아1593 3 39 204000059 206000615 15 
2020-12-30T16:57:47 0 0 경기70아1593 3 39 204000059 206000615 15 
2020-12-30T16:58:46 0 0 경기70아1593 3 39 204000059 204000204 17 
2020-12-30T16:59:46 0 0 경기70아1593 3 39 204000059 204000204 17 
2020-12-30T17:00:46 0 0 경기70아1593 3 39 204000059 206000309 18 
2020-12-30T17:01:46 0 0 경기70아1593 3 39 204000059 206000277 19 
2020-12-30T17:02:46 0 0 경기70아1593 3 39 204000059 206000441 20 
2020-12-30T17:03:46 0 0 경기70아1593 3 39 204000059 206000441 20 
2020-12-30T17:04:46 0 0 경기70아1593 3 39 204000059 206000784 21 
2020-12-30T17:05:45 0 0 경기70아1593 3 39 204000059 206000784 21 
2020-12-30T17:06:45 0 0 경기70아1593 3 39 204000059 205000029 22 
2020-12-30T17:07:44 0 0 경기70아1593 3 39 204000059 205000029 22 
2020-12-30T17:08:44 0 0 경기70아1593 3 39 204000059 205000029 22 
2020-12-30T17:09:44 0 0 경기70아1593 3 39 204000059 205000069 23 
2020-12-30T17:10:43 0 0 경기70아1593 3 39 204000059 205000069 23 
2020-12-30T17:11:43 0 0 경기70아1593 3 39 204000059 205000069 23 
2020-12-30T17:12:42 0 0 경기70아1593 3 39 204000059 277102622 24 
2020-12-30T17:13:42 0 0 경기70아1593 3 39 204000059 277102622 24 
2020-12-30T17:14:42 0 0 경기70아1593 3 39 204000059 277102622 24 
2020-12-30T17:15:42 0 0 경기70아1593 3 39 204000059 277102622 24 
2020-12-30T17:16:41 0 0 경기70아1593 3 39 204000059 277102622 24 
2020-12-30T17:17:41 0 0 경기70아1593 3 39 204000059 277102622 24 
2020-12-30T17:18:41 0 0 경기70아1593 3 39 204000059 277102622 24 
2020-12-30T17:19:40 0 0 경기70아1593 3 39 204000059 277103419 25 
2020-12-30T17:20:39 0 0 경기70아1593 3 39 204000059 277103419 25 
2020-12-30T17:21:39 0 0 경기70아1593 3 39 204000059 277103419 25 
2020-12-30T17:22:39 0 0 경기70아1593 3 39 204000059 277103419 25 
2020-12-30T17:23:39 0 0 경기70아1593 3 39 204000059 277103419 25 
2020-12-30T17:24:39 0 0 경기70아1593 3 39 204000059 277103419 25 
2020-12-30T17:25:39 0 0 경기70아1593 3 39 204000059 277103419 25 
2020-12-30T17:26:38 0 0 경기70아1593 3 39 204000059 277103419 25 
2020-12-30T17:27:38 0 0 경기70아1593 3 39 204000059 277103419 25 
2020-12-30T17:28:38 0 0 경기70아1593 3 39 204000059 277103419 25 
2020-12-30T17:29:37 0 0 경기70아1593 3 39 204000059 277103419 25 
2020-12-30T17:30:37 0 0 경기70아1593 3 39 204000059 277103419 25 
2020-12-30T17:31:37 0 0 경기70아1593 3 39 204000059 277103419 25 
2020-12-30T17:32:37 0 0 경기70아1593 3 39 204000059 277103419 25 
2020-12-30T17:33:36 0 0 경기70아1593 3 39 204000059 277103421 26 
2020-12-30T17:34:36 0 0 경기70아1593 3 39 204000059 277103421 26 
2020-12-30T17:35:36 0 0 경기70아1593 3 38 204000059 122000287 27 
2020-12-30T17:36:36 0 0 경기70아1593 3 38 204000059 122000288 28 
2020-12-30T17:37:35 0 0 경기70아1593 3 38 204000059 122000288 28 
2020-12-30T17:38:35 0 0 경기70아1593 3 38 204000059 122000258 29 
2020-12-30T17:39:35 0 0 경기70아1593 3 38 204000059 122000291 30 
2020-12-30T17:40:34 0 0 경기70아1593 3 38 204000059 122000291 30 
2020-12-30T17:41:33 0 0 경기70아1593 3 38 204000059 122000137 31 
2020-12-30T17:42:33 0 0 경기70아1593 3 38 204000059 122000137 31 
2020-12-30T17:43:32 0 0 경기70아1593 3 38 204000059 122000137 31 
2020-12-30T17:44:32 0 0 경기70아1593 3 38 204000059 122000137 31 
2020-12-30T17:45:32 0 0 경기70아1593 3 38 204000059 122000137 31 
2020-12-30T17:46:32 0 0 경기70아1593 3 38 204000059 122000386 33 
2020-12-30T17:47:32 0 0 경기70아1593 3 38 204000059 122000386 33 
2020-12-30T17:48:31 0 0 경기70아1593 3 38 204000059 122000139 34 
2020-12-30T17:49:31 0 0 경기70아1593 3 38 204000059 122000094 35 
2020-12-30T17:50:31 0 0 경기70아1593 3 38 204000059 122000089 36 
2020-12-30T17:51:31 0 0 경기70아1593 3 39 204000059 122000085 37 
2020-12-30T17:52:30 0 0 경기70아1593 3 39 204000059 122000085 37 
2020-12-30T17:53:30 0 0 경기70아1593 3 39 204000059 122000066 39 
2020-12-30T17:54:30 0 0 경기70아1593 3 39 204000059 122000066 39 
2020-12-30T17:55:30 0 0 경기70아1593 3 39 204000059 122000066 39 
2020-12-30T17:56:29 0 0 경기70아1593 3 39 204000059 122000064 40 
2020-12-30T17:57:28 0 0 경기70아1593 3 39 204000059 122000064 40 
2020-12-30T17:58:28 0 0 경기70아1593 3 39 204000059 122000064 40 
2020-12-30T17:59:28 0 0 경기70아1593 3 38 204000059 122000559 41 
2020-12-30T18:00:27 0 0 경기70아1593 3 38 204000059 122000559 41 
2020-12-30T18:01:27 0 0 경기70아1593 3 38 204000059 122000078 42 
2020-12-30T18:02:27 0 0 경기70아1593 3 38 204000059 122000078 42 
2020-12-30T18:03:26 0 0 경기70아1593 3 38 204000059 122000078 42 
2020-12-30T18:04:26 0 0 경기70아1593 3 38 204000059 122000079 43 
2020-12-30T18:05:26 0 0 경기70아1593 3 38 204000059 122000079 43 
2020-12-30T18:06:26 0 0 경기70아1593 3 38 204000059 122000079 43 
2020-12-30T18:07:25 0 0 경기70아1593 3 38 204000059 122000079 43 
2020-12-30T18:08:24 0 0 경기70아1593 3 38 204000059 122000065 44 
2020-12-30T18:09:24 0 0 경기70아1593 3 38 204000059 122000637 45 
2020-12-30T18:10:23 0 0 경기70아1593 3 38 204000059 122000068 46 
2020-12-30T18:11:23 0 0 경기70아1593 3 37 204000059 122000068 46 
2020-12-30T18:12:22 0 0 경기70아1593 3 37 204000059 122000086 47 
2020-12-30T18:13:22 0 0 경기70아1593 3 37 204000059 122000086 47 
2020-12-30T18:14:22 0 0 경기70아1593 3 37 204000059 122000086 47 
2020-12-30T18:15:22 0 0 경기70아1593 3 37 204000059 122000095 48 
2020-12-30T18:16:21 0 0 경기70아1593 3 36 204000059 122000096 49 
2020-12-30T18:17:21 0 0 경기70아1593 3 36 204000059 122000096 49 
2020-12-30T18:18:21 0 0 경기70아1593 3 36 204000059 122000096 49 
2020-12-30T18:19:20 0 0 경기70아1593 3 36 204000059 122000096 49 
2020-12-30T18:20:20 0 0 경기70아1593 3 36 204000059 122000096 49 
2020-12-30T18:21:20 0 0 경기70아1593 3 36 204000059 122000330 50 
2020-12-30T18:22:20 0 0 경기70아1593 3 35 204000059 122000330 50 
2020-12-30T18:23:19 0 0 경기70아1593 3 35 204000059 122000330 50 
2020-12-30T18:24:19 0 0 경기70아1593 3 35 204000059 122000142 51 
2020-12-30T18:25:19 0 0 경기70아1593 3 35 204000059 122000142 51 
2020-12-30T18:26:18 0 0 경기70아1593 3 33 204000059 122000133 52 
2020-12-30T18:27:18 0 0 경기70아1593 3 33 204000059 122000133 52 
2020-12-30T18:28:18 0 0 경기70아1593 3 33 204000059 122000133 52 
2020-12-30T18:29:17 0 0 경기70아1593 3 33 204000059 122000256 53 
2020-12-30T18:30:17 0 0 경기70아1593 3 33 204000059 122000257 54 
2020-12-30T18:31:17 0 0 경기70아1593 3 33 204000059 122000257 54 
2020-12-30T18:32:17 0 0 경기70아1593 3 33 204000059 122000257 54 
2020-12-30T18:33:17 0 0 경기70아1593 3 33 204000059 122000257 54 
2020-12-30T18:34:17 0 0 경기70아1593 3 33 204000059 122000286 55 
2020-12-30T18:35:17 0 0 경기70아1593 3 32 204000059 122000285 56 
2020-12-30T18:36:16 0 0 경기70아1593 3 31 204000059 122000285 56 
2020-12-30T18:37:16 0 0 경기70아1593 3 31 204000059 122000285 56 
2020-12-30T18:38:15 0 0 경기70아1593 3 31 204000059 277103420 57 
2020-12-30T18:39:15 0 0 경기70아1593 3 31 204000059 277103420 57 
2020-12-30T18:40:14 0 0 경기70아1593 3 31 204000059 277103420 57 
2020-12-30T18:41:14 0 0 경기70아1593 3 31 204000059 277103420 57 
2020-12-30T18:42:14 0 0 경기70아1593 3 31 204000059 277103420 57 
2020-12-30T18:43:13 0 0 경기70아1593 3 31 204000059 277103418 58 
2020-12-30T18:44:13 0 0 경기70아1593 3 31 204000059 277103418 58 
2020-12-30T18:45:13 0 0 경기70아1593 3 31 204000059 277103418 58 
2020-12-30T18:46:12 0 0 경기70아1593 3 31 204000059 277103418 58 
2020-12-30T18:47:11 0 0 경기70아1593 3 31 204000059 277103418 58 
2020-12-30T18:48:11 0 0 경기70아1593 3 31 204000059 277103418 58 
2020-12-30T18:49:11 0 0 경기70아1593 3 31 204000059 277103418 58 
2020-12-30T18:50:10 0 0 경기70아1593 3 31 204000059 277103418 58 
2020-12-30T18:51:10 0 0 경기70아1593 3 32 204000059 205000207 59 
2020-12-30T18:52:10 0 0 경기70아1593 3 32 204000059 205000207 59 
2020-12-30T18:53:09 0 0 경기70아1593 3 32 204000059 205000207 59 
2020-12-30T18:54:09 0 0 경기70아1593 3 32 204000059 205000207 59 
2020-12-30T18:55:08 0 0 경기70아1593 3 33 204000059 206000361 61 
2020-12-30T18:56:08 0 0 경기70아1593 3 36 204000059 206000361 61 
2020-12-30T18:57:08 0 0 경기70아1593 3 36 204000059 206000361 61 
2020-12-30T18:58:08 0 0 경기70아1593 3 37 204000059 206000157 62 
2020-12-30T18:59:07 0 0 경기70아1593 3 36 204000059 206000157 62 
2020-12-30T19:00:07 0 0 경기70아1593 3 36 204000059 206000157 62 
2020-12-30T19:01:07 0 0 경기70아1593 3 36 204000059 206000392 63 
2020-12-30T19:02:07 0 0 경기70아1593 3 36 204000059 206000298 64 
2020-12-30T19:03:06 0 0 경기70아1593 3 36 204000059 206000298 64 
2020-12-30T19:04:06 0 0 경기70아1593 3 36 204000059 206000310 65 
2020-12-30T19:05:06 0 0 경기70아1593 3 37 204000059 204000203 66 
2020-12-30T19:06:06 0 0 경기70아1593 3 37 204000059 204000203 66 
2020-12-30T19:07:06 0 0 경기70아1593 3 37 204000059 204000203 66 
2020-12-30T19:08:06 0 0 경기70아1593 3 37 204000059 204000203 66 
2020-12-30T19:09:06 0 0 경기70아1593 3 38 204000059 206000614 68 
2020-12-30T19:10:05 0 0 경기70아1593 3 38 204000059 206000614 68 
2020-12-30T19:11:05 0 0 경기70아1593 3 38 204000059 206000614 68 
2020-12-30T19:12:04 0 0 경기70아1593 3 38 204000059 206000616 69 
2020-12-30T19:13:03 0 0 경기70아1593 3 38 204000059 206000616 69 
2020-12-30T19:14:03 0 0 경기70아1593 3 38 204000059 206000616 69 
2020-12-30T19:15:03 0 0 경기70아1593 3 38 204000059 206000616 69 
2020-12-30T19:16:03 0 0 경기70아1593 3 38 204000059 206000616 69 
2020-12-30T19:17:02 0 0 경기70아1593 3 38 204000059 206000616 69 
2020-12-30T19:18:01 0 0 경기70아1593 3 38 204000059 206000532 71 
2020-12-30T19:19:01 0 0 경기70아1593 3 38 204000059 206000533 72 
2020-12-30T19:20:01 0 0 경기70아1593 3 38 204000059 206000018 73 
2020-12-30T19:21:00 0 0 경기70아1593 3 38 204000059 206000018 73 
2020-12-30T19:21:59 0 0 경기70아1593 3 38 204000059 206000017 74 
2020-12-30T19:22:59 0 0 경기70아1593 3 38 204000059 206000554 75 
2020-12-30T19:23:58 0 0 경기70아1593 3 38 204000059 206000016 76 
2020-12-30T19:24:58 0 0 경기70아1593 3 38 204000059 206000556 77 
2020-12-30T19:25:57 0 0 경기70아1593 3 38 204000059 206000556 77 
2020-12-30T19:26:58 0 0 경기70아1593 3 39 204000059 206000015 78 
2020-12-30T19:27:57 0 0 경기70아1593 3 39 204000059 206000014 79 
2020-12-30T19:28:57 0 0 경기70아1593 3 39 204000059 206000657 81 
2020-12-30T19:29:56 0 0 경기70아1593 3 39 204000059 206000012 82 
2020-12-30T19:30:55 0 0 경기70아1593 3 39 204000059 206000012 82 
2020-12-30T19:31:55 0 0 경기70아1593 3 39 204000059 206000012 82 
2020-12-30T19:32:54 0 0 경기70아1593 3 39 204000059 206000012 82 
2020-12-30T19:33:53 0 0 경기70아1593 3 39 204000059 206000012 82 
2020-12-30T19:34:53 0 0 경기70아1593 3 39 204000059 206000012 82 
2020-12-30T19:35:52 0 0 경기70아1593 3 39 204000059 206000012 82 
2020-12-30T19:36:52 0 0 경기70아1593 3 39 204000059 206000012 82 
2020-12-30T19:37:51 0 0 경기70아1593 3 39 204000059 206000012 82 
2020-12-30T19:38:50 0 0 경기70아1593 3 39 204000059 206000012 82 
2020-12-30T19:39:50 0 0 경기70아1593 3 39 204000059 206000012 82 
2020-12-30T19:40:50 0 0 경기70아1593 3 39 204000059 206000012 82 
2020-12-30T19:41:50 0 0 경기70아1593 3 39 204000059 206000012 82 
2020-12-30T19:42:49 0 0 경기70아1593 3 39 204000059 206000012 82 
2020-12-30T19:43:49 0 0 경기70아1593 3 39 204000059 206000012 82 
2020-12-30T20:00:44 0 0 경기70아1593 3 39 204000059 206000009 2 
2020-12-30T20:01:43 0 0 경기70아1593 3 39 204000059 206000658 3 
2020-12-30T20:02:42 0 0 경기70아1593 3 39 204000059 206000558 4 
2020-12-30T20:03:42 0 0 경기70아1593 3 39 204000059 206000007 5 
2020-12-30T20:04:41 0 0 경기70아1593 3 39 204000059 206000006 6 
2020-12-30T20:05:41 0 0 경기70아1593 3 39 204000059 206000005 7 
2020-12-30T20:06:41 0 0 경기70아1593 3 39 204000059 206000005 7 
2020-12-30T20:07:41 0 0 경기70아1593 3 39 204000059 206000004 8 
2020-12-30T20:08:40 0 0 경기70아1593 3 39 204000059 206000003 10 
2020-12-30T20:09:40 0 0 경기70아1593 3 39 204000059 206000002 11 
2020-12-30T20:10:40 0 0 경기70아1593 3 39 204000059 206000002 11 
2020-12-30T20:11:39 0 0 경기70아1593 3 39 204000059 206000002 11 
2020-12-30T20:12:38 0 0 경기70아1593 3 39 204000059 206000534 12 
2020-12-30T20:13:38 0 0 경기70아1593 3 39 204000059 206000535 13 
2020-12-30T20:14:38 0 0 경기70아1593 3 39 204000059 206000535 13 
2020-12-30T20:15:37 0 0 경기70아1593 3 39 204000059 206000535 13 
2020-12-30T20:16:37 0 0 경기70아1593 3 39 204000059 206000617 14 
2020-12-30T20:17:37 0 0 경기70아1593 3 39 204000059 206000615 15 
2020-12-30T20:18:37 0 0 경기70아1593 3 39 204000059 206000615 15 
2020-12-30T20:19:36 0 0 경기70아1593 3 39 204000059 204000204 17 
2020-12-30T20:20:35 0 0 경기70아1593 3 39 204000059 204000204 17 
2020-12-30T20:21:35 0 0 경기70아1593 3 39 204000059 206000309 18 
2020-12-30T20:22:34 0 0 경기70아1593 3 39 204000059 206000277 19 
2020-12-30T20:23:34 0 0 경기70아1593 3 39 204000059 206000441 20 
2020-12-30T20:24:33 0 0 경기70아1593 3 39 204000059 206000441 20 
2020-12-30T20:25:33 0 0 경기70아1593 3 39 204000059 205000029 22 
2020-12-30T20:26:33 0 0 경기70아1593 3 39 204000059 205000029 22 
2020-12-30T20:27:33 0 0 경기70아1593 3 39 204000059 205000029 22 
2020-12-30T20:28:32 0 0 경기70아1593 3 39 204000059 205000029 22 
2020-12-30T20:29:32 0 0 경기70아1593 3 39 204000059 205000069 23 
2020-12-30T20:30:31 0 0 경기70아1593 3 39 204000059 205000069 23 
2020-12-30T20:31:31 0 0 경기70아1593 3 39 204000059 205000069 23 
2020-12-30T20:32:31 0 0 경기70아1593 3 39 204000059 205000069 23 
2020-12-30T20:33:30 0 0 경기70아1593 3 39 204000059 277102622 24 
2020-12-30T20:34:30 0 0 경기70아1593 3 39 204000059 277102622 24 
2020-12-30T20:35:30 0 0 경기70아1593 3 39 204000059 277102622 24 
2020-12-30T20:36:29 0 0 경기70아1593 3 39 204000059 277103419 25 
2020-12-30T20:37:29 0 0 경기70아1593 3 39 204000059 277103419 25 
2020-12-30T20:38:29 0 0 경기70아1593 3 39 204000059 277103419 25 
2020-12-30T20:39:28 0 0 경기70아1593 3 39 204000059 277103419 25 
2020-12-30T20:40:27 0 0 경기70아1593 3 39 204000059 277103419 25 
2020-12-30T20:41:27 0 0 경기70아1593 3 39 204000059 277103419 25 
2020-12-30T20:42:27 0 0 경기70아1593 3 39 204000059 277103421 26 
2020-12-30T20:43:26 0 0 경기70아1593 3 39 204000059 277103421 26 
2020-12-30T20:44:26 0 0 경기70아1593 3 39 204000059 122000287 27 
2020-12-30T20:45:25 0 0 경기70아1593 3 39 204000059 122000288 28 
2020-12-30T20:46:25 0 0 경기70아1593 3 39 204000059 122000258 29 
2020-12-30T20:47:25 0 0 경기70아1593 3 39 204000059 122000291 30 
2020-12-30T20:48:24 0 0 경기70아1593 3 39 204000059 122000291 30 
2020-12-30T20:49:23 0 0 경기70아1593 3 39 204000059 122000137 31 
2020-12-30T20:50:23 0 0 경기70아1593 3 39 204000059 122000137 31 
2020-12-30T20:51:22 0 0 경기70아1593 3 39 204000059 122000137 31 
2020-12-30T20:52:22 0 0 경기70아1593 3 39 204000059 122000139 34 
2020-12-30T20:53:21 0 0 경기70아1593 3 39 204000059 122000139 34 
2020-12-30T20:54:21 0 0 경기70아1593 3 39 204000059 122000094 35 
2020-12-30T20:55:21 0 0 경기70아1593 3 39 204000059 122000089 36 
2020-12-30T20:56:20 0 0 경기70아1593 3 39 204000059 122000069 38 
2020-12-30T20:57:20 0 0 경기70아1593 3 39 204000059 122000066 39 
2020-12-30T20:58:19 0 0 경기70아1593 3 39 204000059 122000064 40 
2020-12-30T20:59:19 0 0 경기70아1593 3 39 204000059 122000064 40 
2020-12-30T21:00:18 0 0 경기70아1593 3 39 204000059 122000064 40 
2020-12-30T21:01:18 0 0 경기70아1593 3 38 204000059 122000559 41 
2020-12-30T21:02:18 0 0 경기70아1593 3 38 204000059 122000559 41 
2020-12-30T21:03:17 0 0 경기70아1593 3 38 204000059 122000559 41 
2020-12-30T21:04:17 1 0 경기70아1593 3 36 204000059 122000078 42 
2020-12-30T21:05:16 0 0 경기70아1593 3 36 204000059 122000078 42 
2020-12-30T21:06:16 0 0 경기70아1593 3 36 204000059 122000079 43 
2020-12-30T21:07:16 0 0 경기70아1593 3 36 204000059 122000065 44 
2020-12-30T21:08:16 0 0 경기70아1593 3 36 204000059 122000637 45 
2020-12-30T21:09:15 0 0 경기70아1593 3 36 204000059 122000068 46 
2020-12-30T21:10:15 0 0 경기70아1593 3 36 204000059 122000068 46 
2020-12-30T21:11:14 0 0 경기70아1593 3 36 204000059 122000068 46 
2020-12-30T21:12:14 0 0 경기70아1593 3 36 204000059 122000086 47 
2020-12-30T21:13:14 0 0 경기70아1593 3 36 204000059 122000095 48 
2020-12-30T21:14:14 0 0 경기70아1593 3 34 204000059 122000095 48 
2020-12-30T21:15:13 0 0 경기70아1593 3 34 204000059 122000096 49 
2020-12-30T21:16:13 0 0 경기70아1593 3 34 204000059 122000330 50 
2020-12-30T21:17:12 0 0 경기70아1593 3 34 204000059 122000330 50 
2020-12-30T21:18:12 0 0 경기70아1593 3 34 204000059 122000330 50 
2020-12-30T21:19:12 0 0 경기70아1593 3 34 204000059 122000142 51 
2020-12-30T21:20:11 0 0 경기70아1593 3 34 204000059 122000142 51 
2020-12-30T21:21:11 0 0 경기70아1593 3 34 204000059 122000133 52 
2020-12-30T21:22:10 0 0 경기70아1593 3 34 204000059 122000133 52 
2020-12-30T21:23:10 0 0 경기70아1593 3 34 204000059 122000256 53 
2020-12-30T21:24:10 0 0 경기70아1593 3 34 204000059 122000256 53 
2020-12-30T21:25:09 0 0 경기70아1593 3 34 204000059 122000257 54 
2020-12-30T21:26:09 0 0 경기70아1593 3 34 204000059 122000257 54 
2020-12-30T21:27:08 0 0 경기70아1593 3 34 204000059 122000257 54 
2020-12-30T21:28:08 0 0 경기70아1593 3 34 204000059 122000257 54 
2020-12-30T21:29:08 0 0 경기70아1593 3 34 204000059 122000257 54 
2020-12-30T21:30:07 0 0 경기70아1593 3 34 204000059 122000286 55 
2020-12-30T21:31:07 0 0 경기70아1593 3 33 204000059 122000285 56 
2020-12-30T21:32:07 0 0 경기70아1593 3 33 204000059 122000285 56 
2020-12-30T21:33:07 0 0 경기70아1593 3 33 204000059 277103420 57 
2020-12-30T21:34:07 0 0 경기70아1593 3 33 204000059 277103420 57 
2020-12-30T21:35:06 0 0 경기70아1593 3 33 204000059 277103420 57 
2020-12-30T21:36:06 0 0 경기70아1593 3 33 204000059 277103418 58 
2020-12-30T21:37:06 0 0 경기70아1593 3 33 204000059 277103418 58 
2020-12-30T21:38:05 0 0 경기70아1593 3 33 204000059 277103418 58 
2020-12-30T21:39:05 0 0 경기70아1593 3 33 204000059 277103418 58 
2020-12-30T21:40:05 0 0 경기70아1593 3 33 204000059 277103418 58 
2020-12-30T21:41:04 0 0 경기70아1593 3 36 204000059 205000207 59 
2020-12-30T21:42:04 0 0 경기70아1593 3 36 204000059 205000207 59 
2020-12-30T21:43:04 0 0 경기70아1593 3 36 204000059 205000245 60 
2020-12-30T21:44:04 0 0 경기70아1593 3 36 204000059 205000245 60 
2020-12-30T21:45:04 0 0 경기70아1593 3 36 204000059 205000245 60 
2020-12-30T21:46:03 0 0 경기70아1593 3 38 204000059 206000361 61 
2020-12-30T21:47:03 0 0 경기70아1593 3 39 204000059 206000157 62 
2020-12-30T21:48:03 0 0 경기70아1593 3 39 204000059 206000157 62 
2020-12-30T21:49:03 0 0 경기70아1593 3 39 204000059 206000392 63 
2020-12-30T21:50:02 0 0 경기70아1593 3 39 204000059 206000298 64 
2020-12-30T21:51:02 0 0 경기70아1593 3 39 204000059 206000298 64 
2020-12-30T21:52:02 0 0 경기70아1593 3 39 204000059 206000310 65 
2020-12-30T21:53:02 0 0 경기70아1593 3 39 204000059 204000203 66 
2020-12-30T21:54:02 0 0 경기70아1593 3 39 204000059 204000203 66 
2020-12-30T21:55:01 0 0 경기70아1593 3 39 204000059 206000614 68 
2020-12-30T21:56:01 0 0 경기70아1593 3 39 204000059 206000614 68 
2020-12-30T21:57:01 0 0 경기70아1593 3 39 204000059 206000616 69 
2020-12-30T21:58:01 0 0 경기70아1593 3 39 204000059 206000616 69 
2020-12-30T21:59:00 0 0 경기70아1593 3 39 204000059 206000531 70 
2020-12-30T22:00:00 0 0 경기70아1593 3 39 204000059 206000532 71 
2020-12-30T22:00:59 0 0 경기70아1593 3 39 204000059 206000532 71 
2020-12-30T22:01:59 0 0 경기70아1593 3 39 204000059 206000532 71 
2020-12-30T22:02:59 0 0 경기70아1593 3 39 204000059 206000532 71 
2020-12-30T22:03:59 0 0 경기70아1593 3 39 204000059 206000533 72 
2020-12-30T22:04:58 0 0 경기70아1593 3 39 204000059 206000018 73 
2020-12-30T22:05:58 0 0 경기70아1593 3 39 204000059 206000554 75 
2020-12-30T22:06:58 0 0 경기70아1593 3 39 204000059 206000556 77 
2020-12-30T22:07:57 0 0 경기70아1593 3 39 204000059 206000014 79 
2020-12-30T22:08:57 0 0 경기70아1593 3 39 204000059 206000014 79 
2020-12-30T22:09:56 0 0 경기70아1593 3 39 204000059 206000014 79 
2020-12-30T22:10:56 0 0 경기70아1593 3 39 204000059 206000657 81 
2020-12-30T22:11:55 0 0 경기70아1593 3 39 204000059 206000470 83 
2020-12-30T22:12:54 0 0 경기70아1593 3 39 204000059 206000470 83 
2020-12-30T22:13:53 0 0 경기70아1593 3 39 204000059 206000470 83 
2020-12-30T22:14:53 0 0 경기70아1593 3 39 204000059 206000470 83 
2020-12-30T22:15:52 0 0 경기70아1593 3 39 204000059 206000470 83 
2020-12-30T22:16:52 0 0 경기70아1593 3 39 204000059 206000470 83 
2020-12-30T22:17:52 0 0 경기70아1593 3 39 204000059 206000470 83 
2020-12-30T22:18:52 0 0 경기70아1593 3 39 204000059 206000470 83 
2020-12-30T22:19:51 0 0 경기70아1593 3 39 204000059 206000470 83 
2020-12-30T22:20:51 0 0 경기70아1593 3 39 204000059 206000470 83 
2020-12-30T22:21:51 0 0 경기70아1593 3 39 204000059 206000470 83 
2020-12-30T22:22:51 0 0 경기70아1593 3 39 204000059 206000470 83 
2020-12-30T22:23:51 0 0 경기70아1593 3 39 204000059 206000470 83 
2020-12-30T22:24:50 0 0 경기70아1593 3 39 204000059 206000470 83 
2020-12-30T22:25:50 0 0 경기70아1593 3 39 204000059 206000470 83 
2020-12-30T22:26:50 0 0 경기70아1593 3 39 204000059 206000470 83 
