232000098 2020-12-12T11:11:52.360945+09:00
2020-12-12T11:12:51 0 0 경기79바1698 4 69 232000098 232000684 14 
2020-12-12T11:13:51 0 0 경기79바1698 4 69 232000098 232000684 14 
2020-12-12T11:14:51 0 0 경기79바1698 4 69 232000098 232000684 14 
2020-12-12T11:15:23 0 0 경기79바1698 4 69 232000098 232000684 14 
2020-12-12T11:16:23 0 0 경기79바1698 4 69 232000098 232000684 14 
2020-12-12T11:17:22 0 0 경기79바1698 4 69 232000098 232000755 15 
2020-12-12T11:18:21 0 0 경기79바1698 4 68 232000098 232000756 16 
2020-12-12T11:19:21 0 0 경기79바1698 4 65 232000098 232000756 16 
2020-12-12T11:20:21 0 0 경기79바1698 4 65 232000098 232000758 17 
2020-12-12T11:21:20 0 0 경기79바1698 4 65 232000098 232000758 17 
2020-12-12T11:22:19 0 0 경기79바1698 4 65 232000098 232000734 19 
2020-12-12T11:23:19 0 0 경기79바1698 4 65 232000098 232000828 20 
2020-12-12T11:24:19 0 0 경기79바1698 4 65 232000098 277102331 21 
2020-12-12T11:25:19 0 0 경기79바1698 4 65 232000098 277102331 21 
2020-12-12T11:26:18 0 0 경기79바1698 4 65 232000098 277102735 22 
2020-12-12T11:27:17 0 0 경기79바1698 4 65 232000098 277102735 22 
2020-12-12T11:28:17 0 0 경기79바1698 4 65 232000098 277102735 22 
2020-12-12T11:29:16 0 0 경기79바1698 4 65 232000098 277102735 22 
2020-12-12T11:30:16 0 0 경기79바1698 4 65 232000098 277102735 22 
2020-12-12T11:31:16 0 0 경기79바1698 4 65 232000098 277102737 23 
2020-12-12T11:32:16 0 0 경기79바1698 4 65 232000098 277102737 23 
2020-12-12T11:33:15 0 0 경기79바1698 4 65 232000098 277102737 23 
2020-12-12T11:34:14 0 0 경기79바1698 4 65 232000098 277102737 23 
2020-12-12T11:35:13 0 0 경기79바1698 4 65 232000098 277101769 24 
2020-12-12T11:36:13 0 0 경기79바1698 4 65 232000098 277101769 24 
2020-12-12T11:37:13 0 0 경기79바1698 4 65 232000098 277101769 24 
2020-12-12T11:38:12 0 0 경기79바1698 4 65 232000098 277103403 25 
2020-12-12T11:39:11 0 0 경기79바1698 4 65 232000098 277103403 25 
2020-12-12T11:40:10 0 0 경기79바1698 4 65 232000098 277103403 25 
2020-12-12T11:41:09 0 0 경기79바1698 4 65 232000098 277103403 25 
2020-12-12T11:42:09 0 0 경기79바1698 4 65 232000098 277103403 25 
2020-12-12T11:43:09 0 0 경기79바1698 4 65 232000098 277103403 25 
2020-12-12T11:44:08 0 0 경기79바1698 4 65 232000098 277103403 25 
2020-12-12T11:45:07 0 0 경기79바1698 4 65 232000098 277103403 25 
2020-12-12T11:46:07 0 0 경기79바1698 4 65 232000098 277103515 26 
2020-12-12T11:47:07 0 0 경기79바1698 4 65 232000098 277103515 26 
2020-12-12T11:48:07 0 0 경기79바1698 4 65 232000098 277103515 26 
2020-12-12T11:49:07 0 0 경기79바1698 4 70 232000098 118000091 27 
2020-12-12T11:50:06 0 0 경기79바1698 4 70 232000098 118000091 27 
2020-12-12T11:51:05 0 0 경기79바1698 4 70 232000098 118000091 27 
2020-12-12T11:52:05 0 0 경기79바1698 4 70 232000098 118000091 27 
2020-12-12T11:53:05 0 0 경기79바1698 4 70 232000098 118000091 27 
2020-12-12T11:54:05 0 0 경기79바1698 4 70 232000098 277104386 28 
2020-12-12T11:55:05 0 0 경기79바1698 4 70 232000098 277104386 28 
2020-12-12T11:56:04 0 0 경기79바1698 4 70 232000098 277104387 29 
2020-12-12T11:57:03 0 0 경기79바1698 4 70 232000098 277104387 29 
2020-12-12T11:58:02 0 0 경기79바1698 4 70 232000098 277104387 29 
2020-12-12T11:59:02 0 0 경기79바1698 4 70 232000098 277104387 29 
2020-12-12T12:00:01 0 0 경기79바1698 4 70 232000098 118000007 30 
2020-12-12T12:01:00 0 0 경기79바1698 4 70 232000098 118000007 30 
2020-12-12T12:02:00 0 0 경기79바1711 4 74 232000098 277102182 2 
2020-12-12T12:02:00 0 0 경기79바1698 4 70 232000098 118000007 30 
2020-12-12T12:03:00 0 0 경기79바1711 4 74 232000098 277102732 3 
2020-12-12T12:03:00 0 0 경기79바1698 4 70 232000098 118000007 30 
2020-12-12T12:03:59 0 0 경기79바1698 4 70 232000098 277104322 31 
2020-12-12T12:03:59 0 0 경기79바1711 4 74 232000098 232000718 4 
2020-12-12T12:04:59 0 0 경기79바1698 4 70 232000098 277104322 31 
2020-12-12T12:04:59 0 0 경기79바1711 4 74 232000098 232000718 4 
2020-12-12T12:05:59 0 0 경기79바1711 4 74 232000098 232000777 6 
2020-12-12T12:05:59 0 0 경기79바1698 4 70 232000098 277104322 31 
2020-12-12T12:06:58 0 0 경기79바1711 4 74 232000098 232000777 6 
2020-12-12T12:06:58 0 0 경기79바1698 4 70 232000098 113000001 32 
2020-12-12T12:07:58 0 0 경기79바1698 4 71 232000098 113000003 33 
2020-12-12T12:07:58 0 0 경기79바1711 4 74 232000098 232000777 6 
2020-12-12T12:08:58 0 0 경기79바1698 4 71 232000098 113000003 33 
2020-12-12T12:08:58 0 0 경기79바1711 4 74 232000098 232000722 7 
2020-12-12T12:09:58 0 0 경기79바1711 4 74 232000098 232000722 7 
2020-12-12T12:09:58 0 0 경기79바1698 4 71 232000098 113000003 33 
2020-12-12T12:10:58 0 0 경기79바1698 4 71 232000098 113000003 33 
2020-12-12T12:10:58 0 0 경기79바1711 4 74 232000098 232000722 7 
2020-12-12T12:11:58 0 0 경기79바1711 4 74 232000098 232000709 8 
2020-12-12T12:11:58 0 0 경기79바1698 4 71 232000098 113000003 33 
2020-12-12T12:12:57 0 0 경기79바1698 4 71 232000098 113000003 33 
2020-12-12T12:12:57 0 0 경기79바1711 4 74 232000098 232000554 10 
2020-12-12T12:13:56 0 0 경기79바1711 4 74 232000098 232000554 10 
2020-12-12T12:13:56 0 0 경기79바1698 4 72 232000098 112000430 34 
2020-12-12T12:14:56 0 0 경기79바1698 4 72 232000098 112000430 34 
2020-12-12T12:14:56 0 0 경기79바1711 4 74 232000098 232000577 11 
2020-12-12T12:15:56 0 0 경기79바1711 4 74 232000098 232000577 11 
2020-12-12T12:15:56 0 0 경기79바1698 4 73 232000098 112000430 34 
2020-12-12T12:16:54 0 0 경기79바1711 4 74 232000098 232000577 11 
2020-12-12T12:16:54 0 0 경기79바1698 4 74 232000098 101000304 35 
2020-12-12T12:17:54 0 0 경기79바1711 4 74 232000098 232000577 11 
2020-12-12T12:17:54 0 0 경기79바1698 4 74 232000098 100000380 36 
2020-12-12T12:18:54 0 0 경기79바1698 4 74 232000098 100000380 36 
2020-12-12T12:18:54 0 0 경기79바1711 4 73 232000098 232000682 12 
2020-12-12T12:19:54 0 0 경기79바1711 4 73 232000098 232000682 12 
2020-12-12T12:19:54 0 0 경기79바1698 4 74 232000098 100000025 37 
2020-12-12T12:20:53 0 0 경기79바1698 4 73 232000098 100000025 37 
2020-12-12T12:20:53 0 0 경기79바1711 4 73 232000098 232000682 12 
2020-12-12T12:21:52 0 0 경기79바1698 4 73 232000098 100000025 37 
2020-12-12T12:21:52 0 0 경기79바1711 4 73 232000098 232000682 12 
2020-12-12T12:22:52 0 0 경기79바1711 4 73 232000098 232000684 14 
2020-12-12T12:22:52 0 0 경기79바1698 4 73 232000098 100000025 37 
2020-12-12T12:23:52 0 0 경기79바1711 4 72 232000098 232000684 14 
2020-12-12T12:23:52 0 0 경기79바1698 4 73 232000098 101000038 38 
2020-12-12T12:24:51 0 0 경기79바1698 4 73 232000098 101000038 38 
2020-12-12T12:24:51 0 0 경기79바1711 4 72 232000098 232000684 14 
2020-12-12T12:25:51 0 0 경기79바1711 4 72 232000098 232000684 14 
2020-12-12T12:25:51 0 0 경기79바1698 4 73 232000098 277101975 39 
2020-12-12T12:26:51 0 0 경기79바1698 4 73 232000098 112000170 40 
2020-12-12T12:26:51 0 0 경기79바1711 4 70 232000098 232000755 15 
2020-12-12T12:27:50 0 0 경기79바1711 4 70 232000098 232000756 16 
2020-12-12T12:27:50 0 0 경기79바1698 4 73 232000098 112000170 40 
2020-12-12T12:28:50 0 0 경기79바1711 4 70 232000098 232000758 17 
2020-12-12T12:28:50 0 0 경기79바1698 4 73 232000098 277102290 41 
2020-12-12T12:29:49 0 0 경기79바1698 4 73 232000098 277102290 41 
2020-12-12T12:29:49 0 0 경기79바1711 4 69 232000098 232000758 17 
2020-12-12T12:30:49 0 0 경기79바1698 4 73 232000098 277102290 41 
2020-12-12T12:30:49 0 0 경기79바1711 4 69 232000098 232000758 17 
2020-12-12T12:31:49 0 0 경기79바1698 4 73 232000098 113000004 42 
2020-12-12T12:31:49 0 0 경기79바1711 4 68 232000098 232000734 19 
2020-12-12T12:32:49 0 0 경기79바1698 4 73 232000098 113000004 42 
2020-12-12T12:32:49 0 0 경기79바1711 4 68 232000098 232000734 19 
2020-12-12T12:33:49 0 0 경기79바1698 4 72 232000098 113000004 42 
2020-12-12T12:33:49 0 0 경기79바1711 4 66 232000098 277102331 21 
2020-12-12T12:34:49 0 0 경기79바1711 4 66 232000098 277102331 21 
2020-12-12T12:34:49 0 0 경기79바1698 4 72 232000098 113000002 43 
2020-12-12T12:35:49 0 0 경기79바1711 4 66 232000098 277102331 21 
2020-12-12T12:35:49 0 0 경기79바1698 4 71 232000098 113000002 43 
2020-12-12T12:36:48 0 0 경기79바1711 4 66 232000098 277102735 22 
2020-12-12T12:36:48 0 0 경기79바1698 4 71 232000098 277104321 44 
2020-12-12T12:37:48 0 0 경기79바1711 4 66 232000098 277102735 22 
2020-12-12T12:37:48 0 0 경기79바1698 4 71 232000098 277104321 44 
2020-12-12T12:38:47 0 0 경기79바1711 4 66 232000098 277102735 22 
2020-12-12T12:38:47 0 0 경기79바1698 4 71 232000098 277104321 44 
2020-12-12T12:39:47 0 0 경기79바1711 4 66 232000098 277102735 22 
2020-12-12T12:39:47 0 0 경기79바1698 4 71 232000098 118000008 45 
2020-12-12T12:40:47 0 0 경기79바1698 4 71 232000098 118000008 45 
2020-12-12T12:40:47 0 0 경기79바1711 4 66 232000098 277102737 23 
2020-12-12T12:41:46 0 0 경기79바1698 4 71 232000098 118000008 45 
2020-12-12T12:41:46 0 0 경기79바1711 4 66 232000098 277102737 23 
2020-12-12T12:42:46 0 0 경기79바1698 4 71 232000098 118000008 45 
2020-12-12T12:42:46 0 0 경기79바1711 4 66 232000098 277102737 23 
2020-12-12T12:43:46 0 0 경기79바1711 4 66 232000098 277101769 24 
2020-12-12T12:43:46 0 0 경기79바1698 4 71 232000098 118000008 45 
2020-12-12T12:44:45 0 0 경기79바1711 4 66 232000098 277101769 24 
2020-12-12T12:44:45 0 0 경기79바1698 4 71 232000098 277102829 46 
2020-12-12T12:45:45 0 0 경기79바1698 4 71 232000098 277102829 46 
2020-12-12T12:45:45 0 0 경기79바1711 4 66 232000098 277101769 24 
2020-12-12T12:46:45 0 0 경기79바1698 4 71 232000098 277102829 46 
2020-12-12T12:46:45 0 0 경기79바1711 4 66 232000098 277103403 25 
2020-12-12T12:47:44 0 0 경기79바1698 4 71 232000098 277102829 46 
2020-12-12T12:47:44 0 0 경기79바1711 4 66 232000098 277103403 25 
2020-12-12T12:48:43 0 0 경기79바1711 4 66 232000098 277103403 25 
2020-12-12T12:48:43 0 0 경기79바1698 4 71 232000098 277102830 47 
2020-12-12T12:49:42 0 0 경기79바1711 4 66 232000098 277103403 25 
2020-12-12T12:49:42 0 0 경기79바1698 4 71 232000098 277102830 47 
2020-12-12T12:50:41 0 0 경기79바1711 4 66 232000098 277103403 25 
2020-12-12T12:50:41 0 0 경기79바1698 4 71 232000098 277102830 47 
2020-12-12T12:51:40 0 0 경기79바1711 4 66 232000098 277103403 25 
2020-12-12T12:51:40 0 0 경기79바1698 4 71 232000098 277102830 47 
2020-12-12T12:52:40 0 0 경기79바1711 4 66 232000098 277103403 25 
2020-12-12T12:52:40 0 0 경기79바1698 4 71 232000098 277102830 47 
2020-12-12T12:53:40 0 0 경기79바1711 4 66 232000098 277103403 25 
2020-12-12T12:53:40 0 0 경기79바1698 4 71 232000098 118000501 48 
2020-12-12T12:54:40 0 0 경기79바1698 4 69 232000098 118000501 48 
2020-12-12T12:54:40 0 0 경기79바1711 4 66 232000098 277103403 25 
2020-12-12T12:55:39 0 0 경기79바1698 4 69 232000098 118000501 48 
2020-12-12T12:55:39 0 0 경기79바1711 4 66 232000098 277103403 25 
2020-12-12T12:56:38 0 0 경기79바1698 4 69 232000098 118000501 48 
2020-12-12T12:56:38 0 0 경기79바1711 4 66 232000098 277103403 25 
2020-12-12T12:57:38 0 0 경기79바1698 4 69 232000098 118000501 48 
2020-12-12T12:57:38 0 0 경기79바1711 4 66 232000098 277103515 26 
2020-12-12T12:58:38 0 0 경기79바1698 4 69 232000098 118000501 48 
2020-12-12T12:58:38 0 0 경기79바1711 4 66 232000098 277103515 26 
2020-12-12T12:59:37 0 0 경기79바1698 4 69 232000098 118000501 48 
2020-12-12T12:59:37 0 0 경기79바1711 4 67 232000098 277103515 26 
2020-12-12T13:00:37 0 0 경기79바1698 4 69 232000098 277103529 49 
2020-12-12T13:00:37 0 0 경기79바1711 4 70 232000098 118000091 27 
2020-12-12T13:01:37 0 0 경기79바1711 4 70 232000098 118000091 27 
2020-12-12T13:01:37 0 0 경기79바1698 4 69 232000098 277103529 49 
2020-12-12T13:02:36 0 0 경기79바1698 4 69 232000098 277103529 49 
2020-12-12T13:02:36 0 0 경기79바1711 4 70 232000098 118000091 27 
2020-12-12T13:03:36 0 0 경기79바1698 4 69 232000098 277103529 49 
2020-12-12T13:03:36 0 0 경기79바1711 4 70 232000098 118000091 27 
2020-12-12T13:04:35 0 0 경기79바1711 4 70 232000098 118000091 27 
2020-12-12T13:04:35 0 0 경기79바1698 4 69 232000098 277103529 49 
2020-12-12T13:05:35 0 0 경기79바1698 4 69 232000098 277103529 49 
2020-12-12T13:05:35 0 0 경기79바1711 4 70 232000098 118000091 27 
2020-12-12T13:06:34 0 0 경기79바1711 4 70 232000098 118000091 27 
2020-12-12T13:06:34 0 0 경기79바1698 4 69 232000098 277103402 50 
2020-12-12T13:07:34 0 0 경기79바1698 4 69 232000098 277103402 50 
2020-12-12T13:07:34 0 0 경기79바1711 4 70 232000098 277104386 28 
2020-12-12T13:08:33 0 0 경기79바1698 4 69 232000098 277103402 50 
2020-12-12T13:08:33 0 0 경기79바1711 4 70 232000098 277104387 29 
2020-12-12T13:09:33 0 0 경기79바1698 4 69 232000098 277103401 51 
2020-12-12T13:09:33 0 0 경기79바1711 4 70 232000098 277104387 29 
2020-12-12T13:10:32 0 0 경기79바1711 4 70 232000098 277104387 29 
2020-12-12T13:10:32 0 0 경기79바1698 4 69 232000098 277103401 51 
2020-12-12T13:11:32 0 0 경기79바1698 4 69 232000098 277103401 51 
2020-12-12T13:11:32 0 0 경기79바1711 4 70 232000098 277104387 29 
2020-12-12T13:12:32 0 0 경기79바1698 4 69 232000098 277103401 51 
2020-12-12T13:12:32 0 0 경기79바1711 4 70 232000098 118000007 30 
2020-12-12T13:13:32 0 0 경기79바1711 4 70 232000098 118000007 30 
2020-12-12T13:13:32 0 0 경기79바1698 4 69 232000098 277102738 52 
2020-12-12T13:14:32 0 0 경기79바1698 4 69 232000098 277102738 52 
2020-12-12T13:14:32 0 0 경기79바1711 4 70 232000098 118000007 30 
2020-12-12T13:15:32 0 0 경기79바1698 4 69 232000098 277102738 52 
2020-12-12T13:15:32 0 0 경기79바1711 4 70 232000098 118000007 30 
2020-12-12T13:16:31 0 0 경기79바1698 4 69 232000098 277102738 52 
2020-12-12T13:16:31 0 0 경기79바1711 4 70 232000098 118000007 30 
2020-12-12T13:17:31 0 0 경기79바1711 4 70 232000098 277104322 31 
2020-12-12T13:17:31 0 0 경기79바1698 4 69 232000098 277102736 53 
2020-12-12T13:18:31 0 0 경기79바1698 4 69 232000098 277102736 53 
2020-12-12T13:18:31 0 0 경기79바1711 4 70 232000098 277104322 31 
2020-12-12T13:19:30 0 0 경기79바1698 4 69 232000098 277102736 53 
2020-12-12T13:19:30 0 0 경기79바1711 4 70 232000098 113000003 33 
2020-12-12T13:20:30 0 0 경기79바1711 4 70 232000098 113000003 33 
2020-12-12T13:20:30 0 0 경기79바1698 4 69 232000098 277102736 53 
2020-12-12T13:21:30 0 0 경기79바1711 4 70 232000098 113000003 33 
2020-12-12T13:21:30 0 0 경기79바1698 4 69 232000098 232000829 54 
2020-12-12T13:22:30 0 0 경기79바1711 4 70 232000098 113000003 33 
2020-12-12T13:22:30 0 0 경기79바1698 4 69 232000098 232000731 55 
2020-12-12T13:23:30 0 0 경기79바1711 4 70 232000098 113000003 33 
2020-12-12T13:23:30 0 0 경기79바1698 4 69 232000098 232000731 55 
2020-12-12T13:24:29 0 0 경기79바1698 4 69 232000098 232000726 56 
2020-12-12T13:24:29 0 0 경기79바1711 4 70 232000098 113000003 33 
2020-12-12T13:25:29 0 0 경기79바1711 4 71 232000098 112000430 34 
2020-12-12T13:25:29 0 0 경기79바1698 4 69 232000098 232000759 57 
2020-12-12T13:26:29 0 0 경기79바1711 4 71 232000098 112000430 34 
2020-12-12T13:26:29 0 0 경기79바1698 4 70 232000098 232000753 58 
2020-12-12T13:27:28 0 0 경기79바1711 4 71 232000098 101000304 35 
2020-12-12T13:27:28 0 0 경기79바1698 4 72 232000098 232000754 59 
2020-12-12T13:28:28 0 0 경기79바1698 4 72 232000098 232000754 59 
2020-12-12T13:28:28 0 0 경기79바1711 4 72 232000098 101000304 35 
2020-12-12T13:29:28 0 0 경기79바1698 4 72 232000098 232000754 59 
2020-12-12T13:29:28 0 0 경기79바1711 4 72 232000098 101000304 35 
2020-12-12T13:30:28 0 0 경기79바1711 4 72 232000098 100000380 36 
2020-12-12T13:30:28 0 0 경기79바1698 4 72 232000098 232000683 60 
2020-12-12T13:31:27 0 0 경기79바1711 4 73 232000098 100000025 37 
2020-12-12T13:31:27 0 0 경기79바1698 4 72 232000098 232000838 61 
2020-12-12T13:32:27 0 0 경기79바1711 4 73 232000098 100000025 37 
2020-12-12T13:32:27 0 0 경기79바1698 4 72 232000098 232000681 62 
2020-12-12T13:33:27 0 0 경기79바1698 4 72 232000098 232000681 62 
2020-12-12T13:33:27 0 0 경기79바1711 4 73 232000098 100000025 37 
2020-12-12T13:34:26 0 0 경기79바1698 4 72 232000098 232000681 62 
2020-12-12T13:34:26 0 0 경기79바1711 4 74 232000098 100000025 37 
2020-12-12T13:35:26 0 0 경기79바1698 4 72 232000098 232000681 62 
2020-12-12T13:35:26 0 0 경기79바1711 4 74 232000098 101000038 38 
2020-12-12T13:36:26 0 0 경기79바1698 4 72 232000098 232000594 63 
2020-12-12T13:36:26 0 0 경기79바1711 4 74 232000098 277101975 39 
2020-12-12T13:37:25 0 0 경기79바1698 4 73 232000098 232000553 64 
2020-12-12T13:37:25 0 0 경기79바1711 4 74 232000098 112000170 40 
2020-12-12T13:38:25 0 0 경기79바1711 4 74 232000098 112000170 40 
2020-12-12T13:38:25 0 0 경기79바1698 4 74 232000098 232000553 64 
2020-12-12T13:39:25 0 0 경기79바1698 4 74 232000098 232000553 64 
2020-12-12T13:39:25 0 0 경기79바1711 4 74 232000098 112000170 40 
2020-12-12T13:40:23 0 0 경기79바1711 4 74 232000098 112000170 40 
2020-12-12T13:40:23 0 0 경기79바1698 4 74 232000098 232000541 65 
2020-12-12T13:41:23 0 0 경기79바1711 4 74 232000098 277102290 41 
2020-12-12T13:41:23 0 0 경기79바1698 4 74 232000098 232000708 66 
2020-12-12T13:42:23 0 0 경기79바1711 4 74 232000098 277102290 41 
2020-12-12T13:42:23 0 0 경기79바1698 4 74 232000098 232000708 66 
2020-12-12T13:43:22 0 0 경기79바1711 4 74 232000098 277102290 41 
2020-12-12T13:43:22 0 0 경기79바1698 4 74 232000098 232000723 67 
2020-12-12T13:44:22 0 0 경기79바1711 4 74 232000098 277102290 41 
2020-12-12T13:44:22 0 0 경기79바1698 4 74 232000098 232000723 67 
2020-12-12T13:45:21 0 0 경기79바1711 4 74 232000098 113000004 42 
2020-12-12T13:45:21 0 0 경기79바1698 4 74 232000098 232000742 69 
2020-12-12T13:46:21 0 0 경기79바1711 4 74 232000098 113000004 42 
2020-12-12T13:46:21 0 0 경기79바1698 4 74 232000098 232000767 70 
2020-12-12T13:47:20 0 0 경기79바1711 4 74 232000098 113000004 42 
2020-12-12T13:47:20 0 0 경기79바1698 4 74 232000098 232000767 70 
2020-12-12T13:48:20 0 0 경기79바1698 4 74 232000098 232000767 70 
2020-12-12T13:48:20 0 0 경기79바1711 4 74 232000098 113000002 43 
2020-12-12T13:49:19 0 0 경기79바1698 4 74 232000098 232000767 70 
2020-12-12T13:49:19 0 0 경기79바1711 4 74 232000098 277104321 44 
2020-12-12T13:50:19 0 0 경기79바1711 4 74 232000098 277104321 44 
2020-12-12T13:50:19 0 0 경기79바1698 4 74 232000098 232000767 70 
2020-12-12T13:51:19 0 0 경기79바1711 4 74 232000098 277104321 44 
2020-12-12T13:52:18 0 0 경기79바1711 4 74 232000098 118000008 45 
2020-12-12T13:53:18 0 0 경기79바1711 4 74 232000098 118000008 45 
2020-12-12T13:54:18 0 0 경기79바1711 4 74 232000098 118000008 45 
2020-12-12T13:55:17 0 0 경기79바1711 4 74 232000098 118000008 45 
2020-12-12T13:56:17 0 0 경기79바1711 4 74 232000098 277102829 46 
2020-12-12T13:57:17 0 0 경기79바1711 4 74 232000098 277102829 46 
2020-12-12T13:58:16 0 0 경기79바1711 4 74 232000098 277102829 46 
2020-12-12T13:59:16 0 0 경기79바1711 4 74 232000098 277102830 47 
2020-12-12T14:00:16 0 0 경기79바1711 4 74 232000098 277102830 47 
2020-12-12T14:01:15 0 0 경기79바1711 4 74 232000098 277102830 47 
2020-12-12T14:02:15 0 0 경기79바1711 4 74 232000098 277102830 47 
2020-12-12T14:03:14 0 0 경기79바1711 4 74 232000098 118000501 48 
2020-12-12T14:04:15 0 0 경기79바1711 4 74 232000098 118000501 48 
2020-12-12T14:05:14 0 0 경기79바1711 4 69 232000098 118000501 48 
2020-12-12T14:06:13 0 0 경기79바1711 4 69 232000098 118000501 48 
2020-12-12T14:07:13 0 0 경기79바1711 4 69 232000098 118000501 48 
2020-12-12T14:08:12 0 0 경기79바1711 4 69 232000098 118000501 48 
2020-12-12T14:09:12 0 0 경기79바1711 4 69 232000098 277103529 49 
2020-12-12T14:10:10 0 0 경기79바1711 4 69 232000098 277103529 49 
2020-12-12T14:11:10 0 0 경기79바1711 4 69 232000098 277103529 49 
2020-12-12T14:12:10 0 0 경기79바1711 4 69 232000098 277103529 49 
2020-12-12T14:13:10 0 0 경기79바1711 4 69 232000098 277103529 49 
2020-12-12T14:14:10 0 0 경기79바1711 4 69 232000098 277103529 49 
2020-12-12T14:15:10 0 0 경기79바1711 4 69 232000098 277103529 49 
2020-12-12T14:16:09 0 0 경기79바1711 4 69 232000098 277103529 49 
2020-12-12T14:17:10 0 0 경기79바1711 4 69 232000098 277103402 50 
2020-12-12T14:18:09 0 0 경기79바1711 4 69 232000098 277103402 50 
2020-12-12T14:19:09 0 0 경기79바1711 4 69 232000098 277103402 50 
2020-12-12T14:20:08 0 0 경기79바1711 4 69 232000098 277103401 51 
2020-12-12T14:21:08 0 0 경기79바1711 4 69 232000098 277103401 51 
2020-12-12T14:22:08 0 0 경기79바1711 4 69 232000098 277103401 51 
2020-12-12T14:23:07 0 0 경기79바1711 4 69 232000098 277102738 52 
2020-12-12T14:24:07 0 0 경기79바1711 4 69 232000098 277102738 52 
2020-12-12T14:25:07 0 0 경기79바1711 4 69 232000098 277102738 52 
2020-12-12T14:26:06 0 0 경기79바1711 4 69 232000098 277102738 52 
2020-12-12T14:27:06 0 0 경기79바1711 4 69 232000098 277102738 52 
2020-12-12T14:28:06 0 0 경기79바1711 4 69 232000098 277102736 53 
2020-12-12T14:29:06 0 0 경기79바1711 4 69 232000098 277102736 53 
2020-12-12T14:30:05 0 0 경기79바1711 4 69 232000098 277102736 53 
2020-12-12T14:31:04 0 0 경기79바1711 4 69 232000098 232000829 54 
2020-12-12T14:32:03 0 0 경기79바1711 4 69 232000098 232000731 55 
2020-12-12T14:33:03 0 0 경기79바1711 4 69 232000098 232000731 55 
2020-12-12T14:34:03 0 0 경기79바1711 4 73 232000098 232000726 56 
2020-12-12T14:35:02 0 0 경기79바1711 4 72 232000098 232000759 57 
2020-12-12T14:36:02 0 0 경기79바1711 4 72 232000098 232000759 57 
2020-12-12T14:37:02 0 0 경기79바1711 4 72 232000098 232000759 57 
2020-12-12T14:38:02 0 0 경기79바1711 4 72 232000098 232000754 59 
2020-12-12T14:39:01 0 0 경기79바1711 4 72 232000098 232000754 59 
2020-12-12T14:40:00 0 0 경기79바1711 4 73 232000098 232000683 60 
2020-12-12T14:41:00 0 0 경기79바1711 4 72 232000098 232000838 61 
2020-12-12T14:42:00 0 0 경기79바1711 4 72 232000098 232000838 61 
2020-12-12T14:43:00 0 0 경기79바1711 4 72 232000098 232000838 61 
2020-12-12T14:43:59 0 0 경기79바1711 4 72 232000098 232000838 61 
2020-12-12T14:45:00 0 0 경기79바1711 4 73 232000098 232000681 62 
2020-12-12T14:46:00 0 0 경기79바1711 4 73 232000098 232000553 64 
2020-12-12T14:46:59 0 0 경기79바1711 4 73 232000098 232000541 65 
2020-12-12T14:47:59 0 0 경기79바1711 4 73 232000098 232000708 66 
2020-12-12T14:48:58 0 0 경기79바1711 4 73 232000098 232000723 67 
2020-12-12T14:49:58 0 0 경기79바1711 4 73 232000098 232000723 67 
2020-12-12T14:50:58 0 0 경기79바1711 4 73 232000098 232000781 68 
2020-12-12T14:51:58 0 0 경기79바1711 4 74 232000098 232000742 69 
2020-12-12T14:52:57 0 0 경기79바1711 4 74 232000098 232000767 70 
2020-12-12T14:53:57 0 0 경기79바1711 4 74 232000098 232000767 70 
2020-12-12T14:54:57 0 0 경기79바1711 4 74 232000098 232000767 70 
2020-12-12T14:55:56 0 0 경기79바1711 4 74 232000098 232000767 70 
2020-12-12T14:56:56 0 0 경기79바1711 4 74 232000098 232000767 70 
2020-12-12T14:57:56 0 0 경기79바1711 4 74 232000098 232000767 70 
2020-12-12T14:58:55 0 0 경기79바1711 4 74 232000098 232000767 70 
2020-12-12T14:59:54 0 0 경기79바1711 4 74 232000098 232000767 70 
2020-12-12T15:00:55 0 0 경기79바1711 4 74 232000098 232000767 70 
2020-12-12T15:01:55 0 0 경기79바1711 4 74 232000098 232000767 70 
2020-12-12T15:02:55 0 0 경기79바1711 4 74 232000098 232000767 70 
2020-12-12T15:03:54 0 0 경기79바1711 4 74 232000098 232000767 70 
2020-12-12T15:04:54 0 0 경기79바1711 4 74 232000098 232000767 70 
2020-12-12T15:05:54 0 0 경기79바1711 4 74 232000098 232000767 70 
2020-12-12T15:06:53 0 0 경기79바1711 4 74 232000098 232000767 70 
2020-12-12T15:30:46 0 0 경기79바1698 4 74 232000098 277102182 2 
2020-12-12T15:31:45 0 0 경기79바1698 4 74 232000098 277102732 3 
2020-12-12T15:32:45 0 0 경기79바1698 4 74 232000098 277102732 3 
2020-12-12T15:33:45 0 0 경기79바1698 4 74 232000098 232000718 4 
2020-12-12T15:34:44 0 0 경기79바1698 4 74 232000098 232000741 5 
2020-12-12T15:35:44 0 0 경기79바1698 4 74 232000098 232000777 6 
2020-12-12T15:36:44 0 0 경기79바1698 4 74 232000098 232000777 6 
2020-12-12T15:37:42 0 0 경기79바1698 4 74 232000098 232000777 6 
2020-12-12T15:38:42 0 0 경기79바1698 4 74 232000098 232000722 7 
2020-12-12T15:39:42 0 0 경기79바1698 4 74 232000098 232000722 7 
2020-12-12T15:40:42 0 0 경기79바1698 4 74 232000098 232000722 7 
2020-12-12T15:41:41 0 0 경기79바1698 4 74 232000098 232000540 9 
2020-12-12T15:42:40 0 0 경기79바1698 4 74 232000098 232000554 10 
2020-12-12T15:43:40 0 0 경기79바1698 4 74 232000098 232000577 11 
2020-12-12T15:44:39 0 0 경기79바1698 4 74 232000098 232000577 11 
2020-12-12T15:45:39 0 0 경기79바1698 4 74 232000098 232000577 11 
2020-12-12T15:46:39 0 0 경기79바1698 4 74 232000098 232000682 12 
2020-12-12T15:47:38 0 0 경기79바1698 4 74 232000098 232000682 12 
2020-12-12T15:48:39 0 0 경기79바1698 4 74 232000098 232000682 12 
2020-12-12T15:49:37 0 0 경기79바1698 4 74 232000098 232000837 13 
2020-12-12T15:50:37 0 0 경기79바1698 4 74 232000098 232000837 13 
2020-12-12T15:51:37 0 0 경기79바1698 4 74 232000098 232000684 14 
2020-12-12T15:52:37 0 0 경기79바1698 4 74 232000098 232000684 14 
2020-12-12T15:53:36 0 0 경기79바1698 4 74 232000098 232000684 14 
2020-12-12T15:54:36 0 0 경기79바1698 4 74 232000098 232000684 14 
2020-12-12T15:55:35 0 0 경기79바1698 4 74 232000098 232000684 14 
2020-12-12T15:56:36 0 0 경기79바1698 4 74 232000098 232000684 14 
2020-12-12T15:57:35 0 0 경기79바1698 4 73 232000098 232000756 16 
2020-12-12T15:58:35 0 0 경기79바1698 4 73 232000098 232000758 17 
2020-12-12T15:59:34 0 0 경기79바1698 4 72 232000098 232000758 17 
2020-12-12T16:00:34 0 0 경기79바1698 4 72 232000098 232000758 17 
2020-12-12T16:01:34 0 0 경기79바1698 4 72 232000098 232000727 18 
2020-12-12T16:02:34 0 0 경기79바1698 4 72 232000098 232000734 19 
2020-12-12T16:03:33 0 0 경기79바1698 4 72 232000098 277102331 21 
2020-12-12T16:04:33 0 0 경기79바1698 4 72 232000098 277102331 21 
2020-12-12T16:05:32 0 0 경기79바1698 4 72 232000098 277102331 21 
2020-12-12T16:06:32 0 0 경기79바1698 4 72 232000098 277102735 22 
2020-12-12T16:07:32 0 0 경기79바1698 4 72 232000098 277102735 22 
2020-12-12T16:08:32 0 0 경기79바1698 4 72 232000098 277102735 22 
2020-12-12T16:09:31 0 0 경기79바1698 4 72 232000098 277102735 22 
2020-12-12T16:10:31 0 0 경기79바1698 4 72 232000098 277102735 22 
2020-12-12T16:11:31 0 0 경기79바1698 4 72 232000098 277102737 23 
2020-12-12T16:12:30 0 0 경기79바1698 4 72 232000098 277102737 23 
2020-12-12T16:13:30 0 0 경기79바1698 4 72 232000098 277102737 23 
2020-12-12T16:14:29 0 0 경기79바1698 4 72 232000098 277101769 24 
2020-12-12T16:15:29 0 0 경기79바1698 4 72 232000098 277101769 24 
2020-12-12T16:16:29 0 0 경기79바1698 4 72 232000098 277101769 24 
2020-12-12T16:17:29 0 0 경기79바1698 4 72 232000098 277101769 24 
2020-12-12T16:18:28 0 0 경기79바1698 4 72 232000098 277101769 24 
2020-12-12T16:19:28 0 0 경기79바1698 4 72 232000098 277101769 24 
2020-12-12T16:20:28 0 0 경기79바1698 4 72 232000098 277101769 24 
2020-12-12T16:21:27 0 0 경기79바1698 4 72 232000098 277103403 25 
2020-12-12T16:22:27 0 0 경기79바1698 4 72 232000098 277103403 25 
2020-12-12T16:23:27 0 0 경기79바1698 4 72 232000098 277103403 25 
2020-12-12T16:24:27 0 0 경기79바1698 4 72 232000098 277103403 25 
2020-12-12T16:25:27 0 0 경기79바1698 4 72 232000098 277103403 25 
2020-12-12T16:26:26 0 0 경기79바1698 4 72 232000098 277103403 25 
2020-12-12T16:27:25 0 0 경기79바1698 4 72 232000098 277103403 25 
2020-12-12T16:28:25 0 0 경기79바1698 4 72 232000098 277103403 25 
2020-12-12T16:29:25 0 0 경기79바1698 4 72 232000098 277103403 25 
2020-12-12T16:30:24 0 0 경기79바1698 4 72 232000098 277103515 26 
2020-12-12T16:31:24 0 0 경기79바1698 4 72 232000098 277103515 26 
2020-12-12T16:32:24 0 0 경기79바1698 4 72 232000098 118000091 27 
2020-12-12T16:33:24 0 0 경기79바1698 4 72 232000098 118000091 27 
2020-12-12T16:34:23 0 0 경기79바1698 4 72 232000098 118000091 27 
2020-12-12T16:35:23 0 0 경기79바1698 4 72 232000098 118000091 27 
2020-12-12T16:36:23 0 0 경기79바1698 4 72 232000098 118000091 27 
2020-12-12T16:37:23 0 0 경기79바1698 4 72 232000098 118000091 27 
2020-12-12T16:38:22 0 0 경기79바1698 4 72 232000098 277104386 28 
2020-12-12T16:39:21 0 0 경기79바1698 4 72 232000098 277104386 28 
2020-12-12T16:40:21 0 0 경기79바1698 4 72 232000098 277104387 29 
2020-12-12T16:41:21 0 0 경기79바1698 4 72 232000098 277104387 29 
2020-12-12T16:42:20 0 0 경기79바1698 4 72 232000098 118000007 30 
2020-12-12T16:43:20 0 0 경기79바1698 4 72 232000098 118000007 30 
2020-12-12T16:44:20 0 0 경기79바1698 4 72 232000098 118000007 30 
2020-12-12T16:45:19 0 0 경기79바1698 4 72 232000098 118000007 30 
2020-12-12T16:45:19 0 0 경기79바1711 4 74 232000098 232000718 4 
2020-12-12T16:46:19 0 0 경기79바1711 4 74 232000098 232000741 5 
2020-12-12T16:46:19 0 0 경기79바1698 4 72 232000098 118000007 30 
2020-12-12T16:47:18 0 0 경기79바1711 4 74 232000098 232000777 6 
2020-12-12T16:47:18 0 0 경기79바1698 4 72 232000098 277104322 31 
2020-12-12T16:48:18 0 0 경기79바1711 4 74 232000098 232000777 6 
2020-12-12T16:48:18 0 0 경기79바1698 4 72 232000098 277104322 31 
2020-12-12T16:49:18 0 0 경기79바1711 4 74 232000098 232000777 6 
2020-12-12T16:49:18 0 0 경기79바1698 4 73 232000098 113000001 32 
2020-12-12T16:50:17 0 0 경기79바1711 4 74 232000098 232000777 6 
2020-12-12T16:50:17 0 0 경기79바1698 4 73 232000098 113000001 32 
2020-12-12T16:51:16 0 0 경기79바1698 4 73 232000098 113000003 33 
2020-12-12T16:51:16 0 0 경기79바1711 4 74 232000098 232000722 7 
2020-12-12T16:52:16 0 0 경기79바1698 4 73 232000098 113000003 33 
2020-12-12T16:52:16 0 0 경기79바1711 4 74 232000098 232000722 7 
2020-12-12T16:53:16 0 0 경기79바1698 4 73 232000098 113000003 33 
2020-12-12T16:53:16 0 0 경기79바1711 4 74 232000098 232000709 8 
2020-12-12T16:54:16 0 0 경기79바1698 4 73 232000098 113000003 33 
2020-12-12T16:54:16 0 0 경기79바1711 4 74 232000098 232000540 9 
2020-12-12T16:55:16 0 0 경기79바1698 4 73 232000098 113000003 33 
2020-12-12T16:55:16 0 0 경기79바1711 4 74 232000098 232000540 9 
2020-12-12T16:56:15 0 0 경기79바1698 4 73 232000098 113000003 33 
2020-12-12T16:56:15 0 0 경기79바1711 4 74 232000098 232000577 11 
2020-12-12T16:57:15 0 0 경기79바1698 4 73 232000098 113000003 33 
2020-12-12T16:57:15 0 0 경기79바1711 4 74 232000098 232000577 11 
2020-12-12T16:58:15 0 0 경기79바1711 4 74 232000098 232000682 12 
2020-12-12T16:58:15 0 0 경기79바1698 4 73 232000098 101000304 35 
2020-12-12T16:59:14 0 0 경기79바1711 4 74 232000098 232000682 12 
2020-12-12T16:59:14 0 0 경기79바1698 4 73 232000098 101000304 35 
2020-12-12T17:00:13 0 0 경기79바1711 4 74 232000098 232000682 12 
2020-12-12T17:00:13 0 0 경기79바1698 4 73 232000098 100000380 36 
2020-12-12T17:01:12 0 0 경기79바1711 4 74 232000098 232000682 12 
2020-12-12T17:01:12 0 0 경기79바1698 4 73 232000098 100000380 36 
2020-12-12T17:02:12 0 0 경기79바1711 4 74 232000098 232000682 12 
2020-12-12T17:02:12 0 0 경기79바1698 4 74 232000098 100000380 36 
2020-12-12T17:03:12 0 0 경기79바1711 4 74 232000098 232000837 13 
2020-12-12T17:03:12 0 0 경기79바1698 4 71 232000098 100000025 37 
2020-12-12T17:04:11 0 0 경기79바1698 4 71 232000098 100000025 37 
2020-12-12T17:04:11 0 0 경기79바1711 4 74 232000098 232000837 13 
2020-12-12T17:05:10 0 0 경기79바1698 4 71 232000098 100000025 37 
2020-12-12T17:05:10 0 0 경기79바1711 4 74 232000098 232000684 14 
2020-12-12T17:06:10 0 0 경기79바1698 4 71 232000098 100000025 37 
2020-12-12T17:06:10 0 0 경기79바1711 4 74 232000098 232000684 14 
2020-12-12T17:07:10 0 0 경기79바1711 4 74 232000098 232000684 14 
2020-12-12T17:07:10 0 0 경기79바1698 4 71 232000098 101000038 38 
2020-12-12T17:09:09 0 0 경기79바1698 4 71 232000098 112000170 40 
2020-12-12T17:09:09 0 0 경기79바1711 4 73 232000098 232000756 16 
2020-12-12T17:10:09 0 0 경기79바1698 4 71 232000098 112000170 40 
2020-12-12T17:10:09 0 0 경기79바1711 4 73 232000098 232000758 17 
2020-12-12T17:11:08 0 0 경기79바1698 4 71 232000098 112000170 40 
2020-12-12T17:11:08 0 0 경기79바1711 4 73 232000098 232000758 17 
2020-12-12T17:12:08 0 0 경기79바1698 4 71 232000098 277102290 41 
2020-12-12T17:12:08 0 0 경기79바1711 4 72 232000098 232000734 19 
2020-12-12T17:13:07 0 0 경기79바1711 4 72 232000098 232000828 20 
2020-12-12T17:13:07 0 0 경기79바1698 4 70 232000098 113000004 42 
2020-12-12T17:14:07 0 0 경기79바1711 4 72 232000098 277102331 21 
2020-12-12T17:14:07 0 0 경기79바1698 4 70 232000098 113000002 43 
2020-12-12T17:15:07 0 0 경기79바1711 4 72 232000098 277102331 21 
2020-12-12T17:15:07 0 0 경기79바1698 4 70 232000098 113000002 43 
2020-12-12T17:16:07 0 0 경기79바1698 4 70 232000098 277104321 44 
2020-12-12T17:16:07 0 0 경기79바1711 4 72 232000098 277102735 22 
2020-12-12T17:17:07 0 0 경기79바1698 4 70 232000098 277104321 44 
2020-12-12T17:17:07 0 0 경기79바1711 4 72 232000098 277102735 22 
2020-12-12T17:18:07 0 0 경기79바1711 4 72 232000098 277102735 22 
2020-12-12T17:18:07 0 0 경기79바1698 4 70 232000098 118000008 45 
2020-12-12T17:19:06 0 0 경기79바1711 4 72 232000098 277102735 22 
2020-12-12T17:19:06 0 0 경기79바1698 4 70 232000098 118000008 45 
2020-12-12T17:20:06 0 0 경기79바1711 4 72 232000098 277102735 22 
2020-12-12T17:20:06 0 0 경기79바1698 4 70 232000098 118000008 45 
2020-12-12T17:21:06 0 0 경기79바1698 4 70 232000098 118000008 45 
2020-12-12T17:21:06 0 0 경기79바1711 4 72 232000098 277102737 23 
2020-12-12T17:22:05 0 0 경기79바1698 4 70 232000098 118000008 45 
2020-12-12T17:22:05 0 0 경기79바1711 4 72 232000098 277102737 23 
2020-12-12T17:23:05 0 0 경기79바1698 4 70 232000098 118000008 45 
2020-12-12T17:23:05 0 0 경기79바1711 4 72 232000098 277102737 23 
2020-12-12T17:24:04 0 0 경기79바1698 4 70 232000098 118000008 45 
2020-12-12T17:24:04 0 0 경기79바1711 4 72 232000098 277102737 23 
2020-12-12T17:25:03 0 0 경기79바1698 4 70 232000098 118000008 45 
2020-12-12T17:25:03 0 0 경기79바1711 4 72 232000098 277102737 23 
2020-12-12T17:26:03 0 0 경기79바1711 4 72 232000098 277101769 24 
2020-12-12T17:26:03 0 0 경기79바1698 4 70 232000098 118000008 45 
2020-12-12T17:27:02 0 0 경기79바1711 4 72 232000098 277101769 24 
2020-12-12T17:27:02 0 0 경기79바1698 4 70 232000098 277102829 46 
2020-12-12T17:28:02 0 0 경기79바1711 4 72 232000098 277101769 24 
2020-12-12T17:28:02 0 0 경기79바1698 4 70 232000098 277102829 46 
2020-12-12T17:29:01 0 0 경기79바1711 4 72 232000098 277101769 24 
2020-12-12T17:29:01 0 0 경기79바1698 4 70 232000098 277102829 46 
2020-12-12T17:30:01 0 0 경기79바1711 4 72 232000098 277101769 24 
2020-12-12T17:30:01 0 0 경기79바1698 4 70 232000098 277102830 47 
2020-12-12T17:31:00 0 0 경기79바1711 4 72 232000098 277101769 24 
2020-12-12T17:31:00 0 0 경기79바1698 4 70 232000098 277102830 47 
2020-12-12T17:32:00 0 0 경기79바1711 4 72 232000098 277101769 24 
2020-12-12T17:32:00 0 0 경기79바1698 4 70 232000098 277102830 47 
2020-12-12T17:33:00 0 0 경기79바1711 4 72 232000098 277101769 24 
2020-12-12T17:33:00 0 0 경기79바1698 4 70 232000098 277102830 47 
2020-12-12T17:34:00 0 0 경기79바1711 4 72 232000098 277101769 24 
2020-12-12T17:34:00 0 0 경기79바1698 4 70 232000098 277102830 47 
2020-12-12T17:34:59 0 0 경기79바1711 4 72 232000098 277101769 24 
2020-12-12T17:34:59 0 0 경기79바1698 4 70 232000098 118000501 48 
2020-12-12T17:35:59 0 0 경기79바1698 4 66 232000098 118000501 48 
2020-12-12T17:35:59 0 0 경기79바1711 4 72 232000098 277103403 25 
2020-12-12T17:36:58 0 0 경기79바1711 4 72 232000098 277103403 25 
2020-12-12T17:36:58 0 0 경기79바1698 4 66 232000098 118000501 48 
2020-12-12T17:37:58 0 0 경기79바1711 4 72 232000098 277103403 25 
2020-12-12T17:37:58 0 0 경기79바1698 4 66 232000098 118000501 48 
2020-12-12T17:38:58 0 0 경기79바1711 4 72 232000098 277103403 25 
2020-12-12T17:38:58 0 0 경기79바1698 4 66 232000098 118000501 48 
2020-12-12T17:39:58 0 0 경기79바1698 4 66 232000098 118000501 48 
2020-12-12T17:39:58 0 0 경기79바1711 4 72 232000098 277103403 25 
2020-12-12T17:40:58 0 0 경기79바1711 4 72 232000098 277103403 25 
2020-12-12T17:40:58 0 0 경기79바1698 4 66 232000098 118000501 48 
2020-12-12T17:41:58 0 0 경기79바1711 4 72 232000098 277103403 25 
2020-12-12T17:41:58 0 0 경기79바1698 4 66 232000098 277103529 49 
2020-12-12T17:42:58 0 0 경기79바1698 4 66 232000098 277103529 49 
2020-12-12T17:42:58 0 0 경기79바1711 4 72 232000098 277103403 25 
2020-12-12T17:43:57 0 0 경기79바1698 4 66 232000098 277103529 49 
2020-12-12T17:43:57 0 0 경기79바1711 4 72 232000098 277103403 25 
2020-12-12T17:44:56 0 0 경기79바1698 4 66 232000098 277103529 49 
2020-12-12T17:44:56 0 0 경기79바1711 4 72 232000098 277103515 26 
2020-12-12T17:45:56 0 0 경기79바1711 4 72 232000098 277103515 26 
2020-12-12T17:45:56 0 0 경기79바1698 4 66 232000098 277103529 49 
2020-12-12T17:46:56 0 0 경기79바1711 4 72 232000098 277103515 26 
2020-12-12T17:46:56 0 0 경기79바1698 4 66 232000098 277103529 49 
2020-12-12T17:47:56 0 0 경기79바1698 4 66 232000098 277103402 50 
2020-12-12T17:47:56 0 0 경기79바1711 4 72 232000098 118000091 27 
2020-12-12T17:48:55 0 0 경기79바1698 4 66 232000098 277103402 50 
2020-12-12T17:48:55 0 0 경기79바1711 4 72 232000098 118000091 27 
2020-12-12T17:49:55 0 0 경기79바1698 4 66 232000098 277103402 50 
2020-12-12T17:49:55 0 0 경기79바1711 4 72 232000098 118000091 27 
2020-12-12T17:50:55 0 0 경기79바1711 4 72 232000098 118000091 27 
2020-12-12T17:50:55 0 0 경기79바1698 4 66 232000098 277103401 51 
2020-12-12T17:51:55 0 0 경기79바1711 4 72 232000098 118000091 27 
2020-12-12T17:51:55 0 0 경기79바1698 4 66 232000098 277103401 51 
2020-12-12T17:52:55 0 0 경기79바1711 4 72 232000098 118000091 27 
2020-12-12T17:52:55 0 0 경기79바1698 4 66 232000098 277103401 51 
2020-12-12T17:53:54 0 0 경기79바1698 4 66 232000098 277103401 51 
2020-12-12T17:53:54 0 0 경기79바1711 4 72 232000098 277104386 28 
2020-12-12T17:54:54 0 0 경기79바1698 4 66 232000098 277103401 51 
2020-12-12T17:54:54 0 0 경기79바1711 4 72 232000098 277104386 28 
2020-12-12T17:55:53 0 0 경기79바1698 4 66 232000098 277102738 52 
2020-12-12T17:55:53 0 0 경기79바1711 4 72 232000098 277104387 29 
2020-12-12T17:56:53 0 0 경기79바1698 4 66 232000098 277102738 52 
2020-12-12T17:56:53 0 0 경기79바1711 4 72 232000098 277104387 29 
2020-12-12T17:57:53 0 0 경기79바1698 4 66 232000098 277102738 52 
2020-12-12T17:57:53 0 0 경기79바1711 4 72 232000098 277104387 29 
2020-12-12T17:58:53 0 0 경기79바1711 4 72 232000098 277104387 29 
2020-12-12T17:58:53 0 0 경기79바1698 4 66 232000098 277102738 52 
2020-12-12T17:59:53 0 0 경기79바1711 4 72 232000098 118000007 30 
2020-12-12T17:59:53 0 0 경기79바1698 4 66 232000098 277102736 53 
2020-12-12T18:00:53 0 0 경기79바1698 4 66 232000098 277102736 53 
2020-12-12T18:00:53 0 0 경기79바1711 4 73 232000098 118000007 30 
2020-12-12T18:01:52 0 0 경기79바1711 4 73 232000098 118000007 30 
2020-12-12T18:01:52 0 0 경기79바1698 4 66 232000098 277102736 53 
2020-12-12T18:02:52 0 0 경기79바1711 4 73 232000098 118000007 30 
2020-12-12T18:02:52 0 0 경기79바1698 4 66 232000098 277102736 53 
2020-12-12T18:03:51 0 0 경기79바1711 4 73 232000098 277104322 31 
2020-12-12T18:03:51 0 0 경기79바1698 4 66 232000098 232000829 54 
2020-12-12T18:04:51 0 0 경기79바1698 4 66 232000098 232000731 55 
2020-12-12T18:04:51 0 0 경기79바1711 4 73 232000098 113000001 32 
2020-12-12T18:05:50 0 0 경기79바1698 4 66 232000098 232000731 55 
2020-12-12T18:05:50 0 0 경기79바1711 4 73 232000098 113000003 33 
2020-12-12T18:06:49 0 0 경기79바1698 4 66 232000098 232000731 55 
2020-12-12T18:06:49 0 0 경기79바1711 4 73 232000098 113000003 33 
2020-12-12T18:07:48 0 0 경기79바1711 4 73 232000098 113000003 33 
2020-12-12T18:07:48 0 0 경기79바1698 4 67 232000098 232000759 57 
2020-12-12T18:08:48 0 0 경기79바1711 4 73 232000098 113000003 33 
2020-12-12T18:08:48 0 0 경기79바1698 4 67 232000098 232000759 57 
2020-12-12T18:09:47 0 0 경기79바1711 4 73 232000098 113000003 33 
2020-12-12T18:09:47 0 0 경기79바1698 4 68 232000098 232000759 57 
2020-12-12T18:10:48 0 0 경기79바1711 4 73 232000098 113000003 33 
2020-12-12T18:10:48 0 0 경기79바1698 4 69 232000098 232000753 58 
2020-12-12T18:11:47 0 0 경기79바1711 4 73 232000098 112000430 34 
2020-12-12T18:11:47 0 0 경기79바1698 4 72 232000098 232000754 59 
2020-12-12T18:12:46 0 0 경기79바1711 4 73 232000098 101000304 35 
2020-12-12T18:12:46 0 0 경기79바1698 4 73 232000098 232000683 60 
2020-12-12T18:13:46 0 0 경기79바1711 4 73 232000098 101000304 35 
2020-12-12T18:13:46 0 0 경기79바1698 4 73 232000098 232000683 60 
2020-12-12T18:14:46 0 0 경기79바1698 4 73 232000098 232000838 61 
2020-12-12T18:14:46 0 0 경기79바1711 4 73 232000098 100000380 36 
2020-12-12T18:15:46 0 0 경기79바1698 4 73 232000098 232000838 61 
2020-12-12T18:15:46 0 0 경기79바1711 4 73 232000098 100000025 37 
2020-12-12T18:16:46 0 0 경기79바1698 4 73 232000098 232000838 61 
2020-12-12T18:16:46 0 0 경기79바1711 4 73 232000098 100000025 37 
2020-12-12T18:17:45 0 0 경기79바1711 4 73 232000098 100000025 37 
2020-12-12T18:17:45 0 0 경기79바1698 4 73 232000098 232000681 62 
2020-12-12T18:18:45 0 0 경기79바1698 4 73 232000098 232000681 62 
2020-12-12T18:18:45 0 0 경기79바1711 4 73 232000098 101000038 38 
2020-12-12T18:19:45 0 0 경기79바1698 4 73 232000098 232000681 62 
2020-12-12T18:19:45 0 0 경기79바1711 4 73 232000098 101000038 38 
2020-12-12T18:20:45 0 0 경기79바1698 4 73 232000098 232000681 62 
2020-12-12T18:20:45 0 0 경기79바1711 4 73 232000098 101000038 38 
2020-12-12T18:21:45 0 0 경기79바1711 4 73 232000098 112000170 40 
2020-12-12T18:21:45 0 0 경기79바1698 4 73 232000098 232000594 63 
2020-12-12T18:22:45 0 0 경기79바1711 4 73 232000098 112000170 40 
2020-12-12T18:22:45 0 0 경기79바1698 4 73 232000098 232000553 64 
2020-12-12T18:23:44 0 0 경기79바1698 4 73 232000098 232000708 66 
2020-12-12T18:23:44 0 0 경기79바1711 4 73 232000098 112000170 40 
2020-12-12T18:24:44 0 0 경기79바1698 4 73 232000098 232000723 67 
2020-12-12T18:24:44 0 0 경기79바1711 4 73 232000098 277102290 41 
2020-12-12T18:25:43 0 0 경기79바1698 4 73 232000098 232000723 67 
2020-12-12T18:25:43 0 0 경기79바1711 4 73 232000098 277102290 41 
2020-12-12T18:26:43 0 0 경기79바1711 4 73 232000098 277102290 41 
2020-12-12T18:26:43 0 0 경기79바1698 4 73 232000098 232000781 68 
2020-12-12T18:27:42 0 0 경기79바1698 4 73 232000098 232000742 69 
2020-12-12T18:27:42 0 0 경기79바1711 4 73 232000098 113000004 42 
2020-12-12T18:28:42 0 0 경기79바1711 4 73 232000098 113000002 43 
2020-12-12T18:28:42 0 0 경기79바1698 4 74 232000098 232000767 70 
2020-12-12T18:29:42 0 0 경기79바1698 4 74 232000098 232000767 70 
2020-12-12T18:29:42 0 0 경기79바1711 4 72 232000098 113000002 43 
2020-12-12T18:30:41 0 0 경기79바1698 4 74 232000098 232000767 70 
2020-12-12T18:30:41 0 0 경기79바1711 4 72 232000098 277104321 44 
2020-12-12T18:31:41 0 0 경기79바1698 4 74 232000098 232000767 70 
2020-12-12T18:31:41 0 0 경기79바1711 4 72 232000098 277104321 44 
2020-12-12T18:32:41 0 0 경기79바1698 4 74 232000098 232000767 70 
2020-12-12T18:32:41 0 0 경기79바1711 4 72 232000098 118000008 45 
2020-12-12T18:33:41 0 0 경기79바1698 4 74 232000098 232000767 70 
2020-12-12T18:33:41 0 0 경기79바1711 4 72 232000098 118000008 45 
2020-12-12T18:34:40 0 0 경기79바1711 4 72 232000098 118000008 45 
2020-12-12T18:34:40 0 0 경기79바1698 4 74 232000098 232000767 70 
2020-12-12T18:35:40 0 0 경기79바1711 4 72 232000098 118000008 45 
2020-12-12T18:35:40 0 0 경기79바1698 4 74 232000098 232000729 71 
2020-12-12T18:36:40 0 0 경기79바1698 4 74 232000098 232000729 71 
2020-12-12T18:36:40 0 0 경기79바1711 4 72 232000098 118000008 45 
2020-12-12T18:37:40 0 0 경기79바1698 4 74 232000098 232000729 71 
2020-12-12T18:37:40 0 0 경기79바1711 4 72 232000098 277102829 46 
2020-12-12T18:38:40 0 0 경기79바1698 4 74 232000098 232000729 71 
2020-12-12T18:38:40 0 0 경기79바1711 4 72 232000098 277102830 47 
2020-12-12T18:39:39 0 0 경기79바1698 4 74 232000098 232000729 71 
2020-12-12T18:39:39 0 0 경기79바1711 4 72 232000098 277102830 47 
2020-12-12T18:40:39 0 0 경기79바1698 4 74 232000098 232000729 71 
2020-12-12T18:40:39 0 0 경기79바1711 4 72 232000098 277102830 47 
2020-12-12T18:41:39 0 0 경기79바1698 4 74 232000098 232000729 71 
2020-12-12T18:41:39 0 0 경기79바1711 4 72 232000098 277102830 47 
2020-12-12T18:42:39 0 0 경기79바1698 4 74 232000098 232000729 71 
2020-12-12T18:42:39 0 0 경기79바1711 4 70 232000098 118000501 48 
2020-12-12T18:43:38 0 0 경기79바1698 4 74 232000098 232000729 71 
2020-12-12T18:43:38 0 0 경기79바1711 4 70 232000098 118000501 48 
2020-12-12T18:44:37 0 0 경기79바1698 4 74 232000098 232000729 71 
2020-12-12T18:44:37 0 0 경기79바1711 4 70 232000098 118000501 48 
2020-12-12T18:45:37 0 0 경기79바1698 4 74 232000098 232000729 71 
2020-12-12T18:45:37 0 0 경기79바1711 4 70 232000098 118000501 48 
2020-12-12T18:46:37 0 0 경기79바1698 4 74 232000098 232000729 71 
2020-12-12T18:46:37 0 0 경기79바1711 4 70 232000098 277103529 49 
2020-12-12T18:47:37 0 0 경기79바1698 4 74 232000098 232000729 71 
2020-12-12T18:47:37 0 0 경기79바1711 4 70 232000098 277103529 49 
2020-12-12T18:48:36 0 0 경기79바1698 4 74 232000098 232000729 71 
2020-12-12T18:48:36 0 0 경기79바1711 4 70 232000098 277103529 49 
2020-12-12T18:49:36 0 0 경기79바1698 4 74 232000098 232000729 71 
2020-12-12T18:49:36 0 0 경기79바1711 4 70 232000098 277103529 49 
2020-12-12T18:50:36 0 0 경기79바1711 4 70 232000098 277103402 50 
2020-12-12T18:51:36 0 0 경기79바1711 4 70 232000098 277103402 50 
2020-12-12T18:52:36 0 0 경기79바1711 4 70 232000098 277103402 50 
2020-12-12T18:53:35 0 0 경기79바1711 4 70 232000098 277103401 51 
2020-12-12T18:54:35 0 0 경기79바1711 4 70 232000098 277103401 51 
2020-12-12T18:55:35 0 0 경기79바1711 4 70 232000098 277103401 51 
2020-12-12T18:56:35 0 0 경기79바1711 4 70 232000098 277102738 52 
2020-12-12T18:57:35 0 0 경기79바1711 4 70 232000098 277102738 52 
2020-12-12T18:58:35 0 0 경기79바1711 4 70 232000098 277102738 52 
2020-12-12T18:59:34 0 0 경기79바1711 4 70 232000098 277102738 52 
2020-12-12T19:00:34 0 0 경기79바1711 4 70 232000098 277102738 52 
2020-12-12T19:01:34 0 0 경기79바1711 4 70 232000098 277102736 53 
2020-12-12T19:02:33 0 0 경기79바1711 4 70 232000098 277102736 53 
2020-12-12T19:03:33 0 0 경기79바1711 4 70 232000098 277102736 53 
2020-12-12T19:04:33 0 0 경기79바1711 4 71 232000098 232000731 55 
2020-12-12T19:05:32 0 0 경기79바1711 4 71 232000098 232000731 55 
2020-12-12T19:06:32 0 0 경기79바1711 4 71 232000098 232000731 55 
2020-12-12T19:07:32 0 0 경기79바1711 4 71 232000098 232000731 55 
2020-12-12T19:08:31 0 0 경기79바1711 4 71 232000098 232000759 57 
2020-12-12T19:09:31 0 0 경기79바1711 4 70 232000098 232000759 57 
2020-12-12T19:10:31 0 0 경기79바1711 4 70 232000098 232000759 57 
2020-12-12T19:11:30 0 0 경기79바1711 4 70 232000098 232000759 57 
2020-12-12T19:12:29 0 0 경기79바1711 4 70 232000098 232000753 58 
2020-12-12T19:13:28 0 0 경기79바1711 4 71 232000098 232000754 59 
2020-12-12T19:14:28 0 0 경기79바1711 4 71 232000098 232000754 59 
2020-12-12T19:15:28 0 0 경기79바1711 4 71 232000098 232000683 60 
2020-12-12T19:16:28 0 0 경기79바1711 4 72 232000098 232000838 61 
2020-12-12T19:17:27 0 0 경기79바1711 4 72 232000098 232000838 61 
2020-12-12T19:18:28 0 0 경기79바1711 4 72 232000098 232000838 61 
2020-12-12T19:19:26 0 0 경기79바1711 4 72 232000098 232000681 62 
2020-12-12T19:20:26 0 0 경기79바1711 4 72 232000098 232000681 62 
2020-12-12T19:21:25 0 0 경기79바1711 4 72 232000098 232000681 62 
2020-12-12T19:22:25 0 0 경기79바1711 4 72 232000098 232000681 62 
2020-12-12T19:23:25 0 0 경기79바1711 4 72 232000098 232000594 63 
2020-12-12T19:24:25 0 0 경기79바1711 4 73 232000098 232000553 64 
2020-12-12T19:25:25 0 0 경기79바1711 4 73 232000098 232000553 64 
2020-12-12T19:26:26 0 0 경기79바1711 4 74 232000098 232000708 66 
2020-12-12T19:27:24 0 0 경기79바1711 4 74 232000098 232000708 66 
2020-12-12T19:28:24 0 0 경기79바1711 4 74 232000098 232000723 67 
2020-12-12T19:29:24 0 0 경기79바1711 4 74 232000098 232000781 68 
2020-12-12T19:30:24 0 0 경기79바1711 4 74 232000098 232000742 69 
2020-12-12T19:31:23 0 0 경기79바1711 4 74 232000098 232000742 69 
2020-12-12T19:32:23 0 0 경기79바1711 4 74 232000098 232000742 69 
2020-12-12T19:33:23 0 0 경기79바1711 4 74 232000098 232000742 69 
2020-12-12T19:34:23 0 0 경기79바1711 4 74 232000098 232000742 69 
2020-12-12T19:35:21 0 0 경기79바1711 4 74 232000098 232000742 69 
2020-12-12T19:36:21 0 0 경기79바1711 4 74 232000098 232000742 69 
2020-12-12T19:37:20 0 0 경기79바1711 4 74 232000098 232000742 69 
2020-12-12T19:38:20 0 0 경기79바1711 4 74 232000098 232000742 69 
2020-12-12T19:39:19 0 0 경기79바1711 4 74 232000098 232000742 69 
2020-12-12T19:40:19 0 0 경기79바1711 4 74 232000098 232000742 69 
2020-12-12T19:41:18 0 0 경기79바1711 4 74 232000098 232000742 69 
2020-12-12T19:42:18 0 0 경기79바1711 4 74 232000098 232000742 69 
2020-12-12T19:43:18 0 0 경기79바1711 4 74 232000098 232000742 69 
2020-12-12T19:44:17 0 0 경기79바1711 4 74 232000098 232000742 69 
2020-12-12T19:45:17 0 0 경기79바1711 4 74 232000098 232000742 69 
2020-12-12T20:13:05 0 0 경기79바1698 4 74 232000098 277102732 3 
2020-12-12T20:14:05 0 0 경기79바1698 4 74 232000098 277102732 3 
2020-12-12T20:15:04 0 0 경기79바1698 4 74 232000098 277102732 3 
2020-12-12T20:16:04 0 0 경기79바1698 4 74 232000098 232000718 4 
2020-12-12T20:17:04 0 0 경기79바1698 4 74 232000098 232000741 5 
2020-12-12T20:18:04 0 0 경기79바1698 4 74 232000098 232000777 6 
2020-12-12T20:19:04 0 0 경기79바1698 4 74 232000098 232000722 7 
2020-12-12T20:20:03 0 0 경기79바1698 4 74 232000098 232000722 7 
2020-12-12T20:21:03 0 0 경기79바1698 4 74 232000098 232000709 8 
2020-12-12T20:22:03 0 0 경기79바1698 4 74 232000098 232000554 10 
2020-12-12T20:23:02 0 0 경기79바1698 4 74 232000098 232000554 10 
2020-12-12T20:24:02 0 0 경기79바1698 4 74 232000098 232000577 11 
2020-12-12T20:25:02 0 0 경기79바1698 4 74 232000098 232000577 11 
2020-12-12T20:26:01 0 0 경기79바1698 4 74 232000098 232000577 11 
2020-12-12T20:27:01 0 0 경기79바1698 4 74 232000098 232000682 12 
2020-12-12T20:28:01 0 0 경기79바1698 4 74 232000098 232000682 12 
2020-12-12T20:29:00 0 0 경기79바1698 4 74 232000098 232000837 13 
2020-12-12T20:30:00 0 0 경기79바1698 4 74 232000098 232000684 14 
2020-12-12T20:31:00 0 0 경기79바1698 4 74 232000098 232000684 14 
2020-12-12T20:31:59 0 0 경기79바1698 4 74 232000098 232000684 14 
2020-12-12T20:32:59 0 0 경기79바1698 4 74 232000098 232000755 15 
2020-12-12T20:33:58 0 0 경기79바1698 4 74 232000098 232000756 16 
2020-12-12T20:34:58 0 0 경기79바1698 4 74 232000098 232000758 17 
2020-12-12T20:35:58 0 0 경기79바1698 4 74 232000098 232000758 17 
2020-12-12T20:36:57 0 0 경기79바1698 4 74 232000098 232000758 17 
2020-12-12T20:37:57 0 0 경기79바1698 4 74 232000098 232000758 17 
2020-12-12T20:38:57 0 0 경기79바1698 4 74 232000098 232000734 19 
2020-12-12T20:39:56 0 0 경기79바1698 4 74 232000098 232000828 20 
2020-12-12T20:40:56 0 0 경기79바1698 4 74 232000098 277102331 21 
2020-12-12T20:41:55 0 0 경기79바1698 4 74 232000098 277102331 21 
2020-12-12T20:42:55 0 0 경기79바1698 4 74 232000098 277102331 21 
2020-12-12T20:43:55 0 0 경기79바1698 4 74 232000098 277102735 22 
2020-12-12T20:44:54 0 0 경기79바1698 4 74 232000098 277102735 22 
2020-12-12T20:45:54 0 0 경기79바1698 4 74 232000098 277102735 22 
2020-12-12T20:46:54 0 0 경기79바1698 4 74 232000098 277102735 22 
2020-12-12T20:47:53 0 0 경기79바1698 4 74 232000098 277102737 23 
2020-12-12T20:48:53 0 0 경기79바1698 4 74 232000098 277102737 23 
2020-12-12T20:49:52 0 0 경기79바1698 4 74 232000098 277102737 23 
2020-12-12T20:50:52 0 0 경기79바1698 4 74 232000098 277101769 24 
2020-12-12T20:51:52 0 0 경기79바1698 4 74 232000098 277101769 24 
2020-12-12T20:52:51 0 0 경기79바1698 4 74 232000098 277101769 24 
2020-12-12T20:53:51 0 0 경기79바1698 4 74 232000098 277101769 24 
2020-12-12T20:54:50 0 0 경기79바1698 4 74 232000098 277103403 25 
2020-12-12T20:55:50 0 0 경기79바1698 4 74 232000098 277103403 25 
2020-12-12T20:56:50 0 0 경기79바1698 4 74 232000098 277103403 25 
2020-12-12T20:57:50 0 0 경기79바1698 4 74 232000098 277103403 25 
2020-12-12T20:58:49 0 0 경기79바1698 4 74 232000098 277103403 25 
2020-12-12T20:59:48 0 0 경기79바1698 4 74 232000098 277103515 26 
2020-12-12T21:00:48 0 0 경기79바1698 4 74 232000098 277103515 26 
2020-12-12T21:01:48 0 0 경기79바1698 4 74 232000098 118000091 27 
2020-12-12T21:02:47 0 0 경기79바1698 4 74 232000098 118000091 27 
2020-12-12T21:03:47 0 0 경기79바1698 4 74 232000098 118000091 27 
2020-12-12T21:04:46 0 0 경기79바1698 4 74 232000098 118000091 27 
2020-12-12T21:05:45 0 0 경기79바1698 4 74 232000098 118000091 27 
2020-12-12T21:06:46 0 0 경기79바1698 4 74 232000098 118000091 27 
2020-12-12T21:07:44 0 0 경기79바1698 4 74 232000098 277104386 28 
2020-12-12T21:08:44 0 0 경기79바1698 4 74 232000098 277104386 28 
2020-12-12T21:09:44 0 0 경기79바1698 4 74 232000098 277104387 29 
2020-12-12T21:10:43 0 0 경기79바1698 4 74 232000098 277104387 29 
2020-12-12T21:11:43 0 0 경기79바1711 4 74 232000098 277102182 2 
2020-12-12T21:11:43 0 0 경기79바1698 4 74 232000098 277104387 29 
2020-12-12T21:12:43 0 0 경기79바1698 4 74 232000098 118000007 30 
2020-12-12T21:12:43 0 0 경기79바1711 4 74 232000098 277102732 3 
2020-12-12T21:13:43 0 0 경기79바1698 4 74 232000098 118000007 30 
2020-12-12T21:13:43 0 0 경기79바1711 4 74 232000098 232000718 4 
2020-12-12T21:14:43 0 0 경기79바1698 4 74 232000098 118000007 30 
2020-12-12T21:14:43 0 0 경기79바1711 4 74 232000098 232000741 5 
2020-12-12T21:15:43 0 0 경기79바1711 4 74 232000098 232000777 6 
2020-12-12T21:15:43 0 0 경기79바1698 4 74 232000098 277104322 31 
2020-12-12T21:16:42 0 0 경기79바1711 4 74 232000098 232000777 6 
2020-12-12T21:16:42 0 0 경기79바1698 4 74 232000098 277104322 31 
2020-12-12T21:17:42 0 0 경기79바1711 4 74 232000098 232000777 6 
2020-12-12T21:17:42 0 0 경기79바1698 4 74 232000098 113000003 33 
2020-12-12T21:18:42 0 0 경기79바1711 4 74 232000098 232000777 6 
2020-12-12T21:18:42 0 0 경기79바1698 4 74 232000098 113000003 33 
2020-12-12T21:19:42 0 0 경기79바1698 4 74 232000098 113000003 33 
2020-12-12T21:19:42 0 0 경기79바1711 4 74 232000098 232000777 6 
2020-12-12T21:20:42 0 0 경기79바1698 4 74 232000098 113000003 33 
2020-12-12T21:20:42 0 0 경기79바1711 4 74 232000098 232000722 7 
2020-12-12T21:21:41 0 0 경기79바1711 4 74 232000098 232000722 7 
2020-12-12T21:21:41 0 0 경기79바1698 4 74 232000098 113000003 33 
2020-12-12T21:22:40 0 0 경기79바1711 4 74 232000098 232000722 7 
2020-12-12T21:22:40 0 0 경기79바1698 4 74 232000098 113000003 33 
2020-12-12T21:23:40 0 0 경기79바1698 4 74 232000098 101000304 35 
2020-12-12T21:23:40 0 0 경기79바1711 4 74 232000098 232000540 9 
2020-12-12T21:24:40 0 0 경기79바1698 4 74 232000098 101000304 35 
2020-12-12T21:24:40 0 0 경기79바1711 4 74 232000098 232000540 9 
2020-12-12T21:25:40 0 0 경기79바1698 4 74 232000098 101000304 35 
2020-12-12T21:25:40 0 0 경기79바1711 4 74 232000098 232000554 10 
2020-12-12T21:26:39 0 0 경기79바1711 4 74 232000098 232000577 11 
2020-12-12T21:26:39 0 0 경기79바1698 4 74 232000098 100000380 36 
2020-12-12T21:27:39 0 0 경기79바1698 4 74 232000098 100000380 36 
2020-12-12T21:27:39 0 0 경기79바1711 4 74 232000098 232000682 12 
2020-12-12T21:28:39 0 0 경기79바1698 4 74 232000098 100000380 36 
2020-12-12T21:28:39 0 0 경기79바1711 4 74 232000098 232000682 12 
2020-12-12T21:29:38 0 0 경기79바1711 4 74 232000098 232000682 12 
2020-12-12T21:29:38 0 0 경기79바1698 4 73 232000098 100000025 37 
2020-12-12T21:30:38 0 0 경기79바1698 4 73 232000098 100000025 37 
2020-12-12T21:30:38 0 0 경기79바1711 4 74 232000098 232000837 13 
2020-12-12T21:31:37 0 0 경기79바1711 4 74 232000098 232000837 13 
2020-12-12T21:31:37 0 0 경기79바1698 4 73 232000098 100000025 37 
2020-12-12T21:32:37 0 0 경기79바1711 4 74 232000098 232000837 13 
2020-12-12T21:32:37 0 0 경기79바1698 4 72 232000098 101000038 38 
2020-12-12T21:33:36 0 0 경기79바1698 4 72 232000098 101000038 38 
2020-12-12T21:33:36 0 0 경기79바1711 4 74 232000098 232000684 14 
2020-12-12T21:34:36 0 0 경기79바1698 4 72 232000098 101000038 38 
2020-12-12T21:34:36 0 0 경기79바1711 4 74 232000098 232000684 14 
2020-12-12T21:35:35 0 0 경기79바1711 4 73 232000098 232000684 14 
2020-12-12T21:35:35 0 0 경기79바1698 4 72 232000098 101000038 38 
2020-12-12T21:36:36 0 0 경기79바1711 4 73 232000098 232000684 14 
2020-12-12T21:36:36 0 0 경기79바1698 4 72 232000098 277101975 39 
2020-12-12T21:37:35 0 0 경기79바1711 4 73 232000098 232000684 14 
2020-12-12T21:37:35 0 0 경기79바1698 4 70 232000098 112000170 40 
2020-12-12T21:38:35 0 0 경기79바1711 4 73 232000098 232000755 15 
2020-12-12T21:38:35 0 0 경기79바1698 4 70 232000098 112000170 40 
2020-12-12T21:39:34 0 0 경기79바1698 4 70 232000098 112000170 40 
2020-12-12T21:39:34 0 0 경기79바1711 4 73 232000098 232000756 16 
2020-12-12T21:40:34 0 0 경기79바1711 4 72 232000098 232000758 17 
2020-12-12T21:40:34 0 0 경기79바1698 4 70 232000098 277102290 41 
2020-12-12T21:41:33 0 0 경기79바1698 4 70 232000098 277102290 41 
2020-12-12T21:41:33 0 0 경기79바1711 4 71 232000098 232000727 18 
2020-12-12T21:42:33 0 0 경기79바1698 4 70 232000098 277102290 41 
2020-12-12T21:42:33 0 0 경기79바1711 4 71 232000098 232000734 19 
2020-12-12T21:43:32 0 0 경기79바1698 4 69 232000098 113000004 42 
2020-12-12T21:43:32 0 0 경기79바1711 4 71 232000098 277102331 21 
2020-12-12T21:44:31 0 0 경기79바1711 4 71 232000098 277102331 21 
2020-12-12T21:44:31 0 0 경기79바1698 4 69 232000098 113000002 43 
2020-12-12T21:45:31 0 0 경기79바1698 4 69 232000098 113000002 43 
2020-12-12T21:45:31 0 0 경기79바1711 4 71 232000098 277102735 22 
2020-12-12T21:46:31 0 0 경기79바1711 4 71 232000098 277102735 22 
2020-12-12T21:46:31 0 0 경기79바1698 4 69 232000098 277104321 44 
2020-12-12T21:47:31 0 0 경기79바1711 4 71 232000098 277102735 22 
2020-12-12T21:47:31 0 0 경기79바1698 4 69 232000098 277104321 44 
2020-12-12T21:48:30 0 0 경기79바1711 4 71 232000098 277102735 22 
2020-12-12T21:48:30 0 0 경기79바1698 4 69 232000098 118000008 45 
2020-12-12T21:49:29 0 0 경기79바1711 4 71 232000098 277102735 22 
2020-12-12T21:49:29 0 0 경기79바1698 4 69 232000098 118000008 45 
2020-12-12T21:50:29 0 0 경기79바1698 4 69 232000098 118000008 45 
2020-12-12T21:50:29 0 0 경기79바1711 4 71 232000098 277102737 23 
2020-12-12T21:51:29 0 0 경기79바1698 4 69 232000098 118000008 45 
2020-12-12T21:51:29 0 0 경기79바1711 4 71 232000098 277102737 23 
2020-12-12T21:52:28 0 0 경기79바1711 4 71 232000098 277102737 23 
2020-12-12T21:52:28 0 0 경기79바1698 4 69 232000098 118000008 45 
2020-12-12T21:53:28 0 0 경기79바1711 4 71 232000098 277101769 24 
2020-12-12T21:53:28 0 0 경기79바1698 4 69 232000098 277102829 46 
2020-12-12T21:54:28 0 0 경기79바1711 4 71 232000098 277101769 24 
2020-12-12T21:54:28 0 0 경기79바1698 4 69 232000098 277102829 46 
2020-12-12T21:55:27 0 0 경기79바1711 4 71 232000098 277101769 24 
2020-12-12T21:55:27 0 0 경기79바1698 4 69 232000098 277102829 46 
2020-12-12T21:56:26 0 0 경기79바1698 4 69 232000098 277102830 47 
2020-12-12T21:56:26 0 0 경기79바1711 4 71 232000098 277103403 25 
2020-12-12T21:57:26 0 0 경기79바1698 4 69 232000098 277102830 47 
2020-12-12T21:57:26 0 0 경기79바1711 4 71 232000098 277103403 25 
2020-12-12T21:58:25 0 0 경기79바1698 4 69 232000098 277102830 47 
2020-12-12T21:58:25 0 0 경기79바1711 4 71 232000098 277103403 25 
2020-12-12T21:59:25 0 0 경기79바1698 4 69 232000098 118000501 48 
2020-12-12T21:59:25 0 0 경기79바1711 4 71 232000098 277103403 25 
2020-12-12T22:00:24 0 0 경기79바1698 4 68 232000098 118000501 48 
2020-12-12T22:00:24 0 0 경기79바1711 4 71 232000098 277103515 26 
2020-12-12T22:01:24 0 0 경기79바1698 4 68 232000098 118000501 48 
2020-12-12T22:01:24 0 0 경기79바1711 4 71 232000098 277103515 26 
2020-12-12T22:02:23 0 0 경기79바1698 4 68 232000098 118000501 48 
2020-12-12T22:02:23 0 0 경기79바1711 4 71 232000098 277103515 26 
2020-12-12T22:03:23 0 0 경기79바1711 4 71 232000098 118000091 27 
2020-12-12T22:03:23 0 0 경기79바1698 4 68 232000098 277103529 49 
2020-12-12T22:04:23 0 0 경기79바1711 4 71 232000098 118000091 27 
2020-12-12T22:04:23 0 0 경기79바1698 4 68 232000098 277103529 49 
2020-12-12T22:05:22 0 0 경기79바1698 4 68 232000098 277103529 49 
2020-12-12T22:05:22 0 0 경기79바1711 4 71 232000098 118000091 27 
2020-12-12T22:06:22 0 0 경기79바1711 4 71 232000098 118000091 27 
2020-12-12T22:06:22 0 0 경기79바1698 4 68 232000098 277103529 49 
2020-12-12T22:07:21 0 0 경기79바1711 4 71 232000098 118000091 27 
2020-12-12T22:07:21 0 0 경기79바1698 4 68 232000098 277103402 50 
2020-12-12T22:08:21 0 0 경기79바1698 4 68 232000098 277103402 50 
2020-12-12T22:08:21 0 0 경기79바1711 4 71 232000098 277104386 28 
2020-12-12T22:09:20 0 0 경기79바1698 4 68 232000098 277103402 50 
2020-12-12T22:09:20 0 0 경기79바1711 4 71 232000098 277104387 29 
2020-12-12T22:10:20 0 0 경기79바1711 4 71 232000098 277104387 29 
2020-12-12T22:10:20 0 0 경기79바1698 4 68 232000098 277103402 50 
2020-12-12T22:11:19 0 0 경기79바1711 4 71 232000098 277104387 29 
2020-12-12T22:11:19 0 0 경기79바1698 4 68 232000098 277103401 51 
2020-12-12T22:12:19 0 0 경기79바1711 4 71 232000098 118000007 30 
2020-12-12T22:12:19 0 0 경기79바1698 4 68 232000098 277103401 51 
2020-12-12T22:13:18 0 0 경기79바1711 4 71 232000098 118000007 30 
2020-12-12T22:13:18 0 0 경기79바1698 4 68 232000098 277103401 51 
2020-12-12T22:14:18 0 0 경기79바1698 4 68 232000098 277102738 52 
2020-12-12T22:14:18 0 0 경기79바1711 4 71 232000098 118000007 30 
2020-12-12T22:15:17 0 0 경기79바1698 4 68 232000098 277102738 52 
2020-12-12T22:15:17 0 0 경기79바1711 4 71 232000098 277104322 31 
2020-12-12T22:16:17 0 0 경기79바1698 4 68 232000098 277102738 52 
2020-12-12T22:16:17 0 0 경기79바1711 4 71 232000098 277104322 31 
2020-12-12T22:17:16 0 0 경기79바1698 4 68 232000098 277102738 52 
2020-12-12T22:17:16 0 0 경기79바1711 4 71 232000098 113000001 32 
2020-12-12T22:18:16 0 0 경기79바1711 4 71 232000098 113000001 32 
2020-12-12T22:18:16 0 0 경기79바1698 4 68 232000098 277102736 53 
2020-12-12T22:19:16 0 0 경기79바1698 4 68 232000098 277102736 53 
2020-12-12T22:19:16 0 0 경기79바1711 4 71 232000098 113000003 33 
2020-12-12T22:20:15 0 0 경기79바1698 4 68 232000098 277102736 53 
2020-12-12T22:20:15 0 0 경기79바1711 4 71 232000098 113000003 33 
2020-12-12T22:21:14 0 0 경기79바1698 4 68 232000098 232000829 54 
2020-12-12T22:21:14 0 0 경기79바1711 4 71 232000098 113000003 33 
2020-12-12T22:22:13 0 0 경기79바1698 4 68 232000098 232000829 54 
2020-12-12T22:22:13 0 0 경기79바1711 4 71 232000098 113000003 33 
2020-12-12T22:23:13 0 0 경기79바1698 4 68 232000098 232000731 55 
2020-12-12T22:23:13 0 0 경기79바1711 4 71 232000098 113000003 33 
2020-12-12T22:24:13 0 0 경기79바1698 4 68 232000098 232000731 55 
2020-12-12T22:24:13 0 0 경기79바1711 4 71 232000098 113000003 33 
2020-12-12T22:25:12 0 0 경기79바1698 4 71 232000098 232000726 56 
2020-12-12T22:25:12 0 0 경기79바1711 4 71 232000098 101000304 35 
2020-12-12T22:26:12 0 0 경기79바1698 4 71 232000098 232000759 57 
2020-12-12T22:26:12 0 0 경기79바1711 4 73 232000098 100000380 36 
2020-12-12T22:27:11 0 0 경기79바1698 4 71 232000098 232000759 57 
2020-12-12T22:27:11 0 0 경기79바1711 4 73 232000098 100000380 36 
2020-12-12T22:28:11 0 0 경기79바1698 4 71 232000098 232000759 57 
2020-12-12T22:28:11 0 0 경기79바1711 4 73 232000098 100000025 37 
2020-12-12T22:29:11 0 0 경기79바1698 4 72 232000098 232000753 58 
2020-12-12T22:29:11 0 0 경기79바1711 4 73 232000098 100000025 37 
2020-12-12T22:30:10 0 0 경기79바1711 4 72 232000098 100000025 37 
2020-12-12T22:30:10 0 0 경기79바1698 4 72 232000098 232000754 59 
2020-12-12T22:31:10 0 0 경기79바1698 4 72 232000098 232000754 59 
2020-12-12T22:31:10 0 0 경기79바1711 4 72 232000098 101000038 38 
2020-12-12T22:32:09 0 0 경기79바1698 4 72 232000098 232000754 59 
2020-12-12T22:32:09 0 0 경기79바1711 4 72 232000098 112000170 40 
2020-12-12T22:33:09 0 0 경기79바1711 4 72 232000098 112000170 40 
2020-12-12T22:33:09 0 0 경기79바1698 4 72 232000098 232000683 60 
2020-12-12T22:34:08 0 0 경기79바1711 4 72 232000098 112000170 40 
2020-12-12T22:34:08 0 0 경기79바1698 4 72 232000098 232000683 60 
2020-12-12T22:35:07 0 0 경기79바1711 4 72 232000098 112000170 40 
2020-12-12T22:35:07 0 0 경기79바1698 4 72 232000098 232000838 61 
2020-12-12T22:36:07 0 0 경기79바1698 4 73 232000098 232000681 62 
2020-12-12T22:36:07 0 0 경기79바1711 4 72 232000098 277102290 41 
2020-12-12T22:37:06 0 0 경기79바1698 4 73 232000098 232000681 62 
2020-12-12T22:37:06 0 0 경기79바1711 4 72 232000098 277102290 41 
2020-12-12T22:38:06 0 0 경기79바1711 4 72 232000098 277102290 41 
2020-12-12T22:38:06 0 0 경기79바1698 4 73 232000098 232000594 63 
2020-12-12T22:39:05 0 0 경기79바1698 4 73 232000098 232000553 64 
2020-12-12T22:39:05 0 0 경기79바1711 4 72 232000098 113000004 42 
2020-12-12T22:40:05 0 0 경기79바1711 4 72 232000098 113000002 43 
2020-12-12T22:40:05 0 0 경기79바1698 4 73 232000098 232000553 64 
2020-12-12T22:41:05 0 0 경기79바1698 4 73 232000098 232000553 64 
2020-12-12T22:41:05 0 0 경기79바1711 4 71 232000098 113000002 43 
2020-12-12T22:42:04 0 0 경기79바1711 4 71 232000098 277104321 44 
2020-12-12T22:42:04 0 0 경기79바1698 4 74 232000098 232000708 66 
2020-12-12T22:43:04 0 0 경기79바1698 4 74 232000098 232000723 67 
2020-12-12T22:43:04 0 0 경기79바1711 4 71 232000098 118000008 45 
2020-12-12T22:44:03 0 0 경기79바1698 4 74 232000098 232000723 67 
2020-12-12T22:44:03 0 0 경기79바1711 4 71 232000098 118000008 45 
2020-12-12T22:45:02 0 0 경기79바1698 4 74 232000098 232000723 67 
2020-12-12T22:45:02 0 0 경기79바1711 4 71 232000098 118000008 45 
2020-12-12T22:46:02 0 0 경기79바1698 4 74 232000098 232000767 70 
2020-12-12T22:46:02 0 0 경기79바1711 4 71 232000098 277102829 46 
2020-12-12T22:47:01 0 0 경기79바1698 4 74 232000098 232000767 70 
2020-12-12T22:47:01 0 0 경기79바1711 4 71 232000098 277102829 46 
2020-12-12T22:48:00 0 0 경기79바1698 4 74 232000098 232000767 70 
2020-12-12T22:48:00 0 0 경기79바1711 4 71 232000098 277102829 46 
2020-12-12T22:48:59 0 0 경기79바1698 4 74 232000098 232000767 70 
2020-12-12T22:48:59 0 0 경기79바1711 4 71 232000098 277102830 47 
2020-12-12T22:49:59 0 0 경기79바1698 4 74 232000098 232000767 70 
2020-12-12T22:49:59 0 0 경기79바1711 4 71 232000098 277102830 47 
2020-12-12T22:50:59 0 0 경기79바1698 4 74 232000098 232000729 71 
2020-12-12T22:50:59 0 0 경기79바1711 4 71 232000098 277102830 47 
2020-12-12T22:51:58 0 0 경기79바1698 4 74 232000098 232000729 71 
2020-12-12T22:51:58 0 0 경기79바1711 4 71 232000098 118000501 48 
2020-12-12T22:52:58 0 0 경기79바1698 4 74 232000098 232000729 71 
2020-12-12T22:52:58 0 0 경기79바1711 4 71 232000098 118000501 48 
2020-12-12T22:53:57 0 0 경기79바1698 4 74 232000098 232000729 71 
2020-12-12T22:53:57 0 0 경기79바1711 4 68 232000098 118000501 48 
2020-12-12T22:54:56 0 0 경기79바1698 4 74 232000098 232000729 71 
2020-12-12T22:54:56 0 0 경기79바1711 4 68 232000098 118000501 48 
2020-12-12T22:55:57 0 0 경기79바1698 4 74 232000098 232000729 71 
2020-12-12T22:55:57 0 0 경기79바1711 4 68 232000098 277103529 49 
2020-12-12T22:56:56 0 0 경기79바1698 4 74 232000098 232000729 71 
2020-12-12T22:56:56 0 0 경기79바1711 4 68 232000098 277103529 49 
2020-12-12T22:57:56 0 0 경기79바1698 4 74 232000098 232000729 71 
2020-12-12T22:57:56 0 0 경기79바1711 4 68 232000098 277103529 49 
2020-12-12T22:58:55 0 0 경기79바1698 4 74 232000098 232000729 71 
2020-12-12T22:58:55 0 0 경기79바1711 4 68 232000098 277103529 49 
2020-12-12T22:59:55 0 0 경기79바1698 4 74 232000098 232000729 71 
2020-12-12T22:59:55 0 0 경기79바1711 4 68 232000098 277103402 50 
2020-12-12T23:00:54 0 0 경기79바1698 4 74 232000098 232000729 71 
2020-12-12T23:00:54 0 0 경기79바1711 4 68 232000098 277103402 50 
2020-12-12T23:01:54 0 0 경기79바1698 4 74 232000098 232000729 71 
2020-12-12T23:01:54 0 0 경기79바1711 4 68 232000098 277103402 50 
2020-12-12T23:02:53 0 0 경기79바1698 4 74 232000098 232000729 71 
2020-12-12T23:02:53 0 0 경기79바1711 4 68 232000098 277103401 51 
2020-12-12T23:03:52 0 0 경기79바1698 4 74 232000098 232000729 71 
2020-12-12T23:03:52 0 0 경기79바1711 4 68 232000098 277103401 51 
2020-12-12T23:04:52 0 0 경기79바1698 4 74 232000098 232000729 71 
2020-12-12T23:04:52 0 0 경기79바1711 4 68 232000098 277103401 51 
2020-12-12T23:05:51 0 0 경기79바1711 4 68 232000098 277102738 52 
2020-12-12T23:06:51 0 0 경기79바1711 4 68 232000098 277102738 52 
2020-12-12T23:07:50 0 0 경기79바1711 4 68 232000098 277102738 52 
2020-12-12T23:08:50 0 0 경기79바1711 4 68 232000098 277102738 52 
2020-12-12T23:09:50 0 0 경기79바1711 4 68 232000098 277102738 52 
2020-12-12T23:10:50 0 0 경기79바1711 4 68 232000098 277102736 53 
2020-12-12T23:11:49 0 0 경기79바1711 4 68 232000098 277102736 53 
2020-12-12T23:12:48 0 0 경기79바1711 4 68 232000098 232000829 54 
2020-12-12T23:13:48 0 0 경기79바1711 4 68 232000098 232000829 54 
2020-12-12T23:14:47 0 0 경기79바1711 4 69 232000098 232000726 56 
2020-12-12T23:15:47 0 0 경기79바1711 4 69 232000098 232000759 57 
2020-12-12T23:16:47 0 0 경기79바1711 4 69 232000098 232000759 57 
2020-12-12T23:17:46 0 0 경기79바1711 4 69 232000098 232000759 57 
2020-12-12T23:18:46 0 0 경기79바1711 4 69 232000098 232000759 57 
2020-12-12T23:19:46 0 0 경기79바1711 4 70 232000098 232000754 59 
2020-12-12T23:20:45 0 0 경기79바1711 4 70 232000098 232000754 59 
2020-12-12T23:21:44 0 0 경기79바1711 4 70 232000098 232000683 60 
2020-12-12T23:22:44 0 0 경기79바1711 4 70 232000098 232000838 61 
2020-12-12T23:23:44 0 0 경기79바1711 4 71 232000098 232000681 62 
2020-12-12T23:24:44 0 0 경기79바1711 4 71 232000098 232000681 62 
2020-12-12T23:25:44 0 0 경기79바1711 4 71 232000098 232000594 63 
2020-12-12T23:26:43 0 0 경기79바1711 4 72 232000098 232000553 64 
2020-12-12T23:27:42 0 0 경기79바1711 4 72 232000098 232000553 64 
2020-12-12T23:28:42 0 0 경기79바1711 4 73 232000098 232000541 65 
2020-12-12T23:29:42 0 0 경기79바1711 4 73 232000098 232000708 66 
2020-12-12T23:30:42 0 0 경기79바1711 4 73 232000098 232000723 67 
2020-12-12T23:31:41 0 0 경기79바1711 4 73 232000098 232000723 67 
2020-12-12T23:32:41 0 0 경기79바1711 4 73 232000098 232000742 69 
2020-12-12T23:33:40 0 0 경기79바1711 4 73 232000098 232000742 69 
2020-12-12T23:34:39 0 0 경기79바1711 4 73 232000098 232000767 70 
2020-12-12T23:35:39 0 0 경기79바1711 4 73 232000098 232000767 70 
2020-12-12T23:36:38 0 0 경기79바1711 4 73 232000098 232000767 70 
2020-12-12T23:37:37 0 0 경기79바1711 4 73 232000098 232000767 70 
2020-12-12T23:38:37 0 0 경기79바1711 4 73 232000098 232000767 70 
2020-12-12T23:39:36 0 0 경기79바1711 4 73 232000098 232000767 70 
2020-12-12T23:40:36 0 0 경기79바1711 4 73 232000098 232000767 70 
2020-12-12T23:41:35 0 0 경기79바1711 4 73 232000098 232000767 70 
2020-12-12T23:42:35 0 0 경기79바1711 4 73 232000098 232000767 70 
2020-12-12T23:43:34 0 0 경기79바1711 4 73 232000098 232000767 70 
2020-12-12T23:44:34 0 0 경기79바1711 4 73 232000098 232000767 70 
2020-12-12T23:45:33 0 0 경기79바1711 4 73 232000098 232000767 70 
2020-12-12T23:46:33 0 0 경기79바1711 4 73 232000098 232000767 70 
2020-12-12T23:47:33 0 0 경기79바1711 4 73 232000098 232000767 70 
2020-12-12T23:48:31 0 0 경기79바1711 4 73 232000098 232000767 70 
2020-12-12T23:49:31 0 0 경기79바1711 4 73 232000098 232000767 70 
