232000098 2020-12-12T23:50:30.634408+09:00
2020-12-13T06:31:50 0 0 경기79바1711 4 74 232000098 277102182 2 
2020-12-13T06:32:49 0 0 경기79바1711 4 74 232000098 277102182 2 
2020-12-13T06:33:49 0 0 경기79바1711 4 74 232000098 277102732 3 
2020-12-13T06:34:48 0 0 경기79바1711 4 74 232000098 277102732 3 
2020-12-13T06:35:48 0 0 경기79바1711 4 74 232000098 277102732 3 
2020-12-13T06:36:48 0 0 경기79바1711 4 74 232000098 232000718 4 
2020-12-13T06:37:47 0 0 경기79바1711 4 74 232000098 232000741 5 
2020-12-13T06:38:48 0 0 경기79바1711 4 74 232000098 232000777 6 
2020-12-13T06:39:46 0 0 경기79바1711 4 74 232000098 232000777 6 
2020-12-13T06:40:46 0 0 경기79바1711 4 74 232000098 232000777 6 
2020-12-13T06:41:46 0 0 경기79바1711 4 74 232000098 232000777 6 
2020-12-13T06:42:46 0 0 경기79바1711 4 74 232000098 232000722 7 
2020-12-13T06:43:46 0 0 경기79바1711 4 74 232000098 232000722 7 
2020-12-13T06:44:46 0 0 경기79바1711 4 73 232000098 232000709 8 
2020-12-13T06:45:45 0 0 경기79바1711 4 73 232000098 232000540 9 
2020-12-13T06:46:45 0 0 경기79바1711 4 73 232000098 232000554 10 
2020-12-13T06:47:44 0 0 경기79바1711 4 73 232000098 232000554 10 
2020-12-13T06:48:43 0 0 경기79바1711 4 73 232000098 232000577 11 
2020-12-13T06:49:43 0 0 경기79바1711 4 73 232000098 232000577 11 
2020-12-13T06:50:41 0 0 경기79바1711 4 73 232000098 232000682 12 
2020-12-13T06:51:42 0 0 경기79바1711 4 73 232000098 232000682 12 
2020-12-13T06:52:41 0 0 경기79바1711 4 73 232000098 232000682 12 
2020-12-13T06:53:40 0 0 경기79바1711 4 73 232000098 232000837 13 
2020-12-13T06:54:40 0 0 경기79바1711 4 73 232000098 232000684 14 
2020-12-13T06:55:40 0 0 경기79바1711 4 72 232000098 232000684 14 
2020-12-13T06:56:39 0 0 경기79바1711 4 72 232000098 232000684 14 
2020-12-13T06:57:39 0 0 경기79바1711 4 72 232000098 232000684 14 
2020-12-13T06:58:39 0 0 경기79바1711 4 72 232000098 232000684 14 
2020-12-13T06:59:39 0 0 경기79바1711 4 72 232000098 232000684 14 
2020-12-13T07:00:39 0 0 경기79바1711 4 71 232000098 232000755 15 
2020-12-13T07:01:38 0 0 경기79바1711 4 71 232000098 232000756 16 
2020-12-13T07:02:37 0 0 경기79바1711 4 71 232000098 232000758 17 
2020-12-13T07:03:37 0 0 경기79바1711 4 71 232000098 232000758 17 
2020-12-13T07:04:37 0 0 경기79바1711 4 71 232000098 232000727 18 
2020-12-13T07:05:37 0 0 경기79바1711 4 71 232000098 232000734 19 
2020-12-13T07:06:36 0 0 경기79바1711 4 69 232000098 232000828 20 
2020-12-13T07:07:36 0 0 경기79바1711 4 69 232000098 277102331 21 
2020-12-13T07:08:35 0 0 경기79바1711 4 69 232000098 277102331 21 
2020-12-13T07:09:35 0 0 경기79바1711 4 69 232000098 277102331 21 
2020-12-13T07:10:34 0 0 경기79바1711 4 69 232000098 277102735 22 
2020-12-13T07:11:34 0 0 경기79바1711 4 69 232000098 277102735 22 
2020-12-13T07:12:34 0 0 경기79바1711 4 69 232000098 277102735 22 
2020-12-13T07:13:33 0 0 경기79바1711 4 69 232000098 277102735 22 
2020-12-13T07:14:33 0 0 경기79바1711 4 69 232000098 277102735 22 
2020-12-13T07:15:32 0 0 경기79바1711 4 69 232000098 277102737 23 
2020-12-13T07:16:32 0 0 경기79바1711 4 69 232000098 277102737 23 
2020-12-13T07:17:31 0 0 경기79바1711 4 69 232000098 277102737 23 
2020-12-13T07:18:31 0 0 경기79바1711 4 69 232000098 277101769 24 
2020-12-13T07:19:30 0 0 경기79바1711 4 69 232000098 277101769 24 
2020-12-13T07:20:30 0 0 경기79바1711 4 69 232000098 277101769 24 
2020-12-13T07:21:29 0 0 경기79바1711 4 69 232000098 277101769 24 
2020-12-13T07:22:28 0 0 경기79바1711 4 69 232000098 277103403 25 
2020-12-13T07:23:28 0 0 경기79바1711 4 69 232000098 277103403 25 
2020-12-13T07:24:27 0 0 경기79바1711 4 69 232000098 277103403 25 
2020-12-13T07:25:27 0 0 경기79바1711 4 69 232000098 277103403 25 
2020-12-13T07:26:26 0 0 경기79바1711 4 69 232000098 277103515 26 
2020-12-13T07:27:26 0 0 경기79바1711 4 69 232000098 277103515 26 
2020-12-13T07:28:25 0 0 경기79바1711 4 73 232000098 118000091 27 
2020-12-13T07:29:25 0 0 경기79바1711 4 73 232000098 118000091 27 
2020-12-13T07:30:24 0 0 경기79바1711 4 73 232000098 118000091 27 
2020-12-13T07:31:23 0 0 경기79바1711 4 73 232000098 118000091 27 
2020-12-13T07:32:23 0 0 경기79바1711 4 73 232000098 118000091 27 
2020-12-13T07:33:22 0 0 경기79바1711 4 73 232000098 118000091 27 
2020-12-13T07:34:21 0 0 경기79바1711 4 73 232000098 277104386 28 
2020-12-13T07:35:20 0 0 경기79바1711 4 73 232000098 277104387 29 
2020-12-13T07:36:20 0 0 경기79바1711 4 73 232000098 277104387 29 
2020-12-13T07:37:19 0 0 경기79바1711 4 73 232000098 277104387 29 
2020-12-13T07:38:19 0 0 경기79바1711 4 74 232000098 277104387 29 
2020-12-13T07:39:19 0 0 경기79바1711 4 74 232000098 118000007 30 
2020-12-13T07:40:18 0 0 경기79바1711 4 74 232000098 118000007 30 
2020-12-13T07:41:18 0 0 경기79바1711 4 74 232000098 118000007 30 
2020-12-13T07:42:17 0 0 경기79바1711 4 74 232000098 277104322 31 
2020-12-13T07:43:17 0 0 경기79바1711 4 74 232000098 113000001 32 
2020-12-13T07:44:17 0 0 경기79바1711 4 74 232000098 113000003 33 
2020-12-13T07:45:16 0 0 경기79바1711 4 74 232000098 113000003 33 
2020-12-13T07:46:16 0 0 경기79바1711 4 74 232000098 113000003 33 
2020-12-13T07:47:15 0 0 경기79바1711 4 74 232000098 113000003 33 
2020-12-13T07:48:14 0 0 경기79바1711 4 74 232000098 113000003 33 
2020-12-13T07:49:14 0 0 경기79바1711 4 74 232000098 112000430 34 
2020-12-13T07:50:13 0 0 경기79바1711 4 74 232000098 112000430 34 
2020-12-13T07:51:12 0 0 경기79바1711 4 74 232000098 101000304 35 
2020-12-13T07:52:11 0 0 경기79바1711 4 74 232000098 101000304 35 
2020-12-13T07:53:11 0 0 경기79바1711 4 74 232000098 100000380 36 
2020-12-13T07:54:11 0 0 경기79바1711 4 74 232000098 100000025 37 
2020-12-13T07:55:11 0 0 경기79바1711 4 74 232000098 100000025 37 
2020-12-13T07:56:10 0 0 경기79바1711 4 74 232000098 100000025 37 
2020-12-13T07:57:09 0 0 경기79바1711 4 74 232000098 101000038 38 
2020-12-13T07:58:10 0 0 경기79바1711 4 74 232000098 277101975 39 
2020-12-13T07:59:09 0 0 경기79바1711 4 74 232000098 277101975 39 
2020-12-13T08:00:08 0 0 경기79바1711 4 74 232000098 112000170 40 
2020-12-13T08:01:07 0 0 경기79바1711 4 74 232000098 112000170 40 
2020-12-13T08:02:07 0 0 경기79바1711 4 74 232000098 277102290 41 
2020-12-13T08:03:06 0 0 경기79바1711 4 74 232000098 113000002 43 
2020-12-13T08:04:05 0 0 경기79바1711 4 74 232000098 113000002 43 
2020-12-13T08:05:04 0 0 경기79바1711 4 74 232000098 113000002 43 
2020-12-13T08:06:03 0 0 경기79바1711 4 74 232000098 277104321 44 
2020-12-13T08:07:03 0 0 경기79바1711 4 74 232000098 118000008 45 
2020-12-13T08:08:02 0 0 경기79바1711 4 74 232000098 118000008 45 
2020-12-13T08:09:01 0 0 경기79바1711 4 72 232000098 118000008 45 
2020-12-13T08:10:01 0 0 경기79바1711 4 72 232000098 118000008 45 
2020-12-13T08:11:00 0 0 경기79바1711 4 72 232000098 118000008 45 
2020-12-13T08:12:00 0 0 경기79바1711 4 72 232000098 277102829 46 
2020-12-13T08:12:59 0 0 경기79바1711 4 72 232000098 277102829 46 
2020-12-13T08:13:58 0 0 경기79바1711 4 72 232000098 277102829 46 
2020-12-13T08:14:58 0 0 경기79바1711 4 72 232000098 277102830 47 
2020-12-13T08:15:59 0 0 경기79바1711 4 72 232000098 277102830 47 
2020-12-13T08:16:57 0 0 경기79바1711 4 73 232000098 277102830 47 
2020-12-13T08:17:56 0 0 경기79바1711 4 73 232000098 277102830 47 
2020-12-13T08:18:56 0 0 경기79바1711 4 73 232000098 118000501 48 
2020-12-13T08:19:55 0 0 경기79바1711 4 73 232000098 118000501 48 
2020-12-13T08:20:55 0 0 경기79바1711 4 73 232000098 118000501 48 
2020-12-13T08:21:54 0 0 경기79바1711 4 73 232000098 277103529 49 
2020-12-13T08:22:53 0 0 경기79바1711 4 73 232000098 277103529 49 
2020-12-13T08:23:53 0 0 경기79바1711 4 73 232000098 277103529 49 
2020-12-13T08:24:53 0 0 경기79바1711 4 73 232000098 277103529 49 
2020-12-13T08:25:53 0 0 경기79바1711 4 73 232000098 277103402 50 
2020-12-13T08:26:53 0 0 경기79바1711 4 73 232000098 277103402 50 
2020-12-13T08:27:53 0 0 경기79바1711 4 73 232000098 277103402 50 
2020-12-13T08:28:52 0 0 경기79바1711 4 73 232000098 277103401 51 
2020-12-13T08:29:52 0 0 경기79바1711 4 73 232000098 277103401 51 
2020-12-13T08:30:52 0 0 경기79바1711 4 73 232000098 277103401 51 
2020-12-13T08:31:52 0 0 경기79바1711 4 73 232000098 277102738 52 
2020-12-13T08:32:51 0 0 경기79바1711 4 73 232000098 277102738 52 
2020-12-13T08:33:51 0 0 경기79바1711 4 73 232000098 277102738 52 
2020-12-13T08:34:50 0 0 경기79바1711 4 73 232000098 277102738 52 
2020-12-13T08:35:49 0 0 경기79바1711 4 73 232000098 277102736 53 
2020-12-13T08:36:49 0 0 경기79바1711 4 73 232000098 277102736 53 
2020-12-13T08:37:49 0 0 경기79바1711 4 73 232000098 277102736 53 
2020-12-13T08:38:49 0 0 경기79바1711 4 73 232000098 277102736 53 
2020-12-13T08:39:48 0 0 경기79바1711 4 73 232000098 232000829 54 
2020-12-13T08:40:47 0 0 경기79바1711 4 73 232000098 232000731 55 
2020-12-13T08:41:48 0 0 경기79바1711 4 73 232000098 232000731 55 
2020-12-13T08:42:47 0 0 경기79바1711 4 73 232000098 232000759 57 
2020-12-13T08:43:46 0 0 경기79바1711 4 73 232000098 232000759 57 
2020-12-13T08:44:45 0 0 경기79바1711 4 73 232000098 232000759 57 
2020-12-13T08:45:46 0 0 경기79바1711 4 73 232000098 232000753 58 
2020-12-13T08:46:45 0 0 경기79바1711 4 73 232000098 232000754 59 
2020-12-13T08:47:44 0 0 경기79바1711 4 73 232000098 232000754 59 
2020-12-13T08:48:43 0 0 경기79바1711 4 73 232000098 232000838 61 
2020-12-13T08:49:42 0 0 경기79바1711 4 73 232000098 232000838 61 
2020-12-13T08:50:41 0 0 경기79바1711 4 73 232000098 232000838 61 
2020-12-13T08:51:42 0 0 경기79바1711 4 73 232000098 232000838 61 
2020-12-13T08:52:41 0 0 경기79바1711 4 73 232000098 232000681 62 
2020-12-13T08:53:40 0 0 경기79바1711 4 73 232000098 232000594 63 
2020-12-13T08:54:40 0 0 경기79바1711 4 74 232000098 232000553 64 
2020-12-13T08:55:39 0 0 경기79바1711 4 74 232000098 232000541 65 
2020-12-13T08:56:38 0 0 경기79바1711 4 74 232000098 232000708 66 
2020-12-13T08:57:37 0 0 경기79바1711 4 74 232000098 232000708 66 
2020-12-13T08:58:37 0 0 경기79바1711 4 74 232000098 232000723 67 
2020-12-13T08:59:36 0 0 경기79바1711 4 74 232000098 232000723 67 
2020-12-13T09:00:35 0 0 경기79바1711 4 74 232000098 232000742 69 
2020-12-13T09:01:35 0 0 경기79바1711 4 74 232000098 232000767 70 
2020-12-13T09:02:35 0 0 경기79바1711 4 74 232000098 232000767 70 
2020-12-13T09:03:34 0 0 경기79바1711 4 74 232000098 232000767 70 
2020-12-13T09:04:33 0 0 경기79바1711 4 74 232000098 232000767 70 
2020-12-13T09:05:33 0 0 경기79바1711 4 74 232000098 232000767 70 
2020-12-13T09:06:32 0 0 경기79바1711 4 74 232000098 232000767 70 
2020-12-13T09:07:32 0 0 경기79바1711 4 74 232000098 232000767 70 
2020-12-13T09:08:31 0 0 경기79바1711 4 74 232000098 232000767 70 
2020-12-13T11:04:37 0 0 경기79바1711 4 74 232000098 277102732 3 
2020-12-13T11:05:36 0 0 경기79바1711 4 74 232000098 277102732 3 
2020-12-13T11:06:37 0 0 경기79바1711 4 74 232000098 232000718 4 
2020-12-13T11:07:36 0 0 경기79바1711 4 74 232000098 232000741 5 
2020-12-13T11:08:35 0 0 경기79바1711 4 74 232000098 232000777 6 
2020-12-13T11:09:35 0 0 경기79바1711 4 74 232000098 232000777 6 
2020-12-13T11:10:34 0 0 경기79바1711 4 74 232000098 232000777 6 
2020-12-13T11:11:34 0 0 경기79바1711 4 74 232000098 232000777 6 
2020-12-13T11:12:34 0 0 경기79바1711 4 74 232000098 232000722 7 
2020-12-13T11:13:33 0 0 경기79바1711 4 74 232000098 232000722 7 
2020-12-13T11:14:32 0 0 경기79바1711 4 74 232000098 232000709 8 
2020-12-13T11:15:32 0 0 경기79바1711 4 74 232000098 232000540 9 
2020-12-13T11:16:32 0 0 경기79바1711 4 74 232000098 232000554 10 
2020-12-13T11:17:31 0 0 경기79바1711 4 74 232000098 232000554 10 
2020-12-13T11:18:32 0 0 경기79바1711 4 74 232000098 232000577 11 
2020-12-13T11:19:31 0 0 경기79바1711 4 74 232000098 232000577 11 
2020-12-13T11:20:31 0 0 경기79바1711 4 74 232000098 232000682 12 
2020-12-13T11:21:30 0 0 경기79바1711 4 74 232000098 232000682 12 
2020-12-13T11:22:30 0 0 경기79바1711 4 74 232000098 232000682 12 
2020-12-13T11:23:30 0 0 경기79바1711 4 74 232000098 232000837 13 
2020-12-13T11:24:30 0 0 경기79바1711 4 74 232000098 232000684 14 
2020-12-13T11:25:30 0 0 경기79바1711 4 73 232000098 232000684 14 
2020-12-13T11:26:28 0 0 경기79바1711 4 73 232000098 232000684 14 
2020-12-13T11:27:28 0 0 경기79바1711 4 73 232000098 232000684 14 
2020-12-13T11:28:28 0 0 경기79바1711 4 73 232000098 232000684 14 
2020-12-13T11:29:26 0 0 경기79바1711 4 73 232000098 232000755 15 
2020-12-13T11:30:26 0 0 경기79바1711 4 73 232000098 232000755 15 
2020-12-13T11:31:26 0 0 경기79바1711 4 73 232000098 232000756 16 
2020-12-13T11:32:25 0 0 경기79바1711 4 73 232000098 232000758 17 
2020-12-13T11:33:25 0 0 경기79바1711 4 73 232000098 232000758 17 
2020-12-13T11:34:24 0 0 경기79바1711 4 71 232000098 232000727 18 
2020-12-13T11:35:24 0 0 경기79바1711 4 71 232000098 232000734 19 
2020-12-13T11:36:24 0 0 경기79바1711 4 71 232000098 232000828 20 
2020-12-13T11:37:23 0 0 경기79바1711 4 71 232000098 277102331 21 
2020-12-13T11:38:22 0 0 경기79바1711 4 71 232000098 277102331 21 
2020-12-13T11:39:22 0 0 경기79바1711 4 71 232000098 277102735 22 
2020-12-13T11:40:21 0 0 경기79바1711 4 71 232000098 277102735 22 
2020-12-13T11:41:21 0 0 경기79바1711 4 71 232000098 277102735 22 
2020-12-13T11:42:21 0 0 경기79바1711 4 71 232000098 277102735 22 
2020-12-13T11:43:20 0 0 경기79바1711 4 71 232000098 277102737 23 
2020-12-13T11:44:20 0 0 경기79바1711 4 71 232000098 277102737 23 
2020-12-13T11:45:20 0 0 경기79바1711 4 71 232000098 277102737 23 
2020-12-13T11:46:19 0 0 경기79바1711 4 71 232000098 277101769 24 
2020-12-13T11:47:18 0 0 경기79바1711 4 71 232000098 277101769 24 
2020-12-13T11:48:18 0 0 경기79바1711 4 71 232000098 277101769 24 
2020-12-13T11:49:18 0 0 경기79바1711 4 71 232000098 277103403 25 
2020-12-13T11:50:17 0 0 경기79바1711 4 71 232000098 277103403 25 
2020-12-13T11:51:16 0 0 경기79바1711 4 71 232000098 277103403 25 
2020-12-13T11:52:16 0 0 경기79바1711 4 71 232000098 277103403 25 
2020-12-13T11:53:16 0 0 경기79바1711 4 71 232000098 277103403 25 
2020-12-13T11:54:16 0 0 경기79바1711 4 71 232000098 277103515 26 
2020-12-13T11:55:15 0 0 경기79바1711 4 71 232000098 277103515 26 
2020-12-13T11:56:14 0 0 경기79바1711 4 71 232000098 277103515 26 
2020-12-13T11:57:14 0 0 경기79바1711 4 74 232000098 118000091 27 
2020-12-13T11:58:15 0 0 경기79바1711 4 74 232000098 118000091 27 
2020-12-13T11:59:14 0 0 경기79바1711 4 74 232000098 118000091 27 
2020-12-13T12:00:13 0 0 경기79바1711 4 74 232000098 277104386 28 
2020-12-13T12:01:13 0 0 경기79바1711 4 74 232000098 277104387 29 
2020-12-13T12:02:12 0 0 경기79바1711 4 74 232000098 277104387 29 
2020-12-13T12:03:12 0 0 경기79바1711 4 74 232000098 277104387 29 
2020-12-13T12:04:11 0 0 경기79바1711 4 74 232000098 277104387 29 
2020-12-13T12:05:10 0 0 경기79바1711 4 74 232000098 118000007 30 
2020-12-13T12:06:10 0 0 경기79바1711 4 74 232000098 118000007 30 
2020-12-13T12:07:10 0 0 경기79바1711 4 74 232000098 118000007 30 
2020-12-13T12:08:10 0 0 경기79바1711 4 74 232000098 118000007 30 
2020-12-13T12:09:10 0 0 경기79바1711 4 74 232000098 277104322 31 
2020-12-13T12:10:09 0 0 경기79바1711 4 74 232000098 113000001 32 
2020-12-13T12:11:09 0 0 경기79바1711 4 74 232000098 113000001 32 
2020-12-13T12:12:09 0 0 경기79바1711 4 74 232000098 113000003 33 
2020-12-13T12:13:09 0 0 경기79바1711 4 74 232000098 113000003 33 
2020-12-13T12:14:08 0 0 경기79바1711 4 74 232000098 113000003 33 
2020-12-13T12:15:07 0 0 경기79바1711 4 74 232000098 113000003 33 
2020-12-13T12:16:07 0 0 경기79바1711 4 74 232000098 113000003 33 
2020-12-13T12:17:06 0 0 경기79바1711 4 74 232000098 113000003 33 
2020-12-13T12:18:06 0 0 경기79바1711 4 74 232000098 112000430 34 
2020-12-13T12:19:06 0 0 경기79바1711 4 74 232000098 112000430 34 
2020-12-13T12:20:04 0 0 경기79바1711 4 74 232000098 101000304 35 
2020-12-13T12:21:04 0 0 경기79바1711 4 74 232000098 100000380 36 
2020-12-13T12:22:04 0 0 경기79바1711 4 74 232000098 100000380 36 
2020-12-13T12:23:04 0 0 경기79바1711 4 74 232000098 100000380 36 
2020-12-13T12:24:04 0 0 경기79바1711 4 74 232000098 100000025 37 
2020-12-13T12:25:03 0 0 경기79바1711 4 74 232000098 100000025 37 
2020-12-13T12:26:02 0 0 경기79바1711 4 74 232000098 100000025 37 
2020-12-13T12:27:02 0 0 경기79바1711 4 74 232000098 101000038 38 
2020-12-13T12:28:02 0 0 경기79바1711 4 74 232000098 112000170 40 
2020-12-13T12:29:02 0 0 경기79바1711 4 73 232000098 112000170 40 
2020-12-13T12:30:02 0 0 경기79바1711 4 73 232000098 112000170 40 
2020-12-13T12:31:01 0 0 경기79바1711 4 73 232000098 277102290 41 
2020-12-13T12:32:01 0 0 경기79바1711 4 73 232000098 277102290 41 
2020-12-13T12:33:00 0 0 경기79바1711 4 73 232000098 277102290 41 
2020-12-13T12:34:00 0 0 경기79바1711 4 73 232000098 277102290 41 
2020-12-13T12:35:00 0 0 경기79바1711 4 73 232000098 113000004 42 
2020-12-13T12:36:00 0 0 경기79바1711 4 73 232000098 113000002 43 
2020-12-13T12:37:00 0 0 경기79바1711 4 73 232000098 113000002 43 
2020-12-13T12:37:58 0 0 경기79바1711 4 73 232000098 277104321 44 
2020-12-13T12:38:58 0 0 경기79바1711 4 73 232000098 118000008 45 
2020-12-13T12:39:58 0 0 경기79바1711 4 72 232000098 118000008 45 
2020-12-13T12:40:57 0 0 경기79바1711 4 72 232000098 118000008 45 
2020-12-13T12:41:57 0 0 경기79바1711 4 72 232000098 118000008 45 
2020-12-13T12:42:57 0 0 경기79바1711 4 72 232000098 277102829 46 
2020-12-13T12:43:57 0 0 경기79바1711 4 72 232000098 277102829 46 
2020-12-13T12:44:56 0 0 경기79바1711 4 72 232000098 277102829 46 
2020-12-13T12:45:56 0 0 경기79바1711 4 72 232000098 277102830 47 
2020-12-13T12:46:55 0 0 경기79바1711 4 72 232000098 277102830 47 
2020-12-13T12:47:55 0 0 경기79바1711 4 72 232000098 277102830 47 
2020-12-13T12:48:55 0 0 경기79바1711 4 72 232000098 118000501 48 
2020-12-13T12:49:54 0 0 경기79바1711 4 70 232000098 118000501 48 
2020-12-13T12:50:53 0 0 경기79바1711 4 70 232000098 118000501 48 
2020-12-13T12:51:53 0 0 경기79바1711 4 70 232000098 118000501 48 
2020-12-13T12:52:53 0 0 경기79바1711 4 70 232000098 277103529 49 
2020-12-13T12:53:52 0 0 경기79바1711 4 70 232000098 277103529 49 
2020-12-13T12:54:52 0 0 경기79바1711 4 70 232000098 277103529 49 
2020-12-13T12:55:52 0 0 경기79바1711 4 70 232000098 277103529 49 
2020-12-13T12:56:51 0 0 경기79바1711 4 70 232000098 277103402 50 
2020-12-13T12:57:51 0 0 경기79바1711 4 70 232000098 277103402 50 
2020-12-13T12:58:51 0 0 경기79바1711 4 70 232000098 277103402 50 
2020-12-13T12:59:51 0 0 경기79바1711 4 70 232000098 277103401 51 
2020-12-13T13:00:50 0 0 경기79바1711 4 70 232000098 277103401 51 
2020-12-13T13:01:49 0 0 경기79바1711 4 70 232000098 277103401 51 
2020-12-13T13:02:49 0 0 경기79바1711 4 70 232000098 277102738 52 
2020-12-13T13:03:48 0 0 경기79바1711 4 70 232000098 277102738 52 
2020-12-13T13:04:47 0 0 경기79바1711 4 70 232000098 277102738 52 
2020-12-13T13:05:47 0 0 경기79바1711 4 70 232000098 277102738 52 
2020-12-13T13:06:46 0 0 경기79바1711 4 70 232000098 277102736 53 
2020-12-13T13:07:45 0 0 경기79바1711 4 70 232000098 277102736 53 
2020-12-13T13:08:45 0 0 경기79바1711 4 70 232000098 277102736 53 
2020-12-13T13:09:44 0 0 경기79바1711 4 71 232000098 232000829 54 
2020-12-13T13:10:43 0 0 경기79바1711 4 71 232000098 232000829 54 
2020-12-13T13:11:43 0 0 경기79바1711 4 71 232000098 232000731 55 
2020-12-13T13:12:42 0 0 경기79바1711 4 71 232000098 232000731 55 
2020-12-13T13:13:42 0 0 경기79바1711 4 72 232000098 232000731 55 
2020-12-13T13:14:42 0 0 경기79바1711 4 73 232000098 232000726 56 
2020-12-13T13:15:41 0 0 경기79바1711 4 73 232000098 232000759 57 
2020-12-13T13:16:40 0 0 경기79바1711 4 73 232000098 232000753 58 
2020-12-13T13:17:39 0 0 경기79바1711 4 74 232000098 232000754 59 
2020-12-13T13:18:38 0 0 경기79바1711 4 74 232000098 232000683 60 
2020-12-13T13:19:38 0 0 경기79바1711 4 74 232000098 232000683 60 
2020-12-13T13:20:38 0 0 경기79바1711 4 74 232000098 232000838 61 
2020-12-13T13:21:38 0 0 경기79바1711 4 74 232000098 232000838 61 
2020-12-13T13:22:37 0 0 경기79바1711 4 74 232000098 232000681 62 
2020-12-13T13:23:36 0 0 경기79바1711 4 74 232000098 232000681 62 
2020-12-13T13:24:36 0 0 경기79바1711 4 74 232000098 232000681 62 
2020-12-13T13:25:36 0 0 경기79바1711 4 74 232000098 232000594 63 
2020-12-13T13:26:35 0 0 경기79바1711 4 74 232000098 232000553 64 
2020-12-13T13:27:36 0 0 경기79바1711 4 74 232000098 232000553 64 
2020-12-13T13:28:35 0 0 경기79바1711 4 74 232000098 232000541 65 
2020-12-13T13:29:35 0 0 경기79바1711 4 74 232000098 232000708 66 
2020-12-13T13:30:34 0 0 경기79바1711 4 74 232000098 232000723 67 
2020-12-13T13:31:34 0 0 경기79바1711 4 74 232000098 232000723 67 
2020-12-13T13:32:34 0 0 경기79바1711 4 74 232000098 232000781 68 
2020-12-13T13:33:34 0 0 경기79바1711 4 74 232000098 232000742 69 
2020-12-13T13:34:33 0 0 경기79바1711 4 74 232000098 232000767 70 
2020-12-13T13:35:32 0 0 경기79바1711 4 74 232000098 232000767 70 
2020-12-13T13:36:32 0 0 경기79바1711 4 74 232000098 232000767 70 
2020-12-13T13:37:31 0 0 경기79바1711 4 74 232000098 232000767 70 
2020-12-13T13:38:30 0 0 경기79바1711 4 74 232000098 232000767 70 
2020-12-13T13:39:30 0 0 경기79바1711 4 74 232000098 232000767 70 
2020-12-13T13:40:30 0 0 경기79바1711 4 74 232000098 232000767 70 
2020-12-13T13:41:30 0 0 경기79바1711 4 74 232000098 232000767 70 
2020-12-13T13:42:30 0 0 경기79바1711 4 74 232000098 232000767 70 
2020-12-13T13:43:29 0 0 경기79바1711 4 74 232000098 232000767 70 
2020-12-13T13:44:29 0 0 경기79바1711 4 74 232000098 232000767 70 
2020-12-13T13:45:29 0 0 경기79바1711 4 74 232000098 232000767 70 
2020-12-13T13:46:28 0 0 경기79바1711 4 74 232000098 232000767 70 
2020-12-13T13:47:28 0 0 경기79바1711 4 74 232000098 232000729 71 
2020-12-13T15:44:44 0 0 경기79바1711 4 74 232000098 277102732 3 
2020-12-13T15:45:42 0 0 경기79바1711 4 74 232000098 232000718 4 
2020-12-13T15:46:41 0 0 경기79바1711 4 74 232000098 232000777 6 
2020-12-13T15:47:41 0 0 경기79바1711 4 74 232000098 232000777 6 
2020-12-13T15:48:40 0 0 경기79바1711 4 74 232000098 232000777 6 
2020-12-13T15:49:40 0 0 경기79바1711 4 74 232000098 232000722 7 
2020-12-13T15:50:39 0 0 경기79바1711 4 74 232000098 232000722 7 
2020-12-13T15:51:39 0 0 경기79바1711 4 74 232000098 232000722 7 
2020-12-13T15:52:38 0 0 경기79바1711 4 74 232000098 232000722 7 
2020-12-13T15:53:38 0 0 경기79바1711 4 74 232000098 232000540 9 
2020-12-13T15:54:37 0 0 경기79바1711 4 74 232000098 232000554 10 
2020-12-13T15:55:37 0 0 경기79바1711 4 74 232000098 232000577 11 
2020-12-13T15:56:37 0 0 경기79바1711 4 74 232000098 232000577 11 
2020-12-13T15:57:36 0 0 경기79바1711 4 74 232000098 232000682 12 
2020-12-13T15:58:36 0 0 경기79바1711 4 74 232000098 232000682 12 
2020-12-13T15:59:36 0 0 경기79바1711 4 74 232000098 232000682 12 
2020-12-13T16:00:36 0 0 경기79바1711 4 74 232000098 232000684 14 
2020-12-13T16:01:34 0 0 경기79바1711 4 74 232000098 232000684 14 
2020-12-13T16:02:34 0 0 경기79바1711 4 74 232000098 232000684 14 
2020-12-13T16:03:34 0 0 경기79바1711 4 74 232000098 232000684 14 
2020-12-13T16:04:34 0 0 경기79바1711 4 74 232000098 232000684 14 
2020-12-13T16:05:33 0 0 경기79바1711 4 74 232000098 232000755 15 
2020-12-13T16:06:33 0 0 경기79바1711 4 74 232000098 232000756 16 
2020-12-13T16:07:33 0 0 경기79바1711 4 74 232000098 232000756 16 
2020-12-13T16:08:32 0 0 경기79바1711 4 74 232000098 232000758 17 
2020-12-13T16:09:32 0 0 경기79바1711 4 74 232000098 232000758 17 
2020-12-13T16:10:31 0 0 경기79바1711 4 74 232000098 232000758 17 
2020-12-13T16:11:31 0 0 경기79바1711 4 72 232000098 232000727 18 
2020-12-13T16:12:31 0 0 경기79바1711 4 72 232000098 232000734 19 
2020-12-13T16:13:30 0 0 경기79바1711 4 72 232000098 277102331 21 
2020-12-13T16:14:30 0 0 경기79바1711 4 72 232000098 277102331 21 
2020-12-13T16:15:30 0 0 경기79바1711 4 72 232000098 277102331 21 
2020-12-13T16:16:30 0 0 경기79바1711 4 72 232000098 277102735 22 
2020-12-13T16:17:30 0 0 경기79바1711 4 72 232000098 277102735 22 
2020-12-13T16:18:29 0 0 경기79바1711 4 72 232000098 277102735 22 
2020-12-13T16:19:29 0 0 경기79바1711 4 72 232000098 277102735 22 
2020-12-13T16:20:29 0 0 경기79바1711 4 72 232000098 277102737 23 
2020-12-13T16:21:29 0 0 경기79바1711 4 72 232000098 277102737 23 
2020-12-13T16:22:29 0 0 경기79바1711 4 72 232000098 277102737 23 
2020-12-13T16:23:28 0 0 경기79바1711 4 72 232000098 277102737 23 
2020-12-13T16:24:28 0 0 경기79바1711 4 72 232000098 277101769 24 
2020-12-13T16:25:28 0 0 경기79바1711 4 72 232000098 277101769 24 
2020-12-13T16:26:28 0 0 경기79바1711 4 72 232000098 277101769 24 
2020-12-13T16:27:27 0 0 경기79바1711 4 72 232000098 277103403 25 
2020-12-13T16:28:27 0 0 경기79바1711 4 72 232000098 277103403 25 
2020-12-13T16:29:27 0 0 경기79바1711 4 72 232000098 277103403 25 
2020-12-13T16:30:26 0 0 경기79바1711 4 72 232000098 277103403 25 
2020-12-13T16:31:26 0 0 경기79바1711 4 72 232000098 277103403 25 
2020-12-13T16:32:25 0 0 경기79바1711 4 72 232000098 277103515 26 
2020-12-13T16:33:25 0 0 경기79바1711 4 72 232000098 277103515 26 
2020-12-13T16:34:25 0 0 경기79바1711 4 72 232000098 277103515 26 
2020-12-13T16:35:24 0 0 경기79바1711 4 74 232000098 118000091 27 
2020-12-13T16:36:24 0 0 경기79바1711 4 74 232000098 118000091 27 
2020-12-13T16:37:23 0 0 경기79바1711 4 74 232000098 118000091 27 
2020-12-13T16:38:23 0 0 경기79바1711 4 74 232000098 277104386 28 
2020-12-13T16:39:23 0 0 경기79바1711 4 74 232000098 277104387 29 
2020-12-13T16:40:22 0 0 경기79바1711 4 74 232000098 277104387 29 
2020-12-13T16:41:22 0 0 경기79바1711 4 74 232000098 277104387 29 
2020-12-13T16:42:22 0 0 경기79바1711 4 74 232000098 118000007 30 
2020-12-13T16:43:21 0 0 경기79바1711 4 74 232000098 118000007 30 
2020-12-13T16:44:21 0 0 경기79바1711 4 74 232000098 118000007 30 
2020-12-13T16:45:21 0 0 경기79바1711 4 74 232000098 118000007 30 
2020-12-13T16:46:20 0 0 경기79바1711 4 74 232000098 277104322 31 
2020-12-13T16:47:20 0 0 경기79바1711 4 74 232000098 277104322 31 
2020-12-13T16:48:20 0 0 경기79바1711 4 74 232000098 113000003 33 
2020-12-13T16:49:20 0 0 경기79바1711 4 74 232000098 113000003 33 
2020-12-13T16:50:22 0 0 경기79바1711 4 74 232000098 113000003 33 
2020-12-13T16:51:18 0 0 경기79바1711 4 74 232000098 113000003 33 
2020-12-13T16:52:18 0 0 경기79바1711 4 74 232000098 113000003 33 
2020-12-13T16:53:18 0 0 경기79바1711 4 74 232000098 113000003 33 
2020-12-13T16:54:18 0 0 경기79바1711 4 74 232000098 112000430 34 
2020-12-13T16:55:17 0 0 경기79바1711 4 74 232000098 101000304 35 
2020-12-13T16:56:17 0 0 경기79바1711 4 74 232000098 101000304 35 
2020-12-13T16:57:17 0 0 경기79바1711 4 74 232000098 101000304 35 
2020-12-13T16:58:17 0 0 경기79바1711 4 74 232000098 100000380 36 
2020-12-13T16:59:16 0 0 경기79바1711 4 74 232000098 100000025 37 
2020-12-13T17:00:16 0 0 경기79바1711 4 74 232000098 100000025 37 
2020-12-13T17:01:16 0 0 경기79바1711 4 74 232000098 101000038 38 
2020-12-13T17:02:16 0 0 경기79바1711 4 74 232000098 101000038 38 
2020-12-13T17:03:15 0 0 경기79바1711 4 74 232000098 101000038 38 
2020-12-13T17:04:15 0 0 경기79바1711 4 73 232000098 277101975 39 
2020-12-13T17:05:15 0 0 경기79바1711 4 73 232000098 112000170 40 
2020-12-13T17:06:14 0 0 경기79바1711 4 73 232000098 112000170 40 
2020-12-13T17:07:12 0 0 경기79바1711 4 73 232000098 112000170 40 
2020-12-13T17:08:12 0 0 경기79바1711 4 73 232000098 112000170 40 
2020-12-13T17:09:12 0 0 경기79바1711 4 73 232000098 277102290 41 
2020-12-13T17:10:12 0 0 경기79바1711 4 73 232000098 277102290 41 
2020-12-13T17:11:12 0 0 경기79바1711 4 73 232000098 277102290 41 
2020-12-13T17:12:11 0 0 경기79바1711 4 73 232000098 113000004 42 
2020-12-13T17:13:11 0 0 경기79바1711 4 73 232000098 113000002 43 
2020-12-13T17:14:11 0 0 경기79바1711 4 73 232000098 277104321 44 
2020-12-13T17:15:10 0 0 경기79바1711 4 73 232000098 277104321 44 
2020-12-13T17:16:10 0 0 경기79바1711 4 73 232000098 277104321 44 
2020-12-13T17:17:10 0 0 경기79바1711 4 69 232000098 118000008 45 
2020-12-13T17:18:09 0 0 경기79바1711 4 69 232000098 118000008 45 
2020-12-13T17:19:09 0 0 경기79바1711 4 69 232000098 118000008 45 
2020-12-13T17:20:09 0 0 경기79바1711 4 69 232000098 277102829 46 
2020-12-13T17:21:08 0 0 경기79바1711 4 69 232000098 277102830 47 
2020-12-13T17:22:08 0 0 경기79바1711 4 69 232000098 277102830 47 
2020-12-13T17:23:08 0 0 경기79바1711 4 69 232000098 277102830 47 
2020-12-13T17:24:08 0 0 경기79바1711 4 71 232000098 118000501 48 
2020-12-13T17:25:07 0 0 경기79바1711 4 71 232000098 118000501 48 
2020-12-13T17:26:07 0 0 경기79바1711 4 71 232000098 118000501 48 
2020-12-13T17:27:07 0 0 경기79바1711 4 71 232000098 118000501 48 
2020-12-13T17:28:06 0 0 경기79바1711 4 71 232000098 277103529 49 
2020-12-13T17:29:06 0 0 경기79바1711 4 71 232000098 277103529 49 
2020-12-13T17:30:06 0 0 경기79바1711 4 71 232000098 277103529 49 
2020-12-13T17:31:06 0 0 경기79바1711 4 71 232000098 277103402 50 
2020-12-13T17:32:06 0 0 경기79바1711 4 71 232000098 277103402 50 
2020-12-13T17:33:05 0 0 경기79바1711 4 71 232000098 277103402 50 
2020-12-13T17:34:06 0 0 경기79바1711 4 71 232000098 277103402 50 
2020-12-13T17:35:04 0 0 경기79바1711 4 71 232000098 277103401 51 
2020-12-13T17:36:05 0 0 경기79바1711 4 71 232000098 277103401 51 
2020-12-13T17:37:03 0 0 경기79바1711 4 71 232000098 277103401 51 
2020-12-13T17:38:03 0 0 경기79바1711 4 71 232000098 277102738 52 
2020-12-13T17:39:02 0 0 경기79바1711 4 71 232000098 277102738 52 
2020-12-13T17:40:02 0 0 경기79바1711 4 71 232000098 277102738 52 
2020-12-13T17:41:02 0 0 경기79바1711 4 71 232000098 277102738 52 
2020-12-13T17:42:01 0 0 경기79바1711 4 71 232000098 277102736 53 
2020-12-13T17:43:01 0 0 경기79바1711 4 71 232000098 277102736 53 
2020-12-13T17:44:01 0 0 경기79바1711 4 71 232000098 277102736 53 
2020-12-13T17:45:00 0 0 경기79바1711 4 73 232000098 232000829 54 
2020-12-13T17:46:00 0 0 경기79바1711 4 73 232000098 232000731 55 
2020-12-13T17:47:00 0 0 경기79바1711 4 73 232000098 232000731 55 
2020-12-13T17:48:00 0 0 경기79바1711 4 73 232000098 232000726 56 
2020-12-13T17:49:00 0 0 경기79바1711 4 73 232000098 232000759 57 
2020-12-13T17:50:00 0 0 경기79바1711 4 73 232000098 232000753 58 
2020-12-13T17:50:59 0 0 경기79바1711 4 73 232000098 232000754 59 
2020-12-13T17:51:59 0 0 경기79바1711 4 73 232000098 232000754 59 
2020-12-13T17:52:58 0 0 경기79바1711 4 73 232000098 232000754 59 
2020-12-13T17:53:58 0 0 경기79바1711 4 73 232000098 232000683 60 
2020-12-13T17:54:57 0 0 경기79바1711 4 74 232000098 232000838 61 
2020-12-13T17:55:57 0 0 경기79바1711 4 74 232000098 232000838 61 
2020-12-13T17:56:57 0 0 경기79바1711 4 74 232000098 232000681 62 
2020-12-13T17:57:55 0 0 경기79바1711 4 74 232000098 232000681 62 
2020-12-13T17:58:55 0 0 경기79바1711 4 74 232000098 232000681 62 
2020-12-13T17:59:54 0 0 경기79바1711 4 74 232000098 232000681 62 
2020-12-13T18:00:53 0 0 경기79바1711 4 74 232000098 232000681 62 
2020-12-13T18:01:53 0 0 경기79바1711 4 74 232000098 232000681 62 
2020-12-13T18:02:53 0 0 경기79바1711 4 74 232000098 232000594 63 
2020-12-13T18:03:53 0 0 경기79바1711 4 74 232000098 232000553 64 
2020-12-13T18:04:53 0 0 경기79바1711 4 74 232000098 232000541 65 
2020-12-13T18:05:52 0 0 경기79바1711 4 74 232000098 232000708 66 
2020-12-13T18:06:52 0 0 경기79바1711 4 74 232000098 232000723 67 
2020-12-13T18:07:52 0 0 경기79바1711 4 74 232000098 232000723 67 
2020-12-13T18:08:51 0 0 경기79바1711 4 74 232000098 232000781 68 
2020-12-13T18:09:50 0 0 경기79바1711 4 74 232000098 232000742 69 
2020-12-13T18:10:50 0 0 경기79바1711 4 74 232000098 232000767 70 
2020-12-13T18:11:49 0 0 경기79바1711 4 74 232000098 232000767 70 
2020-12-13T18:12:49 0 0 경기79바1711 4 74 232000098 232000767 70 
2020-12-13T18:13:48 0 0 경기79바1711 4 74 232000098 232000767 70 
2020-12-13T18:14:48 0 0 경기79바1711 4 74 232000098 232000767 70 
2020-12-13T18:15:47 0 0 경기79바1711 4 74 232000098 232000767 70 
2020-12-13T18:16:47 0 0 경기79바1711 4 74 232000098 232000767 70 
2020-12-13T18:17:47 0 0 경기79바1711 4 74 232000098 232000767 70 
2020-12-13T18:18:47 0 0 경기79바1711 4 74 232000098 232000729 71 
2020-12-13T20:49:52 0 0 경기79바1711 4 74 232000098 277102182 2 
2020-12-13T20:50:51 0 0 경기79바1711 4 74 232000098 277102732 3 
2020-12-13T20:51:51 0 0 경기79바1711 4 74 232000098 277102732 3 
2020-12-13T20:52:51 0 0 경기79바1711 4 74 232000098 232000718 4 
2020-12-13T20:53:51 0 0 경기79바1711 4 74 232000098 232000777 6 
2020-12-13T20:54:50 0 0 경기79바1711 4 74 232000098 232000777 6 
2020-12-13T20:55:49 0 0 경기79바1711 4 74 232000098 232000777 6 
2020-12-13T20:56:49 0 0 경기79바1711 4 74 232000098 232000777 6 
2020-12-13T20:57:49 0 0 경기79바1711 4 74 232000098 232000777 6 
2020-12-13T20:58:48 0 0 경기79바1711 4 74 232000098 232000722 7 
2020-12-13T20:59:48 0 0 경기79바1711 4 74 232000098 232000722 7 
2020-12-13T21:00:47 0 0 경기79바1711 4 74 232000098 232000722 7 
2020-12-13T21:01:47 0 0 경기79바1711 4 74 232000098 232000722 7 
2020-12-13T21:02:47 0 0 경기79바1711 4 74 232000098 232000540 9 
2020-12-13T21:03:46 0 0 경기79바1711 4 74 232000098 232000554 10 
2020-12-13T21:04:46 0 0 경기79바1711 4 74 232000098 232000554 10 
2020-12-13T21:05:46 0 0 경기79바1711 4 74 232000098 232000577 11 
2020-12-13T21:06:46 0 0 경기79바1711 4 74 232000098 232000577 11 
2020-12-13T21:07:46 0 0 경기79바1711 4 74 232000098 232000577 11 
2020-12-13T21:08:46 0 0 경기79바1711 4 73 232000098 232000682 12 
2020-12-13T21:09:46 0 0 경기79바1711 4 72 232000098 232000682 12 
2020-12-13T21:10:45 0 0 경기79바1711 4 72 232000098 232000682 12 
2020-12-13T21:11:44 0 0 경기79바1711 4 72 232000098 232000837 13 
2020-12-13T21:12:44 0 0 경기79바1711 4 72 232000098 232000684 14 
2020-12-13T21:13:43 0 0 경기79바1711 4 72 232000098 232000684 14 
2020-12-13T21:14:43 0 0 경기79바1711 4 70 232000098 232000684 14 
2020-12-13T21:15:42 0 0 경기79바1711 4 70 232000098 232000684 14 
2020-12-13T21:16:42 0 0 경기79바1711 4 70 232000098 232000684 14 
2020-12-13T21:17:42 0 0 경기79바1711 4 71 232000098 232000755 15 
2020-12-13T21:18:42 0 0 경기79바1711 4 71 232000098 232000756 16 
2020-12-13T21:19:40 0 0 경기79바1711 4 71 232000098 232000756 16 
2020-12-13T21:20:40 0 0 경기79바1711 4 71 232000098 232000758 17 
2020-12-13T21:21:40 0 0 경기79바1711 4 70 232000098 232000727 18 
2020-12-13T21:22:40 0 0 경기79바1711 4 70 232000098 232000828 20 
2020-12-13T21:23:40 0 0 경기79바1711 4 71 232000098 277102331 21 
2020-12-13T21:24:38 0 0 경기79바1711 4 71 232000098 277102331 21 
2020-12-13T21:25:38 0 0 경기79바1711 4 71 232000098 277102331 21 
2020-12-13T21:26:37 0 0 경기79바1711 4 71 232000098 277102735 22 
2020-12-13T21:27:37 0 0 경기79바1711 4 71 232000098 277102735 22 
2020-12-13T21:28:37 0 0 경기79바1711 4 71 232000098 277102735 22 
2020-12-13T21:29:37 0 0 경기79바1711 4 71 232000098 277102735 22 
2020-12-13T21:30:37 0 0 경기79바1711 4 71 232000098 277102737 23 
2020-12-13T21:31:37 0 0 경기79바1711 4 71 232000098 277102737 23 
2020-12-13T21:32:36 0 0 경기79바1711 4 71 232000098 277102737 23 
2020-12-13T21:33:36 0 0 경기79바1711 4 71 232000098 277101769 24 
2020-12-13T21:34:36 0 0 경기79바1711 4 71 232000098 277101769 24 
2020-12-13T21:35:35 0 0 경기79바1711 4 71 232000098 277101769 24 
2020-12-13T21:36:35 0 0 경기79바1711 4 71 232000098 277103403 25 
2020-12-13T21:37:38 0 0 경기79바1711 4 71 232000098 277103403 25 
2020-12-13T21:38:33 0 0 경기79바1711 4 71 232000098 277103403 25 
2020-12-13T21:39:33 0 0 경기79바1711 4 71 232000098 277103403 25 
2020-12-13T21:40:33 0 0 경기79바1711 4 71 232000098 277103515 26 
2020-12-13T21:41:33 0 0 경기79바1711 4 71 232000098 277103515 26 
2020-12-13T21:42:32 0 0 경기79바1711 4 72 232000098 118000091 27 
2020-12-13T21:43:32 0 0 경기79바1711 4 72 232000098 118000091 27 
2020-12-13T21:44:31 0 0 경기79바1711 4 72 232000098 118000091 27 
2020-12-13T21:45:31 0 0 경기79바1711 4 72 232000098 118000091 27 
2020-12-13T21:46:31 0 0 경기79바1711 4 72 232000098 118000091 27 
2020-12-13T21:47:30 0 0 경기79바1711 4 72 232000098 277104386 28 
2020-12-13T21:48:30 0 0 경기79바1711 4 72 232000098 277104387 29 
2020-12-13T21:49:30 0 0 경기79바1711 4 72 232000098 277104387 29 
2020-12-13T21:50:29 0 0 경기79바1711 4 72 232000098 277104387 29 
2020-12-13T21:51:29 0 0 경기79바1711 4 72 232000098 277104387 29 
2020-12-13T21:52:29 0 0 경기79바1711 4 72 232000098 118000007 30 
2020-12-13T21:53:28 0 0 경기79바1711 4 72 232000098 118000007 30 
2020-12-13T21:54:27 0 0 경기79바1711 4 72 232000098 118000007 30 
2020-12-13T21:55:27 0 0 경기79바1711 4 72 232000098 277104322 31 
2020-12-13T21:56:26 0 0 경기79바1711 4 72 232000098 277104322 31 
2020-12-13T21:57:26 0 0 경기79바1711 4 72 232000098 113000003 33 
2020-12-13T21:58:26 0 0 경기79바1711 4 72 232000098 113000003 33 
2020-12-13T21:59:25 0 0 경기79바1711 4 72 232000098 113000003 33 
2020-12-13T22:00:25 0 0 경기79바1711 4 72 232000098 113000003 33 
2020-12-13T22:01:24 0 0 경기79바1711 4 72 232000098 113000003 33 
2020-12-13T22:02:24 0 0 경기79바1711 4 72 232000098 113000003 33 
2020-12-13T22:03:23 0 0 경기79바1711 4 73 232000098 112000430 34 
2020-12-13T22:04:23 0 0 경기79바1711 4 73 232000098 101000304 35 
2020-12-13T22:05:23 0 0 경기79바1711 4 73 232000098 101000304 35 
2020-12-13T22:06:22 0 0 경기79바1711 4 74 232000098 100000380 36 
2020-12-13T22:07:21 0 0 경기79바1711 4 74 232000098 100000025 37 
2020-12-13T22:08:21 0 0 경기79바1711 4 74 232000098 100000025 37 
2020-12-13T22:09:21 0 0 경기79바1711 4 74 232000098 100000025 37 
2020-12-13T22:10:21 0 0 경기79바1711 4 74 232000098 100000025 37 
2020-12-13T22:11:20 0 0 경기79바1711 4 74 232000098 101000038 38 
2020-12-13T22:12:20 0 0 경기79바1711 4 74 232000098 277101975 39 
2020-12-13T22:13:20 0 0 경기79바1711 4 74 232000098 112000170 40 
2020-12-13T22:14:19 0 0 경기79바1711 4 74 232000098 112000170 40 
2020-12-13T22:15:19 0 0 경기79바1711 4 74 232000098 112000170 40 
2020-12-13T22:16:19 0 0 경기79바1711 4 74 232000098 277102290 41 
2020-12-13T22:17:18 0 0 경기79바1711 4 74 232000098 277102290 41 
2020-12-13T22:18:17 0 0 경기79바1711 4 74 232000098 113000004 42 
2020-12-13T22:19:17 0 0 경기79바1711 4 73 232000098 113000004 42 
2020-12-13T22:20:16 0 0 경기79바1711 4 73 232000098 113000002 43 
2020-12-13T22:21:16 0 0 경기79바1711 4 72 232000098 113000002 43 
2020-12-13T22:22:16 0 0 경기79바1711 4 72 232000098 277104321 44 
2020-12-13T22:23:15 0 0 경기79바1711 4 72 232000098 277104321 44 
2020-12-13T22:24:15 0 0 경기79바1711 4 72 232000098 118000008 45 
2020-12-13T22:25:15 0 0 경기79바1711 4 71 232000098 118000008 45 
2020-12-13T22:26:14 0 0 경기79바1711 4 71 232000098 118000008 45 
2020-12-13T22:27:14 0 0 경기79바1711 4 71 232000098 118000008 45 
2020-12-13T22:28:14 0 0 경기79바1711 4 71 232000098 277102829 46 
2020-12-13T22:29:13 0 0 경기79바1711 4 71 232000098 277102829 46 
2020-12-13T22:30:12 0 0 경기79바1711 4 71 232000098 277102829 46 
2020-12-13T22:31:12 0 0 경기79바1711 4 71 232000098 277102829 46 
2020-12-13T22:32:12 0 0 경기79바1711 4 71 232000098 277102830 47 
2020-12-13T22:33:11 0 0 경기79바1711 4 71 232000098 277102830 47 
2020-12-13T22:34:11 0 0 경기79바1711 4 71 232000098 277102830 47 
2020-12-13T22:35:10 0 0 경기79바1711 4 71 232000098 277102830 47 
2020-12-13T22:36:10 0 0 경기79바1711 4 69 232000098 118000501 48 
2020-12-13T22:37:09 0 0 경기79바1711 4 69 232000098 118000501 48 
2020-12-13T22:38:09 0 0 경기79바1711 4 69 232000098 118000501 48 
2020-12-13T22:39:08 0 0 경기79바1711 4 69 232000098 277103529 49 
2020-12-13T22:40:08 0 0 경기79바1711 4 69 232000098 277103529 49 
2020-12-13T22:41:07 0 0 경기79바1711 4 69 232000098 277103529 49 
2020-12-13T22:42:07 0 0 경기79바1711 4 69 232000098 277103402 50 
2020-12-13T22:43:06 0 0 경기79바1711 4 69 232000098 277103402 50 
2020-12-13T22:44:06 0 0 경기79바1711 4 69 232000098 277103402 50 
2020-12-13T22:45:05 0 0 경기79바1711 4 69 232000098 277103401 51 
2020-12-13T22:46:05 0 0 경기79바1711 4 69 232000098 277103401 51 
2020-12-13T22:47:05 0 0 경기79바1711 4 69 232000098 277103401 51 
2020-12-13T22:48:04 0 0 경기79바1711 4 69 232000098 277102738 52 
2020-12-13T22:49:04 0 0 경기79바1711 4 69 232000098 277102738 52 
2020-12-13T22:50:03 0 0 경기79바1711 4 69 232000098 277102738 52 
2020-12-13T22:51:02 0 0 경기79바1711 4 69 232000098 277102738 52 
2020-12-13T22:52:02 0 0 경기79바1711 4 70 232000098 277102736 53 
2020-12-13T22:53:01 0 0 경기79바1711 4 70 232000098 277102736 53 
2020-12-13T22:54:00 0 0 경기79바1711 4 70 232000098 277102736 53 
2020-12-13T22:55:00 0 0 경기79바1711 4 70 232000098 232000829 54 
2020-12-13T22:55:59 0 0 경기79바1711 4 71 232000098 232000829 54 
2020-12-13T22:56:59 0 0 경기79바1711 4 71 232000098 232000829 54 
2020-12-13T22:57:59 0 0 경기79바1711 4 72 232000098 232000726 56 
2020-12-13T22:58:58 0 0 경기79바1711 4 73 232000098 232000759 57 
2020-12-13T22:59:58 0 0 경기79바1711 4 73 232000098 232000759 57 
2020-12-13T23:00:57 0 0 경기79바1711 4 73 232000098 232000759 57 
2020-12-13T23:01:57 0 0 경기79바1711 4 73 232000098 232000759 57 
2020-12-13T23:02:56 0 0 경기79바1711 4 73 232000098 232000754 59 
2020-12-13T23:03:56 0 0 경기79바1711 4 73 232000098 232000754 59 
2020-12-13T23:04:55 0 0 경기79바1711 4 74 232000098 232000683 60 
2020-12-13T23:05:55 0 0 경기79바1711 4 74 232000098 232000683 60 
2020-12-13T23:06:54 0 0 경기79바1711 4 74 232000098 232000838 61 
2020-12-13T23:07:54 0 0 경기79바1711 4 74 232000098 232000681 62 
2020-12-13T23:08:53 0 0 경기79바1711 4 74 232000098 232000681 62 
2020-12-13T23:09:53 0 0 경기79바1711 4 74 232000098 232000553 64 
2020-12-13T23:10:52 0 0 경기79바1711 4 74 232000098 232000541 65 
2020-12-13T23:11:51 0 0 경기79바1711 4 74 232000098 232000708 66 
2020-12-13T23:12:51 0 0 경기79바1711 4 74 232000098 232000723 67 
2020-12-13T23:13:50 0 0 경기79바1711 4 74 232000098 232000781 68 
2020-12-13T23:14:49 0 0 경기79바1711 4 74 232000098 232000781 68 
2020-12-13T23:15:49 0 0 경기79바1711 4 74 232000098 232000767 70 
2020-12-13T23:16:49 0 0 경기79바1711 4 74 232000098 232000767 70 
2020-12-13T23:17:48 0 0 경기79바1711 4 74 232000098 232000767 70 
2020-12-13T23:18:48 0 0 경기79바1711 4 74 232000098 232000767 70 
2020-12-13T23:19:47 0 0 경기79바1711 4 74 232000098 232000767 70 
2020-12-13T23:20:47 0 0 경기79바1711 4 74 232000098 232000767 70 
2020-12-13T23:21:47 0 0 경기79바1711 4 74 232000098 232000767 70 
2020-12-13T23:22:45 0 0 경기79바1711 4 74 232000098 232000767 70 
2020-12-13T23:23:45 0 0 경기79바1711 4 74 232000098 232000767 70 
2020-12-13T23:24:45 0 0 경기79바1711 4 74 232000098 232000767 70 
2020-12-13T23:25:45 0 0 경기79바1711 4 74 232000098 232000767 70 
2020-12-13T23:26:44 0 0 경기79바1711 4 74 232000098 232000767 70 
2020-12-13T23:27:43 0 0 경기79바1711 4 74 232000098 232000767 70 
2020-12-13T23:28:43 0 0 경기79바1711 4 74 232000098 232000767 70 
2020-12-13T23:29:41 0 0 경기79바1711 4 74 232000098 232000767 70 
2020-12-13T23:30:41 0 0 경기79바1711 4 74 232000098 232000767 70 
2020-12-13T23:31:41 0 0 경기79바1711 4 74 232000098 232000767 70 
2020-12-13T23:32:41 0 0 경기79바1711 4 74 232000098 232000767 70 
