232000098 2020-12-05T22:00:29.438511+09:00
2020-12-06T07:13:25 0 0 경기79바1662 4 70 232000098 277101769 24 
2020-12-06T07:13:42 0 0 경기79바1662 4 70 232000098 277101769 24 
2020-12-06T07:14:24 0 0 경기79바1662 4 70 232000098 277101769 24 
2020-12-06T07:14:42 0 0 경기79바1662 4 70 232000098 277101769 24 
2020-12-06T07:15:23 0 0 경기79바1662 4 70 232000098 277101769 24 
2020-12-06T07:15:42 0 0 경기79바1662 4 70 232000098 277101769 24 
2020-12-06T07:16:23 0 0 경기79바1662 4 70 232000098 277101769 24 
2020-12-06T07:16:42 0 0 경기79바1662 4 70 232000098 277101769 24 
2020-12-06T07:17:23 0 0 경기79바1662 4 70 232000098 277101769 24 
2020-12-06T07:17:41 0 0 경기79바1662 4 70 232000098 277101769 24 
2020-12-06T07:18:22 0 0 경기79바1662 4 70 232000098 277101769 24 
2020-12-06T07:18:41 0 0 경기79바1662 4 70 232000098 277103403 25 
2020-12-06T07:19:22 0 0 경기79바1662 4 70 232000098 277103515 26 
2020-12-06T07:19:41 0 0 경기79바1662 4 70 232000098 277103515 26 
2020-12-06T07:20:21 0 0 경기79바1662 4 70 232000098 277103515 26 
2020-12-06T07:20:40 0 0 경기79바1662 4 70 232000098 277103515 26 
2020-12-06T07:21:20 0 0 경기79바1662 4 70 232000098 277103515 26 
2020-12-06T07:21:40 0 0 경기79바1662 4 70 232000098 277103515 26 
2020-12-06T07:22:19 0 0 경기79바1662 4 70 232000098 277103515 26 
2020-12-06T07:22:39 0 0 경기79바1662 4 70 232000098 277103515 26 
2020-12-06T07:23:18 0 0 경기79바1662 4 70 232000098 277103515 26 
2020-12-06T07:23:38 0 0 경기79바1662 4 70 232000098 118000091 27 
2020-12-06T07:24:18 0 0 경기79바1662 4 70 232000098 118000091 27 
2020-12-06T07:24:39 0 0 경기79바1662 4 70 232000098 118000091 27 
2020-12-06T07:25:18 0 0 경기79바1662 4 70 232000098 277104386 28 
2020-12-06T07:25:37 0 0 경기79바1662 4 70 232000098 277104386 28 
2020-12-06T07:26:18 0 0 경기79바1662 4 70 232000098 277104386 28 
2020-12-06T07:26:37 0 0 경기79바1662 4 70 232000098 277104387 29 
2020-12-06T07:27:18 0 0 경기79바1662 4 70 232000098 277104387 29 
2020-12-06T07:27:37 0 0 경기79바1662 4 70 232000098 277104387 29 
2020-12-06T07:28:17 0 0 경기79바1662 4 70 232000098 277104387 29 
2020-12-06T07:28:36 0 0 경기79바1662 4 70 232000098 277104387 29 
2020-12-06T07:29:16 0 0 경기79바1662 4 70 232000098 277104387 29 
2020-12-06T07:29:35 0 0 경기79바1662 4 70 232000098 277104387 29 
2020-12-06T07:30:17 0 0 경기79바1662 4 70 232000098 277104387 29 
2020-12-06T07:30:35 0 0 경기79바1662 4 70 232000098 277104387 29 
2020-12-06T07:31:16 0 0 경기79바1662 4 70 232000098 277104387 29 
2020-12-06T07:31:34 0 0 경기79바1662 4 70 232000098 277104387 29 
2020-12-06T07:32:16 0 0 경기79바1662 4 70 232000098 118000007 30 
2020-12-06T07:32:33 0 0 경기79바1662 4 70 232000098 118000007 30 
2020-12-06T07:33:15 0 0 경기79바1662 4 70 232000098 118000007 30 
2020-12-06T07:33:33 0 0 경기79바1662 4 70 232000098 118000007 30 
2020-12-06T07:34:15 0 0 경기79바1662 4 70 232000098 118000007 30 
2020-12-06T07:34:31 0 0 경기79바1662 4 70 232000098 118000007 30 
2020-12-06T07:35:15 0 0 경기79바1662 4 70 232000098 277104322 31 
2020-12-06T07:35:32 0 0 경기79바1662 4 70 232000098 277104322 31 
2020-12-06T07:36:15 0 0 경기79바1662 4 70 232000098 277104322 31 
2020-12-06T07:36:31 0 0 경기79바1662 4 70 232000098 277104322 31 
2020-12-06T07:37:13 0 0 경기79바1662 4 70 232000098 113000003 33 
2020-12-06T07:37:30 0 0 경기79바1662 4 70 232000098 113000003 33 
2020-12-06T07:38:14 0 0 경기79바1662 4 70 232000098 113000003 33 
2020-12-06T07:38:29 0 0 경기79바1662 4 70 232000098 113000003 33 
2020-12-06T07:39:13 0 0 경기79바1662 4 70 232000098 113000003 33 
2020-12-06T07:39:29 0 0 경기79바1662 4 70 232000098 113000003 33 
2020-12-06T07:40:12 0 0 경기79바1662 4 70 232000098 113000003 33 
2020-12-06T07:40:29 0 0 경기79바1662 4 70 232000098 113000003 33 
2020-12-06T07:41:11 0 0 경기79바1662 4 70 232000098 112000430 34 
2020-12-06T07:41:28 0 0 경기79바1662 4 70 232000098 112000430 34 
2020-12-06T07:42:10 0 0 경기79바1662 4 70 232000098 101000304 35 
2020-12-06T07:42:28 0 0 경기79바1662 4 70 232000098 101000304 35 
2020-12-06T07:43:11 0 0 경기79바1662 4 70 232000098 101000304 35 
2020-12-06T07:43:27 0 0 경기79바1662 4 70 232000098 101000304 35 
2020-12-06T07:44:09 0 0 경기79바1662 4 70 232000098 101000304 35 
2020-12-06T07:44:26 0 0 경기79바1662 4 70 232000098 101000304 35 
2020-12-06T07:45:10 0 0 경기79바1662 4 70 232000098 101000304 35 
2020-12-06T07:45:27 0 0 경기79바1662 4 70 232000098 101000304 35 
2020-12-06T07:46:09 0 0 경기79바1662 4 70 232000098 100000380 36 
2020-12-06T07:46:26 0 0 경기79바1662 4 70 232000098 100000380 36 
2020-12-06T07:47:08 0 0 경기79바1662 4 70 232000098 100000380 36 
2020-12-06T07:47:25 0 0 경기79바1662 4 70 232000098 100000380 36 
2020-12-06T07:48:07 0 0 경기79바1662 4 70 232000098 100000380 36 
2020-12-06T07:48:25 0 0 경기79바1662 4 70 232000098 100000025 37 
2020-12-06T07:49:07 0 0 경기79바1662 4 70 232000098 100000025 37 
2020-12-06T07:49:25 0 0 경기79바1662 4 70 232000098 100000025 37 
2020-12-06T07:50:07 0 0 경기79바1662 4 70 232000098 100000025 37 
2020-12-06T07:50:24 0 0 경기79바1662 4 70 232000098 100000025 37 
2020-12-06T07:51:07 0 0 경기79바1662 4 70 232000098 101000038 38 
2020-12-06T07:51:23 0 0 경기79바1662 4 70 232000098 101000038 38 
2020-12-06T07:52:05 0 0 경기79바1662 4 70 232000098 101000038 38 
2020-12-06T07:52:23 0 0 경기79바1662 4 70 232000098 101000038 38 
2020-12-06T07:53:05 0 0 경기79바1662 4 70 232000098 101000038 38 
2020-12-06T07:53:22 0 0 경기79바1662 4 70 232000098 101000038 38 
2020-12-06T07:54:05 0 0 경기79바1662 4 70 232000098 101000038 38 
2020-12-06T07:54:22 0 0 경기79바1662 4 70 232000098 101000038 38 
2020-12-06T07:55:05 0 0 경기79바1662 4 70 232000098 101000038 38 
2020-12-06T07:55:21 0 0 경기79바1662 4 70 232000098 101000038 38 
2020-12-06T07:56:04 0 0 경기79바1662 4 70 232000098 101000038 38 
2020-12-06T07:56:21 0 0 경기79바1662 4 70 232000098 277101975 39 
2020-12-06T07:57:04 0 0 경기79바1662 4 70 232000098 112000170 40 
2020-12-06T07:57:20 0 0 경기79바1662 4 70 232000098 112000170 40 
2020-12-06T07:58:02 0 0 경기79바1662 4 70 232000098 112000170 40 
2020-12-06T07:58:19 0 0 경기79바1662 4 70 232000098 277102290 41 
2020-12-06T07:59:02 0 0 경기79바1662 4 70 232000098 277102290 41 
2020-12-06T07:59:19 0 0 경기79바1662 4 70 232000098 277102290 41 
2020-12-06T08:00:02 0 0 경기79바1662 4 70 232000098 277102290 41 
2020-12-06T08:00:19 0 0 경기79바1662 4 70 232000098 277102290 41 
2020-12-06T08:01:01 0 0 경기79바1662 4 70 232000098 113000004 42 
2020-12-06T08:01:19 0 0 경기79바1662 4 70 232000098 113000004 42 
2020-12-06T08:02:02 0 0 경기79바1662 4 70 232000098 113000004 42 
2020-12-06T08:02:18 0 0 경기79바1662 4 70 232000098 113000004 42 
2020-12-06T08:03:00 0 0 경기79바1662 4 70 232000098 113000002 43 
2020-12-06T08:03:17 0 0 경기79바1662 4 69 232000098 113000002 43 
2020-12-06T08:04:00 0 0 경기79바1662 4 69 232000098 113000002 43 
2020-12-06T08:04:16 0 0 경기79바1662 4 69 232000098 113000002 43 
2020-12-06T08:05:00 0 0 경기79바1662 4 69 232000098 277104321 44 
2020-12-06T08:05:16 0 0 경기79바1662 4 69 232000098 277104321 44 
2020-12-06T08:05:58 0 0 경기79바1662 4 69 232000098 277104321 44 
2020-12-06T08:06:15 0 0 경기79바1662 4 69 232000098 277104321 44 
2020-12-06T08:06:59 0 0 경기79바1662 4 69 232000098 118000008 45 
2020-12-06T08:07:14 0 0 경기79바1662 4 69 232000098 118000008 45 
2020-12-06T08:07:58 0 0 경기79바1662 4 69 232000098 118000008 45 
2020-12-06T08:08:15 0 0 경기79바1662 4 69 232000098 118000008 45 
2020-12-06T08:08:57 0 0 경기79바1662 4 69 232000098 118000008 45 
2020-12-06T08:09:22 0 0 경기79바1662 4 69 232000098 118000008 45 
2020-12-06T08:09:57 0 0 경기79바1662 4 69 232000098 118000008 45 
2020-12-06T08:10:13 0 0 경기79바1662 4 69 232000098 118000008 45 
2020-12-06T08:10:56 0 0 경기79바1662 4 69 232000098 118000008 45 
2020-12-06T08:11:13 0 0 경기79바1662 4 69 232000098 118000008 45 
2020-12-06T08:11:55 0 0 경기79바1662 4 69 232000098 277102829 46 
2020-12-06T08:12:12 0 0 경기79바1662 4 69 232000098 277102829 46 
2020-12-06T08:12:55 0 0 경기79바1662 4 69 232000098 277102829 46 
2020-12-06T08:13:11 0 0 경기79바1662 4 69 232000098 277102829 46 
2020-12-06T08:13:54 0 0 경기79바1662 4 69 232000098 277102829 46 
2020-12-06T08:14:10 0 0 경기79바1662 4 69 232000098 277102829 46 
2020-12-06T08:14:53 0 0 경기79바1662 4 69 232000098 277102829 46 
2020-12-06T08:15:10 0 0 경기79바1662 4 69 232000098 277102829 46 
2020-12-06T08:15:53 0 0 경기79바1662 4 69 232000098 277102830 47 
2020-12-06T08:16:09 0 0 경기79바1662 4 69 232000098 277102830 47 
2020-12-06T08:16:53 0 0 경기79바1662 4 69 232000098 277102830 47 
2020-12-06T08:17:08 0 0 경기79바1662 4 69 232000098 277102830 47 
2020-12-06T08:17:53 0 0 경기79바1662 4 69 232000098 277102830 47 
2020-12-06T08:18:07 0 0 경기79바1662 4 69 232000098 277102830 47 
2020-12-06T08:18:53 0 0 경기79바1662 4 69 232000098 277102830 47 
2020-12-06T08:19:07 0 0 경기79바1662 4 69 232000098 277102830 47 
2020-12-06T08:19:53 0 0 경기79바1662 4 69 232000098 118000501 48 
2020-12-06T08:20:06 0 0 경기79바1662 4 69 232000098 118000501 48 
2020-12-06T08:20:52 0 0 경기79바1662 4 68 232000098 118000501 48 
2020-12-06T08:21:05 0 0 경기79바1662 4 68 232000098 118000501 48 
2020-12-06T08:21:51 0 0 경기79바1662 4 68 232000098 118000501 48 
2020-12-06T08:22:06 0 0 경기79바1662 4 68 232000098 118000501 48 
2020-12-06T08:22:51 0 0 경기79바1662 4 68 232000098 118000501 48 
2020-12-06T08:23:05 0 0 경기79바1662 4 68 232000098 118000501 48 
2020-12-06T08:23:51 0 0 경기79바1662 4 68 232000098 277103529 49 
2020-12-06T08:24:05 0 0 경기79바1662 4 68 232000098 277103529 49 
2020-12-06T08:24:50 0 0 경기79바1662 4 68 232000098 277103529 49 
2020-12-06T08:25:04 0 0 경기79바1662 4 68 232000098 277103529 49 
2020-12-06T08:25:49 0 0 경기79바1662 4 68 232000098 277103529 49 
2020-12-06T08:26:02 0 0 경기79바1662 4 68 232000098 277103529 49 
2020-12-06T08:26:49 0 0 경기79바1662 4 68 232000098 277103529 49 
2020-12-06T08:27:03 0 0 경기79바1662 4 68 232000098 277103529 49 
2020-12-06T08:27:48 0 0 경기79바1662 4 68 232000098 277103402 50 
2020-12-06T08:28:02 0 0 경기79바1662 4 68 232000098 277103402 50 
2020-12-06T08:28:47 0 0 경기79바1662 4 68 232000098 277103402 50 
2020-12-06T08:29:01 0 0 경기79바1662 4 68 232000098 277103402 50 
2020-12-06T08:29:47 0 0 경기79바1662 4 68 232000098 277103402 50 
2020-12-06T08:30:02 0 0 경기79바1662 4 68 232000098 277103402 50 
2020-12-06T08:30:47 0 0 경기79바1662 4 68 232000098 277103401 51 
2020-12-06T08:31:01 0 0 경기79바1662 4 68 232000098 277103401 51 
2020-12-06T08:31:46 0 0 경기79바1662 4 68 232000098 277103401 51 
2020-12-06T08:32:00 0 0 경기79바1662 4 68 232000098 277103401 51 
2020-12-06T08:32:45 0 0 경기79바1662 4 68 232000098 277103401 51 
2020-12-06T08:33:00 0 0 경기79바1662 4 68 232000098 277103401 51 
2020-12-06T08:33:44 0 0 경기79바1662 4 68 232000098 277102738 52 
2020-12-06T08:33:59 0 0 경기79바1662 4 68 232000098 277102738 52 
2020-12-06T08:34:43 0 0 경기79바1662 4 68 232000098 277102738 52 
2020-12-06T08:34:59 0 0 경기79바1662 4 68 232000098 277102738 52 
2020-12-06T08:35:43 0 0 경기79바1662 4 68 232000098 277102738 52 
2020-12-06T08:35:58 0 0 경기79바1662 4 68 232000098 277102738 52 
2020-12-06T08:36:43 0 0 경기79바1662 4 68 232000098 277102738 52 
2020-12-06T08:36:58 0 0 경기79바1662 4 68 232000098 277102738 52 
2020-12-06T08:37:43 0 0 경기79바1662 4 68 232000098 277102738 52 
2020-12-06T08:37:58 0 0 경기79바1662 4 68 232000098 277102736 53 
2020-12-06T08:38:42 0 0 경기79바1662 4 68 232000098 277102736 53 
2020-12-06T08:38:57 0 0 경기79바1662 4 68 232000098 277102736 53 
2020-12-06T08:39:42 0 0 경기79바1662 4 68 232000098 277102736 53 
2020-12-06T08:39:56 0 0 경기79바1662 4 68 232000098 277102736 53 
2020-12-06T08:40:41 0 0 경기79바1662 4 68 232000098 277102736 53 
2020-12-06T08:40:56 0 0 경기79바1662 4 68 232000098 277102736 53 
2020-12-06T08:41:41 0 0 경기79바1662 4 68 232000098 232000829 54 
2020-12-06T08:41:56 0 0 경기79바1662 4 69 232000098 232000731 55 
2020-12-06T08:42:40 0 0 경기79바1662 4 69 232000098 232000731 55 
2020-12-06T08:42:56 0 0 경기79바1662 4 69 232000098 232000731 55 
2020-12-06T08:43:40 0 0 경기79바1662 4 69 232000098 232000731 55 
2020-12-06T08:43:55 0 0 경기79바1662 4 69 232000098 232000726 56 
2020-12-06T08:44:39 0 0 경기79바1662 4 69 232000098 232000759 57 
2020-12-06T08:44:56 0 0 경기79바1662 4 69 232000098 232000759 57 
2020-12-06T08:45:39 0 0 경기79바1662 4 69 232000098 232000753 58 
2020-12-06T08:45:54 0 0 경기79바1662 4 69 232000098 232000753 58 
2020-12-06T08:46:38 0 0 경기79바1662 4 69 232000098 232000754 59 
2020-12-06T08:46:55 0 0 경기79바1662 4 69 232000098 232000754 59 
2020-12-06T08:47:38 0 0 경기79바1662 4 69 232000098 232000754 59 
2020-12-06T08:47:54 0 0 경기79바1662 4 69 232000098 232000683 60 
2020-12-06T08:48:37 0 0 경기79바1662 4 69 232000098 232000838 61 
2020-12-06T08:48:53 0 0 경기79바1662 4 69 232000098 232000838 61 
2020-12-06T08:49:37 0 0 경기79바1662 4 69 232000098 232000838 61 
2020-12-06T08:49:53 0 0 경기79바1662 4 69 232000098 232000838 61 
2020-12-06T08:50:36 0 0 경기79바1662 4 69 232000098 232000838 61 
2020-12-06T08:50:53 0 0 경기79바1662 4 69 232000098 232000838 61 
2020-12-06T08:51:34 0 0 경기79바1662 4 69 232000098 232000838 61 
2020-12-06T08:51:52 0 0 경기79바1662 4 69 232000098 232000681 62 
2020-12-06T08:52:35 0 0 경기79바1662 4 69 232000098 232000681 62 
2020-12-06T08:52:51 0 0 경기79바1662 4 70 232000098 232000681 62 
2020-12-06T08:53:34 0 0 경기79바1662 4 70 232000098 232000594 63 
2020-12-06T08:53:50 0 0 경기79바1662 4 70 232000098 232000594 63 
2020-12-06T08:54:34 0 0 경기79바1662 4 70 232000098 232000553 64 
2020-12-06T08:54:50 0 0 경기79바1662 4 70 232000098 232000553 64 
2020-12-06T08:55:34 0 0 경기79바1662 4 70 232000098 232000541 65 
2020-12-06T08:55:48 0 0 경기79바1662 4 70 232000098 232000541 65 
2020-12-06T08:56:34 0 0 경기79바1662 4 70 232000098 232000708 66 
2020-12-06T08:56:48 0 0 경기79바1662 4 70 232000098 232000708 66 
2020-12-06T08:57:34 0 0 경기79바1662 4 70 232000098 232000708 66 
2020-12-06T08:57:48 0 0 경기79바1662 4 70 232000098 232000723 67 
2020-12-06T08:58:33 0 0 경기79바1662 4 70 232000098 232000723 67 
2020-12-06T08:58:49 0 0 경기79바1662 4 70 232000098 232000723 67 
2020-12-06T08:59:32 0 0 경기79바1662 4 70 232000098 232000781 68 
2020-12-06T08:59:48 0 0 경기79바1662 4 70 232000098 232000781 68 
2020-12-06T09:00:31 0 0 경기79바1662 4 70 232000098 232000742 69 
2020-12-06T09:00:47 0 0 경기79바1662 4 70 232000098 232000742 69 
2020-12-06T09:01:31 0 0 경기79바1662 4 70 232000098 232000767 70 
2020-12-06T09:01:46 0 0 경기79바1662 4 70 232000098 232000767 70 
2020-12-06T09:02:30 0 0 경기79바1662 4 70 232000098 232000767 70 
2020-12-06T09:02:45 0 0 경기79바1662 4 70 232000098 232000767 70 
2020-12-06T09:03:29 0 0 경기79바1662 4 70 232000098 232000767 70 
2020-12-06T09:03:45 0 0 경기79바1662 4 70 232000098 232000767 70 
2020-12-06T09:04:29 0 0 경기79바1662 4 70 232000098 232000767 70 
2020-12-06T09:04:44 0 0 경기79바1662 4 70 232000098 232000767 70 
2020-12-06T09:05:28 0 0 경기79바1662 4 70 232000098 232000767 70 
2020-12-06T09:05:44 0 0 경기79바1662 4 70 232000098 232000729 71 
2020-12-06T09:06:27 0 0 경기79바1662 4 70 232000098 232000729 71 
2020-12-06T09:06:44 0 0 경기79바1662 4 70 232000098 232000729 71 
2020-12-06T09:07:27 0 0 경기79바1662 4 70 232000098 232000729 71 
2020-12-06T09:07:43 0 0 경기79바1662 4 70 232000098 232000729 71 
2020-12-06T09:08:27 0 0 경기79바1662 4 70 232000098 232000729 71 
2020-12-06T09:08:42 0 0 경기79바1662 4 70 232000098 232000729 71 
2020-12-06T09:09:26 0 0 경기79바1662 4 70 232000098 232000729 71 
2020-12-06T09:09:41 0 0 경기79바1662 4 70 232000098 232000729 71 
2020-12-06T09:10:26 0 0 경기79바1662 4 70 232000098 232000729 71 
2020-12-06T09:10:41 0 0 경기79바1662 4 70 232000098 232000729 71 
2020-12-06T09:11:26 0 0 경기79바1662 4 70 232000098 232000729 71 
2020-12-06T09:11:40 0 0 경기79바1662 4 70 232000098 232000729 71 
2020-12-06T09:12:26 0 0 경기79바1662 4 70 232000098 232000729 71 
2020-12-06T09:12:40 0 0 경기79바1662 4 70 232000098 232000729 71 
2020-12-06T09:13:26 0 0 경기79바1662 4 70 232000098 232000729 71 
2020-12-06T09:13:40 0 0 경기79바1662 4 70 232000098 232000729 71 
2020-12-06T09:14:25 0 0 경기79바1662 4 70 232000098 232000729 71 
2020-12-06T09:14:40 0 0 경기79바1662 4 70 232000098 232000729 71 
2020-12-06T09:15:25 0 0 경기79바1662 4 70 232000098 232000729 71 
2020-12-06T09:15:40 0 0 경기79바1662 4 70 232000098 232000729 71 
2020-12-06T09:16:25 0 0 경기79바1662 4 70 232000098 232000729 71 
2020-12-06T09:16:39 0 0 경기79바1662 4 70 232000098 232000729 71 
2020-12-06T09:17:24 0 0 경기79바1662 4 70 232000098 232000729 71 
2020-12-06T09:17:38 0 0 경기79바1662 4 70 232000098 232000729 71 
2020-12-06T09:18:24 0 0 경기79바1662 4 70 232000098 232000729 71 
2020-12-06T09:18:38 0 0 경기79바1662 4 70 232000098 232000729 71 
2020-12-06T09:19:23 0 0 경기79바1662 4 70 232000098 232000729 71 
2020-12-06T09:19:38 0 0 경기79바1662 4 70 232000098 232000729 71 
2020-12-06T11:00:36 0 0 경기79바1662 4 70 232000098 277102182 2 
2020-12-06T11:00:46 0 0 경기79바1662 4 70 232000098 277102182 2 
2020-12-06T11:01:35 0 0 경기79바1662 4 70 232000098 277102182 2 
2020-12-06T11:01:46 0 0 경기79바1662 4 70 232000098 277102182 2 
2020-12-06T11:02:35 0 0 경기79바1662 4 70 232000098 277102732 3 
2020-12-06T11:02:45 0 0 경기79바1662 4 70 232000098 277102732 3 
2020-12-06T11:03:35 0 0 경기79바1662 4 70 232000098 232000718 4 
2020-12-06T11:03:44 0 0 경기79바1662 4 70 232000098 232000718 4 
2020-12-06T11:04:34 0 0 경기79바1662 4 70 232000098 232000741 5 
2020-12-06T11:04:44 0 0 경기79바1662 4 70 232000098 232000777 6 
2020-12-06T11:05:33 0 0 경기79바1662 4 70 232000098 232000777 6 
2020-12-06T11:05:44 0 0 경기79바1662 4 70 232000098 232000777 6 
2020-12-06T11:06:33 0 0 경기79바1662 4 70 232000098 232000777 6 
2020-12-06T11:06:44 0 0 경기79바1662 4 70 232000098 232000777 6 
2020-12-06T11:07:32 0 0 경기79바1662 4 70 232000098 232000722 7 
2020-12-06T11:07:44 0 0 경기79바1662 4 70 232000098 232000722 7 
2020-12-06T11:08:31 0 0 경기79바1662 4 70 232000098 232000709 8 
2020-12-06T11:08:43 0 0 경기79바1662 4 70 232000098 232000709 8 
2020-12-06T11:09:31 0 0 경기79바1662 4 70 232000098 232000540 9 
2020-12-06T11:09:43 0 0 경기79바1662 4 70 232000098 232000540 9 
2020-12-06T11:10:31 0 0 경기79바1662 4 70 232000098 232000554 10 
2020-12-06T11:10:43 0 0 경기79바1662 4 70 232000098 232000554 10 
2020-12-06T11:11:31 0 0 경기79바1662 4 70 232000098 232000577 11 
2020-12-06T11:11:43 0 0 경기79바1662 4 69 232000098 232000577 11 
2020-12-06T11:12:30 0 0 경기79바1662 4 69 232000098 232000577 11 
2020-12-06T11:12:41 0 0 경기79바1662 4 69 232000098 232000577 11 
2020-12-06T11:13:30 0 0 경기79바1662 4 69 232000098 232000577 11 
2020-12-06T11:13:41 0 0 경기79바1662 4 69 232000098 232000577 11 
2020-12-06T11:14:30 0 0 경기79바1662 4 69 232000098 232000682 12 
2020-12-06T11:14:41 0 0 경기79바1662 4 69 232000098 232000682 12 
2020-12-06T11:15:30 0 0 경기79바1662 4 69 232000098 232000682 12 
2020-12-06T11:15:41 0 0 경기79바1662 4 69 232000098 232000682 12 
2020-12-06T11:16:29 0 0 경기79바1662 4 69 232000098 232000682 12 
2020-12-06T11:16:41 0 0 경기79바1662 4 69 232000098 232000682 12 
2020-12-06T11:17:28 0 0 경기79바1662 4 69 232000098 232000837 13 
2020-12-06T11:17:40 0 0 경기79바1662 4 69 232000098 232000837 13 
2020-12-06T11:18:28 0 0 경기79바1662 4 69 232000098 232000684 14 
2020-12-06T11:18:40 0 0 경기79바1662 4 69 232000098 232000684 14 
2020-12-06T11:19:28 0 0 경기79바1662 4 69 232000098 232000684 14 
2020-12-06T11:19:40 0 0 경기79바1662 4 69 232000098 232000684 14 
2020-12-06T11:20:27 0 0 경기79바1662 4 69 232000098 232000755 15 
2020-12-06T11:20:40 0 0 경기79바1662 4 69 232000098 232000755 15 
2020-12-06T11:21:27 0 0 경기79바1662 4 68 232000098 232000756 16 
2020-12-06T11:21:39 0 0 경기79바1662 4 68 232000098 232000756 16 
2020-12-06T11:22:27 0 0 경기79바1662 4 68 232000098 232000758 17 
2020-12-06T11:22:40 0 0 경기79바1662 4 68 232000098 232000758 17 
2020-12-06T11:23:27 0 0 경기79바1662 4 68 232000098 232000758 17 
2020-12-06T11:23:39 0 0 경기79바1662 4 68 232000098 232000758 17 
2020-12-06T11:24:26 0 0 경기79바1662 4 67 232000098 232000727 18 
2020-12-06T11:24:38 0 0 경기79바1662 4 67 232000098 232000727 18 
2020-12-06T11:25:26 0 0 경기79바1662 4 67 232000098 232000734 19 
2020-12-06T11:25:38 0 0 경기79바1662 4 66 232000098 232000734 19 
2020-12-06T11:26:26 0 0 경기79바1662 4 66 232000098 232000828 20 
2020-12-06T11:26:37 0 0 경기79바1662 4 66 232000098 232000828 20 
2020-12-06T11:27:26 0 0 경기79바1662 4 65 232000098 232000828 20 
2020-12-06T11:27:36 0 0 경기79바1662 4 65 232000098 232000828 20 
2020-12-06T11:28:25 0 0 경기79바1662 4 65 232000098 277102331 21 
2020-12-06T11:28:36 0 0 경기79바1662 4 65 232000098 277102331 21 
2020-12-06T11:29:24 0 0 경기79바1662 4 65 232000098 277102331 21 
2020-12-06T11:29:36 0 0 경기79바1662 4 65 232000098 277102331 21 
2020-12-06T11:30:24 0 0 경기79바1662 4 65 232000098 277102735 22 
2020-12-06T11:30:35 0 0 경기79바1662 4 65 232000098 277102735 22 
2020-12-06T11:31:24 0 0 경기79바1662 4 65 232000098 277102735 22 
2020-12-06T11:31:35 0 0 경기79바1662 4 65 232000098 277102735 22 
2020-12-06T11:32:24 0 0 경기79바1662 4 65 232000098 277102735 22 
2020-12-06T11:32:34 0 0 경기79바1662 4 65 232000098 277102735 22 
2020-12-06T11:33:23 0 0 경기79바1662 4 65 232000098 277102735 22 
2020-12-06T11:33:34 0 0 경기79바1662 4 65 232000098 277102735 22 
2020-12-06T11:34:23 0 0 경기79바1662 4 65 232000098 277102735 22 
2020-12-06T11:34:33 0 0 경기79바1662 4 65 232000098 277102735 22 
2020-12-06T11:35:23 0 0 경기79바1662 4 65 232000098 277102737 23 
2020-12-06T11:35:33 0 0 경기79바1662 4 65 232000098 277102737 23 
2020-12-06T11:36:22 0 0 경기79바1662 4 65 232000098 277102737 23 
2020-12-06T11:36:33 0 0 경기79바1662 4 65 232000098 277102737 23 
2020-12-06T11:37:22 0 0 경기79바1662 4 65 232000098 277102737 23 
2020-12-06T11:37:33 0 0 경기79바1662 4 65 232000098 277102737 23 
2020-12-06T11:38:21 0 0 경기79바1662 4 65 232000098 277101769 24 
2020-12-06T11:38:32 0 0 경기79바1662 4 65 232000098 277101769 24 
2020-12-06T11:39:20 0 0 경기79바1662 4 65 232000098 277101769 24 
2020-12-06T11:39:32 0 0 경기79바1662 4 65 232000098 277101769 24 
2020-12-06T11:40:19 0 0 경기79바1662 4 65 232000098 277101769 24 
2020-12-06T11:40:32 0 0 경기79바1662 4 65 232000098 277101769 24 
2020-12-06T11:41:18 0 0 경기79바1662 4 65 232000098 277101769 24 
2020-12-06T11:41:32 0 0 경기79바1662 4 65 232000098 277101769 24 
2020-12-06T11:42:18 0 0 경기79바1662 4 65 232000098 277103403 25 
2020-12-06T11:42:31 0 0 경기79바1662 4 65 232000098 277103403 25 
2020-12-06T11:43:17 0 0 경기79바1662 4 65 232000098 277103403 25 
2020-12-06T11:43:31 0 0 경기79바1662 4 65 232000098 277103403 25 
2020-12-06T11:44:17 0 0 경기79바1662 4 65 232000098 277103403 25 
2020-12-06T11:44:31 0 0 경기79바1662 4 65 232000098 277103403 25 
2020-12-06T11:45:17 0 0 경기79바1662 4 65 232000098 277103403 25 
2020-12-06T11:46:16 0 0 경기79바1662 4 65 232000098 277103403 25 
2020-12-06T11:47:15 0 0 경기79바1662 4 65 232000098 277103403 25 
2020-12-06T11:48:15 0 0 경기79바1662 4 65 232000098 277103515 26 
2020-12-06T11:49:14 0 0 경기79바1662 4 65 232000098 277103515 26 
2020-12-06T11:50:13 0 0 경기79바1662 4 68 232000098 118000091 27 
2020-12-06T11:51:14 0 0 경기79바1662 4 69 232000098 118000091 27 
2020-12-06T11:52:13 0 0 경기79바1662 4 69 232000098 118000091 27 
2020-12-06T11:53:12 0 0 경기79바1662 4 69 232000098 118000091 27 
2020-12-06T11:54:12 0 0 경기79바1662 4 69 232000098 118000091 27 
2020-12-06T11:55:11 0 0 경기79바1662 4 69 232000098 277104386 28 
2020-12-06T11:56:10 0 0 경기79바1662 4 69 232000098 277104386 28 
2020-12-06T11:57:10 0 0 경기79바1662 4 69 232000098 277104387 29 
2020-12-06T11:58:09 0 0 경기79바1662 4 69 232000098 277104387 29 
2020-12-06T11:59:08 0 0 경기79바1662 4 70 232000098 277104387 29 
2020-12-06T12:00:07 0 0 경기79바1662 4 70 232000098 118000007 30 
2020-12-06T12:01:07 0 0 경기79바1662 4 70 232000098 118000007 30 
2020-12-06T12:02:07 0 0 경기79바1662 4 69 232000098 118000007 30 
2020-12-06T12:03:07 0 0 경기79바1662 4 69 232000098 118000007 30 
2020-12-06T12:04:07 0 0 경기79바1662 4 69 232000098 277104322 31 
2020-12-06T12:05:06 0 0 경기79바1662 4 69 232000098 277104322 31 
2020-12-06T12:06:06 0 0 경기79바1662 4 69 232000098 113000003 33 
2020-12-06T12:07:06 0 0 경기79바1662 4 69 232000098 113000003 33 
2020-12-06T12:08:06 0 0 경기79바1662 4 69 232000098 113000003 33 
2020-12-06T12:09:05 0 0 경기79바1662 4 69 232000098 113000003 33 
2020-12-06T12:10:05 0 0 경기79바1662 4 69 232000098 113000003 33 
2020-12-06T12:11:05 0 0 경기79바1662 4 69 232000098 101000304 35 
2020-12-06T12:12:04 0 0 경기79바1662 4 69 232000098 100000380 36 
2020-12-06T12:13:03 0 0 경기79바1662 4 69 232000098 100000380 36 
2020-12-06T12:14:03 0 0 경기79바1662 4 70 232000098 100000380 36 
2020-12-06T12:15:02 0 0 경기79바1662 4 70 232000098 100000025 37 
2020-12-06T12:16:02 0 0 경기79바1662 4 70 232000098 100000025 37 
2020-12-06T12:17:01 0 0 경기79바1662 4 70 232000098 101000038 38 
2020-12-06T12:18:00 0 0 경기79바1662 4 70 232000098 101000038 38 
2020-12-06T12:19:01 0 0 경기79바1662 4 70 232000098 101000038 38 
2020-12-06T12:20:00 0 0 경기79바1662 4 70 232000098 101000038 38 
2020-12-06T12:21:00 0 0 경기79바1662 4 70 232000098 101000038 38 
2020-12-06T12:21:59 0 0 경기79바1662 4 70 232000098 277101975 39 
2020-12-06T12:22:59 0 0 경기79바1662 4 69 232000098 112000170 40 
2020-12-06T12:23:59 0 0 경기79바1662 4 69 232000098 112000170 40 
2020-12-06T12:24:59 0 0 경기79바1662 4 69 232000098 112000170 40 
2020-12-06T12:25:59 0 0 경기79바1662 4 69 232000098 277102290 41 
2020-12-06T12:26:58 0 0 경기79바1662 4 69 232000098 277102290 41 
2020-12-06T12:27:58 0 0 경기79바1662 4 69 232000098 113000004 42 
2020-12-06T12:28:57 0 0 경기79바1662 4 69 232000098 113000002 43 
2020-12-06T12:29:57 0 0 경기79바1662 4 69 232000098 113000002 43 
2020-12-06T12:30:57 0 0 경기79바1662 4 69 232000098 277104321 44 
2020-12-06T12:31:57 0 0 경기79바1662 4 69 232000098 277104321 44 
2020-12-06T12:32:57 0 0 경기79바1662 4 69 232000098 118000008 45 
2020-12-06T12:33:57 0 0 경기79바1662 4 69 232000098 118000008 45 
2020-12-06T12:34:56 0 0 경기79바1662 4 69 232000098 118000008 45 
2020-12-06T12:35:56 0 0 경기79바1662 4 69 232000098 118000008 45 
2020-12-06T12:36:56 0 0 경기79바1662 4 68 232000098 277102829 46 
2020-12-06T12:37:56 0 0 경기79바1662 4 68 232000098 277102829 46 
2020-12-06T12:38:56 0 0 경기79바1662 4 68 232000098 277102829 46 
2020-12-06T12:39:56 0 0 경기79바1662 4 68 232000098 277102829 46 
2020-12-06T12:40:56 0 0 경기79바1662 4 68 232000098 277102830 47 
2020-12-06T12:41:56 0 0 경기79바1662 4 68 232000098 277102830 47 
2020-12-06T12:42:54 0 0 경기79바1662 4 68 232000098 277102830 47 
2020-12-06T12:43:54 0 0 경기79바1662 4 68 232000098 277102830 47 
2020-12-06T12:44:54 0 0 경기79바1662 4 68 232000098 118000501 48 
2020-12-06T12:45:54 0 0 경기79바1662 4 68 232000098 118000501 48 
2020-12-06T12:46:53 0 0 경기79바1662 4 68 232000098 118000501 48 
2020-12-06T12:47:53 0 0 경기79바1662 4 68 232000098 118000501 48 
2020-12-06T12:48:53 0 0 경기79바1662 4 68 232000098 118000501 48 
2020-12-06T12:49:53 0 0 경기79바1662 4 68 232000098 277103529 49 
2020-12-06T12:50:53 0 0 경기79바1662 4 68 232000098 277103529 49 
2020-12-06T12:51:53 0 0 경기79바1662 4 68 232000098 277103529 49 
2020-12-06T12:52:52 0 0 경기79바1662 4 68 232000098 277103529 49 
2020-12-06T12:53:51 0 0 경기79바1662 4 68 232000098 277103402 50 
2020-12-06T12:54:51 0 0 경기79바1662 4 68 232000098 277103402 50 
2020-12-06T12:55:50 0 0 경기79바1662 4 68 232000098 277103402 50 
2020-12-06T12:56:50 0 0 경기79바1662 4 68 232000098 277103402 50 
2020-12-06T12:57:49 0 0 경기79바1662 4 68 232000098 277103401 51 
2020-12-06T12:58:48 0 0 경기79바1662 4 68 232000098 277103401 51 
2020-12-06T12:59:47 0 0 경기79바1662 4 68 232000098 277103401 51 
2020-12-06T13:00:47 0 0 경기79바1662 4 68 232000098 277102738 52 
2020-12-06T13:01:47 0 0 경기79바1662 4 68 232000098 277102738 52 
2020-12-06T13:02:46 0 0 경기79바1662 4 68 232000098 277102738 52 
2020-12-06T13:03:46 0 0 경기79바1662 4 68 232000098 277102738 52 
2020-12-06T13:04:46 0 0 경기79바1662 4 68 232000098 277102738 52 
2020-12-06T13:05:46 0 0 경기79바1662 4 68 232000098 277102736 53 
2020-12-06T13:06:45 0 0 경기79바1662 4 68 232000098 277102736 53 
2020-12-06T13:07:45 0 0 경기79바1662 4 68 232000098 277102736 53 
2020-12-06T13:08:45 0 0 경기79바1662 4 68 232000098 277102736 53 
2020-12-06T13:09:44 0 0 경기79바1662 4 68 232000098 232000829 54 
2020-12-06T13:10:44 0 0 경기79바1662 4 68 232000098 232000731 55 
2020-12-06T13:11:44 0 0 경기79바1662 4 68 232000098 232000731 55 
2020-12-06T13:12:43 0 0 경기79바1662 4 68 232000098 232000731 55 
2020-12-06T13:13:43 0 0 경기79바1662 4 69 232000098 232000731 55 
2020-12-06T13:14:42 0 0 경기79바1662 4 69 232000098 232000726 56 
2020-12-06T13:15:42 0 0 경기79바1662 4 69 232000098 232000759 57 
2020-12-06T13:16:42 0 0 경기79바1662 4 69 232000098 232000753 58 
2020-12-06T13:17:41 0 0 경기79바1662 4 69 232000098 232000754 59 
2020-12-06T13:18:41 0 0 경기79바1662 4 69 232000098 232000754 59 
2020-12-06T13:19:41 0 0 경기79바1662 4 69 232000098 232000754 59 
2020-12-06T13:20:40 0 0 경기79바1662 4 69 232000098 232000754 59 
2020-12-06T13:21:40 0 0 경기79바1662 4 70 232000098 232000683 60 
2020-12-06T13:22:40 0 0 경기79바1662 4 70 232000098 232000683 60 
2020-12-06T13:23:39 0 0 경기79바1662 4 70 232000098 232000838 61 
2020-12-06T13:24:39 0 0 경기79바1662 4 70 232000098 232000681 62 
2020-12-06T13:25:39 0 0 경기79바1662 4 70 232000098 232000681 62 
2020-12-06T13:26:39 0 0 경기79바1662 4 70 232000098 232000681 62 
2020-12-06T13:27:38 0 0 경기79바1662 4 70 232000098 232000681 62 
2020-12-06T13:28:38 0 0 경기79바1662 4 70 232000098 232000553 64 
2020-12-06T13:29:37 0 0 경기79바1662 4 70 232000098 232000553 64 
2020-12-06T13:30:37 0 0 경기79바1662 4 70 232000098 232000553 64 
2020-12-06T13:31:37 0 0 경기79바1662 4 70 232000098 232000541 65 
2020-12-06T13:32:37 0 0 경기79바1662 4 70 232000098 232000708 66 
2020-12-06T13:33:36 0 0 경기79바1662 4 70 232000098 232000723 67 
2020-12-06T13:34:36 0 0 경기79바1662 4 70 232000098 232000723 67 
2020-12-06T13:35:36 0 0 경기79바1662 4 70 232000098 232000781 68 
2020-12-06T13:36:36 0 0 경기79바1662 4 70 232000098 232000742 69 
2020-12-06T13:37:35 0 0 경기79바1662 4 70 232000098 232000767 70 
2020-12-06T13:38:35 0 0 경기79바1662 4 70 232000098 232000767 70 
2020-12-06T13:39:35 0 0 경기79바1662 4 70 232000098 232000767 70 
2020-12-06T13:40:34 0 0 경기79바1662 4 70 232000098 232000767 70 
2020-12-06T13:41:34 0 0 경기79바1662 4 70 232000098 232000767 70 
2020-12-06T13:42:34 0 0 경기79바1662 4 70 232000098 232000767 70 
2020-12-06T13:43:33 0 0 경기79바1662 4 70 232000098 232000767 70 
2020-12-06T13:44:32 0 0 경기79바1662 4 70 232000098 232000767 70 
2020-12-06T13:45:32 0 0 경기79바1662 4 70 232000098 232000767 70 
2020-12-06T13:46:32 0 0 경기79바1662 4 70 232000098 232000767 70 
2020-12-06T13:47:31 0 0 경기79바1662 4 70 232000098 232000767 70 
2020-12-06T13:48:31 0 0 경기79바1662 4 70 232000098 232000767 70 
2020-12-06T13:49:30 0 0 경기79바1662 4 70 232000098 232000767 70 
2020-12-06T15:40:03 0 0 경기79바1662 4 70 232000098 277102182 2 
2020-12-06T15:41:03 0 0 경기79바1662 4 70 232000098 277102182 2 
2020-12-06T15:42:02 0 0 경기79바1662 4 70 232000098 277102732 3 
2020-12-06T15:43:02 0 0 경기79바1662 4 70 232000098 277102732 3 
2020-12-06T15:44:02 0 0 경기79바1662 4 70 232000098 232000718 4 
2020-12-06T15:45:02 0 0 경기79바1662 4 70 232000098 232000741 5 
2020-12-06T15:46:02 0 0 경기79바1662 4 70 232000098 232000777 6 
2020-12-06T15:47:01 0 0 경기79바1662 4 70 232000098 232000777 6 
2020-12-06T15:48:00 0 0 경기79바1662 4 70 232000098 232000777 6 
2020-12-06T15:49:00 0 0 경기79바1662 4 70 232000098 232000777 6 
2020-12-06T15:50:00 0 0 경기79바1662 4 69 232000098 232000722 7 
2020-12-06T15:51:00 0 0 경기79바1662 4 69 232000098 232000722 7 
2020-12-06T15:52:00 0 0 경기79바1662 4 69 232000098 232000722 7 
2020-12-06T15:53:00 0 0 경기79바1662 4 69 232000098 232000709 8 
2020-12-06T15:53:59 0 0 경기79바1662 4 69 232000098 232000540 9 
2020-12-06T15:54:59 0 0 경기79바1662 4 69 232000098 232000540 9 
2020-12-06T15:55:59 0 0 경기79바1662 4 69 232000098 232000554 10 
2020-12-06T15:56:58 0 0 경기79바1662 4 69 232000098 232000577 11 
2020-12-06T15:57:58 0 0 경기79바1662 4 69 232000098 232000577 11 
2020-12-06T15:58:58 0 0 경기79바1662 4 69 232000098 232000577 11 
2020-12-06T15:59:57 0 0 경기79바1662 4 68 232000098 232000682 12 
2020-12-06T16:00:57 0 0 경기79바1662 4 68 232000098 232000682 12 
2020-12-06T16:01:57 0 0 경기79바1662 4 68 232000098 232000682 12 
2020-12-06T16:02:57 0 0 경기79바1662 4 68 232000098 232000837 13 
2020-12-06T16:03:56 0 0 경기79바1662 4 68 232000098 232000684 14 
2020-12-06T16:04:56 0 0 경기79바1662 4 68 232000098 232000684 14 
2020-12-06T16:05:55 0 0 경기79바1662 4 68 232000098 232000684 14 
2020-12-06T16:06:55 0 0 경기79바1662 4 68 232000098 232000684 14 
2020-12-06T16:07:54 0 0 경기79바1662 4 68 232000098 232000684 14 
2020-12-06T16:08:54 0 0 경기79바1662 4 68 232000098 232000755 15 
2020-12-06T16:09:54 0 0 경기79바1662 4 66 232000098 232000756 16 
2020-12-06T16:10:54 0 0 경기79바1662 4 66 232000098 232000756 16 
2020-12-06T16:11:53 0 0 경기79바1662 4 65 232000098 232000758 17 
2020-12-06T16:12:53 0 0 경기79바1662 4 65 232000098 232000758 17 
2020-12-06T16:13:52 0 0 경기79바1662 4 65 232000098 232000758 17 
2020-12-06T16:14:52 0 0 경기79바1662 4 65 232000098 232000727 18 
2020-12-06T16:15:51 0 0 경기79바1662 4 65 232000098 232000734 19 
2020-12-06T16:16:50 0 0 경기79바1662 4 65 232000098 277102331 21 
2020-12-06T16:17:51 0 0 경기79바1662 4 65 232000098 277102331 21 
2020-12-06T16:18:49 0 0 경기79바1662 4 65 232000098 277102331 21 
2020-12-06T16:19:49 0 0 경기79바1662 4 65 232000098 277102735 22 
2020-12-06T16:20:48 0 0 경기79바1662 4 65 232000098 277102735 22 
2020-12-06T16:21:48 0 0 경기79바1662 4 65 232000098 277102735 22 
2020-12-06T16:22:48 0 0 경기79바1662 4 65 232000098 277102735 22 
2020-12-06T16:23:47 0 0 경기79바1662 4 65 232000098 277102737 23 
2020-12-06T16:24:47 0 0 경기79바1662 4 65 232000098 277102737 23 
2020-12-06T16:25:47 0 0 경기79바1662 4 65 232000098 277102737 23 
2020-12-06T16:26:45 0 0 경기79바1662 4 65 232000098 277102737 23 
2020-12-06T16:27:45 0 0 경기79바1662 4 65 232000098 277102737 23 
2020-12-06T16:28:45 0 0 경기79바1662 4 65 232000098 277101769 24 
2020-12-06T16:29:45 0 0 경기79바1662 4 65 232000098 277101769 24 
2020-12-06T16:30:44 0 0 경기79바1662 4 65 232000098 277101769 24 
2020-12-06T16:31:44 0 0 경기79바1662 4 65 232000098 277101769 24 
2020-12-06T16:32:44 0 0 경기79바1662 4 65 232000098 277103403 25 
2020-12-06T16:33:44 0 0 경기79바1662 4 65 232000098 277103403 25 
2020-12-06T16:34:43 0 0 경기79바1662 4 65 232000098 277103403 25 
2020-12-06T16:35:43 0 0 경기79바1662 4 65 232000098 277103403 25 
2020-12-06T16:36:43 0 0 경기79바1662 4 65 232000098 277103403 25 
2020-12-06T16:37:42 0 0 경기79바1662 4 65 232000098 277103403 25 
2020-12-06T16:38:42 0 0 경기79바1662 4 65 232000098 277103403 25 
2020-12-06T16:39:42 0 0 경기79바1662 4 65 232000098 277103515 26 
2020-12-06T16:40:41 0 0 경기79바1662 4 65 232000098 277103515 26 
2020-12-06T16:41:41 0 0 경기79바1662 4 67 232000098 118000091 27 
2020-12-06T16:42:40 0 0 경기79바1662 4 67 232000098 118000091 27 
2020-12-06T16:43:39 0 0 경기79바1662 4 67 232000098 118000091 27 
2020-12-06T16:44:39 0 0 경기79바1662 4 67 232000098 118000091 27 
2020-12-06T16:45:39 0 0 경기79바1662 4 67 232000098 118000091 27 
2020-12-06T16:46:38 0 0 경기79바1662 4 67 232000098 118000091 27 
2020-12-06T16:47:38 0 0 경기79바1662 4 67 232000098 277104386 28 
2020-12-06T16:48:38 0 0 경기79바1662 4 67 232000098 277104386 28 
2020-12-06T16:49:38 0 0 경기79바1662 4 67 232000098 277104387 29 
2020-12-06T16:50:37 0 0 경기79바1662 4 67 232000098 277104387 29 
2020-12-06T16:51:37 0 0 경기79바1662 4 67 232000098 277104387 29 
2020-12-06T16:52:37 0 0 경기79바1662 4 67 232000098 118000007 30 
2020-12-06T16:53:36 0 0 경기79바1662 4 67 232000098 118000007 30 
2020-12-06T16:54:36 0 0 경기79바1662 4 67 232000098 118000007 30 
2020-12-06T16:55:36 0 0 경기79바1662 4 67 232000098 277104322 31 
2020-12-06T16:56:36 0 0 경기79바1662 4 67 232000098 277104322 31 
2020-12-06T16:57:35 0 0 경기79바1662 4 67 232000098 113000001 32 
2020-12-06T16:58:35 0 0 경기79바1662 4 67 232000098 113000003 33 
2020-12-06T16:59:35 0 0 경기79바1662 4 67 232000098 113000003 33 
2020-12-06T17:00:34 0 0 경기79바1662 4 67 232000098 113000003 33 
2020-12-06T17:01:34 0 0 경기79바1662 4 67 232000098 113000003 33 
2020-12-06T17:02:34 0 0 경기79바1662 4 67 232000098 113000003 33 
2020-12-06T17:03:33 0 0 경기79바1662 4 67 232000098 112000430 34 
2020-12-06T17:04:33 0 0 경기79바1662 4 68 232000098 101000304 35 
2020-12-06T17:05:32 0 0 경기79바1662 4 68 232000098 101000304 35 
2020-12-06T17:06:32 0 0 경기79바1662 4 68 232000098 100000380 36 
2020-12-06T17:07:32 0 0 경기79바1662 4 68 232000098 100000380 36 
2020-12-06T17:08:31 0 0 경기79바1662 4 68 232000098 100000380 36 
2020-12-06T17:09:31 0 0 경기79바1662 4 68 232000098 100000025 37 
2020-12-06T17:10:31 0 0 경기79바1662 4 68 232000098 100000025 37 
2020-12-06T17:11:31 0 0 경기79바1662 4 68 232000098 101000038 38 
2020-12-06T17:12:30 0 0 경기79바1662 4 69 232000098 101000038 38 
2020-12-06T17:13:30 0 0 경기79바1662 4 69 232000098 112000170 40 
2020-12-06T17:14:30 0 0 경기79바1662 4 69 232000098 112000170 40 
2020-12-06T17:15:30 0 0 경기79바1662 4 69 232000098 112000170 40 
2020-12-06T17:16:30 0 0 경기79바1662 4 69 232000098 112000170 40 
2020-12-06T17:17:29 0 0 경기79바1662 4 69 232000098 277102290 41 
2020-12-06T17:18:29 0 0 경기79바1662 4 69 232000098 277102290 41 
2020-12-06T17:19:29 0 0 경기79바1662 4 69 232000098 113000004 42 
2020-12-06T17:20:28 0 0 경기79바1662 4 67 232000098 113000004 42 
2020-12-06T17:21:28 0 0 경기79바1662 4 67 232000098 113000002 43 
2020-12-06T17:22:28 0 0 경기79바1662 4 66 232000098 113000002 43 
2020-12-06T17:23:28 0 0 경기79바1662 4 66 232000098 277104321 44 
2020-12-06T17:24:27 0 0 경기79바1662 4 66 232000098 277104321 44 
2020-12-06T17:25:27 0 0 경기79바1662 4 66 232000098 277104321 44 
2020-12-06T17:26:27 0 0 경기79바1662 4 66 232000098 118000008 45 
2020-12-06T17:27:27 0 0 경기79바1662 4 66 232000098 118000008 45 
2020-12-06T17:28:27 0 0 경기79바1662 4 66 232000098 118000008 45 
2020-12-06T17:29:26 0 0 경기79바1662 4 66 232000098 118000008 45 
2020-12-06T17:30:25 0 0 경기79바1662 4 66 232000098 277102829 46 
2020-12-06T17:31:25 0 0 경기79바1662 4 66 232000098 277102829 46 
2020-12-06T17:32:25 0 0 경기79바1662 4 66 232000098 277102829 46 
2020-12-06T17:33:25 0 0 경기79바1662 4 66 232000098 277102829 46 
2020-12-06T17:34:25 0 0 경기79바1662 4 66 232000098 277102829 46 
2020-12-06T17:35:25 0 0 경기79바1662 4 66 232000098 277102830 47 
2020-12-06T17:36:25 0 0 경기79바1662 4 66 232000098 277102830 47 
2020-12-06T17:37:24 0 0 경기79바1662 4 66 232000098 118000501 48 
2020-12-06T17:38:24 0 0 경기79바1662 4 65 232000098 118000501 48 
2020-12-06T17:39:24 0 0 경기79바1662 4 65 232000098 118000501 48 
2020-12-06T17:40:24 0 0 경기79바1662 4 65 232000098 118000501 48 
2020-12-06T17:41:23 0 0 경기79바1662 4 65 232000098 118000501 48 
2020-12-06T17:42:23 0 0 경기79바1662 4 65 232000098 277103529 49 
2020-12-06T17:43:23 0 0 경기79바1662 4 65 232000098 277103529 49 
2020-12-06T17:44:23 0 0 경기79바1662 4 65 232000098 277103529 49 
2020-12-06T17:45:23 0 0 경기79바1662 4 65 232000098 277103529 49 
2020-12-06T17:46:22 0 0 경기79바1662 4 65 232000098 277103402 50 
2020-12-06T17:47:22 0 0 경기79바1662 4 65 232000098 277103402 50 
2020-12-06T17:48:22 0 0 경기79바1662 4 65 232000098 277103402 50 
2020-12-06T17:49:22 0 0 경기79바1662 4 65 232000098 277103401 51 
2020-12-06T17:50:21 0 0 경기79바1662 4 65 232000098 277103401 51 
2020-12-06T17:51:20 0 0 경기79바1662 4 65 232000098 277103401 51 
2020-12-06T17:52:19 0 0 경기79바1662 4 65 232000098 277103401 51 
2020-12-06T17:53:19 0 0 경기79바1662 4 65 232000098 277102738 52 
2020-12-06T17:54:19 0 0 경기79바1662 4 65 232000098 277102738 52 
2020-12-06T17:55:19 0 0 경기79바1662 4 65 232000098 277102738 52 
2020-12-06T17:56:18 0 0 경기79바1662 4 65 232000098 277102738 52 
2020-12-06T17:57:17 0 0 경기79바1662 4 65 232000098 277102738 52 
2020-12-06T17:58:17 0 0 경기79바1662 4 65 232000098 277102736 53 
2020-12-06T17:59:17 0 0 경기79바1662 4 65 232000098 277102736 53 
2020-12-06T18:00:16 0 0 경기79바1662 4 65 232000098 277102736 53 
2020-12-06T18:01:16 0 0 경기79바1662 4 65 232000098 232000829 54 
2020-12-06T18:02:16 0 0 경기79바1662 4 65 232000098 232000731 55 
2020-12-06T18:03:15 0 0 경기79바1662 4 65 232000098 232000731 55 
2020-12-06T18:04:15 0 0 경기79바1662 4 65 232000098 232000726 56 
2020-12-06T18:05:15 0 0 경기79바1662 4 65 232000098 232000759 57 
2020-12-06T18:06:15 0 0 경기79바1662 4 65 232000098 232000753 58 
2020-12-06T18:07:14 0 0 경기79바1662 4 66 232000098 232000754 59 
2020-12-06T18:08:14 0 0 경기79바1662 4 66 232000098 232000754 59 
2020-12-06T18:09:13 0 0 경기79바1662 4 68 232000098 232000683 60 
2020-12-06T18:10:13 0 0 경기79바1662 4 68 232000098 232000683 60 
2020-12-06T18:11:13 0 0 경기79바1662 4 68 232000098 232000838 61 
2020-12-06T18:12:13 0 0 경기79바1662 4 68 232000098 232000838 61 
2020-12-06T18:13:13 0 0 경기79바1662 4 68 232000098 232000838 61 
