204000065 2020-12-19T23:50:57.635284+09:00
2020-12-20T07:00:02 0 0 경기70아1592 3 39 204000065 277102470 3 
2020-12-20T07:01:02 0 0 경기70아1592 3 39 204000065 277102470 3 
2020-12-20T07:02:01 0 0 경기70아1592 3 39 204000065 206000405 4 
2020-12-20T07:03:00 0 0 경기70아1592 3 39 204000065 206000334 5 
2020-12-20T07:03:59 0 0 경기70아1592 3 39 204000065 206000710 6 
2020-12-20T07:04:59 0 0 경기70아1592 3 39 204000065 206000714 7 
2020-12-20T07:05:59 0 0 경기70아1592 3 39 204000065 206000721 8 
2020-12-20T07:06:58 0 0 경기70아1592 3 39 204000065 206000723 9 
2020-12-20T07:07:58 0 0 경기70아1592 3 39 204000065 206000327 10 
2020-12-20T07:08:58 0 0 경기70아1592 3 39 204000065 206000038 13 
2020-12-20T07:09:58 0 0 경기70아1592 3 39 204000065 206000037 14 
2020-12-20T07:10:57 0 0 경기70아1592 3 39 204000065 206000035 16 
2020-12-20T07:11:57 0 0 경기70아1592 3 37 204000065 206000034 17 
2020-12-20T07:12:57 0 0 경기70아1592 3 37 204000065 206000033 18 
2020-12-20T07:13:57 0 0 경기70아1592 3 37 204000065 206000033 18 
2020-12-20T07:14:56 0 0 경기70아1592 3 37 204000065 206000033 18 
2020-12-20T07:15:56 0 0 경기70아1592 3 37 204000065 206000029 22 
2020-12-20T07:16:56 0 0 경기70아1592 3 37 204000065 206000318 24 
2020-12-20T07:17:55 0 0 경기70아1592 3 37 204000065 206000317 25 
2020-12-20T07:18:55 0 0 경기70아1592 3 37 204000065 206000027 27 
2020-12-20T07:19:54 0 0 경기70아1592 3 37 204000065 206000027 27 
2020-12-20T07:20:54 0 0 경기70아1592 3 37 204000065 206000226 29 
2020-12-20T07:21:54 0 0 경기70아1592 3 37 204000065 206000784 30 
2020-12-20T07:22:53 0 0 경기70아1592 3 37 204000065 205000029 31 
2020-12-20T07:23:52 0 0 경기70아1592 3 37 204000065 205000029 31 
2020-12-20T07:24:52 0 0 경기70아1592 3 37 204000065 205000029 31 
2020-12-20T07:25:52 0 0 경기70아1592 3 37 204000065 205000029 31 
2020-12-20T07:26:52 0 0 경기70아1592 3 37 204000065 205000029 31 
2020-12-20T07:27:52 0 0 경기70아1592 3 37 204000065 205000029 31 
2020-12-20T07:28:51 0 0 경기70아1592 3 37 204000065 205000069 32 
2020-12-20T07:29:50 0 0 경기70아1592 3 37 204000065 277102622 33 
2020-12-20T07:30:50 0 0 경기70아1592 3 37 204000065 277102622 33 
2020-12-20T07:31:49 0 0 경기70아1592 3 37 204000065 277102622 33 
2020-12-20T07:32:48 0 0 경기70아1592 3 37 204000065 277103419 34 
2020-12-20T07:33:47 0 0 경기70아1592 3 37 204000065 277103419 34 
2020-12-20T07:34:47 0 0 경기70아1592 3 37 204000065 277103419 34 
2020-12-20T07:35:46 0 0 경기70아1592 3 37 204000065 277103421 35 
2020-12-20T07:36:45 0 0 경기70아1592 3 37 204000065 277103421 35 
2020-12-20T07:37:45 0 0 경기70아1592 3 37 204000065 122000288 37 
2020-12-20T07:38:44 0 0 경기70아1592 3 37 204000065 122000288 37 
2020-12-20T07:39:43 0 0 경기70아1592 3 37 204000065 122000258 38 
2020-12-20T07:40:42 0 0 경기70아1592 3 37 204000065 122000291 39 
2020-12-20T07:41:41 0 0 경기70아1592 3 37 204000065 122000137 40 
2020-12-20T07:42:41 0 0 경기70아1592 3 37 204000065 122000388 41 
2020-12-20T07:43:40 0 0 경기70아1592 3 37 204000065 122000139 43 
2020-12-20T07:44:44 0 0 경기70아1592 3 37 204000065 122000094 44 
2020-12-20T07:45:38 0 0 경기70아1592 3 37 204000065 122000089 45 
2020-12-20T07:46:39 0 0 경기70아1592 3 38 204000065 122000069 47 
2020-12-20T07:47:38 0 0 경기70아1592 3 39 204000065 122000066 48 
2020-12-20T07:48:38 0 0 경기70아1592 3 39 204000065 122000066 48 
2020-12-20T07:49:37 0 0 경기70아1592 3 39 204000065 122000066 48 
2020-12-20T07:50:36 0 0 경기70아1592 3 39 204000065 122000066 48 
2020-12-20T07:51:35 0 0 경기70아1592 3 39 204000065 122000559 50 
2020-12-20T07:52:35 0 0 경기70아1592 3 39 204000065 122000078 51 
2020-12-20T07:53:34 0 0 경기70아1592 3 39 204000065 122000078 51 
2020-12-20T07:54:33 0 0 경기70아1592 3 39 204000065 122000079 52 
2020-12-20T07:55:32 0 0 경기70아1592 3 39 204000065 122000079 52 
2020-12-20T07:56:32 0 0 경기70아1592 3 39 204000065 122000065 53 
2020-12-20T07:57:31 0 0 경기70아1592 3 39 204000065 122000637 54 
2020-12-20T07:58:31 0 0 경기70아1592 3 39 204000065 122000637 54 
2020-12-20T07:59:31 0 0 경기70아1592 3 39 204000065 122000068 55 
2020-12-20T08:00:30 0 0 경기70아1592 3 39 204000065 122000086 56 
2020-12-20T08:01:29 0 0 경기70아1592 3 39 204000065 122000086 56 
2020-12-20T08:02:29 0 0 경기70아1592 3 39 204000065 122000096 58 
2020-12-20T08:03:29 0 0 경기70아1592 3 39 204000065 122000096 58 
2020-12-20T08:04:28 0 0 경기70아1592 3 39 204000065 122000142 60 
2020-12-20T08:05:27 0 0 경기70아1592 3 39 204000065 122000142 60 
2020-12-20T08:06:27 0 0 경기70아1592 3 39 204000065 122000142 60 
2020-12-20T08:07:27 0 0 경기70아1592 3 39 204000065 122000133 61 
2020-12-20T08:08:26 0 0 경기70아1592 3 39 204000065 122000256 62 
2020-12-20T08:09:25 0 0 경기70아1592 3 39 204000065 122000257 63 
2020-12-20T08:10:24 0 0 경기70아1592 3 39 204000065 122000257 63 
2020-12-20T08:11:24 0 0 경기70아1592 3 39 204000065 122000257 63 
2020-12-20T08:12:23 0 0 경기70아1592 3 39 204000065 122000286 64 
2020-12-20T08:13:23 0 0 경기70아1592 3 39 204000065 122000285 65 
2020-12-20T08:14:23 0 0 경기70아1592 3 39 204000065 277103420 66 
2020-12-20T08:15:22 0 0 경기70아1592 3 39 204000065 277103420 66 
2020-12-20T08:16:21 0 0 경기70아1592 3 39 204000065 277103420 66 
2020-12-20T08:17:21 0 0 경기70아1592 3 39 204000065 277103418 67 
2020-12-20T08:18:20 0 0 경기70아1592 3 39 204000065 277103418 67 
2020-12-20T08:19:20 0 0 경기70아1592 3 39 204000065 277103418 67 
2020-12-20T08:20:20 0 0 경기70아1592 3 39 204000065 277103418 67 
2020-12-20T08:21:19 0 0 경기70아1592 3 39 204000065 277103418 67 
2020-12-20T08:22:19 0 0 경기70아1592 3 39 204000065 277103418 67 
2020-12-20T08:23:18 0 0 경기70아1592 3 39 204000065 205000207 68 
2020-12-20T08:24:17 0 0 경기70아1592 3 39 204000065 205000207 68 
2020-12-20T08:25:17 0 0 경기70아1592 3 39 204000065 205000245 69 
2020-12-20T08:26:17 0 0 경기70아1592 3 39 204000065 205000245 69 
2020-12-20T08:27:16 0 0 경기70아1592 3 39 204000065 205000245 69 
2020-12-20T08:28:15 0 0 경기70아1592 3 39 204000065 206000157 71 
2020-12-20T08:29:15 0 0 경기70아1592 3 39 204000065 206000055 72 
2020-12-20T08:30:15 0 0 경기70아1592 3 39 204000065 206000053 74 
2020-12-20T08:31:14 0 0 경기70아1592 3 39 204000065 206000053 74 
2020-12-20T08:32:14 0 0 경기70아1592 3 39 204000065 206000238 75 
2020-12-20T08:33:14 0 0 경기70아1592 3 39 204000065 206000237 76 
2020-12-20T08:34:13 0 0 경기70아1592 3 39 204000065 206000237 76 
2020-12-20T08:35:12 0 0 경기70아1592 3 39 204000065 206000052 77 
2020-12-20T08:36:13 0 0 경기70아1592 3 39 204000065 206000128 79 
2020-12-20T08:37:12 0 0 경기70아1592 3 39 204000065 206000049 81 
2020-12-20T08:38:12 0 0 경기70아1592 3 39 204000065 206000047 83 
2020-12-20T08:39:11 0 0 경기70아1592 3 39 204000065 206000672 87 
2020-12-20T08:40:10 0 0 경기70아1592 3 39 204000065 206000043 88 
2020-12-20T08:41:10 0 0 경기70아1592 3 39 204000065 206000178 89 
2020-12-20T08:42:09 0 0 경기70아1592 3 39 204000065 206000724 90 
2020-12-20T08:43:08 0 0 경기70아1592 3 39 204000065 206000722 91 
2020-12-20T08:44:07 0 0 경기70아1592 3 39 204000065 206000722 91 
2020-12-20T08:45:06 0 0 경기70아1592 3 39 204000065 206000715 92 
2020-12-20T08:46:06 0 0 경기70아1592 3 39 204000065 206000041 94 
2020-12-20T08:47:05 0 0 경기70아1592 3 39 204000065 206000171 95 
2020-12-20T10:58:05 0 0 경기70아1592 3 39 204000065 277102470 3 
2020-12-20T10:59:04 0 0 경기70아1592 3 39 204000065 206000405 4 
2020-12-20T11:00:03 0 0 경기70아1592 3 39 204000065 206000405 4 
2020-12-20T11:01:02 0 0 경기70아1592 3 39 204000065 206000405 4 
2020-12-20T11:02:03 0 0 경기70아1592 3 39 204000065 206000405 4 
2020-12-20T11:03:02 0 0 경기70아1592 3 39 204000065 206000334 5 
2020-12-20T11:04:02 0 0 경기70아1592 3 39 204000065 206000714 7 
2020-12-20T11:05:01 0 0 경기70아1592 3 39 204000065 206000714 7 
2020-12-20T11:06:00 0 0 경기70아1592 3 39 204000065 206000721 8 
2020-12-20T11:07:00 0 0 경기70아1592 3 39 204000065 206000723 9 
2020-12-20T11:07:59 0 0 경기70아1592 3 39 204000065 206000327 10 
2020-12-20T11:08:59 0 0 경기70아1592 3 39 204000065 206000038 13 
2020-12-20T11:09:59 0 0 경기70아1592 3 39 204000065 206000037 14 
2020-12-20T11:10:58 0 0 경기70아1592 3 39 204000065 206000035 16 
2020-12-20T11:11:58 0 0 경기70아1592 3 39 204000065 206000034 17 
2020-12-20T11:12:58 0 0 경기70아1592 3 39 204000065 206000034 17 
2020-12-20T11:13:57 0 0 경기70아1592 3 39 204000065 206000033 18 
2020-12-20T11:14:57 0 0 경기70아1592 3 39 204000065 206000033 18 
2020-12-20T11:15:57 0 0 경기70아1592 3 39 204000065 206000030 21 
2020-12-20T11:16:57 0 0 경기70아1592 3 38 204000065 206000383 23 
2020-12-20T11:17:57 0 0 경기70아1592 3 38 204000065 206000318 24 
2020-12-20T11:18:56 0 0 경기70아1592 3 38 204000065 206000318 24 
2020-12-20T11:19:55 0 0 경기70아1592 3 38 204000065 206000317 25 
2020-12-20T11:20:54 0 0 경기70아1592 3 38 204000065 206000028 26 
2020-12-20T11:21:54 0 0 경기70아1592 3 38 204000065 206000027 27 
2020-12-20T11:22:54 0 0 경기70아1592 3 38 204000065 206000027 27 
2020-12-20T11:23:53 0 0 경기70아1592 3 38 204000065 206000226 29 
2020-12-20T11:24:53 0 0 경기70아1592 3 38 204000065 206000784 30 
2020-12-20T11:25:53 0 0 경기70아1592 3 38 204000065 205000029 31 
2020-12-20T11:26:52 0 0 경기70아1592 3 38 204000065 205000029 31 
2020-12-20T11:27:52 0 0 경기70아1592 3 38 204000065 205000029 31 
2020-12-20T11:28:52 0 0 경기70아1592 3 38 204000065 205000029 31 
2020-12-20T11:29:52 0 0 경기70아1592 3 38 204000065 205000069 32 
2020-12-20T11:30:51 0 0 경기70아1592 3 38 204000065 205000069 32 
2020-12-20T11:31:50 0 0 경기70아1592 3 38 204000065 205000069 32 
2020-12-20T11:32:50 0 0 경기70아1592 3 38 204000065 277102622 33 
2020-12-20T11:33:50 0 0 경기70아1592 3 38 204000065 277102622 33 
2020-12-20T11:34:50 0 0 경기70아1592 3 38 204000065 277102622 33 
2020-12-20T11:35:50 0 0 경기70아1592 3 38 204000065 277102622 33 
2020-12-20T11:36:50 0 0 경기70아1592 3 38 204000065 277103419 34 
2020-12-20T11:37:50 0 0 경기70아1592 3 38 204000065 277103419 34 
2020-12-20T11:38:49 0 0 경기70아1592 3 38 204000065 277103419 34 
2020-12-20T11:39:48 0 0 경기70아1592 3 38 204000065 277103421 35 
2020-12-20T11:40:47 0 0 경기70아1592 3 38 204000065 277103421 35 
2020-12-20T11:41:47 0 0 경기70아1592 3 38 204000065 122000288 37 
2020-12-20T11:42:47 0 0 경기70아1592 3 38 204000065 122000258 38 
2020-12-20T11:43:47 0 0 경기70아1592 3 38 204000065 122000258 38 
2020-12-20T11:44:47 0 0 경기70아1592 3 38 204000065 122000291 39 
2020-12-20T11:45:47 0 0 경기70아1592 3 38 204000065 122000291 39 
2020-12-20T11:46:46 0 0 경기70아1592 3 38 204000065 122000137 40 
2020-12-20T11:47:46 0 0 경기70아1592 3 38 204000065 122000137 40 
2020-12-20T11:48:45 0 0 경기70아1592 3 38 204000065 122000388 41 
2020-12-20T11:49:44 0 0 경기70아1592 3 38 204000065 122000386 42 
2020-12-20T11:50:43 0 0 경기70아1592 3 38 204000065 122000139 43 
2020-12-20T11:51:43 0 0 경기70아1592 3 38 204000065 122000139 43 
2020-12-20T11:52:42 0 0 경기70아1592 3 39 204000065 122000094 44 
2020-12-20T11:53:41 0 0 경기70아1592 3 39 204000065 122000094 44 
2020-12-20T11:54:41 0 0 경기70아1592 3 39 204000065 122000085 46 
2020-12-20T11:55:41 0 0 경기70아1592 3 39 204000065 122000066 48 
2020-12-20T11:56:40 0 0 경기70아1592 3 39 204000065 122000064 49 
2020-12-20T11:57:40 0 0 경기70아1592 3 39 204000065 122000064 49 
2020-12-20T11:58:39 0 0 경기70아1592 3 39 204000065 122000064 49 
2020-12-20T11:59:39 0 0 경기70아1592 3 39 204000065 122000559 50 
2020-12-20T12:00:38 0 0 경기70아1592 3 39 204000065 122000559 50 
2020-12-20T12:01:37 0 0 경기70아1592 3 39 204000065 122000559 50 
2020-12-20T12:02:37 0 0 경기70아1592 3 39 204000065 122000078 51 
2020-12-20T12:03:37 0 0 경기70아1592 3 39 204000065 122000078 51 
2020-12-20T12:04:36 0 0 경기70아1592 3 39 204000065 122000079 52 
2020-12-20T12:05:35 0 0 경기70아1592 3 39 204000065 122000079 52 
2020-12-20T12:06:35 0 0 경기70아1592 3 39 204000065 122000065 53 
2020-12-20T12:07:35 0 0 경기70아1592 3 39 204000065 122000637 54 
2020-12-20T12:08:34 0 0 경기70아1592 3 39 204000065 122000068 55 
2020-12-20T12:09:34 0 0 경기70아1592 3 39 204000065 122000086 56 
2020-12-20T12:10:33 0 0 경기70아1592 3 39 204000065 122000095 57 
2020-12-20T12:11:33 0 0 경기70아1592 3 39 204000065 122000096 58 
2020-12-20T12:12:32 0 0 경기70아1592 3 37 204000065 122000096 58 
2020-12-20T12:13:31 0 0 경기70아1592 3 37 204000065 122000330 59 
2020-12-20T12:14:32 0 0 경기70아1592 3 37 204000065 122000330 59 
2020-12-20T12:15:31 0 0 경기70아1592 3 37 204000065 122000142 60 
2020-12-20T12:16:30 0 0 경기70아1592 3 37 204000065 122000133 61 
2020-12-20T12:17:30 0 0 경기70아1592 3 37 204000065 122000133 61 
2020-12-20T12:18:29 0 0 경기70아1592 3 37 204000065 122000256 62 
2020-12-20T12:19:29 0 0 경기70아1592 3 36 204000065 122000256 62 
2020-12-20T12:20:29 0 0 경기70아1592 3 36 204000065 122000257 63 
2020-12-20T12:21:29 0 0 경기70아1592 3 36 204000065 122000257 63 
2020-12-20T12:22:28 0 0 경기70아1592 3 36 204000065 122000257 63 
2020-12-20T12:23:28 0 0 경기70아1592 3 36 204000065 122000257 63 
2020-12-20T12:24:27 0 0 경기70아1592 3 36 204000065 122000285 65 
2020-12-20T12:25:27 0 0 경기70아1592 3 36 204000065 122000285 65 
2020-12-20T12:26:26 0 0 경기70아1592 3 36 204000065 277103420 66 
2020-12-20T12:27:26 0 0 경기70아1592 3 36 204000065 277103420 66 
2020-12-20T12:28:25 0 0 경기70아1592 3 36 204000065 277103420 66 
2020-12-20T12:29:24 0 0 경기70아1592 3 36 204000065 277103418 67 
2020-12-20T12:30:24 0 0 경기70아1592 3 36 204000065 277103418 67 
2020-12-20T12:31:24 0 0 경기70아1592 3 36 204000065 277103418 67 
2020-12-20T12:32:24 0 0 경기70아1592 3 36 204000065 277103418 67 
2020-12-20T12:33:24 0 0 경기70아1592 3 36 204000065 277103418 67 
2020-12-20T12:34:23 0 0 경기70아1592 3 36 204000065 277103418 67 
2020-12-20T12:35:23 0 0 경기70아1592 3 36 204000065 205000207 68 
2020-12-20T12:36:23 0 0 경기70아1592 3 36 204000065 205000207 68 
2020-12-20T12:37:23 0 0 경기70아1592 3 36 204000065 205000207 68 
2020-12-20T12:38:22 0 0 경기70아1592 3 36 204000065 205000207 68 
2020-12-20T12:39:22 0 0 경기70아1592 3 36 204000065 205000207 68 
2020-12-20T12:40:21 0 0 경기70아1592 3 36 204000065 205000245 69 
2020-12-20T12:41:20 0 0 경기70아1592 3 36 204000065 205000245 69 
2020-12-20T12:42:20 0 0 경기70아1592 3 36 204000065 206000361 70 
2020-12-20T12:43:19 0 0 경기70아1592 3 37 204000065 206000157 71 
2020-12-20T12:44:19 0 0 경기70아1592 3 37 204000065 206000157 71 
2020-12-20T12:45:19 0 0 경기70아1592 3 37 204000065 206000055 72 
2020-12-20T12:46:19 0 0 경기70아1592 3 37 204000065 206000055 72 
2020-12-20T12:47:18 0 0 경기70아1592 3 37 204000065 206000053 74 
2020-12-20T12:48:18 0 0 경기70아1592 3 37 204000065 206000053 74 
2020-12-20T12:49:18 0 0 경기70아1592 3 37 204000065 206000053 74 
2020-12-20T12:50:18 0 0 경기70아1592 3 37 204000065 206000238 75 
2020-12-20T12:51:18 0 0 경기70아1592 3 37 204000065 206000238 75 
2020-12-20T12:52:17 0 0 경기70아1592 3 37 204000065 206000238 75 
2020-12-20T12:53:17 0 0 경기70아1592 3 37 204000065 206000052 77 
2020-12-20T12:54:17 0 0 경기70아1592 3 37 204000065 206000128 79 
2020-12-20T12:55:16 0 0 경기70아1592 3 37 204000065 206000049 81 
2020-12-20T12:56:16 0 0 경기70아1592 3 37 204000065 206000047 83 
2020-12-20T12:57:15 0 0 경기70아1592 3 37 204000065 206000672 87 
2020-12-20T12:58:15 0 0 경기70아1592 3 37 204000065 206000043 88 
2020-12-20T12:59:14 0 0 경기70아1592 3 37 204000065 206000178 89 
2020-12-20T13:00:14 0 0 경기70아1592 3 37 204000065 206000724 90 
2020-12-20T13:01:13 0 0 경기70아1592 3 37 204000065 206000722 91 
2020-12-20T13:02:13 0 0 경기70아1592 3 37 204000065 206000715 92 
2020-12-20T13:03:13 0 0 경기70아1592 3 37 204000065 206000715 92 
2020-12-20T13:04:13 0 0 경기70아1592 3 37 204000065 206000041 94 
2020-12-20T13:05:13 0 0 경기70아1592 3 39 204000065 206000171 95 
2020-12-20T13:06:13 0 0 경기70아1592 3 39 204000065 206000171 95 
2020-12-20T13:07:12 0 0 경기70아1592 3 39 204000065 206000171 95 
2020-12-20T13:08:12 0 0 경기70아1592 3 39 204000065 206000171 95 
2020-12-20T13:09:12 0 0 경기70아1592 3 39 204000065 206000171 95 
2020-12-20T13:10:11 0 0 경기70아1592 3 39 204000065 206000171 95 
2020-12-20T13:11:11 0 0 경기70아1592 3 39 204000065 206000171 95 
2020-12-20T13:12:11 0 0 경기70아1592 3 39 204000065 206000171 95 
2020-12-20T13:13:11 0 0 경기70아1592 3 39 204000065 206000171 95 
2020-12-20T13:14:10 0 0 경기70아1592 3 39 204000065 206000171 95 
2020-12-20T13:15:09 0 0 경기70아1592 3 39 204000065 206000171 95 
2020-12-20T13:16:08 0 0 경기70아1592 3 39 204000065 206000171 95 
2020-12-20T13:17:08 0 0 경기70아1592 3 39 204000065 206000171 95 
2020-12-20T13:18:08 0 0 경기70아1592 3 39 204000065 206000171 95 
2020-12-20T13:19:07 0 0 경기70아1592 3 39 204000065 206000171 95 
2020-12-20T13:20:06 0 0 경기70아1592 3 39 204000065 206000171 95 
2020-12-20T13:21:05 0 0 경기70아1592 3 39 204000065 206000171 95 
2020-12-20T15:30:21 0 0 경기70아1592 3 39 204000065 206000334 5 
2020-12-20T15:31:21 0 0 경기70아1592 3 39 204000065 206000334 5 
2020-12-20T15:32:20 0 0 경기70아1592 3 39 204000065 206000334 5 
2020-12-20T15:33:20 0 0 경기70아1592 3 39 204000065 206000334 5 
2020-12-20T15:34:20 0 0 경기70아1592 3 39 204000065 206000714 7 
2020-12-20T15:35:20 0 0 경기70아1592 3 39 204000065 206000714 7 
2020-12-20T15:36:19 0 0 경기70아1592 3 39 204000065 206000723 9 
2020-12-20T15:37:19 0 0 경기70아1592 3 39 204000065 206000723 9 
2020-12-20T15:38:19 0 0 경기70아1592 3 39 204000065 206000327 10 
2020-12-20T15:39:18 0 0 경기70아1592 3 39 204000065 206000249 11 
2020-12-20T15:40:18 0 0 경기70아1592 3 39 204000065 206000039 12 
2020-12-20T15:41:18 0 0 경기70아1592 3 39 204000065 206000038 13 
2020-12-20T15:42:18 0 0 경기70아1592 3 39 204000065 206000037 14 
2020-12-20T15:43:18 0 0 경기70아1592 3 39 204000065 206000036 15 
2020-12-20T15:44:18 0 0 경기70아1592 3 39 204000065 206000035 16 
2020-12-20T15:45:17 0 0 경기70아1592 3 39 204000065 206000034 17 
2020-12-20T15:46:17 0 0 경기70아1592 3 39 204000065 206000033 18 
2020-12-20T15:47:17 0 0 경기70아1592 3 38 204000065 206000033 18 
2020-12-20T15:48:17 0 0 경기70아1592 3 38 204000065 206000032 19 
2020-12-20T15:49:16 0 0 경기70아1592 3 38 204000065 206000032 19 
2020-12-20T15:50:16 0 0 경기70아1592 3 38 204000065 206000031 20 
2020-12-20T15:51:15 0 0 경기70아1592 3 38 204000065 206000030 21 
2020-12-20T15:52:15 0 0 경기70아1592 3 38 204000065 206000029 22 
2020-12-20T15:53:14 0 0 경기70아1592 3 38 204000065 206000383 23 
2020-12-20T15:54:14 0 0 경기70아1592 3 38 204000065 206000318 24 
2020-12-20T15:55:14 0 0 경기70아1592 3 38 204000065 206000318 24 
2020-12-20T15:56:13 0 0 경기70아1592 3 38 204000065 206000317 25 
2020-12-20T15:57:13 0 0 경기70아1592 3 38 204000065 206000317 25 
2020-12-20T15:58:12 0 0 경기70아1592 3 38 204000065 206000027 27 
2020-12-20T15:59:11 0 0 경기70아1592 3 38 204000065 206000227 28 
2020-12-20T16:00:11 0 0 경기70아1592 3 38 204000065 206000226 29 
2020-12-20T16:01:10 0 0 경기70아1592 3 39 204000065 206000784 30 
2020-12-20T16:02:10 0 0 경기70아1592 3 39 204000065 206000784 30 
2020-12-20T16:03:09 0 0 경기70아1592 3 39 204000065 206000784 30 
2020-12-20T16:04:09 0 0 경기70아1592 3 39 204000065 205000029 31 
2020-12-20T16:05:09 0 0 경기70아1592 3 39 204000065 205000029 31 
2020-12-20T16:06:09 0 0 경기70아1592 3 39 204000065 205000069 32 
2020-12-20T16:07:08 0 0 경기70아1592 3 39 204000065 205000069 32 
2020-12-20T16:08:08 0 0 경기70아1592 3 39 204000065 205000069 32 
2020-12-20T16:09:07 0 0 경기70아1592 3 39 204000065 205000069 32 
2020-12-20T16:10:07 0 0 경기70아1592 3 39 204000065 277102622 33 
2020-12-20T16:11:06 0 0 경기70아1592 3 39 204000065 277102622 33 
2020-12-20T16:12:06 0 0 경기70아1592 3 39 204000065 277102622 33 
2020-12-20T16:13:05 0 0 경기70아1592 3 39 204000065 277103419 34 
2020-12-20T16:14:04 0 0 경기70아1592 3 39 204000065 277103419 34 
2020-12-20T16:15:03 0 0 경기70아1592 3 39 204000065 277103419 34 
2020-12-20T16:16:03 0 0 경기70아1592 3 39 204000065 277103421 35 
2020-12-20T16:17:02 0 0 경기70아1592 3 39 204000065 122000287 36 
2020-12-20T16:18:01 0 0 경기70아1592 3 39 204000065 122000288 37 
2020-12-20T16:19:01 0 0 경기70아1592 3 39 204000065 122000288 37 
2020-12-20T16:20:01 0 0 경기70아1592 3 39 204000065 122000258 38 
2020-12-20T16:21:01 0 0 경기70아1592 3 39 204000065 122000258 38 
2020-12-20T16:22:00 0 0 경기70아1592 3 39 204000065 122000291 39 
2020-12-20T16:23:00 0 0 경기70아1592 3 39 204000065 122000291 39 
2020-12-20T16:23:59 0 0 경기70아1592 3 39 204000065 122000388 41 
2020-12-20T16:24:59 0 0 경기70아1592 3 39 204000065 122000386 42 
2020-12-20T16:25:58 0 0 경기70아1592 3 39 204000065 122000386 42 
2020-12-20T16:26:58 0 0 경기70아1592 3 39 204000065 122000094 44 
2020-12-20T16:27:57 0 0 경기70아1592 3 39 204000065 122000094 44 
2020-12-20T16:28:57 0 0 경기70아1592 3 39 204000065 122000089 45 
2020-12-20T16:29:56 0 0 경기70아1592 3 39 204000065 122000066 48 
2020-12-20T16:30:55 0 0 경기70아1592 3 39 204000065 122000066 48 
2020-12-20T16:31:55 0 0 경기70아1592 3 39 204000065 122000064 49 
2020-12-20T16:32:54 0 0 경기70아1592 3 39 204000065 122000064 49 
2020-12-20T16:33:54 0 0 경기70아1592 3 39 204000065 122000559 50 
2020-12-20T16:34:54 0 0 경기70아1592 3 39 204000065 122000078 51 
2020-12-20T16:35:53 0 0 경기70아1592 3 39 204000065 122000078 51 
2020-12-20T16:36:53 0 0 경기70아1592 3 39 204000065 122000079 52 
2020-12-20T16:37:53 0 0 경기70아1592 3 39 204000065 122000079 52 
2020-12-20T16:38:52 0 0 경기70아1592 3 39 204000065 122000065 53 
2020-12-20T16:39:52 0 0 경기70아1592 3 39 204000065 122000637 54 
2020-12-20T16:40:52 0 0 경기70아1592 3 39 204000065 122000068 55 
2020-12-20T16:41:52 0 0 경기70아1592 3 39 204000065 122000086 56 
2020-12-20T16:42:52 0 0 경기70아1592 3 39 204000065 122000095 57 
2020-12-20T16:43:52 0 0 경기70아1592 3 39 204000065 122000096 58 
2020-12-20T16:44:51 0 0 경기70아1592 3 39 204000065 122000096 58 
2020-12-20T16:45:51 0 0 경기70아1592 3 39 204000065 122000330 59 
2020-12-20T16:46:51 0 0 경기70아1592 3 39 204000065 122000330 59 
2020-12-20T16:47:50 0 0 경기70아1592 3 39 204000065 122000142 60 
2020-12-20T16:48:50 0 0 경기70아1592 3 39 204000065 122000133 61 
2020-12-20T16:49:49 0 0 경기70아1592 3 39 204000065 122000133 61 
2020-12-20T16:50:49 0 0 경기70아1592 3 39 204000065 122000256 62 
2020-12-20T16:51:48 0 0 경기70아1592 3 39 204000065 122000257 63 
2020-12-20T16:52:48 0 0 경기70아1592 3 39 204000065 122000257 63 
2020-12-20T16:53:47 0 0 경기70아1592 3 39 204000065 122000257 63 
2020-12-20T16:54:47 0 0 경기70아1592 3 39 204000065 122000257 63 
2020-12-20T16:55:47 0 0 경기70아1592 3 39 204000065 122000257 63 
2020-12-20T16:56:46 0 0 경기70아1592 3 39 204000065 122000257 63 
2020-12-20T16:57:46 0 0 경기70아1592 3 39 204000065 122000257 63 
2020-12-20T16:58:45 0 0 경기70아1592 3 39 204000065 122000286 64 
2020-12-20T16:59:46 0 0 경기70아1592 3 38 204000065 122000285 65 
2020-12-20T17:00:45 0 0 경기70아1592 3 38 204000065 122000285 65 
2020-12-20T17:01:45 0 0 경기70아1592 3 38 204000065 277103420 66 
2020-12-20T17:02:44 0 0 경기70아1592 3 38 204000065 277103420 66 
2020-12-20T17:03:44 0 0 경기70아1592 3 38 204000065 277103420 66 
2020-12-20T17:04:43 0 0 경기70아1592 3 38 204000065 277103418 67 
2020-12-20T17:05:42 0 0 경기70아1592 3 38 204000065 277103418 67 
2020-12-20T17:06:42 0 0 경기70아1592 3 38 204000065 277103418 67 
2020-12-20T17:07:42 0 0 경기70아1592 3 38 204000065 277103418 67 
2020-12-20T17:08:41 0 0 경기70아1592 3 38 204000065 277103418 67 
2020-12-20T17:09:41 0 0 경기70아1592 3 38 204000065 277103418 67 
2020-12-20T17:10:40 0 0 경기70아1592 3 39 204000065 205000207 68 
2020-12-20T17:11:40 0 0 경기70아1592 3 39 204000065 205000207 68 
2020-12-20T17:12:40 0 0 경기70아1592 3 39 204000065 205000207 68 
2020-12-20T17:13:39 0 0 경기70아1592 3 39 204000065 205000245 69 
2020-12-20T17:14:39 0 0 경기70아1592 3 39 204000065 205000245 69 
2020-12-20T17:15:39 0 0 경기70아1592 3 39 204000065 206000361 70 
2020-12-20T17:16:38 0 0 경기70아1592 3 38 204000065 206000157 71 
2020-12-20T17:17:38 0 0 경기70아1592 3 38 204000065 206000055 72 
2020-12-20T17:18:37 0 0 경기70아1592 3 38 204000065 206000055 72 
2020-12-20T17:19:37 0 0 경기70아1592 3 38 204000065 206000054 73 
2020-12-20T17:20:37 0 0 경기70아1592 3 38 204000065 206000053 74 
2020-12-20T17:21:36 0 0 경기70아1592 3 38 204000065 206000053 74 
2020-12-20T17:22:36 0 0 경기70아1592 3 38 204000065 206000053 74 
2020-12-20T17:23:36 0 0 경기70아1592 3 38 204000065 206000238 75 
2020-12-20T17:24:35 0 0 경기70아1592 3 38 204000065 206000238 75 
2020-12-20T17:25:34 0 0 경기70아1592 3 38 204000065 206000238 75 
2020-12-20T17:26:33 0 0 경기70아1592 3 38 204000065 206000052 77 
2020-12-20T17:27:34 0 0 경기70아1592 3 37 204000065 206000128 79 
2020-12-20T17:28:33 0 0 경기70아1592 3 37 204000065 206000128 79 
2020-12-20T17:29:32 0 0 경기70아1592 3 37 204000065 206000128 79 
2020-12-20T17:30:32 0 0 경기70아1592 3 37 204000065 206000050 80 
2020-12-20T17:31:31 0 0 경기70아1592 3 37 204000065 206000048 82 
2020-12-20T17:32:31 0 0 경기70아1592 3 37 204000065 206000046 84 
2020-12-20T17:33:31 0 0 경기70아1592 3 38 204000065 206000044 86 
2020-12-20T17:34:30 0 0 경기70아1592 3 38 204000065 206000672 87 
2020-12-20T17:35:30 0 0 경기70아1592 3 38 204000065 206000672 87 
2020-12-20T17:36:30 0 0 경기70아1592 3 38 204000065 206000672 87 
2020-12-20T17:37:29 0 0 경기70아1592 3 38 204000065 206000178 89 
2020-12-20T17:38:29 0 0 경기70아1592 3 38 204000065 206000178 89 
2020-12-20T17:39:29 0 0 경기70아1592 3 38 204000065 206000724 90 
2020-12-20T17:40:29 0 0 경기70아1592 3 38 204000065 206000724 90 
2020-12-20T17:41:28 0 0 경기70아1592 3 38 204000065 206000722 91 
2020-12-20T17:42:28 0 0 경기70아1592 3 38 204000065 206000715 92 
2020-12-20T17:43:28 0 0 경기70아1592 3 38 204000065 206000715 92 
2020-12-20T17:44:28 0 0 경기70아1592 3 38 204000065 206000041 94 
2020-12-20T17:45:27 0 0 경기70아1592 3 38 204000065 206000041 94 
2020-12-20T17:46:27 0 0 경기70아1592 3 38 204000065 206000041 94 
2020-12-20T17:47:27 0 0 경기70아1592 3 38 204000065 206000171 95 
2020-12-20T19:10:53 0 0 경기70아1592 3 39 204000065 277102470 3 
2020-12-20T19:11:52 0 0 경기70아1592 3 39 204000065 206000334 5 
2020-12-20T19:12:52 0 0 경기70아1592 3 39 204000065 206000714 7 
2020-12-20T19:13:52 0 0 경기70아1592 3 39 204000065 206000714 7 
2020-12-20T19:14:52 0 0 경기70아1592 3 39 204000065 206000714 7 
2020-12-20T19:15:52 0 0 경기70아1592 3 39 204000065 206000721 8 
2020-12-20T19:16:52 0 0 경기70아1592 3 39 204000065 206000723 9 
2020-12-20T19:17:51 0 0 경기70아1592 3 39 204000065 206000327 10 
2020-12-20T19:18:51 0 0 경기70아1592 3 39 204000065 206000039 12 
2020-12-20T19:19:51 0 0 경기70아1592 3 39 204000065 206000039 12 
2020-12-20T19:20:51 0 0 경기70아1592 3 39 204000065 206000037 14 
2020-12-20T19:21:51 0 0 경기70아1592 3 39 204000065 206000037 14 
2020-12-20T19:22:50 0 0 경기70아1592 3 39 204000065 206000035 16 
2020-12-20T19:23:50 0 0 경기70아1592 3 39 204000065 206000033 18 
2020-12-20T19:24:50 0 0 경기70아1592 3 39 204000065 206000031 20 
2020-12-20T19:25:50 0 0 경기70아1592 3 39 204000065 206000030 21 
2020-12-20T19:26:49 0 0 경기70아1592 3 39 204000065 206000030 21 
2020-12-20T19:27:49 0 0 경기70아1592 3 39 204000065 206000029 22 
2020-12-20T19:28:49 0 0 경기70아1592 3 39 204000065 206000318 24 
2020-12-20T19:29:48 0 0 경기70아1592 3 39 204000065 206000317 25 
2020-12-20T19:30:48 0 0 경기70아1592 3 39 204000065 206000027 27 
2020-12-20T19:31:47 0 0 경기70아1592 3 39 204000065 206000027 27 
2020-12-20T19:32:47 0 0 경기70아1592 3 39 204000065 206000226 29 
2020-12-20T19:33:47 0 0 경기70아1592 3 39 204000065 206000226 29 
2020-12-20T19:34:47 0 0 경기70아1592 3 39 204000065 206000784 30 
2020-12-20T19:35:47 0 0 경기70아1592 3 39 204000065 206000784 30 
2020-12-20T19:36:46 0 0 경기70아1592 3 39 204000065 206000784 30 
2020-12-20T19:37:46 0 0 경기70아1592 3 39 204000065 205000029 31 
2020-12-20T19:38:45 0 0 경기70아1592 3 39 204000065 205000069 32 
2020-12-20T19:39:45 0 0 경기70아1592 3 39 204000065 205000069 32 
2020-12-20T19:40:45 0 0 경기70아1592 3 39 204000065 205000069 32 
2020-12-20T19:41:44 0 0 경기70아1592 3 39 204000065 205000069 32 
2020-12-20T19:42:44 0 0 경기70아1592 3 39 204000065 205000069 32 
2020-12-20T19:43:44 0 0 경기70아1592 3 39 204000065 277102622 33 
2020-12-20T19:44:43 0 0 경기70아1592 3 39 204000065 277102622 33 
2020-12-20T19:45:43 0 0 경기70아1592 3 39 204000065 277102622 33 
2020-12-20T19:46:43 0 0 경기70아1592 3 39 204000065 277103419 34 
2020-12-20T19:47:42 0 0 경기70아1592 3 39 204000065 277103419 34 
2020-12-20T19:48:42 0 0 경기70아1592 3 39 204000065 277103419 34 
2020-12-20T19:49:41 0 0 경기70아1592 3 39 204000065 277103421 35 
2020-12-20T19:50:41 0 0 경기70아1592 3 39 204000065 277103421 35 
2020-12-20T19:51:41 0 0 경기70아1592 3 39 204000065 122000288 37 
2020-12-20T19:52:40 0 0 경기70아1592 3 39 204000065 122000258 38 
2020-12-20T19:53:40 0 0 경기70아1592 3 39 204000065 122000258 38 
2020-12-20T19:54:39 0 0 경기70아1592 3 39 204000065 122000258 38 
2020-12-20T19:55:39 0 0 경기70아1592 3 39 204000065 122000291 39 
2020-12-20T19:56:39 0 0 경기70아1592 3 39 204000065 122000291 39 
2020-12-20T19:57:38 0 0 경기70아1592 3 39 204000065 122000388 41 
2020-12-20T19:58:38 0 0 경기70아1592 3 39 204000065 122000386 42 
2020-12-20T19:59:37 0 0 경기70아1592 3 39 204000065 122000139 43 
2020-12-20T20:00:37 0 0 경기70아1592 3 39 204000065 122000094 44 
2020-12-20T20:01:36 0 0 경기70아1592 3 39 204000065 122000094 44 
2020-12-20T20:02:35 0 0 경기70아1592 3 39 204000065 122000089 45 
2020-12-20T20:03:35 0 0 경기70아1592 3 39 204000065 122000066 48 
2020-12-20T20:04:34 0 0 경기70아1592 3 39 204000065 122000064 49 
2020-12-20T20:05:33 0 0 경기70아1592 3 39 204000065 122000064 49 
2020-12-20T20:06:33 0 0 경기70아1592 3 39 204000065 122000064 49 
2020-12-20T20:07:32 0 0 경기70아1592 3 39 204000065 122000559 50 
2020-12-20T20:08:31 0 0 경기70아1592 3 39 204000065 122000078 51 
2020-12-20T20:09:31 0 0 경기70아1592 3 39 204000065 122000078 51 
2020-12-20T20:10:30 0 0 경기70아1592 3 39 204000065 122000079 52 
2020-12-20T20:11:30 0 0 경기70아1592 3 39 204000065 122000079 52 
2020-12-20T20:12:30 0 0 경기70아1592 3 39 204000065 122000079 52 
2020-12-20T20:13:30 0 0 경기70아1592 3 39 204000065 122000065 53 
2020-12-20T20:14:30 0 0 경기70아1592 3 39 204000065 122000068 55 
2020-12-20T20:15:30 0 0 경기70아1592 3 39 204000065 122000068 55 
2020-12-20T20:16:29 0 0 경기70아1592 3 39 204000065 122000086 56 
2020-12-20T20:17:29 0 0 경기70아1592 3 39 204000065 122000095 57 
2020-12-20T20:18:29 0 0 경기70아1592 3 39 204000065 122000096 58 
2020-12-20T20:19:29 0 0 경기70아1592 3 39 204000065 122000096 58 
2020-12-20T20:20:28 0 0 경기70아1592 3 39 204000065 122000330 59 
2020-12-20T20:21:28 0 0 경기70아1592 3 39 204000065 122000142 60 
2020-12-20T20:22:27 0 0 경기70아1592 3 39 204000065 122000142 60 
2020-12-20T20:23:27 0 0 경기70아1592 3 39 204000065 122000142 60 
2020-12-20T20:24:27 0 0 경기70아1592 3 39 204000065 122000133 61 
2020-12-20T20:25:26 0 0 경기70아1592 3 39 204000065 122000133 61 
2020-12-20T20:26:26 0 0 경기70아1592 3 39 204000065 122000133 61 
2020-12-20T20:27:26 0 0 경기70아1592 3 39 204000065 122000256 62 
2020-12-20T20:28:26 0 0 경기70아1592 3 39 204000065 122000256 62 
2020-12-20T20:29:25 0 0 경기70아1592 3 39 204000065 122000257 63 
2020-12-20T20:30:24 0 0 경기70아1592 3 39 204000065 122000257 63 
2020-12-20T20:31:24 0 0 경기70아1592 3 39 204000065 122000257 63 
2020-12-20T20:32:24 0 0 경기70아1592 3 39 204000065 122000286 64 
2020-12-20T20:33:23 0 0 경기70아1592 3 39 204000065 122000285 65 
2020-12-20T20:34:23 0 0 경기70아1592 3 39 204000065 122000285 65 
2020-12-20T20:35:22 0 0 경기70아1592 3 39 204000065 277103420 66 
2020-12-20T20:36:22 0 0 경기70아1592 3 39 204000065 277103420 66 
2020-12-20T20:37:22 0 0 경기70아1592 3 39 204000065 277103420 66 
2020-12-20T20:38:21 0 0 경기70아1592 3 39 204000065 277103418 67 
2020-12-20T20:39:21 0 0 경기70아1592 3 39 204000065 277103418 67 
2020-12-20T20:40:20 0 0 경기70아1592 3 39 204000065 277103418 67 
2020-12-20T20:41:20 0 0 경기70아1592 3 39 204000065 277103418 67 
2020-12-20T20:42:21 0 0 경기70아1592 3 39 204000065 277103418 67 
2020-12-20T20:43:19 0 0 경기70아1592 3 39 204000065 277103418 67 
2020-12-20T20:44:19 0 0 경기70아1592 3 39 204000065 205000207 68 
2020-12-20T20:45:19 0 0 경기70아1592 3 39 204000065 205000207 68 
2020-12-20T20:46:19 0 0 경기70아1592 3 39 204000065 205000245 69 
2020-12-20T20:47:18 0 0 경기70아1592 3 39 204000065 205000245 69 
2020-12-20T20:48:18 0 0 경기70아1592 3 39 204000065 206000361 70 
2020-12-20T20:49:18 0 0 경기70아1592 3 39 204000065 206000157 71 
2020-12-20T20:50:17 0 0 경기70아1592 3 39 204000065 206000055 72 
2020-12-20T20:51:17 0 0 경기70아1592 3 39 204000065 206000054 73 
2020-12-20T20:52:16 0 0 경기70아1592 3 39 204000065 206000054 73 
2020-12-20T20:53:16 0 0 경기70아1592 3 39 204000065 206000053 74 
2020-12-20T20:54:16 0 0 경기70아1592 3 39 204000065 206000053 74 
2020-12-20T20:55:16 0 0 경기70아1592 3 39 204000065 206000053 74 
2020-12-20T20:56:15 0 0 경기70아1592 3 39 204000065 206000238 75 
2020-12-20T20:57:15 0 0 경기70아1592 3 38 204000065 206000238 75 
2020-12-20T20:58:15 0 0 경기70아1592 3 38 204000065 206000238 75 
2020-12-20T20:59:14 0 0 경기70아1592 3 38 204000065 206000052 77 
2020-12-20T21:00:14 0 0 경기70아1592 3 39 204000065 206000051 78 
2020-12-20T21:01:13 0 0 경기70아1592 3 39 204000065 206000128 79 
2020-12-20T21:02:13 0 0 경기70아1592 3 39 204000065 206000128 79 
2020-12-20T21:03:13 0 0 경기70아1592 3 39 204000065 206000050 80 
2020-12-20T21:04:12 0 0 경기70아1592 3 39 204000065 206000049 81 
2020-12-20T21:05:12 0 0 경기70아1592 3 39 204000065 206000047 83 
2020-12-20T21:06:11 0 0 경기70아1592 3 39 204000065 206000672 87 
2020-12-20T21:07:11 0 0 경기70아1592 3 39 204000065 206000043 88 
2020-12-20T21:08:10 0 0 경기70아1592 3 39 204000065 206000178 89 
2020-12-20T21:09:09 0 0 경기70아1592 3 39 204000065 206000724 90 
2020-12-20T21:10:09 0 0 경기70아1592 3 39 204000065 206000724 90 
2020-12-20T21:11:08 0 0 경기70아1592 3 39 204000065 206000722 91 
2020-12-20T21:12:08 0 0 경기70아1592 3 39 204000065 206000715 92 
2020-12-20T21:13:08 0 0 경기70아1592 3 39 204000065 206000715 92 
2020-12-20T21:14:08 0 0 경기70아1592 3 39 204000065 206000041 94 
2020-12-20T21:15:07 0 0 경기70아1592 3 39 204000065 206000041 94 
2020-12-20T21:16:07 0 0 경기70아1592 3 39 204000065 206000041 94 
2020-12-20T21:17:07 0 0 경기70아1592 3 39 204000065 206000171 95 
2020-12-20T21:18:06 0 0 경기70아1592 3 39 204000065 206000171 95 
2020-12-20T21:19:05 0 0 경기70아1592 3 39 204000065 206000171 95 
2020-12-20T21:20:04 0 0 경기70아1592 3 39 204000065 206000171 95 
2020-12-20T21:21:03 0 0 경기70아1592 3 39 204000065 206000171 95 
2020-12-20T21:22:03 0 0 경기70아1592 3 39 204000065 206000171 95 
2020-12-20T21:23:03 0 0 경기70아1592 3 39 204000065 206000171 95 
2020-12-20T21:24:02 0 0 경기70아1592 3 39 204000065 206000171 95 
2020-12-20T21:25:01 0 0 경기70아1592 3 39 204000065 206000171 95 
2020-12-20T21:26:01 0 0 경기70아1592 3 39 204000065 206000171 95 
2020-12-20T21:27:01 0 0 경기70아1592 3 39 204000065 206000171 95 
2020-12-20T21:28:00 0 0 경기70아1592 3 39 204000065 206000171 95 
2020-12-20T21:29:00 0 0 경기70아1592 3 39 204000065 206000171 95 
2020-12-20T21:30:00 0 0 경기70아1592 3 39 204000065 206000171 95 
2020-12-20T21:31:00 0 0 경기70아1592 3 39 204000065 206000171 95 
2020-12-20T21:31:59 0 0 경기70아1592 3 39 204000065 206000171 95 
2020-12-20T21:59:47 0 0 경기70아1592 3 39 204000065 206000334 5 
2020-12-20T22:00:47 0 0 경기70아1592 3 39 204000065 206000710 6 
2020-12-20T22:01:46 0 0 경기70아1592 3 39 204000065 206000710 6 
2020-12-20T22:02:46 0 0 경기70아1592 3 39 204000065 206000714 7 
2020-12-20T22:03:46 0 0 경기70아1592 3 39 204000065 206000723 9 
2020-12-20T22:04:45 0 0 경기70아1592 3 39 204000065 206000327 10 
2020-12-20T22:05:45 0 0 경기70아1592 3 39 204000065 206000039 12 
2020-12-20T22:06:44 0 0 경기70아1592 3 39 204000065 206000037 14 
2020-12-20T22:07:44 0 0 경기70아1592 3 39 204000065 206000035 16 
2020-12-20T22:08:43 0 0 경기70아1592 3 39 204000065 206000033 18 
2020-12-20T22:09:43 0 0 경기70아1592 3 39 204000065 206000030 21 
2020-12-20T22:10:43 0 0 경기70아1592 3 39 204000065 206000318 24 
2020-12-20T22:11:42 0 0 경기70아1592 3 39 204000065 206000317 25 
2020-12-20T22:12:42 0 0 경기70아1592 3 39 204000065 206000027 27 
2020-12-20T22:13:41 0 0 경기70아1592 3 39 204000065 206000027 27 
2020-12-20T22:14:41 0 0 경기70아1592 3 39 204000065 206000227 28 
2020-12-20T22:15:41 0 0 경기70아1592 3 39 204000065 206000226 29 
2020-12-20T22:16:40 0 0 경기70아1592 3 39 204000065 206000784 30 
2020-12-20T22:17:40 0 0 경기70아1592 3 39 204000065 206000784 30 
2020-12-20T22:18:40 0 0 경기70아1592 3 39 204000065 206000784 30 
2020-12-20T22:19:39 0 0 경기70아1592 3 39 204000065 205000029 31 
2020-12-20T22:20:39 0 0 경기70아1592 3 39 204000065 205000029 31 
2020-12-20T22:21:38 0 0 경기70아1592 3 39 204000065 205000029 31 
2020-12-20T22:22:38 0 0 경기70아1592 3 37 204000065 205000069 32 
2020-12-20T22:23:37 0 0 경기70아1592 3 37 204000065 205000069 32 
2020-12-20T22:24:37 0 0 경기70아1592 3 37 204000065 205000069 32 
2020-12-20T22:25:36 0 0 경기70아1592 3 37 204000065 205000069 32 
2020-12-20T22:26:35 0 0 경기70아1592 3 37 204000065 277102622 33 
2020-12-20T22:27:35 0 0 경기70아1592 3 37 204000065 277102622 33 
2020-12-20T22:28:35 0 0 경기70아1592 3 37 204000065 277102622 33 
2020-12-20T22:29:35 0 0 경기70아1592 3 37 204000065 277103419 34 
2020-12-20T22:30:34 0 0 경기70아1592 3 37 204000065 277103419 34 
2020-12-20T22:31:34 0 0 경기70아1592 3 37 204000065 277103419 34 
2020-12-20T22:32:34 0 0 경기70아1592 3 37 204000065 277103421 35 
2020-12-20T22:33:33 0 0 경기70아1592 3 38 204000065 122000287 36 
2020-12-20T22:34:33 0 0 경기70아1592 3 38 204000065 122000288 37 
2020-12-20T22:35:32 0 0 경기70아1592 3 38 204000065 122000258 38 
2020-12-20T22:36:32 0 0 경기70아1592 3 38 204000065 122000258 38 
2020-12-20T22:37:32 0 0 경기70아1592 3 38 204000065 122000291 39 
2020-12-20T22:38:32 0 0 경기70아1592 3 38 204000065 122000291 39 
2020-12-20T22:39:31 0 0 경기70아1592 3 38 204000065 122000137 40 
2020-12-20T22:40:31 0 0 경기70아1592 3 38 204000065 122000386 42 
2020-12-20T22:41:30 0 0 경기70아1592 3 38 204000065 122000139 43 
2020-12-20T22:42:30 0 0 경기70아1592 3 39 204000065 122000139 43 
2020-12-20T22:43:29 0 0 경기70아1592 3 39 204000065 122000089 45 
2020-12-20T22:44:28 0 0 경기70아1592 3 39 204000065 122000066 48 
2020-12-20T22:45:27 0 0 경기70아1592 3 39 204000065 122000066 48 
2020-12-20T22:46:26 0 0 경기70아1592 3 39 204000065 122000066 48 
2020-12-20T22:47:26 0 0 경기70아1592 3 39 204000065 122000066 48 
2020-12-20T22:48:26 0 0 경기70아1592 3 39 204000065 122000064 49 
2020-12-20T22:49:26 0 0 경기70아1592 3 39 204000065 122000559 50 
2020-12-20T22:50:25 0 0 경기70아1592 3 39 204000065 122000078 51 
2020-12-20T22:51:24 0 0 경기70아1592 3 39 204000065 122000078 51 
2020-12-20T22:52:24 0 0 경기70아1592 3 39 204000065 122000079 52 
2020-12-20T22:53:23 0 0 경기70아1592 3 39 204000065 122000079 52 
2020-12-20T22:54:23 0 0 경기70아1592 3 39 204000065 122000079 52 
2020-12-20T22:55:22 0 0 경기70아1592 3 39 204000065 122000065 53 
2020-12-20T22:56:22 0 0 경기70아1592 3 39 204000065 122000637 54 
2020-12-20T22:57:21 0 0 경기70아1592 3 39 204000065 122000068 55 
2020-12-20T22:58:21 0 0 경기70아1592 3 39 204000065 122000068 55 
2020-12-20T22:59:20 0 0 경기70아1592 3 39 204000065 122000086 56 
2020-12-20T23:00:20 0 0 경기70아1592 3 39 204000065 122000095 57 
2020-12-20T23:01:20 0 0 경기70아1592 3 39 204000065 122000096 58 
2020-12-20T23:02:19 0 0 경기70아1592 3 38 204000065 122000330 59 
2020-12-20T23:03:19 0 0 경기70아1592 3 38 204000065 122000142 60 
2020-12-20T23:04:18 0 0 경기70아1592 3 38 204000065 122000133 61 
2020-12-20T23:05:17 0 0 경기70아1592 3 38 204000065 122000133 61 
2020-12-20T23:06:17 0 0 경기70아1592 3 38 204000065 122000256 62 
2020-12-20T23:07:16 0 0 경기70아1592 3 38 204000065 122000256 62 
2020-12-20T23:08:15 0 0 경기70아1592 3 38 204000065 122000257 63 
2020-12-20T23:09:15 0 0 경기70아1592 3 38 204000065 122000257 63 
2020-12-20T23:10:15 0 0 경기70아1592 3 38 204000065 122000286 64 
2020-12-20T23:11:14 0 0 경기70아1592 3 38 204000065 122000285 65 
2020-12-20T23:12:13 0 0 경기70아1592 3 38 204000065 277103420 66 
2020-12-20T23:13:13 0 0 경기70아1592 3 38 204000065 277103420 66 
2020-12-20T23:14:12 0 0 경기70아1592 3 38 204000065 277103420 66 
2020-12-20T23:15:11 0 0 경기70아1592 3 38 204000065 277103418 67 
2020-12-20T23:16:11 0 0 경기70아1592 3 38 204000065 277103418 67 
2020-12-20T23:17:10 0 0 경기70아1592 3 38 204000065 277103418 67 
2020-12-20T23:18:10 0 0 경기70아1592 3 38 204000065 277103418 67 
2020-12-20T23:19:10 0 0 경기70아1592 3 38 204000065 277103418 67 
2020-12-20T23:20:09 0 0 경기70아1592 3 39 204000065 277103418 67 
2020-12-20T23:21:08 0 0 경기70아1592 3 39 204000065 205000207 68 
2020-12-20T23:22:08 0 0 경기70아1592 3 39 204000065 205000207 68 
2020-12-20T23:23:08 0 0 경기70아1592 3 39 204000065 205000207 68 
2020-12-20T23:24:07 0 0 경기70아1592 3 39 204000065 205000207 68 
2020-12-20T23:25:07 0 0 경기70아1592 3 39 204000065 206000361 70 
2020-12-20T23:26:06 0 0 경기70아1592 3 39 204000065 206000157 71 
2020-12-20T23:27:06 0 0 경기70아1592 3 39 204000065 206000157 71 
2020-12-20T23:28:05 0 0 경기70아1592 3 39 204000065 206000157 71 
2020-12-20T23:29:05 0 0 경기70아1592 3 39 204000065 206000054 73 
2020-12-20T23:30:05 0 0 경기70아1592 3 39 204000065 206000053 74 
2020-12-20T23:31:05 0 0 경기70아1592 3 39 204000065 206000053 74 
2020-12-20T23:32:05 0 0 경기70아1592 3 39 204000065 206000238 75 
2020-12-20T23:33:04 0 0 경기70아1592 3 39 204000065 206000238 75 
2020-12-20T23:34:03 0 0 경기70아1592 3 39 204000065 206000238 75 
2020-12-20T23:35:02 0 0 경기70아1592 3 39 204000065 206000052 77 
2020-12-20T23:36:02 0 0 경기70아1592 3 39 204000065 206000051 78 
2020-12-20T23:37:01 0 0 경기70아1592 3 39 204000065 206000049 81 
2020-12-20T23:38:01 0 0 경기70아1592 3 39 204000065 206000047 83 
2020-12-20T23:39:00 0 0 경기70아1592 3 39 204000065 206000672 87 
2020-12-20T23:39:59 0 0 경기70아1592 3 39 204000065 206000043 88 
2020-12-20T23:40:59 0 0 경기70아1592 3 39 204000065 206000178 89 
2020-12-20T23:41:58 0 0 경기70아1592 3 39 204000065 206000724 90 
2020-12-20T23:42:57 0 0 경기70아1592 3 39 204000065 206000722 91 
2020-12-20T23:43:56 0 0 경기70아1592 3 39 204000065 206000722 91 
2020-12-20T23:44:56 0 0 경기70아1592 3 39 204000065 206000715 92 
2020-12-20T23:45:55 0 0 경기70아1592 3 39 204000065 206000041 94 
2020-12-20T23:46:55 0 0 경기70아1592 3 39 204000065 206000171 95 
2020-12-20T23:47:55 0 0 경기70아1592 3 39 204000065 206000171 95 
2020-12-20T23:48:54 0 0 경기70아1592 3 39 204000065 206000171 95 
2020-12-20T23:49:53 0 0 경기70아1592 3 39 204000065 206000171 95 
2020-12-20T23:50:53 0 0 경기70아1592 3 39 204000065 206000171 95 
2020-12-20T23:51:52 0 0 경기70아1592 3 39 204000065 206000171 95 
2020-12-20T23:52:51 0 0 경기70아1592 3 39 204000065 206000171 95 
2020-12-20T23:53:50 0 0 경기70아1592 3 39 204000065 206000171 95 
2020-12-20T23:54:50 0 0 경기70아1592 3 39 204000065 206000171 95 
2020-12-20T23:55:49 0 0 경기70아1592 3 39 204000065 206000171 95 
2020-12-20T23:56:49 0 0 경기70아1592 3 39 204000065 206000171 95 
2020-12-20T23:57:49 0 0 경기70아1592 3 39 204000065 206000171 95 
2020-12-20T23:58:48 0 0 경기70아1592 3 39 204000065 206000171 95 
2020-12-20T23:59:49 0 0 경기70아1592 3 39 204000065 206000171 95 
2020-12-21T00:00:47 0 0 경기70아1592 3 39 204000065 206000171 95 
2020-12-21T00:01:47 0 0 경기70아1592 3 39 204000065 206000171 95 
