204000065 2020-12-01T23:53:34.070304+09:00
2020-12-02T07:02:16.296074+09:00 0 0 경기70아1592 3 39 204000065 206000405 4 
2020-12-02T07:03:15.740158+09:00 0 0 경기70아1592 3 38 204000065 206000334 5 
2020-12-02T07:04:15.234292+09:00 0 0 경기70아1592 3 38 204000065 206000334 5 
2020-12-02T07:05:13.908436+09:00 0 0 경기70아1592 3 38 204000065 206000334 5 
2020-12-02T07:06:13.202462+09:00 0 0 경기70아1592 3 38 204000065 206000710 6 
2020-12-02T07:07:12.576617+09:00 0 0 경기70아1592 3 38 204000065 206000714 7 
2020-12-02T07:08:11.788484+09:00 0 0 경기70아1592 3 37 204000065 206000714 7 
2020-12-02T07:09:10.774754+09:00 0 0 경기70아1592 3 37 204000065 206000714 7 
2020-12-02T07:10:10.278946+09:00 0 0 경기70아1592 3 37 204000065 206000714 7 
2020-12-02T07:11:09.903089+09:00 0 0 경기70아1592 3 37 204000065 206000723 9 
2020-12-02T07:12:09.177147+09:00 0 0 경기70아1592 3 37 204000065 206000327 10 
2020-12-02T07:13:08.511180+09:00 0 0 경기70아1592 3 37 204000065 206000327 10 
2020-12-02T07:14:07.825794+09:00 0 0 경기70아1592 3 37 204000065 206000039 12 
2020-12-02T07:15:07.109450+09:00 0 0 경기70아1592 3 36 204000065 206000038 13 
2020-12-02T07:16:06.993599+09:00 0 0 경기70아1592 3 36 204000065 206000037 14 
2020-12-02T07:17:06.357671+09:00 0 0 경기70아1592 3 36 204000065 206000035 16 
2020-12-02T07:18:05.761744+09:00 0 0 경기70아1592 3 35 204000065 206000034 17 
2020-12-02T07:19:04.895868+09:00 0 0 경기70아1592 3 35 204000065 206000033 18 
2020-12-02T07:20:04.849940+09:00 0 0 경기70아1592 3 35 204000065 206000033 18 
2020-12-02T07:21:04.514154+09:00 0 0 경기70아1592 3 35 204000065 206000032 19 
2020-12-02T07:22:04.498358+09:00 0 0 경기70아1592 3 34 204000065 206000030 21 
2020-12-02T07:23:04.292350+09:00 0 0 경기70아1592 3 33 204000065 206000030 21 
2020-12-02T07:24:04.136440+09:00 0 0 경기70아1592 3 33 204000065 206000030 21 
2020-12-02T07:25:04.310660+09:00 0 0 경기70아1592 3 33 204000065 206000029 22 
2020-12-02T07:26:04.234791+09:00 0 0 경기70아1592 3 32 204000065 206000029 22 
2020-12-02T07:27:03.538947+09:00 0 0 경기70아1592 3 31 204000065 206000318 24 
2020-12-02T07:28:02.672890+09:00 0 0 경기70아1592 3 31 204000065 206000318 24 
2020-12-02T07:29:01.997003+09:00 0 0 경기70아1592 3 31 204000065 206000318 24 
2020-12-02T07:30:01.241168+09:00 0 0 경기70아1592 3 31 204000065 206000317 25 
2020-12-02T07:31:00.515217+09:00 0 0 경기70아1592 3 31 204000065 206000317 25 
2020-12-02T07:32:00.429287+09:00 0 0 경기70아1592 3 31 204000065 206000027 27 
2020-12-02T07:32:59.563358+09:00 0 0 경기70아1592 3 31 204000065 206000226 29 
2020-12-02T07:33:58.927505+09:00 0 0 경기70아1592 3 31 204000065 206000784 30 
2020-12-02T07:34:58.061507+09:00 0 0 경기70아1592 3 30 204000065 206000784 30 
2020-12-02T07:35:57.155662+09:00 0 0 경기70아1592 3 30 204000065 206000784 30 
2020-12-02T07:36:57.269806+09:00 0 0 경기70아1592 3 30 204000065 206000784 30 
2020-12-02T07:37:56.553877+09:00 0 0 경기70아1592 3 26 204000065 205000029 31 
2020-12-02T07:38:55.957909+09:00 0 0 경기70아1592 3 26 204000065 205000029 31 
2020-12-02T07:39:55.272090+09:00 0 0 경기70아1592 3 26 204000065 205000029 31 
2020-12-02T07:40:54.156104+09:00 0 0 경기70아1592 3 26 204000065 205000029 31 
2020-12-02T07:41:53.410247+09:00 0 0 경기70아1592 3 27 204000065 205000029 31 
2020-12-02T07:42:53.064340+09:00 0 0 경기70아1592 3 27 204000065 205000029 31 
2020-12-02T07:43:52.618444+09:00 0 0 경기70아1592 3 24 204000065 205000069 32 
2020-12-02T07:44:51.922546+09:00 0 0 경기70아1592 3 24 204000065 205000069 32 
2020-12-02T07:45:51.166584+09:00 0 0 경기70아1592 3 24 204000065 277102622 33 
2020-12-02T07:46:50.430704+09:00 0 0 경기70아1592 3 24 204000065 277102622 33 
2020-12-02T07:47:50.015019+09:00 0 0 경기70아1592 3 24 204000065 277102622 33 
2020-12-02T07:48:49.518994+09:00 0 0 경기70아1592 3 24 204000065 277102622 33 
2020-12-02T07:49:48.792956+09:00 0 0 경기70아1592 3 24 204000065 277102622 33 
2020-12-02T07:50:48.027250+09:00 0 0 경기70아1592 3 24 204000065 277102622 33 
2020-12-02T07:51:47.771444+09:00 0 0 경기70아1592 3 24 204000065 277102622 33 
2020-12-02T07:52:47.325439+09:00 0 0 경기70아1592 3 24 204000065 277102622 33 
2020-12-02T07:53:46.639525+09:00 0 0 경기70아1592 3 24 204000065 277102622 33 
2020-12-02T07:54:45.853662+09:00 0 0 경기70아1592 3 24 204000065 277102622 33 
2020-12-02T07:55:45.797746+09:00 0 0 경기70아1592 3 24 204000065 277102622 33 
2020-12-02T07:56:45.371823+09:00 0 0 경기70아1592 3 24 204000065 277102622 33 
2020-12-02T07:57:44.715962+09:00 0 0 경기70아1592 3 24 204000065 277102622 33 
2020-12-02T07:58:44.080035+09:00 0 0 경기70아1592 3 24 204000065 277102622 33 
2020-12-02T07:59:43.424288+09:00 0 0 경기70아1592 3 24 204000065 277103419 34 
2020-12-02T08:00:43.238867+09:00 0 0 경기70아1592 3 24 204000065 277103419 34 
2020-12-02T08:01:43.142377+09:00 0 0 경기70아1592 3 24 204000065 277103419 34 
2020-12-02T08:02:43.056627+09:00 0 0 경기70아1592 3 24 204000065 277103419 34 
2020-12-02T08:03:42.140632+09:00 0 0 경기70아1592 3 24 204000065 277103419 34 
2020-12-02T08:04:42.264818+09:00 0 0 경기70아1592 3 24 204000065 277103419 34 
2020-12-02T08:05:41.578844+09:00 0 0 경기70아1592 3 24 204000065 277103419 34 
2020-12-02T08:06:41.503073+09:00 0 0 경기70아1592 3 24 204000065 277103419 34 
2020-12-02T08:07:41.217577+09:00 0 0 경기70아1592 3 24 204000065 277103419 34 
2020-12-02T08:08:40.181250+09:00 0 0 경기70아1592 3 24 204000065 277103419 34 
2020-12-02T08:09:39.285298+09:00 0 0 경기70아1592 3 24 204000065 277103419 34 
2020-12-02T08:10:38.589390+09:00 0 0 경기70아1592 3 24 204000065 277103419 34 
2020-12-02T08:11:37.783479+09:00 0 0 경기70아1592 3 24 204000065 277103419 34 
2020-12-02T08:12:37.027591+09:00 0 0 경기70아1592 3 24 204000065 277103419 34 
2020-12-02T08:13:36.191574+09:00 0 0 경기70아1592 3 24 204000065 277103419 34 
2020-12-02T08:14:35.165799+09:00 0 0 경기70아1592 3 24 204000065 277103421 35 
2020-12-02T08:15:34.509890+09:00 0 0 경기70아1592 3 24 204000065 277103421 35 
2020-12-02T08:16:33.563937+09:00 0 0 경기70아1592 3 25 204000065 122000287 36 
2020-12-02T08:17:32.878322+09:00 0 0 경기70아1592 3 25 204000065 122000288 37 
2020-12-02T08:18:32.142057+09:00 0 0 경기70아1592 3 25 204000065 122000288 37 
2020-12-02T08:19:31.646315+09:00 0 0 경기70아1592 3 25 204000065 122000288 37 
2020-12-02T08:20:31.740392+09:00 0 0 경기70아1592 3 25 204000065 122000258 38 
2020-12-02T08:21:30.984430+09:00 0 0 경기70아1592 3 25 204000065 122000258 38 
2020-12-02T08:22:30.818554+09:00 0 0 경기70아1592 3 25 204000065 122000291 39 
2020-12-02T08:23:30.622634+09:00 0 0 경기70아1592 3 25 204000065 122000291 39 
2020-12-02T08:24:29.916788+09:00 0 0 경기70아1592 3 25 204000065 122000137 40 
2020-12-02T08:25:30.010925+09:00 0 0 경기70아1592 3 25 204000065 122000137 40 
2020-12-02T08:26:29.735086+09:00 0 0 경기70아1592 3 25 204000065 122000386 42 
2020-12-02T08:27:29.139412+09:00 0 0 경기70아1592 3 27 204000065 122000139 43 
2020-12-02T08:28:28.173394+09:00 0 0 경기70아1592 3 27 204000065 122000139 43 
2020-12-02T08:29:27.607627+09:00 0 0 경기70아1592 3 28 204000065 122000094 44 
2020-12-02T08:30:26.641548+09:00 0 0 경기70아1592 3 28 204000065 122000094 44 
2020-12-02T08:31:26.545862+09:00 0 0 경기70아1592 3 32 204000065 122000089 45 
2020-12-02T08:32:26.680041+09:00 0 0 경기70아1592 3 32 204000065 122000085 46 
2020-12-02T08:33:25.654064+09:00 0 0 경기70아1592 3 32 204000065 122000085 46 
2020-12-02T08:34:25.178144+09:00 0 0 경기70아1592 3 33 204000065 122000069 47 
2020-12-02T08:35:24.122246+09:00 0 0 경기70아1592 3 35 204000065 122000066 48 
2020-12-02T08:36:24.256444+09:00 0 0 경기70아1592 3 36 204000065 122000066 48 
2020-12-02T08:37:23.510516+09:00 0 0 경기70아1592 3 36 204000065 122000066 48 
2020-12-02T08:38:22.964681+09:00 0 0 경기70아1592 3 36 204000065 122000066 48 
2020-12-02T08:39:22.118888+09:00 0 0 경기70아1592 3 36 204000065 122000066 48 
2020-12-02T08:40:21.262992+09:00 0 0 경기70아1592 3 38 204000065 122000064 49 
2020-12-02T08:41:20.586996+09:00 0 0 경기70아1592 3 38 204000065 122000064 49 
2020-12-02T08:42:19.571133+09:00 0 0 경기70아1592 3 39 204000065 122000559 50 
2020-12-02T08:43:19.115202+09:00 0 0 경기70아1592 3 39 204000065 122000559 50 
2020-12-02T08:44:18.979542+09:00 0 0 경기70아1592 3 39 204000065 122000078 51 
2020-12-02T08:45:18.113550+09:00 0 0 경기70아1592 3 39 204000065 122000078 51 
2020-12-02T08:46:17.467584+09:00 0 0 경기70아1592 3 39 204000065 122000079 52 
2020-12-02T08:47:17.081602+09:00 0 0 경기70아1592 3 39 204000065 122000079 52 
2020-12-02T08:48:16.475912+09:00 0 0 경기70아1592 3 39 204000065 122000065 53 
2020-12-02T08:49:15.829879+09:00 0 0 경기70아1592 3 39 204000065 122000637 54 
2020-12-02T08:50:15.094017+09:00 0 0 경기70아1592 3 39 204000065 122000068 55 
2020-12-02T08:51:14.498204+09:00 0 0 경기70아1592 3 39 204000065 122000068 55 
2020-12-02T08:52:14.202207+09:00 0 0 경기70아1592 3 39 204000065 122000068 55 
2020-12-02T08:53:13.276487+09:00 0 0 경기70아1592 3 39 204000065 122000086 56 
2020-12-02T08:54:12.480555+09:00 0 0 경기70아1592 3 39 204000065 122000086 56 
2020-12-02T08:55:11.464528+09:00 0 0 경기70아1592 3 39 204000065 122000095 57 
2020-12-02T08:56:11.258671+09:00 0 0 경기70아1592 3 39 204000065 122000095 57 
2020-12-02T08:57:10.882929+09:00 0 0 경기70아1592 3 39 204000065 122000096 58 
2020-12-02T08:58:10.447011+09:00 0 0 경기70아1592 3 39 204000065 122000096 58 
2020-12-02T08:59:09.400968+09:00 0 0 경기70아1592 3 39 204000065 122000330 59 
2020-12-02T09:00:08.665248+09:00 0 0 경기70아1592 3 39 204000065 122000142 60 
2020-12-02T09:01:07.779271+09:00 0 0 경기70아1592 3 39 204000065 122000142 60 
2020-12-02T09:02:07.233257+09:00 0 0 경기70아1592 3 39 204000065 122000142 60 
2020-12-02T09:03:06.557472+09:00 0 0 경기70아1592 3 39 204000065 122000133 61 
2020-12-02T09:04:05.841937+09:00 0 0 경기70아1592 3 39 204000065 122000256 62 
2020-12-02T09:05:04.955629+09:00 0 0 경기70아1592 3 39 204000065 122000256 62 
2020-12-02T09:06:04.370489+09:00 0 0 경기70아1592 3 39 204000065 122000257 63 
2020-12-02T09:07:03.473776+09:00 0 0 경기70아1592 3 39 204000065 122000257 63 
2020-12-02T09:08:02.687875+09:00 0 0 경기70아1592 3 39 204000065 122000257 63 
2020-12-02T09:09:02.162020+09:00 0 0 경기70아1592 3 39 204000065 122000257 63 
2020-12-02T09:10:01.426063+09:00 0 0 경기70아1592 3 39 204000065 122000285 65 
2020-12-02T09:11:00.690230+09:00 0 0 경기70아1592 3 39 204000065 277103420 66 
2020-12-02T09:11:59.944288+09:00 0 0 경기70아1592 3 39 204000065 277103420 66 
2020-12-02T09:12:59.908604+09:00 0 0 경기70아1592 3 39 204000065 277103420 66 
2020-12-02T09:13:58.832681+09:00 0 0 경기70아1592 3 39 204000065 277103418 67 
2020-12-02T09:14:58.186436+09:00 0 0 경기70아1592 3 39 204000065 277103418 67 
2020-12-02T09:15:57.480719+09:00 0 0 경기70아1592 3 39 204000065 277103418 67 
2020-12-02T09:16:56.514806+09:00 0 0 경기70아1592 3 39 204000065 277103418 67 
2020-12-02T09:17:55.968860+09:00 0 0 경기70아1592 3 39 204000065 277103418 67 
2020-12-02T09:18:55.102981+09:00 0 0 경기70아1592 3 39 204000065 277103418 67 
2020-12-02T09:19:54.937232+09:00 0 0 경기70아1592 3 39 204000065 205000207 68 
2020-12-02T09:20:54.231194+09:00 0 0 경기70아1592 3 39 204000065 205000207 68 
2020-12-02T09:21:53.555337+09:00 0 0 경기70아1592 3 39 204000065 205000207 68 
2020-12-02T09:22:53.459536+09:00 0 0 경기70아1592 3 39 204000065 205000245 69 
2020-12-02T09:23:52.433508+09:00 0 0 경기70아1592 3 39 204000065 205000245 69 
2020-12-02T09:24:51.557599+09:00 0 0 경기70아1592 3 39 204000065 206000361 70 
2020-12-02T09:25:51.501739+09:00 0 0 경기70아1592 3 38 204000065 206000361 70 
2020-12-02T09:26:50.855923+09:00 0 0 경기70아1592 3 38 204000065 206000361 70 
2020-12-02T09:27:50.310005+09:00 0 0 경기70아1592 3 38 204000065 206000157 71 
2020-12-02T09:28:49.274094+09:00 0 0 경기70아1592 3 38 204000065 206000157 71 
2020-12-02T09:29:48.688233+09:00 0 0 경기70아1592 3 38 204000065 206000054 73 
2020-12-02T09:30:48.112266+09:00 0 0 경기70아1592 3 38 204000065 206000053 74 
2020-12-02T09:31:47.216391+09:00 0 0 경기70아1592 3 38 204000065 206000053 74 
2020-12-02T09:32:46.730438+09:00 0 0 경기70아1592 3 39 204000065 206000238 75 
2020-12-02T09:33:45.764617+09:00 0 0 경기70아1592 3 39 204000065 206000238 75 
2020-12-02T09:34:45.808667+09:00 0 0 경기70아1592 3 39 204000065 206000237 76 
2020-12-02T09:35:45.722857+09:00 0 0 경기70아1592 3 39 204000065 206000051 78 
2020-12-02T09:36:45.416827+09:00 0 0 경기70아1592 3 39 204000065 206000049 81 
2020-12-02T09:37:45.541094+09:00 0 0 경기70아1592 3 39 204000065 206000048 82 
2020-12-02T09:38:44.725095+09:00 0 0 경기70아1592 3 39 204000065 206000046 84 
2020-12-02T09:39:44.609179+09:00 0 0 경기70아1592 3 39 204000065 206000046 84 
2020-12-02T09:40:44.043273+09:00 0 0 경기70아1592 3 39 204000065 206000044 86 
2020-12-02T09:41:43.167365+09:00 0 0 경기70아1592 3 39 204000065 206000672 87 
2020-12-02T09:42:42.291397+09:00 0 0 경기70아1592 3 39 204000065 206000672 87 
2020-12-02T09:43:41.355370+09:00 0 0 경기70아1592 3 39 204000065 206000043 88 
2020-12-02T09:44:41.089503+09:00 0 0 경기70아1592 3 39 204000065 206000178 89 
2020-12-02T09:45:40.783671+09:00 0 0 경기70아1592 3 39 204000065 206000178 89 
2020-12-02T09:46:40.807790+09:00 0 0 경기70아1592 3 39 204000065 206000178 89 
2020-12-02T09:47:39.871925+09:00 0 0 경기70아1592 3 39 204000065 206000724 90 
2020-12-02T09:48:39.485979+09:00 0 0 경기70아1592 3 39 204000065 206000722 91 
2020-12-02T09:49:39.490096+09:00 0 0 경기70아1592 3 39 204000065 206000715 92 
2020-12-02T09:50:39.384281+09:00 0 0 경기70아1592 3 39 204000065 206000041 94 
2020-12-02T09:51:38.488272+09:00 0 0 경기70아1592 3 39 204000065 206000041 94 
2020-12-02T09:52:38.342512+09:00 0 0 경기70아1592 3 39 204000065 206000041 94 
2020-12-02T09:53:37.706486+09:00 0 0 경기70아1592 3 39 204000065 206000171 95 
2020-12-02T09:54:37.660691+09:00 0 0 경기70아1592 3 39 204000065 206000171 95 
2020-12-02T09:55:36.844742+09:00 0 0 경기70아1592 3 39 204000065 206000171 95 
2020-12-02T09:56:36.598846+09:00 0 0 경기70아1592 3 39 204000065 206000171 95 
2020-12-02T09:57:36.263024+09:00 0 0 경기70아1592 3 39 204000065 206000171 95 
2020-12-02T09:58:36.157204+09:00 0 0 경기70아1592 3 39 204000065 206000171 95 
2020-12-02T09:59:35.811150+09:00 0 0 경기70아1592 3 39 204000065 206000171 95 
2020-12-02T10:00:35.785359+09:00 0 0 경기70아1592 3 39 204000065 206000171 95 
2020-12-02T10:01:35.729589+09:00 0 0 경기70아1592 3 39 204000065 206000171 95 
2020-12-02T10:02:35.153626+09:00 0 0 경기70아1592 3 39 204000065 206000171 95 
2020-12-02T10:03:35.197826+09:00 0 0 경기70아1592 3 39 204000065 206000171 95 
2020-12-02T10:04:34.211813+09:00 0 0 경기70아1592 3 39 204000065 206000171 95 
2020-12-02T10:05:33.455875+09:00 0 0 경기70아1592 3 39 204000065 206000171 95 
2020-12-02T10:06:33.260108+09:00 0 0 경기70아1592 3 39 204000065 206000171 95 
2020-12-02T10:07:32.984186+09:00 0 0 경기70아1592 3 39 204000065 206000171 95 
2020-12-02T10:08:32.198236+09:00 0 0 경기70아1592 3 39 204000065 206000171 95 
2020-12-02T11:00:06.574658+09:00 0 0 경기70아1592 3 39 204000065 206000405 4 
2020-12-02T11:01:05.725798+09:00 0 0 경기70아1592 3 39 204000065 206000405 4 
2020-12-02T11:02:05.669949+09:00 0 0 경기70아1592 3 39 204000065 206000405 4 
2020-12-02T11:03:05.354019+09:00 0 0 경기70아1592 3 39 204000065 206000334 5 
2020-12-02T11:04:05.178167+09:00 0 0 경기70아1592 3 39 204000065 206000710 6 
2020-12-02T11:05:05.232304+09:00 0 0 경기70아1592 3 39 204000065 206000714 7 
2020-12-02T11:06:04.456447+09:00 0 0 경기70아1592 3 38 204000065 206000714 7 
2020-12-02T11:07:03.490522+09:00 0 0 경기70아1592 3 38 204000065 206000714 7 
2020-12-02T11:08:03.644712+09:00 0 0 경기70아1592 3 38 204000065 206000721 8 
2020-12-02T11:09:02.828859+09:00 0 0 경기70아1592 3 38 204000065 206000723 9 
2020-12-02T11:10:02.143261+09:00 0 0 경기70아1592 3 38 204000065 206000723 9 
2020-12-02T11:11:01.087004+09:00 0 0 경기70아1592 3 38 204000065 206000327 10 
2020-12-02T11:12:00.751130+09:00 0 0 경기70아1592 3 38 204000065 206000038 13 
2020-12-02T11:13:00.145632+09:00 0 0 경기70아1592 3 38 204000065 206000036 15 
2020-12-02T11:13:59.319234+09:00 0 0 경기70아1592 3 37 204000065 206000035 16 
2020-12-02T11:14:58.423309+09:00 0 0 경기70아1592 3 37 204000065 206000034 17 
2020-12-02T11:15:58.317470+09:00 0 0 경기70아1592 3 37 204000065 206000033 18 
2020-12-02T11:16:57.571743+09:00 0 0 경기70아1592 3 37 204000065 206000033 18 
2020-12-02T11:17:57.605686+09:00 0 0 경기70아1592 3 37 204000065 206000031 20 
2020-12-02T11:18:56.779833+09:00 0 0 경기70아1592 3 37 204000065 206000030 21 
2020-12-02T11:19:56.813919+09:00 0 0 경기70아1592 3 37 204000065 206000030 21 
2020-12-02T11:20:56.728017+09:00 0 0 경기70아1592 3 37 204000065 206000029 22 
2020-12-02T11:21:56.712206+09:00 0 0 경기70아1592 3 37 204000065 206000383 23 
2020-12-02T11:22:55.796336+09:00 0 0 경기70아1592 3 36 204000065 206000318 24 
2020-12-02T11:23:54.960303+09:00 0 0 경기70아1592 3 36 204000065 206000318 24 
2020-12-02T11:24:53.824461+09:00 0 0 경기70아1592 3 36 204000065 206000317 25 
2020-12-02T11:25:53.818472+09:00 0 0 경기70아1592 3 37 204000065 206000027 27 
2020-12-02T11:26:53.712713+09:00 0 0 경기70아1592 3 37 204000065 206000027 27 
2020-12-02T11:27:53.636756+09:00 0 0 경기70아1592 3 37 204000065 206000227 28 
2020-12-02T11:28:53.580993+09:00 0 0 경기70아1592 3 37 204000065 206000226 29 
2020-12-02T11:29:53.245075+09:00 0 0 경기70아1592 3 37 204000065 206000784 30 
2020-12-02T11:30:53.299186+09:00 0 0 경기70아1592 3 37 204000065 206000784 30 
2020-12-02T11:31:53.163438+09:00 0 0 경기70아1592 3 37 204000065 206000784 30 
2020-12-02T11:32:52.427441+09:00 0 0 경기70아1592 3 35 204000065 205000029 31 
2020-12-02T11:33:52.431581+09:00 0 0 경기70아1592 3 35 204000065 205000029 31 
2020-12-02T11:34:52.385711+09:00 0 0 경기70아1592 3 35 204000065 205000029 31 
2020-12-02T11:35:52.509880+09:00 0 0 경기70아1592 3 35 204000065 205000029 31 
2020-12-02T11:36:51.703879+09:00 0 0 경기70아1592 3 35 204000065 205000029 31 
2020-12-02T11:37:51.088088+09:00 0 0 경기70아1592 3 35 204000065 205000069 32 
2020-12-02T11:38:50.852346+09:00 0 0 경기70아1592 3 35 204000065 205000069 32 
2020-12-02T11:39:49.926245+09:00 0 0 경기70아1592 3 35 204000065 205000069 32 
2020-12-02T11:40:49.070408+09:00 0 0 경기70아1592 3 35 204000065 205000069 32 
2020-12-02T11:41:48.944413+09:00 0 0 경기70아1592 3 35 204000065 277102622 33 
2020-12-02T11:42:48.288487+09:00 0 0 경기70아1592 3 35 204000065 277102622 33 
2020-12-02T11:43:47.562608+09:00 0 0 경기70아1592 3 35 204000065 277102622 33 
2020-12-02T11:44:47.036719+09:00 0 0 경기70아1592 3 35 204000065 277102622 33 
2020-12-02T11:45:46.341128+09:00 0 0 경기70아1592 3 35 204000065 277103419 34 
2020-12-02T11:46:46.024952+09:00 0 0 경기70아1592 3 35 204000065 277103419 34 
2020-12-02T11:47:45.169109+09:00 0 0 경기70아1592 3 35 204000065 277103421 35 
2020-12-02T11:48:44.883126+09:00 0 0 경기70아1592 3 35 204000065 277103421 35 
2020-12-02T11:49:44.767311+09:00 0 0 경기70아1592 3 35 204000065 122000287 36 
2020-12-02T11:50:44.701520+09:00 0 0 경기70아1592 3 36 204000065 122000288 37 
2020-12-02T11:51:44.505684+09:00 0 0 경기70아1592 3 36 204000065 122000258 38 
2020-12-02T11:52:44.309902+09:00 0 0 경기70아1592 3 36 204000065 122000258 38 
2020-12-02T11:53:44.254149+09:00 0 0 경기70아1592 3 36 204000065 122000258 38 
2020-12-02T11:54:43.978343+09:00 0 0 경기70아1592 3 37 204000065 122000291 39 
2020-12-02T11:55:43.142463+09:00 0 0 경기70아1592 3 37 204000065 122000291 39 
2020-12-02T11:56:42.906780+09:00 0 0 경기70아1592 3 37 204000065 122000388 41 
2020-12-02T11:57:42.760840+09:00 0 0 경기70아1592 3 37 204000065 122000386 42 
2020-12-02T11:58:42.735096+09:00 0 0 경기70아1592 3 37 204000065 122000386 42 
2020-12-02T11:59:42.559249+09:00 0 0 경기70아1592 3 37 204000065 122000094 44 
2020-12-02T12:00:41.523341+09:00 0 0 경기70아1592 3 37 204000065 122000094 44 
2020-12-02T12:01:40.697519+09:00 0 0 경기70아1592 3 38 204000065 122000094 44 
2020-12-02T12:02:40.721672+09:00 0 0 경기70아1592 3 38 204000065 122000089 45 
2020-12-02T12:03:40.335846+09:00 0 0 경기70아1592 3 38 204000065 122000066 48 
2020-12-02T12:04:40.270020+09:00 0 0 경기70아1592 3 38 204000065 122000066 48 
2020-12-02T12:05:39.964219+09:00 0 0 경기70아1592 3 38 204000065 122000066 48 
2020-12-02T12:06:39.718312+09:00 0 0 경기70아1592 3 38 204000065 122000066 48 
2020-12-02T12:07:39.642503+09:00 0 0 경기70아1592 3 38 204000065 122000064 49 
2020-12-02T12:08:39.316582+09:00 0 0 경기70아1592 3 38 204000065 122000064 49 
2020-12-02T12:09:38.390715+09:00 0 0 경기70아1592 3 38 204000065 122000064 49 
2020-12-02T12:10:38.484902+09:00 0 0 경기70아1592 3 38 204000065 122000559 50 
2020-12-02T12:11:37.469106+09:00 0 0 경기70아1592 3 39 204000065 122000078 51 
2020-12-02T12:12:36.663135+09:00 0 0 경기70아1592 3 39 204000065 122000078 51 
2020-12-02T12:13:36.607248+09:00 0 0 경기70아1592 3 39 204000065 122000079 52 
2020-12-02T12:14:36.441399+09:00 0 0 경기70아1592 3 39 204000065 122000079 52 
2020-12-02T12:15:36.425515+09:00 0 0 경기70아1592 3 39 204000065 122000079 52 
2020-12-02T12:16:35.589697+09:00 0 0 경기70아1592 3 39 204000065 122000079 52 
2020-12-02T12:17:34.844031+09:00 0 0 경기70아1592 3 39 204000065 122000065 53 
2020-12-02T12:18:34.567929+09:00 0 0 경기70아1592 3 39 204000065 122000065 53 
2020-12-02T12:19:34.702096+09:00 0 0 경기70아1592 3 39 204000065 122000637 54 
2020-12-02T12:20:33.826164+09:00 0 0 경기70아1592 3 39 204000065 122000068 55 
2020-12-02T12:21:33.690485+09:00 0 0 경기70아1592 3 39 204000065 122000068 55 
2020-12-02T12:22:33.614640+09:00 0 0 경기70아1592 3 39 204000065 122000086 56 
2020-12-02T12:23:33.558740+09:00 0 0 경기70아1592 3 38 204000065 122000095 57 
2020-12-02T12:24:33.142846+09:00 0 0 경기70아1592 3 38 204000065 122000096 58 
2020-12-02T12:25:32.616820+09:00 0 0 경기70아1592 3 38 204000065 122000096 58 
2020-12-02T12:26:31.750879+09:00 0 0 경기70아1592 3 38 204000065 122000330 59 
2020-12-02T12:27:31.624753+09:00 0 0 경기70아1592 3 38 204000065 122000330 59 
2020-12-02T12:28:31.428896+09:00 0 0 경기70아1592 3 38 204000065 122000142 60 
2020-12-02T12:29:30.592880+09:00 0 0 경기70아1592 3 38 204000065 122000133 61 
2020-12-02T12:30:29.566870+09:00 0 0 경기70아1592 3 38 204000065 122000133 61 
2020-12-02T12:31:29.590932+09:00 0 0 경기70아1592 3 38 204000065 122000256 62 
2020-12-02T12:32:28.674970+09:00 0 0 경기70아1592 3 38 204000065 122000257 63 
2020-12-02T12:33:28.649025+09:00 0 0 경기70아1592 3 38 204000065 122000257 63 
2020-12-02T12:34:27.693142+09:00 0 0 경기70아1592 3 38 204000065 122000257 63 
2020-12-02T12:35:27.677176+09:00 0 0 경기70아1592 3 38 204000065 122000257 63 
2020-12-02T12:36:26.661217+09:00 0 0 경기70아1592 3 38 204000065 122000257 63 
2020-12-02T12:37:26.425365+09:00 0 0 경기70아1592 3 38 204000065 122000286 64 
2020-12-02T12:38:26.429418+09:00 0 0 경기70아1592 3 37 204000065 122000285 65 
2020-12-02T12:39:25.353378+09:00 0 0 경기70아1592 3 37 204000065 122000285 65 
2020-12-02T12:40:25.167581+09:00 0 0 경기70아1592 3 37 204000065 277103420 66 
2020-12-02T12:41:24.221592+09:00 0 0 경기70아1592 3 37 204000065 277103420 66 
2020-12-02T12:42:24.245727+09:00 0 0 경기70아1592 3 37 204000065 277103418 67 
2020-12-02T12:43:23.939856+09:00 0 0 경기70아1592 3 37 204000065 277103418 67 
2020-12-02T12:44:23.233922+09:00 0 0 경기70아1592 3 37 204000065 277103418 67 
2020-12-02T12:45:22.257932+09:00 0 0 경기70아1592 3 37 204000065 277103418 67 
2020-12-02T12:46:21.451979+09:00 0 0 경기70아1592 3 37 204000065 277103418 67 
2020-12-02T12:47:20.416070+09:00 0 0 경기70아1592 3 37 204000065 277103418 67 
2020-12-02T12:48:20.540264+09:00 0 0 경기70아1592 3 37 204000065 277103418 67 
2020-12-02T12:49:19.554335+09:00 0 0 경기70아1592 3 37 204000065 205000207 68 
2020-12-02T12:50:18.978448+09:00 0 0 경기70아1592 3 37 204000065 205000207 68 
2020-12-02T12:51:18.902571+09:00 0 0 경기70아1592 3 37 204000065 205000207 68 
2020-12-02T12:52:18.696838+09:00 0 0 경기70아1592 3 38 204000065 205000245 69 
2020-12-02T12:53:17.840706+09:00 0 0 경기70아1592 3 38 204000065 205000245 69 
2020-12-02T12:54:17.264828+09:00 0 0 경기70아1592 3 38 204000065 206000361 70 
2020-12-02T12:55:16.428907+09:00 0 0 경기70아1592 3 38 204000065 206000157 71 
2020-12-02T12:56:15.991878+09:00 0 0 경기70아1592 3 38 204000065 206000157 71 
2020-12-02T12:57:14.957201+09:00 0 0 경기70아1592 3 38 204000065 206000157 71 
2020-12-02T12:58:14.251261+09:00 0 0 경기70아1592 3 38 204000065 206000055 72 
2020-12-02T12:59:13.285362+09:00 0 0 경기70아1592 3 38 204000065 206000053 74 
2020-12-02T13:00:13.319493+09:00 0 0 경기70아1592 3 38 204000065 206000053 74 
2020-12-02T13:01:12.523619+09:00 0 0 경기70아1592 3 38 204000065 206000053 74 
2020-12-02T13:02:12.127805+09:00 0 0 경기70아1592 3 38 204000065 206000238 75 
2020-12-02T13:03:11.492003+09:00 0 0 경기70아1592 3 38 204000065 206000238 75 
2020-12-02T13:04:11.116053+09:00 0 0 경기70아1592 3 38 204000065 206000237 76 
2020-12-02T13:05:10.400243+09:00 0 0 경기70아1592 3 38 204000065 206000052 77 
2020-12-02T13:06:09.514448+09:00 0 0 경기70아1592 3 38 204000065 206000128 79 
2020-12-02T13:07:08.728440+09:00 0 0 경기70아1592 3 38 204000065 206000128 79 
2020-12-02T13:08:08.592769+09:00 0 0 경기70아1592 3 38 204000065 206000050 80 
2020-12-02T13:09:08.666865+09:00 0 0 경기70아1592 3 38 204000065 206000049 81 
2020-12-02T13:10:08.500954+09:00 0 0 경기70아1592 3 38 204000065 206000047 83 
2020-12-02T13:11:07.555016+09:00 0 0 경기70아1592 3 39 204000065 206000046 84 
2020-12-02T13:12:07.139222+09:00 0 0 경기70아1592 3 39 204000065 206000044 86 
2020-12-02T13:13:06.773518+09:00 0 0 경기70아1592 3 39 204000065 206000672 87 
2020-12-02T13:14:05.857452+09:00 0 0 경기70아1592 3 39 204000065 206000672 87 
2020-12-02T13:15:05.891648+09:00 0 0 경기70아1592 3 39 204000065 206000043 88 
2020-12-02T13:16:05.005671+09:00 0 0 경기70아1592 3 39 204000065 206000178 89 
2020-12-02T13:17:05.099858+09:00 0 0 경기70아1592 3 39 204000065 206000178 89 
2020-12-02T13:18:04.444219+09:00 0 0 경기70아1592 3 39 204000065 206000178 89 
2020-12-02T13:19:03.738081+09:00 0 0 경기70아1592 3 39 204000065 206000724 90 
2020-12-02T13:20:03.602281+09:00 0 0 경기70아1592 3 39 204000065 206000722 91 
2020-12-02T13:21:03.056366+09:00 0 0 경기70아1592 3 39 204000065 206000722 91 
2020-12-02T13:22:02.750450+09:00 0 0 경기70아1592 3 39 204000065 206000711 93 
2020-12-02T13:23:02.724642+09:00 0 0 경기70아1592 3 39 204000065 206000041 94 
2020-12-02T13:24:01.758817+09:00 0 0 경기70아1592 3 39 204000065 206000171 95 
2020-12-02T15:29:07.366673+09:00 0 0 경기70아1592 3 39 204000065 206000334 5 
2020-12-02T15:30:07.330857+09:00 0 0 경기70아1592 3 39 204000065 206000334 5 
2020-12-02T15:31:06.414919+09:00 0 0 경기70아1592 3 39 204000065 206000714 7 
2020-12-02T15:32:06.409004+09:00 0 0 경기70아1592 3 39 204000065 206000714 7 
2020-12-02T15:33:05.373161+09:00 0 0 경기70아1592 3 39 204000065 206000714 7 
2020-12-02T15:34:04.967354+09:00 0 0 경기70아1592 3 39 204000065 206000723 9 
2020-12-02T15:35:04.891409+09:00 0 0 경기70아1592 3 39 204000065 206000723 9 
2020-12-02T15:36:04.605591+09:00 0 0 경기70아1592 3 39 204000065 206000327 10 
2020-12-02T15:37:04.299651+09:00 0 0 경기70아1592 3 39 204000065 206000249 11 
2020-12-02T15:38:03.823731+09:00 0 0 경기70아1592 3 39 204000065 206000038 13 
2020-12-02T15:39:03.597875+09:00 0 0 경기70아1592 3 39 204000065 206000036 15 
2020-12-02T15:40:02.661974+09:00 0 0 경기70아1592 3 39 204000065 206000035 16 
2020-12-02T15:41:02.196160+09:00 0 0 경기70아1592 3 39 204000065 206000035 16 
2020-12-02T15:42:01.820185+09:00 0 0 경기70아1592 3 39 204000065 206000035 16 
2020-12-02T15:43:01.514285+09:00 0 0 경기70아1592 3 39 204000065 206000033 18 
2020-12-02T15:44:01.488469+09:00 0 0 경기70아1592 3 39 204000065 206000032 19 
2020-12-02T15:45:01.102610+09:00 0 0 경기70아1592 3 39 204000065 206000029 22 
2020-12-02T15:46:00.936689+09:00 0 0 경기70아1592 3 39 204000065 206000318 24 
2020-12-02T15:47:00.550818+09:00 0 0 경기70아1592 3 39 204000065 206000318 24 
2020-12-02T15:48:00.564942+09:00 0 0 경기70아1592 3 39 204000065 206000317 25 
2020-12-02T15:49:00.399121+09:00 0 0 경기70아1592 3 39 204000065 206000028 26 
2020-12-02T15:49:59.873087+09:00 0 0 경기70아1592 3 39 204000065 206000027 27 
2020-12-02T15:50:59.717124+09:00 0 0 경기70아1592 3 39 204000065 206000027 27 
2020-12-02T15:51:59.281104+09:00 0 0 경기70아1592 3 39 204000065 206000226 29 
2020-12-02T15:52:59.395146+09:00 0 0 경기70아1592 3 39 204000065 206000226 29 
2020-12-02T15:53:58.889172+09:00 0 0 경기70아1592 3 39 204000065 206000784 30 
2020-12-02T15:54:58.613288+09:00 0 0 경기70아1592 3 39 204000065 206000784 30 
2020-12-02T15:55:58.277133+09:00 0 0 경기70아1592 3 38 204000065 206000784 30 
2020-12-02T15:56:58.181256+09:00 0 0 경기70아1592 3 38 204000065 205000029 31 
2020-12-02T15:57:57.945334+09:00 0 0 경기70아1592 3 38 204000065 205000029 31 
2020-12-02T15:58:58.029433+09:00 0 0 경기70아1592 3 38 204000065 205000029 31 
2020-12-02T15:59:57.743476+09:00 0 0 경기70아1592 3 38 204000065 205000069 32 
2020-12-02T16:00:57.527518+09:00 0 0 경기70아1592 3 38 204000065 205000069 32 
2020-12-02T16:01:56.961583+09:00 0 0 경기70아1592 3 38 204000065 205000069 32 
2020-12-02T16:02:56.735753+09:00 0 0 경기70아1592 3 38 204000065 205000069 32 
2020-12-02T16:03:56.449768+09:00 0 0 경기70아1592 3 38 204000065 277102622 33 
2020-12-02T16:04:56.203870+09:00 0 0 경기70아1592 3 38 204000065 277102622 33 
2020-12-02T16:05:55.877932+09:00 0 0 경기70아1592 3 38 204000065 277102622 33 
2020-12-02T16:06:55.532320+09:00 0 0 경기70아1592 3 38 204000065 277102622 33 
2020-12-02T16:07:55.446273+09:00 0 0 경기70아1592 3 38 204000065 277102622 33 
2020-12-02T16:08:55.180335+09:00 0 0 경기70아1592 3 38 204000065 277102622 33 
2020-12-02T16:09:54.734471+09:00 0 0 경기70아1592 3 38 204000065 277103419 34 
2020-12-02T16:10:54.268370+09:00 0 0 경기70아1592 3 38 204000065 277103419 34 
2020-12-02T16:11:54.152550+09:00 0 0 경기70아1592 3 38 204000065 277103419 34 
2020-12-02T16:12:54.086564+09:00 0 0 경기70아1592 3 38 204000065 277103419 34 
2020-12-02T16:13:53.570607+09:00 0 0 경기70아1592 3 38 204000065 277103419 34 
2020-12-02T16:14:53.424942+09:00 0 0 경기70아1592 3 38 204000065 277103419 34 
2020-12-02T16:15:52.688967+09:00 0 0 경기70아1592 3 38 204000065 277103419 34 
2020-12-02T16:16:52.472992+09:00 0 0 경기70아1592 3 38 204000065 277103419 34 
2020-12-02T16:17:52.487160+09:00 0 0 경기70아1592 3 38 204000065 277103419 34 
2020-12-02T16:18:51.947546+09:00 0 0 경기70아1592 3 38 204000065 277103421 35 
2020-12-02T16:19:50.935256+09:00 0 0 경기70아1592 3 38 204000065 277103421 35 
2020-12-02T16:20:50.189317+09:00 0 0 경기70아1592 3 38 204000065 122000287 36 
2020-12-02T16:21:50.113550+09:00 0 0 경기70아1592 3 38 204000065 122000288 37 
2020-12-02T16:22:50.027925+09:00 0 0 경기70아1592 3 38 204000065 122000258 38 
2020-12-02T16:23:49.291608+09:00 0 0 경기70아1592 3 38 204000065 122000258 38 
2020-12-02T16:24:48.765188+09:00 0 0 경기70아1592 3 38 204000065 122000291 39 
2020-12-02T16:25:48.609065+09:00 0 0 경기70아1592 3 38 204000065 122000291 39 
2020-12-02T16:26:48.243132+09:00 0 0 경기70아1592 3 39 204000065 122000137 40 
2020-12-02T16:27:47.886739+09:00 0 0 경기70아1592 3 39 204000065 122000137 40 
2020-12-02T16:28:47.770418+09:00 0 0 경기70아1592 3 39 204000065 122000388 41 
2020-12-02T16:29:47.754355+09:00 0 0 경기70아1592 3 39 204000065 122000139 43 
2020-12-02T16:30:47.028196+09:00 0 0 경기70아1592 3 39 204000065 122000139 43 
2020-12-02T16:31:46.732158+09:00 0 0 경기70아1592 3 39 204000065 122000139 43 
2020-12-02T16:32:46.375994+09:00 0 0 경기70아1592 3 39 204000065 122000094 44 
2020-12-02T16:33:46.049991+09:00 0 0 경기70아1592 3 39 204000065 122000089 45 
2020-12-02T16:34:45.783834+09:00 0 0 경기70아1592 3 39 204000065 122000085 46 
2020-12-02T16:35:45.097738+09:00 0 0 경기70아1592 3 39 204000065 122000066 48 
2020-12-02T16:36:44.411797+09:00 0 0 경기70아1592 3 39 204000065 122000064 49 
2020-12-02T16:37:44.085654+09:00 0 0 경기70아1592 3 39 204000065 122000064 49 
2020-12-02T16:38:43.979745+09:00 0 0 경기70아1592 3 39 204000065 122000064 49 
2020-12-02T16:39:42.944430+09:00 0 0 경기70아1592 3 39 204000065 122000559 50 
2020-12-02T16:40:42.557596+09:00 0 0 경기70아1592 3 39 204000065 122000078 51 
2020-12-02T16:41:41.651484+09:00 0 0 경기70아1592 3 39 204000065 122000078 51 
2020-12-02T16:42:41.505638+09:00 0 0 경기70아1592 3 39 204000065 122000078 51 
2020-12-02T16:43:41.439553+09:00 0 0 경기70아1592 3 39 204000065 122000078 51 
2020-12-02T16:44:40.973578+09:00 0 0 경기70아1592 3 39 204000065 122000079 52 
2020-12-02T16:45:40.747575+09:00 0 0 경기70아1592 3 39 204000065 122000079 52 
