204000065 2020-12-02T22:00:46.288256+09:00
2020-12-03T17:29:32.628653+09:00 0 0 경기70아1592 3 32 204000065 205000245 69 
2020-12-03T17:30:02.970803+09:00 0 0 경기70아1592 3 32 204000065 205000245 69 
2020-12-03T17:30:48.554023+09:00 0 0 경기70아1592 3 32 204000065 206000361 70 
2020-12-03T17:31:47.898076+09:00 0 0 경기70아1592 3 33 204000065 206000157 71 
2020-12-03T17:32:47.792205+09:00 0 0 경기70아1592 3 33 204000065 206000157 71 
2020-12-03T17:33:46.906308+09:00 0 0 경기70아1592 3 33 204000065 206000157 71 
2020-12-03T17:34:46.330395+09:00 0 0 경기70아1592 3 33 204000065 206000157 71 
2020-12-03T17:35:45.814479+09:00 0 0 경기70아1592 3 33 204000065 206000054 73 
2020-12-03T17:36:45.009722+09:00 0 0 경기70아1592 3 33 204000065 206000054 73 
2020-12-03T17:37:44.852652+09:00 0 0 경기70아1592 3 33 204000065 206000054 73 
2020-12-03T17:38:44.346820+09:00 0 0 경기70아1592 3 33 204000065 206000053 74 
2020-12-03T17:39:44.152080+09:00 0 0 경기70아1592 3 33 204000065 206000053 74 
2020-12-03T17:40:43.835231+09:00 0 0 경기70아1592 3 33 204000065 206000053 74 
2020-12-03T17:41:43.719243+09:00 0 0 경기70아1592 3 37 204000065 206000238 75 
2020-12-03T17:42:43.263398+09:00 0 0 경기70아1592 3 37 204000065 206000238 75 
2020-12-03T17:43:42.927536+09:00 0 0 경기70아1592 3 37 204000065 206000237 76 
2020-12-03T17:44:42.061447+09:00 0 0 경기70아1592 3 37 204000065 206000052 77 
2020-12-03T17:45:41.695748+09:00 0 0 경기70아1592 3 37 204000065 206000128 79 
2020-12-03T17:46:41.541097+09:00 0 0 경기70아1592 3 37 204000065 206000128 79 
2020-12-03T17:47:41.273973+09:00 0 0 경기70아1592 3 37 204000065 206000128 79 
2020-12-03T17:48:40.788173+09:00 0 0 경기70아1592 3 37 204000065 206000049 81 
2020-12-03T17:49:40.723342+09:00 0 0 경기70아1592 3 37 204000065 206000049 81 
2020-12-03T17:50:40.846488+09:00 0 0 경기70아1592 3 37 204000065 206000047 83 
2020-12-03T17:51:40.470623+09:00 0 0 경기70아1592 3 37 204000065 206000047 83 
2020-12-03T17:52:40.344731+09:00 0 0 경기70아1592 3 36 204000065 206000046 84 
2020-12-03T17:53:40.688888+09:00 0 0 경기70아1592 3 37 204000065 206000672 87 
2020-12-03T17:54:38.752805+09:00 0 0 경기70아1592 3 38 204000065 206000672 87 
2020-12-03T17:55:38.437139+09:00 0 0 경기70아1592 3 38 204000065 206000043 88 
2020-12-03T17:56:38.032194+09:00 0 0 경기70아1592 3 38 204000065 206000043 88 
2020-12-03T17:57:37.175273+09:00 0 0 경기70아1592 3 38 204000065 206000043 88 
2020-12-03T17:58:37.329317+09:00 0 0 경기70아1592 3 38 204000065 206000043 88 
2020-12-03T17:59:36.974937+09:00 0 0 경기70아1592 3 38 204000065 206000178 89 
2020-12-03T18:00:36.837704+09:00 0 0 경기70아1592 3 38 204000065 206000178 89 
2020-12-03T18:01:35.791714+09:00 0 0 경기70아1592 3 38 204000065 206000724 90 
2020-12-03T18:02:35.375819+09:00 0 0 경기70아1592 3 38 204000065 206000722 91 
2020-12-03T18:03:35.159879+09:00 0 0 경기70아1592 3 38 204000065 206000722 91 
2020-12-03T18:04:35.034090+09:00 0 0 경기70아1592 3 39 204000065 206000711 93 
2020-12-03T18:05:35.008044+09:00 0 0 경기70아1592 3 39 204000065 206000171 95 
2020-12-03T18:06:34.422198+09:00 0 0 경기70아1592 3 39 204000065 206000171 95 
2020-12-03T18:07:34.226270+09:00 0 0 경기70아1592 3 39 204000065 206000171 95 
2020-12-03T18:08:34.170455+09:00 0 0 경기70아1592 3 39 204000065 206000171 95 
2020-12-03T18:09:33.604377+09:00 0 0 경기70아1592 3 39 204000065 206000171 95 
2020-12-03T18:10:33.478565+09:00 0 0 경기70아1592 3 39 204000065 206000171 95 
2020-12-03T18:11:33.292592+09:00 0 0 경기70아1592 3 39 204000065 206000171 95 
2020-12-03T18:12:32.970298+09:00 0 0 경기70아1592 3 39 204000065 206000171 95 
2020-12-03T18:13:32.681258+09:00 0 0 경기70아1592 3 39 204000065 206000171 95 
2020-12-03T18:14:32.625005+09:00 0 0 경기70아1592 3 39 204000065 206000171 95 
2020-12-03T18:15:32.209178+09:00 0 0 경기70아1592 3 39 204000065 206000171 95 
2020-12-03T18:16:31.923250+09:00 0 0 경기70아1592 3 39 204000065 206000171 95 
2020-12-03T18:17:30.937268+09:00 0 0 경기70아1592 3 39 204000065 206000171 95 
2020-12-03T18:18:30.491526+09:00 0 0 경기70아1592 3 39 204000065 206000171 95 
2020-12-03T18:19:30.055532+09:00 0 0 경기70아1592 3 39 204000065 206000171 95 
2020-12-03T19:02:17.947319+09:00 0 0 경기70아1592 3 39 204000065 206000405 4 
2020-12-03T19:03:17.771316+09:00 0 0 경기70아1592 3 39 204000065 206000334 5 
2020-12-03T19:04:16.745394+09:00 0 0 경기70아1592 3 39 204000065 206000334 5 
2020-12-03T19:05:15.859418+09:00 0 0 경기70아1592 3 39 204000065 206000334 5 
2020-12-03T19:06:14.963403+09:00 0 0 경기70아1592 3 39 204000065 206000710 6 
2020-12-03T19:07:14.827443+09:00 0 0 경기70아1592 3 39 204000065 206000714 7 
2020-12-03T19:08:14.451648+09:00 0 0 경기70아1592 3 39 204000065 206000714 7 
2020-12-03T19:09:14.355582+09:00 0 0 경기70아1592 3 39 204000065 206000721 8 
2020-12-03T19:10:14.188924+09:00 0 0 경기70아1592 3 39 204000065 206000721 8 
2020-12-03T19:11:13.922312+09:00 0 0 경기70아1592 3 39 204000065 206000723 9 
2020-12-03T19:12:13.155719+09:00 0 0 경기70아1592 3 39 204000065 206000327 10 
2020-12-03T19:13:12.939259+09:00 0 0 경기70아1592 3 39 204000065 206000327 10 
2020-12-03T19:14:12.642784+09:00 0 0 경기70아1592 3 39 204000065 206000039 12 
2020-12-03T19:15:12.306452+09:00 0 0 경기70아1592 3 36 204000065 206000038 13 
2020-12-03T19:16:11.510035+09:00 0 0 경기70아1592 3 36 204000065 206000037 14 
2020-12-03T19:17:11.293690+09:00 0 0 경기70아1592 3 36 204000065 206000036 15 
2020-12-03T19:18:11.061551+09:00 0 0 경기70아1592 3 36 204000065 206000035 16 
2020-12-03T19:19:10.951250+09:00 0 0 경기70아1592 3 36 204000065 206000035 16 
2020-12-03T19:20:10.844960+09:00 0 0 경기70아1592 3 35 204000065 206000033 18 
2020-12-03T19:21:10.548591+09:00 0 0 경기70아1592 3 35 204000065 206000033 18 
2020-12-03T19:22:10.542490+09:00 0 0 경기70아1592 3 35 204000065 206000030 21 
2020-12-03T19:23:10.396638+09:00 0 0 경기70아1592 3 35 204000065 206000030 21 
2020-12-03T19:24:10.260111+09:00 0 0 경기70아1592 3 35 204000065 206000030 21 
2020-12-03T19:25:10.013996+09:00 0 0 경기70아1592 3 35 204000065 206000029 22 
2020-12-03T19:26:09.897875+09:00 0 0 경기70아1592 3 35 204000065 206000318 24 
2020-12-03T19:27:09.551780+09:00 0 0 경기70아1592 3 35 204000065 206000317 25 
2020-12-03T19:28:08.775501+09:00 0 0 경기70아1592 3 35 204000065 206000027 27 
2020-12-03T19:29:07.770473+09:00 0 0 경기70아1592 3 35 204000065 206000027 27 
2020-12-03T19:30:07.993350+09:00 0 0 경기70아1592 3 35 204000065 206000227 28 
2020-12-03T19:31:07.657268+09:00 0 0 경기70아1592 3 35 204000065 206000226 29 
2020-12-03T19:32:07.021015+09:00 0 0 경기70아1592 3 35 204000065 206000226 29 
2020-12-03T19:33:06.935056+09:00 0 0 경기70아1592 3 35 204000065 206000226 29 
2020-12-03T19:34:05.958905+09:00 0 0 경기70아1592 3 34 204000065 206000784 30 
2020-12-03T19:35:05.942755+09:00 0 0 경기70아1592 3 35 204000065 205000029 31 
2020-12-03T19:36:05.896800+09:00 0 0 경기70아1592 3 35 204000065 205000029 31 
2020-12-03T19:37:05.690686+09:00 0 0 경기70아1592 3 35 204000065 205000029 31 
2020-12-03T19:38:05.604483+09:00 0 0 경기70아1592 3 35 204000065 205000029 31 
2020-12-03T19:39:05.618540+09:00 0 0 경기70아1592 3 35 204000065 205000069 32 
2020-12-03T19:40:05.522463+09:00 0 0 경기70아1592 3 35 204000065 205000069 32 
2020-12-03T19:41:05.046550+09:00 0 0 경기70아1592 3 35 204000065 205000069 32 
2020-12-03T19:42:04.510343+09:00 0 0 경기70아1592 3 35 204000065 205000069 32 
2020-12-03T19:43:04.264254+09:00 0 0 경기70아1592 3 35 204000065 277102622 33 
2020-12-03T19:44:03.718602+09:00 0 0 경기70아1592 3 35 204000065 277102622 33 
2020-12-03T19:45:02.752083+09:00 0 0 경기70아1592 3 35 204000065 277102622 33 
2020-12-03T19:46:02.166375+09:00 0 0 경기70아1592 3 35 204000065 277102622 33 
2020-12-03T19:47:01.609834+09:00 0 0 경기70아1592 3 35 204000065 277103419 34 
2020-12-03T19:48:01.463812+09:00 0 0 경기70아1592 3 35 204000065 277103419 34 
2020-12-03T19:49:01.167712+09:00 0 0 경기70아1592 3 35 204000065 277103419 34 
2020-12-03T19:50:00.361645+09:00 0 0 경기70아1592 3 35 204000065 277103421 35 
2020-12-03T19:51:00.455656+09:00 0 0 경기70아1592 3 35 204000065 277103421 35 
2020-12-03T19:52:00.089610+09:00 0 0 경기70아1592 3 36 204000065 122000287 36 
2020-12-03T19:52:59.433420+09:00 0 0 경기70아1592 3 36 204000065 122000288 37 
2020-12-03T19:53:59.397470+09:00 0 0 경기70아1592 3 36 204000065 122000288 37 
2020-12-03T19:54:59.181363+09:00 0 0 경기70아1592 3 36 204000065 122000258 38 
2020-12-03T19:55:58.965324+09:00 0 0 경기70아1592 3 36 204000065 122000258 38 
2020-12-03T19:56:58.179186+09:00 0 0 경기70아1592 3 36 204000065 122000258 38 
2020-12-03T19:57:57.743219+09:00 0 0 경기70아1592 3 36 204000065 122000291 39 
2020-12-03T19:58:57.187060+09:00 0 0 경기70아1592 3 36 204000065 122000291 39 
2020-12-03T19:59:56.741096+09:00 0 0 경기70아1592 3 36 204000065 122000137 40 
2020-12-03T20:00:56.104824+09:00 0 0 경기70아1592 3 36 204000065 122000386 42 
2020-12-03T20:01:55.798912+09:00 0 0 경기70아1592 3 36 204000065 122000386 42 
2020-12-03T20:02:55.402795+09:00 0 0 경기70아1592 3 36 204000065 122000139 43 
2020-12-03T20:03:54.966687+09:00 0 0 경기70아1592 3 36 204000065 122000139 43 
2020-12-03T20:04:54.420643+09:00 0 0 경기70아1592 3 36 204000065 122000139 43 
2020-12-03T20:05:53.734624+09:00 0 0 경기70아1592 3 36 204000065 122000094 44 
2020-12-03T20:06:53.528539+09:00 0 0 경기70아1592 3 37 204000065 122000085 46 
2020-12-03T20:07:53.262562+09:00 0 0 경기70아1592 3 38 204000065 122000085 46 
2020-12-03T20:08:53.046790+09:00 0 0 경기70아1592 3 38 204000065 122000066 48 
2020-12-03T20:09:52.980435+09:00 0 0 경기70아1592 3 39 204000065 122000064 49 
2020-12-03T20:10:52.234271+09:00 0 0 경기70아1592 3 39 204000065 122000064 49 
2020-12-03T20:11:52.168228+09:00 0 0 경기70아1592 3 39 204000065 122000064 49 
2020-12-03T20:12:51.412116+09:00 0 0 경기70아1592 3 37 204000065 122000559 50 
2020-12-03T20:13:51.336208+09:00 0 0 경기70아1592 3 37 204000065 122000559 50 
2020-12-03T20:14:51.070080+09:00 0 0 경기70아1592 3 35 204000065 122000078 51 
2020-12-03T20:15:50.363988+09:00 0 0 경기70아1592 3 35 204000065 122000078 51 
2020-12-03T20:16:50.027932+09:00 0 0 경기70아1592 3 36 204000065 122000079 52 
2020-12-03T20:17:49.682432+09:00 0 0 경기70아1592 3 36 204000065 122000065 53 
2020-12-03T20:18:49.667716+09:00 0 0 경기70아1592 3 36 204000065 122000068 55 
2020-12-03T20:19:49.363108+09:00 0 0 경기70아1592 3 36 204000065 122000068 55 
2020-12-03T20:20:48.938189+09:00 0 0 경기70아1592 3 34 204000065 122000086 56 
2020-12-03T20:21:48.503202+09:00 0 0 경기70아1592 3 34 204000065 122000086 56 
2020-12-03T20:22:48.508140+09:00 0 0 경기70아1592 3 34 204000065 122000095 57 
2020-12-03T20:23:48.032898+09:00 0 0 경기70아1592 3 34 204000065 122000096 58 
2020-12-03T20:24:47.917792+09:00 0 0 경기70아1592 3 33 204000065 122000096 58 
2020-12-03T20:25:47.642428+09:00 0 0 경기70아1592 3 33 204000065 122000330 59 
2020-12-03T20:26:47.487132+09:00 0 0 경기70아1592 3 33 204000065 122000330 59 
2020-12-03T20:27:46.701651+09:00 0 0 경기70아1592 3 33 204000065 122000142 60 
2020-12-03T20:28:46.396016+09:00 0 0 경기70아1592 3 33 204000065 122000142 60 
2020-12-03T20:29:45.560585+09:00 0 0 경기70아1592 3 32 204000065 122000142 60 
2020-12-03T20:30:45.384992+09:00 0 0 경기70아1592 3 32 204000065 122000133 61 
2020-12-03T20:31:44.969510+09:00 0 0 경기70아1592 3 32 204000065 122000133 61 
2020-12-03T20:32:44.443827+09:00 0 0 경기70아1592 3 32 204000065 122000133 61 
2020-12-03T20:33:43.888066+09:00 0 0 경기70아1592 3 32 204000065 122000256 62 
2020-12-03T20:34:43.596433+09:00 0 0 경기70아1592 3 32 204000065 122000257 63 
2020-12-03T20:35:43.616979+09:00 0 0 경기70아1592 3 32 204000065 122000257 63 
2020-12-03T20:36:43.431242+09:00 0 0 경기70아1592 3 32 204000065 122000257 63 
2020-12-03T20:37:42.625324+09:00 0 0 경기70아1592 3 32 204000065 122000285 65 
2020-12-03T20:38:41.729630+09:00 0 0 경기70아1592 3 30 204000065 122000285 65 
2020-12-03T20:39:41.903938+09:00 0 0 경기70아1592 3 30 204000065 277103420 66 
2020-12-03T20:40:41.228126+09:00 0 0 경기70아1592 3 30 204000065 277103420 66 
2020-12-03T20:41:40.772392+09:00 0 0 경기70아1592 3 30 204000065 277103420 66 
2020-12-03T20:42:40.186757+09:00 0 0 경기70아1592 3 30 204000065 277103418 67 
2020-12-03T20:43:39.860772+09:00 0 0 경기70아1592 3 30 204000065 277103418 67 
2020-12-03T20:44:39.285002+09:00 0 0 경기70아1592 3 30 204000065 277103418 67 
2020-12-03T20:45:38.729218+09:00 0 0 경기70아1592 3 30 204000065 277103418 67 
2020-12-03T20:46:38.273317+09:00 0 0 경기70아1592 3 30 204000065 277103418 67 
2020-12-03T20:47:37.737584+09:00 0 0 경기70아1592 3 30 204000065 277103418 67 
2020-12-03T20:48:36.731574+09:00 0 0 경기70아1592 3 33 204000065 205000207 68 
2020-12-03T20:49:36.305876+09:00 0 0 경기70아1592 3 33 204000065 205000207 68 
2020-12-03T20:50:35.680010+09:00 0 0 경기70아1592 3 34 204000065 205000245 69 
2020-12-03T20:51:35.094225+09:00 0 0 경기70아1592 3 34 204000065 205000245 69 
2020-12-03T20:52:34.538702+09:00 0 0 경기70아1592 3 36 204000065 206000361 70 
2020-12-03T20:53:34.243358+09:00 0 0 경기70아1592 3 36 204000065 206000361 70 
2020-12-03T20:54:33.657525+09:00 0 0 경기70아1592 3 36 204000065 206000361 70 
2020-12-03T20:55:32.892032+09:00 0 0 경기70아1592 3 38 204000065 206000157 71 
2020-12-03T20:56:32.166395+09:00 0 0 경기70아1592 3 38 204000065 206000055 72 
2020-12-03T20:57:31.330652+09:00 0 0 경기70아1592 3 38 204000065 206000054 73 
2020-12-03T20:58:30.855003+09:00 0 0 경기70아1592 3 38 204000065 206000054 73 
2020-12-03T20:59:30.159434+09:00 0 0 경기70아1592 3 38 204000065 206000053 74 
2020-12-03T21:00:29.473614+09:00 0 0 경기70아1592 3 38 204000065 206000053 74 
2020-12-03T21:01:29.518014+09:00 0 0 경기70아1592 3 38 204000065 206000053 74 
2020-12-03T21:02:28.972312+09:00 0 0 경기70아1592 3 38 204000065 206000238 75 
2020-12-03T21:03:28.746611+09:00 0 0 경기70아1592 3 38 204000065 206000237 76 
2020-12-03T21:04:28.360872+09:00 0 0 경기70아1592 3 38 204000065 206000237 76 
2020-12-03T21:05:27.815064+09:00 0 0 경기70아1592 3 38 204000065 206000052 77 
2020-12-03T21:06:27.889341+09:00 0 0 경기70아1592 3 38 204000065 206000128 79 
2020-12-03T21:07:27.573528+09:00 0 0 경기70아1592 3 38 204000065 206000049 81 
2020-12-03T21:08:27.207889+09:00 0 0 경기70아1592 3 38 204000065 206000047 83 
2020-12-03T21:09:26.372063+09:00 0 0 경기70아1592 3 39 204000065 206000044 86 
2020-12-03T21:10:25.836197+09:00 0 0 경기70아1592 3 39 204000065 206000043 88 
2020-12-03T21:11:25.530463+09:00 0 0 경기70아1592 3 39 204000065 206000178 89 
2020-12-03T21:12:25.274670+09:00 0 0 경기70아1592 3 39 204000065 206000724 90 
2020-12-03T21:13:24.958860+09:00 0 0 경기70아1592 3 39 204000065 206000722 91 
2020-12-03T21:14:24.333272+09:00 0 0 경기70아1592 3 39 204000065 206000715 92 
2020-12-03T21:15:23.697360+09:00 0 0 경기70아1592 3 39 204000065 206000715 92 
2020-12-03T21:16:23.341578+09:00 0 0 경기70아1592 3 39 204000065 206000041 94 
2020-12-03T21:17:22.925745+09:00 0 0 경기70아1592 3 39 204000065 206000171 95 
2020-12-03T21:18:22.250053+09:00 0 0 경기70아1592 3 39 204000065 206000171 95 
2020-12-03T21:19:21.774149+09:00 0 0 경기70아1592 3 39 204000065 206000171 95 
2020-12-03T21:20:21.628361+09:00 0 0 경기70아1592 3 39 204000065 206000171 95 
2020-12-03T21:21:20.412445+09:00 0 0 경기70아1592 3 39 204000065 206000171 95 
2020-12-03T21:22:19.806650+09:00 0 0 경기70아1592 3 39 204000065 206000171 95 
2020-12-03T21:23:19.180909+09:00 0 0 경기70아1592 3 39 204000065 206000171 95 
2020-12-03T21:24:18.935102+09:00 0 0 경기70아1592 3 39 204000065 206000171 95 
2020-12-03T21:25:18.959311+09:00 0 0 경기70아1592 3 39 204000065 206000171 95 
2020-12-03T21:26:18.792626+09:00 0 0 경기70아1592 3 39 204000065 206000171 95 
2020-12-03T21:27:18.515037+09:00 0 0 경기70아1592 3 39 204000065 206000171 95 
2020-12-03T21:28:18.337956+09:00 0 0 경기70아1592 3 39 204000065 206000171 95 
2020-12-03T21:29:18.110727+09:00 0 0 경기70아1592 3 39 204000065 206000171 95 
 0 0 경기70아1592 3 39 204000065 206000171 95 
2020-12-03T21:30:16 0 0 경기70아1592 3 39 204000065 206000171 95 
2020-12-03T21:31:16 0 0 경기70아1592 3 39 204000065 206000171 95 
2020-12-03T21:57:08 0 0 경기70아1592 3 39 204000065 206000334 5 
2020-12-03T21:58:07 0 0 경기70아1592 3 39 204000065 206000714 7 
2020-12-03T21:59:07 0 0 경기70아1592 3 38 204000065 206000714 7 
2020-12-03T22:00:07 0 0 경기70아1592 3 38 204000065 206000721 8 
2020-12-03T22:01:07 0 0 경기70아1592 3 38 204000065 206000723 9 
2020-12-03T22:02:05 0 0 경기70아1592 3 38 204000065 206000723 9 
2020-12-03T22:03:06 0 0 경기70아1592 3 38 204000065 206000249 11 
2020-12-03T22:04:05 0 0 경기70아1592 3 38 204000065 206000037 14 
2020-12-03T22:05:05 0 0 경기70아1592 3 38 204000065 206000035 16 
2020-12-03T22:06:05 0 0 경기70아1592 3 39 204000065 206000034 17 
2020-12-03T22:07:05 0 0 경기70아1592 3 39 204000065 206000033 18 
2020-12-03T22:08:05 0 0 경기70아1592 3 39 204000065 206000033 18 
2020-12-03T22:09:04 0 0 경기70아1592 3 39 204000065 206000032 19 
2020-12-03T22:10:04 0 0 경기70아1592 3 39 204000065 206000029 22 
2020-12-03T22:11:04 0 0 경기70아1592 3 39 204000065 206000318 24 
2020-12-03T22:12:04 0 0 경기70아1592 3 39 204000065 206000317 25 
2020-12-03T22:13:03 0 0 경기70아1592 3 39 204000065 206000027 27 
2020-12-03T22:14:03 0 0 경기70아1592 3 39 204000065 206000027 27 
2020-12-03T22:15:03 0 0 경기70아1592 3 39 204000065 206000226 29 
2020-12-03T22:16:02 0 0 경기70아1592 3 39 204000065 206000226 29 
2020-12-03T22:17:02 0 0 경기70아1592 3 38 204000065 206000784 30 
2020-12-03T22:18:02 0 0 경기70아1592 3 38 204000065 206000784 30 
2020-12-03T22:19:01 0 0 경기70아1592 3 38 204000065 206000784 30 
2020-12-03T22:20:01 0 0 경기70아1592 3 38 204000065 205000029 31 
2020-12-03T22:21:00 0 0 경기70아1592 3 38 204000065 205000029 31 
2020-12-03T22:22:00 0 0 경기70아1592 3 38 204000065 205000029 31 
2020-12-03T22:23:00 0 0 경기70아1592 3 38 204000065 205000029 31 
2020-12-03T22:23:59 0 0 경기70아1592 3 38 204000065 205000029 31 
2020-12-03T22:24:59 0 0 경기70아1592 3 38 204000065 205000069 32 
2020-12-03T22:25:58 0 0 경기70아1592 3 38 204000065 205000069 32 
2020-12-03T22:26:58 0 0 경기70아1592 3 38 204000065 277102622 33 
2020-12-03T22:27:57 0 0 경기70아1592 3 38 204000065 277102622 33 
2020-12-03T22:28:57 0 0 경기70아1592 3 38 204000065 277102622 33 
2020-12-03T22:29:56 0 0 경기70아1592 3 38 204000065 277102622 33 
2020-12-03T22:30:56 0 0 경기70아1592 3 38 204000065 277103419 34 
2020-12-03T22:31:55 0 0 경기70아1592 3 38 204000065 277103419 34 
2020-12-03T22:32:55 0 0 경기70아1592 3 38 204000065 277103421 35 
2020-12-03T22:33:55 0 0 경기70아1592 3 39 204000065 277103421 35 
2020-12-03T22:34:55 0 0 경기70아1592 3 39 204000065 122000287 36 
2020-12-03T22:35:55 0 0 경기70아1592 3 39 204000065 122000288 37 
2020-12-03T22:36:54 0 0 경기70아1592 3 39 204000065 122000258 38 
2020-12-03T22:37:54 0 0 경기70아1592 3 39 204000065 122000291 39 
2020-12-03T22:38:53 0 0 경기70아1592 3 39 204000065 122000291 39 
2020-12-03T22:39:53 0 0 경기70아1592 3 39 204000065 122000388 41 
2020-12-03T22:40:52 0 0 경기70아1592 3 39 204000065 122000386 42 
2020-12-03T22:41:52 0 0 경기70아1592 3 39 204000065 122000139 43 
2020-12-03T22:42:51 0 0 경기70아1592 3 39 204000065 122000139 43 
2020-12-03T22:43:51 0 0 경기70아1592 3 39 204000065 122000094 44 
2020-12-03T22:44:50 0 0 경기70아1592 3 39 204000065 122000085 46 
2020-12-03T22:45:49 0 0 경기70아1592 3 39 204000065 122000085 46 
2020-12-03T22:46:49 0 0 경기70아1592 3 39 204000065 122000066 48 
2020-12-03T22:47:48 0 0 경기70아1592 3 39 204000065 122000066 48 
2020-12-03T22:48:48 0 0 경기70아1592 3 39 204000065 122000066 48 
2020-12-03T22:49:48 0 0 경기70아1592 3 39 204000065 122000064 49 
2020-12-03T22:50:48 0 0 경기70아1592 3 39 204000065 122000064 49 
2020-12-03T22:51:47 0 0 경기70아1592 3 39 204000065 122000064 49 
2020-12-03T22:52:47 0 0 경기70아1592 3 39 204000065 122000559 50 
2020-12-03T22:53:46 0 0 경기70아1592 3 39 204000065 122000559 50 
2020-12-03T22:54:46 0 0 경기70아1592 3 39 204000065 122000078 51 
2020-12-03T22:55:46 0 0 경기70아1592 3 39 204000065 122000079 52 
2020-12-03T22:56:44 0 0 경기70아1592 3 39 204000065 122000065 53 
2020-12-03T22:57:44 0 0 경기70아1592 3 39 204000065 122000065 53 
2020-12-03T22:58:44 0 0 경기70아1592 3 38 204000065 122000068 55 
2020-12-03T22:59:43 0 0 경기70아1592 3 38 204000065 122000068 55 
2020-12-03T23:00:43 0 0 경기70아1592 3 38 204000065 122000068 55 
2020-12-03T23:01:42 0 0 경기70아1592 3 38 204000065 122000086 56 
2020-12-03T23:02:42 0 0 경기70아1592 3 38 204000065 122000086 56 
2020-12-03T23:03:41 0 0 경기70아1592 3 38 204000065 122000096 58 
2020-12-03T23:04:41 0 0 경기70아1592 3 38 204000065 122000096 58 
2020-12-03T23:05:40 0 0 경기70아1592 3 38 204000065 122000330 59 
2020-12-03T23:06:40 0 0 경기70아1592 3 38 204000065 122000142 60 
2020-12-03T23:07:40 0 0 경기70아1592 3 38 204000065 122000142 60 
2020-12-03T23:08:39 0 0 경기70아1592 3 38 204000065 122000133 61 
2020-12-03T23:09:39 0 0 경기70아1592 3 38 204000065 122000133 61 
2020-12-03T23:10:39 0 0 경기70아1592 3 38 204000065 122000257 63 
2020-12-03T23:11:38 0 0 경기70아1592 3 38 204000065 122000257 63 
2020-12-03T23:12:38 0 0 경기70아1592 3 38 204000065 122000257 63 
2020-12-03T23:13:38 0 0 경기70아1592 3 38 204000065 122000286 64 
2020-12-03T23:14:37 0 0 경기70아1592 3 38 204000065 122000285 65 
2020-12-03T23:15:37 0 0 경기70아1592 3 38 204000065 277103420 66 
2020-12-03T23:16:37 0 0 경기70아1592 3 38 204000065 277103420 66 
2020-12-03T23:17:36 0 0 경기70아1592 3 38 204000065 277103420 66 
2020-12-03T23:18:36 0 0 경기70아1592 3 38 204000065 277103418 67 
2020-12-03T23:19:36 0 0 경기70아1592 3 38 204000065 277103418 67 
2020-12-03T23:20:35 0 0 경기70아1592 3 38 204000065 277103418 67 
2020-12-03T23:21:35 0 0 경기70아1592 3 38 204000065 277103418 67 
2020-12-03T23:22:35 0 0 경기70아1592 3 38 204000065 277103418 67 
2020-12-03T23:23:34 0 0 경기70아1592 3 38 204000065 277103418 67 
2020-12-03T23:24:34 0 0 경기70아1592 3 38 204000065 277103418 67 
2020-12-03T23:25:33 0 0 경기70아1592 3 38 204000065 277103418 67 
2020-12-03T23:26:33 0 0 경기70아1592 3 38 204000065 277103418 67 
2020-12-03T23:27:33 0 0 경기70아1592 3 38 204000065 277103418 67 
2020-12-03T23:28:33 0 0 경기70아1592 3 38 204000065 277103418 67 
2020-12-03T23:29:32 0 0 경기70아1592 3 38 204000065 277103418 67 
2020-12-03T23:30:32 0 0 경기70아1592 3 38 204000065 277103418 67 
2020-12-03T23:31:31 0 0 경기70아1592 3 38 204000065 277103418 67 
2020-12-03T23:32:31 0 0 경기70아1592 3 38 204000065 277103418 67 
