204000065 2020-11-29T23:50:37.985707+09:00
2020-11-30T06:58:14.331981+09:00 0 0 경기70아1592 3 39 204000065 277102558 2 
2020-11-30T06:59:13.496279+09:00 0 0 경기70아1592 3 39 204000065 277102558 2 
2020-11-30T07:00:12.570404+09:00 0 0 경기70아1592 3 39 204000065 277102470 3 
2020-11-30T07:01:12.804649+09:00 0 0 경기70아1592 3 39 204000065 277102470 3 
2020-11-30T07:02:12.498861+09:00 0 0 경기70아1592 3 39 204000065 206000405 4 
2020-11-30T07:03:12.693141+09:00 0 0 경기70아1592 3 37 204000065 206000334 5 
2020-11-30T07:04:11.817344+09:00 0 0 경기70아1592 3 37 204000065 206000334 5 
2020-11-30T07:05:11.081510+09:00 0 0 경기70아1592 3 37 204000065 206000334 5 
2020-11-30T07:06:10.235641+09:00 0 0 경기70아1592 3 37 204000065 206000710 6 
2020-11-30T07:07:09.679763+09:00 0 0 경기70아1592 3 37 204000065 206000714 7 
2020-11-30T07:08:08.913929+09:00 0 0 경기70아1592 3 36 204000065 206000714 7 
2020-11-30T07:09:08.068085+09:00 0 0 경기70아1592 3 36 204000065 206000714 7 
2020-11-30T07:10:07.082193+09:00 0 0 경기70아1592 3 36 204000065 206000714 7 
2020-11-30T07:11:06.577182+09:00 0 0 경기70아1592 3 36 204000065 206000723 9 
2020-11-30T07:12:05.870197+09:00 0 0 경기70아1592 3 36 204000065 206000723 9 
2020-11-30T07:13:05.834533+09:00 0 0 경기70아1592 3 36 204000065 206000327 10 
2020-11-30T07:14:05.548608+09:00 0 0 경기70아1592 3 36 204000065 206000249 11 
2020-11-30T07:15:05.012763+09:00 0 0 경기70아1592 3 36 204000065 206000037 14 
2020-11-30T07:16:04.296793+09:00 0 0 경기70아1592 3 36 204000065 206000036 15 
2020-11-30T07:17:04.250988+09:00 0 0 경기70아1592 3 36 204000065 206000035 16 
2020-11-30T07:18:03.445026+09:00 0 0 경기70아1592 3 34 204000065 206000034 17 
2020-11-30T07:19:02.639232+09:00 0 0 경기70아1592 3 34 204000065 206000034 17 
2020-11-30T07:20:01.623124+09:00 0 0 경기70아1592 3 34 204000065 206000033 18 
2020-11-30T07:21:01.397301+09:00 0 0 경기70아1592 3 34 204000065 206000033 18 
2020-11-30T07:22:00.591304+09:00 0 0 경기70아1592 3 33 204000065 206000031 20 
2020-11-30T07:23:00.145325+09:00 0 0 경기70아1592 3 31 204000065 206000030 21 
2020-11-30T07:23:59.329420+09:00 0 0 경기70아1592 3 31 204000065 206000030 21 
2020-11-30T07:24:58.533496+09:00 0 0 경기70아1592 3 31 204000065 206000029 22 
2020-11-30T07:25:58.357603+09:00 0 0 경기70아1592 3 28 204000065 206000029 22 
2020-11-30T07:26:57.611753+09:00 0 0 경기70아1592 3 28 204000065 206000383 23 
2020-11-30T07:27:57.545763+09:00 0 0 경기70아1592 3 28 204000065 206000383 23 
2020-11-30T07:28:57.199874+09:00 0 0 경기70아1592 3 28 204000065 206000318 24 
2020-11-30T07:29:56.524083+09:00 0 0 경기70아1592 3 27 204000065 206000317 25 
2020-11-30T07:30:55.898360+09:00 0 0 경기70아1592 3 27 204000065 206000317 25 
2020-11-30T07:31:55.022592+09:00 0 0 경기70아1592 3 27 204000065 206000317 25 
2020-11-30T07:32:54.956789+09:00 0 0 경기70아1592 3 27 204000065 206000027 27 
2020-11-30T07:33:54.111020+09:00 0 0 경기70아1592 3 26 204000065 206000227 28 
2020-11-30T07:34:53.325187+09:00 0 0 경기70아1592 3 26 204000065 206000227 28 
2020-11-30T07:35:52.349342+09:00 0 0 경기70아1592 3 26 204000065 206000226 29 
2020-11-30T07:36:51.453490+09:00 0 0 경기70아1592 3 26 204000065 206000784 30 
2020-11-30T07:37:50.747611+09:00 0 0 경기70아1592 3 24 204000065 206000784 30 
2020-11-30T07:38:49.821756+09:00 0 0 경기70아1592 3 24 204000065 206000784 30 
2020-11-30T07:39:49.195905+09:00 0 0 경기70아1592 3 24 204000065 206000784 30 
2020-11-30T07:40:49.180042+09:00 0 0 경기70아1592 3 21 204000065 205000029 31 
2020-11-30T07:41:48.474240+09:00 0 0 경기70아1592 3 21 204000065 205000029 31 
2020-11-30T07:42:48.058341+09:00 0 0 경기70아1592 3 21 204000065 205000029 31 
2020-11-30T07:43:47.312492+09:00 0 0 경기70아1592 3 22 204000065 205000029 31 
2020-11-30T07:44:46.466585+09:00 0 0 경기70아1592 3 22 204000065 205000069 32 
2020-11-30T07:45:46.270749+09:00 0 0 경기70아1592 3 22 204000065 205000069 32 
2020-11-30T07:46:46.414861+09:00 0 0 경기70아1592 3 22 204000065 277102622 33 
2020-11-30T07:47:45.649014+09:00 0 0 경기70아1592 3 22 204000065 277102622 33 
2020-11-30T07:48:45.553213+09:00 0 0 경기70아1592 3 22 204000065 277102622 33 
2020-11-30T07:49:44.837083+09:00 0 0 경기70아1592 3 22 204000065 277102622 33 
2020-11-30T07:50:44.691457+09:00 0 0 경기70아1592 3 22 204000065 277102622 33 
2020-11-30T07:51:44.635572+09:00 0 0 경기70아1592 3 22 204000065 277102622 33 
2020-11-30T07:52:43.779631+09:00 0 0 경기70아1592 3 22 204000065 277102622 33 
2020-11-30T07:53:42.913691+09:00 0 0 경기70아1592 3 22 204000065 277102622 33 
2020-11-30T07:54:42.967775+09:00 0 0 경기70아1592 3 22 204000065 277102622 33 
2020-11-30T07:55:41.971993+09:00 0 0 경기70아1592 3 22 204000065 277102622 33 
2020-11-30T07:56:41.856210+09:00 0 0 경기70아1592 3 22 204000065 277102622 33 
2020-11-30T07:57:41.090186+09:00 0 0 경기70아1592 3 22 204000065 277102622 33 
2020-11-30T07:58:40.044257+09:00 0 0 경기70아1592 3 22 204000065 277102622 33 
2020-11-30T07:59:39.258333+09:00 0 0 경기70아1592 3 22 204000065 277102622 33 
2020-11-30T08:00:38.362350+09:00 0 0 경기70아1592 3 22 204000065 277102622 33 
2020-11-30T08:02:37.520703+09:00 0 0 경기70아1592 3 22 204000065 277102622 33 
2020-11-30T08:03:36.544779+09:00 0 0 경기70아1592 3 22 204000065 277103419 34 
2020-11-30T08:04:36.049194+09:00 0 0 경기70아1592 3 22 204000065 277103419 34 
2020-11-30T08:05:36.203409+09:00 0 0 경기70아1592 3 22 204000065 277103419 34 
2020-11-30T08:06:35.817571+09:00 0 0 경기70아1592 3 22 204000065 277103419 34 
2020-11-30T08:07:34.991718+09:00 0 0 경기70아1592 3 22 204000065 277103419 34 
2020-11-30T08:08:34.066126+09:00 0 0 경기70아1592 3 22 204000065 277103419 34 
2020-11-30T08:09:33.240083+09:00 0 0 경기70아1592 3 22 204000065 277103419 34 
2020-11-30T08:10:33.174370+09:00 0 0 경기70아1592 3 22 204000065 277103419 34 
2020-11-30T08:11:32.328411+09:00 0 0 경기70아1592 3 22 204000065 277103419 34 
2020-11-30T08:12:32.382757+09:00 0 0 경기70아1592 3 22 204000065 277103419 34 
2020-11-30T08:13:31.776777+09:00 0 0 경기70아1592 3 22 204000065 277103419 34 
2020-11-30T08:14:30.710905+09:00 0 0 경기70아1592 3 22 204000065 277103419 34 
2020-11-30T08:15:29.974940+09:00 0 0 경기70아1592 3 22 204000065 277103419 34 
2020-11-30T08:16:29.939216+09:00 0 0 경기70아1592 3 22 204000065 277103419 34 
2020-11-30T08:17:29.653370+09:00 0 0 경기70아1592 3 22 204000065 277103419 34 
2020-11-30T08:18:28.927580+09:00 0 0 경기70아1592 3 22 204000065 277103419 34 
2020-11-30T08:19:28.031655+09:00 0 0 경기70아1592 3 22 204000065 277103419 34 
2020-11-30T08:20:27.075807+09:00 0 0 경기70아1592 3 22 204000065 277103421 35 
2020-11-30T08:21:26.299881+09:00 0 0 경기70아1592 3 22 204000065 277103421 35 
2020-11-30T08:22:25.574111+09:00 0 0 경기70아1592 3 22 204000065 122000287 36 
2020-11-30T08:23:25.688065+09:00 0 0 경기70아1592 3 22 204000065 122000288 37 
2020-11-30T08:24:24.802261+09:00 0 0 경기70아1592 3 22 204000065 122000288 37 
2020-11-30T08:25:24.066380+09:00 0 0 경기70아1592 3 22 204000065 122000258 38 
2020-11-30T08:26:23.250481+09:00 0 0 경기70아1592 3 22 204000065 122000258 38 
2020-11-30T08:27:22.444579+09:00 0 0 경기70아1592 3 22 204000065 122000258 38 
2020-11-30T08:28:22.478762+09:00 0 0 경기70아1592 3 22 204000065 122000291 39 
2020-11-30T08:29:21.972878+09:00 0 0 경기70아1592 3 22 204000065 122000137 40 
2020-11-30T08:30:21.267037+09:00 0 0 경기70아1592 3 22 204000065 122000137 40 
2020-11-30T08:31:20.531075+09:00 0 0 경기70아1592 3 22 204000065 122000388 41 
2020-11-30T08:32:19.855210+09:00 0 0 경기70아1592 3 22 204000065 122000386 42 
2020-11-30T08:33:19.399460+09:00 0 0 경기70아1592 3 25 204000065 122000139 43 
2020-11-30T08:34:18.723429+09:00 0 0 경기70아1592 3 26 204000065 122000094 44 
2020-11-30T08:35:18.507639+09:00 0 0 경기70아1592 3 27 204000065 122000094 44 
2020-11-30T08:36:18.251701+09:00 0 0 경기70아1592 3 30 204000065 122000094 44 
2020-11-30T08:37:17.665813+09:00 0 0 경기70아1592 3 32 204000065 122000089 45 
2020-11-30T08:38:16.989626+09:00 0 0 경기70아1592 3 33 204000065 122000085 46 
2020-11-30T08:39:16.983654+09:00 0 0 경기70아1592 3 33 204000065 122000085 46 
2020-11-30T08:40:16.217597+09:00 0 0 경기70아1592 3 33 204000065 122000085 46 
2020-11-30T08:41:16.151579+09:00 0 0 경기70아1592 3 35 204000065 122000066 48 
2020-11-30T08:42:15.635610+09:00 0 0 경기70아1592 3 36 204000065 122000066 48 
2020-11-30T08:43:14.829491+09:00 0 0 경기70아1592 3 36 204000065 122000066 48 
2020-11-30T08:44:13.901858+09:00 0 0 경기70아1592 3 36 204000065 122000066 48 
2020-11-30T08:45:13.397479+09:00 0 0 경기70아1592 3 38 204000065 122000064 49 
2020-11-30T08:46:12.461423+09:00 0 0 경기70아1592 3 38 204000065 122000064 49 
2020-11-30T08:47:11.416478+09:00 0 0 경기70아1592 3 38 204000065 122000064 49 
2020-11-30T08:48:10.769422+09:00 0 0 경기70아1592 3 39 204000065 122000559 50 
2020-11-30T08:49:10.223625+09:00 0 0 경기70아1592 3 39 204000065 122000078 51 
2020-11-30T08:50:10.307495+09:00 0 0 경기70아1592 3 39 204000065 122000078 51 
2020-11-30T08:51:09.482543+09:00 0 0 경기70아1592 3 39 204000065 122000079 52 
2020-11-30T08:52:09.255608+09:00 0 0 경기70아1592 3 39 204000065 122000079 52 
2020-11-30T08:53:08.259676+09:00 0 0 경기70아1592 3 39 204000065 122000065 53 
2020-11-30T08:54:07.173646+09:00 0 0 경기70아1592 3 39 204000065 122000637 54 
2020-11-30T08:55:06.457672+09:00 0 0 경기70아1592 3 39 204000065 122000068 55 
2020-11-30T08:56:05.601694+09:00 0 0 경기70아1592 3 39 204000065 122000086 56 
2020-11-30T08:57:04.875852+09:00 0 0 경기70아1592 3 39 204000065 122000086 56 
2020-11-30T08:58:04.809872+09:00 0 0 경기70아1592 3 39 204000065 122000095 57 
2020-11-30T08:59:04.284041+09:00 0 0 경기70아1592 3 39 204000065 122000096 58 
2020-11-30T09:00:03.707978+09:00 0 0 경기70아1592 3 39 204000065 122000096 58 
2020-11-30T09:01:02.951979+09:00 0 0 경기70아1592 3 39 204000065 122000096 58 
2020-11-30T09:02:02.376046+09:00 0 0 경기70아1592 3 39 204000065 122000330 59 
2020-11-30T09:03:01.930357+09:00 0 0 경기70아1592 3 39 204000065 122000142 60 
2020-11-30T09:04:00.974188+09:00 0 0 경기70아1592 3 39 204000065 122000142 60 
2020-11-30T09:05:01.088334+09:00 0 0 경기70아1592 3 39 204000065 122000142 60 
2020-11-30T09:06:00.672350+09:00 0 0 경기70아1592 3 39 204000065 122000133 61 
2020-11-30T09:07:00.156589+09:00 0 0 경기70아1592 3 39 204000065 122000256 62 
2020-11-30T09:07:59.320545+09:00 0 0 경기70아1592 3 39 204000065 122000256 62 
2020-11-30T09:08:58.384537+09:00 0 0 경기70아1592 3 38 204000065 122000257 63 
2020-11-30T09:09:57.648665+09:00 0 0 경기70아1592 3 38 204000065 122000257 63 
2020-11-30T09:10:56.822714+09:00 0 0 경기70아1592 3 38 204000065 122000257 63 
2020-11-30T09:11:56.036980+09:00 0 0 경기70아1592 3 38 204000065 122000257 63 
2020-11-30T09:12:55.841255+09:00 0 0 경기70아1592 3 38 204000065 122000285 65 
2020-11-30T09:13:55.655669+09:00 0 0 경기70아1592 3 37 204000065 122000285 65 
2020-11-30T09:14:54.609753+09:00 0 0 경기70아1592 3 37 204000065 122000285 65 
2020-11-30T09:15:54.254003+09:00 0 0 경기70아1592 3 37 204000065 277103420 66 
2020-11-30T09:16:53.128196+09:00 0 0 경기70아1592 3 37 204000065 277103420 66 
2020-11-30T09:17:52.432278+09:00 0 0 경기70아1592 3 37 204000065 277103420 66 
2020-11-30T09:18:52.586640+09:00 0 0 경기70아1592 3 37 204000065 277103420 66 
2020-11-30T09:19:51.840890+09:00 0 0 경기70아1592 3 37 204000065 277103420 66 
2020-11-30T09:20:51.264957+09:00 0 0 경기70아1592 3 37 204000065 277103418 67 
2020-11-30T09:21:50.659196+09:00 0 0 경기70아1592 3 37 204000065 277103418 67 
2020-11-30T09:22:50.113347+09:00 0 0 경기70아1592 3 37 204000065 277103418 67 
2020-11-30T09:23:49.247532+09:00 0 0 경기70아1592 3 37 204000065 277103418 67 
2020-11-30T09:24:48.761638+09:00 0 0 경기70아1592 3 37 204000065 205000207 68 
2020-11-30T09:25:48.245724+09:00 0 0 경기70아1592 3 39 204000065 205000207 68 
2020-11-30T09:26:47.689942+09:00 0 0 경기70아1592 3 39 204000065 205000207 68 
2020-11-30T09:27:46.823999+09:00 0 0 경기70아1592 3 39 204000065 205000207 68 
2020-11-30T09:28:46.998219+09:00 0 0 경기70아1592 3 39 204000065 205000245 69 
2020-11-30T09:29:46.492453+09:00 0 0 경기70아1592 3 39 204000065 205000245 69 
2020-11-30T09:30:45.836450+09:00 0 0 경기70아1592 3 39 204000065 206000361 70 
2020-11-30T09:31:44.820562+09:00 0 0 경기70아1592 3 39 204000065 206000157 71 
2020-11-30T09:32:44.974737+09:00 0 0 경기70아1592 3 39 204000065 206000157 71 
2020-11-30T09:33:44.068841+09:00 0 0 경기70아1592 3 39 204000065 206000157 71 
2020-11-30T09:34:44.053143+09:00 0 0 경기70아1592 3 39 204000065 206000055 72 
2020-11-30T09:35:43.387205+09:00 0 0 경기70아1592 3 39 204000065 206000053 74 
2020-11-30T09:36:42.451186+09:00 0 0 경기70아1592 3 39 204000065 206000053 74 
2020-11-30T09:37:42.415341+09:00 0 0 경기70아1592 3 39 204000065 206000053 74 
2020-11-30T09:38:41.999541+09:00 0 0 경기70아1592 3 39 204000065 206000238 75 
2020-11-30T09:39:42.013542+09:00 0 0 경기70아1592 3 39 204000065 206000238 75 
2020-11-30T09:40:41.057764+09:00 0 0 경기70아1592 3 39 204000065 206000237 76 
2020-11-30T09:41:40.201823+09:00 0 0 경기70아1592 3 39 204000065 206000052 77 
2020-11-30T09:42:40.086009+09:00 0 0 경기70아1592 3 39 204000065 206000050 80 
2020-11-30T09:43:39.770060+09:00 0 0 경기70아1592 3 39 204000065 206000049 81 
2020-11-30T09:44:39.044177+09:00 0 0 경기70아1592 3 39 204000065 206000046 84 
2020-11-30T09:45:38.248458+09:00 0 0 경기70아1592 3 39 204000065 206000046 84 
2020-11-30T09:46:38.193169+09:00 0 0 경기70아1592 3 39 204000065 206000044 86 
2020-11-30T09:47:38.217803+09:00 0 0 경기70아1592 3 39 204000065 206000672 87 
2020-11-30T09:48:37.482162+09:00 0 0 경기70아1592 3 39 204000065 206000672 87 
2020-11-30T09:49:36.586578+09:00 0 0 경기70아1592 3 39 204000065 206000178 89 
2020-11-30T09:50:36.481083+09:00 0 0 경기70아1592 3 39 204000065 206000178 89 
2020-11-30T09:51:36.295592+09:00 0 0 경기70아1592 3 39 204000065 206000178 89 
2020-11-30T09:52:35.289902+09:00 0 0 경기70아1592 3 39 204000065 206000724 90 
2020-11-30T09:53:35.324385+09:00 0 0 경기70아1592 3 39 204000065 206000722 91 
2020-11-30T09:54:34.468908+09:00 0 0 경기70아1592 3 39 204000065 206000715 92 
2020-11-30T09:55:33.803251+09:00 0 0 경기70아1592 3 39 204000065 206000715 92 
2020-11-30T09:56:32.907272+09:00 0 0 경기70아1592 3 39 204000065 206000041 94 
2020-11-30T09:57:31.941628+09:00 0 0 경기70아1592 3 39 204000065 206000041 94 
2020-11-30T09:58:31.575858+09:00 0 0 경기70아1592 3 39 204000065 206000041 94 
2020-11-30T09:59:30.628355+09:00 0 0 경기70아1592 3 39 204000065 206000171 95 
2020-11-30T10:00:30.814524+09:00 0 0 경기70아1592 3 39 204000065 206000171 95 
2020-11-30T10:01:29.808717+09:00 0 0 경기70아1592 3 39 204000065 206000171 95 
2020-11-30T10:02:29.573205+09:00 0 0 경기70아1592 3 39 204000065 206000171 95 
2020-11-30T10:03:29.567407+09:00 0 0 경기70아1592 3 39 204000065 206000171 95 
2020-11-30T10:04:29.021576+09:00 0 0 경기70아1592 3 39 204000065 206000171 95 
2020-11-30T10:05:28.945813+09:00 0 0 경기70아1592 3 39 204000065 206000171 95 
2020-11-30T10:06:28.180005+09:00 0 0 경기70아1592 3 39 204000065 206000171 95 
2020-11-30T10:07:27.434183+09:00 0 0 경기70아1592 3 39 204000065 206000171 95 
2020-11-30T10:08:27.388776+09:00 0 0 경기70아1592 3 39 204000065 206000171 95 
2020-11-30T10:09:26.582754+09:00 0 0 경기70아1592 3 39 204000065 206000171 95 
2020-11-30T10:10:25.856995+09:00 0 0 경기70아1592 3 39 204000065 206000171 95 
2020-11-30T10:11:25.591083+09:00 0 0 경기70아1592 3 39 204000065 206000171 95 
2020-11-30T10:12:25.545536+09:00 0 0 경기70아1592 3 39 204000065 206000171 95 
2020-11-30T10:13:25.529634+09:00 0 0 경기70아1592 3 39 204000065 206000171 95 
2020-11-30T10:59:03.988011+09:00 0 0 경기70아1592 3 39 204000065 277102470 3 
2020-11-30T11:00:03.321542+09:00 0 0 경기70아1592 3 39 204000065 206000334 5 
2020-11-30T11:01:02.725097+09:00 0 0 경기70아1592 3 39 204000065 206000710 6 
2020-11-30T11:02:01.918727+09:00 0 0 경기70아1592 3 39 204000065 206000710 6 
2020-11-30T11:03:01.812519+09:00 0 0 경기70아1592 3 39 204000065 206000714 7 
2020-11-30T11:04:00.956138+09:00 0 0 경기70아1592 3 39 204000065 206000721 8 
2020-11-30T11:05:00.819981+09:00 0 0 경기70아1592 3 39 204000065 206000721 8 
2020-11-30T11:06:00.014186+09:00 0 0 경기70아1592 3 39 204000065 206000723 9 
2020-11-30T11:06:59.517544+09:00 0 0 경기70아1592 3 39 204000065 206000327 10 
2020-11-30T11:07:59.091518+09:00 0 0 경기70아1592 3 39 204000065 206000249 11 
2020-11-30T11:08:58.865366+09:00 0 0 경기70아1592 3 39 204000065 206000037 14 
2020-11-30T11:09:58.929219+09:00 0 0 경기70아1592 3 39 204000065 206000036 15 
2020-11-30T11:10:58.813154+09:00 0 0 경기70아1592 3 39 204000065 206000035 16 
2020-11-30T11:11:58.737133+09:00 0 0 경기70아1592 3 39 204000065 206000034 17 
2020-11-30T11:12:58.661096+09:00 0 0 경기70아1592 3 39 204000065 206000033 18 
2020-11-30T11:13:57.755058+09:00 0 0 경기70아1592 3 39 204000065 206000033 18 
2020-11-30T11:14:57.418900+09:00 0 0 경기70아1592 3 39 204000065 206000031 20 
2020-11-30T11:15:57.302916+09:00 0 0 경기70아1592 3 39 204000065 206000029 22 
2020-11-30T11:16:57.136940+09:00 0 0 경기70아1592 3 39 204000065 206000318 24 
2020-11-30T11:17:57.060910+09:00 0 0 경기70아1592 3 39 204000065 206000318 24 
2020-11-30T11:18:56.734993+09:00 0 0 경기70아1592 3 39 204000065 206000317 25 
2020-11-30T11:19:55.898907+09:00 0 0 경기70아1592 3 39 204000065 206000317 25 
2020-11-30T11:20:55.652879+09:00 0 0 경기70아1592 3 39 204000065 206000027 27 
2020-11-30T11:21:55.046879+09:00 0 0 경기70아1592 3 39 204000065 206000027 27 
2020-11-30T11:22:54.810849+09:00 0 0 경기70아1592 3 39 204000065 206000226 29 
2020-11-30T11:23:53.874895+09:00 0 0 경기70아1592 3 39 204000065 206000226 29 
2020-11-30T11:24:52.888932+09:00 0 0 경기70아1592 3 39 204000065 206000784 30 
2020-11-30T11:25:51.982879+09:00 0 0 경기70아1592 3 39 204000065 206000784 30 
2020-11-30T11:26:51.366894+09:00 0 0 경기70아1592 3 39 204000065 206000784 30 
2020-11-30T11:27:51.291042+09:00 0 0 경기70아1592 3 39 204000065 205000029 31 
2020-11-30T11:28:50.645956+09:00 0 0 경기70아1592 3 39 204000065 205000029 31 
2020-11-30T11:29:50.580410+09:00 0 0 경기70아1592 3 39 204000065 205000029 31 
2020-11-30T11:30:49.995109+09:00 0 0 경기70아1592 3 39 204000065 205000029 31 
2020-11-30T11:31:49.139606+09:00 0 0 경기70아1592 3 39 204000065 205000069 32 
2020-11-30T11:32:49.104232+09:00 0 0 경기70아1592 3 39 204000065 205000069 32 
2020-11-30T11:33:48.988849+09:00 0 0 경기70아1592 3 39 204000065 205000069 32 
2020-11-30T11:34:48.333169+09:00 0 0 경기70아1592 3 39 204000065 205000069 32 
2020-11-30T11:35:47.437535+09:00 0 0 경기70아1592 3 39 204000065 277102622 33 
2020-11-30T11:36:47.291831+09:00 0 0 경기70아1592 3 39 204000065 277102622 33 
2020-11-30T11:37:47.486304+09:00 0 0 경기70아1592 3 39 204000065 277102622 33 
2020-11-30T11:38:46.930691+09:00 0 0 경기70아1592 3 39 204000065 277103419 34 
2020-11-30T11:39:46.174880+09:00 0 0 경기70아1592 3 39 204000065 277103419 34 
2020-11-30T11:40:46.159301+09:00 0 0 경기70아1592 3 39 204000065 277103419 34 
2020-11-30T11:41:45.256613+09:00 0 0 경기70아1592 3 39 204000065 277103419 34 
2020-11-30T11:42:44.497663+09:00 0 0 경기70아1592 3 39 204000065 277103419 34 
2020-11-30T11:43:44.031893+09:00 0 0 경기70아1592 3 39 204000065 277103419 34 
2020-11-30T11:44:43.906123+09:00 0 0 경기70아1592 3 39 204000065 277103421 35 
2020-11-30T11:45:43.940398+09:00 0 0 경기70아1592 3 39 204000065 277103421 35 
2020-11-30T11:46:43.044608+09:00 0 0 경기70아1592 3 39 204000065 277103421 35 
2020-11-30T11:47:42.708751+09:00 0 0 경기70아1592 3 39 204000065 122000258 38 
2020-11-30T11:48:43.773288+09:00 0 0 경기70아1592 3 39 204000065 122000258 38 
2020-11-30T11:49:41.747108+09:00 0 0 경기70아1592 3 39 204000065 122000291 39 
2020-11-30T11:50:41.541254+09:00 0 0 경기70아1592 3 39 204000065 122000291 39 
2020-11-30T11:51:41.495466+09:00 0 0 경기70아1592 3 39 204000065 122000291 39 
2020-11-30T11:52:41.249719+09:00 0 0 경기70아1592 3 39 204000065 122000137 40 
2020-11-30T11:53:41.173917+09:00 0 0 경기70아1592 3 39 204000065 122000137 40 
2020-11-30T11:54:40.928084+09:00 0 0 경기70아1592 3 39 204000065 122000386 42 
2020-11-30T11:55:40.772999+09:00 0 0 경기70아1592 3 39 204000065 122000139 43 
2020-11-30T11:56:40.446369+09:00 0 0 경기70아1592 3 39 204000065 122000139 43 
2020-11-30T11:57:39.530557+09:00 0 0 경기70아1592 3 39 204000065 122000094 44 
2020-11-30T11:58:39.274601+09:00 0 0 경기70아1592 3 39 204000065 122000089 45 
2020-11-30T11:59:39.338978+09:00 0 0 경기70아1592 3 39 204000065 122000085 46 
2020-11-30T12:00:38.903039+09:00 0 0 경기70아1592 3 39 204000065 122000069 47 
2020-11-30T12:01:38.457234+09:00 0 0 경기70아1592 3 39 204000065 122000066 48 
2020-11-30T12:02:38.000886+09:00 0 0 경기70아1592 3 39 204000065 122000066 48 
2020-11-30T12:03:37.854514+09:00 0 0 경기70아1592 3 39 204000065 122000066 48 
2020-11-30T12:04:37.208301+09:00 0 0 경기70아1592 3 39 204000065 122000066 48 
2020-11-30T12:05:37.212235+09:00 0 0 경기70아1592 3 39 204000065 122000064 49 
2020-11-30T12:06:37.085796+09:00 0 0 경기70아1592 3 39 204000065 122000064 49 
2020-11-30T12:07:36.639581+09:00 0 0 경기70아1592 3 39 204000065 122000559 50 
2020-11-30T12:08:35.783515+09:00 0 0 경기70아1592 3 39 204000065 122000559 50 
2020-11-30T12:09:35.887423+09:00 0 0 경기70아1592 3 39 204000065 122000078 51 
2020-11-30T12:10:34.931202+09:00 0 0 경기70아1592 3 39 204000065 122000079 52 
2020-11-30T12:11:34.755037+09:00 0 0 경기70아1592 3 39 204000065 122000079 52 
2020-11-30T12:12:33.898929+09:00 0 0 경기70아1592 3 39 204000065 122000637 54 
2020-11-30T12:13:33.102870+09:00 0 0 경기70아1592 3 39 204000065 122000068 55 
2020-11-30T12:14:33.056730+09:00 0 0 경기70아1592 3 39 204000065 122000086 56 
2020-11-30T12:15:32.870906+09:00 0 0 경기70아1592 3 39 204000065 122000086 56 
2020-11-30T12:16:32.904788+09:00 0 0 경기70아1592 3 38 204000065 122000096 58 
2020-11-30T12:17:32.588666+09:00 0 0 경기70아1592 3 37 204000065 122000096 58 
2020-11-30T12:18:32.102674+09:00 0 0 경기70아1592 3 37 204000065 122000330 59 
2020-11-30T12:19:31.136601+09:00 0 0 경기70아1592 3 38 204000065 122000330 59 
2020-11-30T12:20:31.010654+09:00 0 0 경기70아1592 3 38 204000065 122000330 59 
2020-11-30T12:21:30.784643+09:00 0 0 경기70아1592 3 37 204000065 122000142 60 
2020-11-30T12:22:30.798674+09:00 0 0 경기70아1592 3 37 204000065 122000142 60 
2020-11-30T12:23:30.042697+09:00 0 0 경기70아1592 3 37 204000065 122000133 61 
2020-11-30T12:24:30.036711+09:00 0 0 경기70아1592 3 37 204000065 122000133 61 
2020-11-30T12:25:29.020711+09:00 0 0 경기70아1592 3 37 204000065 122000133 61 
2020-11-30T12:26:28.834732+09:00 0 0 경기70아1592 3 37 204000065 122000256 62 
2020-11-30T12:27:28.558716+09:00 0 0 경기70아1592 3 37 204000065 122000256 62 
2020-11-30T12:28:28.422773+09:00 0 0 경기70아1592 3 37 204000065 122000257 63 
2020-11-30T12:29:27.306726+09:00 0 0 경기70아1592 3 37 204000065 122000257 63 
2020-11-30T12:30:27.250780+09:00 0 0 경기70아1592 3 37 204000065 122000257 63 
2020-11-30T12:31:27.114898+09:00 0 0 경기70아1592 3 37 204000065 122000257 63 
2020-11-30T12:32:26.368950+09:00 0 0 경기70아1592 3 37 204000065 122000285 65 
2020-11-30T12:33:26.222920+09:00 0 0 경기70아1592 3 37 204000065 122000285 65 
2020-11-30T12:34:25.896959+09:00 0 0 경기70아1592 3 37 204000065 277103420 66 
2020-11-30T12:35:25.710981+09:00 0 0 경기70아1592 3 37 204000065 277103420 66 
2020-11-30T12:36:25.565261+09:00 0 0 경기70아1592 3 37 204000065 277103418 67 
2020-11-30T12:37:24.789521+09:00 0 0 경기70아1592 3 37 204000065 277103418 67 
2020-11-30T12:38:24.803707+09:00 0 0 경기70아1592 3 37 204000065 277103418 67 
2020-11-30T12:39:24.297934+09:00 0 0 경기70아1592 3 37 204000065 277103418 67 
2020-11-30T12:40:23.212146+09:00 0 0 경기70아1592 3 37 204000065 277103418 67 
2020-11-30T12:41:23.176362+09:00 0 0 경기70아1592 3 37 204000065 277103418 67 
2020-11-30T12:42:22.320560+09:00 0 0 경기70아1592 3 37 204000065 277103418 67 
2020-11-30T12:43:21.484757+09:00 0 0 경기70아1592 3 37 204000065 277103418 67 
2020-11-30T12:44:20.858809+09:00 0 0 경기70아1592 3 37 204000065 205000207 68 
2020-11-30T12:45:20.202994+09:00 0 0 경기70아1592 3 37 204000065 205000207 68 
2020-11-30T12:46:19.797332+09:00 0 0 경기70아1592 3 37 204000065 205000245 69 
2020-11-30T12:47:19.601241+09:00 0 0 경기70아1592 3 37 204000065 205000245 69 
2020-11-30T12:48:19.505479+09:00 0 0 경기70아1592 3 37 204000065 205000245 69 
2020-11-30T12:49:19.519772+09:00 0 0 경기70아1592 3 37 204000065 206000361 70 
2020-11-30T12:50:19.213726+09:00 0 0 경기70아1592 3 37 204000065 206000157 71 
2020-11-30T12:51:18.547864+09:00 0 0 경기70아1592 3 37 204000065 206000157 71 
2020-11-30T12:52:18.441893+09:00 0 0 경기70아1592 3 37 204000065 206000055 72 
2020-11-30T12:53:18.206129+09:00 0 0 경기70아1592 3 37 204000065 206000054 73 
2020-11-30T12:54:18.320258+09:00 0 0 경기70아1592 3 37 204000065 206000053 74 
2020-11-30T12:55:17.374306+09:00 0 0 경기70아1592 3 37 204000065 206000053 74 
2020-11-30T12:56:17.058402+09:00 0 0 경기70아1592 3 37 204000065 206000237 76 
2020-11-30T12:57:16.802521+09:00 0 0 경기70아1592 3 37 204000065 206000237 76 
2020-11-30T12:58:16.626661+09:00 0 0 경기70아1592 3 37 204000065 206000237 76 
2020-11-30T12:59:16.370811+09:00 0 0 경기70아1592 3 37 204000065 206000128 79 
2020-11-30T13:00:16.174927+09:00 0 0 경기70아1592 3 38 204000065 206000128 79 
2020-11-30T13:01:15.118963+09:00 0 0 경기70아1592 3 38 204000065 206000128 79 
2020-11-30T13:02:14.483010+09:00 0 0 경기70아1592 3 38 204000065 206000050 80 
2020-11-30T13:03:14.327078+09:00 0 0 경기70아1592 3 38 204000065 206000048 82 
2020-11-30T13:04:13.741166+09:00 0 0 경기70아1592 3 38 204000065 206000047 83 
2020-11-30T13:05:13.405247+09:00 0 0 경기70아1592 3 38 204000065 206000045 85 
2020-11-30T13:06:13.109390+09:00 0 0 경기70아1592 3 38 204000065 206000672 87 
2020-11-30T13:07:12.683402+09:00 0 0 경기70아1592 3 38 204000065 206000672 87 
2020-11-30T13:08:12.417598+09:00 0 0 경기70아1592 3 38 204000065 206000672 87 
2020-11-30T13:09:12.191631+09:00 0 0 경기70아1592 3 38 204000065 206000043 88 
2020-11-30T13:10:11.875622+09:00 0 0 경기70아1592 3 38 204000065 206000178 89 
2020-11-30T13:11:11.650139+09:00 0 0 경기70아1592 3 38 204000065 206000178 89 
2020-11-30T13:12:11.444512+09:00 0 0 경기70아1592 3 38 204000065 206000724 90 
2020-11-30T13:13:10.478783+09:00 0 0 경기70아1592 3 39 204000065 206000722 91 
2020-11-30T13:14:10.433243+09:00 0 0 경기70아1592 3 39 204000065 206000722 91 
2020-11-30T13:15:10.257536+09:00 0 0 경기70아1592 3 39 204000065 206000715 92 
2020-11-30T13:16:09.331771+09:00 0 0 경기70아1592 3 39 204000065 206000041 94 
2020-11-30T13:17:09.046068+09:00 0 0 경기70아1592 3 39 204000065 206000041 94 
2020-11-30T13:18:08.900340+09:00 0 0 경기70아1592 3 39 204000065 206000041 94 
2020-11-30T15:29:22.149918+09:00 0 0 경기70아1592 3 39 204000065 206000405 4 
2020-11-30T15:30:21.173558+09:00 0 0 경기70아1592 3 39 204000065 206000405 4 
2020-11-30T15:31:21.277308+09:00 0 0 경기70아1592 3 39 204000065 206000405 4 
2020-11-30T15:32:20.691023+09:00 0 0 경기70아1592 3 39 204000065 206000710 6 
2020-11-30T15:33:19.874680+09:00 0 0 경기70아1592 3 39 204000065 206000714 7 
2020-11-30T15:34:19.408582+09:00 0 0 경기70아1592 3 39 204000065 206000714 7 
2020-11-30T15:35:19.112382+09:00 0 0 경기70아1592 3 39 204000065 206000714 7 
2020-11-30T15:36:19.026445+09:00 0 0 경기70아1592 3 39 204000065 206000723 9 
2020-11-30T15:37:18.050263+09:00 0 0 경기70아1592 3 39 204000065 206000723 9 
2020-11-30T15:38:17.984108+09:00 0 0 경기70아1592 3 39 204000065 206000327 10 
2020-11-30T15:39:17.788042+09:00 0 0 경기70아1592 3 39 204000065 206000327 10 
2020-11-30T15:40:17.622013+09:00 0 0 경기70아1592 3 39 204000065 206000039 12 
2020-11-30T15:41:17.295998+09:00 0 0 경기70아1592 3 39 204000065 206000037 14 
2020-11-30T15:42:17.149889+09:00 0 0 경기70아1592 3 39 204000065 206000036 15 
2020-11-30T15:43:16.273889+09:00 0 0 경기70아1592 3 39 204000065 206000034 17 
2020-11-30T15:44:16.078012+09:00 0 0 경기70아1592 3 39 204000065 206000032 19 
2020-11-30T15:45:15.823050+09:00 0 0 경기70아1592 3 39 204000065 206000031 20 
2020-11-30T15:46:14.965876+09:00 0 0 경기70아1592 3 39 204000065 206000030 21 
2020-11-30T15:47:14.339916+09:00 0 0 경기70아1592 3 39 204000065 206000030 21 
2020-11-30T15:48:14.233889+09:00 0 0 경기70아1592 3 39 204000065 206000029 22 
2020-11-30T15:49:13.988140+09:00 0 0 경기70아1592 3 39 204000065 206000318 24 
2020-11-30T15:50:13.541956+09:00 0 0 경기70아1592 3 39 204000065 206000318 24 
2020-11-30T15:51:13.246072+09:00 0 0 경기70아1592 3 39 204000065 206000317 25 
2020-11-30T15:52:12.990055+09:00 0 0 경기70아1592 3 38 204000065 206000028 26 
2020-11-30T15:53:12.744028+09:00 0 0 경기70아1592 3 38 204000065 206000027 27 
2020-11-30T15:54:12.598195+09:00 0 0 경기70아1592 3 38 204000065 206000027 27 
2020-11-30T15:55:12.302210+09:00 0 0 경기70아1592 3 38 204000065 206000226 29 
2020-11-30T15:56:12.286582+09:00 0 0 경기70아1592 3 38 204000065 206000226 29 
2020-11-30T15:57:11.350543+09:00 0 0 경기70아1592 3 38 204000065 206000226 29 
2020-11-30T15:58:10.855852+09:00 0 0 경기70아1592 3 39 204000065 206000226 29 
2020-11-30T15:59:10.248404+09:00 0 0 경기70아1592 3 38 204000065 206000784 30 
2020-11-30T16:00:10.112580+09:00 0 0 경기70아1592 3 38 204000065 206000784 30 
2020-11-30T16:01:09.336742+09:00 0 0 경기70아1592 3 38 204000065 206000784 30 
2020-11-30T16:02:09.101330+09:00 0 0 경기70아1592 3 38 204000065 205000029 31 
2020-11-30T16:03:09.135718+09:00 0 0 경기70아1592 3 38 204000065 205000029 31 
2020-11-30T16:04:08.849877+09:00 0 0 경기70아1592 3 38 204000065 205000029 31 
2020-11-30T16:05:07.854232+09:00 0 0 경기70아1592 3 38 204000065 205000029 31 
2020-11-30T16:06:07.698544+09:00 0 0 경기70아1592 3 38 204000065 205000069 32 
2020-11-30T16:07:07.412902+09:00 0 0 경기70아1592 3 38 204000065 205000069 32 
2020-11-30T16:08:07.117227+09:00 0 0 경기70아1592 3 38 204000065 205000069 32 
2020-11-30T16:09:06.291360+09:00 0 0 경기70아1592 3 38 204000065 205000069 32 
2020-11-30T16:10:05.345651+09:00 0 0 경기70아1592 3 38 204000065 277102622 33 
2020-11-30T16:11:05.089956+09:00 0 0 경기70아1592 3 38 204000065 277102622 33 
2020-11-30T16:12:04.765077+09:00 0 0 경기70아1592 3 38 204000065 277102622 33 
2020-11-30T16:13:04.508295+09:00 0 0 경기70아1592 3 38 204000065 277102622 33 
2020-11-30T16:14:04.062496+09:00 0 0 경기70아1592 3 38 204000065 277102622 33 
2020-11-30T16:15:04.056708+09:00 0 0 경기70아1592 3 38 204000065 277103419 34 
2020-11-30T16:16:03.210828+09:00 0 0 경기70아1592 3 38 204000065 277103419 34 
2020-11-30T16:17:03.034993+09:00 0 0 경기70아1592 3 38 204000065 277103419 34 
2020-11-30T16:18:02.779193+09:00 0 0 경기70아1592 3 38 204000065 277103419 34 
2020-11-30T16:19:02.293353+09:00 0 0 경기70아1592 3 38 204000065 277103421 35 
2020-11-30T16:20:02.287431+09:00 0 0 경기70아1592 3 38 204000065 122000287 36 
2020-11-30T16:21:02.121986+09:00 0 0 경기70아1592 3 38 204000065 122000288 37 
2020-11-30T16:22:01.055766+09:00 0 0 경기70아1592 3 38 204000065 122000258 38 
2020-11-30T16:23:00.590299+09:00 0 0 경기70아1592 3 38 204000065 122000258 38 
2020-11-30T16:24:00.504324+09:00 0 0 경기70아1592 3 38 204000065 122000258 38 
2020-11-30T16:24:59.638202+09:00 0 0 경기70아1592 3 38 204000065 122000291 39 
2020-11-30T16:25:59.422337+09:00 0 0 경기70아1592 3 38 204000065 122000291 39 
2020-11-30T16:26:58.916488+09:00 0 0 경기70아1592 3 39 204000065 122000137 40 
2020-11-30T16:27:58.780882+09:00 0 0 경기70아1592 3 39 204000065 122000137 40 
2020-11-30T16:28:58.634703+09:00 0 0 경기70아1592 3 39 204000065 122000386 42 
2020-11-30T16:29:58.028899+09:00 0 0 경기70아1592 3 39 204000065 122000139 43 
2020-11-30T16:30:57.862996+09:00 0 0 경기70아1592 3 39 204000065 122000139 43 
2020-11-30T16:31:57.737267+09:00 0 0 경기70아1592 3 39 204000065 122000094 44 
2020-11-30T16:32:57.481394+09:00 0 0 경기70아1592 3 39 204000065 122000094 44 
2020-11-30T16:33:56.795403+09:00 0 0 경기70아1592 3 39 204000065 122000089 45 
2020-11-30T16:34:56.779533+09:00 0 0 경기70아1592 3 39 204000065 122000085 46 
2020-11-30T16:35:56.713838+09:00 0 0 경기70아1592 3 39 204000065 122000066 48 
2020-11-30T16:36:56.267958+09:00 0 0 경기70아1592 3 39 204000065 122000066 48 
2020-11-30T16:37:56.072376+09:00 0 0 경기70아1592 3 39 204000065 122000066 48 
2020-11-30T16:38:55.966361+09:00 0 0 경기70아1592 3 39 204000065 122000064 49 
2020-11-30T16:39:54.950474+09:00 0 0 경기70아1592 3 39 204000065 122000064 49 
2020-11-30T16:40:54.454696+09:00 0 0 경기70아1592 3 39 204000065 122000064 49 
2020-11-30T16:41:53.588731+09:00 0 0 경기70아1592 3 39 204000065 122000064 49 
2020-11-30T16:42:53.492867+09:00 0 0 경기70아1592 3 39 204000065 122000064 49 
2020-11-30T16:43:52.917103+09:00 0 0 경기70아1592 3 39 204000065 122000078 51 
2020-11-30T16:44:52.611167+09:00 0 0 경기70아1592 3 39 204000065 122000078 51 
2020-11-30T16:45:52.115336+09:00 0 0 경기70아1592 3 39 204000065 122000078 51 
2020-11-30T16:46:51.879567+09:00 0 0 경기70아1592 3 39 204000065 122000079 52 
2020-11-30T16:47:51.013644+09:00 0 0 경기70아1592 3 39 204000065 122000079 52 
2020-11-30T16:48:50.817764+09:00 0 0 경기70아1592 3 39 204000065 122000079 52 
2020-11-30T16:49:49.931959+09:00 0 0 경기70아1592 3 39 204000065 122000079 52 
2020-11-30T16:50:49.056046+09:00 0 0 경기70아1592 3 39 204000065 122000065 53 
2020-11-30T16:51:48.800204+09:00 0 0 경기70아1592 3 39 204000065 122000068 55 
2020-11-30T16:52:48.534297+09:00 0 0 경기70아1592 3 39 204000065 122000086 56 
2020-11-30T16:53:48.428410+09:00 0 0 경기70아1592 3 39 204000065 122000086 56 
2020-11-30T16:54:47.552491+09:00 0 0 경기70아1592 3 38 204000065 122000096 58 
2020-11-30T16:55:47.246846+09:00 0 0 경기70아1592 3 38 204000065 122000096 58 
2020-11-30T16:56:46.940805+09:00 0 0 경기70아1592 3 38 204000065 122000096 58 
2020-11-30T16:57:46.675099+09:00 0 0 경기70아1592 3 38 204000065 122000330 59 
2020-11-30T16:58:46.139144+09:00 0 0 경기70아1592 3 38 204000065 122000142 60 
2020-11-30T16:59:45.843412+09:00 0 0 경기70아1592 3 38 204000065 122000142 60 
2020-11-30T17:00:45.387375+09:00 0 0 경기70아1592 3 38 204000065 122000142 60 
2020-11-30T17:01:45.201575+09:00 0 0 경기70아1592 3 38 204000065 122000142 60 
2020-11-30T17:02:45.135746+09:00 0 0 경기70아1592 3 38 204000065 122000257 63 
2020-11-30T17:03:44.589779+09:00 0 0 경기70아1592 3 38 204000065 122000257 63 
2020-11-30T17:04:44.324087+09:00 0 0 경기70아1592 3 38 204000065 122000286 64 
2020-11-30T17:05:43.958067+09:00 0 0 경기70아1592 3 38 204000065 122000285 65 
2020-11-30T17:06:43.882364+09:00 0 0 경기70아1592 3 29 204000065 122000285 65 
2020-11-30T17:07:43.596387+09:00 0 0 경기70아1592 3 29 204000065 122000285 65 
2020-11-30T17:08:43.370701+09:00 0 0 경기70아1592 3 29 204000065 122000285 65 
2020-11-30T17:09:43.164597+09:00 0 0 경기70아1592 3 29 204000065 122000285 65 
2020-11-30T17:10:42.628997+09:00 0 0 경기70아1592 3 29 204000065 277103420 66 
2020-11-30T17:11:42.202745+09:00 0 0 경기70아1592 3 29 204000065 277103420 66 
2020-11-30T17:12:41.896851+09:00 0 0 경기70아1592 3 29 204000065 277103420 66 
2020-11-30T17:13:41.571338+09:00 0 0 경기70아1592 3 29 204000065 277103420 66 
2020-11-30T17:14:41.435473+09:00 0 0 경기70아1592 3 29 204000065 277103420 66 
2020-11-30T17:15:40.359123+09:00 0 0 경기70아1592 3 29 204000065 277103418 67 
2020-11-30T17:16:40.313308+09:00 0 0 경기70아1592 3 29 204000065 277103418 67 
2020-11-30T17:17:39.867287+09:00 0 0 경기70아1592 3 29 204000065 277103418 67 
2020-11-30T17:18:39.811476+09:00 0 0 경기70아1592 3 29 204000065 277103418 67 
2020-11-30T17:19:38.735654+09:00 0 0 경기70아1592 3 29 204000065 277103418 67 
2020-11-30T17:20:37.789717+09:00 0 0 경기70아1592 3 29 204000065 277103418 67 
2020-11-30T17:21:37.333770+09:00 0 0 경기70아1592 3 30 204000065 205000207 68 
2020-11-30T17:22:37.017942+09:00 0 0 경기70아1592 3 30 204000065 205000207 68 
2020-11-30T17:23:36.612131+09:00 0 0 경기70아1592 3 30 204000065 205000207 68 
2020-11-30T17:24:36.406237+09:00 0 0 경기70아1592 3 30 204000065 205000245 69 
2020-11-30T17:25:36.070341+09:00 0 0 경기70아1592 3 30 204000065 205000245 69 
2020-11-30T17:26:35.104332+09:00 0 0 경기70아1592 3 30 204000065 205000245 69 
2020-11-30T17:27:35.118487+09:00 0 0 경기70아1592 3 30 204000065 206000361 70 
2020-11-30T17:28:34.662541+09:00 0 0 경기70아1592 3 30 204000065 206000157 71 
2020-11-30T17:29:33.676560+09:00 0 0 경기70아1592 3 30 204000065 206000157 71 
2020-11-30T17:30:33.678980+09:00 0 0 경기70아1592 3 31 204000065 206000054 73 
2020-11-30T17:31:32.395023+09:00 0 0 경기70아1592 3 31 204000065 206000054 73 
2020-11-30T17:32:32.069124+09:00 0 0 경기70아1592 3 31 204000065 206000054 73 
2020-11-30T17:33:32.033220+09:00 0 0 경기70아1592 3 33 204000065 206000053 74 
2020-11-30T17:34:31.957258+09:00 0 0 경기70아1592 3 33 204000065 206000053 74 
2020-11-30T17:35:31.541347+09:00 0 0 경기70아1592 3 33 204000065 206000238 75 
2020-11-30T17:36:30.998235+09:00 0 0 경기70아1592 3 33 204000065 206000238 75 
2020-11-30T17:37:30.629719+09:00 0 0 경기70아1592 3 33 204000065 206000238 75 
2020-11-30T17:38:30.403733+09:00 0 0 경기70아1592 3 35 204000065 206000052 77 
2020-11-30T17:39:30.187883+09:00 0 0 경기70아1592 3 35 204000065 206000052 77 
2020-11-30T17:40:29.911991+09:00 0 0 경기70아1592 3 35 204000065 206000128 79 
2020-11-30T17:41:28.876250+09:00 0 0 경기70아1592 3 35 204000065 206000128 79 
2020-11-30T17:42:28.230234+09:00 0 0 경기70아1592 3 35 204000065 206000050 80 
2020-11-30T17:43:27.864428+09:00 0 0 경기70아1592 3 35 204000065 206000049 81 
2020-11-30T17:44:27.428422+09:00 0 0 경기70아1592 3 35 204000065 206000047 83 
2020-11-30T17:45:26.302410+09:00 0 0 경기70아1592 3 35 204000065 206000047 83 
2020-11-30T17:46:25.766484+09:00 0 0 경기70아1592 3 36 204000065 206000047 83 
2020-11-30T17:47:25.770671+09:00 0 0 경기70아1592 3 36 204000065 206000044 86 
2020-11-30T17:48:25.344684+09:00 0 0 경기70아1592 3 36 204000065 206000672 87 
2020-11-30T17:49:24.868958+09:00 0 0 경기70아1592 3 36 204000065 206000043 88 
2020-11-30T17:50:24.513043+09:00 0 0 경기70아1592 3 36 204000065 206000178 89 
2020-11-30T17:51:24.207097+09:00 0 0 경기70아1592 3 36 204000065 206000178 89 
2020-11-30T17:52:24.151208+09:00 0 0 경기70아1592 3 36 204000065 206000724 90 
2020-11-30T17:53:23.915370+09:00 0 0 경기70아1592 3 36 204000065 206000722 91 
2020-11-30T17:54:23.839522+09:00 0 0 경기70아1592 3 36 204000065 206000722 91 
2020-11-30T17:55:23.483526+09:00 0 0 경기70아1592 3 36 204000065 206000715 92 
2020-11-30T17:56:22.517781+09:00 0 0 경기70아1592 3 37 204000065 206000041 94 
2020-11-30T17:57:21.561758+09:00 0 0 경기70아1592 3 37 204000065 206000041 94 
2020-11-30T17:58:21.215972+09:00 0 0 경기70아1592 3 37 204000065 206000041 94 
2020-11-30T17:59:20.839883+09:00 0 0 경기70아1592 3 38 204000065 206000171 95 
2020-11-30T19:07:52.174344+09:00 0 0 경기70아1592 3 39 204000065 277102470 3 
2020-11-30T19:08:52.028680+09:00 0 0 경기70아1592 3 39 204000065 277102470 3 
2020-11-30T19:09:50.982964+09:00 0 0 경기70아1592 3 39 204000065 277102470 3 
2020-11-30T19:10:50.897223+09:00 0 0 경기70아1592 3 39 204000065 277102470 3 
2020-11-30T19:11:50.521412+09:00 0 0 경기70아1592 3 39 204000065 206000334 5 
2020-11-30T19:12:49.875621+09:00 0 0 경기70아1592 3 39 204000065 206000334 5 
2020-11-30T19:13:48.779945+09:00 0 0 경기70아1592 3 39 204000065 206000714 7 
2020-11-30T19:14:48.554117+09:00 0 0 경기70아1592 3 39 204000065 206000714 7 
2020-11-30T19:15:48.428389+09:00 0 0 경기70아1592 3 39 204000065 206000721 8 
2020-11-30T19:16:48.192691+09:00 0 0 경기70아1592 3 39 204000065 206000723 9 
2020-11-30T19:17:47.256795+09:00 0 0 경기70아1592 3 39 204000065 206000327 10 
2020-11-30T19:18:47.351162+09:00 0 0 경기70아1592 3 39 204000065 206000249 11 
2020-11-30T19:19:46.615156+09:00 0 0 경기70아1592 3 39 204000065 206000039 12 
2020-11-30T19:20:46.609488+09:00 0 0 경기70아1592 3 39 204000065 206000039 12 
2020-11-30T19:21:46.433722+09:00 0 0 경기70아1592 3 39 204000065 206000037 14 
2020-11-30T19:22:46.297909+09:00 0 0 경기70아1592 3 39 204000065 206000037 14 
2020-11-30T19:23:46.132079+09:00 0 0 경기70아1592 3 39 204000065 206000034 17 
2020-11-30T19:24:45.886384+09:00 0 0 경기70아1592 3 39 204000065 206000034 17 
2020-11-30T19:25:45.840517+09:00 0 0 경기70아1592 3 39 204000065 206000033 18 
2020-11-30T19:26:45.453758+09:00 0 0 경기70아1592 3 39 204000065 206000033 18 
2020-11-30T19:27:44.396927+09:00 0 0 경기70아1592 3 39 204000065 206000031 20 
2020-11-30T19:28:44.130455+09:00 0 0 경기70아1592 3 39 204000065 206000031 20 
2020-11-30T19:29:43.813925+09:00 0 0 경기70아1592 3 39 204000065 206000030 21 
2020-11-30T19:30:43.397445+09:00 0 0 경기70아1592 3 39 204000065 206000030 21 
2020-11-30T19:31:43.000927+09:00 0 0 경기70아1592 3 39 204000065 206000383 23 
2020-11-30T19:32:42.764621+09:00 0 0 경기70아1592 3 39 204000065 206000318 24 
2020-11-30T19:33:41.878307+09:00 0 0 경기70아1592 3 39 204000065 206000318 24 
2020-11-30T19:34:41.491989+09:00 0 0 경기70아1592 3 39 204000065 206000317 25 
2020-11-30T19:35:41.105753+09:00 0 0 경기70아1592 3 39 204000065 206000317 25 
2020-11-30T19:36:40.619526+09:00 0 0 경기70아1592 3 39 204000065 206000027 27 
2020-11-30T19:37:40.313427+09:00 0 0 경기70아1592 3 39 204000065 206000027 27 
2020-11-30T19:38:40.237356+09:00 0 0 경기70아1592 3 39 204000065 206000027 27 
2020-11-30T19:39:39.941168+09:00 0 0 경기70아1592 3 39 204000065 206000226 29 
2020-11-30T19:40:39.524987+09:00 0 0 경기70아1592 3 39 204000065 206000784 30 
2020-11-30T19:41:39.208938+09:00 0 0 경기70아1592 3 39 204000065 206000784 30 
2020-11-30T19:42:38.592877+09:00 0 0 경기70아1592 3 39 204000065 206000784 30 
2020-11-30T19:43:38.136771+09:00 0 0 경기70아1592 3 39 204000065 205000029 31 
2020-11-30T19:44:38.180999+09:00 0 0 경기70아1592 3 39 204000065 205000029 31 
2020-11-30T19:45:37.864839+09:00 0 0 경기70아1592 3 39 204000065 205000029 31 
2020-11-30T19:46:37.168747+09:00 0 0 경기70아1592 3 39 204000065 205000069 32 
2020-11-30T19:47:36.562828+09:00 0 0 경기70아1592 3 39 204000065 205000069 32 
2020-11-30T19:48:36.166685+09:00 0 0 경기70아1592 3 39 204000065 205000069 32 
2020-11-30T19:49:35.930786+09:00 0 0 경기70아1592 3 39 204000065 205000069 32 
2020-11-30T19:50:35.384751+09:00 0 0 경기70아1592 3 39 204000065 277102622 33 
2020-11-30T19:51:34.698981+09:00 0 0 경기70아1592 3 39 204000065 277102622 33 
2020-11-30T19:52:34.572869+09:00 0 0 경기70아1592 3 39 204000065 277102622 33 
2020-11-30T19:53:34.246899+09:00 0 0 경기70아1592 3 39 204000065 277103419 34 
2020-11-30T19:54:34.197488+09:00 0 0 경기70아1592 3 39 204000065 277103419 34 
2020-11-30T19:55:33.895026+09:00 0 0 경기70아1592 3 39 204000065 277103419 34 
2020-11-30T19:56:33.528945+09:00 0 0 경기70아1592 3 39 204000065 277103419 34 
2020-11-30T19:57:33.703258+09:00 0 0 경기70아1592 3 39 204000065 277103421 35 
2020-11-30T19:58:33.237226+09:00 0 0 경기70아1592 3 39 204000065 122000288 37 
2020-11-30T19:59:32.961280+09:00 0 0 경기70아1592 3 39 204000065 122000288 37 
2020-11-30T20:00:31.945956+09:00 0 0 경기70아1592 3 39 204000065 122000288 37 
2020-11-30T20:01:31.140857+09:00 0 0 경기70아1592 3 39 204000065 122000258 38 
2020-11-30T20:02:30.875787+09:00 0 0 경기70아1592 3 39 204000065 122000258 38 
2020-11-30T20:03:30.670859+09:00 0 0 경기70아1592 3 39 204000065 122000258 38 
2020-11-30T20:04:30.275456+09:00 0 0 경기70아1592 3 39 204000065 122000291 39 
2020-11-30T20:05:30.240119+09:00 0 0 경기70아1592 3 39 204000065 122000291 39 
2020-11-30T20:06:30.284830+09:00 0 0 경기70아1592 3 39 204000065 122000137 40 
2020-11-30T20:07:29.259399+09:00 0 0 경기70아1592 3 39 204000065 122000137 40 
2020-11-30T20:08:28.993941+09:00 0 0 경기70아1592 3 39 204000065 122000388 41 
2020-11-30T20:09:28.758524+09:00 0 0 경기70아1592 3 39 204000065 122000386 42 
2020-11-30T20:10:28.732993+09:00 0 0 경기70아1592 3 39 204000065 122000139 43 
2020-11-30T20:11:28.277494+09:00 0 0 경기70아1592 3 39 204000065 122000139 43 
2020-11-30T20:12:28.181962+09:00 0 0 경기70아1592 3 39 204000065 122000094 44 
2020-11-30T20:13:27.856355+09:00 0 0 경기70아1592 3 39 204000065 122000094 44 
2020-11-30T20:14:27.460786+09:00 0 0 경기70아1592 3 39 204000065 122000089 45 
2020-11-30T20:15:27.155358+09:00 0 0 경기70아1592 3 39 204000065 122000085 46 
2020-11-30T20:16:26.669556+09:00 0 0 경기70아1592 3 39 204000065 122000085 46 
2020-11-30T20:17:26.393990+09:00 0 0 경기70아1592 3 39 204000065 122000066 48 
2020-11-30T20:18:25.458265+09:00 0 0 경기70아1592 3 39 204000065 122000064 49 
2020-11-30T20:19:25.082523+09:00 0 0 경기70아1592 3 39 204000065 122000064 49 
2020-11-30T20:20:24.656821+09:00 0 0 경기70아1592 3 39 204000065 122000559 50 
2020-11-30T20:21:24.561233+09:00 0 0 경기70아1592 3 39 204000065 122000559 50 
2020-11-30T20:22:23.825434+09:00 0 0 경기70아1592 3 39 204000065 122000559 50 
2020-11-30T20:23:23.539739+09:00 0 0 경기70아1592 3 39 204000065 122000078 51 
2020-11-30T20:24:22.364015+09:00 0 0 경기70아1592 3 39 204000065 122000078 51 
2020-11-30T20:25:22.438370+09:00 0 0 경기70아1592 3 39 204000065 122000078 51 
2020-11-30T20:26:21.742608+09:00 0 0 경기70아1592 3 39 204000065 122000079 52 
2020-11-30T20:27:21.576885+09:00 0 0 경기70아1592 3 39 204000065 122000079 52 
2020-11-30T20:28:21.491151+09:00 0 0 경기70아1592 3 39 204000065 122000065 53 
2020-11-30T20:29:21.365472+09:00 0 0 경기70아1592 3 39 204000065 122000068 55 
2020-11-30T20:30:20.459650+09:00 0 0 경기70아1592 3 39 204000065 122000086 56 
2020-11-30T20:31:20.304097+09:00 0 0 경기70아1592 3 39 204000065 122000086 56 
2020-11-30T20:32:20.118211+09:00 0 0 경기70아1592 3 37 204000065 122000096 58 
2020-11-30T20:33:20.142428+09:00 0 0 경기70아1592 3 37 204000065 122000096 58 
2020-11-30T20:34:20.176561+09:00 0 0 경기70아1592 3 35 204000065 122000330 59 
2020-11-30T20:35:20.040419+09:00 0 0 경기70아1592 3 35 204000065 122000330 59 
2020-11-30T20:36:19.564166+09:00 0 0 경기70아1592 3 35 204000065 122000142 60 
2020-11-30T20:37:19.197928+09:00 0 0 경기70아1592 3 35 204000065 122000142 60 
2020-11-30T20:38:19.381876+09:00 0 0 경기70아1592 3 35 204000065 122000142 60 
2020-11-30T20:39:18.335793+09:00 0 0 경기70아1592 3 34 204000065 122000133 61 
2020-11-30T20:40:17.549677+09:00 0 0 경기70아1592 3 34 204000065 122000133 61 
2020-11-30T20:41:16.873491+09:00 0 0 경기70아1592 3 34 204000065 122000133 61 
2020-11-30T20:42:16.548659+09:00 0 0 경기70아1592 3 34 204000065 122000257 63 
2020-11-30T20:43:15.891597+09:00 0 0 경기70아1592 3 34 204000065 122000257 63 
2020-11-30T20:44:15.355667+09:00 0 0 경기70아1592 3 34 204000065 122000257 63 
2020-11-30T20:45:14.570658+09:00 0 0 경기70아1592 3 34 204000065 122000257 63 
2020-11-30T20:46:13.263772+09:00 0 0 경기70아1592 3 34 204000065 122000257 63 
2020-11-30T20:47:12.947791+09:00 0 0 경기70아1592 3 34 204000065 122000257 63 
2020-11-30T20:48:12.481912+09:00 0 0 경기70아1592 3 34 204000065 122000285 65 
2020-11-30T20:49:12.165889+09:00 0 0 경기70아1592 3 32 204000065 122000285 65 
2020-11-30T20:50:11.950061+09:00 0 0 경기70아1592 3 32 204000065 277103420 66 
2020-11-30T20:51:10.924089+09:00 0 0 경기70아1592 3 32 204000065 277103420 66 
2020-11-30T20:52:10.528134+09:00 0 0 경기70아1592 3 32 204000065 277103418 67 
2020-11-30T20:53:10.402306+09:00 0 0 경기70아1592 3 32 204000065 277103418 67 
2020-11-30T20:54:10.366426+09:00 0 0 경기70아1592 3 32 204000065 277103418 67 
2020-11-30T20:55:10.270628+09:00 0 0 경기70아1592 3 32 204000065 277103418 67 
2020-11-30T20:56:10.234839+09:00 0 0 경기70아1592 3 32 204000065 277103418 67 
2020-11-30T20:57:09.918917+09:00 0 0 경기70아1592 3 32 204000065 277103418 67 
2020-11-30T20:58:09.143120+09:00 0 0 경기70아1592 3 33 204000065 205000207 68 
2020-11-30T20:59:08.897357+09:00 0 0 경기70아1592 3 33 204000065 205000207 68 
2020-11-30T21:00:07.701261+09:00 0 0 경기70아1592 3 33 204000065 205000207 68 
2020-11-30T21:01:07.755514+09:00 0 0 경기70아1592 3 34 204000065 205000245 69 
2020-11-30T21:02:07.639717+09:00 0 0 경기70아1592 3 34 204000065 205000245 69 
2020-11-30T21:03:07.343968+09:00 0 0 경기70아1592 3 34 204000065 205000245 69 
2020-11-30T21:04:06.437985+09:00 0 0 경기70아1592 3 34 204000065 206000157 71 
2020-11-30T21:05:06.452169+09:00 0 0 경기70아1592 3 34 204000065 206000157 71 
2020-11-30T21:06:05.646300+09:00 0 0 경기70아1592 3 35 204000065 206000055 72 
2020-11-30T21:07:04.940466+09:00 0 0 경기70아1592 3 35 204000065 206000055 72 
2020-11-30T21:08:05.114715+09:00 0 0 경기70아1592 3 35 204000065 206000054 73 
2020-11-30T21:09:04.818556+09:00 0 0 경기70아1592 3 35 204000065 206000053 74 
2020-11-30T21:10:04.412569+09:00 0 0 경기70아1592 3 35 204000065 206000053 74 
2020-11-30T21:11:03.666551+09:00 0 0 경기70아1592 3 35 204000065 206000053 74 
2020-11-30T21:12:03.320943+09:00 0 0 경기70아1592 3 35 204000065 206000238 75 
2020-11-30T21:13:03.034540+09:00 0 0 경기70아1592 3 35 204000065 206000238 75 
2020-11-30T21:14:02.158497+09:00 0 0 경기70아1592 3 35 204000065 206000237 76 
2020-11-30T21:15:01.182575+09:00 0 0 경기70아1592 3 36 204000065 206000051 78 
2020-11-30T21:16:01.166638+09:00 0 0 경기70아1592 3 37 204000065 206000128 79 
2020-11-30T21:17:00.680583+09:00 0 0 경기70아1592 3 37 204000065 206000128 79 
2020-11-30T21:18:00.674811+09:00 0 0 경기70아1592 3 37 204000065 206000128 79 
2020-11-30T21:18:59.978880+09:00 0 0 경기70아1592 3 37 204000065 206000049 81 
2020-11-30T21:19:59.382904+09:00 0 0 경기70아1592 3 37 204000065 206000047 83 
2020-11-30T21:21:00.447055+09:00 0 0 경기70아1592 3 38 204000065 206000044 86 
2020-11-30T21:21:59.601630+09:00 0 0 경기70아1592 3 38 204000065 206000672 87 
2020-11-30T21:22:58.775131+09:00 0 0 경기70아1592 3 38 204000065 206000178 89 
2020-11-30T21:23:57.845312+09:00 0 0 경기70아1592 3 38 204000065 206000178 89 
2020-11-30T21:24:57.843332+09:00 0 0 경기70아1592 3 38 204000065 206000724 90 
2020-11-30T21:25:57.767474+09:00 0 0 경기70아1592 3 38 204000065 206000722 91 
2020-11-30T21:26:57.441536+09:00 0 0 경기70아1592 3 38 204000065 206000722 91 
2020-11-30T21:27:57.185717+09:00 0 0 경기70아1592 3 38 204000065 206000711 93 
2020-11-30T21:28:57.059851+09:00 0 0 경기70아1592 3 38 204000065 206000171 95 
2020-11-30T21:29:56.523900+09:00 0 0 경기70아1592 3 38 204000065 206000171 95 
2020-11-30T21:30:56.498074+09:00 0 0 경기70아1592 3 38 204000065 206000171 95 
2020-11-30T21:31:55.762175+09:00 0 0 경기70아1592 3 38 204000065 206000171 95 
2020-11-30T21:32:55.556229+09:00 0 0 경기70아1592 3 38 204000065 206000171 95 
2020-11-30T21:33:54.930537+09:00 0 0 경기70아1592 3 38 204000065 206000171 95 
2020-11-30T21:34:54.704598+09:00 0 0 경기70아1592 3 38 204000065 206000171 95 
2020-11-30T21:35:54.328683+09:00 0 0 경기70아1592 3 38 204000065 206000171 95 
2020-11-30T21:36:54.052972+09:00 0 0 경기70아1592 3 38 204000065 206000171 95 
2020-11-30T21:37:53.846915+09:00 0 0 경기70아1592 3 38 204000065 206000171 95 
2020-11-30T21:38:53.691167+09:00 0 0 경기70아1592 3 38 204000065 206000171 95 
2020-11-30T21:39:52.965269+09:00 0 0 경기70아1592 3 38 204000065 206000171 95 
2020-11-30T21:40:52.659401+09:00 0 0 경기70아1592 3 38 204000065 206000171 95 
2020-11-30T21:41:51.853479+09:00 0 0 경기70아1592 3 38 204000065 206000171 95 
2020-11-30T21:42:51.767344+09:00 0 0 경기70아1592 3 38 204000065 206000171 95 
2020-11-30T21:43:50.750873+09:00 0 0 경기70아1592 3 38 204000065 206000171 95 
2020-11-30T22:00:42.826770+09:00 0 0 경기70아1592 3 39 204000065 206000405 4 
2020-11-30T22:01:42.780961+09:00 0 0 경기70아1592 3 39 204000065 206000334 5 
2020-11-30T22:02:42.754915+09:00 0 0 경기70아1592 3 39 204000065 206000334 5 
2020-11-30T22:03:42.308953+09:00 0 0 경기70아1592 3 39 204000065 206000334 5 
2020-11-30T22:04:41.912874+09:00 0 0 경기70아1592 3 39 204000065 206000710 6 
2020-11-30T22:05:41.627090+09:00 0 0 경기70아1592 3 39 204000065 206000721 8 
2020-11-30T22:06:41.261147+09:00 0 0 경기70아1592 3 39 204000065 206000723 9 
2020-11-30T22:07:41.095037+09:00 0 0 경기70아1592 3 39 204000065 206000723 9 
2020-11-30T22:08:40.349150+09:00 0 0 경기70아1592 3 39 204000065 206000039 12 
2020-11-30T22:09:39.872914+09:00 0 0 경기70아1592 3 39 204000065 206000037 14 
2020-11-30T22:10:39.317253+09:00 0 0 경기70아1592 3 39 204000065 206000037 14 
2020-11-30T22:11:38.941205+09:00 0 0 경기70아1592 3 39 204000065 206000034 17 
2020-11-30T22:12:38.715259+09:00 0 0 경기70아1592 3 39 204000065 206000034 17 
2020-11-30T22:13:38.069325+09:00 0 0 경기70아1592 3 39 204000065 206000033 18 
2020-11-30T22:14:37.593331+09:00 0 0 경기70아1592 3 39 204000065 206000033 18 
2020-11-30T22:15:37.567430+09:00 0 0 경기70아1592 3 39 204000065 206000032 19 
2020-11-30T22:16:37.171467+09:00 0 0 경기70아1592 3 39 204000065 206000030 21 
2020-11-30T22:17:37.185829+09:00 0 0 경기70아1592 3 39 204000065 206000318 24 
2020-11-30T22:18:37.200279+09:00 0 0 경기70아1592 3 39 204000065 206000317 25 
2020-11-30T22:19:36.804336+09:00 0 0 경기70아1592 3 39 204000065 206000027 27 
2020-11-30T22:20:36.338608+09:00 0 0 경기70아1592 3 39 204000065 206000227 28 
2020-11-30T22:21:35.732790+09:00 0 0 경기70아1592 3 39 204000065 206000227 28 
2020-11-30T22:22:35.656952+09:00 0 0 경기70아1592 3 39 204000065 206000227 28 
2020-11-30T22:23:35.131381+09:00 0 0 경기70아1592 3 39 204000065 206000226 29 
2020-11-30T22:24:34.705265+09:00 0 0 경기70아1592 3 39 204000065 206000226 29 
2020-11-30T22:25:34.409475+09:00 0 0 경기70아1592 3 37 204000065 205000029 31 
2020-11-30T22:26:34.283726+09:00 0 0 경기70아1592 3 37 204000065 205000029 31 
2020-11-30T22:27:33.797838+09:00 0 0 경기70아1592 3 37 204000065 205000029 31 
2020-11-30T22:28:33.422081+09:00 0 0 경기70아1592 3 37 204000065 205000029 31 
2020-11-30T22:29:32.586091+09:00 0 0 경기70아1592 3 37 204000065 205000069 32 
2020-11-30T22:30:31.990440+09:00 0 0 경기70아1592 3 36 204000065 205000069 32 
2020-11-30T22:31:31.654434+09:00 0 0 경기70아1592 3 36 204000065 205000069 32 
2020-11-30T22:32:31.398524+09:00 0 0 경기70아1592 3 36 204000065 205000069 32 
2020-11-30T22:33:31.272628+09:00 0 0 경기70아1592 3 36 204000065 277102622 33 
2020-11-30T22:34:31.106933+09:00 0 0 경기70아1592 3 36 204000065 277102622 33 
2020-11-30T22:35:30.630994+09:00 0 0 경기70아1592 3 36 204000065 277102622 33 
2020-11-30T22:36:30.235179+09:00 0 0 경기70아1592 3 36 204000065 277103419 34 
2020-11-30T22:37:29.999325+09:00 0 0 경기70아1592 3 36 204000065 277103419 34 
2020-11-30T22:38:29.423342+09:00 0 0 경기70아1592 3 36 204000065 277103421 35 
2020-11-30T22:39:28.967385+09:00 0 0 경기70아1592 3 37 204000065 277103421 35 
2020-11-30T22:40:28.571542+09:00 0 0 경기70아1592 3 37 204000065 122000287 36 
2020-11-30T22:41:28.145699+09:00 0 0 경기70아1592 3 37 204000065 122000288 37 
2020-11-30T22:42:28.029954+09:00 0 0 경기70아1592 3 37 204000065 122000258 38 
2020-11-30T22:43:27.634000+09:00 0 0 경기70아1592 3 37 204000065 122000258 38 
2020-11-30T22:44:27.488112+09:00 0 0 경기70아1592 3 37 204000065 122000258 38 
2020-11-30T22:45:26.802062+09:00 0 0 경기70아1592 3 37 204000065 122000291 39 
2020-11-30T22:46:26.226294+09:00 0 0 경기70아1592 3 37 204000065 122000291 39 
2020-11-30T22:47:26.330488+09:00 0 0 경기70아1592 3 37 204000065 122000388 41 
2020-11-30T22:48:26.144536+09:00 0 0 경기70아1592 3 37 204000065 122000139 43 
2020-11-30T22:49:25.458626+09:00 0 0 경기70아1592 3 37 204000065 122000139 43 
2020-11-30T22:50:25.312779+09:00 0 0 경기70아1592 3 37 204000065 122000094 44 
2020-11-30T22:51:25.397603+09:00 0 0 경기70아1592 3 37 204000065 122000069 47 
2020-11-30T22:52:24.732083+09:00 0 0 경기70아1592 3 37 204000065 122000066 48 
2020-11-30T22:53:24.406705+09:00 0 0 경기70아1592 3 37 204000065 122000066 48 
2020-11-30T22:54:24.221382+09:00 0 0 경기70아1592 3 38 204000065 122000066 48 
2020-11-30T22:55:24.096026+09:00 0 0 경기70아1592 3 38 204000065 122000064 49 
2020-11-30T22:56:22.840312+09:00 0 0 경기70아1592 3 38 204000065 122000064 49 
2020-11-30T22:57:22.324743+09:00 0 0 경기70아1592 3 38 204000065 122000559 50 
2020-11-30T22:58:22.149236+09:00 0 0 경기70아1592 3 38 204000065 122000559 50 
2020-11-30T22:59:21.203625+09:00 0 0 경기70아1592 3 39 204000065 122000078 51 
2020-11-30T23:00:20.477969+09:00 0 0 경기70아1592 3 39 204000065 122000078 51 
2020-11-30T23:01:19.762326+09:00 0 0 경기70아1592 3 39 204000065 122000079 52 
2020-11-30T23:02:19.336653+09:00 0 0 경기70아1592 3 39 204000065 122000079 52 
2020-11-30T23:03:19.610976+09:00 0 0 경기70아1592 3 39 204000065 122000079 52 
2020-11-30T23:04:18.565278+09:00 0 0 경기70아1592 3 39 204000065 122000065 53 
2020-11-30T23:05:17.809462+09:00 0 0 경기70아1592 3 39 204000065 122000065 53 
2020-11-30T23:06:17.653845+09:00 0 0 경기70아1592 3 39 204000065 122000068 55 
2020-11-30T23:07:17.277828+09:00 0 0 경기70아1592 3 39 204000065 122000068 55 
2020-11-30T23:08:16.902252+09:00 0 0 경기70아1592 3 39 204000065 122000086 56 
2020-11-30T23:09:16.406554+09:00 0 0 경기70아1592 3 39 204000065 122000095 57 
2020-11-30T23:10:16.050847+09:00 0 0 경기70아1592 3 39 204000065 122000095 57 
2020-11-30T23:11:15.264827+09:00 0 0 경기70아1592 3 39 204000065 122000330 59 
2020-11-30T23:12:15.079243+09:00 0 0 경기70아1592 3 39 204000065 122000142 60 
2020-11-30T23:13:14.333313+09:00 0 0 경기70아1592 3 39 204000065 122000133 61 
2020-11-30T23:14:13.977889+09:00 0 0 경기70아1592 3 39 204000065 122000133 61 
2020-11-30T23:15:13.721836+09:00 0 0 경기70아1592 3 39 204000065 122000257 63 
2020-11-30T23:16:13.666059+09:00 0 0 경기70아1592 3 39 204000065 122000257 63 
2020-11-30T23:17:13.510321+09:00 0 0 경기70아1592 3 39 204000065 122000257 63 
2020-11-30T23:18:13.424573+09:00 0 0 경기70아1592 3 39 204000065 122000286 64 
2020-11-30T23:19:12.578739+09:00 0 0 경기70아1592 3 39 204000065 122000285 65 
2020-11-30T23:20:12.272916+09:00 0 0 경기70아1592 3 39 204000065 122000285 65 
2020-11-30T23:21:11.667022+09:00 0 0 경기70아1592 3 39 204000065 277103420 66 
2020-11-30T23:22:11.601292+09:00 0 0 경기70아1592 3 39 204000065 277103420 66 
2020-11-30T23:23:11.585475+09:00 0 0 경기70아1592 3 39 204000065 277103418 67 
2020-11-30T23:24:10.969775+09:00 0 0 경기70아1592 3 39 204000065 277103418 67 
2020-11-30T23:25:10.893619+09:00 0 0 경기70아1592 3 39 204000065 277103418 67 
2020-11-30T23:26:10.646899+09:00 0 0 경기70아1592 3 39 204000065 277103418 67 
2020-11-30T23:27:10.620649+09:00 0 0 경기70아1592 3 39 204000065 277103418 67 
2020-11-30T23:28:10.194033+09:00 0 0 경기70아1592 3 39 204000065 205000207 68 
2020-11-30T23:29:10.017659+09:00 0 0 경기70아1592 3 39 204000065 205000207 68 
2020-11-30T23:30:09.601260+09:00 0 0 경기70아1592 3 39 204000065 205000207 68 
2020-11-30T23:31:09.594971+09:00 0 0 경기70아1592 3 39 204000065 205000245 69 
2020-11-30T23:32:09.498843+09:00 0 0 경기70아1592 3 39 204000065 206000361 70 
2020-11-30T23:33:08.412434+09:00 0 0 경기70아1592 3 39 204000065 206000361 70 
2020-11-30T23:34:08.336367+09:00 0 0 경기70아1592 3 39 204000065 206000157 71 
2020-11-30T23:35:07.200007+09:00 0 0 경기70아1592 3 39 204000065 206000055 72 
2020-11-30T23:36:06.823868+09:00 0 0 경기70아1592 3 39 204000065 206000053 74 
2020-11-30T23:37:06.767737+09:00 0 0 경기70아1592 3 39 204000065 206000053 74 
2020-11-30T23:38:06.691654+09:00 0 0 경기70아1592 3 39 204000065 206000053 74 
2020-11-30T23:39:06.055552+09:00 0 0 경기70아1592 3 39 204000065 206000237 76 
2020-11-30T23:40:06.049462+09:00 0 0 경기70아1592 3 39 204000065 206000237 76 
2020-11-30T23:41:05.833419+09:00 0 0 경기70아1592 3 39 204000065 206000052 77 
2020-11-30T23:42:05.717373+09:00 0 0 경기70아1592 3 39 204000065 206000051 78 
2020-11-30T23:43:04.901357+09:00 0 0 경기70아1592 3 39 204000065 206000049 81 
2020-11-30T23:44:04.765302+09:00 0 0 경기70아1592 3 39 204000065 206000047 83 
2020-11-30T23:45:04.639314+09:00 0 0 경기70아1592 3 39 204000065 206000672 87 
2020-11-30T23:46:04.083276+09:00 0 0 경기70아1592 3 39 204000065 206000672 87 
2020-11-30T23:47:04.117341+09:00 0 0 경기70아1592 3 39 204000065 206000178 89 
2020-11-30T23:48:03.731312+09:00 0 0 경기70아1592 3 39 204000065 206000724 90 
2020-11-30T23:49:03.255221+09:00 0 0 경기70아1592 3 39 204000065 206000722 91 
2020-11-30T23:50:02.319268+09:00 0 0 경기70아1592 3 39 204000065 206000711 93 
2020-11-30T23:51:01.973321+09:00 0 0 경기70아1592 3 39 204000065 206000041 94 
2020-11-30T23:52:01.607411+09:00 0 0 경기70아1592 3 39 204000065 206000041 94 
2020-11-30T23:53:01.421280+09:00 0 0 경기70아1592 3 39 204000065 206000171 95 
2020-11-30T23:54:01.365434+09:00 0 0 경기70아1592 3 39 204000065 206000171 95 
2020-11-30T23:55:00.929401+09:00 0 0 경기70아1592 3 39 204000065 206000171 95 
2020-11-30T23:56:00.653466+09:00 0 0 경기70아1592 3 39 204000065 206000171 95 
2020-11-30T23:57:00.227513+09:00 0 0 경기70아1592 3 39 204000065 206000171 95 
2020-11-30T23:57:59.611417+09:00 0 0 경기70아1592 3 39 204000065 206000171 95 
2020-11-30T23:58:59.275509+09:00 0 0 경기70아1592 3 39 204000065 206000171 95 
2020-11-30T23:59:58.789911+09:00 0 0 경기70아1592 3 39 204000065 206000171 95 
