204000065 2020-12-21T00:02:46.342937+09:00
2020-12-21T06:57:07 0 0 경기70아1592 3 39 204000065 277102470 3 
2020-12-21T06:58:06 0 0 경기70아1592 3 39 204000065 277102470 3 
2020-12-21T06:59:06 0 0 경기70아1592 3 39 204000065 206000405 4 
2020-12-21T07:00:05 0 0 경기70아1592 3 38 204000065 206000334 5 
2020-12-21T07:01:05 0 0 경기70아1592 3 38 204000065 206000710 6 
2020-12-21T07:02:05 0 0 경기70아1592 3 38 204000065 206000714 7 
2020-12-21T07:03:04 0 0 경기70아1592 3 38 204000065 206000714 7 
2020-12-21T07:04:04 0 0 경기70아1592 3 38 204000065 206000723 9 
2020-12-21T07:05:04 0 0 경기70아1592 3 38 204000065 206000327 10 
2020-12-21T07:06:03 0 0 경기70아1592 3 38 204000065 206000038 13 
2020-12-21T07:07:03 0 0 경기70아1592 3 37 204000065 206000037 14 
2020-12-21T07:08:02 0 0 경기70아1592 3 37 204000065 206000035 16 
2020-12-21T07:09:02 0 0 경기70아1592 3 35 204000065 206000034 17 
2020-12-21T07:10:01 0 0 경기70아1592 3 35 204000065 206000033 18 
2020-12-21T07:11:00 0 0 경기70아1592 3 35 204000065 206000033 18 
2020-12-21T07:12:00 0 0 경기70아1592 3 35 204000065 206000032 19 
2020-12-21T07:12:59 0 0 경기70아1592 3 34 204000065 206000030 21 
2020-12-21T07:13:59 0 0 경기70아1592 3 33 204000065 206000030 21 
2020-12-21T07:14:58 0 0 경기70아1592 3 33 204000065 206000030 21 
2020-12-21T07:15:58 0 0 경기70아1592 3 33 204000065 206000029 22 
2020-12-21T07:16:57 0 0 경기70아1592 3 31 204000065 206000383 23 
2020-12-21T07:17:57 0 0 경기70아1592 3 30 204000065 206000318 24 
2020-12-21T07:18:56 0 0 경기70아1592 3 30 204000065 206000318 24 
2020-12-21T07:19:56 0 0 경기70아1592 3 30 204000065 206000317 25 
2020-12-21T07:20:55 0 0 경기70아1592 3 30 204000065 206000027 27 
2020-12-21T07:21:55 0 0 경기70아1592 3 30 204000065 206000027 27 
2020-12-21T07:22:55 0 0 경기70아1592 3 30 204000065 206000027 27 
2020-12-21T07:23:54 0 0 경기70아1592 3 30 204000065 206000226 29 
2020-12-21T07:24:54 0 0 경기70아1592 3 30 204000065 206000226 29 
2020-12-21T07:25:53 0 0 경기70아1592 3 29 204000065 206000784 30 
2020-12-21T07:26:52 0 0 경기70아1592 3 29 204000065 206000784 30 
2020-12-21T07:27:52 0 0 경기70아1592 3 29 204000065 206000784 30 
2020-12-21T07:28:51 0 0 경기70아1592 3 27 204000065 205000029 31 
2020-12-21T07:29:51 0 0 경기70아1592 3 27 204000065 205000029 31 
2020-12-21T07:30:50 0 0 경기70아1592 3 27 204000065 205000029 31 
2020-12-21T07:31:49 0 0 경기70아1592 3 27 204000065 205000029 31 
2020-12-21T07:32:49 0 0 경기70아1592 3 26 204000065 205000069 32 
2020-12-21T07:33:49 0 0 경기70아1592 3 26 204000065 205000069 32 
2020-12-21T07:34:49 0 0 경기70아1592 3 26 204000065 205000069 32 
2020-12-21T07:35:49 0 0 경기70아1592 3 26 204000065 205000069 32 
2020-12-21T07:36:49 0 0 경기70아1592 3 26 204000065 277102622 33 
2020-12-21T07:37:48 0 0 경기70아1592 3 26 204000065 277102622 33 
2020-12-21T07:38:48 0 0 경기70아1592 3 26 204000065 277102622 33 
2020-12-21T07:39:48 0 0 경기70아1592 3 26 204000065 277102622 33 
2020-12-21T07:40:48 0 0 경기70아1592 3 26 204000065 277102622 33 
2020-12-21T07:41:48 0 0 경기70아1592 3 26 204000065 277102622 33 
2020-12-21T07:42:48 0 0 경기70아1592 3 26 204000065 277102622 33 
2020-12-21T07:43:47 0 0 경기70아1592 3 26 204000065 277102622 33 
2020-12-21T07:44:47 0 0 경기70아1592 3 26 204000065 277102622 33 
2020-12-21T07:45:46 0 0 경기70아1592 3 26 204000065 277102622 33 
2020-12-21T07:46:46 0 0 경기70아1592 3 26 204000065 277102622 33 
2020-12-21T07:47:46 0 0 경기70아1592 3 26 204000065 277102622 33 
2020-12-21T07:48:45 0 0 경기70아1592 3 26 204000065 277102622 33 
2020-12-21T07:49:44 0 0 경기70아1592 3 26 204000065 277102622 33 
2020-12-21T07:50:44 0 0 경기70아1592 3 26 204000065 277102622 33 
2020-12-21T08:12:37 0 0 경기70아1592 3 26 204000065 277102622 33 
2020-12-21T08:13:36 0 0 경기70아1592 3 26 204000065 277103419 34 
2020-12-21T08:14:36 0 0 경기70아1592 3 26 204000065 277103419 34 
2020-12-21T08:15:35 0 0 경기70아1592 3 26 204000065 277103419 34 
2020-12-21T08:16:34 0 0 경기70아1592 3 26 204000065 277103419 34 
2020-12-21T08:17:34 0 0 경기70아1592 3 26 204000065 277103419 34 
2020-12-21T08:18:33 0 0 경기70아1592 3 26 204000065 277103419 34 
2020-12-21T08:19:34 0 0 경기70아1592 3 26 204000065 277103419 34 
2020-12-21T08:20:33 0 0 경기70아1592 3 26 204000065 277103419 34 
2020-12-21T08:21:32 0 0 경기70아1592 3 26 204000065 277103419 34 
2020-12-21T08:22:31 0 0 경기70아1592 3 26 204000065 277103419 34 
2020-12-21T08:23:30 0 0 경기70아1592 3 26 204000065 277103419 34 
2020-12-21T08:24:30 0 0 경기70아1592 3 26 204000065 277103419 34 
2020-12-21T08:25:30 0 0 경기70아1592 3 26 204000065 277103419 34 
2020-12-21T08:26:30 0 0 경기70아1592 3 26 204000065 277103419 34 
2020-12-21T08:27:29 0 0 경기70아1592 3 26 204000065 277103421 35 
2020-12-21T08:28:28 0 0 경기70아1592 3 26 204000065 277103421 35 
2020-12-21T08:29:27 0 0 경기70아1592 3 26 204000065 277103421 35 
2020-12-21T08:30:27 0 0 경기70아1592 3 26 204000065 122000287 36 
2020-12-21T08:31:27 0 0 경기70아1592 3 26 204000065 122000287 36 
2020-12-21T08:32:26 0 0 경기70아1592 3 26 204000065 122000288 37 
2020-12-21T08:33:25 0 0 경기70아1592 3 26 204000065 122000258 38 
2020-12-21T08:34:25 0 0 경기70아1592 3 26 204000065 122000258 38 
2020-12-21T08:35:24 0 0 경기70아1592 3 26 204000065 122000291 39 
2020-12-21T08:36:24 0 0 경기70아1592 3 26 204000065 122000291 39 
2020-12-21T08:37:23 0 0 경기70아1592 3 26 204000065 122000291 39 
2020-12-21T08:38:23 0 0 경기70아1592 3 26 204000065 122000291 39 
2020-12-21T08:39:22 0 0 경기70아1592 3 26 204000065 122000291 39 
2020-12-21T08:40:21 0 0 경기70아1592 3 26 204000065 122000291 39 
2020-12-21T08:41:21 0 0 경기70아1592 3 26 204000065 122000291 39 
2020-12-21T08:42:21 0 0 경기70아1592 3 26 204000065 122000137 40 
2020-12-21T08:43:21 0 0 경기70아1592 3 26 204000065 122000137 40 
2020-12-21T08:44:20 0 0 경기70아1592 3 26 204000065 122000137 40 
2020-12-21T08:45:19 0 0 경기70아1592 3 26 204000065 122000137 40 
2020-12-21T08:46:19 0 0 경기70아1592 3 26 204000065 122000386 42 
2020-12-21T08:47:18 0 0 경기70아1592 3 27 204000065 122000139 43 
2020-12-21T08:48:17 0 0 경기70아1592 3 28 204000065 122000139 43 
2020-12-21T08:49:16 0 0 경기70아1592 3 28 204000065 122000139 43 
2020-12-21T08:50:16 0 0 경기70아1592 3 29 204000065 122000094 44 
2020-12-21T08:51:16 0 0 경기70아1592 3 30 204000065 122000094 44 
2020-12-21T08:52:16 0 0 경기70아1592 3 31 204000065 122000089 45 
2020-12-21T08:53:15 0 0 경기70아1592 3 34 204000065 122000085 46 
2020-12-21T08:54:14 0 0 경기70아1592 3 34 204000065 122000085 46 
2020-12-21T08:55:13 0 0 경기70아1592 3 36 204000065 122000066 48 
2020-12-21T08:56:13 0 0 경기70아1592 3 36 204000065 122000066 48 
2020-12-21T08:57:13 0 0 경기70아1592 3 36 204000065 122000066 48 
2020-12-21T08:58:12 0 0 경기70아1592 3 36 204000065 122000066 48 
2020-12-21T08:59:12 0 0 경기70아1592 3 39 204000065 122000064 49 
2020-12-21T09:00:11 0 0 경기70아1592 3 39 204000065 122000064 49 
2020-12-21T09:01:11 0 0 경기70아1592 3 39 204000065 122000559 50 
2020-12-21T09:02:10 0 0 경기70아1592 3 39 204000065 122000559 50 
2020-12-21T09:03:09 0 0 경기70아1592 3 39 204000065 122000078 51 
2020-12-21T09:04:08 0 0 경기70아1592 3 39 204000065 122000079 52 
2020-12-21T09:05:08 0 0 경기70아1592 3 39 204000065 122000079 52 
2020-12-21T09:06:08 0 0 경기70아1592 3 39 204000065 122000079 52 
2020-12-21T09:07:07 0 0 경기70아1592 3 39 204000065 122000079 52 
2020-12-21T09:08:07 0 0 경기70아1592 3 39 204000065 122000065 53 
2020-12-21T09:09:06 0 0 경기70아1592 3 39 204000065 122000637 54 
2020-12-21T09:10:06 0 0 경기70아1592 3 39 204000065 122000068 55 
2020-12-21T09:11:05 0 0 경기70아1592 3 39 204000065 122000068 55 
2020-12-21T09:12:05 0 0 경기70아1592 3 39 204000065 122000086 56 
2020-12-21T09:13:04 0 0 경기70아1592 3 39 204000065 122000086 56 
2020-12-21T09:14:03 0 0 경기70아1592 3 39 204000065 122000095 57 
2020-12-21T09:15:02 0 0 경기70아1592 3 39 204000065 122000096 58 
2020-12-21T09:16:02 0 0 경기70아1592 3 39 204000065 122000096 58 
2020-12-21T09:17:01 0 0 경기70아1592 3 39 204000065 122000330 59 
2020-12-21T09:18:00 0 0 경기70아1592 3 39 204000065 122000142 60 
2020-12-21T09:19:00 0 0 경기70아1592 3 39 204000065 122000133 61 
2020-12-21T09:20:00 0 0 경기70아1592 3 39 204000065 122000256 62 
2020-12-21T09:20:59 0 0 경기70아1592 3 39 204000065 122000256 62 
2020-12-21T09:22:00 0 0 경기70아1592 3 39 204000065 122000257 63 
2020-12-21T09:22:59 0 0 경기70아1592 3 39 204000065 122000257 63 
2020-12-21T09:23:58 0 0 경기70아1592 3 39 204000065 122000257 63 
2020-12-21T09:24:58 0 0 경기70아1592 3 39 204000065 122000257 63 
2020-12-21T09:25:57 0 0 경기70아1592 3 39 204000065 122000286 64 
2020-12-21T09:26:57 0 0 경기70아1592 3 39 204000065 122000285 65 
2020-12-21T09:27:56 0 0 경기70아1592 3 39 204000065 277103420 66 
2020-12-21T09:28:56 0 0 경기70아1592 3 39 204000065 277103420 66 
2020-12-21T09:29:55 0 0 경기70아1592 3 39 204000065 277103420 66 
2020-12-21T09:30:54 0 0 경기70아1592 3 39 204000065 277103418 67 
2020-12-21T09:31:53 0 0 경기70아1592 3 39 204000065 277103418 67 
2020-12-21T09:32:53 0 0 경기70아1592 3 39 204000065 277103418 67 
2020-12-21T09:33:52 0 0 경기70아1592 3 39 204000065 277103418 67 
2020-12-21T09:34:52 0 0 경기70아1592 3 39 204000065 277103418 67 
2020-12-21T09:35:51 0 0 경기70아1592 3 39 204000065 277103418 67 
2020-12-21T09:36:51 0 0 경기70아1592 3 39 204000065 277103418 67 
2020-12-21T09:37:51 0 0 경기70아1592 3 39 204000065 205000207 68 
2020-12-21T09:38:50 0 0 경기70아1592 3 39 204000065 205000207 68 
2020-12-21T09:39:50 0 0 경기70아1592 3 39 204000065 205000207 68 
2020-12-21T09:40:49 0 0 경기70아1592 3 39 204000065 205000245 69 
2020-12-21T09:41:49 0 0 경기70아1592 3 39 204000065 205000245 69 
2020-12-21T09:42:48 0 0 경기70아1592 3 39 204000065 206000361 70 
2020-12-21T09:43:47 0 0 경기70아1592 3 39 204000065 206000157 71 
2020-12-21T09:44:47 0 0 경기70아1592 3 39 204000065 206000054 73 
2020-12-21T09:45:46 0 0 경기70아1592 3 39 204000065 206000054 73 
2020-12-21T09:46:45 0 0 경기70아1592 3 39 204000065 206000054 73 
2020-12-21T09:47:45 0 0 경기70아1592 3 39 204000065 206000053 74 
2020-12-21T09:48:44 0 0 경기70아1592 3 39 204000065 206000053 74 
2020-12-21T09:49:44 0 0 경기70아1592 3 39 204000065 206000053 74 
2020-12-21T09:50:42 0 0 경기70아1592 3 39 204000065 206000237 76 
2020-12-21T09:51:42 0 0 경기70아1592 3 39 204000065 206000237 76 
2020-12-21T09:52:42 0 0 경기70아1592 3 39 204000065 206000237 76 
2020-12-21T09:53:41 0 0 경기70아1592 3 39 204000065 206000052 77 
2020-12-21T09:54:40 0 0 경기70아1592 3 39 204000065 206000050 80 
2020-12-21T09:55:40 0 0 경기70아1592 3 39 204000065 206000049 81 
2020-12-21T09:56:40 0 0 경기70아1592 3 39 204000065 206000046 84 
2020-12-21T09:57:39 0 0 경기70아1592 3 39 204000065 206000046 84 
2020-12-21T09:58:38 0 0 경기70아1592 3 39 204000065 206000045 85 
2020-12-21T09:59:38 0 0 경기70아1592 3 39 204000065 206000672 87 
2020-12-21T10:00:38 0 0 경기70아1592 3 39 204000065 206000672 87 
2020-12-21T10:01:37 0 0 경기70아1592 3 39 204000065 206000178 89 
2020-12-21T10:02:36 0 0 경기70아1592 3 39 204000065 206000178 89 
2020-12-21T10:03:35 0 0 경기70아1592 3 39 204000065 206000722 91 
2020-12-21T10:04:35 0 0 경기70아1592 3 39 204000065 206000722 91 
2020-12-21T10:05:35 0 0 경기70아1592 3 39 204000065 206000715 92 
2020-12-21T10:06:34 0 0 경기70아1592 3 39 204000065 206000041 94 
2020-12-21T10:07:34 0 0 경기70아1592 3 39 204000065 206000041 94 
2020-12-21T10:56:11 0 0 경기70아1592 3 39 204000065 277102470 3 
2020-12-21T10:57:11 0 0 경기70아1592 3 39 204000065 206000334 5 
2020-12-21T10:58:11 0 0 경기70아1592 3 39 204000065 206000710 6 
2020-12-21T10:59:11 0 0 경기70아1592 3 39 204000065 206000714 7 
2020-12-21T11:00:10 0 0 경기70아1592 3 39 204000065 206000714 7 
2020-12-21T11:01:09 0 0 경기70아1592 3 39 204000065 206000721 8 
2020-12-21T11:02:09 0 0 경기70아1592 3 39 204000065 206000721 8 
2020-12-21T11:03:09 0 0 경기70아1592 3 39 204000065 206000721 8 
2020-12-21T11:04:08 0 0 경기70아1592 3 39 204000065 206000723 9 
2020-12-21T11:05:08 0 0 경기70아1592 3 39 204000065 206000327 10 
2020-12-21T11:06:08 0 0 경기70아1592 3 38 204000065 206000249 11 
2020-12-21T11:07:07 0 0 경기70아1592 3 38 204000065 206000037 14 
2020-12-21T11:08:06 0 0 경기70아1592 3 38 204000065 206000035 16 
2020-12-21T11:09:05 0 0 경기70아1592 3 38 204000065 206000034 17 
2020-12-21T11:10:04 0 0 경기70아1592 3 38 204000065 206000033 18 
2020-12-21T11:11:03 0 0 경기70아1592 3 38 204000065 206000033 18 
2020-12-21T11:12:03 0 0 경기70아1592 3 38 204000065 206000031 20 
2020-12-21T11:13:02 0 0 경기70아1592 3 38 204000065 206000029 22 
2020-12-21T11:14:01 0 0 경기70아1592 3 38 204000065 206000318 24 
2020-12-21T11:15:01 0 0 경기70아1592 3 38 204000065 206000318 24 
2020-12-21T11:16:00 0 0 경기70아1592 3 38 204000065 206000317 25 
2020-12-21T11:17:00 0 0 경기70아1592 3 38 204000065 206000317 25 
2020-12-21T11:18:00 0 0 경기70아1592 3 38 204000065 206000027 27 
2020-12-21T11:19:00 0 0 경기70아1592 3 38 204000065 206000027 27 
2020-12-21T11:19:59 0 0 경기70아1592 3 38 204000065 206000226 29 
2020-12-21T11:20:59 0 0 경기70아1592 3 38 204000065 206000226 29 
2020-12-21T11:21:57 0 0 경기70아1592 3 38 204000065 206000784 30 
2020-12-21T11:22:57 0 0 경기70아1592 3 38 204000065 206000784 30 
2020-12-21T11:23:57 0 0 경기70아1592 3 38 204000065 206000784 30 
2020-12-21T11:24:56 0 0 경기70아1592 3 38 204000065 205000029 31 
2020-12-21T11:25:56 0 0 경기70아1592 3 38 204000065 205000029 31 
2020-12-21T11:26:56 0 0 경기70아1592 3 38 204000065 205000029 31 
2020-12-21T11:27:55 0 0 경기70아1592 3 38 204000065 205000029 31 
2020-12-21T11:28:54 0 0 경기70아1592 3 38 204000065 205000069 32 
2020-12-21T11:29:54 0 0 경기70아1592 3 38 204000065 205000069 32 
2020-12-21T11:30:54 0 0 경기70아1592 3 38 204000065 205000069 32 
2020-12-21T11:31:53 0 0 경기70아1592 3 38 204000065 205000069 32 
2020-12-21T11:32:53 0 0 경기70아1592 3 38 204000065 277102622 33 
2020-12-21T11:33:53 0 0 경기70아1592 3 38 204000065 277102622 33 
2020-12-21T11:34:52 0 0 경기70아1592 3 38 204000065 277102622 33 
2020-12-21T11:35:52 0 0 경기70아1592 3 38 204000065 277102622 33 
2020-12-21T11:36:52 0 0 경기70아1592 3 38 204000065 277102622 33 
2020-12-21T11:37:52 0 0 경기70아1592 3 38 204000065 277103419 34 
2020-12-21T11:38:51 0 0 경기70아1592 3 38 204000065 277103419 34 
2020-12-21T11:39:50 0 0 경기70아1592 3 38 204000065 277103419 34 
2020-12-21T11:40:50 0 0 경기70아1592 3 38 204000065 277103419 34 
2020-12-21T11:41:49 0 0 경기70아1592 3 38 204000065 277103419 34 
2020-12-21T11:42:48 0 0 경기70아1592 3 38 204000065 277103419 34 
2020-12-21T11:43:48 0 0 경기70아1592 3 38 204000065 277103419 34 
2020-12-21T11:44:47 0 0 경기70아1592 3 38 204000065 277103419 34 
2020-12-21T11:45:47 0 0 경기70아1592 3 38 204000065 277103419 34 
2020-12-21T11:46:46 0 0 경기70아1592 3 38 204000065 277103419 34 
2020-12-21T11:47:46 0 0 경기70아1592 3 38 204000065 277103421 35 
2020-12-21T11:48:47 0 0 경기70아1592 3 38 204000065 277103421 35 
2020-12-21T11:49:46 0 0 경기70아1592 3 38 204000065 122000288 37 
2020-12-21T11:50:45 0 0 경기70아1592 3 38 204000065 122000288 37 
2020-12-21T11:51:45 0 0 경기70아1592 3 38 204000065 122000258 38 
2020-12-21T11:52:45 0 0 경기70아1592 3 38 204000065 122000258 38 
2020-12-21T11:53:45 0 0 경기70아1592 3 38 204000065 122000258 38 
2020-12-21T11:54:44 0 0 경기70아1592 3 38 204000065 122000291 39 
2020-12-21T11:55:43 0 0 경기70아1592 3 38 204000065 122000291 39 
2020-12-21T11:56:42 0 0 경기70아1592 3 39 204000065 122000137 40 
2020-12-21T11:57:42 0 0 경기70아1592 3 39 204000065 122000137 40 
2020-12-21T11:58:42 0 0 경기70아1592 3 39 204000065 122000388 41 
2020-12-21T11:59:42 0 0 경기70아1592 3 39 204000065 122000139 43 
2020-12-21T12:00:41 0 0 경기70아1592 3 39 204000065 122000139 43 
2020-12-21T12:01:41 0 0 경기70아1592 3 39 204000065 122000139 43 
2020-12-21T12:02:40 0 0 경기70아1592 3 39 204000065 122000094 44 
2020-12-21T12:03:40 0 0 경기70아1592 3 39 204000065 122000094 44 
2020-12-21T12:04:39 0 0 경기70아1592 3 39 204000065 122000085 46 
2020-12-21T12:05:39 0 0 경기70아1592 3 39 204000065 122000069 47 
2020-12-21T12:06:38 0 0 경기70아1592 3 39 204000065 122000069 47 
2020-12-21T12:07:38 0 0 경기70아1592 3 39 204000065 122000066 48 
2020-12-21T12:08:37 0 0 경기70아1592 3 39 204000065 122000066 48 
2020-12-21T12:09:37 0 0 경기70아1592 3 39 204000065 122000066 48 
2020-12-21T12:10:37 0 0 경기70아1592 3 39 204000065 122000064 49 
2020-12-21T12:11:37 0 0 경기70아1592 3 39 204000065 122000064 49 
2020-12-21T12:12:36 0 0 경기70아1592 3 39 204000065 122000559 50 
2020-12-21T12:13:35 0 0 경기70아1592 3 39 204000065 122000559 50 
2020-12-21T12:14:36 0 0 경기70아1592 3 39 204000065 122000078 51 
2020-12-21T12:15:34 0 0 경기70아1592 3 39 204000065 122000078 51 
2020-12-21T12:16:34 0 0 경기70아1592 3 39 204000065 122000079 52 
2020-12-21T12:17:33 0 0 경기70아1592 3 39 204000065 122000637 54 
2020-12-21T12:18:33 0 0 경기70아1592 3 39 204000065 122000068 55 
2020-12-21T12:19:32 0 0 경기70아1592 3 39 204000065 122000086 56 
2020-12-21T12:20:32 0 0 경기70아1592 3 39 204000065 122000086 56 
2020-12-21T12:21:31 0 0 경기70아1592 3 39 204000065 122000095 57 
2020-12-21T12:22:31 0 0 경기70아1592 3 38 204000065 122000096 58 
2020-12-21T12:23:30 0 0 경기70아1592 3 38 204000065 122000096 58 
2020-12-21T12:24:30 0 0 경기70아1592 3 38 204000065 122000330 59 
2020-12-21T12:25:30 0 0 경기70아1592 3 38 204000065 122000330 59 
2020-12-21T12:26:30 0 0 경기70아1592 3 38 204000065 122000142 60 
2020-12-21T12:27:30 0 0 경기70아1592 3 38 204000065 122000142 60 
2020-12-21T12:28:29 0 0 경기70아1592 3 38 204000065 122000133 61 
2020-12-21T12:29:29 0 0 경기70아1592 3 36 204000065 122000133 61 
2020-12-21T12:30:29 0 0 경기70아1592 3 36 204000065 122000133 61 
2020-12-21T12:31:29 0 0 경기70아1592 3 36 204000065 122000256 62 
2020-12-21T12:32:29 0 0 경기70아1592 3 36 204000065 122000257 63 
2020-12-21T12:33:28 0 0 경기70아1592 3 36 204000065 122000257 63 
2020-12-21T12:34:28 0 0 경기70아1592 3 36 204000065 122000257 63 
2020-12-21T12:35:27 0 0 경기70아1592 3 36 204000065 122000257 63 
2020-12-21T12:36:27 0 0 경기70아1592 3 36 204000065 122000257 63 
2020-12-21T12:37:27 0 0 경기70아1592 3 36 204000065 122000286 64 
2020-12-21T12:38:27 0 0 경기70아1592 3 36 204000065 122000285 65 
2020-12-21T12:39:26 0 0 경기70아1592 3 36 204000065 122000285 65 
2020-12-21T12:40:25 0 0 경기70아1592 3 36 204000065 277103420 66 
2020-12-21T12:41:25 0 0 경기70아1592 3 36 204000065 277103420 66 
2020-12-21T12:42:25 0 0 경기70아1592 3 36 204000065 277103420 66 
2020-12-21T12:43:24 0 0 경기70아1592 3 36 204000065 277103418 67 
2020-12-21T12:44:24 0 0 경기70아1592 3 36 204000065 277103418 67 
2020-12-21T12:45:24 0 0 경기70아1592 3 36 204000065 277103418 67 
2020-12-21T12:46:24 0 0 경기70아1592 3 36 204000065 277103418 67 
2020-12-21T12:47:23 0 0 경기70아1592 3 36 204000065 277103418 67 
2020-12-21T12:48:22 0 0 경기70아1592 3 36 204000065 277103418 67 
2020-12-21T12:49:22 0 0 경기70아1592 3 38 204000065 205000207 68 
2020-12-21T12:50:22 0 0 경기70아1592 3 38 204000065 205000207 68 
2020-12-21T12:51:22 0 0 경기70아1592 3 39 204000065 205000207 68 
2020-12-21T12:52:22 0 0 경기70아1592 3 39 204000065 205000245 69 
2020-12-21T12:53:22 0 0 경기70아1592 3 39 204000065 205000245 69 
2020-12-21T12:54:21 0 0 경기70아1592 3 39 204000065 205000245 69 
2020-12-21T12:55:20 0 0 경기70아1592 3 39 204000065 206000361 70 
2020-12-21T12:56:19 0 0 경기70아1592 3 39 204000065 206000361 70 
2020-12-21T12:57:18 0 0 경기70아1592 3 39 204000065 206000157 71 
2020-12-21T12:58:18 0 0 경기70아1592 3 39 204000065 206000157 71 
2020-12-21T12:59:17 0 0 경기70아1592 3 39 204000065 206000054 73 
2020-12-21T13:00:16 0 0 경기70아1592 3 39 204000065 206000054 73 
2020-12-21T13:01:16 0 0 경기70아1592 3 39 204000065 206000053 74 
2020-12-21T13:02:16 0 0 경기70아1592 3 39 204000065 206000053 74 
2020-12-21T13:03:15 0 0 경기70아1592 3 39 204000065 206000053 74 
2020-12-21T13:04:15 0 0 경기70아1592 3 39 204000065 206000238 75 
2020-12-21T13:05:15 0 0 경기70아1592 3 39 204000065 206000238 75 
2020-12-21T13:06:15 0 0 경기70아1592 3 39 204000065 206000238 75 
2020-12-21T13:07:14 0 0 경기70아1592 3 39 204000065 206000052 77 
2020-12-21T13:08:14 0 0 경기70아1592 3 39 204000065 206000128 79 
2020-12-21T13:09:14 0 0 경기70아1592 3 39 204000065 206000128 79 
2020-12-21T13:10:13 0 0 경기70아1592 3 39 204000065 206000128 79 
2020-12-21T13:11:12 0 0 경기70아1592 3 39 204000065 206000048 82 
2020-12-21T13:12:12 0 0 경기70아1592 3 39 204000065 206000047 83 
2020-12-21T13:13:12 0 0 경기70아1592 3 39 204000065 206000672 87 
2020-12-21T13:14:12 0 0 경기70아1592 3 39 204000065 206000672 87 
2020-12-21T13:15:12 0 0 경기70아1592 3 39 204000065 206000178 89 
2020-12-21T13:16:11 0 0 경기70아1592 3 39 204000065 206000178 89 
2020-12-21T13:17:11 0 0 경기70아1592 3 39 204000065 206000178 89 
2020-12-21T13:18:10 0 0 경기70아1592 3 39 204000065 206000724 90 
2020-12-21T13:19:09 0 0 경기70아1592 3 39 204000065 206000722 91 
2020-12-21T13:20:09 0 0 경기70아1592 3 39 204000065 206000715 92 
2020-12-21T13:21:08 0 0 경기70아1592 3 39 204000065 206000715 92 
2020-12-21T13:22:08 0 0 경기70아1592 3 39 204000065 206000041 94 
2020-12-21T13:23:08 0 0 경기70아1592 3 39 204000065 206000041 94 
2020-12-21T13:24:08 0 0 경기70아1592 3 39 204000065 206000171 95 
2020-12-21T15:23:18 0 0 경기70아1592 3 39 204000065 206000334 5 
2020-12-21T15:24:17 0 0 경기70아1592 3 39 204000065 206000710 6 
2020-12-21T15:25:17 0 0 경기70아1592 3 39 204000065 206000714 7 
2020-12-21T15:26:16 0 0 경기70아1592 3 39 204000065 206000714 7 
2020-12-21T15:27:16 0 0 경기70아1592 3 39 204000065 206000714 7 
2020-12-21T15:28:15 0 0 경기70아1592 3 39 204000065 206000721 8 
2020-12-21T15:29:15 0 0 경기70아1592 3 39 204000065 206000723 9 
2020-12-21T15:30:15 0 0 경기70아1592 3 39 204000065 206000723 9 
2020-12-21T15:31:14 0 0 경기70아1592 3 39 204000065 206000327 10 
2020-12-21T15:32:13 0 0 경기70아1592 3 38 204000065 206000249 11 
2020-12-21T15:33:12 0 0 경기70아1592 3 38 204000065 206000037 14 
2020-12-21T15:34:12 0 0 경기70아1592 3 38 204000065 206000036 15 
2020-12-21T15:35:12 0 0 경기70아1592 3 38 204000065 206000035 16 
2020-12-21T15:36:12 0 0 경기70아1592 3 38 204000065 206000035 16 
2020-12-21T15:37:11 0 0 경기70아1592 3 38 204000065 206000033 18 
2020-12-21T15:38:11 0 0 경기70아1592 3 38 204000065 206000032 19 
2020-12-21T15:39:11 0 0 경기70아1592 3 38 204000065 206000031 20 
2020-12-21T15:40:10 0 0 경기70아1592 3 38 204000065 206000030 21 
2020-12-21T15:41:10 0 0 경기70아1592 3 38 204000065 206000030 21 
2020-12-21T15:42:10 0 0 경기70아1592 3 38 204000065 206000383 23 
2020-12-21T15:43:09 0 0 경기70아1592 3 38 204000065 206000318 24 
2020-12-21T15:44:08 0 0 경기70아1592 3 38 204000065 206000317 25 
2020-12-21T15:45:08 0 0 경기70아1592 3 38 204000065 206000027 27 
2020-12-21T15:46:08 0 0 경기70아1592 3 38 204000065 206000227 28 
2020-12-21T15:47:07 0 0 경기70아1592 3 38 204000065 206000227 28 
2020-12-21T15:48:07 0 0 경기70아1592 3 38 204000065 206000227 28 
2020-12-21T15:49:06 0 0 경기70아1592 3 38 204000065 206000226 29 
2020-12-21T15:50:06 0 0 경기70아1592 3 38 204000065 206000784 30 
2020-12-21T15:51:06 0 0 경기70아1592 3 38 204000065 206000784 30 
2020-12-21T15:52:05 0 0 경기70아1592 3 38 204000065 206000784 30 
2020-12-21T15:53:04 0 0 경기70아1592 3 38 204000065 206000784 30 
2020-12-21T15:54:03 0 0 경기70아1592 3 38 204000065 205000029 31 
2020-12-21T15:55:03 0 0 경기70아1592 3 38 204000065 205000029 31 
2020-12-21T15:56:03 0 0 경기70아1592 3 38 204000065 205000029 31 
2020-12-21T15:57:03 0 0 경기70아1592 3 38 204000065 205000029 31 
2020-12-21T15:58:03 0 0 경기70아1592 3 38 204000065 205000029 31 
2020-12-21T15:59:02 0 0 경기70아1592 3 38 204000065 205000069 32 
2020-12-21T16:00:01 0 0 경기70아1592 3 38 204000065 205000069 32 
2020-12-21T16:01:00 0 0 경기70아1592 3 38 204000065 205000069 32 
2020-12-21T16:01:59 0 0 경기70아1592 3 38 204000065 205000069 32 
2020-12-21T16:02:58 0 0 경기70아1592 3 38 204000065 277102622 33 
2020-12-21T16:03:58 0 0 경기70아1592 3 38 204000065 277102622 33 
2020-12-21T16:04:58 0 0 경기70아1592 3 38 204000065 277102622 33 
2020-12-21T16:05:57 0 0 경기70아1592 3 38 204000065 277102622 33 
2020-12-21T16:06:57 0 0 경기70아1592 3 38 204000065 277102622 33 
2020-12-21T16:07:57 0 0 경기70아1592 3 38 204000065 277102622 33 
2020-12-21T16:08:57 0 0 경기70아1592 3 38 204000065 277102622 33 
2020-12-21T16:09:56 0 0 경기70아1592 3 38 204000065 277103419 34 
2020-12-21T16:10:55 0 0 경기70아1592 3 38 204000065 277103419 34 
2020-12-21T16:11:55 0 0 경기70아1592 3 38 204000065 277103419 34 
2020-12-21T16:12:55 0 0 경기70아1592 3 38 204000065 277103419 34 
2020-12-21T16:13:54 0 0 경기70아1592 3 38 204000065 277103419 34 
2020-12-21T16:14:54 0 0 경기70아1592 3 38 204000065 277103419 34 
2020-12-21T16:15:54 0 0 경기70아1592 3 38 204000065 277103419 34 
2020-12-21T16:16:54 0 0 경기70아1592 3 38 204000065 277103421 35 
2020-12-21T16:17:54 0 0 경기70아1592 3 38 204000065 122000287 36 
2020-12-21T16:18:53 0 0 경기70아1592 3 38 204000065 122000288 37 
2020-12-21T16:19:53 0 0 경기70아1592 3 38 204000065 122000288 37 
2020-12-21T16:20:53 0 0 경기70아1592 3 38 204000065 122000288 37 
2020-12-21T16:21:53 0 0 경기70아1592 3 38 204000065 122000258 38 
2020-12-21T16:22:53 0 0 경기70아1592 3 38 204000065 122000291 39 
2020-12-21T16:23:52 0 0 경기70아1592 3 38 204000065 122000291 39 
2020-12-21T16:24:52 0 0 경기70아1592 3 38 204000065 122000291 39 
2020-12-21T16:25:51 0 0 경기70아1592 3 38 204000065 122000291 39 
2020-12-21T16:26:51 0 0 경기70아1592 3 38 204000065 122000388 41 
2020-12-21T16:27:51 0 0 경기70아1592 3 38 204000065 122000386 42 
2020-12-21T16:28:50 0 0 경기70아1592 3 38 204000065 122000139 43 
2020-12-21T16:29:49 0 0 경기70아1592 3 39 204000065 122000139 43 
2020-12-21T16:30:49 0 0 경기70아1592 3 39 204000065 122000139 43 
2020-12-21T16:31:48 0 0 경기70아1592 3 39 204000065 122000094 44 
2020-12-21T16:32:48 0 0 경기70아1592 3 39 204000065 122000094 44 
2020-12-21T16:33:48 0 0 경기70아1592 3 39 204000065 122000089 45 
2020-12-21T16:34:48 0 0 경기70아1592 3 39 204000065 122000085 46 
2020-12-21T16:35:48 0 0 경기70아1592 3 39 204000065 122000066 48 
2020-12-21T16:36:48 0 0 경기70아1592 3 39 204000065 122000064 49 
2020-12-21T16:37:47 0 0 경기70아1592 3 39 204000065 122000064 49 
2020-12-21T16:38:47 0 0 경기70아1592 3 39 204000065 122000064 49 
2020-12-21T16:39:46 0 0 경기70아1592 3 39 204000065 122000559 50 
2020-12-21T16:40:46 0 0 경기70아1592 3 39 204000065 122000559 50 
2020-12-21T16:41:45 0 0 경기70아1592 3 39 204000065 122000078 51 
2020-12-21T16:42:45 0 0 경기70아1592 3 39 204000065 122000078 51 
2020-12-21T16:43:44 0 0 경기70아1592 3 39 204000065 122000079 52 
2020-12-21T16:44:43 0 0 경기70아1592 3 39 204000065 122000079 52 
2020-12-21T16:45:42 0 0 경기70아1592 3 39 204000065 122000079 52 
2020-12-21T16:46:41 0 0 경기70아1592 3 39 204000065 122000065 53 
2020-12-21T16:47:41 0 0 경기70아1592 3 39 204000065 122000637 54 
2020-12-21T16:48:41 0 0 경기70아1592 3 39 204000065 122000068 55 
2020-12-21T16:49:41 0 0 경기70아1592 3 39 204000065 122000086 56 
2020-12-21T16:50:40 0 0 경기70아1592 3 39 204000065 122000095 57 
2020-12-21T16:51:40 0 0 경기70아1592 3 39 204000065 122000095 57 
2020-12-21T16:52:40 0 0 경기70아1592 3 38 204000065 122000096 58 
2020-12-21T16:53:40 0 0 경기70아1592 3 38 204000065 122000330 59 
2020-12-21T16:54:39 0 0 경기70아1592 3 38 204000065 122000330 59 
2020-12-21T16:55:39 0 0 경기70아1592 3 38 204000065 122000142 60 
2020-12-21T16:56:38 0 0 경기70아1592 3 38 204000065 122000142 60 
2020-12-21T16:57:38 0 0 경기70아1592 3 38 204000065 122000142 60 
2020-12-21T16:58:38 0 0 경기70아1592 3 38 204000065 122000133 61 
2020-12-21T16:59:38 0 0 경기70아1592 3 38 204000065 122000256 62 
2020-12-21T17:00:38 0 0 경기70아1592 3 38 204000065 122000256 62 
2020-12-21T17:01:37 0 0 경기70아1592 3 38 204000065 122000257 63 
2020-12-21T17:02:36 0 0 경기70아1592 3 38 204000065 122000257 63 
2020-12-21T17:03:36 0 0 경기70아1592 3 38 204000065 122000257 63 
2020-12-21T17:04:35 0 0 경기70아1592 3 38 204000065 122000257 63 
2020-12-21T17:05:35 0 0 경기70아1592 3 38 204000065 122000257 63 
2020-12-21T17:06:34 0 0 경기70아1592 3 38 204000065 122000257 63 
2020-12-21T17:07:33 0 0 경기70아1592 3 33 204000065 122000285 65 
2020-12-21T17:08:33 0 0 경기70아1592 3 27 204000065 122000285 65 
2020-12-21T17:09:32 0 0 경기70아1592 3 27 204000065 122000285 65 
2020-12-21T17:10:32 0 0 경기70아1592 3 27 204000065 122000285 65 
2020-12-21T17:11:32 0 0 경기70아1592 3 27 204000065 122000285 65 
2020-12-21T17:12:31 0 0 경기70아1592 3 27 204000065 122000285 65 
2020-12-21T17:13:32 0 0 경기70아1592 3 27 204000065 277103420 66 
2020-12-21T17:14:31 0 0 경기70아1592 3 27 204000065 277103420 66 
2020-12-21T17:15:30 0 0 경기70아1592 3 27 204000065 277103420 66 
2020-12-21T17:16:30 0 0 경기70아1592 3 27 204000065 277103420 66 
2020-12-21T17:17:30 0 0 경기70아1592 3 27 204000065 277103420 66 
2020-12-21T17:18:30 0 0 경기70아1592 3 27 204000065 277103418 67 
2020-12-21T17:19:29 0 0 경기70아1592 3 27 204000065 277103418 67 
2020-12-21T17:20:29 0 0 경기70아1592 3 27 204000065 277103418 67 
2020-12-21T17:21:28 0 0 경기70아1592 3 27 204000065 277103418 67 
2020-12-21T17:22:27 0 0 경기70아1592 3 27 204000065 277103418 67 
2020-12-21T17:23:27 0 0 경기70아1592 3 27 204000065 277103418 67 
2020-12-21T17:24:27 0 0 경기70아1592 3 28 204000065 205000207 68 
2020-12-21T17:25:26 0 0 경기70아1592 3 31 204000065 205000207 68 
2020-12-21T17:26:26 0 0 경기70아1592 3 31 204000065 205000207 68 
2020-12-21T17:27:25 0 0 경기70아1592 3 31 204000065 205000207 68 
2020-12-21T17:28:25 0 0 경기70아1592 3 32 204000065 205000245 69 
2020-12-21T17:29:25 0 0 경기70아1592 3 32 204000065 205000245 69 
2020-12-21T17:30:24 0 0 경기70아1592 3 32 204000065 205000245 69 
2020-12-21T17:31:23 0 0 경기70아1592 3 34 204000065 206000157 71 
2020-12-21T17:32:23 0 0 경기70아1592 3 35 204000065 206000157 71 
2020-12-21T17:33:23 0 0 경기70아1592 3 35 204000065 206000157 71 
2020-12-21T17:34:23 0 0 경기70아1592 3 35 204000065 206000157 71 
2020-12-21T17:35:22 0 0 경기70아1592 3 35 204000065 206000054 73 
2020-12-21T17:36:22 0 0 경기70아1592 3 35 204000065 206000053 74 
2020-12-21T17:37:22 0 0 경기70아1592 3 35 204000065 206000053 74 
2020-12-21T17:38:21 0 0 경기70아1592 3 36 204000065 206000238 75 
2020-12-21T17:39:20 0 0 경기70아1592 3 36 204000065 206000238 75 
2020-12-21T17:40:20 0 0 경기70아1592 3 36 204000065 206000238 75 
2020-12-21T17:41:20 0 0 경기70아1592 3 36 204000065 206000052 77 
2020-12-21T17:42:19 0 0 경기70아1592 3 36 204000065 206000128 79 
2020-12-21T17:43:19 0 0 경기70아1592 3 36 204000065 206000128 79 
2020-12-21T17:44:19 0 0 경기70아1592 3 36 204000065 206000128 79 
2020-12-21T17:45:18 0 0 경기70아1592 3 36 204000065 206000050 80 
2020-12-21T17:46:18 0 0 경기70아1592 3 36 204000065 206000049 81 
2020-12-21T17:47:18 0 0 경기70아1592 3 37 204000065 206000047 83 
2020-12-21T17:48:18 0 0 경기70아1592 3 37 204000065 206000046 84 
2020-12-21T17:49:18 0 0 경기70아1592 3 37 204000065 206000045 85 
2020-12-21T17:50:18 0 0 경기70아1592 3 38 204000065 206000672 87 
2020-12-21T17:51:17 0 0 경기70아1592 3 38 204000065 206000672 87 
2020-12-21T17:52:16 0 0 경기70아1592 3 38 204000065 206000043 88 
2020-12-21T17:53:16 0 0 경기70아1592 3 38 204000065 206000178 89 
2020-12-21T17:54:16 0 0 경기70아1592 3 38 204000065 206000178 89 
2020-12-21T17:55:15 0 0 경기70아1592 3 38 204000065 206000178 89 
2020-12-21T17:56:15 0 0 경기70아1592 3 38 204000065 206000722 91 
2020-12-21T17:57:14 0 0 경기70아1592 3 38 204000065 206000722 91 
2020-12-21T17:58:15 0 0 경기70아1592 3 38 204000065 206000041 94 
2020-12-21T17:59:14 0 0 경기70아1592 3 38 204000065 206000171 95 
2020-12-21T19:03:50 0 0 경기70아1592 3 39 204000065 206000723 9 
2020-12-21T19:04:50 0 0 경기70아1592 3 39 204000065 206000723 9 
2020-12-21T19:05:50 0 0 경기70아1592 3 39 204000065 206000249 11 
2020-12-21T19:06:49 0 0 경기70아1592 3 39 204000065 206000038 13 
2020-12-21T19:07:48 0 0 경기70아1592 3 39 204000065 206000036 15 
2020-12-21T19:08:48 0 0 경기70아1592 3 39 204000065 206000034 17 
2020-12-21T19:09:48 0 0 경기70아1592 3 39 204000065 206000034 17 
2020-12-21T19:10:48 0 0 경기70아1592 3 39 204000065 206000033 18 
2020-12-21T19:11:48 0 0 경기70아1592 3 39 204000065 206000033 18 
2020-12-21T19:12:48 0 0 경기70아1592 3 39 204000065 206000030 21 
2020-12-21T19:13:47 0 0 경기70아1592 3 39 204000065 206000383 23 
2020-12-21T19:14:46 0 0 경기70아1592 3 39 204000065 206000317 25 
2020-12-21T19:15:46 0 0 경기70아1592 3 39 204000065 206000317 25 
2020-12-21T19:16:46 0 0 경기70아1592 3 39 204000065 206000027 27 
2020-12-21T19:17:45 0 0 경기70아1592 3 39 204000065 206000227 28 
2020-12-21T19:18:45 0 0 경기70아1592 3 39 204000065 206000227 28 
2020-12-21T19:19:45 0 0 경기70아1592 3 39 204000065 206000227 28 
2020-12-21T19:20:45 0 0 경기70아1592 3 39 204000065 206000226 29 
2020-12-21T19:21:44 0 0 경기70아1592 3 39 204000065 206000226 29 
2020-12-21T19:22:44 0 0 경기70아1592 3 39 204000065 206000784 30 
2020-12-21T19:23:44 0 0 경기70아1592 3 39 204000065 205000029 31 
2020-12-21T19:24:44 0 0 경기70아1592 3 39 204000065 205000029 31 
2020-12-21T19:25:44 0 0 경기70아1592 3 39 204000065 205000029 31 
2020-12-21T19:26:43 0 0 경기70아1592 3 39 204000065 205000029 31 
2020-12-21T19:27:42 0 0 경기70아1592 3 39 204000065 205000029 31 
2020-12-21T19:28:42 0 0 경기70아1592 3 39 204000065 205000069 32 
2020-12-21T19:29:41 0 0 경기70아1592 3 39 204000065 205000069 32 
2020-12-21T19:30:40 0 0 경기70아1592 3 39 204000065 277102622 33 
2020-12-21T19:31:40 0 0 경기70아1592 3 39 204000065 277102622 33 
2020-12-21T19:32:39 0 0 경기70아1592 3 39 204000065 277102622 33 
2020-12-21T19:33:39 0 0 경기70아1592 3 39 204000065 277102622 33 
2020-12-21T19:34:39 0 0 경기70아1592 3 39 204000065 277103419 34 
2020-12-21T19:35:38 0 0 경기70아1592 3 39 204000065 277103419 34 
2020-12-21T19:36:38 0 0 경기70아1592 3 39 204000065 277103419 34 
2020-12-21T19:37:38 0 0 경기70아1592 3 39 204000065 277103421 35 
2020-12-21T19:38:37 0 0 경기70아1592 3 39 204000065 277103421 35 
2020-12-21T19:39:37 0 0 경기70아1592 3 39 204000065 122000287 36 
2020-12-21T19:40:36 0 0 경기70아1592 3 39 204000065 122000288 37 
2020-12-21T19:41:35 0 0 경기70아1592 3 39 204000065 122000258 38 
2020-12-21T19:42:35 0 0 경기70아1592 3 39 204000065 122000258 38 
2020-12-21T19:43:34 0 0 경기70아1592 3 39 204000065 122000291 39 
2020-12-21T19:44:34 0 0 경기70아1592 3 39 204000065 122000291 39 
2020-12-21T19:45:33 0 0 경기70아1592 3 39 204000065 122000137 40 
2020-12-21T19:46:32 0 0 경기70아1592 3 39 204000065 122000386 42 
2020-12-21T19:47:31 0 0 경기70아1592 3 39 204000065 122000386 42 
2020-12-21T19:48:31 0 0 경기70아1592 3 39 204000065 122000139 43 
2020-12-21T19:49:31 0 0 경기70아1592 3 39 204000065 122000139 43 
2020-12-21T19:50:31 0 0 경기70아1592 3 39 204000065 122000139 43 
2020-12-21T19:51:30 0 0 경기70아1592 3 39 204000065 122000094 44 
2020-12-21T19:52:30 0 0 경기70아1592 3 39 204000065 122000089 45 
2020-12-21T19:53:29 0 0 경기70아1592 3 39 204000065 122000085 46 
2020-12-21T19:54:29 0 0 경기70아1592 3 39 204000065 122000085 46 
2020-12-21T19:55:29 0 0 경기70아1592 3 39 204000065 122000066 48 
2020-12-21T19:56:29 0 0 경기70아1592 3 39 204000065 122000064 49 
2020-12-21T19:57:28 0 0 경기70아1592 3 39 204000065 122000064 49 
2020-12-21T19:58:27 0 0 경기70아1592 3 39 204000065 122000064 49 
2020-12-21T19:59:26 0 0 경기70아1592 3 38 204000065 122000559 50 
2020-12-21T20:00:26 0 0 경기70아1592 3 38 204000065 122000559 50 
2020-12-21T20:01:26 0 0 경기70아1592 3 38 204000065 122000559 50 
2020-12-21T20:02:25 0 0 경기70아1592 3 38 204000065 122000078 51 
2020-12-21T20:03:25 0 0 경기70아1592 3 38 204000065 122000078 51 
2020-12-21T20:04:25 0 0 경기70아1592 3 38 204000065 122000079 52 
2020-12-21T20:05:25 0 0 경기70아1592 3 38 204000065 122000079 52 
2020-12-21T20:06:24 0 0 경기70아1592 3 38 204000065 122000065 53 
2020-12-21T20:07:24 0 0 경기70아1592 3 37 204000065 122000637 54 
2020-12-21T20:08:24 0 0 경기70아1592 3 37 204000065 122000068 55 
2020-12-21T20:09:23 0 0 경기70아1592 3 37 204000065 122000086 56 
2020-12-21T20:10:23 0 0 경기70아1592 3 37 204000065 122000086 56 
2020-12-21T20:11:22 0 0 경기70아1592 3 37 204000065 122000086 56 
2020-12-21T20:12:22 0 0 경기70아1592 3 37 204000065 122000095 57 
2020-12-21T20:13:22 0 0 경기70아1592 3 37 204000065 122000096 58 
2020-12-21T20:14:22 0 0 경기70아1592 3 36 204000065 122000096 58 
2020-12-21T20:15:22 0 0 경기70아1592 3 34 204000065 122000330 59 
2020-12-21T20:16:21 0 0 경기70아1592 3 34 204000065 122000330 59 
2020-12-21T20:17:21 0 0 경기70아1592 3 34 204000065 122000142 60 
2020-12-21T20:18:21 0 0 경기70아1592 3 34 204000065 122000133 61 
2020-12-21T20:19:20 0 0 경기70아1592 3 34 204000065 122000133 61 
2020-12-21T20:20:19 0 0 경기70아1592 3 34 204000065 122000256 62 
2020-12-21T20:21:19 0 0 경기70아1592 3 34 204000065 122000257 63 
2020-12-21T20:22:19 0 0 경기70아1592 3 34 204000065 122000257 63 
2020-12-21T20:23:18 0 0 경기70아1592 3 34 204000065 122000257 63 
2020-12-21T20:24:17 0 0 경기70아1592 3 33 204000065 122000285 65 
2020-12-21T20:25:17 0 0 경기70아1592 3 31 204000065 122000285 65 
2020-12-21T20:26:16 0 0 경기70아1592 3 31 204000065 277103420 66 
2020-12-21T20:27:16 0 0 경기70아1592 3 31 204000065 277103420 66 
2020-12-21T20:28:16 0 0 경기70아1592 3 31 204000065 277103420 66 
2020-12-21T20:29:16 0 0 경기70아1592 3 31 204000065 277103420 66 
2020-12-21T20:30:15 0 0 경기70아1592 3 31 204000065 277103418 67 
2020-12-21T20:31:15 0 0 경기70아1592 3 31 204000065 277103418 67 
2020-12-21T20:32:14 0 0 경기70아1592 3 31 204000065 277103418 67 
2020-12-21T20:33:14 0 0 경기70아1592 3 31 204000065 277103418 67 
2020-12-21T20:34:13 0 0 경기70아1592 3 31 204000065 277103418 67 
2020-12-21T20:35:13 0 0 경기70아1592 3 31 204000065 277103418 67 
2020-12-21T20:36:13 0 0 경기70아1592 3 33 204000065 205000207 68 
2020-12-21T20:37:12 0 0 경기70아1592 3 34 204000065 205000207 68 
2020-12-21T20:38:12 0 0 경기70아1592 3 34 204000065 205000207 68 
2020-12-21T20:39:12 0 0 경기70아1592 3 34 204000065 205000207 68 
2020-12-21T20:40:12 0 0 경기70아1592 3 34 204000065 206000361 70 
2020-12-21T20:41:11 0 0 경기70아1592 3 34 204000065 206000361 70 
2020-12-21T20:42:11 0 0 경기70아1592 3 34 204000065 206000361 70 
2020-12-21T20:43:10 0 0 경기70아1592 3 35 204000065 206000157 71 
2020-12-21T20:44:10 0 0 경기70아1592 3 35 204000065 206000055 72 
2020-12-21T20:45:10 0 0 경기70아1592 3 36 204000065 206000053 74 
2020-12-21T20:46:10 0 0 경기70아1592 3 36 204000065 206000053 74 
2020-12-21T20:47:10 0 0 경기70아1592 3 36 204000065 206000053 74 
2020-12-21T20:48:09 0 0 경기70아1592 3 36 204000065 206000238 75 
2020-12-21T20:49:08 0 0 경기70아1592 3 36 204000065 206000238 75 
2020-12-21T20:50:08 0 0 경기70아1592 3 36 204000065 206000052 77 
2020-12-21T20:51:08 0 0 경기70아1592 3 38 204000065 206000051 78 
2020-12-21T20:52:07 0 0 경기70아1592 3 39 204000065 206000050 80 
2020-12-21T20:53:07 0 0 경기70아1592 3 39 204000065 206000047 83 
2020-12-21T20:54:06 0 0 경기70아1592 3 39 204000065 206000672 87 
2020-12-21T20:55:07 0 0 경기70아1592 3 39 204000065 206000043 88 
2020-12-21T20:56:05 0 0 경기70아1592 3 39 204000065 206000178 89 
2020-12-21T20:57:05 0 0 경기70아1592 3 39 204000065 206000178 89 
2020-12-21T20:58:04 0 0 경기70아1592 3 39 204000065 206000724 90 
2020-12-21T20:59:04 0 0 경기70아1592 3 39 204000065 206000722 91 
2020-12-21T21:00:04 0 0 경기70아1592 3 39 204000065 206000711 93 
2020-12-21T21:01:03 0 0 경기70아1592 3 39 204000065 206000041 94 
2020-12-21T21:02:02 0 0 경기70아1592 3 39 204000065 206000171 95 
2020-12-21T21:03:02 0 0 경기70아1592 3 39 204000065 206000171 95 
2020-12-21T21:04:01 0 0 경기70아1592 3 39 204000065 206000171 95 
2020-12-21T21:05:01 0 0 경기70아1592 3 39 204000065 206000171 95 
2020-12-21T21:06:02 0 0 경기70아1592 3 39 204000065 206000171 95 
2020-12-21T21:07:00 0 0 경기70아1592 3 39 204000065 206000171 95 
2020-12-21T21:08:00 0 0 경기70아1592 3 39 204000065 206000171 95 
2020-12-21T21:08:59 0 0 경기70아1592 3 39 204000065 206000171 95 
2020-12-21T21:09:59 0 0 경기70아1592 3 39 204000065 206000171 95 
2020-12-21T21:10:59 0 0 경기70아1592 3 39 204000065 206000171 95 
2020-12-21T21:11:59 0 0 경기70아1592 3 39 204000065 206000171 95 
2020-12-21T21:12:59 0 0 경기70아1592 3 39 204000065 206000171 95 
2020-12-21T21:13:59 0 0 경기70아1592 3 39 204000065 206000171 95 
2020-12-21T21:14:58 0 0 경기70아1592 3 39 204000065 206000171 95 
2020-12-21T21:15:58 0 0 경기70아1592 3 39 204000065 206000171 95 
2020-12-21T21:16:57 0 0 경기70아1592 3 39 204000065 206000171 95 
2020-12-21T21:55:45 0 0 경기70아1592 3 39 204000065 206000405 4 
2020-12-21T21:56:45 0 0 경기70아1592 3 39 204000065 206000334 5 
2020-12-21T21:57:45 0 0 경기70아1592 3 39 204000065 206000710 6 
2020-12-21T21:58:44 0 0 경기70아1592 3 39 204000065 206000714 7 
2020-12-21T21:59:44 0 0 경기70아1592 3 39 204000065 206000721 8 
2020-12-21T22:00:44 0 0 경기70아1592 3 39 204000065 206000723 9 
2020-12-21T22:01:44 0 0 경기70아1592 3 39 204000065 206000723 9 
2020-12-21T22:02:44 0 0 경기70아1592 3 39 204000065 206000249 11 
2020-12-21T22:03:44 0 0 경기70아1592 3 39 204000065 206000037 14 
2020-12-21T22:04:43 0 0 경기70아1592 3 39 204000065 206000035 16 
2020-12-21T22:05:43 0 0 경기70아1592 3 39 204000065 206000033 18 
2020-12-21T22:06:43 0 0 경기70아1592 3 38 204000065 206000031 20 
2020-12-21T22:07:43 0 0 경기70아1592 3 38 204000065 206000318 24 
2020-12-21T22:08:42 0 0 경기70아1592 3 36 204000065 206000317 25 
2020-12-21T22:09:42 0 0 경기70아1592 3 36 204000065 206000317 25 
2020-12-21T22:10:41 0 0 경기70아1592 3 36 204000065 206000027 27 
2020-12-21T22:11:41 0 0 경기70아1592 3 36 204000065 206000227 28 
2020-12-21T22:12:41 0 0 경기70아1592 3 36 204000065 206000227 28 
2020-12-21T22:13:40 0 0 경기70아1592 3 36 204000065 206000226 29 
2020-12-21T22:14:40 0 0 경기70아1592 3 36 204000065 206000226 29 
2020-12-21T22:15:39 0 0 경기70아1592 3 36 204000065 206000784 30 
2020-12-21T22:16:39 0 0 경기70아1592 3 37 204000065 205000029 31 
2020-12-21T22:17:39 0 0 경기70아1592 3 37 204000065 205000029 31 
2020-12-21T22:18:38 0 0 경기70아1592 3 37 204000065 205000029 31 
2020-12-21T22:19:38 0 0 경기70아1592 3 37 204000065 205000029 31 
2020-12-21T22:20:38 0 0 경기70아1592 3 37 204000065 205000029 31 
2020-12-21T22:21:37 0 0 경기70아1592 3 37 204000065 205000069 32 
2020-12-21T22:22:37 0 0 경기70아1592 3 37 204000065 205000069 32 
2020-12-21T22:23:37 0 0 경기70아1592 3 37 204000065 277102622 33 
2020-12-21T22:24:36 0 0 경기70아1592 3 37 204000065 277102622 33 
2020-12-21T22:25:36 0 0 경기70아1592 3 37 204000065 277102622 33 
2020-12-21T22:26:36 0 0 경기70아1592 3 37 204000065 277103419 34 
2020-12-21T22:27:35 0 0 경기70아1592 3 37 204000065 277103419 34 
2020-12-21T22:28:34 0 0 경기70아1592 3 37 204000065 277103419 34 
2020-12-21T22:29:33 0 0 경기70아1592 3 37 204000065 277103421 35 
2020-12-21T22:30:33 0 0 경기70아1592 3 37 204000065 122000288 37 
2020-12-21T22:31:33 0 0 경기70아1592 3 37 204000065 122000288 37 
2020-12-21T22:32:32 0 0 경기70아1592 3 37 204000065 122000291 39 
2020-12-21T22:33:32 0 0 경기70아1592 3 37 204000065 122000291 39 
2020-12-21T22:34:31 0 0 경기70아1592 3 37 204000065 122000291 39 
2020-12-21T22:35:30 0 0 경기70아1592 3 37 204000065 122000386 42 
2020-12-21T22:36:30 0 0 경기70아1592 3 38 204000065 122000139 43 
2020-12-21T22:37:30 0 0 경기70아1592 3 39 204000065 122000139 43 
2020-12-21T22:38:29 0 0 경기70아1592 3 39 204000065 122000094 44 
2020-12-21T22:39:28 0 0 경기70아1592 3 39 204000065 122000069 47 
2020-12-21T22:40:28 0 0 경기70아1592 3 39 204000065 122000066 48 
2020-12-21T22:41:28 0 0 경기70아1592 3 39 204000065 122000066 48 
2020-12-21T22:42:27 0 0 경기70아1592 3 39 204000065 122000064 49 
2020-12-21T22:43:27 0 0 경기70아1592 3 39 204000065 122000559 50 
2020-12-21T22:44:27 0 0 경기70아1592 3 39 204000065 122000078 51 
2020-12-21T22:45:26 0 0 경기70아1592 3 39 204000065 122000078 51 
2020-12-21T22:46:26 0 0 경기70아1592 3 39 204000065 122000079 52 
2020-12-21T22:47:26 0 0 경기70아1592 3 39 204000065 122000065 53 
2020-12-21T22:48:25 0 0 경기70아1592 3 39 204000065 122000065 53 
2020-12-21T22:49:25 0 0 경기70아1592 3 39 204000065 122000068 55 
2020-12-21T22:50:25 0 0 경기70아1592 3 39 204000065 122000068 55 
2020-12-21T22:51:24 0 0 경기70아1592 3 39 204000065 122000086 56 
2020-12-21T22:52:24 0 0 경기70아1592 3 39 204000065 122000086 56 
2020-12-21T22:53:24 0 0 경기70아1592 3 39 204000065 122000095 57 
2020-12-21T22:54:23 0 0 경기70아1592 3 39 204000065 122000096 58 
2020-12-21T22:55:23 0 0 경기70아1592 3 39 204000065 122000142 60 
2020-12-21T22:56:23 0 0 경기70아1592 3 39 204000065 122000142 60 
2020-12-21T22:57:23 0 0 경기70아1592 3 39 204000065 122000133 61 
2020-12-21T22:58:22 0 0 경기70아1592 3 39 204000065 122000133 61 
2020-12-21T22:59:22 0 0 경기70아1592 3 39 204000065 122000257 63 
2020-12-21T23:00:22 0 0 경기70아1592 3 39 204000065 122000257 63 
2020-12-21T23:01:21 0 0 경기70아1592 3 39 204000065 122000257 63 
2020-12-21T23:02:21 0 0 경기70아1592 3 39 204000065 122000285 65 
2020-12-21T23:03:21 0 0 경기70아1592 3 39 204000065 122000285 65 
2020-12-21T23:04:21 0 0 경기70아1592 3 39 204000065 277103420 66 
2020-12-21T23:05:20 0 0 경기70아1592 3 39 204000065 277103420 66 
2020-12-21T23:06:20 0 0 경기70아1592 3 39 204000065 277103418 67 
2020-12-21T23:07:19 0 0 경기70아1592 3 39 204000065 277103418 67 
2020-12-21T23:08:19 0 0 경기70아1592 3 39 204000065 277103418 67 
2020-12-21T23:09:19 0 0 경기70아1592 3 39 204000065 277103418 67 
2020-12-21T23:10:19 0 0 경기70아1592 3 39 204000065 277103418 67 
2020-12-21T23:11:19 0 0 경기70아1592 3 39 204000065 277103418 67 
2020-12-21T23:12:19 0 0 경기70아1592 3 39 204000065 205000207 68 
2020-12-21T23:13:19 0 0 경기70아1592 3 39 204000065 205000207 68 
2020-12-21T23:14:18 0 0 경기70아1592 3 39 204000065 205000207 68 
2020-12-21T23:15:18 0 0 경기70아1592 3 39 204000065 205000207 68 
2020-12-21T23:16:18 0 0 경기70아1592 3 39 204000065 206000157 71 
2020-12-21T23:17:17 0 0 경기70아1592 3 38 204000065 206000157 71 
2020-12-21T23:18:17 0 0 경기70아1592 3 38 204000065 206000157 71 
2020-12-21T23:19:16 0 0 경기70아1592 3 38 204000065 206000157 71 
2020-12-21T23:20:16 0 0 경기70아1592 3 38 204000065 206000053 74 
2020-12-21T23:21:16 0 0 경기70아1592 3 38 204000065 206000053 74 
2020-12-21T23:22:15 0 0 경기70아1592 3 38 204000065 206000053 74 
2020-12-21T23:23:15 0 0 경기70아1592 3 39 204000065 206000238 75 
2020-12-21T23:24:15 0 0 경기70아1592 3 39 204000065 206000238 75 
2020-12-21T23:25:14 0 0 경기70아1592 3 39 204000065 206000238 75 
2020-12-21T23:26:14 0 0 경기70아1592 3 39 204000065 206000052 77 
2020-12-21T23:27:14 0 0 경기70아1592 3 39 204000065 206000128 79 
2020-12-21T23:28:13 0 0 경기70아1592 3 39 204000065 206000049 81 
2020-12-21T23:29:13 0 0 경기70아1592 3 39 204000065 206000045 85 
2020-12-21T23:30:13 0 0 경기70아1592 3 39 204000065 206000672 87 
2020-12-21T23:31:13 0 0 경기70아1592 3 39 204000065 206000043 88 
2020-12-21T23:32:12 0 0 경기70아1592 3 39 204000065 206000178 89 
2020-12-21T23:33:12 0 0 경기70아1592 3 39 204000065 206000724 90 
2020-12-21T23:34:11 0 0 경기70아1592 3 39 204000065 206000722 91 
2020-12-21T23:35:11 0 0 경기70아1592 3 39 204000065 206000722 91 
2020-12-21T23:36:10 0 0 경기70아1592 3 39 204000065 206000041 94 
2020-12-21T23:37:10 0 0 경기70아1592 3 39 204000065 206000041 94 
2020-12-21T23:38:10 0 0 경기70아1592 3 39 204000065 206000171 95 
2020-12-21T23:39:09 0 0 경기70아1592 3 39 204000065 206000171 95 
2020-12-21T23:40:09 0 0 경기70아1592 3 39 204000065 206000171 95 
2020-12-21T23:41:09 0 0 경기70아1592 3 39 204000065 206000171 95 
2020-12-21T23:42:09 0 0 경기70아1592 3 39 204000065 206000171 95 
2020-12-21T23:43:09 0 0 경기70아1592 3 39 204000065 206000171 95 
2020-12-21T23:44:08 0 0 경기70아1592 3 39 204000065 206000171 95 
2020-12-21T23:45:08 0 0 경기70아1592 3 39 204000065 206000171 95 
2020-12-21T23:46:08 0 0 경기70아1592 3 39 204000065 206000171 95 
2020-12-21T23:47:08 0 0 경기70아1592 3 39 204000065 206000171 95 
2020-12-21T23:48:08 0 0 경기70아1592 3 39 204000065 206000171 95 
2020-12-21T23:49:08 0 0 경기70아1592 3 39 204000065 206000171 95 
2020-12-21T23:50:07 0 0 경기70아1592 3 39 204000065 206000171 95 
2020-12-21T23:51:07 0 0 경기70아1592 3 39 204000065 206000171 95 
2020-12-21T23:52:07 0 0 경기70아1592 3 39 204000065 206000171 95 
