204000065 2020-12-03T23:33:31.394005+09:00
2020-12-04T06:55:12 0 0 경기70아1592 3 39 204000065 277102558 2 
2020-12-04T06:56:12 0 0 경기70아1592 3 39 204000065 277102558 2 
2020-12-04T06:57:11 0 0 경기70아1592 3 39 204000065 277102470 3 
2020-12-04T06:58:11 0 0 경기70아1592 3 39 204000065 277102470 3 
2020-12-04T06:59:10 0 0 경기70아1592 3 39 204000065 206000405 4 
2020-12-04T07:00:09 0 0 경기70아1592 3 38 204000065 206000334 5 
2020-12-04T07:01:09 0 0 경기70아1592 3 38 204000065 206000714 7 
2020-12-04T07:02:09 0 0 경기70아1592 3 37 204000065 206000714 7 
2020-12-04T07:03:09 0 0 경기70아1592 3 37 204000065 206000714 7 
2020-12-04T07:04:08 0 0 경기70아1592 3 37 204000065 206000723 9 
2020-12-04T07:05:08 0 0 경기70아1592 3 37 204000065 206000327 10 
2020-12-04T07:06:08 0 0 경기70아1592 3 37 204000065 206000038 13 
2020-12-04T07:07:07 0 0 경기70아1592 3 35 204000065 206000036 15 
2020-12-04T07:08:07 0 0 경기70아1592 3 35 204000065 206000035 16 
2020-12-04T07:09:06 0 0 경기70아1592 3 33 204000065 206000034 17 
2020-12-04T07:10:05 0 0 경기70아1592 3 33 204000065 206000033 18 
2020-12-04T07:11:04 0 0 경기70아1592 3 33 204000065 206000033 18 
2020-12-04T07:12:04 0 0 경기70아1592 3 33 204000065 206000032 19 
2020-12-04T07:13:04 0 0 경기70아1592 3 32 204000065 206000030 21 
2020-12-04T07:14:04 0 0 경기70아1592 3 31 204000065 206000030 21 
2020-12-04T07:15:03 0 0 경기70아1592 3 31 204000065 206000030 21 
2020-12-04T07:16:02 0 0 경기70아1592 3 31 204000065 206000029 22 
2020-12-04T07:17:03 0 0 경기70아1592 3 29 204000065 206000383 23 
2020-12-04T07:18:02 0 0 경기70아1592 3 26 204000065 206000318 24 
2020-12-04T07:19:01 0 0 경기70아1592 3 26 204000065 206000318 24 
2020-12-04T07:20:00 0 0 경기70아1592 3 26 204000065 206000317 25 
2020-12-04T07:21:00 0 0 경기70아1592 3 26 204000065 206000027 27 
2020-12-04T07:22:00 0 0 경기70아1592 3 26 204000065 206000027 27 
2020-12-04T07:22:59 0 0 경기70아1592 3 26 204000065 206000027 27 
2020-12-04T07:23:59 0 0 경기70아1592 3 26 204000065 206000226 29 
2020-12-04T07:24:59 0 0 경기70아1592 3 26 204000065 206000226 29 
2020-12-04T07:25:58 0 0 경기70아1592 3 25 204000065 206000784 30 
2020-12-04T07:26:58 0 0 경기70아1592 3 25 204000065 206000784 30 
2020-12-04T07:27:57 0 0 경기70아1592 3 25 204000065 205000029 31 
2020-12-04T07:28:57 0 0 경기70아1592 3 23 204000065 205000029 31 
2020-12-04T07:29:57 0 0 경기70아1592 3 23 204000065 205000029 31 
2020-12-04T07:30:56 0 0 경기70아1592 3 23 204000065 205000029 31 
2020-12-04T07:31:56 0 0 경기70아1592 3 23 204000065 205000029 31 
2020-12-04T07:32:55 0 0 경기70아1592 3 20 204000065 205000069 32 
2020-12-04T07:33:55 0 0 경기70아1592 3 20 204000065 205000069 32 
2020-12-04T07:34:54 0 0 경기70아1592 3 20 204000065 205000069 32 
2020-12-04T07:35:54 0 0 경기70아1592 3 20 204000065 205000069 32 
2020-12-04T07:36:54 0 0 경기70아1592 3 20 204000065 277102622 33 
2020-12-04T07:37:53 0 0 경기70아1592 3 20 204000065 277102622 33 
2020-12-04T07:38:53 0 0 경기70아1592 3 20 204000065 277102622 33 
2020-12-04T07:39:52 0 0 경기70아1592 3 20 204000065 277102622 33 
2020-12-04T07:40:52 0 0 경기70아1592 3 20 204000065 277103419 34 
2020-12-04T07:41:51 0 0 경기70아1592 3 20 204000065 277103419 34 
2020-12-04T07:42:50 0 0 경기70아1592 3 20 204000065 277103419 34 
2020-12-04T07:43:50 0 0 경기70아1592 3 20 204000065 277103419 34 
2020-12-04T07:44:49 0 0 경기70아1592 3 20 204000065 277103419 34 
2020-12-04T07:45:49 0 0 경기70아1592 3 20 204000065 277103419 34 
2020-12-04T07:46:48 0 0 경기70아1592 3 20 204000065 277103419 34 
2020-12-04T07:47:47 0 0 경기70아1592 3 20 204000065 277103419 34 
2020-12-04T07:48:46 0 0 경기70아1592 3 20 204000065 277103419 34 
2020-12-04T07:49:47 0 0 경기70아1592 3 20 204000065 277103419 34 
2020-12-04T07:50:46 0 0 경기70아1592 3 20 204000065 277103419 34 
2020-12-04T07:51:46 0 0 경기70아1592 3 20 204000065 277103419 34 
2020-12-04T07:52:45 0 0 경기70아1592 3 20 204000065 277103419 34 
2020-12-04T07:53:45 0 0 경기70아1592 3 20 204000065 277103421 35 
2020-12-04T07:54:45 0 0 경기70아1592 3 20 204000065 277103421 35 
2020-12-04T07:55:44 0 0 경기70아1592 3 20 204000065 122000287 36 
2020-12-04T07:56:44 0 0 경기70아1592 3 21 204000065 122000288 37 
2020-12-04T07:57:43 0 0 경기70아1592 3 21 204000065 122000258 38 
2020-12-04T07:58:43 0 0 경기70아1592 3 21 204000065 122000291 39 
2020-12-04T07:59:42 0 0 경기70아1592 3 21 204000065 122000291 39 
2020-12-04T08:00:42 0 0 경기70아1592 3 21 204000065 122000291 39 
2020-12-04T08:01:41 0 0 경기70아1592 3 21 204000065 122000291 39 
2020-12-04T08:02:41 0 0 경기70아1592 3 21 204000065 122000137 40 
2020-12-04T08:03:40 0 0 경기70아1592 3 21 204000065 122000137 40 
2020-12-04T08:04:40 0 0 경기70아1592 3 21 204000065 122000137 40 
2020-12-04T08:05:39 0 0 경기70아1592 3 21 204000065 122000137 40 
2020-12-04T08:06:39 0 0 경기70아1592 3 21 204000065 122000388 41 
2020-12-04T08:07:39 0 0 경기70아1592 3 21 204000065 122000139 43 
2020-12-04T08:08:38 0 0 경기70아1592 3 22 204000065 122000139 43 
2020-12-04T08:09:37 0 0 경기70아1592 3 23 204000065 122000139 43 
2020-12-04T08:10:37 0 0 경기70아1592 3 24 204000065 122000094 44 
2020-12-04T08:11:36 0 0 경기70아1592 3 24 204000065 122000094 44 
2020-12-04T08:12:36 0 0 경기70아1592 3 28 204000065 122000089 45 
2020-12-04T08:13:35 0 0 경기70아1592 3 31 204000065 122000085 46 
2020-12-04T08:14:35 0 0 경기70아1592 3 31 204000065 122000069 47 
2020-12-04T08:15:34 0 0 경기70아1592 3 32 204000065 122000066 48 
2020-12-04T08:16:33 0 0 경기70아1592 3 32 204000065 122000066 48 
2020-12-04T08:17:33 0 0 경기70아1592 3 32 204000065 122000066 48 
2020-12-04T08:18:32 0 0 경기70아1592 3 32 204000065 122000066 48 
2020-12-04T08:19:31 0 0 경기70아1592 3 34 204000065 122000064 49 
2020-12-04T08:20:31 0 0 경기70아1592 3 34 204000065 122000064 49 
2020-12-04T08:21:30 0 0 경기70아1592 3 34 204000065 122000559 50 
2020-12-04T08:22:30 0 0 경기70아1592 3 35 204000065 122000078 51 
2020-12-04T08:23:30 0 0 경기70아1592 3 35 204000065 122000078 51 
2020-12-04T08:24:28 0 0 경기70아1592 3 36 204000065 122000079 52 
2020-12-04T08:25:28 0 0 경기70아1592 3 36 204000065 122000079 52 
2020-12-04T08:26:28 0 0 경기70아1592 3 36 204000065 122000079 52 
2020-12-04T08:27:28 0 0 경기70아1592 3 36 204000065 122000079 52 
2020-12-04T08:28:27 0 0 경기70아1592 3 36 204000065 122000065 53 
2020-12-04T08:29:27 0 0 경기70아1592 3 37 204000065 122000637 54 
2020-12-04T08:30:26 0 0 경기70아1592 3 37 204000065 122000068 55 
2020-12-04T08:31:26 0 0 경기70아1592 3 37 204000065 122000068 55 
2020-12-04T08:32:26 0 0 경기70아1592 3 37 204000065 122000086 56 
2020-12-04T08:33:25 0 0 경기70아1592 3 37 204000065 122000095 57 
2020-12-04T08:34:24 0 0 경기70아1592 3 37 204000065 122000096 58 
2020-12-04T08:35:24 0 0 경기70아1592 3 37 204000065 122000096 58 
2020-12-04T08:36:23 0 0 경기70아1592 3 37 204000065 122000096 58 
2020-12-04T08:37:22 0 0 경기70아1592 3 38 204000065 122000330 59 
2020-12-04T08:38:21 0 0 경기70아1592 3 38 204000065 122000330 59 
2020-12-04T08:39:21 0 0 경기70아1592 3 38 204000065 122000142 60 
2020-12-04T08:40:20 0 0 경기70아1592 3 38 204000065 122000142 60 
2020-12-04T08:41:19 0 0 경기70아1592 3 38 204000065 122000133 61 
2020-12-04T08:42:18 0 0 경기70아1592 3 38 204000065 122000256 62 
2020-12-04T08:43:17 0 0 경기70아1592 3 38 204000065 122000257 63 
2020-12-04T08:44:17 0 0 경기70아1592 3 38 204000065 122000257 63 
2020-12-04T08:45:17 0 0 경기70아1592 3 38 204000065 122000257 63 
2020-12-04T08:46:16 0 0 경기70아1592 3 38 204000065 122000285 65 
2020-12-04T08:47:16 0 0 경기70아1592 3 38 204000065 122000285 65 
2020-12-04T08:48:15 0 0 경기70아1592 3 38 204000065 277103420 66 
2020-12-04T08:49:15 0 0 경기70아1592 3 38 204000065 277103420 66 
2020-12-04T08:50:14 0 0 경기70아1592 3 38 204000065 277103420 66 
2020-12-04T08:51:14 0 0 경기70아1592 3 38 204000065 277103418 67 
2020-12-04T08:52:13 0 0 경기70아1592 3 38 204000065 277103418 67 
2020-12-04T08:53:12 0 0 경기70아1592 3 38 204000065 277103418 67 
2020-12-04T08:54:11 0 0 경기70아1592 3 39 204000065 277103418 67 
2020-12-04T08:55:11 0 0 경기70아1592 3 39 204000065 277103418 67 
2020-12-04T08:56:10 0 0 경기70아1592 3 39 204000065 277103418 67 
2020-12-04T08:57:10 0 0 경기70아1592 3 39 204000065 205000207 68 
2020-12-04T08:58:09 0 0 경기70아1592 3 39 204000065 205000207 68 
2020-12-04T08:59:08 0 0 경기70아1592 3 39 204000065 205000207 68 
2020-12-04T09:00:08 0 0 경기70아1592 3 39 204000065 205000207 68 
2020-12-04T09:01:07 0 0 경기70아1592 3 39 204000065 205000245 69 
2020-12-04T09:02:07 0 0 경기70아1592 3 39 204000065 205000245 69 
2020-12-04T09:03:06 0 0 경기70아1592 3 39 204000065 205000245 69 
2020-12-04T09:04:06 0 0 경기70아1592 3 39 204000065 206000157 71 
2020-12-04T09:05:05 0 0 경기70아1592 3 39 204000065 206000055 72 
2020-12-04T09:06:05 0 0 경기70아1592 3 38 204000065 206000054 73 
2020-12-04T09:07:04 0 0 경기70아1592 3 38 204000065 206000054 73 
2020-12-04T09:08:04 0 0 경기70아1592 3 38 204000065 206000053 74 
2020-12-04T09:09:04 0 0 경기70아1592 3 38 204000065 206000053 74 
2020-12-04T09:10:03 0 0 경기70아1592 3 38 204000065 206000053 74 
2020-12-04T09:11:02 0 0 경기70아1592 3 38 204000065 206000238 75 
2020-12-04T09:12:01 0 0 경기70아1592 3 38 204000065 206000237 76 
2020-12-04T09:13:01 0 0 경기70아1592 3 38 204000065 206000237 76 
2020-12-04T09:14:00 0 0 경기70아1592 3 38 204000065 206000052 77 
2020-12-04T09:15:00 0 0 경기70아1592 3 38 204000065 206000128 79 
2020-12-04T09:16:00 0 0 경기70아1592 3 38 204000065 206000049 81 
2020-12-04T09:17:00 0 0 경기70아1592 3 38 204000065 206000047 83 
2020-12-04T09:17:59 0 0 경기70아1592 3 38 204000065 206000672 87 
2020-12-04T09:18:59 0 0 경기70아1592 3 38 204000065 206000043 88 
2020-12-04T09:19:59 0 0 경기70아1592 3 38 204000065 206000178 89 
2020-12-04T09:20:58 0 0 경기70아1592 3 38 204000065 206000178 89 
2020-12-04T09:21:58 0 0 경기70아1592 3 39 204000065 206000724 90 
2020-12-04T09:22:57 0 0 경기70아1592 3 39 204000065 206000724 90 
2020-12-04T09:23:57 0 0 경기70아1592 3 39 204000065 206000722 91 
2020-12-04T09:24:56 0 0 경기70아1592 3 39 204000065 206000722 91 
2020-12-04T09:25:56 0 0 경기70아1592 3 39 204000065 206000711 93 
2020-12-04T09:26:55 0 0 경기70아1592 3 39 204000065 206000041 94 
2020-12-04T09:27:54 0 0 경기70아1592 3 39 204000065 206000041 94 
2020-12-04T09:28:53 0 0 경기70아1592 3 39 204000065 206000171 95 
2020-12-04T10:56:08 0 0 경기70아1592 3 39 204000065 277102558 2 
2020-12-04T10:57:08 0 0 경기70아1592 3 39 204000065 277102470 3 
2020-12-04T10:58:06 0 0 경기70아1592 3 39 204000065 277102470 3 
2020-12-04T10:59:05 0 0 경기70아1592 3 39 204000065 206000405 4 
2020-12-04T11:00:06 0 0 경기70아1592 3 39 204000065 206000334 5 
2020-12-04T11:01:05 0 0 경기70아1592 3 39 204000065 206000710 6 
2020-12-04T11:02:04 0 0 경기70아1592 3 39 204000065 206000714 7 
2020-12-04T11:03:04 0 0 경기70아1592 3 37 204000065 206000714 7 
2020-12-04T11:04:04 0 0 경기70아1592 3 37 204000065 206000721 8 
2020-12-04T11:05:03 0 0 경기70아1592 3 37 204000065 206000723 9 
2020-12-04T11:06:02 0 0 경기70아1592 3 37 204000065 206000723 9 
2020-12-04T11:07:02 0 0 경기70아1592 3 37 204000065 206000327 10 
2020-12-04T11:08:01 0 0 경기70아1592 3 37 204000065 206000039 12 
2020-12-04T11:09:01 0 0 경기70아1592 3 37 204000065 206000037 14 
2020-12-04T11:10:00 0 0 경기70아1592 3 37 204000065 206000036 15 
2020-12-04T11:10:59 0 0 경기70아1592 3 37 204000065 206000035 16 
2020-12-04T11:11:59 0 0 경기70아1592 3 37 204000065 206000034 17 
2020-12-04T11:12:58 0 0 경기70아1592 3 37 204000065 206000033 18 
2020-12-04T11:13:57 0 0 경기70아1592 3 37 204000065 206000033 18 
2020-12-04T11:14:57 0 0 경기70아1592 3 37 204000065 206000031 20 
2020-12-04T11:15:57 0 0 경기70아1592 3 37 204000065 206000030 21 
2020-12-04T11:16:56 0 0 경기70아1592 3 37 204000065 206000030 21 
2020-12-04T11:17:56 0 0 경기70아1592 3 37 204000065 206000030 21 
2020-12-04T11:18:55 0 0 경기70아1592 3 37 204000065 206000029 22 
2020-12-04T11:19:55 0 0 경기70아1592 3 37 204000065 206000383 23 
2020-12-04T11:20:54 0 0 경기70아1592 3 37 204000065 206000318 24 
2020-12-04T11:21:54 0 0 경기70아1592 3 37 204000065 206000318 24 
2020-12-04T11:22:53 0 0 경기70아1592 3 37 204000065 206000317 25 
2020-12-04T11:23:53 0 0 경기70아1592 3 37 204000065 206000027 27 
2020-12-04T11:24:53 0 0 경기70아1592 3 37 204000065 206000227 28 
2020-12-04T11:25:52 0 0 경기70아1592 3 37 204000065 206000226 29 
2020-12-04T11:26:52 0 0 경기70아1592 3 37 204000065 206000784 30 
2020-12-04T11:27:52 0 0 경기70아1592 3 35 204000065 206000784 30 
2020-12-04T11:28:52 0 0 경기70아1592 3 35 204000065 206000784 30 
2020-12-04T11:29:52 0 0 경기70아1592 3 35 204000065 205000029 31 
2020-12-04T11:30:52 0 0 경기70아1592 3 34 204000065 205000029 31 
2020-12-04T11:31:52 0 0 경기70아1592 3 34 204000065 205000029 31 
2020-12-04T11:32:51 0 0 경기70아1592 3 34 204000065 205000029 31 
2020-12-04T11:33:51 0 0 경기70아1592 3 34 204000065 205000029 31 
2020-12-04T11:34:50 0 0 경기70아1592 3 34 204000065 205000029 31 
2020-12-04T11:35:49 0 0 경기70아1592 3 34 204000065 205000029 31 
2020-12-04T11:36:48 0 0 경기70아1592 3 35 204000065 205000069 32 
2020-12-04T11:37:47 0 0 경기70아1592 3 35 204000065 205000069 32 
2020-12-04T11:38:47 0 0 경기70아1592 3 35 204000065 277102622 33 
2020-12-04T11:39:46 0 0 경기70아1592 3 35 204000065 277102622 33 
2020-12-04T11:40:45 0 0 경기70아1592 3 35 204000065 277102622 33 
2020-12-04T11:41:44 0 0 경기70아1592 3 35 204000065 277102622 33 
2020-12-04T11:42:44 0 0 경기70아1592 3 35 204000065 277102622 33 
2020-12-04T11:43:43 0 0 경기70아1592 3 35 204000065 277102622 33 
2020-12-04T11:44:42 0 0 경기70아1592 3 35 204000065 277102622 33 
2020-12-04T11:45:42 0 0 경기70아1592 3 35 204000065 277102622 33 
2020-12-04T11:46:41 0 0 경기70아1592 3 35 204000065 277102622 33 
2020-12-04T11:47:41 0 0 경기70아1592 3 35 204000065 277102622 33 
2020-12-04T11:48:40 0 0 경기70아1592 3 35 204000065 277102622 33 
2020-12-04T11:49:39 0 0 경기70아1592 3 35 204000065 277103419 34 
2020-12-04T11:50:39 0 0 경기70아1592 3 35 204000065 277103419 34 
2020-12-04T11:51:39 0 0 경기70아1592 3 35 204000065 277103419 34 
2020-12-04T11:52:38 0 0 경기70아1592 3 35 204000065 277103419 34 
2020-12-04T11:53:37 0 0 경기70아1592 3 35 204000065 277103419 34 
2020-12-04T11:54:37 0 0 경기70아1592 3 35 204000065 277103419 34 
2020-12-04T11:55:37 0 0 경기70아1592 3 35 204000065 277103419 34 
2020-12-04T11:56:37 0 0 경기70아1592 3 35 204000065 277103419 34 
2020-12-04T11:59:12 0 0 경기70아1592 3 35 204000065 277103421 35 
2020-12-04T12:00:12 0 0 경기70아1592 3 35 204000065 277103421 35 
2020-12-04T12:01:11 0 0 경기70아1592 3 35 204000065 122000287 36 
2020-12-04T12:02:11 0 0 경기70아1592 3 35 204000065 122000288 37 
2020-12-04T12:03:10 0 0 경기70아1592 3 35 204000065 122000288 37 
2020-12-04T12:04:09 0 0 경기70아1592 3 35 204000065 122000258 38 
2020-12-04T12:05:08 0 0 경기70아1592 3 35 204000065 122000258 38 
2020-12-04T12:06:08 0 0 경기70아1592 3 35 204000065 122000291 39 
2020-12-04T12:07:07 0 0 경기70아1592 3 35 204000065 122000137 40 
2020-12-04T12:08:06 0 0 경기70아1592 3 35 204000065 122000137 40 
2020-12-04T12:09:06 0 0 경기70아1592 3 35 204000065 122000137 40 
2020-12-04T12:10:06 0 0 경기70아1592 3 35 204000065 122000386 42 
2020-12-04T12:11:06 0 0 경기70아1592 3 35 204000065 122000139 43 
2020-12-04T12:12:06 0 0 경기70아1592 3 35 204000065 122000139 43 
2020-12-04T12:13:05 0 0 경기70아1592 3 35 204000065 122000094 44 
2020-12-04T12:14:04 0 0 경기70아1592 3 35 204000065 122000094 44 
2020-12-04T12:15:03 0 0 경기70아1592 3 36 204000065 122000089 45 
2020-12-04T12:16:03 0 0 경기70아1592 3 36 204000065 122000085 46 
2020-12-04T12:17:03 0 0 경기70아1592 3 36 204000065 122000069 47 
2020-12-04T12:18:03 0 0 경기70아1592 3 36 204000065 122000066 48 
2020-12-04T12:19:02 0 0 경기70아1592 3 36 204000065 122000066 48 
2020-12-04T12:20:02 0 0 경기70아1592 3 36 204000065 122000066 48 
2020-12-04T12:21:01 0 0 경기70아1592 3 36 204000065 122000066 48 
2020-12-04T12:22:01 0 0 경기70아1592 3 36 204000065 122000064 49 
2020-12-04T12:23:01 0 0 경기70아1592 3 38 204000065 122000559 50 
2020-12-04T12:24:00 0 0 경기70아1592 3 38 204000065 122000559 50 
2020-12-04T12:25:00 0 0 경기70아1592 3 39 204000065 122000078 51 
2020-12-04T12:26:00 0 0 경기70아1592 3 39 204000065 122000078 51 
2020-12-04T12:27:00 0 0 경기70아1592 3 39 204000065 122000078 51 
2020-12-04T12:27:59 0 0 경기70아1592 3 39 204000065 122000079 52 
2020-12-04T12:28:58 0 0 경기70아1592 3 39 204000065 122000079 52 
2020-12-04T12:29:58 0 0 경기70아1592 3 39 204000065 122000079 52 
2020-12-04T12:30:58 0 0 경기70아1592 3 39 204000065 122000065 53 
2020-12-04T12:31:58 0 0 경기70아1592 3 39 204000065 122000065 53 
2020-12-04T12:32:57 0 0 경기70아1592 3 39 204000065 122000637 54 
2020-12-04T12:33:57 0 0 경기70아1592 3 39 204000065 122000068 55 
2020-12-04T12:34:57 0 0 경기70아1592 3 39 204000065 122000068 55 
2020-12-04T12:35:57 0 0 경기70아1592 3 39 204000065 122000086 56 
2020-12-04T12:36:56 0 0 경기70아1592 3 39 204000065 122000095 57 
2020-12-04T12:37:56 0 0 경기70아1592 3 39 204000065 122000096 58 
2020-12-04T12:38:56 0 0 경기70아1592 3 38 204000065 122000096 58 
2020-12-04T12:39:56 0 0 경기70아1592 3 38 204000065 122000330 59 
2020-12-04T12:40:55 0 0 경기70아1592 3 38 204000065 122000330 59 
2020-12-04T12:41:55 0 0 경기70아1592 3 38 204000065 122000142 60 
2020-12-04T12:42:55 0 0 경기70아1592 3 38 204000065 122000133 61 
2020-12-04T12:43:55 0 0 경기70아1592 3 38 204000065 122000133 61 
2020-12-04T12:44:55 0 0 경기70아1592 3 38 204000065 122000256 62 
2020-12-04T12:45:55 0 0 경기70아1592 3 38 204000065 122000257 63 
2020-12-04T12:46:55 0 0 경기70아1592 3 38 204000065 122000257 63 
2020-12-04T12:47:54 0 0 경기70아1592 3 38 204000065 122000257 63 
2020-12-04T12:48:54 0 0 경기70아1592 3 38 204000065 122000257 63 
2020-12-04T12:49:54 0 0 경기70아1592 3 38 204000065 122000286 64 
2020-12-04T12:50:54 0 0 경기70아1592 3 38 204000065 122000285 65 
2020-12-04T12:51:54 0 0 경기70아1592 3 38 204000065 122000285 65 
2020-12-04T12:52:54 0 0 경기70아1592 3 38 204000065 277103420 66 
2020-12-04T12:53:54 0 0 경기70아1592 3 38 204000065 277103420 66 
2020-12-04T12:54:53 0 0 경기70아1592 3 38 204000065 277103420 66 
2020-12-04T12:55:53 0 0 경기70아1592 3 38 204000065 277103420 66 
2020-12-04T12:56:52 0 0 경기70아1592 3 38 204000065 277103418 67 
2020-12-04T12:57:51 0 0 경기70아1592 3 38 204000065 277103418 67 
2020-12-04T12:58:51 0 0 경기70아1592 3 38 204000065 277103418 67 
2020-12-04T12:59:51 0 0 경기70아1592 3 38 204000065 277103418 67 
2020-12-04T13:00:51 0 0 경기70아1592 3 38 204000065 277103418 67 
2020-12-04T13:01:50 0 0 경기70아1592 3 38 204000065 277103418 67 
2020-12-04T13:02:50 0 0 경기70아1592 3 38 204000065 277103418 67 
2020-12-04T13:03:49 0 0 경기70아1592 3 38 204000065 277103418 67 
2020-12-04T13:04:48 0 0 경기70아1592 3 38 204000065 205000207 68 
2020-12-04T13:05:47 0 0 경기70아1592 3 38 204000065 205000207 68 
2020-12-04T13:06:46 0 0 경기70아1592 3 38 204000065 205000245 69 
2020-12-04T13:07:46 0 0 경기70아1592 3 38 204000065 205000245 69 
2020-12-04T13:08:45 0 0 경기70아1592 3 39 204000065 206000361 70 
2020-12-04T13:09:44 0 0 경기70아1592 3 38 204000065 206000157 71 
2020-12-04T13:10:44 0 0 경기70아1592 3 38 204000065 206000157 71 
2020-12-04T13:11:43 0 0 경기70아1592 3 38 204000065 206000157 71 
2020-12-04T13:12:42 0 0 경기70아1592 3 39 204000065 206000055 72 
2020-12-04T13:13:42 0 0 경기70아1592 3 39 204000065 206000053 74 
2020-12-04T13:14:42 0 0 경기70아1592 3 39 204000065 206000053 74 
2020-12-04T13:15:41 0 0 경기70아1592 3 39 204000065 206000238 75 
2020-12-04T13:16:41 0 0 경기70아1592 3 39 204000065 206000238 75 
2020-12-04T13:17:41 0 0 경기70아1592 3 39 204000065 206000238 75 
2020-12-04T13:18:40 0 0 경기70아1592 3 39 204000065 206000052 77 
2020-12-04T13:19:40 0 0 경기70아1592 3 39 204000065 206000051 78 
2020-12-04T13:20:39 0 0 경기70아1592 3 39 204000065 206000128 79 
2020-12-04T13:21:39 0 0 경기70아1592 3 39 204000065 206000128 79 
2020-12-04T13:22:39 0 0 경기70아1592 3 39 204000065 206000049 81 
2020-12-04T13:23:38 0 0 경기70아1592 3 39 204000065 206000049 81 
2020-12-04T13:24:38 0 0 경기70아1592 3 39 204000065 206000046 84 
2020-12-04T13:25:38 0 0 경기70아1592 3 39 204000065 206000046 84 
2020-12-04T13:26:38 0 0 경기70아1592 3 39 204000065 206000044 86 
2020-12-04T13:27:37 0 0 경기70아1592 3 39 204000065 206000672 87 
2020-12-04T13:28:37 0 0 경기70아1592 3 39 204000065 206000672 87 
2020-12-04T13:29:37 0 0 경기70아1592 3 39 204000065 206000178 89 
2020-12-04T13:30:36 0 0 경기70아1592 3 39 204000065 206000178 89 
2020-12-04T13:31:36 0 0 경기70아1592 3 39 204000065 206000178 89 
2020-12-04T13:32:36 0 0 경기70아1592 3 39 204000065 206000724 90 
2020-12-04T13:33:35 0 0 경기70아1592 3 39 204000065 206000722 91 
2020-12-04T13:34:35 0 0 경기70아1592 3 39 204000065 206000722 91 
2020-12-04T13:35:35 0 0 경기70아1592 3 39 204000065 206000715 92 
2020-12-04T13:36:34 0 0 경기70아1592 3 39 204000065 206000041 94 
2020-12-04T13:37:34 0 0 경기70아1592 3 39 204000065 206000041 94 
2020-12-04T13:38:33 0 0 경기70아1592 3 39 204000065 206000171 95 
2020-12-04T15:22:52 0 0 경기70아1592 3 39 204000065 277102470 3 
2020-12-04T15:23:51 0 0 경기70아1592 3 39 204000065 206000334 5 
2020-12-04T15:24:51 0 0 경기70아1592 3 39 204000065 206000714 7 
2020-12-04T15:25:51 0 0 경기70아1592 3 39 204000065 206000714 7 
2020-12-04T15:26:51 0 0 경기70아1592 3 39 204000065 206000714 7 
2020-12-04T15:27:50 0 0 경기70아1592 3 39 204000065 206000721 8 
2020-12-04T15:28:49 0 0 경기70아1592 3 39 204000065 206000723 9 
2020-12-04T15:29:49 0 0 경기70아1592 3 39 204000065 206000723 9 
2020-12-04T15:30:49 0 0 경기70아1592 3 39 204000065 206000327 10 
2020-12-04T15:31:48 0 0 경기70아1592 3 39 204000065 206000039 12 
2020-12-04T15:32:48 0 0 경기70아1592 3 39 204000065 206000037 14 
2020-12-04T15:33:48 0 0 경기70아1592 3 39 204000065 206000036 15 
2020-12-04T15:34:47 0 0 경기70아1592 3 39 204000065 206000034 17 
2020-12-04T15:35:46 0 0 경기70아1592 3 39 204000065 206000034 17 
2020-12-04T15:36:46 0 0 경기70아1592 3 39 204000065 206000033 18 
2020-12-04T15:37:46 0 0 경기70아1592 3 39 204000065 206000032 19 
2020-12-04T15:38:46 0 0 경기70아1592 3 39 204000065 206000031 20 
2020-12-04T15:39:45 0 0 경기70아1592 3 39 204000065 206000030 21 
2020-12-04T15:40:45 0 0 경기70아1592 3 39 204000065 206000030 21 
2020-12-04T15:41:45 0 0 경기70아1592 3 38 204000065 206000029 22 
2020-12-04T15:42:44 0 0 경기70아1592 3 38 204000065 206000029 22 
2020-12-04T15:43:44 0 0 경기70아1592 3 38 204000065 206000383 23 
2020-12-04T15:44:44 0 0 경기70아1592 3 38 204000065 206000383 23 
2020-12-04T15:45:44 0 0 경기70아1592 3 38 204000065 206000317 25 
2020-12-04T15:46:43 0 0 경기70아1592 3 38 204000065 206000317 25 
2020-12-04T15:47:43 0 0 경기70아1592 3 38 204000065 206000027 27 
2020-12-04T15:48:42 0 0 경기70아1592 3 38 204000065 206000227 28 
2020-12-04T15:49:42 0 0 경기70아1592 3 38 204000065 206000226 29 
2020-12-04T15:50:42 0 0 경기70아1592 3 39 204000065 206000784 30 
2020-12-04T15:51:41 0 0 경기70아1592 3 38 204000065 206000784 30 
2020-12-04T15:52:41 0 0 경기70아1592 3 38 204000065 206000784 30 
2020-12-04T15:53:41 0 0 경기70아1592 3 38 204000065 205000029 31 
2020-12-04T15:54:40 0 0 경기70아1592 3 38 204000065 205000029 31 
2020-12-04T15:55:40 0 0 경기70아1592 3 38 204000065 205000029 31 
2020-12-04T15:56:40 0 0 경기70아1592 3 38 204000065 205000029 31 
2020-12-04T15:57:40 0 0 경기70아1592 3 38 204000065 205000029 31 
2020-12-04T15:58:39 0 0 경기70아1592 3 38 204000065 205000029 31 
2020-12-04T15:59:39 0 0 경기70아1592 3 38 204000065 205000069 32 
2020-12-04T16:00:39 0 0 경기70아1592 3 38 204000065 205000069 32 
2020-12-04T16:01:38 0 0 경기70아1592 3 38 204000065 205000069 32 
2020-12-04T16:02:38 0 0 경기70아1592 3 38 204000065 277102622 33 
2020-12-04T16:03:38 0 0 경기70아1592 3 38 204000065 277102622 33 
2020-12-04T16:04:38 0 0 경기70아1592 3 38 204000065 277102622 33 
2020-12-04T16:05:37 0 0 경기70아1592 3 38 204000065 277102622 33 
2020-12-04T16:06:37 0 0 경기70아1592 3 38 204000065 277102622 33 
2020-12-04T16:07:37 0 0 경기70아1592 3 38 204000065 277102622 33 
2020-12-04T16:08:37 0 0 경기70아1592 3 38 204000065 277102622 33 
2020-12-04T16:09:36 0 0 경기70아1592 3 38 204000065 277102622 33 
2020-12-04T16:10:36 0 0 경기70아1592 3 38 204000065 277103419 34 
2020-12-04T16:11:36 0 0 경기70아1592 3 38 204000065 277103419 34 
2020-12-04T16:12:35 0 0 경기70아1592 3 38 204000065 277103419 34 
2020-12-04T16:13:35 0 0 경기70아1592 3 38 204000065 277103419 34 
2020-12-04T16:14:34 0 0 경기70아1592 3 38 204000065 277103419 34 
2020-12-04T16:15:34 0 0 경기70아1592 3 38 204000065 277103419 34 
2020-12-04T16:16:34 0 0 경기70아1592 3 38 204000065 277103419 34 
2020-12-04T16:17:33 0 0 경기70아1592 3 38 204000065 277103419 34 
2020-12-04T16:18:33 0 0 경기70아1592 3 38 204000065 277103419 34 
2020-12-04T16:19:33 0 0 경기70아1592 3 38 204000065 277103419 34 
2020-12-04T16:20:32 0 0 경기70아1592 3 38 204000065 277103419 34 
2020-12-04T16:21:32 0 0 경기70아1592 3 38 204000065 277103419 34 
2020-12-04T16:22:31 0 0 경기70아1592 3 38 204000065 277103419 34 
2020-12-04T16:23:31 0 0 경기70아1592 3 38 204000065 277103421 35 
2020-12-04T16:24:31 0 0 경기70아1592 3 38 204000065 277103421 35 
2020-12-04T16:25:31 0 0 경기70아1592 3 38 204000065 277103421 35 
2020-12-04T16:26:31 0 0 경기70아1592 3 38 204000065 122000288 37 
2020-12-04T16:27:31 0 0 경기70아1592 3 38 204000065 122000288 37 
2020-12-04T16:28:31 0 0 경기70아1592 3 38 204000065 122000258 38 
2020-12-04T16:29:30 0 0 경기70아1592 3 38 204000065 122000258 38 
2020-12-04T16:30:30 0 0 경기70아1592 3 38 204000065 122000291 39 
2020-12-04T16:31:30 0 0 경기70아1592 3 38 204000065 122000291 39 
2020-12-04T16:32:30 0 0 경기70아1592 3 39 204000065 122000137 40 
2020-12-04T16:33:29 0 0 경기70아1592 3 39 204000065 122000137 40 
2020-12-04T16:34:28 0 0 경기70아1592 3 39 204000065 122000386 42 
2020-12-04T16:35:28 0 0 경기70아1592 3 39 204000065 122000139 43 
2020-12-04T16:36:28 0 0 경기70아1592 3 39 204000065 122000094 44 
2020-12-04T16:37:27 0 0 경기70아1592 3 39 204000065 122000094 44 
2020-12-04T16:38:27 0 0 경기70아1592 3 39 204000065 122000089 45 
2020-12-04T16:39:26 0 0 경기70아1592 3 39 204000065 122000085 46 
2020-12-04T16:40:26 0 0 경기70아1592 3 39 204000065 122000085 46 
2020-12-04T16:41:25 0 0 경기70아1592 3 39 204000065 122000066 48 
2020-12-04T16:42:24 0 0 경기70아1592 3 39 204000065 122000064 49 
2020-12-04T16:43:24 0 0 경기70아1592 3 39 204000065 122000064 49 
2020-12-04T16:44:24 0 0 경기70아1592 3 39 204000065 122000559 50 
2020-12-04T16:45:24 0 0 경기70아1592 3 39 204000065 122000559 50 
2020-12-04T16:46:23 0 0 경기70아1592 3 39 204000065 122000559 50 
2020-12-04T16:47:22 0 0 경기70아1592 3 39 204000065 122000078 51 
2020-12-04T16:48:22 0 0 경기70아1592 3 39 204000065 122000079 52 
2020-12-04T16:49:22 0 0 경기70아1592 3 39 204000065 122000065 53 
2020-12-04T16:50:21 0 0 경기70아1592 3 39 204000065 122000065 53 
2020-12-04T16:51:21 0 0 경기70아1592 3 39 204000065 122000068 55 
2020-12-04T16:52:20 0 0 경기70아1592 3 39 204000065 122000068 55 
2020-12-04T16:53:20 0 0 경기70아1592 3 39 204000065 122000086 56 
2020-12-04T16:54:20 0 0 경기70아1592 3 39 204000065 122000095 57 
2020-12-04T16:55:20 0 0 경기70아1592 3 39 204000065 122000096 58 
2020-12-04T16:56:20 0 0 경기70아1592 3 36 204000065 122000096 58 
2020-12-04T16:57:19 0 0 경기70아1592 3 36 204000065 122000096 58 
2020-12-04T16:58:19 0 0 경기70아1592 3 36 204000065 122000096 58 
2020-12-04T16:59:18 0 0 경기70아1592 3 35 204000065 122000330 59 
2020-12-04T17:00:18 0 0 경기70아1592 3 35 204000065 122000330 59 
2020-12-04T17:01:18 0 0 경기70아1592 3 35 204000065 122000330 59 
2020-12-04T17:02:18 0 0 경기70아1592 3 35 204000065 122000142 60 
2020-12-04T17:03:18 0 0 경기70아1592 3 35 204000065 122000142 60 
2020-12-04T17:04:17 0 0 경기70아1592 3 35 204000065 122000142 60 
2020-12-04T17:05:17 0 0 경기70아1592 3 35 204000065 122000133 61 
2020-12-04T17:06:16 0 0 경기70아1592 3 35 204000065 122000133 61 
2020-12-04T17:07:16 0 0 경기70아1592 3 35 204000065 122000256 62 
2020-12-04T17:08:15 0 0 경기70아1592 3 35 204000065 122000256 62 
2020-12-04T17:09:14 0 0 경기70아1592 3 35 204000065 122000257 63 
2020-12-04T17:10:13 0 0 경기70아1592 3 35 204000065 122000257 63 
2020-12-04T17:11:13 0 0 경기70아1592 3 35 204000065 122000257 63 
2020-12-04T17:12:13 0 0 경기70아1592 3 35 204000065 122000257 63 
2020-12-04T17:13:13 0 0 경기70아1592 3 35 204000065 122000257 63 
2020-12-04T17:14:11 0 0 경기70아1592 3 35 204000065 122000286 64 
2020-12-04T17:15:11 0 0 경기70아1592 3 27 204000065 122000286 64 
2020-12-04T17:16:11 0 0 경기70아1592 3 27 204000065 122000285 65 
2020-12-04T17:17:10 0 0 경기70아1592 3 17 204000065 122000285 65 
2020-12-04T17:18:10 0 0 경기70아1592 3 17 204000065 122000285 65 
2020-12-04T17:19:10 0 0 경기70아1592 3 17 204000065 122000285 65 
2020-12-04T17:20:09 0 0 경기70아1592 3 17 204000065 122000285 65 
2020-12-04T17:21:08 0 0 경기70아1592 3 17 204000065 277103420 66 
2020-12-04T17:22:08 0 0 경기70아1592 3 17 204000065 277103420 66 
2020-12-04T17:23:07 0 0 경기70아1592 3 17 204000065 277103420 66 
2020-12-04T17:24:06 0 0 경기70아1592 3 17 204000065 277103420 66 
2020-12-04T17:25:05 0 0 경기70아1592 3 17 204000065 277103418 67 
2020-12-04T17:26:05 0 0 경기70아1592 3 17 204000065 277103418 67 
2020-12-04T17:27:05 0 0 경기70아1592 3 17 204000065 277103418 67 
2020-12-04T17:28:04 0 0 경기70아1592 3 17 204000065 277103418 67 
2020-12-04T17:29:03 0 0 경기70아1592 3 17 204000065 277103418 67 
2020-12-04T17:30:03 0 0 경기70아1592 3 17 204000065 277103418 67 
2020-12-04T17:31:03 0 0 경기70아1592 3 17 204000065 277103418 67 
2020-12-04T17:32:03 0 0 경기70아1592 3 17 204000065 277103418 67 
2020-12-04T17:33:02 0 0 경기70아1592 3 18 204000065 277103418 67 
2020-12-04T17:34:02 0 0 경기70아1592 3 21 204000065 205000207 68 
2020-12-04T17:35:02 0 0 경기70아1592 3 21 204000065 205000207 68 
2020-12-04T17:36:02 0 0 경기70아1592 3 21 204000065 205000207 68 
2020-12-04T17:37:01 0 0 경기70아1592 3 21 204000065 205000245 69 
2020-12-04T17:38:01 0 0 경기70아1592 3 21 204000065 205000245 69 
2020-12-04T17:39:01 0 0 경기70아1592 3 21 204000065 205000245 69 
2020-12-04T17:40:00 0 0 경기70아1592 3 23 204000065 206000361 70 
2020-12-04T17:41:00 0 0 경기70아1592 3 28 204000065 206000157 71 
2020-12-04T17:41:59 0 0 경기70아1592 3 28 204000065 206000157 71 
2020-12-04T17:42:59 0 0 경기70아1592 3 28 204000065 206000157 71 
2020-12-04T17:43:58 0 0 경기70아1592 3 29 204000065 206000055 72 
2020-12-04T17:44:58 0 0 경기70아1592 3 29 204000065 206000054 73 
2020-12-04T17:45:58 0 0 경기70아1592 3 29 204000065 206000053 74 
2020-12-04T17:46:57 0 0 경기70아1592 3 29 204000065 206000053 74 
2020-12-04T17:47:57 0 0 경기70아1592 3 29 204000065 206000053 74 
2020-12-04T17:48:57 0 0 경기70아1592 3 29 204000065 206000053 74 
2020-12-04T17:49:57 0 0 경기70아1592 3 29 204000065 206000053 74 
2020-12-04T17:50:56 0 0 경기70아1592 3 30 204000065 206000238 75 
2020-12-04T17:51:56 0 0 경기70아1592 3 30 204000065 206000238 75 
2020-12-04T17:52:55 0 0 경기70아1592 3 30 204000065 206000237 76 
2020-12-04T17:53:55 0 0 경기70아1592 3 33 204000065 206000052 77 
2020-12-04T17:54:55 0 0 경기70아1592 3 33 204000065 206000128 79 
2020-12-04T17:55:54 0 0 경기70아1592 3 33 204000065 206000128 79 
2020-12-04T17:56:54 0 0 경기70아1592 3 33 204000065 206000128 79 
2020-12-04T17:57:54 0 0 경기70아1592 3 33 204000065 206000049 81 
2020-12-04T17:58:54 0 0 경기70아1592 3 33 204000065 206000048 82 
2020-12-04T17:59:53 0 0 경기70아1592 3 32 204000065 206000046 84 
2020-12-04T18:00:53 0 0 경기70아1592 3 32 204000065 206000046 84 
2020-12-04T18:01:53 0 0 경기70아1592 3 34 204000065 206000044 86 
2020-12-04T18:02:53 0 0 경기70아1592 3 36 204000065 206000672 87 
2020-12-04T18:03:52 0 0 경기70아1592 3 36 204000065 206000672 87 
2020-12-04T18:04:52 0 0 경기70아1592 3 36 204000065 206000043 88 
2020-12-04T18:05:51 0 0 경기70아1592 3 36 204000065 206000178 89 
2020-12-04T18:06:51 0 0 경기70아1592 3 36 204000065 206000178 89 
2020-12-04T18:07:50 0 0 경기70아1592 3 36 204000065 206000724 90 
2020-12-04T18:08:50 0 0 경기70아1592 3 36 204000065 206000722 91 
2020-12-04T18:09:50 0 0 경기70아1592 3 36 204000065 206000715 92 
2020-12-04T18:10:49 0 0 경기70아1592 3 37 204000065 206000041 94 
2020-12-04T18:56:32 0 0 경기70아1592 3 39 204000065 277102470 3 
2020-12-04T18:57:32 0 0 경기70아1592 3 39 204000065 277102470 3 
2020-12-04T18:58:32 0 0 경기70아1592 3 39 204000065 277102470 3 
2020-12-04T18:59:31 0 0 경기70아1592 3 39 204000065 206000334 5 
2020-12-04T19:00:31 0 0 경기70아1592 3 39 204000065 206000710 6 
2020-12-04T19:01:31 0 0 경기70아1592 3 39 204000065 206000710 6 
2020-12-04T19:02:30 0 0 경기70아1592 3 38 204000065 206000714 7 
2020-12-04T19:03:30 0 0 경기70아1592 3 38 204000065 206000721 8 
2020-12-04T19:04:30 0 0 경기70아1592 3 38 204000065 206000723 9 
2020-12-04T19:05:29 0 0 경기70아1592 3 38 204000065 206000723 9 
2020-12-04T19:06:29 0 0 경기70아1592 3 38 204000065 206000249 11 
2020-12-04T19:07:28 0 0 경기70아1592 3 38 204000065 206000039 12 
2020-12-04T19:08:28 0 0 경기70아1592 3 38 204000065 206000038 13 
2020-12-04T19:09:28 0 0 경기70아1592 3 38 204000065 206000037 14 
2020-12-04T19:10:28 0 0 경기70아1592 3 38 204000065 206000036 15 
2020-12-04T19:11:27 0 0 경기70아1592 3 38 204000065 206000035 16 
2020-12-04T19:12:27 0 0 경기70아1592 3 38 204000065 206000034 17 
2020-12-04T19:13:27 0 0 경기70아1592 3 38 204000065 206000033 18 
2020-12-04T19:14:27 0 0 경기70아1592 3 39 204000065 206000033 18 
2020-12-04T19:15:27 0 0 경기70아1592 3 39 204000065 206000031 20 
2020-12-04T19:16:27 0 0 경기70아1592 3 39 204000065 206000030 21 
2020-12-04T19:17:26 0 0 경기70아1592 3 39 204000065 206000030 21 
2020-12-04T19:18:25 0 0 경기70아1592 3 39 204000065 206000030 21 
2020-12-04T19:19:25 0 0 경기70아1592 3 39 204000065 206000383 23 
2020-12-04T19:20:25 0 0 경기70아1592 3 39 204000065 206000317 25 
2020-12-04T19:21:24 0 0 경기70아1592 3 39 204000065 206000317 25 
2020-12-04T19:22:24 0 0 경기70아1592 3 39 204000065 206000027 27 
2020-12-04T19:23:24 0 0 경기70아1592 3 39 204000065 206000227 28 
2020-12-04T19:24:23 0 0 경기70아1592 3 39 204000065 206000226 29 
2020-12-04T19:25:22 0 0 경기70아1592 3 39 204000065 206000784 30 
2020-12-04T19:26:21 0 0 경기70아1592 3 39 204000065 206000784 30 
2020-12-04T19:27:21 0 0 경기70아1592 3 39 204000065 206000784 30 
2020-12-04T19:28:21 0 0 경기70아1592 3 39 204000065 205000029 31 
2020-12-04T19:29:21 0 0 경기70아1592 3 39 204000065 205000029 31 
2020-12-04T19:30:20 0 0 경기70아1592 3 39 204000065 205000029 31 
2020-12-04T19:31:19 0 0 경기70아1592 3 39 204000065 205000029 31 
2020-12-04T19:32:19 0 0 경기70아1592 3 39 204000065 205000069 32 
2020-12-04T19:33:18 0 0 경기70아1592 3 39 204000065 205000069 32 
2020-12-04T19:34:18 0 0 경기70아1592 3 39 204000065 205000069 32 
2020-12-04T19:35:17 0 0 경기70아1592 3 39 204000065 205000069 32 
2020-12-04T19:36:17 0 0 경기70아1592 3 39 204000065 277102622 33 
2020-12-04T19:37:17 0 0 경기70아1592 3 39 204000065 277102622 33 
2020-12-04T19:38:16 0 0 경기70아1592 3 39 204000065 277102622 33 
2020-12-04T19:39:16 0 0 경기70아1592 3 39 204000065 277103419 34 
2020-12-04T19:40:15 0 0 경기70아1592 3 39 204000065 277103419 34 
2020-12-04T19:41:15 0 0 경기70아1592 3 39 204000065 277103419 34 
2020-12-04T19:42:14 0 0 경기70아1592 3 39 204000065 277103419 34 
2020-12-04T19:43:14 0 0 경기70아1592 3 39 204000065 277103421 35 
2020-12-04T19:44:13 0 0 경기70아1592 3 39 204000065 122000287 36 
2020-12-04T19:45:13 0 0 경기70아1592 3 39 204000065 122000288 37 
2020-12-04T19:46:13 0 0 경기70아1592 3 39 204000065 122000288 37 
2020-12-04T19:47:12 0 0 경기70아1592 3 39 204000065 122000288 37 
2020-12-04T19:48:12 0 0 경기70아1592 3 39 204000065 122000258 38 
2020-12-04T19:49:11 0 0 경기70아1592 3 39 204000065 122000291 39 
2020-12-04T19:50:11 0 0 경기70아1592 3 39 204000065 122000291 39 
2020-12-04T19:51:11 0 0 경기70아1592 3 39 204000065 122000291 39 
2020-12-04T19:52:10 0 0 경기70아1592 3 39 204000065 122000137 40 
2020-12-04T19:53:09 0 0 경기70아1592 3 39 204000065 122000137 40 
2020-12-04T19:54:08 0 0 경기70아1592 3 39 204000065 122000386 42 
2020-12-04T19:55:09 0 0 경기70아1592 3 39 204000065 122000139 43 
2020-12-04T19:56:08 0 0 경기70아1592 3 39 204000065 122000139 43 
2020-12-04T19:57:07 0 0 경기70아1592 3 39 204000065 122000094 44 
2020-12-04T19:58:06 0 0 경기70아1592 3 39 204000065 122000089 45 
2020-12-04T19:59:06 0 0 경기70아1592 3 39 204000065 122000069 47 
2020-12-04T20:00:05 0 0 경기70아1592 3 39 204000065 122000066 48 
2020-12-04T20:01:05 0 0 경기70아1592 3 39 204000065 122000066 48 
2020-12-04T20:02:05 0 0 경기70아1592 3 39 204000065 122000064 49 
2020-12-04T20:03:04 0 0 경기70아1592 3 39 204000065 122000064 49 
2020-12-04T20:04:04 0 0 경기70아1592 3 39 204000065 122000064 49 
2020-12-04T20:05:04 0 0 경기70아1592 3 39 204000065 122000559 50 
2020-12-04T20:06:03 0 0 경기70아1592 3 39 204000065 122000559 50 
2020-12-04T20:07:02 0 0 경기70아1592 3 39 204000065 122000078 51 
2020-12-04T20:08:02 0 0 경기70아1592 3 39 204000065 122000078 51 
2020-12-04T20:09:01 0 0 경기70아1592 3 39 204000065 122000079 52 
2020-12-04T20:10:01 0 0 경기70아1592 3 38 204000065 122000065 53 
2020-12-04T20:11:00 0 0 경기70아1592 3 38 204000065 122000065 53 
2020-12-04T20:12:00 0 0 경기70아1592 3 38 204000065 122000637 54 
2020-12-04T20:13:00 0 0 경기70아1592 3 38 204000065 122000068 55 
2020-12-04T20:13:59 0 0 경기70아1592 3 38 204000065 122000086 56 
2020-12-04T20:14:59 0 0 경기70아1592 3 38 204000065 122000095 57 
2020-12-04T20:15:59 0 0 경기70아1592 3 38 204000065 122000096 58 
2020-12-04T20:16:58 0 0 경기70아1592 3 38 204000065 122000096 58 
2020-12-04T20:17:57 0 0 경기70아1592 3 37 204000065 122000330 59 
2020-12-04T20:18:57 0 0 경기70아1592 3 37 204000065 122000330 59 
2020-12-04T20:19:56 0 0 경기70아1592 3 37 204000065 122000142 60 
2020-12-04T20:20:56 0 0 경기70아1592 3 37 204000065 122000142 60 
2020-12-04T20:21:55 0 0 경기70아1592 3 37 204000065 122000142 60 
2020-12-04T20:22:55 0 0 경기70아1592 3 37 204000065 122000133 61 
2020-12-04T20:23:55 0 0 경기70아1592 3 37 204000065 122000256 62 
2020-12-04T20:24:54 0 0 경기70아1592 3 37 204000065 122000257 63 
2020-12-04T20:25:53 0 0 경기70아1592 3 37 204000065 122000257 63 
2020-12-04T20:26:53 0 0 경기70아1592 3 37 204000065 122000257 63 
2020-12-04T20:27:52 0 0 경기70아1592 3 37 204000065 122000257 63 
2020-12-04T20:28:52 0 0 경기70아1592 3 37 204000065 122000286 64 
2020-12-04T20:29:51 0 0 경기70아1592 3 36 204000065 122000285 65 
2020-12-04T20:30:51 0 0 경기70아1592 3 35 204000065 122000285 65 
2020-12-04T20:31:50 0 0 경기70아1592 3 35 204000065 277103420 66 
2020-12-04T20:32:50 0 0 경기70아1592 3 35 204000065 277103420 66 
2020-12-04T20:33:50 0 0 경기70아1592 3 35 204000065 277103420 66 
2020-12-04T20:34:49 0 0 경기70아1592 3 35 204000065 277103420 66 
2020-12-04T20:35:49 0 0 경기70아1592 3 35 204000065 277103420 66 
2020-12-04T20:36:49 0 0 경기70아1592 3 35 204000065 277103418 67 
2020-12-04T20:37:48 0 0 경기70아1592 3 35 204000065 277103418 67 
2020-12-04T20:38:48 0 0 경기70아1592 3 35 204000065 277103418 67 
2020-12-04T20:39:48 0 0 경기70아1592 3 35 204000065 277103418 67 
2020-12-04T20:40:47 0 0 경기70아1592 3 35 204000065 277103418 67 
2020-12-04T20:41:47 0 0 경기70아1592 3 35 204000065 277103418 67 
2020-12-04T20:42:47 0 0 경기70아1592 3 36 204000065 277103418 67 
2020-12-04T20:43:46 0 0 경기70아1592 3 36 204000065 205000207 68 
2020-12-04T20:44:45 0 0 경기70아1592 3 36 204000065 205000207 68 
2020-12-04T20:45:45 0 0 경기70아1592 3 36 204000065 205000245 69 
2020-12-04T20:46:45 0 0 경기70아1592 3 37 204000065 206000157 71 
2020-12-04T20:47:45 0 0 경기70아1592 3 37 204000065 206000157 71 
2020-12-04T20:48:45 0 0 경기70아1592 3 37 204000065 206000157 71 
2020-12-04T20:49:44 0 0 경기70아1592 3 38 204000065 206000055 72 
2020-12-04T20:50:43 0 0 경기70아1592 3 38 204000065 206000054 73 
2020-12-04T20:51:43 0 0 경기70아1592 3 38 204000065 206000053 74 
2020-12-04T20:52:43 0 0 경기70아1592 3 38 204000065 206000053 74 
2020-12-04T20:53:42 0 0 경기70아1592 3 38 204000065 206000238 75 
2020-12-04T20:54:42 0 0 경기70아1592 3 38 204000065 206000238 75 
2020-12-04T20:55:41 0 0 경기70아1592 3 38 204000065 206000237 76 
2020-12-04T20:56:41 0 0 경기70아1592 3 38 204000065 206000052 77 
2020-12-04T20:57:41 0 0 경기70아1592 3 39 204000065 206000128 79 
2020-12-04T20:58:40 0 0 경기70아1592 3 39 204000065 206000128 79 
2020-12-04T20:59:40 0 0 경기70아1592 3 39 204000065 206000128 79 
2020-12-04T21:00:39 0 0 경기70아1592 3 39 204000065 206000049 81 
2020-12-04T21:01:38 0 0 경기70아1592 3 39 204000065 206000048 82 
2020-12-04T21:02:38 0 0 경기70아1592 3 39 204000065 206000044 86 
2020-12-04T21:03:38 0 0 경기70아1592 3 39 204000065 206000672 87 
2020-12-04T21:04:37 0 0 경기70아1592 3 39 204000065 206000178 89 
2020-12-04T21:05:37 0 0 경기70아1592 3 39 204000065 206000178 89 
2020-12-04T21:06:37 0 0 경기70아1592 3 39 204000065 206000724 90 
2020-12-04T21:07:36 0 0 경기70아1592 3 39 204000065 206000722 91 
2020-12-04T21:08:35 0 0 경기70아1592 3 39 204000065 206000722 91 
2020-12-04T21:09:35 0 0 경기70아1592 3 39 204000065 206000715 92 
2020-12-04T21:10:34 0 0 경기70아1592 3 39 204000065 206000041 94 
2020-12-04T21:11:34 0 0 경기70아1592 3 39 204000065 206000171 95 
2020-12-04T21:12:33 0 0 경기70아1592 3 39 204000065 206000171 95 
2020-12-04T21:13:33 0 0 경기70아1592 3 39 204000065 206000171 95 
2020-12-04T21:14:32 0 0 경기70아1592 3 39 204000065 206000171 95 
2020-12-04T21:15:32 0 0 경기70아1592 3 39 204000065 206000171 95 
2020-12-04T21:16:31 0 0 경기70아1592 3 39 204000065 206000171 95 
2020-12-04T21:17:31 0 0 경기70아1592 3 39 204000065 206000171 95 
2020-12-04T21:18:31 0 0 경기70아1592 3 39 204000065 206000171 95 
2020-12-04T21:19:30 0 0 경기70아1592 3 39 204000065 206000171 95 
2020-12-04T21:20:30 0 0 경기70아1592 3 39 204000065 206000171 95 
2020-12-04T21:21:30 0 0 경기70아1592 3 39 204000065 206000171 95 
2020-12-04T21:22:29 0 0 경기70아1592 3 39 204000065 206000171 95 
2020-12-04T21:23:29 0 0 경기70아1592 3 39 204000065 206000171 95 
2020-12-04T21:24:29 0 0 경기70아1592 3 39 204000065 206000171 95 
2020-12-04T21:25:28 0 0 경기70아1592 3 39 204000065 206000171 95 
2020-12-04T21:54:16 0 0 경기70아1592 3 39 204000065 206000334 5 
2020-12-04T21:55:15 0 0 경기70아1592 3 39 204000065 206000334 5 
2020-12-04T21:56:15 0 0 경기70아1592 3 39 204000065 206000334 5 
2020-12-04T21:57:15 0 0 경기70아1592 3 39 204000065 206000334 5 
2020-12-04T21:58:14 0 0 경기70아1592 3 39 204000065 206000714 7 
2020-12-04T21:59:14 0 0 경기70아1592 3 39 204000065 206000721 8 
2020-12-04T22:00:13 0 0 경기70아1592 3 39 204000065 206000721 8 
2020-12-04T22:01:13 0 0 경기70아1592 3 39 204000065 206000723 9 
2020-12-04T22:02:13 0 0 경기70아1592 3 39 204000065 206000249 11 
2020-12-04T22:03:13 0 0 경기70아1592 3 39 204000065 206000038 13 
2020-12-04T22:04:13 0 0 경기70아1592 3 39 204000065 206000036 15 
2020-12-04T22:05:12 0 0 경기70아1592 3 39 204000065 206000034 17 
2020-12-04T22:06:11 0 0 경기70아1592 3 39 204000065 206000034 17 
2020-12-04T22:07:11 0 0 경기70아1592 3 39 204000065 206000033 18 
2020-12-04T22:08:11 0 0 경기70아1592 3 39 204000065 206000033 18 
2020-12-04T22:09:10 0 0 경기70아1592 3 39 204000065 206000031 20 
2020-12-04T22:10:11 0 0 경기70아1592 3 38 204000065 206000029 22 
2020-12-04T22:11:10 0 0 경기70아1592 3 38 204000065 206000318 24 
2020-12-04T22:12:09 0 0 경기70아1592 3 39 204000065 206000317 25 
2020-12-04T22:13:09 0 0 경기70아1592 3 39 204000065 206000027 27 
2020-12-04T22:14:09 0 0 경기70아1592 3 39 204000065 206000227 28 
2020-12-04T22:15:09 0 0 경기70아1592 3 39 204000065 206000226 29 
2020-12-04T22:16:08 0 0 경기70아1592 3 38 204000065 206000784 30 
2020-12-04T22:17:08 0 0 경기70아1592 3 38 204000065 205000029 31 
2020-12-04T22:18:08 0 0 경기70아1592 3 38 204000065 205000029 31 
2020-12-04T22:19:07 0 0 경기70아1592 3 38 204000065 205000029 31 
2020-12-04T22:20:06 0 0 경기70아1592 3 38 204000065 205000029 31 
2020-12-04T22:21:06 0 0 경기70아1592 3 38 204000065 205000029 31 
2020-12-04T22:22:05 0 0 경기70아1592 3 38 204000065 205000069 32 
2020-12-04T22:23:04 0 0 경기70아1592 3 38 204000065 277102622 33 
2020-12-04T22:24:04 0 0 경기70아1592 3 38 204000065 277102622 33 
2020-12-04T22:25:03 0 0 경기70아1592 3 38 204000065 277102622 33 
2020-12-04T22:26:03 0 0 경기70아1592 3 38 204000065 277102622 33 
2020-12-04T22:27:03 0 0 경기70아1592 3 38 204000065 277103419 34 
2020-12-04T22:28:02 0 0 경기70아1592 3 38 204000065 277103419 34 
2020-12-04T22:29:02 0 0 경기70아1592 3 39 204000065 277103421 35 
2020-12-04T22:30:01 0 0 경기70아1592 3 39 204000065 277103421 35 
2020-12-04T22:31:00 0 0 경기70아1592 3 39 204000065 122000287 36 
2020-12-04T22:32:00 0 0 경기70아1592 3 39 204000065 122000288 37 
2020-12-04T22:33:00 0 0 경기70아1592 3 39 204000065 122000291 39 
2020-12-04T22:33:59 0 0 경기70아1592 3 39 204000065 122000291 39 
2020-12-04T22:34:58 0 0 경기70아1592 3 39 204000065 122000137 40 
2020-12-04T22:35:58 0 0 경기70아1592 3 39 204000065 122000139 43 
2020-12-04T22:36:58 0 0 경기70아1592 3 39 204000065 122000139 43 
2020-12-04T22:37:57 0 0 경기70아1592 3 39 204000065 122000139 43 
2020-12-04T22:38:57 0 0 경기70아1592 3 39 204000065 122000089 45 
2020-12-04T22:39:56 0 0 경기70아1592 3 39 204000065 122000066 48 
2020-12-04T22:40:56 0 0 경기70아1592 3 39 204000065 122000066 48 
2020-12-04T22:41:56 0 0 경기70아1592 3 39 204000065 122000066 48 
2020-12-04T22:42:55 0 0 경기70아1592 3 39 204000065 122000064 49 
2020-12-04T22:43:55 0 0 경기70아1592 3 39 204000065 122000559 50 
2020-12-04T22:44:54 0 0 경기70아1592 3 39 204000065 122000078 51 
2020-12-04T22:45:53 0 0 경기70아1592 3 39 204000065 122000079 52 
2020-12-04T22:46:53 0 0 경기70아1592 3 39 204000065 122000079 52 
2020-12-04T22:47:52 0 0 경기70아1592 3 39 204000065 122000065 53 
2020-12-04T22:48:52 0 0 경기70아1592 3 39 204000065 122000068 55 
2020-12-04T22:49:52 0 0 경기70아1592 3 39 204000065 122000086 56 
2020-12-04T22:50:51 0 0 경기70아1592 3 39 204000065 122000086 56 
2020-12-04T22:51:50 0 0 경기70아1592 3 39 204000065 122000095 57 
2020-12-04T22:52:51 0 0 경기70아1592 3 39 204000065 122000096 58 
2020-12-04T22:53:50 0 0 경기70아1592 3 39 204000065 122000096 58 
2020-12-04T22:54:49 0 0 경기70아1592 3 38 204000065 122000330 59 
2020-12-04T22:55:48 0 0 경기70아1592 3 38 204000065 122000142 60 
2020-12-04T22:56:47 0 0 경기70아1592 3 38 204000065 122000133 61 
2020-12-04T22:57:47 0 0 경기70아1592 3 38 204000065 122000133 61 
2020-12-04T22:58:47 0 0 경기70아1592 3 38 204000065 122000256 62 
2020-12-04T22:59:46 0 0 경기70아1592 3 38 204000065 122000257 63 
2020-12-04T23:00:46 0 0 경기70아1592 3 38 204000065 122000257 63 
2020-12-04T23:01:46 0 0 경기70아1592 3 38 204000065 122000286 64 
2020-12-04T23:02:46 0 0 경기70아1592 3 38 204000065 122000285 65 
2020-12-04T23:03:46 0 0 경기70아1592 3 38 204000065 277103420 66 
2020-12-04T23:04:45 0 0 경기70아1592 3 38 204000065 277103420 66 
2020-12-04T23:05:45 0 0 경기70아1592 3 38 204000065 277103420 66 
2020-12-04T23:06:45 0 0 경기70아1592 3 38 204000065 277103418 67 
2020-12-04T23:07:45 0 0 경기70아1592 3 38 204000065 277103418 67 
2020-12-04T23:08:45 0 0 경기70아1592 3 38 204000065 277103418 67 
2020-12-04T23:09:44 0 0 경기70아1592 3 38 204000065 277103418 67 
2020-12-04T23:10:44 0 0 경기70아1592 3 38 204000065 277103418 67 
2020-12-04T23:11:43 0 0 경기70아1592 3 38 204000065 205000207 68 
2020-12-04T23:12:43 0 0 경기70아1592 3 38 204000065 205000207 68 
2020-12-04T23:13:42 0 0 경기70아1592 3 38 204000065 205000207 68 
2020-12-04T23:14:42 0 0 경기70아1592 3 38 204000065 205000207 68 
2020-12-04T23:15:42 0 0 경기70아1592 3 38 204000065 205000245 69 
2020-12-04T23:16:42 0 0 경기70아1592 3 38 204000065 206000157 71 
2020-12-04T23:17:41 0 0 경기70아1592 3 38 204000065 206000054 73 
2020-12-04T23:18:40 0 0 경기70아1592 3 38 204000065 206000053 74 
2020-12-04T23:19:40 0 0 경기70아1592 3 38 204000065 206000053 74 
2020-12-04T23:20:39 0 0 경기70아1592 3 37 204000065 206000238 75 
2020-12-04T23:21:39 0 0 경기70아1592 3 37 204000065 206000238 75 
2020-12-04T23:22:39 0 0 경기70아1592 3 38 204000065 206000237 76 
2020-12-04T23:23:38 0 0 경기70아1592 3 38 204000065 206000052 77 
2020-12-04T23:24:38 0 0 경기70아1592 3 38 204000065 206000049 81 
2020-12-04T23:25:37 0 0 경기70아1592 3 38 204000065 206000048 82 
2020-12-04T23:26:37 0 0 경기70아1592 3 38 204000065 206000672 87 
2020-12-04T23:27:36 0 0 경기70아1592 3 39 204000065 206000672 87 
2020-12-04T23:28:36 0 0 경기70아1592 3 39 204000065 206000178 89 
2020-12-04T23:29:35 0 0 경기70아1592 3 39 204000065 206000178 89 
2020-12-04T23:30:35 0 0 경기70아1592 3 39 204000065 206000722 91 
2020-12-04T23:31:34 0 0 경기70아1592 3 39 204000065 206000722 91 
2020-12-04T23:32:34 0 0 경기70아1592 3 39 204000065 206000041 94 
2020-12-04T23:33:33 0 0 경기70아1592 3 39 204000065 206000041 94 
2020-12-04T23:34:33 0 0 경기70아1592 3 39 204000065 206000041 94 
2020-12-04T23:35:33 0 0 경기70아1592 3 39 204000065 206000171 95 
2020-12-04T23:36:32 0 0 경기70아1592 3 39 204000065 206000171 95 
2020-12-04T23:37:32 0 0 경기70아1592 3 39 204000065 206000171 95 
2020-12-04T23:38:32 0 0 경기70아1592 3 39 204000065 206000171 95 
2020-12-04T23:39:31 0 0 경기70아1592 3 39 204000065 206000171 95 
2020-12-04T23:40:31 0 0 경기70아1592 3 39 204000065 206000171 95 
2020-12-04T23:41:30 0 0 경기70아1592 3 39 204000065 206000171 95 
2020-12-04T23:42:29 0 0 경기70아1592 3 39 204000065 206000171 95 
2020-12-04T23:43:29 0 0 경기70아1592 3 39 204000065 206000171 95 
2020-12-04T23:44:29 0 0 경기70아1592 3 39 204000065 206000171 95 
2020-12-04T23:45:28 0 0 경기70아1592 3 39 204000065 206000171 95 
2020-12-04T23:46:28 0 0 경기70아1592 3 39 204000065 206000171 95 
2020-12-04T23:47:28 0 0 경기70아1592 3 39 204000065 206000171 95 
2020-12-04T23:48:27 0 0 경기70아1592 3 39 204000065 206000171 95 
2020-12-04T23:49:27 0 0 경기70아1592 3 39 204000065 206000171 95 
