204000065 2020-12-04T23:50:26.607876+09:00
2020-12-05T06:59:34 0 0 경기70아1592 3 39 204000065 206000405 4 
2020-12-05T07:00:33 0 0 경기70아1592 3 39 204000065 206000334 5 
2020-12-05T07:01:32 0 0 경기70아1592 3 39 204000065 206000334 5 
2020-12-05T07:02:33 0 0 경기70아1592 3 39 204000065 206000334 5 
2020-12-05T07:03:32 0 0 경기70아1592 3 39 204000065 206000334 5 
2020-12-05T07:04:31 0 0 경기70아1592 3 39 204000065 206000714 7 
2020-12-05T07:05:31 0 0 경기70아1592 3 39 204000065 206000714 7 
2020-12-05T07:06:30 0 0 경기70아1592 3 39 204000065 206000723 9 
2020-12-05T07:07:30 0 0 경기70아1592 3 39 204000065 206000327 10 
2020-12-05T07:08:30 0 0 경기70아1592 3 39 204000065 206000038 13 
2020-12-05T07:09:29 0 0 경기70아1592 3 39 204000065 206000037 14 
2020-12-05T07:10:28 0 0 경기70아1592 3 39 204000065 206000036 15 
2020-12-05T07:11:27 0 0 경기70아1592 3 37 204000065 206000034 17 
2020-12-05T07:12:26 0 0 경기70아1592 3 37 204000065 206000034 17 
2020-12-05T07:13:25 0 0 경기70아1592 3 37 204000065 206000033 18 
2020-12-05T07:14:25 0 0 경기70아1592 3 37 204000065 206000033 18 
2020-12-05T07:15:25 0 0 경기70아1592 3 37 204000065 206000032 19 
2020-12-05T07:16:24 0 0 경기70아1592 3 37 204000065 206000029 22 
2020-12-05T07:17:24 0 0 경기70아1592 3 37 204000065 206000383 23 
2020-12-05T07:18:24 0 0 경기70아1592 3 37 204000065 206000383 23 
2020-12-05T07:19:23 0 0 경기70아1592 3 37 204000065 206000383 23 
2020-12-05T07:20:23 0 0 경기70아1592 3 37 204000065 206000317 25 
2020-12-05T07:21:23 0 0 경기70아1592 3 37 204000065 206000028 26 
2020-12-05T07:22:23 0 0 경기70아1592 3 37 204000065 206000027 27 
2020-12-05T07:23:22 0 0 경기70아1592 3 37 204000065 206000227 28 
2020-12-05T07:24:22 0 0 경기70아1592 3 37 204000065 206000226 29 
2020-12-05T07:25:21 0 0 경기70아1592 3 37 204000065 206000784 30 
2020-12-05T07:26:20 0 0 경기70아1592 3 37 204000065 205000029 31 
2020-12-05T07:27:21 0 0 경기70아1592 3 37 204000065 205000029 31 
2020-12-05T07:28:20 0 0 경기70아1592 3 37 204000065 205000029 31 
2020-12-05T07:29:19 0 0 경기70아1592 3 37 204000065 205000029 31 
2020-12-05T07:30:19 0 0 경기70아1592 3 37 204000065 205000069 32 
2020-12-05T07:31:18 0 0 경기70아1592 3 37 204000065 205000069 32 
2020-12-05T07:32:18 0 0 경기70아1592 3 37 204000065 205000069 32 
2020-12-05T07:33:18 0 0 경기70아1592 3 37 204000065 277102622 33 
2020-12-05T07:34:17 0 0 경기70아1592 3 37 204000065 277102622 33 
2020-12-05T07:35:17 0 0 경기70아1592 3 37 204000065 277102622 33 
2020-12-05T07:36:16 0 0 경기70아1592 3 37 204000065 277103419 34 
2020-12-05T07:37:16 0 0 경기70아1592 3 37 204000065 277103419 34 
2020-12-05T07:38:15 0 0 경기70아1592 3 37 204000065 277103419 34 
2020-12-05T07:39:15 0 0 경기70아1592 3 37 204000065 277103421 35 
2020-12-05T07:40:14 0 0 경기70아1592 3 37 204000065 277103421 35 
2020-12-05T07:41:13 0 0 경기70아1592 3 37 204000065 122000287 36 
2020-12-05T07:42:13 0 0 경기70아1592 3 37 204000065 122000288 37 
2020-12-05T07:43:13 0 0 경기70아1592 3 37 204000065 122000258 38 
2020-12-05T07:44:12 0 0 경기70아1592 3 37 204000065 122000258 38 
2020-12-05T07:45:11 0 0 경기70아1592 3 37 204000065 122000291 39 
2020-12-05T07:46:10 0 0 경기70아1592 3 37 204000065 122000137 40 
2020-12-05T07:47:10 0 0 경기70아1592 3 37 204000065 122000388 41 
2020-12-05T07:48:09 0 0 경기70아1592 3 37 204000065 122000139 43 
2020-12-05T07:49:08 0 0 경기70아1592 3 37 204000065 122000139 43 
2020-12-05T07:50:08 0 0 경기70아1592 3 37 204000065 122000089 45 
2020-12-05T07:51:07 0 0 경기70아1592 3 39 204000065 122000085 46 
2020-12-05T07:52:07 0 0 경기70아1592 3 39 204000065 122000066 48 
2020-12-05T07:53:06 0 0 경기70아1592 3 39 204000065 122000066 48 
2020-12-05T07:54:06 0 0 경기70아1592 3 39 204000065 122000066 48 
2020-12-05T07:55:05 0 0 경기70아1592 3 39 204000065 122000066 48 
2020-12-05T07:56:04 0 0 경기70아1592 3 39 204000065 122000064 49 
2020-12-05T07:57:03 0 0 경기70아1592 3 39 204000065 122000559 50 
2020-12-05T07:58:02 0 0 경기70아1592 3 39 204000065 122000078 51 
2020-12-05T07:59:01 0 0 경기70아1592 3 39 204000065 122000078 51 
2020-12-05T08:00:01 0 0 경기70아1592 3 39 204000065 122000079 52 
2020-12-05T08:01:00 0 0 경기70아1592 3 39 204000065 122000079 52 
2020-12-05T08:02:00 0 0 경기70아1592 3 39 204000065 122000079 52 
2020-12-05T08:03:00 0 0 경기70아1592 3 39 204000065 122000065 53 
2020-12-05T08:03:58 0 0 경기70아1592 3 39 204000065 122000068 55 
2020-12-05T08:04:58 0 0 경기70아1592 3 39 204000065 122000086 56 
2020-12-05T08:05:57 0 0 경기70아1592 3 39 204000065 122000086 56 
2020-12-05T08:06:56 0 0 경기70아1592 3 39 204000065 122000095 57 
2020-12-05T08:07:55 0 0 경기70아1592 3 39 204000065 122000096 58 
2020-12-05T08:08:55 0 0 경기70아1592 3 39 204000065 122000096 58 
2020-12-05T08:09:55 0 0 경기70아1592 3 39 204000065 122000330 59 
2020-12-05T08:10:55 0 0 경기70아1592 3 39 204000065 122000330 59 
2020-12-05T08:11:55 0 0 경기70아1592 3 39 204000065 122000142 60 
2020-12-05T08:12:54 0 0 경기70아1592 3 39 204000065 122000142 60 
2020-12-05T08:13:53 0 0 경기70아1592 3 39 204000065 122000133 61 
2020-12-05T08:14:52 0 0 경기70아1592 3 39 204000065 122000256 62 
2020-12-05T08:15:51 0 0 경기70아1592 3 39 204000065 122000257 63 
2020-12-05T08:16:51 0 0 경기70아1592 3 39 204000065 122000257 63 
2020-12-05T08:17:50 0 0 경기70아1592 3 38 204000065 122000285 65 
2020-12-05T08:18:50 0 0 경기70아1592 3 38 204000065 122000285 65 
2020-12-05T08:19:49 0 0 경기70아1592 3 38 204000065 277103420 66 
2020-12-05T08:20:49 0 0 경기70아1592 3 38 204000065 277103420 66 
2020-12-05T08:21:49 0 0 경기70아1592 3 38 204000065 277103418 67 
2020-12-05T08:22:49 0 0 경기70아1592 3 38 204000065 277103418 67 
2020-12-05T08:23:48 0 0 경기70아1592 3 38 204000065 277103418 67 
2020-12-05T08:24:48 0 0 경기70아1592 3 38 204000065 277103418 67 
2020-12-05T08:25:48 0 0 경기70아1592 3 38 204000065 277103418 67 
2020-12-05T08:26:47 0 0 경기70아1592 3 38 204000065 277103418 67 
2020-12-05T08:27:47 0 0 경기70아1592 3 38 204000065 205000207 68 
2020-12-05T08:28:46 0 0 경기70아1592 3 38 204000065 205000245 69 
2020-12-05T08:29:45 0 0 경기70아1592 3 38 204000065 205000245 69 
2020-12-05T08:30:45 0 0 경기70아1592 3 38 204000065 206000361 70 
2020-12-05T08:31:44 0 0 경기70아1592 3 38 204000065 206000157 71 
2020-12-05T08:32:44 0 0 경기70아1592 3 38 204000065 206000054 73 
2020-12-05T08:33:43 0 0 경기70아1592 3 38 204000065 206000054 73 
2020-12-05T08:34:43 0 0 경기70아1592 3 38 204000065 206000054 73 
2020-12-05T08:35:42 0 0 경기70아1592 3 38 204000065 206000053 74 
2020-12-05T08:36:42 0 0 경기70아1592 3 38 204000065 206000053 74 
2020-12-05T08:37:42 0 0 경기70아1592 3 38 204000065 206000053 74 
2020-12-05T08:38:41 0 0 경기70아1592 3 38 204000065 206000237 76 
2020-12-05T08:39:41 0 0 경기70아1592 3 38 204000065 206000237 76 
2020-12-05T08:40:40 0 0 경기70아1592 3 38 204000065 206000237 76 
2020-12-05T08:41:41 0 0 경기70아1592 3 38 204000065 206000052 77 
2020-12-05T08:42:40 0 0 경기70아1592 3 38 204000065 206000049 81 
2020-12-05T08:43:40 0 0 경기70아1592 3 38 204000065 206000048 82 
2020-12-05T08:44:40 0 0 경기70아1592 3 38 204000065 206000044 86 
2020-12-05T08:45:40 0 0 경기70아1592 3 38 204000065 206000672 87 
2020-12-05T08:46:39 0 0 경기70아1592 3 38 204000065 206000043 88 
2020-12-05T08:47:39 0 0 경기70아1592 3 38 204000065 206000178 89 
2020-12-05T08:48:38 0 0 경기70아1592 3 38 204000065 206000178 89 
2020-12-05T08:49:38 0 0 경기70아1592 3 38 204000065 206000722 91 
2020-12-05T08:50:38 0 0 경기70아1592 3 38 204000065 206000722 91 
2020-12-05T08:51:37 0 0 경기70아1592 3 38 204000065 206000715 92 
2020-12-05T08:52:36 0 0 경기70아1592 3 39 204000065 206000711 93 
2020-12-05T08:53:36 0 0 경기70아1592 3 39 204000065 206000171 95 
2020-12-05T08:54:36 0 0 경기70아1592 3 39 204000065 206000171 95 
2020-12-05T08:55:35 0 0 경기70아1592 3 39 204000065 206000171 95 
2020-12-05T08:56:35 0 0 경기70아1592 3 39 204000065 206000171 95 
2020-12-05T08:57:35 0 0 경기70아1592 3 39 204000065 206000171 95 
2020-12-05T08:58:35 0 0 경기70아1592 3 39 204000065 206000171 95 
2020-12-05T08:59:34 0 0 경기70아1592 3 39 204000065 206000171 95 
2020-12-05T09:00:34 0 0 경기70아1592 3 39 204000065 206000171 95 
2020-12-05T09:01:34 0 0 경기70아1592 3 39 204000065 206000171 95 
2020-12-05T09:02:34 0 0 경기70아1592 3 39 204000065 206000171 95 
2020-12-05T09:03:33 0 0 경기70아1592 3 39 204000065 206000171 95 
2020-12-05T09:04:33 0 0 경기70아1592 3 39 204000065 206000171 95 
2020-12-05T09:05:33 0 0 경기70아1592 3 39 204000065 206000171 95 
2020-12-05T09:06:32 0 0 경기70아1592 3 39 204000065 206000171 95 
2020-12-05T09:07:32 0 0 경기70아1592 3 39 204000065 206000171 95 
2020-12-05T10:59:36 0 0 경기70아1592 3 39 204000065 277102470 3 
2020-12-05T11:00:35 0 0 경기70아1592 3 39 204000065 277102470 3 
2020-12-05T11:01:35 0 0 경기70아1592 3 39 204000065 277102470 3 
2020-12-05T11:02:34 0 0 경기70아1592 3 39 204000065 206000405 4 
2020-12-05T11:03:33 0 0 경기70아1592 3 39 204000065 206000334 5 
2020-12-05T11:04:33 0 0 경기70아1592 3 39 204000065 206000714 7 
2020-12-05T11:05:33 0 0 경기70아1592 3 39 204000065 206000714 7 
2020-12-05T11:06:33 0 0 경기70아1592 3 39 204000065 206000723 9 
2020-12-05T11:07:32 0 0 경기70아1592 3 39 204000065 206000723 9 
2020-12-05T11:08:32 0 0 경기70아1592 3 39 204000065 206000327 10 
2020-12-05T11:09:31 0 0 경기70아1592 3 39 204000065 206000249 11 
2020-12-05T11:10:31 0 0 경기70아1592 3 39 204000065 206000039 12 
2020-12-05T11:11:30 0 0 경기70아1592 3 39 204000065 206000039 12 
2020-12-05T11:12:30 0 0 경기70아1592 3 39 204000065 206000037 14 
2020-12-05T11:13:30 0 0 경기70아1592 3 39 204000065 206000036 15 
2020-12-05T11:14:29 0 0 경기70아1592 3 39 204000065 206000034 17 
2020-12-05T11:15:29 0 0 경기70아1592 3 39 204000065 206000034 17 
2020-12-05T11:16:28 0 0 경기70아1592 3 39 204000065 206000033 18 
2020-12-05T11:17:28 0 0 경기70아1592 3 39 204000065 206000033 18 
2020-12-05T11:18:27 0 0 경기70아1592 3 39 204000065 206000032 19 
2020-12-05T11:19:27 0 0 경기70아1592 3 39 204000065 206000030 21 
2020-12-05T11:20:26 0 0 경기70아1592 3 39 204000065 206000030 21 
2020-12-05T11:21:26 0 0 경기70아1592 3 39 204000065 206000030 21 
2020-12-05T11:22:26 0 0 경기70아1592 3 39 204000065 206000029 22 
2020-12-05T11:23:26 0 0 경기70아1592 3 39 204000065 206000318 24 
2020-12-05T11:24:26 0 0 경기70아1592 3 39 204000065 206000318 24 
2020-12-05T11:25:26 0 0 경기70아1592 3 39 204000065 206000318 24 
2020-12-05T11:26:25 0 0 경기70아1592 3 39 204000065 206000317 25 
2020-12-05T11:27:25 0 0 경기70아1592 3 39 204000065 206000227 28 
2020-12-05T11:28:25 0 0 경기70아1592 3 39 204000065 206000227 28 
2020-12-05T11:29:24 0 0 경기70아1592 3 39 204000065 206000226 29 
2020-12-05T11:30:24 0 0 경기70아1592 3 39 204000065 206000226 29 
2020-12-05T11:31:23 0 0 경기70아1592 3 38 204000065 206000784 30 
2020-12-05T11:32:23 0 0 경기70아1592 3 38 204000065 206000784 30 
2020-12-05T11:33:22 0 0 경기70아1592 3 38 204000065 206000784 30 
2020-12-05T11:34:22 0 0 경기70아1592 3 37 204000065 205000029 31 
2020-12-05T11:35:21 0 0 경기70아1592 3 37 204000065 205000029 31 
2020-12-05T11:36:20 0 0 경기70아1592 3 37 204000065 205000029 31 
2020-12-05T11:37:22 0 0 경기70아1592 3 37 204000065 205000029 31 
2020-12-05T11:38:20 0 0 경기70아1592 3 37 204000065 205000069 32 
2020-12-05T11:39:19 0 0 경기70아1592 3 37 204000065 205000069 32 
2020-12-05T11:40:18 0 0 경기70아1592 3 37 204000065 205000069 32 
2020-12-05T11:41:17 0 0 경기70아1592 3 37 204000065 205000069 32 
2020-12-05T11:42:16 0 0 경기70아1592 3 37 204000065 277102622 33 
2020-12-05T11:43:16 0 0 경기70아1592 3 37 204000065 277102622 33 
2020-12-05T11:44:16 0 0 경기70아1592 3 37 204000065 277102622 33 
2020-12-05T11:45:15 0 0 경기70아1592 3 37 204000065 277102622 33 
2020-12-05T11:46:14 0 0 경기70아1592 3 37 204000065 277102622 33 
2020-12-05T11:47:13 0 0 경기70아1592 3 37 204000065 277102622 33 
2020-12-05T11:48:13 0 0 경기70아1592 3 37 204000065 277103419 34 
2020-12-05T11:49:13 0 0 경기70아1592 3 37 204000065 277103419 34 
2020-12-05T11:50:13 0 0 경기70아1592 3 37 204000065 277103419 34 
2020-12-05T11:51:13 0 0 경기70아1592 3 37 204000065 277103419 34 
2020-12-05T11:52:13 0 0 경기70아1592 3 37 204000065 277103419 34 
2020-12-05T11:53:12 0 0 경기70아1592 3 37 204000065 277103419 34 
2020-12-05T11:54:11 0 0 경기70아1592 3 37 204000065 277103419 34 
2020-12-05T11:55:10 0 0 경기70아1592 3 37 204000065 277103419 34 
2020-12-05T11:56:09 0 0 경기70아1592 3 37 204000065 277103419 34 
2020-12-05T11:57:08 0 0 경기70아1592 3 37 204000065 277103419 34 
2020-12-05T11:58:08 0 0 경기70아1592 3 37 204000065 277103419 34 
2020-12-05T11:59:08 0 0 경기70아1592 3 37 204000065 277103419 34 
2020-12-05T12:00:07 0 0 경기70아1592 3 37 204000065 277103419 34 
2020-12-05T12:01:06 0 0 경기70아1592 3 37 204000065 277103419 34 
2020-12-05T12:02:06 0 0 경기70아1592 3 37 204000065 277103421 35 
2020-12-05T12:03:06 0 0 경기70아1592 3 37 204000065 277103421 35 
2020-12-05T12:04:05 0 0 경기70아1592 3 38 204000065 122000287 36 
2020-12-05T12:05:04 0 0 경기70아1592 3 37 204000065 122000288 37 
2020-12-05T12:06:03 0 0 경기70아1592 3 37 204000065 122000288 37 
2020-12-05T12:07:03 0 0 경기70아1592 3 37 204000065 122000258 38 
2020-12-05T12:08:02 0 0 경기70아1592 3 37 204000065 122000258 38 
2020-12-05T12:09:01 0 0 경기70아1592 3 37 204000065 122000291 39 
2020-12-05T12:10:00 0 0 경기70아1592 3 37 204000065 122000291 39 
2020-12-05T12:11:00 0 0 경기70아1592 3 37 204000065 122000291 39 
2020-12-05T12:12:00 0 0 경기70아1592 3 37 204000065 122000291 39 
2020-12-05T12:12:59 0 0 경기70아1592 3 37 204000065 122000137 40 
2020-12-05T12:13:59 0 0 경기70아1592 3 37 204000065 122000137 40 
2020-12-05T12:14:58 0 0 경기70아1592 3 37 204000065 122000137 40 
2020-12-05T12:15:57 0 0 경기70아1592 3 38 204000065 122000388 41 
2020-12-05T12:16:58 0 0 경기70아1592 3 38 204000065 122000386 42 
2020-12-05T12:17:57 0 0 경기70아1592 3 38 204000065 122000139 43 
2020-12-05T12:18:57 0 0 경기70아1592 3 38 204000065 122000094 44 
2020-12-05T12:19:56 0 0 경기70아1592 3 38 204000065 122000094 44 
2020-12-05T12:20:56 0 0 경기70아1592 3 38 204000065 122000089 45 
2020-12-05T12:21:56 0 0 경기70아1592 3 38 204000065 122000085 46 
2020-12-05T12:22:56 0 0 경기70아1592 3 38 204000065 122000069 47 
2020-12-05T12:23:55 0 0 경기70아1592 3 38 204000065 122000069 47 
2020-12-05T12:24:54 0 0 경기70아1592 3 38 204000065 122000066 48 
2020-12-05T12:25:54 0 0 경기70아1592 3 38 204000065 122000066 48 
2020-12-05T12:26:54 0 0 경기70아1592 3 38 204000065 122000066 48 
2020-12-05T12:27:54 0 0 경기70아1592 3 38 204000065 122000064 49 
2020-12-05T12:28:54 0 0 경기70아1592 3 38 204000065 122000559 50 
2020-12-05T12:29:53 0 0 경기70아1592 3 38 204000065 122000559 50 
2020-12-05T12:30:52 0 0 경기70아1592 3 38 204000065 122000078 51 
2020-12-05T12:31:52 0 0 경기70아1592 3 38 204000065 122000078 51 
2020-12-05T12:32:52 0 0 경기70아1592 3 38 204000065 122000079 52 
2020-12-05T12:33:52 0 0 경기70아1592 3 38 204000065 122000079 52 
2020-12-05T12:34:51 0 0 경기70아1592 3 38 204000065 122000079 52 
2020-12-05T12:35:51 0 0 경기70아1592 3 38 204000065 122000065 53 
2020-12-05T12:36:51 0 0 경기70아1592 3 38 204000065 122000637 54 
2020-12-05T12:37:50 0 0 경기70아1592 3 38 204000065 122000068 55 
2020-12-05T12:38:50 0 0 경기70아1592 3 37 204000065 122000086 56 
2020-12-05T12:39:50 0 0 경기70아1592 3 37 204000065 122000095 57 
2020-12-05T12:40:50 0 0 경기70아1592 3 37 204000065 122000095 57 
2020-12-05T12:41:49 0 0 경기70아1592 3 37 204000065 122000096 58 
2020-12-05T12:42:48 0 0 경기70아1592 3 36 204000065 122000330 59 
2020-12-05T12:43:48 0 0 경기70아1592 3 36 204000065 122000330 59 
2020-12-05T12:44:47 0 0 경기70아1592 3 36 204000065 122000330 59 
2020-12-05T12:45:47 0 0 경기70아1592 3 36 204000065 122000142 60 
2020-12-05T12:46:47 0 0 경기70아1592 3 36 204000065 122000142 60 
2020-12-05T12:47:46 0 0 경기70아1592 3 36 204000065 122000133 61 
2020-12-05T12:48:46 0 0 경기70아1592 3 36 204000065 122000133 61 
2020-12-05T12:49:45 0 0 경기70아1592 3 36 204000065 122000133 61 
2020-12-05T12:50:45 0 0 경기70아1592 3 36 204000065 122000256 62 
2020-12-05T12:51:44 0 0 경기70아1592 3 36 204000065 122000257 63 
2020-12-05T12:52:44 0 0 경기70아1592 3 36 204000065 122000257 63 
2020-12-05T12:53:44 0 0 경기70아1592 3 36 204000065 122000257 63 
2020-12-05T12:54:43 0 0 경기70아1592 3 36 204000065 122000257 63 
2020-12-05T12:55:43 0 0 경기70아1592 3 36 204000065 122000257 63 
2020-12-05T12:56:43 0 0 경기70아1592 3 36 204000065 122000286 64 
2020-12-05T12:57:43 0 0 경기70아1592 3 35 204000065 122000285 65 
2020-12-05T12:58:42 0 0 경기70아1592 3 35 204000065 122000285 65 
2020-12-05T12:59:41 0 0 경기70아1592 3 35 204000065 122000285 65 
2020-12-05T13:00:41 0 0 경기70아1592 3 35 204000065 277103420 66 
2020-12-05T13:01:41 0 0 경기70아1592 3 35 204000065 277103420 66 
2020-12-05T13:02:41 0 0 경기70아1592 3 35 204000065 277103420 66 
2020-12-05T13:03:40 0 0 경기70아1592 3 35 204000065 277103418 67 
2020-12-05T13:03:56 0 0 경기70아1592 3 35 204000065 277103418 67 
2020-12-05T13:04:56 0 0 경기70아1592 3 35 204000065 277103418 67 
2020-12-05T13:05:56 0 0 경기70아1592 3 35 204000065 277103418 67 
2020-12-05T13:06:56 0 0 경기70아1592 3 35 204000065 277103418 67 
2020-12-05T13:07:55 0 0 경기70아1592 3 35 204000065 277103418 67 
2020-12-05T13:08:54 0 0 경기70아1592 3 35 204000065 277103418 67 
2020-12-05T13:09:53 0 0 경기70아1592 3 37 204000065 205000207 68 
2020-12-05T13:10:53 0 0 경기70아1592 3 37 204000065 205000207 68 
2020-12-05T13:11:53 0 0 경기70아1592 3 37 204000065 205000207 68 
2020-12-05T13:12:52 0 0 경기70아1592 3 37 204000065 205000207 68 
2020-12-05T13:13:52 0 0 경기70아1592 3 37 204000065 205000245 69 
2020-12-05T13:14:52 0 0 경기70아1592 3 37 204000065 205000245 69 
2020-12-05T13:15:51 0 0 경기70아1592 3 37 204000065 206000361 70 
2020-12-05T13:16:51 0 0 경기70아1592 3 38 204000065 206000157 71 
2020-12-05T13:17:51 0 0 경기70아1592 3 39 204000065 206000157 71 
2020-12-05T13:18:50 0 0 경기70아1592 3 39 204000065 206000157 71 
2020-12-05T13:19:49 0 0 경기70아1592 3 39 204000065 206000157 71 
2020-12-05T13:20:48 0 0 경기70아1592 3 39 204000065 206000054 73 
2020-12-05T13:21:48 0 0 경기70아1592 3 39 204000065 206000053 74 
2020-12-05T13:22:47 0 0 경기70아1592 3 39 204000065 206000053 74 
2020-12-05T13:23:46 0 0 경기70아1592 3 39 204000065 206000238 75 
2020-12-05T13:24:46 0 0 경기70아1592 3 39 204000065 206000238 75 
2020-12-05T13:25:45 0 0 경기70아1592 3 39 204000065 206000237 76 
2020-12-05T13:27:18 0 0 경기70아1592 3 39 204000065 206000051 78 
2020-12-05T13:28:17 0 0 경기70아1592 3 39 204000065 206000128 79 
2020-12-05T13:29:17 0 0 경기70아1592 3 39 204000065 206000128 79 
2020-12-05T13:29:39 0 0 경기70아1592 3 39 204000065 206000128 79 
2020-12-05T13:30:39 0 0 경기70아1592 3 39 204000065 206000049 81 
2020-12-05T13:31:38 0 0 경기70아1592 3 39 204000065 206000049 81 
2020-12-05T13:32:37 0 0 경기70아1592 3 39 204000065 206000047 83 
2020-12-05T13:33:37 0 0 경기70아1592 3 39 204000065 206000047 83 
2020-12-05T13:34:37 0 0 경기70아1592 3 39 204000065 206000047 83 
2020-12-05T13:35:36 0 0 경기70아1592 3 39 204000065 206000672 87 
2020-12-05T13:36:36 0 0 경기70아1592 3 39 204000065 206000672 87 
2020-12-05T13:37:35 0 0 경기70아1592 3 39 204000065 206000043 88 
2020-12-05T13:38:35 0 0 경기70아1592 3 39 204000065 206000178 89 
2020-12-05T13:39:35 0 0 경기70아1592 3 39 204000065 206000724 90 
2020-12-05T13:40:34 0 0 경기70아1592 3 39 204000065 206000724 90 
2020-12-05T13:41:34 0 0 경기70아1592 3 39 204000065 206000722 91 
2020-12-05T13:42:34 0 0 경기70아1592 3 39 204000065 206000715 92 
2020-12-05T13:43:33 0 0 경기70아1592 3 39 204000065 206000041 94 
2020-12-05T13:44:33 0 0 경기70아1592 3 39 204000065 206000171 95 
2020-12-05T13:45:33 0 0 경기70아1592 3 39 204000065 206000171 95 
2020-12-05T13:46:32 0 0 경기70아1592 3 39 204000065 206000171 95 
2020-12-05T13:47:32 0 0 경기70아1592 3 39 204000065 206000171 95 
2020-12-05T13:48:32 0 0 경기70아1592 3 39 204000065 206000171 95 
2020-12-05T13:49:31 0 0 경기70아1592 3 39 204000065 206000171 95 
2020-12-05T13:50:30 0 0 경기70아1592 3 39 204000065 206000171 95 
2020-12-05T13:51:30 0 0 경기70아1592 3 39 204000065 206000171 95 
2020-12-05T13:52:30 0 0 경기70아1592 3 39 204000065 206000171 95 
2020-12-05T13:53:29 0 0 경기70아1592 3 39 204000065 206000171 95 
2020-12-05T13:54:29 0 0 경기70아1592 3 39 204000065 206000171 95 
2020-12-05T13:55:28 0 0 경기70아1592 3 39 204000065 206000171 95 
2020-12-05T13:56:28 0 0 경기70아1592 3 39 204000065 206000171 95 
2020-12-05T13:57:28 0 0 경기70아1592 3 39 204000065 206000171 95 
2020-12-05T13:58:28 0 0 경기70아1592 3 39 204000065 206000171 95 
2020-12-05T15:31:48 0 0 경기70아1592 3 39 204000065 277102470 3 
2020-12-05T15:32:47 0 0 경기70아1592 3 39 204000065 206000334 5 
2020-12-05T15:33:47 0 0 경기70아1592 3 39 204000065 206000710 6 
2020-12-05T15:34:46 0 0 경기70아1592 3 39 204000065 206000714 7 
2020-12-05T15:35:46 0 0 경기70아1592 3 39 204000065 206000721 8 
2020-12-05T15:36:46 0 0 경기70아1592 3 39 204000065 206000723 9 
2020-12-05T15:37:46 0 0 경기70아1592 3 39 204000065 206000723 9 
2020-12-05T15:38:46 0 0 경기70아1592 3 39 204000065 206000249 11 
2020-12-05T15:39:45 0 0 경기70아1592 3 39 204000065 206000037 14 
2020-12-05T15:40:44 0 0 경기70아1592 3 39 204000065 206000036 15 
2020-12-05T15:41:44 0 0 경기70아1592 3 39 204000065 206000034 17 
2020-12-05T15:42:44 0 0 경기70아1592 3 39 204000065 206000033 18 
2020-12-05T15:43:43 0 0 경기70아1592 3 39 204000065 206000033 18 
2020-12-05T15:44:43 0 0 경기70아1592 3 39 204000065 206000033 18 
2020-12-05T15:45:42 0 0 경기70아1592 3 39 204000065 206000032 19 
2020-12-05T15:46:41 0 0 경기70아1592 3 39 204000065 206000032 19 
2020-12-05T15:47:41 0 0 경기70아1592 3 38 204000065 206000030 21 
2020-12-05T15:48:41 0 0 경기70아1592 3 38 204000065 206000030 21 
2020-12-05T15:49:41 0 0 경기70아1592 3 38 204000065 206000029 22 
2020-12-05T15:50:41 0 0 경기70아1592 3 38 204000065 206000318 24 
2020-12-05T15:51:40 0 0 경기70아1592 3 38 204000065 206000318 24 
2020-12-05T15:52:40 0 0 경기70아1592 3 38 204000065 206000317 25 
2020-12-05T15:53:40 0 0 경기70아1592 3 38 204000065 206000317 25 
2020-12-05T15:54:39 0 0 경기70아1592 3 38 204000065 206000027 27 
2020-12-05T15:55:39 0 0 경기70아1592 3 38 204000065 206000027 27 
2020-12-05T15:56:39 0 0 경기70아1592 3 38 204000065 206000226 29 
2020-12-05T15:57:39 0 0 경기70아1592 3 38 204000065 206000226 29 
2020-12-05T15:58:38 0 0 경기70아1592 3 39 204000065 206000784 30 
2020-12-05T15:59:38 0 0 경기70아1592 3 39 204000065 206000784 30 
2020-12-05T16:00:38 0 0 경기70아1592 3 39 204000065 206000784 30 
2020-12-05T16:01:38 0 0 경기70아1592 3 39 204000065 205000029 31 
2020-12-05T16:02:37 0 0 경기70아1592 3 39 204000065 205000029 31 
2020-12-05T16:03:37 0 0 경기70아1592 3 39 204000065 205000069 32 
2020-12-05T16:04:37 0 0 경기70아1592 3 39 204000065 205000069 32 
2020-12-05T16:05:36 0 0 경기70아1592 3 39 204000065 205000069 32 
2020-12-05T16:06:35 0 0 경기70아1592 3 39 204000065 277102622 33 
2020-12-05T16:07:35 0 0 경기70아1592 3 39 204000065 277102622 33 
2020-12-05T16:08:35 0 0 경기70아1592 3 39 204000065 277102622 33 
2020-12-05T16:09:34 0 0 경기70아1592 3 39 204000065 277102622 33 
2020-12-05T16:10:34 0 0 경기70아1592 3 39 204000065 277103419 34 
2020-12-05T16:11:34 0 0 경기70아1592 3 39 204000065 277103419 34 
2020-12-05T16:12:34 0 0 경기70아1592 3 39 204000065 277103419 34 
2020-12-05T16:13:34 0 0 경기70아1592 3 39 204000065 277103419 34 
2020-12-05T16:14:34 0 0 경기70아1592 3 39 204000065 277103419 34 
2020-12-05T16:15:34 0 0 경기70아1592 3 39 204000065 277103419 34 
2020-12-05T16:16:33 0 0 경기70아1592 3 39 204000065 277103419 34 
2020-12-05T16:17:33 0 0 경기70아1592 3 39 204000065 277103419 34 
2020-12-05T16:18:33 0 0 경기70아1592 3 39 204000065 277103419 34 
2020-12-05T16:19:32 0 0 경기70아1592 3 39 204000065 277103419 34 
2020-12-05T16:20:32 0 0 경기70아1592 3 39 204000065 277103419 34 
2020-12-05T16:21:31 0 0 경기70아1592 3 39 204000065 277103419 34 
2020-12-05T16:22:30 0 0 경기70아1592 3 39 204000065 277103419 34 
2020-12-05T16:23:29 0 0 경기70아1592 3 39 204000065 277103421 35 
2020-12-05T16:24:29 0 0 경기70아1592 3 39 204000065 122000287 36 
2020-12-05T16:25:29 0 0 경기70아1592 3 39 204000065 122000288 37 
2020-12-05T16:26:29 0 0 경기70아1592 3 39 204000065 122000288 37 
2020-12-05T16:27:28 0 0 경기70아1592 3 39 204000065 122000258 38 
2020-12-05T16:28:28 0 0 경기70아1592 3 39 204000065 122000258 38 
2020-12-05T16:29:28 0 0 경기70아1592 3 39 204000065 122000258 38 
2020-12-05T16:30:28 0 0 경기70아1592 3 39 204000065 122000291 39 
2020-12-05T16:31:28 0 0 경기70아1592 3 39 204000065 122000291 39 
2020-12-05T16:32:28 0 0 경기70아1592 3 39 204000065 122000291 39 
2020-12-05T16:33:27 0 0 경기70아1592 3 39 204000065 122000291 39 
2020-12-05T16:34:27 0 0 경기70아1592 3 39 204000065 122000137 40 
2020-12-05T16:35:27 0 0 경기70아1592 3 39 204000065 122000388 41 
2020-12-05T16:36:27 0 0 경기70아1592 3 39 204000065 122000386 42 
2020-12-05T16:37:27 0 0 경기70아1592 3 39 204000065 122000139 43 
2020-12-05T16:38:26 0 0 경기70아1592 3 39 204000065 122000139 43 
2020-12-05T16:39:26 0 0 경기70아1592 3 39 204000065 122000139 43 
2020-12-05T16:40:25 0 0 경기70아1592 3 39 204000065 122000094 44 
2020-12-05T16:41:25 0 0 경기70아1592 3 39 204000065 122000094 44 
2020-12-05T16:42:25 0 0 경기70아1592 3 39 204000065 122000089 45 
2020-12-05T16:43:25 0 0 경기70아1592 3 39 204000065 122000085 46 
2020-12-05T16:44:25 0 0 경기70아1592 3 39 204000065 122000069 47 
2020-12-05T16:45:25 0 0 경기70아1592 3 39 204000065 122000066 48 
2020-12-05T16:46:25 0 0 경기70아1592 3 39 204000065 122000066 48 
2020-12-05T16:47:25 0 0 경기70아1592 3 39 204000065 122000064 49 
2020-12-05T16:48:24 0 0 경기70아1592 3 39 204000065 122000064 49 
2020-12-05T16:49:23 0 0 경기70아1592 3 39 204000065 122000064 49 
2020-12-05T16:50:23 0 0 경기70아1592 3 39 204000065 122000559 50 
2020-12-05T16:51:23 0 0 경기70아1592 3 39 204000065 122000078 51 
2020-12-05T16:52:23 0 0 경기70아1592 3 39 204000065 122000078 51 
2020-12-05T16:53:22 0 0 경기70아1592 3 39 204000065 122000078 51 
2020-12-05T16:54:21 0 0 경기70아1592 3 39 204000065 122000079 52 
2020-12-05T16:55:21 0 0 경기70아1592 3 39 204000065 122000079 52 
2020-12-05T16:56:21 0 0 경기70아1592 3 39 204000065 122000079 52 
2020-12-05T16:57:21 0 0 경기70아1592 3 39 204000065 122000065 53 
2020-12-05T16:58:20 0 0 경기70아1592 3 39 204000065 122000637 54 
2020-12-05T16:59:20 0 0 경기70아1592 3 39 204000065 122000068 55 
2020-12-05T17:00:20 0 0 경기70아1592 3 39 204000065 122000068 55 
2020-12-05T17:01:19 0 0 경기70아1592 3 39 204000065 122000086 56 
2020-12-05T17:02:18 0 0 경기70아1592 3 39 204000065 122000086 56 
2020-12-05T17:03:17 0 0 경기70아1592 3 39 204000065 122000086 56 
2020-12-05T17:04:16 0 0 경기70아1592 3 39 204000065 122000095 57 
2020-12-05T17:05:16 0 0 경기70아1592 3 39 204000065 122000096 58 
2020-12-05T17:06:15 0 0 경기70아1592 3 39 204000065 122000096 58 
2020-12-05T17:07:15 0 0 경기70아1592 3 39 204000065 122000330 59 
2020-12-05T17:08:15 0 0 경기70아1592 3 39 204000065 122000330 59 
2020-12-05T17:09:15 0 0 경기70아1592 3 39 204000065 122000142 60 
2020-12-05T17:10:14 0 0 경기70아1592 3 39 204000065 122000142 60 
2020-12-05T17:11:14 0 0 경기70아1592 3 39 204000065 122000142 60 
2020-12-05T17:12:14 0 0 경기70아1592 3 39 204000065 122000133 61 
2020-12-05T17:13:13 0 0 경기70아1592 3 39 204000065 122000133 61 
2020-12-05T17:14:13 0 0 경기70아1592 3 39 204000065 122000133 61 
2020-12-05T17:15:12 0 0 경기70아1592 3 39 204000065 122000256 62 
2020-12-05T17:16:12 0 0 경기70아1592 3 38 204000065 122000256 62 
2020-12-05T17:17:11 0 0 경기70아1592 3 38 204000065 122000256 62 
2020-12-05T17:18:11 0 0 경기70아1592 3 38 204000065 122000257 63 
2020-12-05T17:19:10 0 0 경기70아1592 3 38 204000065 122000257 63 
2020-12-05T17:20:10 0 0 경기70아1592 3 38 204000065 122000257 63 
2020-12-05T17:21:10 0 0 경기70아1592 3 38 204000065 122000257 63 
2020-12-05T17:22:10 0 0 경기70아1592 3 38 204000065 122000285 65 
2020-12-05T17:23:09 0 0 경기70아1592 3 38 204000065 122000285 65 
2020-12-05T17:24:09 0 0 경기70아1592 3 38 204000065 277103420 66 
2020-12-05T17:25:09 0 0 경기70아1592 3 38 204000065 277103420 66 
2020-12-05T17:26:08 0 0 경기70아1592 3 38 204000065 277103420 66 
2020-12-05T17:27:08 0 0 경기70아1592 3 38 204000065 277103420 66 
2020-12-05T17:28:07 0 0 경기70아1592 3 38 204000065 277103418 67 
2020-12-05T17:29:07 0 0 경기70아1592 3 38 204000065 277103418 67 
2020-12-05T17:30:06 0 0 경기70아1592 3 38 204000065 277103418 67 
2020-12-05T17:31:05 0 0 경기70아1592 3 38 204000065 277103418 67 
2020-12-05T17:32:05 0 0 경기70아1592 3 38 204000065 277103418 67 
2020-12-05T17:33:04 0 0 경기70아1592 3 38 204000065 277103418 67 
2020-12-05T17:34:03 0 0 경기70아1592 3 38 204000065 205000207 68 
2020-12-05T17:35:03 0 0 경기70아1592 3 37 204000065 205000207 68 
2020-12-05T17:36:02 0 0 경기70아1592 3 37 204000065 205000207 68 
2020-12-05T17:37:01 0 0 경기70아1592 3 37 204000065 205000245 69 
2020-12-05T17:38:01 0 0 경기70아1592 3 37 204000065 205000245 69 
2020-12-05T17:39:01 0 0 경기70아1592 3 37 204000065 205000245 69 
2020-12-05T17:40:00 0 0 경기70아1592 3 38 204000065 206000157 71 
2020-12-05T17:41:00 0 0 경기70아1592 3 38 204000065 206000157 71 
2020-12-05T17:41:59 0 0 경기70아1592 3 38 204000065 206000157 71 
2020-12-05T17:42:58 0 0 경기70아1592 3 38 204000065 206000157 71 
2020-12-05T17:43:58 0 0 경기70아1592 3 38 204000065 206000055 72 
2020-12-05T17:44:58 0 0 경기70아1592 3 38 204000065 206000053 74 
2020-12-05T17:45:57 0 0 경기70아1592 3 38 204000065 206000053 74 
2020-12-05T17:46:57 0 0 경기70아1592 3 38 204000065 206000053 74 
2020-12-05T17:47:57 0 0 경기70아1592 3 38 204000065 206000238 75 
2020-12-05T17:48:56 0 0 경기70아1592 3 38 204000065 206000238 75 
2020-12-05T17:49:56 0 0 경기70아1592 3 38 204000065 206000052 77 
2020-12-05T17:50:56 0 0 경기70아1592 3 38 204000065 206000051 78 
2020-12-05T17:51:56 0 0 경기70아1592 3 37 204000065 206000049 81 
2020-12-05T17:52:55 0 0 경기70아1592 3 37 204000065 206000048 82 
2020-12-05T17:53:55 0 0 경기70아1592 3 37 204000065 206000046 84 
2020-12-05T17:54:55 0 0 경기70아1592 3 37 204000065 206000046 84 
2020-12-05T17:55:54 0 0 경기70아1592 3 37 204000065 206000045 85 
2020-12-05T17:56:54 0 0 경기70아1592 3 37 204000065 206000672 87 
2020-12-05T17:57:54 0 0 경기70아1592 3 37 204000065 206000672 87 
2020-12-05T17:58:54 0 0 경기70아1592 3 37 204000065 206000178 89 
2020-12-05T17:59:54 0 0 경기70아1592 3 37 204000065 206000178 89 
2020-12-05T18:00:53 0 0 경기70아1592 3 37 204000065 206000724 90 
2020-12-05T18:01:52 0 0 경기70아1592 3 38 204000065 206000722 91 
2020-12-05T18:02:52 0 0 경기70아1592 3 38 204000065 206000722 91 
2020-12-05T18:03:52 0 0 경기70아1592 3 38 204000065 206000715 92 
2020-12-05T18:04:52 0 0 경기70아1592 3 38 204000065 206000041 94 
2020-12-05T19:06:31 0 0 경기70아1592 3 39 204000065 277102470 3 
2020-12-05T19:07:31 0 0 경기70아1592 3 39 204000065 277102470 3 
2020-12-05T19:08:31 0 0 경기70아1592 3 39 204000065 206000405 4 
2020-12-05T19:09:30 0 0 경기70아1592 3 39 204000065 206000334 5 
2020-12-05T19:10:29 0 0 경기70아1592 3 39 204000065 206000334 5 
2020-12-05T19:11:29 0 0 경기70아1592 3 39 204000065 206000334 5 
2020-12-05T19:12:29 0 0 경기70아1592 3 39 204000065 206000334 5 
2020-12-05T19:13:28 0 0 경기70아1592 3 39 204000065 206000710 6 
2020-12-05T19:14:27 0 0 경기70아1592 3 39 204000065 206000714 7 
2020-12-05T19:15:26 0 0 경기70아1592 3 39 204000065 206000714 7 
2020-12-05T19:16:26 0 0 경기70아1592 3 39 204000065 206000723 9 
2020-12-05T19:17:26 0 0 경기70아1592 3 39 204000065 206000723 9 
2020-12-05T19:18:25 0 0 경기70아1592 3 39 204000065 206000249 11 
2020-12-05T19:19:25 0 0 경기70아1592 3 39 204000065 206000039 12 
2020-12-05T19:20:25 0 0 경기70아1592 3 39 204000065 206000039 12 
2020-12-05T19:21:25 0 0 경기70아1592 3 39 204000065 206000037 14 
2020-12-05T19:22:24 0 0 경기70아1592 3 39 204000065 206000036 15 
2020-12-05T19:23:24 0 0 경기70아1592 3 39 204000065 206000035 16 
2020-12-05T19:24:24 0 0 경기70아1592 3 39 204000065 206000034 17 
2020-12-05T19:25:23 0 0 경기70아1592 3 39 204000065 206000033 18 
2020-12-05T19:26:23 0 0 경기70아1592 3 39 204000065 206000033 18 
2020-12-05T19:27:23 0 0 경기70아1592 3 39 204000065 206000032 19 
2020-12-05T19:28:23 0 0 경기70아1592 3 39 204000065 206000029 22 
2020-12-05T19:29:23 0 0 경기70아1592 3 39 204000065 206000318 24 
2020-12-05T19:30:23 0 0 경기70아1592 3 39 204000065 206000317 25 
2020-12-05T19:31:23 0 0 경기70아1592 3 39 204000065 206000027 27 
2020-12-05T19:32:23 0 0 경기70아1592 3 39 204000065 206000227 28 
2020-12-05T19:33:22 0 0 경기70아1592 3 39 204000065 206000226 29 
2020-12-05T19:34:22 0 0 경기70아1592 3 39 204000065 206000784 30 
2020-12-05T19:35:22 0 0 경기70아1592 3 39 204000065 205000029 31 
2020-12-05T19:36:21 0 0 경기70아1592 3 39 204000065 205000029 31 
2020-12-05T19:37:21 0 0 경기70아1592 3 39 204000065 205000029 31 
2020-12-05T19:38:21 0 0 경기70아1592 3 39 204000065 205000029 31 
2020-12-05T19:39:21 0 0 경기70아1592 3 39 204000065 205000069 32 
2020-12-05T19:40:21 0 0 경기70아1592 3 39 204000065 277102622 33 
2020-12-05T19:41:20 0 0 경기70아1592 3 39 204000065 277102622 33 
2020-12-05T19:42:20 0 0 경기70아1592 3 39 204000065 277102622 33 
2020-12-05T19:43:20 0 0 경기70아1592 3 39 204000065 277103419 34 
2020-12-05T19:44:20 0 0 경기70아1592 3 39 204000065 277103419 34 
2020-12-05T19:45:20 0 0 경기70아1592 3 39 204000065 277103419 34 
2020-12-05T19:46:19 0 0 경기70아1592 3 39 204000065 277103421 35 
2020-12-05T19:47:18 0 0 경기70아1592 3 39 204000065 277103421 35 
2020-12-05T19:48:18 0 0 경기70아1592 3 39 204000065 277103421 35 
2020-12-05T19:49:18 0 0 경기70아1592 3 39 204000065 122000288 37 
2020-12-05T19:50:17 0 0 경기70아1592 3 39 204000065 122000258 38 
2020-12-05T19:51:16 0 0 경기70아1592 3 39 204000065 122000258 38 
2020-12-05T19:52:16 0 0 경기70아1592 3 39 204000065 122000291 39 
2020-12-05T19:53:15 0 0 경기70아1592 3 39 204000065 122000291 39 
2020-12-05T19:54:14 0 0 경기70아1592 3 39 204000065 122000137 40 
2020-12-05T19:55:14 0 0 경기70아1592 3 39 204000065 122000386 42 
2020-12-05T19:56:14 0 0 경기70아1592 3 39 204000065 122000386 42 
2020-12-05T19:57:13 0 0 경기70아1592 3 39 204000065 122000139 43 
2020-12-05T19:58:13 0 0 경기70아1592 3 39 204000065 122000094 44 
2020-12-05T19:59:12 0 0 경기70아1592 3 39 204000065 122000089 45 
2020-12-05T20:00:12 0 0 경기70아1592 3 39 204000065 122000085 46 
2020-12-05T20:01:12 0 0 경기70아1592 3 39 204000065 122000066 48 
2020-12-05T20:02:12 0 0 경기70아1592 3 39 204000065 122000064 49 
2020-12-05T20:03:12 0 0 경기70아1592 3 39 204000065 122000064 49 
2020-12-05T20:04:12 0 0 경기70아1592 3 39 204000065 122000064 49 
2020-12-05T20:05:11 0 0 경기70아1592 3 39 204000065 122000559 50 
2020-12-05T20:06:10 0 0 경기70아1592 3 39 204000065 122000078 51 
2020-12-05T20:07:10 0 0 경기70아1592 3 39 204000065 122000078 51 
2020-12-05T20:08:09 0 0 경기70아1592 3 39 204000065 122000079 52 
2020-12-05T20:09:08 0 0 경기70아1592 3 38 204000065 122000079 52 
2020-12-05T20:10:08 0 0 경기70아1592 3 38 204000065 122000079 52 
2020-12-05T20:11:07 0 0 경기70아1592 3 38 204000065 122000065 53 
2020-12-05T20:12:06 0 0 경기70아1592 3 38 204000065 122000065 53 
2020-12-05T20:13:06 0 0 경기70아1592 3 38 204000065 122000068 55 
2020-12-05T20:14:06 0 0 경기70아1592 3 38 204000065 122000068 55 
2020-12-05T20:15:05 0 0 경기70아1592 3 38 204000065 122000068 55 
2020-12-05T20:16:04 0 0 경기70아1592 3 38 204000065 122000086 56 
2020-12-05T20:17:04 0 0 경기70아1592 3 38 204000065 122000095 57 
2020-12-05T20:18:04 0 0 경기70아1592 3 38 204000065 122000096 58 
2020-12-05T20:19:04 0 0 경기70아1592 3 38 204000065 122000096 58 
2020-12-05T20:20:04 0 0 경기70아1592 3 38 204000065 122000330 59 
2020-12-05T20:21:03 0 0 경기70아1592 3 38 204000065 122000330 59 
2020-12-05T20:22:03 0 0 경기70아1592 3 38 204000065 122000142 60 
2020-12-05T20:23:03 0 0 경기70아1592 3 38 204000065 122000142 60 
2020-12-05T20:24:03 0 0 경기70아1592 3 38 204000065 122000133 61 
2020-12-05T20:25:02 0 0 경기70아1592 3 38 204000065 122000133 61 
2020-12-05T20:26:01 0 0 경기70아1592 3 38 204000065 122000133 61 
2020-12-05T20:27:01 0 0 경기70아1592 3 38 204000065 122000256 62 
2020-12-05T20:28:01 0 0 경기70아1592 3 38 204000065 122000256 62 
2020-12-05T20:29:01 0 0 경기70아1592 3 38 204000065 122000257 63 
2020-12-05T20:30:01 0 0 경기70아1592 3 38 204000065 122000257 63 
2020-12-05T20:31:01 0 0 경기70아1592 3 38 204000065 122000257 63 
2020-12-05T20:32:01 0 0 경기70아1592 3 38 204000065 122000257 63 
2020-12-05T20:33:01 0 0 경기70아1592 3 38 204000065 122000285 65 
2020-12-05T20:34:01 0 0 경기70아1592 3 37 204000065 122000285 65 
2020-12-05T20:35:00 0 0 경기70아1592 3 37 204000065 277103420 66 
2020-12-05T20:36:00 0 0 경기70아1592 3 37 204000065 277103420 66 
2020-12-05T20:37:00 0 0 경기70아1592 3 37 204000065 277103420 66 
2020-12-05T20:37:59 0 0 경기70아1592 3 37 204000065 277103420 66 
2020-12-05T20:38:58 0 0 경기70아1592 3 37 204000065 277103418 67 
2020-12-05T20:39:58 0 0 경기70아1592 3 37 204000065 277103418 67 
2020-12-05T20:40:58 0 0 경기70아1592 3 37 204000065 277103418 67 
2020-12-05T20:41:58 0 0 경기70아1592 3 37 204000065 277103418 67 
2020-12-05T20:42:58 0 0 경기70아1592 3 37 204000065 277103418 67 
2020-12-05T20:43:57 0 0 경기70아1592 3 38 204000065 205000207 68 
2020-12-05T20:44:57 0 0 경기70아1592 3 38 204000065 205000207 68 
2020-12-05T20:45:56 0 0 경기70아1592 3 38 204000065 205000245 69 
2020-12-05T20:46:56 0 0 경기70아1592 3 38 204000065 206000157 71 
2020-12-05T20:47:55 0 0 경기70아1592 3 38 204000065 206000157 71 
2020-12-05T20:48:55 0 0 경기70아1592 3 38 204000065 206000157 71 
2020-12-05T20:49:54 0 0 경기70아1592 3 38 204000065 206000054 73 
2020-12-05T20:50:54 0 0 경기70아1592 3 38 204000065 206000053 74 
2020-12-05T20:51:54 0 0 경기70아1592 3 38 204000065 206000053 74 
2020-12-05T20:52:53 0 0 경기70아1592 3 38 204000065 206000053 74 
2020-12-05T20:53:53 0 0 경기70아1592 3 38 204000065 206000238 75 
2020-12-05T20:54:53 0 0 경기70아1592 3 38 204000065 206000238 75 
2020-12-05T20:55:52 0 0 경기70아1592 3 39 204000065 206000237 76 
