204000065 2020-12-23T00:00:02.533168+09:00
2020-12-23T06:56:26 0 0 경기70아1592 3 39 204000065 206000405 4 
2020-12-23T06:57:26 0 0 경기70아1592 3 38 204000065 206000334 5 
2020-12-23T06:58:25 0 0 경기70아1592 3 38 204000065 206000334 5 
2020-12-23T06:59:25 0 0 경기70아1592 3 38 204000065 206000334 5 
2020-12-23T07:00:24 0 0 경기70아1592 3 38 204000065 206000714 7 
2020-12-23T07:01:23 0 0 경기70아1592 3 37 204000065 206000714 7 
2020-12-23T07:02:23 0 0 경기70아1592 3 37 204000065 206000714 7 
2020-12-23T07:03:22 0 0 경기70아1592 3 37 204000065 206000721 8 
2020-12-23T07:04:22 0 0 경기70아1592 3 37 204000065 206000723 9 
2020-12-23T07:05:21 0 0 경기70아1592 3 37 204000065 206000249 11 
2020-12-23T07:06:21 0 0 경기70아1592 3 37 204000065 206000038 13 
2020-12-23T07:07:21 0 0 경기70아1592 3 37 204000065 206000036 15 
2020-12-23T07:08:20 0 0 경기70아1592 3 35 204000065 206000034 17 
2020-12-23T07:09:20 0 0 경기70아1592 3 35 204000065 206000034 17 
2020-12-23T07:10:19 0 0 경기70아1592 3 35 204000065 206000033 18 
2020-12-23T07:11:18 0 0 경기70아1592 3 35 204000065 206000033 18 
2020-12-23T07:12:18 0 0 경기70아1592 3 34 204000065 206000032 19 
2020-12-23T07:13:18 0 0 경기70아1592 3 34 204000065 206000030 21 
2020-12-23T07:14:17 0 0 경기70아1592 3 34 204000065 206000030 21 
2020-12-23T07:15:17 0 0 경기70아1592 3 34 204000065 206000030 21 
2020-12-23T07:16:16 0 0 경기70아1592 3 32 204000065 206000029 22 
2020-12-23T07:17:15 0 0 경기70아1592 3 32 204000065 206000318 24 
2020-12-23T07:18:15 0 0 경기70아1592 3 30 204000065 206000318 24 
2020-12-23T07:19:15 0 0 경기70아1592 3 30 204000065 206000318 24 
2020-12-23T07:20:14 0 0 경기70아1592 3 30 204000065 206000317 25 
2020-12-23T07:21:14 0 0 경기70아1592 3 30 204000065 206000027 27 
2020-12-23T07:22:14 0 0 경기70아1592 3 30 204000065 206000027 27 
2020-12-23T07:23:14 0 0 경기70아1592 3 30 204000065 206000227 28 
2020-12-23T07:24:13 0 0 경기70아1592 3 30 204000065 206000226 29 
2020-12-23T07:25:13 0 0 경기70아1592 3 30 204000065 206000784 30 
2020-12-23T07:26:13 0 0 경기70아1592 3 28 204000065 206000784 30 
2020-12-23T07:27:12 0 0 경기70아1592 3 28 204000065 206000784 30 
2020-12-23T07:28:12 0 0 경기70아1592 3 28 204000065 205000029 31 
2020-12-23T07:29:12 0 0 경기70아1592 3 27 204000065 205000029 31 
2020-12-23T07:30:11 0 0 경기70아1592 3 27 204000065 205000029 31 
2020-12-23T07:31:11 0 0 경기70아1592 3 27 204000065 205000029 31 
2020-12-23T07:32:10 0 0 경기70아1592 3 28 204000065 205000029 31 
2020-12-23T07:33:10 0 0 경기70아1592 3 27 204000065 205000069 32 
2020-12-23T07:34:09 0 0 경기70아1592 3 27 204000065 205000069 32 
2020-12-23T07:35:09 0 0 경기70아1592 3 27 204000065 205000069 32 
2020-12-23T07:36:08 0 0 경기70아1592 3 27 204000065 277102622 33 
2020-12-23T07:37:07 0 0 경기70아1592 3 27 204000065 277102622 33 
2020-12-23T07:38:07 0 0 경기70아1592 3 27 204000065 277102622 33 
2020-12-23T07:39:06 0 0 경기70아1592 3 27 204000065 277102622 33 
2020-12-23T07:40:06 0 0 경기70아1592 3 27 204000065 277102622 33 
2020-12-23T07:41:06 0 0 경기70아1592 3 27 204000065 277102622 33 
2020-12-23T07:42:05 0 0 경기70아1592 3 27 204000065 277102622 33 
2020-12-23T07:43:04 0 0 경기70아1592 3 27 204000065 277102622 33 
2020-12-23T07:44:04 0 0 경기70아1592 3 27 204000065 277102622 33 
2020-12-23T07:45:03 0 0 경기70아1592 3 27 204000065 277103419 34 
2020-12-23T07:46:03 0 0 경기70아1592 3 27 204000065 277103419 34 
2020-12-23T07:47:02 0 0 경기70아1592 3 27 204000065 277103419 34 
2020-12-23T07:48:01 0 0 경기70아1592 3 27 204000065 277103419 34 
2020-12-23T07:49:00 0 0 경기70아1592 3 27 204000065 277103419 34 
2020-12-23T07:49:59 0 0 경기70아1592 3 27 204000065 277103419 34 
2020-12-23T07:50:59 0 0 경기70아1592 3 27 204000065 277103419 34 
2020-12-23T07:51:59 0 0 경기70아1592 3 27 204000065 277103419 34 
2020-12-23T07:52:59 0 0 경기70아1592 3 27 204000065 277103419 34 
2020-12-23T07:53:59 0 0 경기70아1592 3 27 204000065 277103419 34 
2020-12-23T07:54:58 0 0 경기70아1592 3 27 204000065 277103419 34 
2020-12-23T07:55:58 0 0 경기70아1592 3 27 204000065 277103419 34 
2020-12-23T07:56:57 0 0 경기70아1592 3 27 204000065 277103419 34 
2020-12-23T07:57:56 0 0 경기70아1592 3 27 204000065 277103419 34 
2020-12-23T07:58:56 0 0 경기70아1592 3 27 204000065 277103421 35 
2020-12-23T07:59:56 0 0 경기70아1592 3 27 204000065 277103421 35 
2020-12-23T08:00:55 0 0 경기70아1592 3 27 204000065 277103421 35 
2020-12-23T08:01:55 0 0 경기70아1592 3 27 204000065 277103421 35 
2020-12-23T08:02:55 0 0 경기70아1592 3 27 204000065 277103421 35 
2020-12-23T08:03:54 0 0 경기70아1592 3 27 204000065 122000287 36 
2020-12-23T08:04:54 0 0 경기70아1592 3 27 204000065 122000287 36 
2020-12-23T08:05:54 0 0 경기70아1592 3 27 204000065 122000288 37 
2020-12-23T08:06:54 0 0 경기70아1592 3 27 204000065 122000258 38 
2020-12-23T08:07:53 0 0 경기70아1592 3 27 204000065 122000258 38 
2020-12-23T08:08:53 0 0 경기70아1592 3 27 204000065 122000291 39 
2020-12-23T08:09:52 0 0 경기70아1592 3 27 204000065 122000291 39 
2020-12-23T08:10:51 0 0 경기70아1592 3 27 204000065 122000137 40 
2020-12-23T08:11:50 0 0 경기70아1592 3 27 204000065 122000137 40 
2020-12-23T08:12:49 0 0 경기70아1592 3 27 204000065 122000388 41 
2020-12-23T08:13:48 0 0 경기70아1592 3 27 204000065 122000386 42 
2020-12-23T08:14:48 0 0 경기70아1592 3 27 204000065 122000386 42 
2020-12-23T08:15:48 0 0 경기70아1592 3 28 204000065 122000139 43 
2020-12-23T08:16:47 0 0 경기70아1592 3 29 204000065 122000094 44 
2020-12-23T08:17:46 0 0 경기70아1592 3 30 204000065 122000089 45 
2020-12-23T08:18:46 0 0 경기70아1592 3 33 204000065 122000085 46 
2020-12-23T08:19:46 0 0 경기70아1592 3 33 204000065 122000085 46 
2020-12-23T08:20:46 0 0 경기70아1592 3 35 204000065 122000069 47 
2020-12-23T08:21:45 0 0 경기70아1592 3 35 204000065 122000066 48 
2020-12-23T08:22:45 0 0 경기70아1592 3 35 204000065 122000066 48 
2020-12-23T08:23:44 0 0 경기70아1592 3 35 204000065 122000066 48 
2020-12-23T08:24:44 0 0 경기70아1592 3 35 204000065 122000066 48 
2020-12-23T08:25:43 0 0 경기70아1592 3 37 204000065 122000064 49 
2020-12-23T08:26:42 0 0 경기70아1592 3 37 204000065 122000559 50 
2020-12-23T08:27:41 0 0 경기70아1592 3 37 204000065 122000559 50 
2020-12-23T08:28:41 0 0 경기70아1592 3 37 204000065 122000078 51 
2020-12-23T08:29:41 0 0 경기70아1592 3 37 204000065 122000079 52 
2020-12-23T08:30:40 0 0 경기70아1592 3 38 204000065 122000079 52 
2020-12-23T08:31:40 0 0 경기70아1592 3 38 204000065 122000065 53 
2020-12-23T08:32:39 0 0 경기70아1592 3 39 204000065 122000637 54 
2020-12-23T08:33:38 0 0 경기70아1592 3 39 204000065 122000637 54 
2020-12-23T08:34:37 0 0 경기70아1592 3 39 204000065 122000068 55 
2020-12-23T08:35:36 0 0 경기70아1592 3 39 204000065 122000068 55 
2020-12-23T08:36:36 0 0 경기70아1592 3 39 204000065 122000086 56 
2020-12-23T08:37:36 0 0 경기70아1592 3 39 204000065 122000086 56 
2020-12-23T08:38:35 0 0 경기70아1592 3 39 204000065 122000086 56 
2020-12-23T08:39:35 0 0 경기70아1592 3 39 204000065 122000096 58 
2020-12-23T08:40:34 0 0 경기70아1592 3 39 204000065 122000330 59 
2020-12-23T08:41:34 0 0 경기70아1592 3 39 204000065 122000330 59 
2020-12-23T08:42:34 0 0 경기70아1592 3 39 204000065 122000142 60 
2020-12-23T08:43:33 0 0 경기70아1592 3 39 204000065 122000142 60 
2020-12-23T08:44:32 0 0 경기70아1592 3 39 204000065 122000133 61 
2020-12-23T08:45:32 0 0 경기70아1592 3 39 204000065 122000133 61 
2020-12-23T08:46:31 0 0 경기70아1592 3 39 204000065 122000133 61 
2020-12-23T08:47:31 0 0 경기70아1592 3 39 204000065 122000256 62 
2020-12-23T08:48:30 0 0 경기70아1592 3 39 204000065 122000256 62 
2020-12-23T08:49:29 0 0 경기70아1592 3 39 204000065 122000257 63 
2020-12-23T08:50:29 0 0 경기70아1592 3 39 204000065 122000257 63 
2020-12-23T08:51:29 0 0 경기70아1592 3 39 204000065 122000257 63 
2020-12-23T08:52:28 0 0 경기70아1592 3 39 204000065 122000257 63 
2020-12-23T08:53:27 0 0 경기70아1592 3 39 204000065 122000285 65 
2020-12-23T08:54:26 0 0 경기70아1592 3 39 204000065 122000285 65 
2020-12-23T08:55:25 0 0 경기70아1592 3 39 204000065 277103420 66 
2020-12-23T08:56:25 0 0 경기70아1592 3 39 204000065 277103420 66 
2020-12-23T08:57:25 0 0 경기70아1592 3 39 204000065 277103420 66 
2020-12-23T08:58:24 0 0 경기70아1592 3 39 204000065 277103418 67 
2020-12-23T08:59:23 0 0 경기70아1592 3 39 204000065 277103418 67 
2020-12-23T09:00:22 0 0 경기70아1592 3 39 204000065 277103418 67 
2020-12-23T09:01:22 0 0 경기70아1592 3 39 204000065 277103418 67 
2020-12-23T09:02:22 0 0 경기70아1592 3 39 204000065 277103418 67 
2020-12-23T09:03:22 0 0 경기70아1592 3 39 204000065 277103418 67 
2020-12-23T09:04:21 0 0 경기70아1592 3 39 204000065 205000207 68 
2020-12-23T09:05:20 0 0 경기70아1592 3 39 204000065 205000207 68 
2020-12-23T09:06:20 0 0 경기70아1592 3 39 204000065 205000207 68 
2020-12-23T09:07:19 0 0 경기70아1592 3 39 204000065 205000207 68 
2020-12-23T09:08:18 0 0 경기70아1592 3 39 204000065 205000245 69 
2020-12-23T09:09:17 0 0 경기70아1592 3 39 204000065 205000245 69 
2020-12-23T09:10:17 0 0 경기70아1592 3 39 204000065 206000361 70 
2020-12-23T09:11:16 0 0 경기70아1592 3 39 204000065 206000157 71 
2020-12-23T09:12:16 0 0 경기70아1592 3 39 204000065 206000157 71 
2020-12-23T09:13:15 0 0 경기70아1592 3 39 204000065 206000157 71 
2020-12-23T09:14:15 0 0 경기70아1592 3 39 204000065 206000054 73 
2020-12-23T09:15:15 0 0 경기70아1592 3 39 204000065 206000053 74 
2020-12-23T09:16:14 0 0 경기70아1592 3 39 204000065 206000053 74 
2020-12-23T09:17:13 0 0 경기70아1592 3 39 204000065 206000238 75 
2020-12-23T09:18:12 0 0 경기70아1592 3 39 204000065 206000238 75 
2020-12-23T09:19:11 0 0 경기70아1592 3 39 204000065 206000238 75 
2020-12-23T09:20:11 0 0 경기70아1592 3 39 204000065 206000052 77 
2020-12-23T09:21:11 0 0 경기70아1592 3 39 204000065 206000128 79 
2020-12-23T09:22:10 0 0 경기70아1592 3 39 204000065 206000049 81 
2020-12-23T09:23:10 0 0 경기70아1592 3 39 204000065 206000048 82 
2020-12-23T09:24:09 0 0 경기70아1592 3 39 204000065 206000046 84 
2020-12-23T09:25:08 0 0 경기70아1592 3 39 204000065 206000045 85 
2020-12-23T09:26:08 0 0 경기70아1592 3 39 204000065 206000044 86 
2020-12-23T09:27:08 0 0 경기70아1592 3 39 204000065 206000672 87 
2020-12-23T09:28:07 0 0 경기70아1592 3 39 204000065 206000043 88 
2020-12-23T09:29:06 0 0 경기70아1592 3 39 204000065 206000178 89 
2020-12-23T09:30:06 0 0 경기70아1592 3 39 204000065 206000178 89 
2020-12-23T09:31:05 0 0 경기70아1592 3 39 204000065 206000178 89 
2020-12-23T09:32:04 0 0 경기70아1592 3 39 204000065 206000724 90 
2020-12-23T09:33:03 0 0 경기70아1592 3 39 204000065 206000722 91 
2020-12-23T09:34:03 0 0 경기70아1592 3 39 204000065 206000722 91 
2020-12-23T09:35:02 0 0 경기70아1592 3 39 204000065 206000715 92 
2020-12-23T09:36:02 0 0 경기70아1592 3 39 204000065 206000041 94 
2020-12-23T09:37:02 0 0 경기70아1592 3 39 204000065 206000041 94 
2020-12-23T09:38:02 0 0 경기70아1592 3 39 204000065 206000171 95 
2020-12-23T09:39:01 0 0 경기70아1592 3 39 204000065 206000171 95 
2020-12-23T09:40:00 0 0 경기70아1592 3 39 204000065 206000171 95 
2020-12-23T09:40:59 0 0 경기70아1592 3 39 204000065 206000171 95 
2020-12-23T09:41:59 0 0 경기70아1592 3 39 204000065 206000171 95 
2020-12-23T09:42:58 0 0 경기70아1592 3 39 204000065 206000171 95 
2020-12-23T09:43:57 0 0 경기70아1592 3 39 204000065 206000171 95 
2020-12-23T09:44:58 0 0 경기70아1592 3 39 204000065 206000171 95 
2020-12-23T09:45:57 0 0 경기70아1592 3 39 204000065 206000171 95 
2020-12-23T09:46:57 0 0 경기70아1592 3 39 204000065 206000171 95 
2020-12-23T09:47:57 0 0 경기70아1592 3 39 204000065 206000171 95 
2020-12-23T09:48:57 0 0 경기70아1592 3 39 204000065 206000171 95 
2020-12-23T09:49:56 0 0 경기70아1592 3 39 204000065 206000171 95 
2020-12-23T09:50:56 0 0 경기70아1592 3 39 204000065 206000171 95 
2020-12-23T09:51:55 0 0 경기70아1592 3 39 204000065 206000171 95 
2020-12-23T09:52:55 0 0 경기70아1592 3 39 204000065 206000171 95 
2020-12-23T10:57:22 0 0 경기70아1592 3 39 204000065 206000334 5 
2020-12-23T10:58:22 0 0 경기70아1592 3 39 204000065 206000334 5 
2020-12-23T10:59:22 0 0 경기70아1592 3 39 204000065 206000334 5 
2020-12-23T11:00:22 0 0 경기70아1592 3 39 204000065 206000714 7 
2020-12-23T11:01:22 0 0 경기70아1592 3 39 204000065 206000714 7 
2020-12-23T11:02:21 0 0 경기70아1592 3 39 204000065 206000714 7 
2020-12-23T11:03:20 0 0 경기70아1592 3 39 204000065 206000721 8 
2020-12-23T11:04:19 0 0 경기70아1592 3 39 204000065 206000723 9 
2020-12-23T11:05:19 0 0 경기70아1592 3 39 204000065 206000723 9 
2020-12-23T11:06:19 0 0 경기70아1592 3 39 204000065 206000327 10 
2020-12-23T11:07:18 0 0 경기70아1592 3 39 204000065 206000327 10 
2020-12-23T11:08:17 0 0 경기70아1592 3 39 204000065 206000039 12 
2020-12-23T11:09:17 0 0 경기70아1592 3 39 204000065 206000037 14 
2020-12-23T11:10:16 0 0 경기70아1592 3 39 204000065 206000036 15 
2020-12-23T11:11:15 0 0 경기70아1592 3 39 204000065 206000035 16 
2020-12-23T11:12:15 0 0 경기70아1592 3 39 204000065 206000034 17 
2020-12-23T11:13:14 0 0 경기70아1592 3 39 204000065 206000033 18 
2020-12-23T11:14:14 0 0 경기70아1592 3 39 204000065 206000033 18 
2020-12-23T11:15:13 0 0 경기70아1592 3 39 204000065 206000031 20 
2020-12-23T11:16:13 0 0 경기70아1592 3 39 204000065 206000030 21 
2020-12-23T11:17:13 0 0 경기70아1592 3 39 204000065 206000030 21 
2020-12-23T11:18:12 0 0 경기70아1592 3 39 204000065 206000029 22 
2020-12-23T11:19:12 0 0 경기70아1592 3 39 204000065 206000029 22 
2020-12-23T11:20:12 0 0 경기70아1592 3 39 204000065 206000318 24 
2020-12-23T11:21:11 0 0 경기70아1592 3 39 204000065 206000318 24 
2020-12-23T11:22:11 0 0 경기70아1592 3 39 204000065 206000317 25 
2020-12-23T11:23:10 0 0 경기70아1592 3 39 204000065 206000028 26 
2020-12-23T11:24:10 0 0 경기70아1592 3 39 204000065 206000027 27 
2020-12-23T11:25:09 0 0 경기70아1592 3 39 204000065 206000227 28 
2020-12-23T11:26:09 0 0 경기70아1592 3 39 204000065 206000226 29 
2020-12-23T11:27:08 0 0 경기70아1592 3 39 204000065 206000226 29 
2020-12-23T11:28:08 0 0 경기70아1592 3 39 204000065 206000226 29 
2020-12-23T11:29:08 0 0 경기70아1592 3 39 204000065 206000784 30 
2020-12-23T11:30:07 0 0 경기70아1592 3 38 204000065 205000029 31 
2020-12-23T11:31:07 0 0 경기70아1592 3 37 204000065 205000029 31 
2020-12-23T11:32:07 0 0 경기70아1592 3 37 204000065 205000029 31 
2020-12-23T11:33:06 0 0 경기70아1592 3 37 204000065 205000029 31 
2020-12-23T11:34:06 0 0 경기70아1592 3 37 204000065 205000029 31 
2020-12-23T11:35:05 0 0 경기70아1592 3 37 204000065 205000069 32 
2020-12-23T11:36:04 0 0 경기70아1592 3 37 204000065 205000069 32 
2020-12-23T11:37:04 0 0 경기70아1592 3 37 204000065 205000069 32 
2020-12-23T11:38:03 0 0 경기70아1592 3 37 204000065 205000069 32 
2020-12-23T11:39:03 0 0 경기70아1592 3 37 204000065 277102622 33 
2020-12-23T11:40:02 0 0 경기70아1592 3 37 204000065 277102622 33 
2020-12-23T11:41:02 0 0 경기70아1592 3 37 204000065 277102622 33 
2020-12-23T11:42:02 0 0 경기70아1592 3 37 204000065 277102622 33 
2020-12-23T11:43:01 0 0 경기70아1592 3 37 204000065 277103419 34 
2020-12-23T11:44:01 0 0 경기70아1592 3 37 204000065 277103419 34 
2020-12-23T11:45:01 0 0 경기70아1592 3 37 204000065 277103419 34 
2020-12-23T11:46:00 0 0 경기70아1592 3 37 204000065 277103419 34 
2020-12-23T11:47:00 0 0 경기70아1592 3 37 204000065 277103419 34 
2020-12-23T11:47:59 0 0 경기70아1592 3 37 204000065 277103419 34 
2020-12-23T11:48:59 0 0 경기70아1592 3 37 204000065 277103419 34 
2020-12-23T11:49:58 0 0 경기70아1592 3 37 204000065 277103419 34 
2020-12-23T11:50:58 0 0 경기70아1592 3 37 204000065 277103419 34 
2020-12-23T11:51:58 0 0 경기70아1592 3 37 204000065 277103421 35 
2020-12-23T11:52:58 0 0 경기70아1592 3 37 204000065 122000287 36 
2020-12-23T11:53:57 0 0 경기70아1592 3 37 204000065 122000288 37 
2020-12-23T11:54:57 0 0 경기70아1592 3 37 204000065 122000288 37 
2020-12-23T11:55:57 0 0 경기70아1592 3 37 204000065 122000288 37 
2020-12-23T11:56:57 0 0 경기70아1592 3 37 204000065 122000258 38 
2020-12-23T11:57:56 0 0 경기70아1592 3 37 204000065 122000291 39 
2020-12-23T11:58:56 0 0 경기70아1592 3 37 204000065 122000291 39 
2020-12-23T11:59:56 0 0 경기70아1592 3 37 204000065 122000137 40 
2020-12-23T12:00:55 0 0 경기70아1592 3 37 204000065 122000137 40 
2020-12-23T12:01:55 0 0 경기70아1592 3 37 204000065 122000388 41 
2020-12-23T12:02:54 0 0 경기70아1592 3 39 204000065 122000139 43 
2020-12-23T12:03:54 0 0 경기70아1592 3 39 204000065 122000139 43 
2020-12-23T12:04:54 0 0 경기70아1592 3 39 204000065 122000094 44 
2020-12-23T12:05:54 0 0 경기70아1592 3 39 204000065 122000094 44 
2020-12-23T12:06:53 0 0 경기70아1592 3 39 204000065 122000089 45 
2020-12-23T12:07:52 0 0 경기70아1592 3 39 204000065 122000085 46 
2020-12-23T12:08:51 0 0 경기70아1592 3 39 204000065 122000066 48 
2020-12-23T12:09:50 0 0 경기70아1592 3 39 204000065 122000066 48 
2020-12-23T12:10:50 0 0 경기70아1592 3 39 204000065 122000066 48 
2020-12-23T12:11:49 0 0 경기70아1592 3 39 204000065 122000066 48 
2020-12-23T12:12:49 0 0 경기70아1592 3 39 204000065 122000064 49 
2020-12-23T12:13:49 0 0 경기70아1592 3 39 204000065 122000064 49 
2020-12-23T12:14:49 0 0 경기70아1592 3 39 204000065 122000559 50 
2020-12-23T12:15:48 0 0 경기70아1592 3 39 204000065 122000559 50 
2020-12-23T12:16:47 0 0 경기70아1592 3 39 204000065 122000559 50 
2020-12-23T12:17:47 0 0 경기70아1592 3 39 204000065 122000078 51 
2020-12-23T12:18:46 0 0 경기70아1592 3 39 204000065 122000078 51 
2020-12-23T12:19:46 0 0 경기70아1592 3 39 204000065 122000078 51 
2020-12-23T12:20:45 0 0 경기70아1592 3 39 204000065 122000079 52 
2020-12-23T12:21:45 0 0 경기70아1592 3 39 204000065 122000079 52 
2020-12-23T12:22:44 0 0 경기70아1592 3 39 204000065 122000065 53 
2020-12-23T12:23:43 0 0 경기70아1592 3 39 204000065 122000068 55 
2020-12-23T12:24:43 0 0 경기70아1592 3 39 204000065 122000068 55 
2020-12-23T12:25:43 0 0 경기70아1592 3 39 204000065 122000086 56 
2020-12-23T12:26:43 0 0 경기70아1592 3 39 204000065 122000095 57 
2020-12-23T12:27:43 0 0 경기70아1592 3 39 204000065 122000096 58 
2020-12-23T12:28:43 0 0 경기70아1592 3 39 204000065 122000096 58 
2020-12-23T12:29:42 0 0 경기70아1592 3 39 204000065 122000330 59 
2020-12-23T12:30:42 0 0 경기70아1592 3 39 204000065 122000330 59 
2020-12-23T12:31:41 0 0 경기70아1592 3 39 204000065 122000142 60 
2020-12-23T12:32:41 0 0 경기70아1592 3 39 204000065 122000142 60 
2020-12-23T12:33:41 0 0 경기70아1592 3 39 204000065 122000133 61 
2020-12-23T12:34:40 0 0 경기70아1592 3 38 204000065 122000256 62 
2020-12-23T12:35:40 0 0 경기70아1592 3 39 204000065 122000257 63 
2020-12-23T12:36:39 0 0 경기70아1592 3 39 204000065 122000257 63 
2020-12-23T12:37:39 0 0 경기70아1592 3 39 204000065 122000257 63 
2020-12-23T12:38:39 0 0 경기70아1592 3 39 204000065 122000257 63 
2020-12-23T12:39:38 0 0 경기70아1592 3 39 204000065 122000257 63 
2020-12-23T12:40:38 0 0 경기70아1592 3 39 204000065 122000286 64 
2020-12-23T12:41:36 0 0 경기70아1592 3 38 204000065 122000285 65 
2020-12-23T12:42:36 0 0 경기70아1592 3 38 204000065 122000285 65 
2020-12-23T12:43:36 0 0 경기70아1592 3 38 204000065 277103420 66 
2020-12-23T12:44:36 0 0 경기70아1592 3 38 204000065 277103420 66 
2020-12-23T12:45:36 0 0 경기70아1592 3 38 204000065 277103420 66 
2020-12-23T12:46:35 0 0 경기70아1592 3 38 204000065 277103418 67 
2020-12-23T12:47:35 0 0 경기70아1592 3 38 204000065 277103418 67 
2020-12-23T12:48:34 0 0 경기70아1592 3 38 204000065 277103418 67 
2020-12-23T12:49:33 0 0 경기70아1592 3 38 204000065 277103418 67 
2020-12-23T12:50:33 0 0 경기70아1592 3 38 204000065 277103418 67 
2020-12-23T12:51:33 0 0 경기70아1592 3 38 204000065 277103418 67 
2020-12-23T12:52:32 0 0 경기70아1592 3 38 204000065 277103418 67 
2020-12-23T12:53:31 0 0 경기70아1592 3 38 204000065 205000207 68 
2020-12-23T12:54:31 0 0 경기70아1592 3 38 204000065 205000207 68 
2020-12-23T12:55:30 0 0 경기70아1592 3 38 204000065 205000207 68 
2020-12-23T12:56:30 0 0 경기70아1592 3 38 204000065 205000207 68 
2020-12-23T12:57:29 0 0 경기70아1592 3 38 204000065 205000245 69 
2020-12-23T12:58:28 0 0 경기70아1592 3 38 204000065 205000245 69 
2020-12-23T12:59:28 0 0 경기70아1592 3 38 204000065 205000245 69 
2020-12-23T13:00:28 0 0 경기70아1592 3 38 204000065 206000361 70 
2020-12-23T13:01:27 0 0 경기70아1592 3 38 204000065 206000157 71 
2020-12-23T13:02:27 0 0 경기70아1592 3 38 204000065 206000157 71 
2020-12-23T13:03:26 0 0 경기70아1592 3 38 204000065 206000157 71 
2020-12-23T13:04:26 0 0 경기70아1592 3 39 204000065 206000054 73 
2020-12-23T13:05:26 0 0 경기70아1592 3 39 204000065 206000053 74 
2020-12-23T13:06:26 0 0 경기70아1592 3 39 204000065 206000053 74 
2020-12-23T13:07:25 0 0 경기70아1592 3 39 204000065 206000238 75 
2020-12-23T13:08:25 0 0 경기70아1592 3 39 204000065 206000238 75 
2020-12-23T13:09:25 0 0 경기70아1592 3 39 204000065 206000237 76 
2020-12-23T13:10:24 0 0 경기70아1592 3 39 204000065 206000051 78 
2020-12-23T13:11:24 0 0 경기70아1592 3 39 204000065 206000128 79 
2020-12-23T13:12:24 0 0 경기70아1592 3 39 204000065 206000128 79 
2020-12-23T13:13:23 0 0 경기70아1592 3 39 204000065 206000128 79 
2020-12-23T13:14:23 0 0 경기70아1592 3 39 204000065 206000049 81 
2020-12-23T13:15:22 0 0 경기70아1592 3 39 204000065 206000048 82 
2020-12-23T13:16:22 0 0 경기70아1592 3 38 204000065 206000047 83 
2020-12-23T13:17:21 0 0 경기70아1592 3 38 204000065 206000047 83 
2020-12-23T13:18:21 0 0 경기70아1592 3 37 204000065 206000046 84 
2020-12-23T13:19:21 0 0 경기70아1592 3 37 204000065 206000672 87 
2020-12-23T13:20:21 0 0 경기70아1592 3 37 204000065 206000672 87 
2020-12-23T13:21:20 0 0 경기70아1592 3 37 204000065 206000178 89 
2020-12-23T13:22:20 0 0 경기70아1592 3 37 204000065 206000178 89 
2020-12-23T13:23:20 0 0 경기70아1592 3 37 204000065 206000178 89 
2020-12-23T13:24:20 0 0 경기70아1592 3 38 204000065 206000724 90 
2020-12-23T13:25:19 0 0 경기70아1592 3 38 204000065 206000724 90 
2020-12-23T13:26:18 0 0 경기70아1592 3 38 204000065 206000722 91 
2020-12-23T13:27:18 0 0 경기70아1592 3 38 204000065 206000722 91 
2020-12-23T13:28:17 0 0 경기70아1592 3 38 204000065 206000711 93 
2020-12-23T13:29:17 0 0 경기70아1592 3 38 204000065 206000171 95 
2020-12-23T15:23:35 0 0 경기70아1592 3 39 204000065 206000405 4 
2020-12-23T15:24:34 0 0 경기70아1592 3 39 204000065 206000334 5 
2020-12-23T15:25:33 0 0 경기70아1592 3 39 204000065 206000334 5 
2020-12-23T15:26:32 0 0 경기70아1592 3 39 204000065 206000710 6 
2020-12-23T15:27:32 0 0 경기70아1592 3 39 204000065 206000710 6 
2020-12-23T15:28:31 0 0 경기70아1592 3 39 204000065 206000714 7 
2020-12-23T15:29:31 0 0 경기70아1592 3 39 204000065 206000714 7 
2020-12-23T15:30:31 0 0 경기70아1592 3 39 204000065 206000714 7 
2020-12-23T15:31:30 0 0 경기70아1592 3 39 204000065 206000723 9 
2020-12-23T15:32:29 0 0 경기70아1592 3 39 204000065 206000723 9 
2020-12-23T15:33:29 0 0 경기70아1592 3 39 204000065 206000723 9 
2020-12-23T15:34:28 0 0 경기70아1592 3 39 204000065 206000327 10 
2020-12-23T15:35:28 0 0 경기70아1592 3 39 204000065 206000039 12 
2020-12-23T15:36:28 0 0 경기70아1592 3 39 204000065 206000036 15 
2020-12-23T15:37:28 0 0 경기70아1592 3 39 204000065 206000035 16 
2020-12-23T15:38:28 0 0 경기70아1592 3 38 204000065 206000035 16 
2020-12-23T15:39:27 0 0 경기70아1592 3 38 204000065 206000034 17 
2020-12-23T15:40:27 0 0 경기70아1592 3 38 204000065 206000033 18 
2020-12-23T15:41:27 0 0 경기70아1592 3 38 204000065 206000032 19 
2020-12-23T15:42:27 0 0 경기70아1592 3 38 204000065 206000030 21 
2020-12-23T15:43:26 0 0 경기70아1592 3 38 204000065 206000030 21 
2020-12-23T15:44:26 0 0 경기70아1592 3 38 204000065 206000030 21 
2020-12-23T15:45:26 0 0 경기70아1592 3 38 204000065 206000029 22 
2020-12-23T15:46:26 0 0 경기70아1592 3 38 204000065 206000318 24 
2020-12-23T15:47:25 0 0 경기70아1592 3 38 204000065 206000318 24 
2020-12-23T15:48:24 0 0 경기70아1592 3 38 204000065 206000317 25 
2020-12-23T15:49:24 0 0 경기70아1592 3 38 204000065 206000317 25 
2020-12-23T15:50:24 0 0 경기70아1592 3 38 204000065 206000027 27 
2020-12-23T15:51:24 0 0 경기70아1592 3 38 204000065 206000227 28 
2020-12-23T15:52:24 0 0 경기70아1592 3 38 204000065 206000226 29 
2020-12-23T15:53:23 0 0 경기70아1592 3 38 204000065 206000784 30 
2020-12-23T15:54:22 0 0 경기70아1592 3 37 204000065 206000784 30 
2020-12-23T15:55:22 0 0 경기70아1592 3 37 204000065 206000784 30 
2020-12-23T15:56:22 0 0 경기70아1592 3 37 204000065 205000029 31 
2020-12-23T15:57:21 0 0 경기70아1592 3 37 204000065 205000029 31 
2020-12-23T15:58:21 0 0 경기70아1592 3 37 204000065 205000029 31 
2020-12-23T15:59:21 0 0 경기70아1592 3 37 204000065 205000029 31 
2020-12-23T16:00:21 0 0 경기70아1592 3 37 204000065 205000029 31 
2020-12-23T16:01:20 0 0 경기70아1592 3 37 204000065 205000029 31 
2020-12-23T16:02:20 0 0 경기70아1592 3 37 204000065 205000069 32 
2020-12-23T16:03:19 0 0 경기70아1592 3 37 204000065 205000069 32 
2020-12-23T16:04:19 0 0 경기70아1592 3 37 204000065 205000069 32 
2020-12-23T16:05:19 0 0 경기70아1592 3 37 204000065 205000069 32 
2020-12-23T16:06:18 0 0 경기70아1592 3 37 204000065 277102622 33 
2020-12-23T16:07:18 0 0 경기70아1592 3 37 204000065 277102622 33 
2020-12-23T16:08:18 0 0 경기70아1592 3 37 204000065 277102622 33 
2020-12-23T16:09:18 0 0 경기70아1592 3 37 204000065 277102622 33 
2020-12-23T16:10:17 0 0 경기70아1592 3 37 204000065 277102622 33 
2020-12-23T16:11:17 0 0 경기70아1592 3 37 204000065 277102622 33 
2020-12-23T16:12:17 0 0 경기70아1592 3 37 204000065 277102622 33 
2020-12-23T16:13:16 0 0 경기70아1592 3 37 204000065 277102622 33 
2020-12-23T16:14:15 0 0 경기70아1592 3 37 204000065 277103419 34 
2020-12-23T16:15:15 0 0 경기70아1592 3 37 204000065 277103419 34 
2020-12-23T16:16:15 0 0 경기70아1592 3 37 204000065 277103419 34 
2020-12-23T16:17:15 0 0 경기70아1592 3 37 204000065 277103419 34 
2020-12-23T16:18:14 0 0 경기70아1592 3 37 204000065 277103419 34 
2020-12-23T16:19:14 0 0 경기70아1592 3 37 204000065 277103419 34 
2020-12-23T16:20:14 0 0 경기70아1592 3 37 204000065 277103419 34 
2020-12-23T16:21:13 0 0 경기70아1592 3 37 204000065 277103419 34 
2020-12-23T16:22:13 0 0 경기70아1592 3 37 204000065 277103419 34 
2020-12-23T16:23:13 0 0 경기70아1592 3 37 204000065 277103419 34 
2020-12-23T16:24:13 0 0 경기70아1592 3 37 204000065 277103419 34 
2020-12-23T16:25:13 0 0 경기70아1592 3 37 204000065 277103419 34 
2020-12-23T16:26:12 0 0 경기70아1592 3 37 204000065 277103419 34 
2020-12-23T16:27:12 0 0 경기70아1592 3 37 204000065 277103421 35 
2020-12-23T16:28:11 0 0 경기70아1592 3 37 204000065 277103421 35 
2020-12-23T16:29:11 0 0 경기70아1592 3 37 204000065 122000287 36 
2020-12-23T16:30:10 0 0 경기70아1592 3 37 204000065 122000288 37 
2020-12-23T16:31:09 0 0 경기70아1592 3 37 204000065 122000288 37 
2020-12-23T16:32:09 0 0 경기70아1592 3 37 204000065 122000258 38 
2020-12-23T16:33:09 0 0 경기70아1592 3 37 204000065 122000258 38 
2020-12-23T16:34:08 0 0 경기70아1592 3 37 204000065 122000291 39 
2020-12-23T16:35:08 0 0 경기70아1592 3 37 204000065 122000291 39 
2020-12-23T16:36:07 0 0 경기70아1592 3 37 204000065 122000291 39 
2020-12-23T16:37:07 0 0 경기70아1592 3 37 204000065 122000291 39 
2020-12-23T16:38:06 0 0 경기70아1592 3 38 204000065 122000137 40 
2020-12-23T16:39:06 0 0 경기70아1592 3 38 204000065 122000388 41 
2020-12-23T16:40:06 0 0 경기70아1592 3 38 204000065 122000386 42 
2020-12-23T16:41:06 0 0 경기70아1592 3 38 204000065 122000386 42 
2020-12-23T16:42:05 0 0 경기70아1592 3 39 204000065 122000139 43 
2020-12-23T16:43:05 0 0 경기70아1592 3 39 204000065 122000139 43 
2020-12-23T16:44:03 0 0 경기70아1592 3 39 204000065 122000139 43 
2020-12-23T16:45:03 0 0 경기70아1592 3 39 204000065 122000094 44 
2020-12-23T16:46:02 0 0 경기70아1592 3 39 204000065 122000094 44 
2020-12-23T16:47:01 0 0 경기70아1592 3 39 204000065 122000089 45 
2020-12-23T16:48:01 0 0 경기70아1592 3 39 204000065 122000085 46 
2020-12-23T16:49:00 0 0 경기70아1592 3 39 204000065 122000066 48 
2020-12-23T16:50:00 0 0 경기70아1592 3 39 204000065 122000066 48 
2020-12-23T16:51:00 0 0 경기70아1592 3 39 204000065 122000064 49 
2020-12-23T16:51:59 0 0 경기70아1592 3 39 204000065 122000064 49 
2020-12-23T16:52:58 0 0 경기70아1592 3 39 204000065 122000559 50 
2020-12-23T16:53:58 0 0 경기70아1592 3 39 204000065 122000559 50 
2020-12-23T16:54:58 0 0 경기70아1592 3 39 204000065 122000559 50 
2020-12-23T16:55:57 0 0 경기70아1592 3 39 204000065 122000078 51 
2020-12-23T16:56:57 0 0 경기70아1592 3 39 204000065 122000078 51 
2020-12-23T16:57:57 0 0 경기70아1592 3 39 204000065 122000078 51 
2020-12-23T16:58:56 0 0 경기70아1592 3 39 204000065 122000079 52 
2020-12-23T16:59:56 0 0 경기70아1592 3 39 204000065 122000079 52 
2020-12-23T17:00:56 0 0 경기70아1592 3 39 204000065 122000065 53 
2020-12-23T17:01:56 0 0 경기70아1592 3 39 204000065 122000068 55 
2020-12-23T17:02:55 0 0 경기70아1592 3 39 204000065 122000068 55 
2020-12-23T17:03:55 0 0 경기70아1592 3 39 204000065 122000086 56 
2020-12-23T17:04:55 0 0 경기70아1592 3 39 204000065 122000095 57 
2020-12-23T17:05:55 0 0 경기70아1592 3 38 204000065 122000096 58 
2020-12-23T17:06:55 0 0 경기70아1592 3 38 204000065 122000096 58 
2020-12-23T17:07:54 0 0 경기70아1592 3 38 204000065 122000330 59 
2020-12-23T17:08:53 0 0 경기70아1592 3 38 204000065 122000330 59 
2020-12-23T17:09:53 0 0 경기70아1592 3 38 204000065 122000142 60 
2020-12-23T17:10:53 0 0 경기70아1592 3 37 204000065 122000133 61 
2020-12-23T17:11:53 0 0 경기70아1592 3 37 204000065 122000133 61 
2020-12-23T17:12:52 0 0 경기70아1592 3 37 204000065 122000133 61 
2020-12-23T17:13:51 0 0 경기70아1592 3 37 204000065 122000256 62 
2020-12-23T17:14:51 0 0 경기70아1592 3 37 204000065 122000257 63 
2020-12-23T17:15:51 0 0 경기70아1592 3 37 204000065 122000257 63 
2020-12-23T17:16:51 0 0 경기70아1592 3 37 204000065 122000257 63 
2020-12-23T17:17:50 0 0 경기70아1592 3 37 204000065 122000286 64 
2020-12-23T17:18:50 0 0 경기70아1592 3 27 204000065 122000286 64 
2020-12-23T17:19:50 0 0 경기70아1592 3 26 204000065 122000285 65 
2020-12-23T17:20:50 0 0 경기70아1592 3 26 204000065 122000285 65 
2020-12-23T17:21:50 0 0 경기70아1592 3 26 204000065 122000285 65 
2020-12-23T17:22:49 0 0 경기70아1592 3 26 204000065 122000285 65 
2020-12-23T17:23:49 0 0 경기70아1592 3 26 204000065 122000285 65 
2020-12-23T17:24:48 0 0 경기70아1592 3 26 204000065 122000285 65 
2020-12-23T17:25:47 0 0 경기70아1592 3 26 204000065 277103420 66 
2020-12-23T17:26:47 0 0 경기70아1592 3 26 204000065 277103420 66 
2020-12-23T17:27:47 0 0 경기70아1592 3 26 204000065 277103420 66 
2020-12-23T17:28:47 0 0 경기70아1592 3 26 204000065 277103420 66 
2020-12-23T17:29:47 0 0 경기70아1592 3 26 204000065 277103420 66 
2020-12-23T17:30:46 0 0 경기70아1592 3 26 204000065 277103418 67 
2020-12-23T17:31:46 0 0 경기70아1592 3 26 204000065 277103418 67 
2020-12-23T17:32:46 0 0 경기70아1592 3 26 204000065 277103418 67 
2020-12-23T17:33:45 0 0 경기70아1592 3 26 204000065 277103418 67 
2020-12-23T17:34:45 0 0 경기70아1592 3 26 204000065 277103418 67 
2020-12-23T17:35:44 0 0 경기70아1592 3 26 204000065 277103418 67 
2020-12-23T17:36:44 0 0 경기70아1592 3 26 204000065 277103418 67 
2020-12-23T17:37:44 0 0 경기70아1592 3 26 204000065 277103418 67 
2020-12-23T17:38:44 0 0 경기70아1592 3 26 204000065 277103418 67 
2020-12-23T17:39:43 0 0 경기70아1592 3 26 204000065 277103418 67 
2020-12-23T17:40:43 0 0 경기70아1592 3 26 204000065 277103418 67 
2020-12-23T17:41:42 0 0 경기70아1592 3 29 204000065 205000207 68 
2020-12-23T17:42:42 0 0 경기70아1592 3 29 204000065 205000207 68 
2020-12-23T17:43:42 0 0 경기70아1592 3 30 204000065 205000245 69 
2020-12-23T17:44:41 0 0 경기70아1592 3 30 204000065 205000245 69 
2020-12-23T17:45:41 0 0 경기70아1592 3 32 204000065 205000245 69 
2020-12-23T17:46:40 0 0 경기70아1592 3 33 204000065 206000361 70 
2020-12-23T17:47:40 0 0 경기70아1592 3 34 204000065 206000157 71 
2020-12-23T17:48:40 0 0 경기70아1592 3 34 204000065 206000157 71 
2020-12-23T17:49:39 0 0 경기70아1592 3 34 204000065 206000157 71 
2020-12-23T17:50:39 0 0 경기70아1592 3 34 204000065 206000054 73 
2020-12-23T17:51:39 0 0 경기70아1592 3 34 204000065 206000053 74 
2020-12-23T17:52:38 0 0 경기70아1592 3 34 204000065 206000053 74 
2020-12-23T17:53:38 0 0 경기70아1592 3 34 204000065 206000053 74 
2020-12-23T17:54:38 0 0 경기70아1592 3 34 204000065 206000053 74 
2020-12-23T17:55:37 0 0 경기70아1592 3 34 204000065 206000053 74 
2020-12-23T17:56:37 0 0 경기70아1592 3 34 204000065 206000053 74 
2020-12-23T17:57:37 0 0 경기70아1592 3 34 204000065 206000053 74 
2020-12-23T17:58:36 0 0 경기70아1592 3 34 204000065 206000053 74 
2020-12-23T17:59:36 0 0 경기70아1592 3 35 204000065 206000238 75 
2020-12-23T18:00:36 0 0 경기70아1592 3 35 204000065 206000238 75 
2020-12-23T18:01:36 0 0 경기70아1592 3 36 204000065 206000237 76 
2020-12-23T18:02:36 0 0 경기70아1592 3 36 204000065 206000237 76 
2020-12-23T18:03:35 0 0 경기70아1592 3 36 204000065 206000052 77 
2020-12-23T18:04:36 0 0 경기70아1592 3 36 204000065 206000051 78 
2020-12-23T18:05:35 0 0 경기70아1592 3 36 204000065 206000128 79 
2020-12-23T18:06:35 0 0 경기70아1592 3 36 204000065 206000050 80 
2020-12-23T18:07:34 0 0 경기70아1592 3 36 204000065 206000049 81 
2020-12-23T18:08:34 0 0 경기70아1592 3 37 204000065 206000047 83 
2020-12-23T18:09:34 0 0 경기70아1592 3 37 204000065 206000046 84 
2020-12-23T18:10:33 0 0 경기70아1592 3 37 204000065 206000045 85 
2020-12-23T18:11:32 0 0 경기70아1592 3 39 204000065 206000672 87 
2020-12-23T18:12:32 0 0 경기70아1592 3 39 204000065 206000672 87 
2020-12-23T18:13:31 0 0 경기70아1592 3 39 204000065 206000043 88 
2020-12-23T18:14:31 0 0 경기70아1592 3 39 204000065 206000178 89 
2020-12-23T18:15:31 0 0 경기70아1592 3 39 204000065 206000178 89 
2020-12-23T18:16:30 0 0 경기70아1592 3 39 204000065 206000178 89 
2020-12-23T18:17:30 0 0 경기70아1592 3 39 204000065 206000724 90 
2020-12-23T18:18:29 0 0 경기70아1592 3 39 204000065 206000722 91 
2020-12-23T18:19:29 0 0 경기70아1592 3 39 204000065 206000722 91 
2020-12-23T18:20:29 0 0 경기70아1592 3 39 204000065 206000711 93 
2020-12-23T18:21:28 0 0 경기70아1592 3 39 204000065 206000041 94 
2020-12-23T18:22:28 0 0 경기70아1592 3 39 204000065 206000041 94 
2020-12-23T18:23:28 0 0 경기70아1592 3 39 204000065 206000171 95 
2020-12-23T19:02:15 0 0 경기70아1592 3 39 204000065 277102470 3 
2020-12-23T19:03:15 0 0 경기70아1592 3 39 204000065 206000334 5 
2020-12-23T19:04:14 0 0 경기70아1592 3 39 204000065 206000334 5 
2020-12-23T19:05:14 0 0 경기70아1592 3 39 204000065 206000334 5 
2020-12-23T19:06:14 0 0 경기70아1592 3 39 204000065 206000710 6 
2020-12-23T19:07:13 0 0 경기70아1592 3 39 204000065 206000714 7 
2020-12-23T19:08:13 0 0 경기70아1592 3 39 204000065 206000714 7 
2020-12-23T19:09:13 0 0 경기70아1592 3 39 204000065 206000721 8 
2020-12-23T19:10:13 0 0 경기70아1592 3 39 204000065 206000721 8 
2020-12-23T19:11:13 0 0 경기70아1592 3 39 204000065 206000723 9 
2020-12-23T19:12:12 0 0 경기70아1592 3 39 204000065 206000327 10 
2020-12-23T19:13:12 0 0 경기70아1592 3 39 204000065 206000327 10 
2020-12-23T19:14:11 0 0 경기70아1592 3 39 204000065 206000249 11 
2020-12-23T19:15:11 0 0 경기70아1592 3 39 204000065 206000037 14 
2020-12-23T19:16:10 0 0 경기70아1592 3 39 204000065 206000037 14 
2020-12-23T19:17:10 0 0 경기70아1592 3 39 204000065 206000035 16 
2020-12-23T19:18:10 0 0 경기70아1592 3 39 204000065 206000034 17 
2020-12-23T19:19:10 0 0 경기70아1592 3 39 204000065 206000033 18 
2020-12-23T19:20:10 0 0 경기70아1592 3 39 204000065 206000033 18 
2020-12-23T19:21:09 0 0 경기70아1592 3 39 204000065 206000032 19 
2020-12-23T19:22:09 0 0 경기70아1592 3 39 204000065 206000029 22 
2020-12-23T19:23:08 0 0 경기70아1592 3 39 204000065 206000383 23 
2020-12-23T19:24:08 0 0 경기70아1592 3 39 204000065 206000318 24 
2020-12-23T19:25:08 0 0 경기70아1592 3 39 204000065 206000318 24 
2020-12-23T19:26:08 0 0 경기70아1592 3 39 204000065 206000317 25 
2020-12-23T19:27:08 0 0 경기70아1592 3 39 204000065 206000317 25 
2020-12-23T19:28:07 0 0 경기70아1592 3 39 204000065 206000027 27 
2020-12-23T19:29:07 0 0 경기70아1592 3 39 204000065 206000227 28 
2020-12-23T19:30:07 0 0 경기70아1592 3 39 204000065 206000226 29 
2020-12-23T19:31:06 0 0 경기70아1592 3 39 204000065 206000226 29 
2020-12-23T19:32:06 0 0 경기70아1592 3 38 204000065 206000784 30 
2020-12-23T19:33:06 0 0 경기70아1592 3 38 204000065 206000784 30 
2020-12-23T19:34:06 0 0 경기70아1592 3 38 204000065 205000029 31 
2020-12-23T19:35:06 0 0 경기70아1592 3 38 204000065 205000029 31 
2020-12-23T19:36:06 0 0 경기70아1592 3 38 204000065 205000069 32 
2020-12-23T19:37:06 0 0 경기70아1592 3 38 204000065 205000069 32 
2020-12-23T19:38:06 0 0 경기70아1592 3 38 204000065 205000069 32 
2020-12-23T19:39:06 0 0 경기70아1592 3 38 204000065 205000069 32 
2020-12-23T19:40:05 0 0 경기70아1592 3 38 204000065 277102622 33 
2020-12-23T19:41:05 0 0 경기70아1592 3 38 204000065 277102622 33 
2020-12-23T19:42:05 0 0 경기70아1592 3 38 204000065 277102622 33 
2020-12-23T19:43:04 0 0 경기70아1592 3 38 204000065 277103419 34 
2020-12-23T19:44:03 0 0 경기70아1592 3 38 204000065 277103419 34 
2020-12-23T19:45:02 0 0 경기70아1592 3 38 204000065 277103419 34 
2020-12-23T19:46:02 0 0 경기70아1592 3 38 204000065 277103419 34 
2020-12-23T19:47:02 0 0 경기70아1592 3 38 204000065 277103419 34 
2020-12-23T19:48:01 0 0 경기70아1592 3 38 204000065 277103419 34 
2020-12-23T19:49:00 0 0 경기70아1592 3 38 204000065 277103419 34 
2020-12-23T19:49:59 0 0 경기70아1592 3 38 204000065 277103419 34 
2020-12-23T19:50:58 0 0 경기70아1592 3 38 204000065 277103419 34 
2020-12-23T19:51:58 0 0 경기70아1592 3 38 204000065 277103419 34 
2020-12-23T19:52:58 0 0 경기70아1592 3 38 204000065 277103419 34 
2020-12-23T19:53:57 0 0 경기70아1592 3 38 204000065 277103419 34 
2020-12-23T19:54:56 0 0 경기70아1592 3 38 204000065 277103419 34 
2020-12-23T19:55:56 0 0 경기70아1592 3 38 204000065 277103421 35 
2020-12-23T19:56:55 0 0 경기70아1592 3 38 204000065 122000287 36 
2020-12-23T19:57:55 0 0 경기70아1592 3 38 204000065 122000288 37 
2020-12-23T19:58:55 0 0 경기70아1592 3 38 204000065 122000258 38 
2020-12-23T19:59:54 0 0 경기70아1592 3 38 204000065 122000258 38 
2020-12-23T20:00:54 0 0 경기70아1592 3 38 204000065 122000291 39 
2020-12-23T20:01:54 0 0 경기70아1592 3 38 204000065 122000291 39 
2020-12-23T20:02:54 0 0 경기70아1592 3 38 204000065 122000137 40 
2020-12-23T20:03:53 0 0 경기70아1592 3 38 204000065 122000139 43 
2020-12-23T20:04:53 0 0 경기70아1592 3 38 204000065 122000139 43 
2020-12-23T20:05:52 0 0 경기70아1592 3 38 204000065 122000094 44 
2020-12-23T20:06:51 0 0 경기70아1592 3 38 204000065 122000089 45 
2020-12-23T20:07:51 0 0 경기70아1592 3 38 204000065 122000089 45 
2020-12-23T20:08:50 0 0 경기70아1592 3 38 204000065 122000069 47 
2020-12-23T20:09:50 0 0 경기70아1592 3 38 204000065 122000066 48 
2020-12-23T20:10:50 0 0 경기70아1592 3 38 204000065 122000066 48 
2020-12-23T20:11:49 0 0 경기70아1592 3 38 204000065 122000066 48 
2020-12-23T20:12:49 0 0 경기70아1592 3 39 204000065 122000064 49 
2020-12-23T20:13:49 0 0 경기70아1592 3 39 204000065 122000064 49 
2020-12-23T20:14:48 0 0 경기70아1592 3 39 204000065 122000064 49 
2020-12-23T20:15:48 0 0 경기70아1592 3 39 204000065 122000559 50 
2020-12-23T20:16:48 0 0 경기70아1592 3 39 204000065 122000559 50 
2020-12-23T20:17:48 0 0 경기70아1592 3 39 204000065 122000078 51 
2020-12-23T20:18:48 0 0 경기70아1592 3 39 204000065 122000078 51 
2020-12-23T20:19:48 0 0 경기70아1592 3 39 204000065 122000079 52 
2020-12-23T20:20:47 0 0 경기70아1592 3 37 204000065 122000065 53 
2020-12-23T20:21:47 0 0 경기70아1592 3 37 204000065 122000065 53 
2020-12-23T20:22:47 0 0 경기70아1592 3 37 204000065 122000637 54 
2020-12-23T20:23:46 0 0 경기70아1592 3 37 204000065 122000068 55 
2020-12-23T20:24:46 0 0 경기70아1592 3 37 204000065 122000068 55 
2020-12-23T20:25:46 0 0 경기70아1592 3 36 204000065 122000095 57 
2020-12-23T20:26:46 0 0 경기70아1592 3 36 204000065 122000096 58 
2020-12-23T20:27:46 0 0 경기70아1592 3 35 204000065 122000096 58 
2020-12-23T20:28:45 0 0 경기70아1592 3 35 204000065 122000330 59 
2020-12-23T20:29:45 0 0 경기70아1592 3 35 204000065 122000142 60 
2020-12-23T20:30:45 0 0 경기70아1592 3 35 204000065 122000133 61 
2020-12-23T20:31:44 0 0 경기70아1592 3 35 204000065 122000133 61 
2020-12-23T20:32:44 0 0 경기70아1592 3 35 204000065 122000133 61 
2020-12-23T20:33:44 0 0 경기70아1592 3 35 204000065 122000256 62 
2020-12-23T20:34:44 0 0 경기70아1592 3 35 204000065 122000256 62 
2020-12-23T20:35:43 0 0 경기70아1592 3 35 204000065 122000257 63 
2020-12-23T20:36:43 0 0 경기70아1592 3 35 204000065 122000257 63 
2020-12-23T20:37:43 0 0 경기70아1592 3 35 204000065 122000257 63 
2020-12-23T20:38:43 0 0 경기70아1592 3 35 204000065 122000257 63 
2020-12-23T20:39:42 0 0 경기70아1592 3 34 204000065 122000286 64 
2020-12-23T20:40:42 0 0 경기70아1592 3 32 204000065 122000285 65 
2020-12-23T20:41:42 0 0 경기70아1592 3 32 204000065 122000285 65 
2020-12-23T20:42:41 0 0 경기70아1592 3 32 204000065 277103420 66 
2020-12-23T20:43:41 0 0 경기70아1592 3 32 204000065 277103420 66 
2020-12-23T20:44:40 0 0 경기70아1592 3 32 204000065 277103420 66 
2020-12-23T20:45:39 0 0 경기70아1592 3 32 204000065 277103418 67 
2020-12-23T20:46:39 0 0 경기70아1592 3 32 204000065 277103418 67 
2020-12-23T20:47:39 0 0 경기70아1592 3 32 204000065 277103418 67 
2020-12-23T20:48:39 0 0 경기70아1592 3 32 204000065 277103418 67 
2020-12-23T20:49:38 0 0 경기70아1592 3 32 204000065 277103418 67 
2020-12-23T20:50:38 0 0 경기70아1592 3 34 204000065 205000207 68 
2020-12-23T20:51:38 0 0 경기70아1592 3 35 204000065 205000207 68 
2020-12-23T20:52:37 0 0 경기70아1592 3 35 204000065 205000245 69 
2020-12-23T20:53:37 0 0 경기70아1592 3 35 204000065 205000245 69 
2020-12-23T20:54:36 0 0 경기70아1592 3 36 204000065 206000361 70 
2020-12-23T20:55:36 0 0 경기70아1592 3 36 204000065 206000157 71 
2020-12-23T20:56:36 0 0 경기70아1592 3 36 204000065 206000157 71 
2020-12-23T20:57:35 0 0 경기70아1592 3 36 204000065 206000157 71 
2020-12-23T20:58:35 0 0 경기70아1592 3 36 204000065 206000055 72 
2020-12-23T20:59:35 0 0 경기70아1592 3 36 204000065 206000053 74 
2020-12-23T21:00:34 0 0 경기70아1592 3 36 204000065 206000053 74 
2020-12-23T21:01:33 0 0 경기70아1592 3 36 204000065 206000053 74 
2020-12-23T21:02:33 0 0 경기70아1592 3 36 204000065 206000238 75 
2020-12-23T21:03:32 0 0 경기70아1592 3 36 204000065 206000238 75 
2020-12-23T21:04:31 0 0 경기70아1592 3 36 204000065 206000237 76 
2020-12-23T21:05:30 0 0 경기70아1592 3 37 204000065 206000052 77 
2020-12-23T21:06:30 0 0 경기70아1592 3 38 204000065 206000128 79 
2020-12-23T21:07:29 0 0 경기70아1592 3 38 204000065 206000128 79 
2020-12-23T21:08:28 0 0 경기70아1592 3 38 204000065 206000128 79 
2020-12-23T21:09:28 0 0 경기70아1592 3 38 204000065 206000049 81 
2020-12-23T21:10:28 0 0 경기70아1592 3 38 204000065 206000049 81 
2020-12-23T21:11:28 0 0 경기70아1592 3 39 204000065 206000047 83 
2020-12-23T21:12:27 0 0 경기70아1592 3 39 204000065 206000046 84 
2020-12-23T21:13:27 0 0 경기70아1592 3 39 204000065 206000045 85 
2020-12-23T21:14:27 0 0 경기70아1592 3 39 204000065 206000672 87 
2020-12-23T21:15:27 0 0 경기70아1592 3 39 204000065 206000672 87 
2020-12-23T21:16:27 0 0 경기70아1592 3 38 204000065 206000043 88 
2020-12-23T21:17:26 0 0 경기70아1592 3 38 204000065 206000178 89 
2020-12-23T21:18:25 0 0 경기70아1592 3 38 204000065 206000724 90 
2020-12-23T21:19:25 0 0 경기70아1592 3 39 204000065 206000722 91 
2020-12-23T21:20:25 0 0 경기70아1592 3 38 204000065 206000715 92 
2020-12-23T21:21:25 0 0 경기70아1592 3 38 204000065 206000715 92 
2020-12-23T21:22:25 0 0 경기70아1592 3 38 204000065 206000041 94 
2020-12-23T21:23:25 0 0 경기70아1592 3 38 204000065 206000171 95 
2020-12-23T21:57:14 0 0 경기70아1592 3 39 204000065 206000334 5 
2020-12-23T21:58:14 0 0 경기70아1592 3 39 204000065 206000714 7 
2020-12-23T21:59:13 0 0 경기70아1592 3 39 204000065 206000714 7 
2020-12-23T22:00:13 0 0 경기70아1592 3 39 204000065 206000721 8 
2020-12-23T22:01:13 0 0 경기70아1592 3 39 204000065 206000723 9 
2020-12-23T22:02:13 0 0 경기70아1592 3 39 204000065 206000327 10 
2020-12-23T22:03:12 0 0 경기70아1592 3 39 204000065 206000038 13 
2020-12-23T22:04:12 0 0 경기70아1592 3 39 204000065 206000036 15 
2020-12-23T22:05:11 0 0 경기70아1592 3 39 204000065 206000034 17 
2020-12-23T22:06:10 0 0 경기70아1592 3 38 204000065 206000034 17 
2020-12-23T22:07:10 0 0 경기70아1592 3 38 204000065 206000033 18 
2020-12-23T22:08:10 0 0 경기70아1592 3 38 204000065 206000033 18 
2020-12-23T22:09:10 0 0 경기70아1592 3 38 204000065 206000032 19 
2020-12-23T22:10:09 0 0 경기70아1592 3 37 204000065 206000029 22 
2020-12-23T22:11:09 0 0 경기70아1592 3 37 204000065 206000318 24 
2020-12-23T22:12:09 0 0 경기70아1592 3 37 204000065 206000317 25 
2020-12-23T22:13:09 0 0 경기70아1592 3 37 204000065 206000317 25 
2020-12-23T22:14:09 0 0 경기70아1592 3 37 204000065 206000027 27 
2020-12-23T22:15:08 0 0 경기70아1592 3 37 204000065 206000227 28 
2020-12-23T22:16:08 0 0 경기70아1592 3 37 204000065 206000227 28 
2020-12-23T22:17:08 0 0 경기70아1592 3 37 204000065 206000226 29 
2020-12-23T22:18:08 0 0 경기70아1592 3 37 204000065 206000226 29 
2020-12-23T22:19:08 0 0 경기70아1592 3 37 204000065 206000784 30 
2020-12-23T22:20:08 0 0 경기70아1592 3 37 204000065 205000029 31 
2020-12-23T22:21:07 0 0 경기70아1592 3 37 204000065 205000029 31 
2020-12-23T22:22:07 0 0 경기70아1592 3 37 204000065 205000029 31 
2020-12-23T22:23:07 0 0 경기70아1592 3 37 204000065 205000029 31 
2020-12-23T22:24:06 0 0 경기70아1592 3 37 204000065 205000029 31 
2020-12-23T22:25:06 0 0 경기70아1592 3 37 204000065 205000069 32 
2020-12-23T22:26:06 0 0 경기70아1592 3 36 204000065 205000069 32 
2020-12-23T22:27:05 0 0 경기70아1592 3 36 204000065 277102622 33 
2020-12-23T22:28:05 0 0 경기70아1592 3 36 204000065 277102622 33 
2020-12-23T22:29:05 0 0 경기70아1592 3 36 204000065 277102622 33 
2020-12-23T22:30:05 0 0 경기70아1592 3 36 204000065 277103419 34 
2020-12-23T22:31:04 0 0 경기70아1592 3 36 204000065 277103419 34 
2020-12-23T22:32:04 0 0 경기70아1592 3 36 204000065 277103419 34 
2020-12-23T22:33:03 0 0 경기70아1592 3 36 204000065 277103421 35 
2020-12-23T22:34:03 0 0 경기70아1592 3 36 204000065 277103421 35 
2020-12-23T22:35:02 0 0 경기70아1592 3 36 204000065 122000287 36 
2020-12-23T22:36:01 0 0 경기70아1592 3 37 204000065 122000288 37 
2020-12-23T22:37:01 0 0 경기70아1592 3 37 204000065 122000258 38 
2020-12-23T22:38:00 0 0 경기70아1592 3 37 204000065 122000291 39 
2020-12-23T22:39:00 0 0 경기70아1592 3 37 204000065 122000291 39 
2020-12-23T22:39:59 0 0 경기70아1592 3 37 204000065 122000388 41 
2020-12-23T22:40:59 0 0 경기70아1592 3 37 204000065 122000386 42 
2020-12-23T22:41:58 0 0 경기70아1592 3 37 204000065 122000139 43 
2020-12-23T22:42:58 0 0 경기70아1592 3 37 204000065 122000139 43 
2020-12-23T22:43:58 0 0 경기70아1592 3 38 204000065 122000089 45 
2020-12-23T22:44:57 0 0 경기70아1592 3 39 204000065 122000085 46 
2020-12-23T22:45:57 0 0 경기70아1592 3 39 204000065 122000085 46 
2020-12-23T22:46:56 0 0 경기70아1592 3 39 204000065 122000066 48 
2020-12-23T22:47:56 0 0 경기70아1592 3 39 204000065 122000066 48 
2020-12-23T22:48:56 0 0 경기70아1592 3 39 204000065 122000066 48 
2020-12-23T22:49:55 0 0 경기70아1592 3 39 204000065 122000064 49 
2020-12-23T22:50:55 0 0 경기70아1592 3 39 204000065 122000559 50 
2020-12-23T22:51:55 0 0 경기70아1592 3 39 204000065 122000078 51 
2020-12-23T22:52:55 0 0 경기70아1592 3 39 204000065 122000078 51 
2020-12-23T22:53:55 0 0 경기70아1592 3 39 204000065 122000079 52 
2020-12-23T22:54:55 0 0 경기70아1592 3 39 204000065 122000065 53 
2020-12-23T22:55:54 0 0 경기70아1592 3 39 204000065 122000065 53 
2020-12-23T22:56:54 0 0 경기70아1592 3 39 204000065 122000637 54 
2020-12-23T22:57:54 0 0 경기70아1592 3 39 204000065 122000068 55 
2020-12-23T22:58:53 0 0 경기70아1592 3 39 204000065 122000086 56 
2020-12-23T22:59:53 0 0 경기70아1592 3 39 204000065 122000086 56 
2020-12-23T23:00:53 0 0 경기70아1592 3 39 204000065 122000096 58 
2020-12-23T23:01:52 0 0 경기70아1592 3 39 204000065 122000096 58 
2020-12-23T23:02:52 0 0 경기70아1592 3 39 204000065 122000330 59 
2020-12-23T23:03:52 0 0 경기70아1592 3 39 204000065 122000133 61 
2020-12-23T23:04:51 0 0 경기70아1592 3 39 204000065 122000133 61 
2020-12-23T23:05:50 0 0 경기70아1592 3 39 204000065 122000256 62 
2020-12-23T23:06:50 0 0 경기70아1592 3 39 204000065 122000257 63 
2020-12-23T23:07:50 0 0 경기70아1592 3 39 204000065 122000257 63 
2020-12-23T23:08:50 0 0 경기70아1592 3 39 204000065 122000286 64 
2020-12-23T23:09:50 0 0 경기70아1592 3 39 204000065 122000285 65 
2020-12-23T23:10:49 0 0 경기70아1592 3 39 204000065 122000285 65 
2020-12-23T23:11:49 0 0 경기70아1592 3 39 204000065 277103420 66 
2020-12-23T23:12:48 0 0 경기70아1592 3 39 204000065 277103420 66 
2020-12-23T23:13:48 0 0 경기70아1592 3 39 204000065 277103418 67 
2020-12-23T23:14:48 0 0 경기70아1592 3 39 204000065 277103418 67 
2020-12-23T23:15:48 0 0 경기70아1592 3 39 204000065 277103418 67 
2020-12-23T23:16:47 0 0 경기70아1592 3 39 204000065 277103418 67 
2020-12-23T23:17:47 0 0 경기70아1592 3 39 204000065 277103418 67 
2020-12-23T23:18:47 0 0 경기70아1592 3 39 204000065 277103418 67 
2020-12-23T23:19:46 0 0 경기70아1592 3 39 204000065 205000207 68 
2020-12-23T23:20:46 0 0 경기70아1592 3 39 204000065 205000207 68 
2020-12-23T23:21:45 0 0 경기70아1592 3 39 204000065 205000245 69 
2020-12-23T23:22:45 0 0 경기70아1592 3 39 204000065 206000157 71 
2020-12-23T23:23:45 0 0 경기70아1592 3 39 204000065 206000157 71 
2020-12-23T23:24:44 0 0 경기70아1592 3 39 204000065 206000157 71 
2020-12-23T23:25:44 0 0 경기70아1592 3 39 204000065 206000055 72 
2020-12-23T23:26:44 0 0 경기70아1592 3 39 204000065 206000053 74 
2020-12-23T23:27:43 0 0 경기70아1592 3 39 204000065 206000053 74 
2020-12-23T23:28:43 0 0 경기70아1592 3 39 204000065 206000053 74 
2020-12-23T23:29:43 0 0 경기70아1592 3 39 204000065 206000237 76 
2020-12-23T23:30:42 0 0 경기70아1592 3 39 204000065 206000237 76 
2020-12-23T23:31:42 0 0 경기70아1592 3 39 204000065 206000052 77 
2020-12-23T23:32:41 0 0 경기70아1592 3 39 204000065 206000052 77 
2020-12-23T23:33:41 0 0 경기70아1592 3 39 204000065 206000049 81 
2020-12-23T23:34:41 0 0 경기70아1592 3 39 204000065 206000048 82 
2020-12-23T23:35:40 0 0 경기70아1592 3 39 204000065 206000044 86 
2020-12-23T23:36:40 0 0 경기70아1592 3 39 204000065 206000672 87 
2020-12-23T23:37:40 0 0 경기70아1592 3 39 204000065 206000178 89 
2020-12-23T23:38:39 0 0 경기70아1592 3 39 204000065 206000178 89 
2020-12-23T23:39:39 0 0 경기70아1592 3 39 204000065 206000724 90 
2020-12-23T23:40:39 0 0 경기70아1592 3 39 204000065 206000722 91 
2020-12-23T23:41:38 0 0 경기70아1592 3 39 204000065 206000722 91 
2020-12-23T23:42:38 0 0 경기70아1592 3 39 204000065 206000041 94 
2020-12-23T23:43:38 0 0 경기70아1592 3 39 204000065 206000041 94 
2020-12-23T23:44:37 0 0 경기70아1592 3 39 204000065 206000171 95 
2020-12-23T23:45:37 0 0 경기70아1592 3 39 204000065 206000171 95 
2020-12-23T23:46:36 0 0 경기70아1592 3 39 204000065 206000171 95 
2020-12-23T23:47:36 0 0 경기70아1592 3 39 204000065 206000171 95 
2020-12-23T23:48:35 0 0 경기70아1592 3 39 204000065 206000171 95 
2020-12-23T23:49:35 0 0 경기70아1592 3 39 204000065 206000171 95 
2020-12-23T23:50:35 0 0 경기70아1592 3 39 204000065 206000171 95 
2020-12-23T23:51:35 0 0 경기70아1592 3 39 204000065 206000171 95 
2020-12-23T23:52:35 0 0 경기70아1592 3 39 204000065 206000171 95 
2020-12-23T23:53:35 0 0 경기70아1592 3 39 204000065 206000171 95 
2020-12-23T23:54:34 0 0 경기70아1592 3 39 204000065 206000171 95 
2020-12-23T23:55:34 0 0 경기70아1592 3 39 204000065 206000171 95 
2020-12-23T23:56:34 0 0 경기70아1592 3 39 204000065 206000171 95 
2020-12-23T23:57:33 0 0 경기70아1592 3 39 204000065 206000171 95 
2020-12-23T23:58:33 0 0 경기70아1592 3 39 204000065 206000171 95 
