204000065 2020-11-27T22:00:12.538937+09:00
2020-11-28T06:56:49.300327+09:00 0 0 경기70아1592 3 39 204000065 206000334 5 
2020-11-28T06:57:48.644483+09:00 0 0 경기70아1592 3 39 204000065 206000334 5 
2020-11-28T06:58:47.778634+09:00 0 0 경기70아1592 3 39 204000065 206000334 5 
2020-11-28T06:59:47.022865+09:00 0 0 경기70아1592 3 39 204000065 206000710 6 
2020-11-28T07:00:47.097085+09:00 0 0 경기70아1592 3 39 204000065 206000714 7 
2020-11-28T07:01:47.051351+09:00 0 0 경기70아1592 3 39 204000065 206000721 8 
2020-11-28T07:02:46.935552+09:00 0 0 경기70아1592 3 39 204000065 206000721 8 
2020-11-28T07:03:46.679777+09:00 0 0 경기70아1592 3 39 204000065 206000721 8 
2020-11-28T07:04:46.613895+09:00 0 0 경기70아1592 3 39 204000065 206000327 10 
2020-11-28T07:05:45.658313+09:00 0 0 경기70아1592 3 39 204000065 206000327 10 
2020-11-28T07:06:45.152810+09:00 0 0 경기70아1592 3 37 204000065 206000038 13 
2020-11-28T07:07:45.417441+09:00 0 0 경기70아1592 3 37 204000065 206000037 14 
2020-11-28T07:08:45.391898+09:00 0 0 경기70아1592 3 36 204000065 206000034 17 
2020-11-28T07:09:44.626324+09:00 0 0 경기70아1592 3 36 204000065 206000034 17 
2020-11-28T07:10:43.800729+09:00 0 0 경기70아1592 3 36 204000065 206000033 18 
2020-11-28T07:11:43.595159+09:00 0 0 경기70아1592 3 36 204000065 206000033 18 
2020-11-28T07:12:42.479430+09:00 0 0 경기70아1592 3 36 204000065 206000033 18 
2020-11-28T07:13:42.193848+09:00 0 0 경기70아1592 3 36 204000065 206000383 23 
2020-11-28T07:14:42.248145+09:00 0 0 경기70아1592 3 36 204000065 206000317 25 
2020-11-28T07:15:42.282560+09:00 0 0 경기70아1592 3 36 204000065 206000028 26 
2020-11-28T07:16:41.676896+09:00 0 0 경기70아1592 3 36 204000065 206000027 27 
2020-11-28T07:17:41.421272+09:00 0 0 경기70아1592 3 36 204000065 206000227 28 
2020-11-28T07:18:41.435618+09:00 0 0 경기70아1592 3 36 204000065 206000226 29 
2020-11-28T07:19:41.199774+09:00 0 0 경기70아1592 3 37 204000065 206000226 29 
2020-11-28T07:20:40.124232+09:00 0 0 경기70아1592 3 37 204000065 206000784 30 
2020-11-28T07:21:39.718379+09:00 0 0 경기70아1592 3 37 204000065 206000784 30 
2020-11-28T07:22:39.262647+09:00 0 0 경기70아1592 3 37 204000065 205000029 31 
2020-11-28T07:23:38.376853+09:00 0 0 경기70아1592 3 37 204000065 205000029 31 
2020-11-28T07:24:37.841161+09:00 0 0 경기70아1592 3 37 204000065 205000029 31 
2020-11-28T07:25:37.385377+09:00 0 0 경기70아1592 3 37 204000065 205000069 32 
2020-11-28T07:26:36.629668+09:00 0 0 경기70아1592 3 37 204000065 205000069 32 
2020-11-28T07:27:35.753937+09:00 0 0 경기70아1592 3 37 204000065 277102622 33 
2020-11-28T07:28:35.808164+09:00 0 0 경기70아1592 3 37 204000065 277102622 33 
2020-11-28T07:29:34.722364+09:00 0 0 경기70아1592 3 37 204000065 277102622 33 
2020-11-28T07:30:34.716734+09:00 0 0 경기70아1592 3 37 204000065 277103419 34 
2020-11-28T07:31:34.330889+09:00 0 0 경기70아1592 3 37 204000065 277103419 34 
2020-11-28T07:32:34.125129+09:00 0 0 경기70아1592 3 37 204000065 277103419 34 
2020-11-28T07:33:33.039350+09:00 0 0 경기70아1592 3 37 204000065 277103421 35 
2020-11-28T07:34:33.143647+09:00 0 0 경기70아1592 3 37 204000065 277103421 35 
2020-11-28T07:35:31.957886+09:00 0 0 경기70아1592 3 37 204000065 122000287 36 
2020-11-28T07:36:31.832187+09:00 0 0 경기70아1592 3 37 204000065 122000288 37 
2020-11-28T07:37:30.906337+09:00 0 0 경기70아1592 3 37 204000065 122000258 38 
2020-11-28T07:38:31.010601+09:00 0 0 경기70아1592 3 37 204000065 122000291 39 
2020-11-28T07:39:30.784563+09:00 0 0 경기70아1592 3 37 204000065 122000291 39 
2020-11-28T07:40:30.777811+09:00 0 0 경기70아1592 3 37 204000065 122000137 40 
2020-11-28T07:41:30.291276+09:00 0 0 경기70아1592 3 37 204000065 122000386 42 
2020-11-28T07:42:30.054614+09:00 0 0 경기70아1592 3 37 204000065 122000386 42 
2020-11-28T07:43:29.968253+09:00 0 0 경기70아1592 3 38 204000065 122000139 43 
2020-11-28T07:44:29.891782+09:00 0 0 경기70아1592 3 38 204000065 122000094 44 
2020-11-28T07:45:29.885282+09:00 0 0 경기70아1592 3 38 204000065 122000094 44 
2020-11-28T07:46:28.969854+09:00 0 0 경기70아1592 3 39 204000065 122000069 47 
2020-11-28T07:47:28.572683+09:00 0 0 경기70아1592 3 39 204000065 122000066 48 
2020-11-28T07:48:28.376394+09:00 0 0 경기70아1592 3 39 204000065 122000066 48 
2020-11-28T07:49:27.510094+09:00 0 0 경기70아1592 3 39 204000065 122000064 49 
2020-11-28T07:50:27.144019+09:00 0 0 경기70아1592 3 39 204000065 122000559 50 
2020-11-28T07:51:26.887846+09:00 0 0 경기70아1592 3 39 204000065 122000078 51 
2020-11-28T07:52:26.511723+09:00 0 0 경기70아1592 3 39 204000065 122000078 51 
2020-11-28T07:53:26.345702+09:00 0 0 경기70아1592 3 39 204000065 122000078 51 
2020-11-28T07:54:26.389549+09:00 0 0 경기70아1592 3 39 204000065 122000079 52 
2020-11-28T07:55:25.853455+09:00 0 0 경기70아1592 3 39 204000065 122000079 52 
2020-11-28T07:56:24.717321+09:00 0 0 경기70아1592 3 39 204000065 122000065 53 
2020-11-28T07:57:23.881355+09:00 0 0 경기70아1592 3 39 204000065 122000065 53 
2020-11-28T07:58:23.845270+09:00 0 0 경기70아1592 3 39 204000065 122000637 54 
2020-11-28T07:59:23.789283+09:00 0 0 경기70아1592 3 39 204000065 122000068 55 
2020-11-28T08:00:23.713252+09:00 0 0 경기70아1592 3 39 204000065 122000086 56 
2020-11-28T08:01:23.287282+09:00 0 0 경기70아1592 3 39 204000065 122000086 56 
2020-11-28T08:02:23.321283+09:00 0 0 경기70아1592 3 39 204000065 122000095 57 
2020-11-28T08:03:22.315260+09:00 0 0 경기70아1592 3 39 204000065 122000096 58 
2020-11-28T08:04:21.409259+09:00 0 0 경기70아1592 3 39 204000065 122000142 60 
2020-11-28T08:05:20.563244+09:00 0 0 경기70아1592 3 39 204000065 122000133 61 
2020-11-28T08:06:19.917303+09:00 0 0 경기70아1592 3 39 204000065 122000133 61 
2020-11-28T08:07:20.031312+09:00 0 0 경기70아1592 3 39 204000065 122000256 62 
2020-11-28T08:08:19.255387+09:00 0 0 경기70아1592 3 39 204000065 122000256 62 
2020-11-28T08:09:18.259421+09:00 0 0 경기70아1592 3 39 204000065 122000257 63 
2020-11-28T08:10:17.273339+09:00 0 0 경기70아1592 3 39 204000065 122000285 65 
2020-11-28T08:11:17.047392+09:00 0 0 경기70아1592 3 38 204000065 122000285 65 
2020-11-28T08:12:16.901478+09:00 0 0 경기70아1592 3 38 204000065 277103420 66 
2020-11-28T08:13:16.015502+09:00 0 0 경기70아1592 3 38 204000065 277103420 66 
2020-11-28T08:14:15.899640+09:00 0 0 경기70아1592 3 38 204000065 277103420 66 
2020-11-28T08:15:15.173893+09:00 0 0 경기70아1592 3 38 204000065 277103418 67 
2020-11-28T08:16:14.848034+09:00 0 0 경기70아1592 3 38 204000065 277103418 67 
2020-11-28T08:17:14.762204+09:00 0 0 경기70아1592 3 38 204000065 277103418 67 
2020-11-28T08:18:13.976343+09:00 0 0 경기70아1592 3 38 204000065 277103418 67 
2020-11-28T08:19:13.850536+09:00 0 0 경기70아1592 3 38 204000065 277103418 67 
2020-11-28T08:20:12.874623+09:00 0 0 경기70아1592 3 38 204000065 277103418 67 
2020-11-28T08:21:12.168753+09:00 0 0 경기70아1592 3 38 204000065 205000207 68 
2020-11-28T08:22:11.322893+09:00 0 0 경기70아1592 3 38 204000065 205000207 68 
2020-11-28T08:23:10.756985+09:00 0 0 경기70아1592 3 38 204000065 205000245 69 
2020-11-28T08:24:10.091312+09:00 0 0 경기70아1592 3 38 204000065 205000245 69 
2020-11-28T08:25:09.485195+09:00 0 0 경기70아1592 3 39 204000065 206000361 70 
2020-11-28T08:26:09.419371+09:00 0 0 경기70아1592 3 38 204000065 206000157 71 
2020-11-28T08:27:09.413386+09:00 0 0 경기70아1592 3 38 204000065 206000157 71 
2020-11-28T08:28:08.787528+09:00 0 0 경기70아1592 3 38 204000065 206000157 71 
2020-11-28T08:29:08.581586+09:00 0 0 경기70아1592 3 38 204000065 206000054 73 
2020-11-28T08:30:08.195802+09:00 0 0 경기70아1592 3 38 204000065 206000053 74 
2020-11-28T08:31:08.179902+09:00 0 0 경기70아1592 3 38 204000065 206000053 74 
2020-11-28T08:32:07.443989+09:00 0 0 경기70아1592 3 38 204000065 206000053 74 
2020-11-28T08:33:06.738045+09:00 0 0 경기70아1592 3 38 204000065 206000237 76 
2020-11-28T08:34:05.862047+09:00 0 0 경기70아1592 3 38 204000065 206000237 76 
2020-11-28T08:35:04.926215+09:00 0 0 경기70아1592 3 38 204000065 206000052 77 
2020-11-28T08:36:04.110174+09:00 0 0 경기70아1592 3 38 204000065 206000051 78 
2020-11-28T08:37:03.204276+09:00 0 0 경기70아1592 3 38 204000065 206000049 81 
2020-11-28T08:38:02.618313+09:00 0 0 경기70아1592 3 38 204000065 206000047 83 
2020-11-28T08:39:01.872419+09:00 0 0 경기70아1592 3 39 204000065 206000046 84 
2020-11-28T08:40:01.096470+09:00 0 0 경기70아1592 3 39 204000065 206000046 84 
2020-11-28T08:41:00.040577+09:00 0 0 경기70아1592 3 39 204000065 206000044 86 
2020-11-28T08:41:59.134509+09:00 0 0 경기70아1592 3 39 204000065 206000672 87 
2020-11-28T08:42:58.258553+09:00 0 0 경기70아1592 3 39 204000065 206000672 87 
2020-11-28T08:43:57.962727+09:00 0 0 경기70아1592 3 39 204000065 206000178 89 
2020-11-28T08:44:57.786842+09:00 0 0 경기70아1592 3 39 204000065 206000178 89 
2020-11-28T08:45:57.110899+09:00 0 0 경기70아1592 3 39 204000065 206000722 91 
2020-11-28T08:46:56.364923+09:00 0 0 경기70아1592 3 39 204000065 206000722 91 
2020-11-28T08:47:56.379344+09:00 0 0 경기70아1592 3 39 204000065 206000715 92 
2020-11-28T08:48:55.234272+09:00 0 0 경기70아1592 3 39 204000065 206000041 94 
2020-11-28T08:49:54.309100+09:00 0 0 경기70아1592 3 39 204000065 206000041 94 
2020-11-28T08:50:54.283972+09:00 0 0 경기70아1592 3 39 204000065 206000171 95 
2020-11-28T08:51:54.198810+09:00 0 0 경기70아1592 3 39 204000065 206000171 95 
2020-11-28T08:52:53.353375+09:00 0 0 경기70아1592 3 39 204000065 206000171 95 
2020-11-28T08:53:52.337982+09:00 0 0 경기70아1592 3 39 204000065 206000171 95 
2020-11-28T08:54:51.982510+09:00 0 0 경기70아1592 3 39 204000065 206000171 95 
2020-11-28T08:55:52.057116+09:00 0 0 경기70아1592 3 39 204000065 206000171 95 
2020-11-28T08:56:51.241560+09:00 0 0 경기70아1592 3 39 204000065 206000171 95 
2020-11-28T08:57:51.106083+09:00 0 0 경기70아1592 3 39 204000065 206000171 95 
2020-11-28T08:58:50.900557+09:00 0 0 경기70아1592 3 39 204000065 206000171 95 
2020-11-28T08:59:51.084979+09:00 0 0 경기70아1592 3 39 204000065 206000171 95 
2020-11-28T09:00:50.709388+09:00 0 0 경기70아1592 3 39 204000065 206000171 95 
2020-11-28T09:01:50.443827+09:00 0 0 경기70아1592 3 39 204000065 206000171 95 
2020-11-28T09:02:50.398140+09:00 0 0 경기70아1592 3 39 204000065 206000171 95 
2020-11-28T09:03:50.172582+09:00 0 0 경기70아1592 3 39 204000065 206000171 95 
2020-11-28T09:04:49.386884+09:00 0 0 경기70아1592 3 39 204000065 206000171 95 
2020-11-28T10:54:00.212711+09:00 0 0 경기70아1592 3 39 204000065 206000405 4 
2020-11-28T10:55:00.056772+09:00 0 0 경기70아1592 3 39 204000065 206000334 5 
2020-11-28T10:55:58.960822+09:00 0 0 경기70아1592 3 39 204000065 206000334 5 
2020-11-28T10:56:58.254923+09:00 0 0 경기70아1592 3 38 204000065 206000334 5 
2020-11-28T10:57:57.058988+09:00 0 0 경기70아1592 3 38 204000065 206000710 6 
2020-11-28T10:58:57.063089+09:00 0 0 경기70아1592 3 38 204000065 206000714 7 
2020-11-28T10:59:55.887027+09:00 0 0 경기70아1592 3 38 204000065 206000714 7 
2020-11-28T11:00:55.621176+09:00 0 0 경기70아1592 3 38 204000065 206000721 8 
2020-11-28T11:01:55.435343+09:00 0 0 경기70아1592 3 38 204000065 206000721 8 
2020-11-28T11:02:55.179413+09:00 0 0 경기70아1592 3 38 204000065 206000249 11 
2020-11-28T11:03:54.943529+09:00 0 0 경기70아1592 3 38 204000065 206000249 11 
2020-11-28T11:04:53.847786+09:00 0 0 경기70아1592 3 38 204000065 206000249 11 
2020-11-28T11:05:53.452071+09:00 0 0 경기70아1592 3 38 204000065 206000037 14 
2020-11-28T11:06:52.926466+09:00 0 0 경기70아1592 3 38 204000065 206000037 14 
2020-11-28T11:07:53.050870+09:00 0 0 경기70아1592 3 38 204000065 206000037 14 
2020-11-28T11:08:52.025222+09:00 0 0 경기70아1592 3 38 204000065 206000033 18 
2020-11-28T11:09:51.849323+09:00 0 0 경기70아1592 3 38 204000065 206000031 20 
2020-11-28T11:10:51.913614+09:00 0 0 경기70아1592 3 38 204000065 206000030 21 
2020-11-28T11:11:50.947828+09:00 0 0 경기70아1592 3 38 204000065 206000030 21 
2020-11-28T11:12:50.222146+09:00 0 0 경기70아1592 3 38 204000065 206000030 21 
2020-11-28T11:13:49.896292+09:00 0 0 경기70아1592 3 38 204000065 206000029 22 
2020-11-28T11:14:49.950518+09:00 0 0 경기70아1592 3 38 204000065 206000317 25 
2020-11-28T11:15:49.344756+09:00 0 0 경기70아1592 3 38 204000065 206000317 25 
2020-11-28T11:16:48.608955+09:00 0 0 경기70아1592 3 38 204000065 206000317 25 
2020-11-28T11:17:47.522986+09:00 0 0 경기70아1592 3 38 204000065 206000227 28 
2020-11-28T11:18:47.497244+09:00 0 0 경기70아1592 3 38 204000065 206000227 28 
2020-11-28T11:19:47.341454+09:00 0 0 경기70아1592 3 38 204000065 206000227 28 
2020-11-28T11:20:47.185599+09:00 0 0 경기70아1592 3 38 204000065 206000226 29 
2020-11-28T11:21:46.669879+09:00 0 0 경기70아1592 3 38 204000065 206000226 29 
2020-11-28T11:22:46.608051+09:00 0 0 경기70아1592 3 38 204000065 206000784 30 
2020-11-28T11:23:46.338208+09:00 0 0 경기70아1592 3 38 204000065 205000029 31 
2020-11-28T11:24:45.972356+09:00 0 0 경기70아1592 3 38 204000065 205000029 31 
2020-11-28T11:25:45.796529+09:00 0 0 경기70아1592 3 38 204000065 205000029 31 
2020-11-28T11:26:45.030681+09:00 0 0 경기70아1592 3 38 204000065 205000029 31 
2020-11-28T11:27:44.914908+09:00 0 0 경기70아1592 3 38 204000065 205000069 32 
2020-11-28T11:28:45.028949+09:00 0 0 경기70아1592 3 35 204000065 205000069 32 
2020-11-28T11:29:44.723114+09:00 0 0 경기70아1592 3 35 204000065 205000069 32 
2020-11-28T11:30:44.377274+09:00 0 0 경기70아1592 3 35 204000065 277102622 33 
2020-11-28T11:31:43.361348+09:00 0 0 경기70아1592 3 35 204000065 277102622 33 
2020-11-28T11:32:43.385592+09:00 0 0 경기70아1592 3 35 204000065 277102622 33 
2020-11-28T11:33:43.429681+09:00 0 0 경기70아1592 3 35 204000065 277102622 33 
2020-11-28T11:34:42.604113+09:00 0 0 경기70아1592 3 35 204000065 277102622 33 
2020-11-28T11:35:42.548020+09:00 0 0 경기70아1592 3 35 204000065 277102622 33 
2020-11-28T11:36:41.802160+09:00 0 0 경기70아1592 3 35 204000065 277103419 34 
2020-11-28T11:37:40.876419+09:00 0 0 경기70아1592 3 35 204000065 277103419 34 
2020-11-28T11:38:40.760616+09:00 0 0 경기70아1592 3 35 204000065 277103419 34 
2020-11-28T11:39:40.405216+09:00 0 0 경기70아1592 3 35 204000065 277103419 34 
2020-11-28T11:40:40.499733+09:00 0 0 경기70아1592 3 35 204000065 277103419 34 
2020-11-28T11:41:39.574381+09:00 0 0 경기70아1592 3 35 204000065 277103419 34 
2020-11-28T11:42:39.308904+09:00 0 0 경기70아1592 3 35 204000065 277103419 34 
2020-11-28T11:43:39.063304+09:00 0 0 경기70아1592 3 35 204000065 277103419 34 
2020-11-28T11:44:38.897670+09:00 0 0 경기70아1592 3 35 204000065 277103419 34 
2020-11-28T11:45:37.822023+09:00 0 0 경기70아1592 3 35 204000065 277103419 34 
2020-11-28T11:46:37.886388+09:00 0 0 경기70아1592 3 35 204000065 277103419 34 
2020-11-28T11:47:36.970588+09:00 0 0 경기70아1592 3 35 204000065 277103419 34 
2020-11-28T11:48:36.635036+09:00 0 0 경기70아1592 3 35 204000065 277103419 34 
2020-11-28T11:49:36.749383+09:00 0 0 경기70아1592 3 35 204000065 277103421 35 
2020-11-28T11:50:36.163689+09:00 0 0 경기70아1592 3 35 204000065 277103421 35 
2020-11-28T11:51:35.138051+09:00 0 0 경기70아1592 3 35 204000065 122000288 37 
2020-11-28T11:52:34.802225+09:00 0 0 경기70아1592 3 35 204000065 122000288 37 
2020-11-28T11:53:34.616514+09:00 0 0 경기70아1592 3 35 204000065 122000258 38 
2020-11-28T11:54:34.210706+09:00 0 0 경기70아1592 3 35 204000065 122000258 38 
2020-11-28T11:55:33.965109+09:00 0 0 경기70아1592 3 36 204000065 122000291 39 
2020-11-28T11:56:33.879348+09:00 0 0 경기70아1592 3 36 204000065 122000291 39 
2020-11-28T11:57:32.793481+09:00 0 0 경기70아1592 3 36 204000065 122000291 39 
2020-11-28T11:58:32.807822+09:00 0 0 경기70아1592 3 36 204000065 122000291 39 
2020-11-28T11:59:32.712046+09:00 0 0 경기70아1592 3 36 204000065 122000291 39 
2020-11-28T12:00:32.396347+09:00 0 0 경기70아1592 3 36 204000065 122000137 40 
2020-11-28T12:01:32.000522+09:00 0 0 경기70아1592 3 36 204000065 122000137 40 
2020-11-28T12:02:31.764705+09:00 0 0 경기70아1592 3 36 204000065 122000388 41 
2020-11-28T12:03:31.629009+09:00 0 0 경기70아1592 3 37 204000065 122000386 42 
2020-11-28T12:04:31.563238+09:00 0 0 경기70아1592 3 38 204000065 122000386 42 
2020-11-28T12:05:31.637384+09:00 0 0 경기70아1592 3 39 204000065 122000139 43 
2020-11-28T12:06:30.511743+09:00 0 0 경기70아1592 3 39 204000065 122000139 43 
2020-11-28T12:07:30.305770+09:00 0 0 경기70아1592 3 39 204000065 122000139 43 
2020-11-28T12:08:29.860024+09:00 0 0 경기70아1592 3 39 204000065 122000094 44 
2020-11-28T12:09:29.804156+09:00 0 0 경기70아1592 3 39 204000065 122000094 44 
2020-11-28T12:10:29.438342+09:00 0 0 경기70아1592 3 39 204000065 122000085 46 
2020-11-28T12:11:29.212637+09:00 0 0 경기70아1592 3 39 204000065 122000066 48 
2020-11-28T12:12:29.096914+09:00 0 0 경기70아1592 3 39 204000065 122000066 48 
2020-11-28T12:13:29.110469+09:00 0 0 경기70아1592 3 39 204000065 122000064 49 
2020-11-28T12:14:28.144329+09:00 0 0 경기70아1592 3 39 204000065 122000064 49 
2020-11-28T12:15:27.168063+09:00 0 0 경기70아1592 3 39 204000065 122000064 49 
2020-11-28T12:16:26.651922+09:00 0 0 경기70아1592 3 39 204000065 122000064 49 
2020-11-28T12:17:26.655784+09:00 0 0 경기70아1592 3 39 204000065 122000559 50 
2020-11-28T12:18:26.239797+09:00 0 0 경기70아1592 3 39 204000065 122000559 50 
2020-11-28T12:19:26.093738+09:00 0 0 경기70아1592 3 39 204000065 122000078 51 
2020-11-28T12:20:25.167491+09:00 0 0 경기70아1592 3 39 204000065 122000079 52 
2020-11-28T12:21:24.871570+09:00 0 0 경기70아1592 3 39 204000065 122000079 52 
2020-11-28T12:22:24.435572+09:00 0 0 경기70아1592 3 39 204000065 122000065 53 
2020-11-28T12:23:23.459497+09:00 0 0 경기70아1592 3 39 204000065 122000068 55 
2020-11-28T12:24:23.563546+09:00 0 0 경기70아1592 3 39 204000065 122000068 55 
2020-11-28T12:25:22.507468+09:00 0 0 경기70아1592 3 39 204000065 122000068 55 
2020-11-28T12:26:22.641567+09:00 0 0 경기70아1592 3 39 204000065 122000096 58 
2020-11-28T12:27:22.355678+09:00 0 0 경기70아1592 3 39 204000065 122000096 58 
2020-11-28T12:28:22.129740+09:00 0 0 경기70아1592 3 39 204000065 122000330 59 
2020-11-28T12:29:22.213865+09:00 0 0 경기70아1592 3 39 204000065 122000142 60 
2020-11-28T12:30:21.477844+09:00 0 0 경기70아1592 3 39 204000065 122000142 60 
2020-11-28T12:31:20.551848+09:00 0 0 경기70아1592 3 39 204000065 122000142 60 
2020-11-28T12:32:19.715922+09:00 0 0 경기70아1592 3 39 204000065 122000142 60 
2020-11-28T12:33:19.589992+09:00 0 0 경기70아1592 3 39 204000065 122000133 61 
2020-11-28T12:34:19.104176+09:00 0 0 경기70아1592 3 39 204000065 122000133 61 
2020-11-28T12:35:18.168171+09:00 0 0 경기70아1592 3 39 204000065 122000256 62 
2020-11-28T12:36:17.282129+09:00 0 0 경기70아1592 3 39 204000065 122000257 63 
2020-11-28T12:37:16.986294+09:00 0 0 경기70아1592 3 39 204000065 122000257 63 
2020-11-28T12:38:16.210249+09:00 0 0 경기70아1592 3 39 204000065 122000257 63 
2020-11-28T12:39:15.264442+09:00 0 0 경기70아1592 3 39 204000065 122000286 64 
2020-11-28T12:40:14.038458+09:00 0 0 경기70아1592 3 39 204000065 122000285 65 
2020-11-28T12:41:13.772474+09:00 0 0 경기70아1592 3 39 204000065 122000285 65 
2020-11-28T12:42:13.856621+09:00 0 0 경기70아1592 3 39 204000065 122000285 65 
2020-11-28T12:43:13.740922+09:00 0 0 경기70아1592 3 39 204000065 122000285 65 
2020-11-28T12:44:13.724933+09:00 0 0 경기70아1592 3 39 204000065 277103420 66 
2020-11-28T12:45:13.479019+09:00 0 0 경기70아1592 3 39 204000065 277103420 66 
2020-11-28T12:46:13.383238+09:00 0 0 경기70아1592 3 39 204000065 277103420 66 
2020-11-28T12:47:12.567293+09:00 0 0 경기70아1592 3 39 204000065 277103420 66 
2020-11-28T12:48:12.051556+09:00 0 0 경기70아1592 3 39 204000065 277103420 66 
2020-11-28T12:49:11.135921+09:00 0 0 경기70아1592 3 39 204000065 277103420 66 
2020-11-28T12:50:10.360118+09:00 0 0 경기70아1592 3 39 204000065 277103418 67 
2020-11-28T12:51:09.354396+09:00 0 0 경기70아1592 3 39 204000065 277103418 67 
2020-11-28T12:52:08.428591+09:00 0 0 경기70아1592 3 39 204000065 277103418 67 
2020-11-28T12:53:08.202894+09:00 0 0 경기70아1592 3 39 204000065 277103418 67 
2020-11-28T12:54:07.447034+09:00 0 0 경기70아1592 3 39 204000065 277103418 67 
2020-11-28T12:55:06.871337+09:00 0 0 경기70아1592 3 39 204000065 277103418 67 
2020-11-28T12:56:06.015472+09:00 0 0 경기70아1592 3 39 204000065 277103418 67 
2020-11-28T12:57:05.259754+09:00 0 0 경기70아1592 3 39 204000065 205000207 68 
2020-11-28T12:58:04.623916+09:00 0 0 경기70아1592 3 39 204000065 205000207 68 
2020-11-28T12:59:04.248088+09:00 0 0 경기70아1592 3 39 204000065 205000207 68 
2020-11-28T13:00:04.302675+09:00 0 0 경기70아1592 3 39 204000065 205000207 68 
2020-11-28T13:01:03.626497+09:00 0 0 경기70아1592 3 39 204000065 206000361 70 
2020-11-28T13:02:02.620665+09:00 0 0 경기70아1592 3 39 204000065 206000361 70 
2020-11-28T13:03:02.524841+09:00 0 0 경기70아1592 3 39 204000065 206000361 70 
2020-11-28T13:04:01.968999+09:00 0 0 경기70아1592 3 39 204000065 206000157 71 
2020-11-28T13:05:02.073239+09:00 0 0 경기70아1592 3 39 204000065 206000055 72 
2020-11-28T13:06:02.167468+09:00 0 0 경기70아1592 3 39 204000065 206000053 74 
2020-11-28T13:07:01.491675+09:00 0 0 경기70아1592 3 39 204000065 206000053 74 
2020-11-28T13:08:01.125865+09:00 0 0 경기70아1592 3 39 204000065 206000053 74 
2020-11-28T13:09:01.029962+09:00 0 0 경기70아1592 3 39 204000065 206000238 75 
2020-11-28T13:10:00.624057+09:00 0 0 경기70아1592 3 39 204000065 206000238 75 
2020-11-28T13:11:00.148229+09:00 0 0 경기70아1592 3 39 204000065 206000052 77 
2020-11-28T13:11:59.772421+09:00 0 0 경기70아1592 3 39 204000065 206000128 79 
2020-11-28T13:12:59.226605+09:00 0 0 경기70아1592 3 39 204000065 206000128 79 
2020-11-28T13:13:57.910702+09:00 0 0 경기70아1592 3 39 204000065 206000128 79 
2020-11-28T13:14:57.326669+09:00 0 0 경기70아1592 3 39 204000065 206000128 79 
2020-11-28T13:15:57.069097+09:00 0 0 경기70아1592 3 39 204000065 206000048 82 
2020-11-28T13:16:56.673281+09:00 0 0 경기70아1592 3 39 204000065 206000047 83 
2020-11-28T13:17:56.637455+09:00 0 0 경기70아1592 3 39 204000065 206000044 86 
2020-11-28T13:18:55.901542+09:00 0 0 경기70아1592 3 39 204000065 206000672 87 
2020-11-28T13:19:55.885678+09:00 0 0 경기70아1592 3 39 204000065 206000178 89 
2020-11-28T13:20:55.889941+09:00 0 0 경기70아1592 3 39 204000065 206000178 89 
2020-11-28T13:21:55.126492+09:00 0 0 경기70아1592 3 39 204000065 206000724 90 
2020-11-28T13:22:54.057793+09:00 0 0 경기70아1592 3 39 204000065 206000724 90 
2020-11-28T13:23:53.961677+09:00 0 0 경기70아1592 3 39 204000065 206000722 91 
2020-11-28T13:24:52.885625+09:00 0 0 경기70아1592 3 39 204000065 206000722 91 
2020-11-28T13:25:52.839597+09:00 0 0 경기70아1592 3 39 204000065 206000715 92 
2020-11-28T13:26:52.173616+09:00 0 0 경기70아1592 3 39 204000065 206000711 93 
2020-11-28T13:27:51.447520+09:00 0 0 경기70아1592 3 39 204000065 206000041 94 
2020-11-28T13:28:50.661555+09:00 0 0 경기70아1592 3 39 204000065 206000041 94 
2020-11-28T13:29:50.365605+09:00 0 0 경기70아1592 3 39 204000065 206000171 95 
2020-11-28T13:30:50.119639+09:00 0 0 경기70아1592 3 39 204000065 206000171 95 
2020-11-28T13:31:49.223750+09:00 0 0 경기70아1592 3 39 204000065 206000171 95 
2020-11-28T13:32:49.237844+09:00 0 0 경기70아1592 3 39 204000065 206000171 95 
2020-11-28T13:33:48.842004+09:00 0 0 경기70아1592 3 39 204000065 206000171 95 
2020-11-28T13:34:48.246096+09:00 0 0 경기70아1592 3 39 204000065 206000171 95 
2020-11-28T13:35:47.909975+09:00 0 0 경기70아1592 3 39 204000065 206000171 95 
2020-11-28T13:36:47.404242+09:00 0 0 경기70아1592 3 39 204000065 206000171 95 
2020-11-28T13:37:47.308231+09:00 0 0 경기70아1592 3 39 204000065 206000171 95 
2020-11-28T13:38:46.912310+09:00 0 0 경기70아1592 3 39 204000065 206000171 95 
2020-11-28T13:39:46.606410+09:00 0 0 경기70아1592 3 39 204000065 206000171 95 
2020-11-28T13:40:46.470540+09:00 0 0 경기70아1592 3 39 204000065 206000171 95 
2020-11-28T13:41:46.214686+09:00 0 0 경기70아1592 3 39 204000065 206000171 95 
2020-11-28T13:42:45.938787+09:00 0 0 경기70아1592 3 39 204000065 206000171 95 
2020-11-28T13:43:45.652987+09:00 0 0 경기70아1592 3 39 204000065 206000171 95 
2020-11-28T15:18:11.630075+09:00 0 0 경기70아1592 3 39 204000065 206000405 4 
2020-11-28T15:19:10.484274+09:00 0 0 경기70아1592 3 39 204000065 206000334 5 
2020-11-28T15:20:10.158333+09:00 0 0 경기70아1592 3 39 204000065 206000334 5 
2020-11-28T15:21:10.063573+09:00 0 0 경기70아1592 3 39 204000065 206000334 5 
2020-11-28T15:22:09.177463+09:00 0 0 경기70아1592 3 39 204000065 206000710 6 
2020-11-28T15:23:08.350644+09:00 0 0 경기70아1592 3 39 204000065 206000714 7 
2020-11-28T15:24:08.234682+09:00 0 0 경기70아1592 3 39 204000065 206000721 8 
2020-11-28T15:25:08.308903+09:00 0 0 경기70아1592 3 39 204000065 206000721 8 
2020-11-28T15:26:07.312978+09:00 0 0 경기70아1592 3 39 204000065 206000723 9 
2020-11-28T15:27:07.017113+09:00 0 0 경기70아1592 3 39 204000065 206000327 10 
2020-11-28T15:28:06.741194+09:00 0 0 경기70아1592 3 39 204000065 206000327 10 
2020-11-28T15:29:05.645274+09:00 0 0 경기70아1592 3 39 204000065 206000249 11 
2020-11-28T15:30:05.299318+09:00 0 0 경기70아1592 3 38 204000065 206000038 13 
2020-11-28T15:31:04.463373+09:00 0 0 경기70아1592 3 38 204000065 206000037 14 
2020-11-28T15:32:04.137545+09:00 0 0 경기70아1592 3 38 204000065 206000036 15 
2020-11-28T15:33:03.701800+09:00 0 0 경기70아1592 3 38 204000065 206000035 16 
2020-11-28T15:34:03.225704+09:00 0 0 경기70아1592 3 38 204000065 206000035 16 
2020-11-28T15:35:03.119837+09:00 0 0 경기70아1592 3 39 204000065 206000034 17 
2020-11-28T15:36:03.003924+09:00 0 0 경기70아1592 3 39 204000065 206000034 17 
2020-11-28T15:37:02.798145+09:00 0 0 경기70아1592 3 39 204000065 206000033 18 
2020-11-28T15:38:02.553241+09:00 0 0 경기70아1592 3 39 204000065 206000033 18 
2020-11-28T15:39:01.737283+09:00 0 0 경기70아1592 3 39 204000065 206000033 18 
2020-11-28T15:40:01.442006+09:00 0 0 경기70아1592 3 39 204000065 206000032 19 
2020-11-28T15:41:01.456801+09:00 0 0 경기70아1592 3 39 204000065 206000032 19 
2020-11-28T15:42:01.158731+09:00 0 0 경기70아1592 3 39 204000065 206000030 21 
2020-11-28T15:43:00.716107+09:00 0 0 경기70아1592 3 39 204000065 206000029 22 
2020-11-28T15:44:00.790673+09:00 0 0 경기70아1592 3 39 204000065 206000383 23 
2020-11-28T15:45:00.545257+09:00 0 0 경기70아1592 3 39 204000065 206000318 24 
2020-11-28T15:46:00.209633+09:00 0 0 경기70아1592 3 39 204000065 206000318 24 
2020-11-28T15:46:59.944098+09:00 0 0 경기70아1592 3 39 204000065 206000317 25 
2020-11-28T15:47:59.598652+09:00 0 0 경기70아1592 3 39 204000065 206000317 25 
2020-11-28T15:48:59.582917+09:00 0 0 경기70아1592 3 39 204000065 206000027 27 
2020-11-28T15:49:59.147467+09:00 0 0 경기70아1592 3 39 204000065 206000027 27 
2020-11-28T15:50:59.091798+09:00 0 0 경기70아1592 3 39 204000065 206000227 28 
2020-11-28T15:51:58.786024+09:00 0 0 경기70아1592 3 39 204000065 206000227 28 
2020-11-28T15:52:58.060308+09:00 0 0 경기70아1592 3 39 204000065 206000226 29 
2020-11-28T15:53:57.814615+09:00 0 0 경기70아1592 3 39 204000065 206000226 29 
2020-11-28T15:54:57.488998+09:00 0 0 경기70아1592 3 39 204000065 206000226 29 
2020-11-28T15:55:56.983268+09:00 0 0 경기70아1592 3 39 204000065 206000784 30 
2020-11-28T15:56:56.587485+09:00 0 0 경기70아1592 3 39 204000065 206000784 30 
2020-11-28T15:57:56.331796+09:00 0 0 경기70아1592 3 39 204000065 205000029 31 
2020-11-28T15:58:55.905895+09:00 0 0 경기70아1592 3 39 204000065 205000029 31 
2020-11-28T15:59:55.680283+09:00 0 0 경기70아1592 3 39 204000065 205000029 31 
2020-11-28T16:00:55.324537+09:00 0 0 경기70아1592 3 39 204000065 205000029 31 
2020-11-28T16:01:55.388740+09:00 0 0 경기70아1592 3 39 204000065 205000029 31 
2020-11-28T16:02:55.222961+09:00 0 0 경기70아1592 3 39 204000065 205000069 32 
2020-11-28T16:03:55.257301+09:00 0 0 경기70아1592 3 39 204000065 205000069 32 
2020-11-28T16:04:55.131465+09:00 0 0 경기70아1592 3 39 204000065 277102622 33 
2020-11-28T16:05:54.075855+09:00 0 0 경기70아1592 3 39 204000065 277102622 33 
2020-11-28T16:06:54.079977+09:00 0 0 경기70아1592 3 39 204000065 277102622 33 
2020-11-28T16:07:53.124079+09:00 0 0 경기70아1592 3 39 204000065 277103419 34 
2020-11-28T16:08:52.918286+09:00 0 0 경기70아1592 3 39 204000065 277103419 34 
2020-11-28T16:09:52.822614+09:00 0 0 경기70아1592 3 39 204000065 277103419 34 
2020-11-28T16:10:52.056824+09:00 0 0 경기70아1592 3 39 204000065 277103419 34 
2020-11-28T16:11:51.820933+09:00 0 0 경기70아1592 3 39 204000065 277103419 34 
2020-11-28T16:12:51.874834+09:00 0 0 경기70아1592 3 39 204000065 277103419 34 
2020-11-28T16:13:51.768709+09:00 0 0 경기70아1592 3 39 204000065 277103419 34 
2020-11-28T16:14:51.592488+09:00 0 0 경기70아1592 3 39 204000065 277103421 35 
2020-11-28T16:15:51.156438+09:00 0 0 경기70아1592 3 39 204000065 277103421 35 
2020-11-28T16:16:50.840461+09:00 0 0 경기70아1592 3 39 204000065 122000287 36 
2020-11-28T16:17:49.914483+09:00 0 0 경기70아1592 3 39 204000065 122000288 37 
2020-11-28T16:18:49.548251+09:00 0 0 경기70아1592 3 39 204000065 122000288 37 
2020-11-28T16:19:48.832284+09:00 0 0 경기70아1592 3 39 204000065 122000288 37 
2020-11-28T16:20:48.426164+09:00 0 0 경기70아1592 3 39 204000065 122000258 38 
2020-11-28T16:21:48.030294+09:00 0 0 경기70아1592 3 39 204000065 122000258 38 
2020-11-28T16:22:47.564247+09:00 0 0 경기70아1592 3 39 204000065 122000291 39 
2020-11-28T16:23:47.468308+09:00 0 0 경기70아1592 3 39 204000065 122000291 39 
2020-11-28T16:24:47.152324+09:00 0 0 경기70아1592 3 39 204000065 122000137 40 
2020-11-28T16:25:46.656406+09:00 0 0 경기70아1592 3 39 204000065 122000137 40 
2020-11-28T16:26:46.540490+09:00 0 0 경기70아1592 3 39 204000065 122000388 41 
2020-11-28T16:27:46.454588+09:00 0 0 경기70아1592 3 39 204000065 122000139 43 
2020-11-28T16:28:46.128587+09:00 0 0 경기70아1592 3 39 204000065 122000139 43 
2020-11-28T16:29:45.792771+09:00 0 0 경기70아1592 3 39 204000065 122000094 44 
2020-11-28T16:30:45.446804+09:00 0 0 경기70아1592 3 39 204000065 122000094 44 
2020-11-28T16:31:45.461090+09:00 0 0 경기70아1592 3 39 204000065 122000089 45 
2020-11-28T16:32:45.405105+09:00 0 0 경기70아1592 3 39 204000065 122000069 47 
2020-11-28T16:33:45.319122+09:00 0 0 경기70아1592 3 39 204000065 122000066 48 
2020-11-28T16:34:44.753328+09:00 0 0 경기70아1592 3 39 204000065 122000064 49 
2020-11-28T16:35:43.837378+09:00 0 0 경기70아1592 3 39 204000065 122000064 49 
2020-11-28T16:36:42.941662+09:00 0 0 경기70아1592 3 39 204000065 122000064 49 
2020-11-28T16:37:42.635493+09:00 0 0 경기70아1592 3 39 204000065 122000559 50 
2020-11-28T16:38:42.189670+09:00 0 0 경기70아1592 3 39 204000065 122000559 50 
2020-11-28T16:39:41.623702+09:00 0 0 경기70아1592 3 39 204000065 122000078 51 
2020-11-28T16:40:41.468224+09:00 0 0 경기70아1592 3 39 204000065 122000079 52 
2020-11-28T16:41:41.391998+09:00 0 0 경기70아1592 3 39 204000065 122000079 52 
2020-11-28T16:42:41.056127+09:00 0 0 경기70아1592 3 39 204000065 122000079 52 
2020-11-28T16:43:40.800194+09:00 0 0 경기70아1592 3 39 204000065 122000079 52 
2020-11-28T16:44:40.884428+09:00 0 0 경기70아1592 3 39 204000065 122000079 52 
2020-11-28T16:45:40.418458+09:00 0 0 경기70아1592 3 39 204000065 122000637 54 
2020-11-28T16:46:40.142143+09:00 0 0 경기70아1592 3 37 204000065 122000068 55 
2020-11-28T16:47:39.645584+09:00 0 0 경기70아1592 3 37 204000065 122000068 55 
2020-11-28T16:48:39.149256+09:00 0 0 경기70아1592 3 37 204000065 122000068 55 
2020-11-28T16:49:38.632736+09:00 0 0 경기70아1592 3 37 204000065 122000086 56 
2020-11-28T16:50:38.136456+09:00 0 0 경기70아1592 3 37 204000065 122000095 57 
2020-11-28T16:51:38.020377+09:00 0 0 경기70아1592 3 37 204000065 122000095 57 
2020-11-28T16:52:37.443890+09:00 0 0 경기70아1592 3 36 204000065 122000096 58 
2020-11-28T16:53:37.067704+09:00 0 0 경기70아1592 3 36 204000065 122000096 58 
2020-11-28T16:54:36.751528+09:00 0 0 경기70아1592 3 36 204000065 122000330 59 
2020-11-28T16:55:36.735307+09:00 0 0 경기70아1592 3 36 204000065 122000330 59 
2020-11-28T16:56:36.179188+09:00 0 0 경기70아1592 3 36 204000065 122000142 60 
2020-11-28T16:57:36.133155+09:00 0 0 경기70아1592 3 36 204000065 122000142 60 
2020-11-28T16:58:36.027040+09:00 0 0 경기70아1592 3 36 204000065 122000142 60 
2020-11-28T16:59:35.970943+09:00 0 0 경기70아1592 3 36 204000065 122000133 61 
2020-11-28T17:00:35.070072+09:00 0 0 경기70아1592 3 36 204000065 122000133 61 
2020-11-28T17:01:35.148796+09:00 0 0 경기70아1592 3 36 204000065 122000256 62 
2020-11-28T17:02:34.952852+09:00 0 0 경기70아1592 3 36 204000065 122000256 62 
2020-11-28T17:03:34.486734+09:00 0 0 경기70아1592 3 36 204000065 122000257 63 
2020-11-28T17:04:34.150675+09:00 0 0 경기70아1592 3 36 204000065 122000257 63 
2020-11-28T17:05:33.994732+09:00 0 0 경기70아1592 3 36 204000065 122000257 63 
2020-11-28T17:06:33.558649+09:00 0 0 경기70아1592 3 36 204000065 122000257 63 
2020-11-28T17:07:33.322669+09:00 0 0 경기70아1592 3 36 204000065 122000286 64 
2020-11-28T17:08:33.166684+09:00 0 0 경기70아1592 3 35 204000065 122000285 65 
2020-11-28T17:09:33.070680+09:00 0 0 경기70아1592 3 35 204000065 122000285 65 
2020-11-28T17:10:32.654668+09:00 0 0 경기70아1592 3 35 204000065 122000285 65 
2020-11-28T17:11:32.588797+09:00 0 0 경기70아1592 3 35 204000065 122000285 65 
2020-11-28T17:12:32.452766+09:00 0 0 경기70아1592 3 35 204000065 277103420 66 
2020-11-28T17:13:32.236765+09:00 0 0 경기70아1592 3 35 204000065 277103420 66 
2020-11-28T17:14:31.080739+09:00 0 0 경기70아1592 3 35 204000065 277103420 66 
2020-11-28T17:15:30.854839+09:00 0 0 경기70아1592 3 35 204000065 277103420 66 
2020-11-28T17:16:30.628741+09:00 0 0 경기70아1592 3 35 204000065 277103420 66 
2020-11-28T17:17:30.162951+09:00 0 0 경기70아1592 3 35 204000065 277103418 67 
2020-11-28T17:18:30.106932+09:00 0 0 경기70아1592 3 35 204000065 277103418 67 
2020-11-28T17:19:29.870992+09:00 0 0 경기70아1592 3 35 204000065 277103418 67 
2020-11-28T17:20:29.675182+09:00 0 0 경기70아1592 3 35 204000065 277103418 67 
2020-11-28T17:21:29.309837+09:00 0 0 경기70아1592 3 35 204000065 277103418 67 
2020-11-28T17:22:29.284524+09:00 0 0 경기70아1592 3 35 204000065 277103418 67 
2020-11-28T17:23:29.179062+09:00 0 0 경기70아1592 3 35 204000065 277103418 67 
2020-11-28T17:24:28.133439+09:00 0 0 경기70아1592 3 36 204000065 277103418 67 
2020-11-28T17:25:27.887963+09:00 0 0 경기70아1592 3 36 204000065 277103418 67 
2020-11-28T17:26:27.632394+09:00 0 0 경기70아1592 3 36 204000065 205000207 68 
2020-11-28T17:27:27.356811+09:00 0 0 경기70아1592 3 36 204000065 205000207 68 
2020-11-28T17:28:27.081119+09:00 0 0 경기70아1592 3 36 204000065 205000207 68 
2020-11-28T17:29:26.955455+09:00 0 0 경기70아1592 3 36 204000065 205000207 68 
2020-11-28T17:30:26.539881+09:00 0 0 경기70아1592 3 36 204000065 205000207 68 
2020-11-28T17:31:26.184036+09:00 0 0 경기70아1592 3 37 204000065 205000245 69 
2020-11-28T17:32:25.838410+09:00 0 0 경기70아1592 3 37 204000065 205000245 69 
2020-11-28T17:33:26.012611+09:00 0 0 경기70아1592 3 37 204000065 205000245 69 
2020-11-28T17:34:24.983323+09:00 0 0 경기70아1592 3 37 204000065 206000361 70 
2020-11-28T17:35:24.621123+09:00 0 0 경기70아1592 3 38 204000065 206000157 71 
2020-11-28T17:36:24.465320+09:00 0 0 경기70아1592 3 38 204000065 206000157 71 
2020-11-28T17:37:23.480213+09:00 0 0 경기70아1592 3 38 204000065 206000157 71 
2020-11-28T17:38:23.133802+09:00 0 0 경기70아1592 3 38 204000065 206000055 72 
2020-11-28T17:39:23.127965+09:00 0 0 경기70아1592 3 38 204000065 206000053 74 
2020-11-28T17:40:22.192166+09:00 0 0 경기70아1592 3 38 204000065 206000053 74 
2020-11-28T17:41:21.386472+09:00 0 0 경기70아1592 3 39 204000065 206000238 75 
2020-11-28T17:42:20.520463+09:00 0 0 경기70아1592 3 39 204000065 206000238 75 
2020-11-28T17:43:19.704592+09:00 0 0 경기70아1592 3 39 204000065 206000238 75 
2020-11-28T17:44:18.638806+09:00 0 0 경기70아1592 3 39 204000065 206000052 77 
2020-11-28T17:45:18.472975+09:00 0 0 경기70아1592 3 39 204000065 206000051 78 
2020-11-28T17:46:18.477200+09:00 0 0 경기70아1592 3 39 204000065 206000049 81 
2020-11-28T17:47:17.571247+09:00 0 0 경기70아1592 3 39 204000065 206000048 82 
2020-11-28T17:48:17.165446+09:00 0 0 경기70아1592 3 39 204000065 206000047 83 
2020-11-28T17:49:16.549986+09:00 0 0 경기70아1592 3 39 204000065 206000047 83 
2020-11-28T17:50:16.523827+09:00 0 0 경기70아1592 3 39 204000065 206000045 85 
2020-11-28T17:51:16.337966+09:00 0 0 경기70아1592 3 39 204000065 206000672 87 
2020-11-28T17:52:16.242126+09:00 0 0 경기70아1592 3 39 204000065 206000672 87 
2020-11-28T17:53:15.236246+09:00 0 0 경기70아1592 3 39 204000065 206000178 89 
2020-11-28T17:54:15.000449+09:00 0 0 경기70아1592 3 39 204000065 206000724 90 
2020-11-28T17:55:14.954918+09:00 0 0 경기70아1592 3 39 204000065 206000724 90 
2020-11-28T17:56:14.789698+09:00 0 0 경기70아1592 3 39 204000065 206000722 91 
2020-11-28T17:57:13.954135+09:00 0 0 경기70아1592 3 39 204000065 206000722 91 
2020-11-28T17:58:13.728609+09:00 0 0 경기70아1592 3 39 204000065 206000041 94 
2020-11-28T17:59:13.403068+09:00 0 0 경기70아1592 3 39 204000065 206000171 95 
2020-11-28T18:00:13.337464+09:00 0 0 경기70아1592 3 39 204000065 206000171 95 
2020-11-28T18:01:13.321962+09:00 0 0 경기70아1592 3 39 204000065 206000171 95 
2020-11-28T18:02:13.166280+09:00 0 0 경기70아1592 3 39 204000065 206000171 95 
2020-11-28T18:03:12.720607+09:00 0 0 경기70아1592 3 39 204000065 206000171 95 
2020-11-28T18:04:12.344973+09:00 0 0 경기70아1592 3 39 204000065 206000171 95 
2020-11-28T18:05:12.239454+09:00 0 0 경기70아1592 3 39 204000065 206000171 95 
2020-11-28T18:06:12.083662+09:00 0 0 경기70아1592 3 39 204000065 206000171 95 
2020-11-28T18:07:12.097928+09:00 0 0 경기70아1592 3 39 204000065 206000171 95 
2020-11-28T18:08:11.842223+09:00 0 0 경기70아1592 3 39 204000065 206000171 95 
2020-11-28T18:09:11.636515+09:00 0 0 경기70아1592 3 39 204000065 206000171 95 
2020-11-28T18:10:11.560848+09:00 0 0 경기70아1592 3 39 204000065 206000171 95 
2020-11-28T18:11:11.065182+09:00 0 0 경기70아1592 3 39 204000065 206000171 95 
2020-11-28T18:12:11.139383+09:00 0 0 경기70아1592 3 39 204000065 206000171 95 
2020-11-28T18:13:10.903714+09:00 0 0 경기70아1592 3 39 204000065 206000171 95 
2020-11-28T18:14:10.827890+09:00 0 0 경기70아1592 3 39 204000065 206000171 95 
2020-11-28T19:04:54.693139+09:00 0 0 경기70아1592 3 39 204000065 277102470 3 
2020-11-28T19:05:54.487749+09:00 0 0 경기70아1592 3 39 204000065 206000334 5 
2020-11-28T19:06:54.232440+09:00 0 0 경기70아1592 3 39 204000065 206000334 5 
2020-11-28T19:07:54.116944+09:00 0 0 경기70아1592 3 39 204000065 206000714 7 
2020-11-28T19:08:53.741402+09:00 0 0 경기70아1592 3 39 204000065 206000714 7 
2020-11-28T19:09:52.955857+09:00 0 0 경기70아1592 3 39 204000065 206000721 8 
2020-11-28T19:10:51.950261+09:00 0 0 경기70아1592 3 39 204000065 206000721 8 
2020-11-28T19:11:51.564664+09:00 0 0 경기70아1592 3 39 204000065 206000327 10 
2020-11-28T19:12:51.539016+09:00 0 0 경기70아1592 3 39 204000065 206000327 10 
2020-11-28T19:13:50.503257+09:00 0 0 경기70아1592 3 39 204000065 206000249 11 
2020-11-28T19:14:50.067581+09:00 0 0 경기70아1592 3 39 204000065 206000249 11 
2020-11-28T19:15:49.771911+09:00 0 0 경기70아1592 3 39 204000065 206000037 14 
2020-11-28T19:16:49.346122+09:00 0 0 경기70아1592 3 39 204000065 206000037 14 
2020-11-28T19:17:48.910438+09:00 0 0 경기70아1592 3 39 204000065 206000034 17 
2020-11-28T19:18:48.724599+09:00 0 0 경기70아1592 3 39 204000065 206000034 17 
2020-11-28T19:19:47.588826+09:00 0 0 경기70아1592 3 39 204000065 206000034 17 
2020-11-28T19:20:47.383050+09:00 0 0 경기70아1592 3 39 204000065 206000033 18 
2020-11-28T19:21:46.967347+09:00 0 0 경기70아1592 3 39 204000065 206000030 21 
2020-11-28T19:22:46.731458+09:00 0 0 경기70아1592 3 39 204000065 206000030 21 
2020-11-28T19:23:46.695729+09:00 0 0 경기70아1592 3 39 204000065 206000317 25 
2020-11-28T19:24:45.759784+09:00 0 0 경기70아1592 3 39 204000065 206000317 25 
2020-11-28T19:25:45.254121+09:00 0 0 경기70아1592 3 39 204000065 206000027 27 
2020-11-28T19:26:44.968322+09:00 0 0 경기70아1592 3 39 204000065 206000226 29 
2020-11-28T19:27:44.752599+09:00 0 0 경기70아1592 3 39 204000065 206000226 29 
2020-11-28T19:28:44.626974+09:00 0 0 경기70아1592 3 39 204000065 206000784 30 
2020-11-28T19:29:44.320865+09:00 0 0 경기70아1592 3 39 204000065 206000784 30 
2020-11-28T19:30:44.174979+09:00 0 0 경기70아1592 3 39 204000065 206000784 30 
2020-11-28T19:31:44.009248+09:00 0 0 경기70아1592 3 39 204000065 205000029 31 
2020-11-28T19:32:43.503355+09:00 0 0 경기70아1592 3 39 204000065 205000029 31 
2020-11-28T19:33:43.337573+09:00 0 0 경기70아1592 3 39 204000065 205000069 32 
2020-11-28T19:34:43.031847+09:00 0 0 경기70아1592 3 39 204000065 205000069 32 
2020-11-28T19:35:42.906009+09:00 0 0 경기70아1592 3 39 204000065 205000069 32 
2020-11-28T19:36:42.450095+09:00 0 0 경기70아1592 3 39 204000065 277102622 33 
2020-11-28T19:37:42.324353+09:00 0 0 경기70아1592 3 39 204000065 277102622 33 
2020-11-28T19:38:42.128567+09:00 0 0 경기70아1592 3 39 204000065 277102622 33 
2020-11-28T19:39:41.953729+09:00 0 0 경기70아1592 3 39 204000065 277103419 34 
2020-11-28T19:40:41.616957+09:00 0 0 경기70아1592 3 39 204000065 277103419 34 
2020-11-28T19:41:40.671042+09:00 0 0 경기70아1592 3 39 204000065 277103419 34 
2020-11-28T19:42:40.685276+09:00 0 0 경기70아1592 3 39 204000065 277103419 34 
2020-11-28T19:43:40.229462+09:00 0 0 경기70아1592 3 39 204000065 277103419 34 
2020-11-28T19:44:40.143812+09:00 0 0 경기70아1592 3 39 204000065 277103419 34 
2020-11-28T19:45:39.977864+09:00 0 0 경기70아1592 3 39 204000065 277103419 34 
2020-11-28T19:46:39.011993+09:00 0 0 경기70아1592 3 39 204000065 277103421 35 
2020-11-28T19:47:38.696255+09:00 0 0 경기70아1592 3 39 204000065 122000288 37 
2020-11-28T19:48:38.581020+09:00 0 0 경기70아1592 3 39 204000065 122000288 37 
2020-11-28T19:49:38.374639+09:00 0 0 경기70아1592 3 39 204000065 122000258 38 
2020-11-28T19:50:38.298856+09:00 0 0 경기70아1592 3 39 204000065 122000291 39 
2020-11-28T19:51:38.053004+09:00 0 0 경기70아1592 3 39 204000065 122000137 40 
2020-11-28T19:52:37.827191+09:00 0 0 경기70아1592 3 39 204000065 122000137 40 
2020-11-28T19:53:37.381689+09:00 0 0 경기70아1592 3 39 204000065 122000386 42 
2020-11-28T19:54:37.075525+09:00 0 0 경기70아1592 3 39 204000065 122000386 42 
2020-11-28T19:55:36.629667+09:00 0 0 경기70아1592 3 39 204000065 122000094 44 
2020-11-28T19:56:35.733799+09:00 0 0 경기70아1592 3 39 204000065 122000094 44 
2020-11-28T19:57:35.367924+09:00 0 0 경기70아1592 3 39 204000065 122000094 44 
2020-11-28T19:58:35.102131+09:00 0 0 경기70아1592 3 39 204000065 122000066 48 
2020-11-28T19:59:34.916360+09:00 0 0 경기70아1592 3 39 204000065 122000064 49 
2020-11-28T20:00:34.790370+09:00 0 0 경기70아1592 3 39 204000065 122000064 49 
2020-11-28T20:01:34.484735+09:00 0 0 경기70아1592 3 39 204000065 122000559 50 
2020-11-28T20:02:34.198886+09:00 0 0 경기70아1592 3 39 204000065 122000078 51 
2020-11-28T20:03:33.542907+09:00 0 0 경기70아1592 3 39 204000065 122000078 51 
2020-11-28T20:04:33.147160+09:00 0 0 경기70아1592 3 39 204000065 122000078 51 
2020-11-28T20:05:32.731214+09:00 0 0 경기70아1592 3 39 204000065 122000079 52 
2020-11-28T20:06:32.445365+09:00 0 0 경기70아1592 3 39 204000065 122000065 53 
2020-11-28T20:07:32.199782+09:00 0 0 경기70아1592 3 39 204000065 122000637 54 
2020-11-28T20:08:31.753786+09:00 0 0 경기70아1592 3 39 204000065 122000637 54 
2020-11-28T20:09:31.387998+09:00 0 0 경기70아1592 3 39 204000065 122000068 55 
2020-11-28T20:10:31.142086+09:00 0 0 경기70아1592 3 39 204000065 122000068 55 
2020-11-28T20:11:30.856101+09:00 0 0 경기70아1592 3 39 204000065 122000086 56 
2020-11-28T20:12:30.279911+09:00 0 0 경기70아1592 3 39 204000065 122000096 58 
2020-11-28T20:13:30.363832+09:00 0 0 경기70아1592 3 38 204000065 122000096 58 
2020-11-28T20:14:30.067779+09:00 0 0 경기70아1592 3 38 204000065 122000096 58 
2020-11-28T20:15:29.811684+09:00 0 0 경기70아1592 3 38 204000065 122000330 59 
2020-11-28T20:16:29.565497+09:00 0 0 경기70아1592 3 38 204000065 122000330 59 
2020-11-28T20:17:29.339655+09:00 0 0 경기70아1592 3 38 204000065 122000142 60 
2020-11-28T20:18:28.583605+09:00 0 0 경기70아1592 3 38 204000065 122000142 60 
2020-11-28T20:19:28.287652+09:00 0 0 경기70아1592 3 38 204000065 122000142 60 
2020-11-28T20:20:27.831755+09:00 0 0 경기70아1592 3 38 204000065 122000133 61 
2020-11-28T20:21:27.465670+09:00 0 0 경기70아1592 3 38 204000065 122000133 61 
2020-11-28T20:22:27.339685+09:00 0 0 경기70아1592 3 38 204000065 122000256 62 
2020-11-28T20:23:26.923737+09:00 0 0 경기70아1592 3 38 204000065 122000257 63 
2020-11-28T20:24:26.837798+09:00 0 0 경기70아1592 3 38 204000065 122000257 63 
2020-11-28T20:25:26.271914+09:00 0 0 경기70아1592 3 38 204000065 122000257 63 
2020-11-28T20:26:25.896019+09:00 0 0 경기70아1592 3 37 204000065 122000286 64 
2020-11-28T20:27:25.750090+09:00 0 0 경기70아1592 3 36 204000065 122000285 65 
2020-11-28T20:28:25.564133+09:00 0 0 경기70아1592 3 36 204000065 277103420 66 
2020-11-28T20:29:25.238318+09:00 0 0 경기70아1592 3 36 204000065 277103420 66 
2020-11-28T20:30:24.849020+09:00 0 0 경기70아1592 3 36 204000065 277103420 66 
2020-11-28T20:31:23.936350+09:00 0 0 경기70아1592 3 36 204000065 277103418 67 
2020-11-28T20:32:23.050480+09:00 0 0 경기70아1592 3 36 204000065 277103418 67 
2020-11-28T20:33:22.804773+09:00 0 0 경기70아1592 3 36 204000065 277103418 67 
2020-11-28T20:34:21.698588+09:00 0 0 경기70아1592 3 36 204000065 277103418 67 
2020-11-28T20:35:21.582918+09:00 0 0 경기70아1592 3 36 204000065 277103418 67 
2020-11-28T20:36:21.206932+09:00 0 0 경기70아1592 3 36 204000065 205000207 68 
2020-11-28T20:37:20.730984+09:00 0 0 경기70아1592 3 36 204000065 205000207 68 
2020-11-28T20:38:20.145178+09:00 0 0 경기70아1592 3 36 204000065 205000207 68 
2020-11-28T20:39:19.849314+09:00 0 0 경기70아1592 3 36 204000065 205000207 68 
2020-11-28T20:40:19.543270+09:00 0 0 경기70아1592 3 36 204000065 206000361 70 
2020-11-28T20:41:19.317450+09:00 0 0 경기70아1592 3 37 204000065 206000361 70 
2020-11-28T20:42:19.031505+09:00 0 0 경기70아1592 3 37 204000065 206000361 70 
2020-11-28T20:43:18.265557+09:00 0 0 경기70아1592 3 38 204000065 206000157 71 
2020-11-28T20:44:17.929740+09:00 0 0 경기70아1592 3 38 204000065 206000157 71 
2020-11-28T20:45:17.833889+09:00 0 0 경기70아1592 3 39 204000065 206000053 74 
2020-11-28T20:46:17.278400+09:00 0 0 경기70아1592 3 39 204000065 206000053 74 
2020-11-28T20:47:17.102381+09:00 0 0 경기70아1592 3 39 204000065 206000053 74 
2020-11-28T20:48:16.726515+09:00 0 0 경기70아1592 3 39 204000065 206000238 75 
2020-11-28T20:49:16.330734+09:00 0 0 경기70아1592 3 39 204000065 206000238 75 
2020-11-28T20:50:15.664947+09:00 0 0 경기70아1592 3 39 204000065 206000052 77 
2020-11-28T20:51:15.299066+09:00 0 0 경기70아1592 3 39 204000065 206000051 78 
2020-11-28T20:52:14.583217+09:00 0 0 경기70아1592 3 39 204000065 206000049 81 
2020-11-28T20:53:13.917529+09:00 0 0 경기70아1592 3 39 204000065 206000047 83 
2020-11-28T20:54:13.831880+09:00 0 0 경기70아1592 3 39 204000065 206000046 84 
2020-11-28T20:55:13.665772+09:00 0 0 경기70아1592 3 39 204000065 206000046 84 
2020-11-28T20:56:13.299966+09:00 0 0 경기70아1592 3 39 204000065 206000672 87 
2020-11-28T20:57:12.994168+09:00 0 0 경기70아1592 3 39 204000065 206000672 87 
2020-11-28T20:58:12.728179+09:00 0 0 경기70아1592 3 39 204000065 206000043 88 
2020-11-28T20:59:12.422424+09:00 0 0 경기70아1592 3 39 204000065 206000178 89 
2020-11-28T21:00:11.606545+09:00 0 0 경기70아1592 3 39 204000065 206000178 89 
2020-11-28T21:01:11.440652+09:00 0 0 경기70아1592 3 39 204000065 206000722 91 
2020-11-28T21:02:11.304985+09:00 0 0 경기70아1592 3 39 204000065 206000715 92 
2020-11-28T21:03:10.579000+09:00 0 0 경기70아1592 3 39 204000065 206000715 92 
2020-11-28T21:04:10.393133+09:00 0 0 경기70아1592 3 39 204000065 206000711 93 
2020-11-28T21:05:10.017337+09:00 0 0 경기70아1592 3 39 204000065 206000171 95 
2020-11-28T21:06:09.671478+09:00 0 0 경기70아1592 3 39 204000065 206000171 95 
2020-11-28T21:07:09.455697+09:00 0 0 경기70아1592 3 39 204000065 206000171 95 
2020-11-28T21:08:09.099813+09:00 0 0 경기70아1592 3 39 204000065 206000171 95 
2020-11-28T21:09:08.783834+09:00 0 0 경기70아1592 3 39 204000065 206000171 95 
2020-11-28T21:10:08.408068+09:00 0 0 경기70아1592 3 39 204000065 206000171 95 
2020-11-28T21:11:08.192178+09:00 0 0 경기70아1592 3 39 204000065 206000171 95 
2020-11-28T21:12:08.166272+09:00 0 0 경기70아1592 3 39 204000065 206000171 95 
2020-11-28T21:13:07.250464+09:00 0 0 경기70아1592 3 39 204000065 206000171 95 
2020-11-28T21:14:06.444563+09:00 0 0 경기70아1592 3 39 204000065 206000171 95 
2020-11-28T21:15:06.078852+09:00 0 0 경기70아1592 3 39 204000065 206000171 95 
2020-11-28T21:16:05.622803+09:00 0 0 경기70아1592 3 39 204000065 206000171 95 
2020-11-28T21:17:05.437115+09:00 0 0 경기70아1592 3 39 204000065 206000171 95 
2020-11-28T21:18:04.981274+09:00 0 0 경기70아1592 3 39 204000065 206000171 95 
2020-11-28T21:19:04.855331+09:00 0 0 경기70아1592 3 39 204000065 206000171 95 
2020-11-28T21:20:04.819487+09:00 0 0 경기70아1592 3 39 204000065 206000171 95 
2020-11-28T21:57:50.515844+09:00 0 0 경기70아1592 3 39 204000065 206000334 5 
2020-11-28T21:58:49.919916+09:00 0 0 경기70아1592 3 39 204000065 206000334 5 
2020-11-28T21:59:49.463913+09:00 0 0 경기70아1592 3 39 204000065 206000710 6 
2020-11-28T22:00:48.828129+09:00 0 0 경기70아1592 3 39 204000065 206000710 6 
2020-11-28T22:01:48.323875+09:00 0 0 경기70아1592 3 39 204000065 206000723 9 
2020-11-28T22:02:47.816353+09:00 0 0 경기70아1592 3 39 204000065 206000723 9 
2020-11-28T22:03:47.360376+09:00 0 0 경기70아1592 3 39 204000065 206000327 10 
2020-11-28T22:04:47.484571+09:00 0 0 경기70아1592 3 39 204000065 206000327 10 
2020-11-28T22:05:46.588720+09:00 0 0 경기70아1592 3 38 204000065 206000038 13 
2020-11-28T22:06:46.192838+09:00 0 0 경기70아1592 3 38 204000065 206000037 14 
2020-11-28T22:07:45.546925+09:00 0 0 경기70아1592 3 38 204000065 206000036 15 
2020-11-28T22:08:44.850940+09:00 0 0 경기70아1592 3 38 204000065 206000034 17 
2020-11-28T22:09:44.125116+09:00 0 0 경기70아1592 3 38 204000065 206000034 17 
2020-11-28T22:10:43.789224+09:00 0 0 경기70아1592 3 38 204000065 206000033 18 
2020-11-28T22:11:42.813818+09:00 0 0 경기70아1592 3 38 204000065 206000033 18 
2020-11-28T22:12:42.297386+09:00 0 0 경기70아1592 3 37 204000065 206000031 20 
2020-11-28T22:13:41.821503+09:00 0 0 경기70아1592 3 37 204000065 206000030 21 
2020-11-28T22:14:41.435593+09:00 0 0 경기70아1592 3 37 204000065 206000030 21 
2020-11-28T22:15:41.539852+09:00 0 0 경기70아1592 3 37 204000065 206000030 21 
2020-11-28T22:16:41.043911+09:00 0 0 경기70아1592 3 37 204000065 206000318 24 
2020-11-28T22:17:40.447964+09:00 0 0 경기70아1592 3 38 204000065 206000317 25 
2020-11-28T22:18:40.102102+09:00 0 0 경기70아1592 3 38 204000065 206000028 26 
2020-11-28T22:19:39.736206+09:00 0 0 경기70아1592 3 38 204000065 206000027 27 
2020-11-28T22:20:39.160403+09:00 0 0 경기70아1592 3 38 204000065 206000227 28 
2020-11-28T22:21:38.494478+09:00 0 0 경기70아1592 3 38 204000065 206000227 28 
2020-11-28T22:22:37.698705+09:00 0 0 경기70아1592 3 38 204000065 206000227 28 
2020-11-28T22:23:37.062705+09:00 0 0 경기70아1592 3 38 204000065 206000226 29 
2020-11-28T22:24:36.576762+09:00 0 0 경기70아1592 3 38 204000065 206000784 30 
2020-11-28T22:25:35.721014+09:00 0 0 경기70아1592 3 38 204000065 205000029 31 
2020-11-28T22:26:35.315074+09:00 0 0 경기70아1592 3 38 204000065 205000029 31 
2020-11-28T22:27:35.039194+09:00 0 0 경기70아1592 3 38 204000065 205000029 31 
2020-11-28T22:28:34.472783+09:00 0 0 경기70아1592 3 38 204000065 205000029 31 
2020-11-28T22:29:34.066471+09:00 0 0 경기70아1592 3 38 204000065 205000069 32 
2020-11-28T22:30:33.660050+09:00 0 0 경기70아1592 3 37 204000065 205000069 32 
2020-11-28T22:31:32.993821+09:00 0 0 경기70아1592 3 37 204000065 205000069 32 
2020-11-28T22:32:32.477472+09:00 0 0 경기70아1592 3 37 204000065 205000069 32 
2020-11-28T22:33:31.841511+09:00 0 0 경기70아1592 3 37 204000065 277102622 33 
2020-11-28T22:34:31.015317+09:00 0 0 경기70아1592 3 37 204000065 277102622 33 
2020-11-28T22:35:30.319172+09:00 0 0 경기70아1592 3 37 204000065 277103419 34 
2020-11-28T22:36:29.652973+09:00 0 0 경기70아1592 3 37 204000065 277103419 34 
2020-11-28T22:37:29.206904+09:00 0 0 경기70아1592 3 37 204000065 277103419 34 
2020-11-28T22:38:28.510829+09:00 0 0 경기70아1592 3 37 204000065 277103419 34 
2020-11-28T22:39:27.744776+09:00 0 0 경기70아1592 3 37 204000065 122000287 36 
2020-11-28T22:40:27.308709+09:00 0 0 경기70아1592 3 37 204000065 122000288 37 
2020-11-28T22:41:26.782687+09:00 0 0 경기70아1592 3 37 204000065 122000288 37 
2020-11-28T22:42:25.846506+09:00 0 0 경기70아1592 3 37 204000065 122000291 39 
2020-11-28T22:43:25.540644+09:00 0 0 경기70아1592 3 37 204000065 122000291 39 
2020-11-28T22:44:24.834549+09:00 0 0 경기70아1592 3 37 204000065 122000137 40 
2020-11-28T22:45:24.068582+09:00 0 0 경기70아1592 3 37 204000065 122000386 42 
2020-11-28T22:46:23.582562+09:00 0 0 경기70아1592 3 37 204000065 122000139 43 
2020-11-28T22:47:23.576666+09:00 0 0 경기70아1592 3 37 204000065 122000139 43 
2020-11-28T22:48:22.950723+09:00 0 0 경기70아1592 3 37 204000065 122000094 44 
2020-11-28T22:49:22.074552+09:00 0 0 경기70아1592 3 37 204000065 122000066 48 
2020-11-28T22:50:21.708677+09:00 0 0 경기70아1592 3 37 204000065 122000066 48 
2020-11-28T22:51:20.972545+09:00 0 0 경기70아1592 3 37 204000065 122000066 48 
2020-11-28T22:52:20.496765+09:00 0 0 경기70아1592 3 38 204000065 122000064 49 
2020-11-28T22:53:19.970785+09:00 0 0 경기70아1592 3 38 204000065 122000064 49 
2020-11-28T22:54:19.304735+09:00 0 0 경기70아1592 3 39 204000065 122000559 50 
2020-11-28T22:55:18.668895+09:00 0 0 경기70아1592 3 39 204000065 122000078 51 
2020-11-28T22:56:18.012901+09:00 0 0 경기70아1592 3 39 204000065 122000078 51 
2020-11-28T22:57:17.076805+09:00 0 0 경기70아1592 3 39 204000065 122000079 52 
2020-11-28T22:58:16.340819+09:00 0 0 경기70아1592 3 39 204000065 122000079 52 
2020-11-28T22:59:15.794891+09:00 0 0 경기70아1592 3 39 204000065 122000079 52 
2020-11-28T23:00:15.108976+09:00 0 0 경기70아1592 3 39 204000065 122000065 53 
2020-11-28T23:01:14.092916+09:00 0 0 경기70아1592 3 39 204000065 122000637 54 
2020-11-28T23:02:13.787035+09:00 0 0 경기70아1592 3 38 204000065 122000068 55 
2020-11-28T23:03:13.141310+09:00 0 0 경기70아1592 3 38 204000065 122000068 55 
2020-11-28T23:04:12.155753+09:00 0 0 경기70아1592 3 38 204000065 122000086 56 
2020-11-28T23:05:12.049925+09:00 0 0 경기70아1592 3 38 204000065 122000095 57 
2020-11-28T23:06:11.784151+09:00 0 0 경기70아1592 3 38 204000065 122000096 58 
2020-11-28T23:07:11.018545+09:00 0 0 경기70아1592 3 38 204000065 122000142 60 
2020-11-28T23:08:10.472708+09:00 0 0 경기70아1592 3 38 204000065 122000133 61 
2020-11-28T23:09:10.286850+09:00 0 0 경기70아1592 3 38 204000065 122000133 61 
2020-11-28T23:10:09.661113+09:00 0 0 경기70아1592 3 38 204000065 122000256 62 
2020-11-28T23:11:09.175177+09:00 0 0 경기70아1592 3 38 204000065 122000257 63 
2020-11-28T23:12:08.929516+09:00 0 0 경기70아1592 3 38 204000065 122000257 63 
2020-11-28T23:13:08.563567+09:00 0 0 경기70아1592 3 38 204000065 122000257 63 
2020-11-28T23:14:07.867736+09:00 0 0 경기70아1592 3 38 204000065 122000286 64 
2020-11-28T23:15:07.521893+09:00 0 0 경기70아1592 3 38 204000065 122000285 65 
2020-11-28T23:16:07.166054+09:00 0 0 경기70아1592 3 38 204000065 277103420 66 
2020-11-28T23:17:06.560277+09:00 0 0 경기70아1592 3 38 204000065 277103420 66 
2020-11-28T23:18:06.434230+09:00 0 0 경기70아1592 3 38 204000065 277103420 66 
2020-11-28T23:19:06.018450+09:00 0 0 경기70아1592 3 38 204000065 277103418 67 
2020-11-28T23:20:05.602506+09:00 0 0 경기70아1592 3 38 204000065 277103418 67 
2020-11-28T23:21:04.967895+09:00 0 0 경기70아1592 3 38 204000065 277103418 67 
2020-11-28T23:22:04.450732+09:00 0 0 경기70아1592 3 38 204000065 277103418 67 
2020-11-28T23:23:03.694952+09:00 0 0 경기70아1592 3 38 204000065 277103418 67 
2020-11-28T23:24:03.549076+09:00 0 0 경기70아1592 3 38 204000065 205000207 68 
2020-11-28T23:25:02.853174+09:00 0 0 경기70아1592 3 38 204000065 205000207 68 
2020-11-28T23:26:02.047276+09:00 0 0 경기70아1592 3 38 204000065 205000207 68 
2020-11-28T23:27:01.621397+09:00 0 0 경기70아1592 3 38 204000065 205000207 68 
2020-11-28T23:28:01.155430+09:00 0 0 경기70아1592 3 38 204000065 206000361 70 
2020-11-28T23:29:00.939656+09:00 0 0 경기70아1592 3 38 204000065 206000157 71 
2020-11-28T23:30:00.263722+09:00 0 0 경기70아1592 3 38 204000065 206000054 73 
2020-11-28T23:30:59.787858+09:00 0 0 경기70아1592 3 38 204000065 206000053 74 
2020-11-28T23:31:59.091856+09:00 0 0 경기70아1592 3 38 204000065 206000053 74 
2020-11-28T23:32:58.366000+09:00 0 0 경기70아1592 3 38 204000065 206000238 75 
2020-11-28T23:33:57.650090+09:00 0 0 경기70아1592 3 38 204000065 206000238 75 
2020-11-28T23:34:57.064113+09:00 0 0 경기70아1592 3 38 204000065 206000052 77 
2020-11-28T23:35:56.498291+09:00 0 0 경기70아1592 3 38 204000065 206000128 79 
2020-11-28T23:36:55.722461+09:00 0 0 경기70아1592 3 38 204000065 206000049 81 
2020-11-28T23:37:55.736592+09:00 0 0 경기70아1592 3 38 204000065 206000047 83 
2020-11-28T23:38:54.120723+09:00 0 0 경기70아1592 3 39 204000065 206000044 86 
2020-11-28T23:39:53.514969+09:00 0 0 경기70아1592 3 39 204000065 206000672 87 
2020-11-28T23:40:53.109089+09:00 0 0 경기70아1592 3 39 204000065 206000178 89 
2020-11-28T23:41:52.603263+09:00 0 0 경기70아1592 3 39 204000065 206000178 89 
2020-11-28T23:42:51.957396+09:00 0 0 경기70아1592 3 39 204000065 206000724 90 
2020-11-28T23:43:51.451582+09:00 0 0 경기70아1592 3 39 204000065 206000722 91 
2020-11-28T23:44:51.165703+09:00 0 0 경기70아1592 3 39 204000065 206000722 91 
2020-11-28T23:45:50.529876+09:00 0 0 경기70아1592 3 39 204000065 206000711 93 
2020-11-28T23:46:50.023862+09:00 0 0 경기70아1592 3 39 204000065 206000171 95 
2020-11-28T23:47:49.938084+09:00 0 0 경기70아1592 3 39 204000065 206000171 95 
2020-11-28T23:48:49.232083+09:00 0 0 경기70아1592 3 39 204000065 206000171 95 
2020-11-28T23:49:48.666374+09:00 0 0 경기70아1592 3 39 204000065 206000171 95 
2020-11-28T23:50:48.150480+09:00 0 0 경기70아1592 3 39 204000065 206000171 95 
2020-11-28T23:51:47.264631+09:00 0 0 경기70아1592 3 39 204000065 206000171 95 
2020-11-28T23:52:46.598790+09:00 0 0 경기70아1592 3 39 204000065 206000171 95 
2020-11-28T23:53:45.832873+09:00 0 0 경기70아1592 3 39 204000065 206000171 95 
2020-11-28T23:54:45.176858+09:00 0 0 경기70아1592 3 39 204000065 206000171 95 
2020-11-28T23:55:44.420933+09:00 0 0 경기70아1592 3 39 204000065 206000171 95 
2020-11-28T23:56:43.455045+09:00 0 0 경기70아1592 3 39 204000065 206000171 95 
2020-11-28T23:57:42.929208+09:00 0 0 경기70아1592 3 39 204000065 206000171 95 
2020-11-28T23:58:41.953297+09:00 0 0 경기70아1592 3 39 204000065 206000171 95 
2020-11-28T23:59:41.377378+09:00 0 0 경기70아1592 3 39 204000065 206000171 95 
2020-11-29T00:00:40.531434+09:00 0 0 경기70아1592 3 39 204000065 206000171 95 
2020-11-29T00:01:39.775474+09:00 0 0 경기70아1592 3 39 204000065 206000171 95 
