204000065 2020-12-01T00:00:57.345737+09:00
2020-12-01T06:56:06.221293+09:00 0 0 경기70아1592 3 39 204000065 277102558 2 
2020-12-01T06:57:05.375046+09:00 0 0 경기70아1592 3 39 204000065 277102470 3 
2020-12-01T06:58:05.198900+09:00 0 0 경기70아1592 3 39 204000065 277102470 3 
2020-12-01T06:59:05.162846+09:00 0 0 경기70아1592 3 39 204000065 206000405 4 
2020-12-01T07:00:04.366635+09:00 0 0 경기70아1592 3 37 204000065 206000334 5 
2020-12-01T07:01:03.260448+09:00 0 0 경기70아1592 3 37 204000065 206000714 7 
2020-12-01T07:02:03.374509+09:00 0 0 경기70아1592 3 36 204000065 206000714 7 
2020-12-01T07:03:03.388415+09:00 0 0 경기70아1592 3 36 204000065 206000714 7 
2020-12-01T07:04:03.392911+09:00 0 0 경기70아1592 3 36 204000065 206000723 9 
2020-12-01T07:05:03.436439+09:00 0 0 경기70아1592 3 35 204000065 206000723 9 
2020-12-01T07:06:03.030325+09:00 0 0 경기70아1592 3 35 204000065 206000039 12 
2020-12-01T07:07:02.734407+09:00 0 0 경기70아1592 3 34 204000065 206000037 14 
2020-12-01T07:08:02.479310+09:00 0 0 경기70아1592 3 34 204000065 206000035 16 
2020-12-01T07:09:01.532431+09:00 0 0 경기70아1592 3 31 204000065 206000034 17 
2020-12-01T07:10:00.936346+09:00 0 0 경기70아1592 3 31 204000065 206000033 18 
2020-12-01T07:11:00.791266+09:00 0 0 경기70아1592 3 31 204000065 206000033 18 
2020-12-01T07:11:59.794412+09:00 0 0 경기70아1592 3 31 204000065 206000033 18 
2020-12-01T07:12:59.728507+09:00 0 0 경기70아1592 3 31 204000065 206000031 20 
2020-12-01T07:13:59.432555+09:00 0 0 경기70아1592 3 30 204000065 206000030 21 
2020-12-01T07:14:59.436671+09:00 0 0 경기70아1592 3 30 204000065 206000030 21 
2020-12-01T07:15:59.380674+09:00 0 0 경기70아1592 3 30 204000065 206000029 22 
2020-12-01T07:16:58.724661+09:00 0 0 경기70아1592 3 27 204000065 206000029 22 
2020-12-01T07:17:58.418730+09:00 0 0 경기70아1592 3 24 204000065 206000318 24 
2020-12-01T07:18:57.642825+09:00 0 0 경기70아1592 3 24 204000065 206000318 24 
2020-12-01T07:19:56.766737+09:00 0 0 경기70아1592 3 24 204000065 206000317 25 
2020-12-01T07:20:56.390836+09:00 0 0 경기70아1592 3 24 204000065 206000317 25 
2020-12-01T07:21:55.994966+09:00 0 0 경기70아1592 3 24 204000065 206000027 27 
2020-12-01T07:22:55.268910+09:00 0 0 경기70아1592 3 24 204000065 206000027 27 
2020-12-01T07:23:55.093169+09:00 0 0 경기70아1592 3 24 204000065 206000226 29 
2020-12-01T07:24:55.087473+09:00 0 0 경기70아1592 3 24 204000065 206000226 29 
2020-12-01T07:25:54.971646+09:00 0 0 경기70아1592 3 22 204000065 206000784 30 
2020-12-01T07:26:54.825822+09:00 0 0 경기70아1592 3 22 204000065 206000784 30 
2020-12-01T07:27:54.790128+09:00 0 0 경기70아1592 3 22 204000065 205000029 31 
2020-12-01T07:28:53.864310+09:00 0 0 경기70아1592 3 22 204000065 205000029 31 
2020-12-01T07:29:53.898473+09:00 0 0 경기70아1592 3 15 204000065 205000029 31 
2020-12-01T07:30:53.652660+09:00 0 0 경기70아1592 3 15 204000065 205000029 31 
2020-12-01T07:31:52.696813+09:00 0 0 경기70아1592 3 16 204000065 205000029 31 
2020-12-01T07:32:51.870961+09:00 0 0 경기70아1592 3 16 204000065 205000029 31 
2020-12-01T07:33:50.855082+09:00 0 0 경기70아1592 3 12 204000065 205000069 32 
2020-12-01T07:34:50.679167+09:00 0 0 경기70아1592 3 12 204000065 205000069 32 
2020-12-01T07:35:50.163266+09:00 0 0 경기70아1592 3 12 204000065 205000069 32 
2020-12-01T07:36:49.497392+09:00 0 0 경기70아1592 3 12 204000065 277102622 33 
2020-12-01T07:37:49.431536+09:00 0 0 경기70아1592 3 12 204000065 277102622 33 
2020-12-01T07:38:48.905664+09:00 0 0 경기70아1592 3 12 204000065 277102622 33 
2020-12-01T07:39:48.089843+09:00 0 0 경기70아1592 3 12 204000065 277102622 33 
2020-12-01T07:40:48.033896+09:00 0 0 경기70아1592 3 12 204000065 277102622 33 
2020-12-01T07:41:48.138066+09:00 0 0 경기70아1592 3 12 204000065 277102622 33 
2020-12-01T07:42:47.542103+09:00 0 0 경기70아1592 3 12 204000065 277102622 33 
2020-12-01T07:43:46.766206+09:00 0 0 경기70아1592 3 12 204000065 277102622 33 
2020-12-01T07:44:46.820360+09:00 0 0 경기70아1592 3 12 204000065 277103419 34 
2020-12-01T07:45:46.564464+09:00 0 0 경기70아1592 3 12 204000065 277103419 34 
2020-12-01T07:46:45.588550+09:00 0 0 경기70아1592 3 12 204000065 277103419 34 
2020-12-01T07:47:45.712755+09:00 0 0 경기70아1592 3 12 204000065 277103419 34 
2020-12-01T07:48:45.606822+09:00 0 0 경기70아1592 3 12 204000065 277103419 34 
2020-12-01T07:49:45.390943+09:00 0 0 경기70아1592 3 12 204000065 277103419 34 
2020-12-01T07:50:44.465011+09:00 0 0 경기70아1592 3 12 204000065 277103419 34 
2020-12-01T07:51:44.319148+09:00 0 0 경기70아1592 3 12 204000065 277103419 34 
2020-12-01T07:52:44.323214+09:00 0 0 경기70아1592 3 12 204000065 277103419 34 
2020-12-01T07:53:43.447280+09:00 0 0 경기70아1592 3 12 204000065 277103419 34 
2020-12-01T07:54:42.671434+09:00 0 0 경기70아1592 3 12 204000065 277103419 34 
2020-12-01T07:55:41.805316+09:00 0 0 경기70아1592 3 12 204000065 277103419 34 
2020-12-01T07:56:40.959522+09:00 0 0 경기70아1592 3 12 204000065 277103419 34 
2020-12-01T07:57:40.663768+09:00 0 0 경기70아1592 3 12 204000065 277103419 34 
2020-12-01T07:58:40.538632+09:00 0 0 경기70아1592 3 12 204000065 277103421 35 
2020-12-01T07:59:39.713291+09:00 0 0 경기70아1592 3 12 204000065 277103421 35 
2020-12-01T08:00:39.637856+09:00 0 0 경기70아1592 3 12 204000065 277103421 35 
2020-12-01T08:01:39.622386+09:00 0 0 경기70아1592 3 12 204000065 277103421 35 
2020-12-01T08:02:39.226894+09:00 0 0 경기70아1592 3 12 204000065 122000287 36 
2020-12-01T08:03:39.031531+09:00 0 0 경기70아1592 3 13 204000065 122000288 37 
2020-12-01T08:04:38.666045+09:00 0 0 경기70아1592 3 13 204000065 122000288 37 
2020-12-01T08:05:38.280609+09:00 0 0 경기70아1592 3 13 204000065 122000258 38 
2020-12-01T08:06:38.164773+09:00 0 0 경기70아1592 3 13 204000065 122000291 39 
2020-12-01T08:07:38.289099+09:00 0 0 경기70아1592 3 13 204000065 122000291 39 
2020-12-01T08:08:38.043523+09:00 0 0 경기70아1592 3 13 204000065 122000137 40 
2020-12-01T08:09:38.117842+09:00 0 0 경기70아1592 3 13 204000065 122000137 40 
2020-12-01T08:10:37.292166+09:00 0 0 경기70아1592 3 13 204000065 122000137 40 
2020-12-01T08:11:36.496381+09:00 0 0 경기70아1592 3 13 204000065 122000137 40 
2020-12-01T08:12:35.530698+09:00 0 0 경기70아1592 3 13 204000065 122000386 42 
2020-12-01T08:13:35.454926+09:00 0 0 경기70아1592 3 15 204000065 122000139 43 
2020-12-01T08:14:34.579258+09:00 0 0 경기70아1592 3 21 204000065 122000139 43 
2020-12-01T08:15:33.583406+09:00 0 0 경기70아1592 3 21 204000065 122000094 44 
2020-12-01T08:16:33.137562+09:00 0 0 경기70아1592 3 23 204000065 122000094 44 
2020-12-01T08:17:32.411883+09:00 0 0 경기70아1592 3 25 204000065 122000089 45 
2020-12-01T08:18:31.776085+09:00 0 0 경기70아1592 3 30 204000065 122000085 46 
2020-12-01T08:19:31.630272+09:00 0 0 경기70아1592 3 30 204000065 122000085 46 
2020-12-01T08:20:30.754635+09:00 0 0 경기70아1592 3 30 204000065 122000085 46 
2020-12-01T08:21:30.398644+09:00 0 0 경기70아1592 3 30 204000065 122000085 46 
2020-12-01T08:22:29.522836+09:00 0 0 경기70아1592 3 34 204000065 122000066 48 
2020-12-01T08:23:28.627135+09:00 0 0 경기70아1592 3 34 204000065 122000066 48 
2020-12-01T08:24:28.481294+09:00 0 0 경기70아1592 3 34 204000065 122000066 48 
2020-12-01T08:25:28.495530+09:00 0 0 경기70아1592 3 34 204000065 122000064 49 
2020-12-01T08:26:27.719646+09:00 0 0 경기70아1592 3 36 204000065 122000064 49 
2020-12-01T08:27:26.903797+09:00 0 0 경기70아1592 3 36 204000065 122000559 50 
2020-12-01T08:28:26.998041+09:00 0 0 경기70아1592 3 37 204000065 122000078 51 
2020-12-01T08:29:26.912284+09:00 0 0 경기70아1592 3 37 204000065 122000079 52 
2020-12-01T08:30:26.596518+09:00 0 0 경기70아1592 3 37 204000065 122000079 52 
2020-12-01T08:31:26.630632+09:00 0 0 경기70아1592 3 37 204000065 122000079 52 
2020-12-01T08:32:26.604709+09:00 0 0 경기70아1592 3 37 204000065 122000079 52 
2020-12-01T08:33:25.898635+09:00 0 0 경기70아1592 3 37 204000065 122000079 52 
2020-12-01T08:34:25.942657+09:00 0 0 경기70아1592 3 36 204000065 122000065 53 
2020-12-01T08:35:25.016646+09:00 0 0 경기70아1592 3 37 204000065 122000637 54 
2020-12-01T08:36:24.820660+09:00 0 0 경기70아1592 3 37 204000065 122000068 55 
2020-12-01T08:37:24.074700+09:00 0 0 경기70아1592 3 37 204000065 122000068 55 
2020-12-01T08:38:23.218692+09:00 0 0 경기70아1592 3 37 204000065 122000068 55 
2020-12-01T08:39:23.334393+09:00 0 0 경기70아1592 3 37 204000065 122000086 56 
2020-12-01T08:40:22.576905+09:00 0 0 경기70아1592 3 37 204000065 122000086 56 
2020-12-01T08:41:21.880924+09:00 0 0 경기70아1592 3 37 204000065 122000086 56 
2020-12-01T08:42:22.005014+09:00 0 0 경기70아1592 3 37 204000065 122000095 57 
2020-12-01T08:43:21.149027+09:00 0 0 경기70아1592 3 37 204000065 122000096 58 
2020-12-01T08:44:20.603173+09:00 0 0 경기70아1592 3 37 204000065 122000096 58 
2020-12-01T08:45:19.677207+09:00 0 0 경기70아1592 3 38 204000065 122000330 59 
2020-12-01T08:46:19.651399+09:00 0 0 경기70아1592 3 38 204000065 122000330 59 
2020-12-01T08:47:18.865409+09:00 0 0 경기70아1592 3 38 204000065 122000330 59 
2020-12-01T08:48:18.189606+09:00 0 0 경기70아1592 3 38 204000065 122000142 60 
2020-12-01T08:49:17.613574+09:00 0 0 경기70아1592 3 38 204000065 122000133 61 
2020-12-01T08:50:16.897759+09:00 0 0 경기70아1592 3 38 204000065 122000133 61 
2020-12-01T08:51:16.701808+09:00 0 0 경기70아1592 3 38 204000065 122000256 62 
2020-12-01T08:52:16.225975+09:00 0 0 경기70아1592 3 38 204000065 122000257 63 
2020-12-01T08:53:15.800123+09:00 0 0 경기70아1592 3 38 204000065 122000257 63 
2020-12-01T08:54:15.614306+09:00 0 0 경기70아1592 3 38 204000065 122000257 63 
2020-12-01T08:55:14.698364+09:00 0 0 경기70아1592 3 38 204000065 122000257 63 
2020-12-01T08:56:13.702401+09:00 0 0 경기70아1592 3 38 204000065 122000286 64 
2020-12-01T08:57:13.276560+09:00 0 0 경기70아1592 3 38 204000065 122000285 65 
2020-12-01T08:58:12.420617+09:00 0 0 경기70아1592 3 38 204000065 277103420 66 
2020-12-01T08:59:11.464704+09:00 0 0 경기70아1592 3 38 204000065 277103420 66 
2020-12-01T09:00:10.878695+09:00 0 0 경기70아1592 3 38 204000065 277103420 66 
2020-12-01T09:01:10.072855+09:00 0 0 경기70아1592 3 38 204000065 277103418 67 
2020-12-01T09:02:09.556978+09:00 0 0 경기70아1592 3 38 204000065 277103418 67 
2020-12-01T09:03:09.321112+09:00 0 0 경기70아1592 3 38 204000065 277103418 67 
2020-12-01T09:04:08.675273+09:00 0 0 경기70아1592 3 38 204000065 277103418 67 
2020-12-01T09:05:07.869414+09:00 0 0 경기70아1592 3 38 204000065 277103418 67 
2020-12-01T09:06:07.173168+09:00 0 0 경기70아1592 3 38 204000065 277103418 67 
2020-12-01T09:07:06.656750+09:00 0 0 경기70아1592 3 38 204000065 205000207 68 
2020-12-01T09:08:05.930361+09:00 0 0 경기70아1592 3 38 204000065 205000207 68 
2020-12-01T09:09:05.233934+09:00 0 0 경기70아1592 3 38 204000065 205000207 68 
2020-12-01T09:10:05.157777+09:00 0 0 경기70아1592 3 38 204000065 205000245 69 
2020-12-01T09:11:05.201395+09:00 0 0 경기70아1592 3 38 204000065 205000245 69 
2020-12-01T09:12:04.275219+09:00 0 0 경기70아1592 3 38 204000065 205000245 69 
2020-12-01T09:13:03.749002+09:00 0 0 경기70아1592 3 38 204000065 206000157 71 
2020-12-01T09:14:03.022743+09:00 0 0 경기70아1592 3 38 204000065 206000157 71 
2020-12-01T09:15:02.426724+09:00 0 0 경기70아1592 3 39 204000065 206000054 73 
2020-12-01T09:16:01.940562+09:00 0 0 경기70아1592 3 39 204000065 206000054 73 
2020-12-01T09:17:00.824358+09:00 0 0 경기70아1592 3 39 204000065 206000054 73 
2020-12-01T09:18:01.028409+09:00 0 0 경기70아1592 3 39 204000065 206000053 74 
2020-12-01T09:18:59.912303+09:00 0 0 경기70아1592 3 39 204000065 206000053 74 
2020-12-01T09:19:59.476152+09:00 0 0 경기70아1592 3 39 204000065 206000053 74 
2020-12-01T09:20:59.430185+09:00 0 0 경기70아1592 3 39 204000065 206000237 76 
2020-12-01T09:21:58.844180+09:00 0 0 경기70아1592 3 39 204000065 206000237 76 
2020-12-01T09:22:57.988154+09:00 0 0 경기70아1592 3 39 204000065 206000052 77 
2020-12-01T09:23:57.952089+09:00 0 0 경기70아1592 3 39 204000065 206000051 78 
2020-12-01T09:24:57.146147+09:00 0 0 경기70아1592 3 39 204000065 206000049 81 
2020-12-01T09:25:56.480089+09:00 0 0 경기70아1592 3 39 204000065 206000048 82 
2020-12-01T09:26:56.104131+09:00 0 0 경기70아1592 3 39 204000065 206000046 84 
2020-12-01T09:27:55.468164+09:00 0 0 경기70아1592 3 39 204000065 206000046 84 
2020-12-01T09:28:54.562128+09:00 0 0 경기70아1592 3 39 204000065 206000044 86 
2020-12-01T09:29:53.856261+09:00 0 0 경기70아1592 3 39 204000065 206000672 87 
2020-12-01T09:30:53.450134+09:00 0 0 경기70아1592 3 39 204000065 206000672 87 
2020-12-01T09:31:52.424190+09:00 0 0 경기70아1592 3 39 204000065 206000178 89 
2020-12-01T09:32:51.778985+09:00 0 0 경기70아1592 3 39 204000065 206000178 89 
2020-12-01T09:33:51.252280+09:00 0 0 경기70아1592 3 39 204000065 206000178 89 
2020-12-01T09:34:50.346278+09:00 0 0 경기70아1592 3 39 204000065 206000178 89 
2020-12-01T09:35:50.300261+09:00 0 0 경기70아1592 3 39 204000065 206000724 90 
2020-12-01T09:36:49.664258+09:00 0 0 경기70아1592 3 39 204000065 206000724 90 
2020-12-01T09:37:49.148486+09:00 0 0 경기70아1592 3 39 204000065 206000722 91 
2020-12-01T09:38:48.272443+09:00 0 0 경기70아1592 3 39 204000065 206000041 94 
2020-12-01T09:39:48.186475+09:00 0 0 경기70아1592 3 39 204000065 206000041 94 
2020-12-01T09:40:47.640685+09:00 0 0 경기70아1592 3 39 204000065 206000171 95 
2020-12-01T09:41:46.764951+09:00 0 0 경기70아1592 3 39 204000065 206000171 95 
2020-12-01T10:55:12.553700+09:00 0 0 경기70아1592 3 39 204000065 277100103 1 
2020-12-01T10:56:11.717999+09:00 0 0 경기70아1592 3 39 204000065 277102470 3 
2020-12-01T10:57:10.882318+09:00 0 0 경기70아1592 3 39 204000065 206000405 4 
2020-12-01T10:58:09.916550+09:00 0 0 경기70아1592 3 39 204000065 206000334 5 
2020-12-01T10:59:09.890993+09:00 0 0 경기70아1592 3 39 204000065 206000714 7 
2020-12-01T11:00:09.665300+09:00 0 0 경기70아1592 3 39 204000065 206000714 7 
2020-12-01T11:01:09.619524+09:00 0 0 경기70아1592 3 39 204000065 206000714 7 
2020-12-01T11:02:09.633866+09:00 0 0 경기70아1592 3 39 204000065 206000721 8 
2020-12-01T11:03:08.908045+09:00 0 0 경기70아1592 3 39 204000065 206000721 8 
2020-12-01T11:04:08.812379+09:00 0 0 경기70아1592 3 39 204000065 206000723 9 
2020-12-01T11:05:07.806546+09:00 0 0 경기70아1592 3 39 204000065 206000327 10 
2020-12-01T11:06:07.820844+09:00 0 0 경기70아1592 3 39 204000065 206000249 11 
2020-12-01T11:07:07.925180+09:00 0 0 경기70아1592 3 39 204000065 206000038 13 
2020-12-01T11:08:07.149341+09:00 0 0 경기70아1592 3 38 204000065 206000035 16 
2020-12-01T11:09:07.183586+09:00 0 0 경기70아1592 3 38 204000065 206000033 18 
2020-12-01T11:10:07.037873+09:00 0 0 경기70아1592 3 38 204000065 206000030 21 
2020-12-01T11:11:06.802072+09:00 0 0 경기70아1592 3 38 204000065 206000030 21 
2020-12-01T11:12:05.926475+09:00 0 0 경기70아1592 3 38 204000065 206000030 21 
2020-12-01T11:13:05.970575+09:00 0 0 경기70아1592 3 38 204000065 206000029 22 
2020-12-01T11:14:05.904855+09:00 0 0 경기70아1592 3 38 204000065 206000318 24 
2020-12-01T11:15:04.918904+09:00 0 0 경기70아1592 3 38 204000065 206000318 24 
2020-12-01T11:16:04.123188+09:00 0 0 경기70아1592 3 38 204000065 206000317 25 
2020-12-01T11:17:04.057334+09:00 0 0 경기70아1592 3 38 204000065 206000317 25 
2020-12-01T11:18:03.931652+09:00 0 0 경기70아1592 3 38 204000065 206000027 27 
2020-12-01T11:19:04.024514+09:00 0 0 경기70아1592 3 38 204000065 206000027 27 
2020-12-01T11:20:03.670057+09:00 0 0 경기70아1592 3 38 204000065 206000226 29 
2020-12-01T11:21:03.724213+09:00 0 0 경기70아1592 3 38 204000065 206000226 29 
2020-12-01T11:22:03.658476+09:00 0 0 경기70아1592 3 38 204000065 206000784 30 
2020-12-01T11:23:03.622428+09:00 0 0 경기70아1592 3 38 204000065 206000784 30 
2020-12-01T11:24:03.096304+09:00 0 0 경기70아1592 3 38 204000065 206000784 30 
2020-12-01T11:25:03.200360+09:00 0 0 경기70아1592 3 38 204000065 205000029 31 
2020-12-01T11:26:03.204506+09:00 0 0 경기70아1592 3 38 204000065 205000029 31 
2020-12-01T11:27:02.338495+09:00 0 0 경기70아1592 3 38 204000065 205000029 31 
2020-12-01T11:28:02.152397+09:00 0 0 경기70아1592 3 38 204000065 205000029 31 
2020-12-01T11:29:02.056754+09:00 0 0 경기70아1592 3 39 204000065 205000029 31 
2020-12-01T11:30:01.884457+09:00 0 0 경기70아1592 3 38 204000065 205000069 32 
2020-12-01T11:31:01.524609+09:00 0 0 경기70아1592 3 38 204000065 205000069 32 
2020-12-01T11:32:00.688618+09:00 0 0 경기70아1592 3 38 204000065 205000069 32 
2020-12-01T11:32:59.762668+09:00 0 0 경기70아1592 3 38 204000065 277102622 33 
2020-12-01T11:33:59.436772+09:00 0 0 경기70아1592 3 38 204000065 277102622 33 
2020-12-01T11:34:59.500870+09:00 0 0 경기70아1592 3 38 204000065 277102622 33 
2020-12-01T11:35:59.204976+09:00 0 0 경기70아1592 3 38 204000065 277102622 33 
2020-12-01T11:36:59.029203+09:00 0 0 경기70아1592 3 38 204000065 277103419 34 
2020-12-01T11:37:58.683270+09:00 0 0 경기70아1592 3 38 204000065 277103419 34 
2020-12-01T11:38:58.397359+09:00 0 0 경기70아1592 3 38 204000065 277103419 34 
2020-12-01T11:39:58.431613+09:00 0 0 경기70아1592 3 38 204000065 277103421 35 
2020-12-01T11:40:57.565716+09:00 0 0 경기70아1592 3 38 204000065 277103421 35 
2020-12-01T11:41:57.339752+09:00 0 0 경기70아1592 3 38 204000065 122000288 37 
2020-12-01T11:42:56.783883+09:00 0 0 경기70아1592 3 38 204000065 122000288 37 
2020-12-01T11:43:56.588038+09:00 0 0 경기70아1592 3 38 204000065 122000288 37 
2020-12-01T11:44:56.302178+09:00 0 0 경기70아1592 3 38 204000065 122000258 38 
2020-12-01T11:45:56.276351+09:00 0 0 경기70아1592 3 38 204000065 122000258 38 
2020-12-01T11:46:55.450466+09:00 0 0 경기70아1592 3 38 204000065 122000258 38 
2020-12-01T11:47:54.574848+09:00 0 0 경기70아1592 3 38 204000065 122000291 39 
2020-12-01T11:48:54.468793+09:00 0 0 경기70아1592 3 38 204000065 122000137 40 
2020-12-01T11:49:54.473077+09:00 0 0 경기70아1592 3 38 204000065 122000137 40 
2020-12-01T11:50:53.687086+09:00 0 0 경기70아1592 3 38 204000065 122000388 41 
2020-12-01T11:51:53.521211+09:00 0 0 경기70아1592 3 39 204000065 122000139 43 
2020-12-01T11:52:52.575348+09:00 0 0 경기70아1592 3 39 204000065 122000139 43 
2020-12-01T11:53:52.509504+09:00 0 0 경기70아1592 3 39 204000065 122000094 44 
2020-12-01T11:54:51.573618+09:00 0 0 경기70아1592 3 39 204000065 122000094 44 
2020-12-01T11:55:51.507775+09:00 0 0 경기70아1592 3 39 204000065 122000094 44 
2020-12-01T11:56:51.701745+09:00 0 0 경기70아1592 3 39 204000065 122000089 45 
2020-12-01T11:57:51.845329+09:00 0 0 경기70아1592 3 39 204000065 122000069 47 
2020-12-01T11:58:50.788821+09:00 0 0 경기70아1592 3 39 204000065 122000069 47 
2020-12-01T11:59:50.402335+09:00 0 0 경기70아1592 3 39 204000065 122000066 48 
2020-12-01T12:00:49.616173+09:00 0 0 경기70아1592 3 39 204000065 122000066 48 
2020-12-01T12:01:49.499867+09:00 0 0 경기70아1592 3 39 204000065 122000066 48 
2020-12-01T12:02:48.963633+09:00 0 0 경기70아1592 3 39 204000065 122000066 48 
2020-12-01T12:03:48.287452+09:00 0 0 경기70아1592 3 39 204000065 122000066 48 
2020-12-01T12:04:47.931378+09:00 0 0 경기70아1592 3 39 204000065 122000064 49 
2020-12-01T12:05:48.115219+09:00 0 0 경기70아1592 3 39 204000065 122000064 49 
2020-12-01T12:06:47.399043+09:00 0 0 경기70아1592 3 39 204000065 122000064 49 
2020-12-01T12:07:47.513158+09:00 0 0 경기70아1592 3 39 204000065 122000559 50 
2020-12-01T12:08:46.757010+09:00 0 0 경기70아1592 3 39 204000065 122000078 51 
2020-12-01T12:09:46.081000+09:00 0 0 경기70아1592 3 39 204000065 122000078 51 
2020-12-01T12:10:46.014774+09:00 0 0 경기70아1592 3 39 204000065 122000078 51 
2020-12-01T12:11:45.988754+09:00 0 0 경기70아1592 3 39 204000065 122000078 51 
2020-12-01T12:12:45.642854+09:00 0 0 경기70아1592 3 39 204000065 122000079 52 
2020-12-01T12:13:45.566717+09:00 0 0 경기70아1592 3 39 204000065 122000079 52 
2020-12-01T12:14:45.330698+09:00 0 0 경기70아1592 3 39 204000065 122000079 52 
2020-12-01T12:15:45.094742+09:00 0 0 경기70아1592 3 39 204000065 122000068 55 
2020-12-01T12:16:44.358993+09:00 0 0 경기70아1592 3 39 204000065 122000068 55 
2020-12-01T12:17:43.782762+09:00 0 0 경기70아1592 3 39 204000065 122000086 56 
2020-12-01T12:18:43.516750+09:00 0 0 경기70아1592 3 39 204000065 122000095 57 
2020-12-01T12:19:43.510786+09:00 0 0 경기70아1592 3 37 204000065 122000096 58 
2020-12-01T12:20:43.174801+09:00 0 0 경기70아1592 3 37 204000065 122000096 58 
2020-12-01T12:21:42.668835+09:00 0 0 경기70아1592 3 37 204000065 122000330 59 
2020-12-01T12:22:42.472872+09:00 0 0 경기70아1592 3 37 204000065 122000330 59 
2020-12-01T12:23:42.317075+09:00 0 0 경기70아1592 3 37 204000065 122000142 60 
2020-12-01T12:24:42.010937+09:00 0 0 경기70아1592 3 37 204000065 122000142 60 
2020-12-01T12:25:41.755035+09:00 0 0 경기70아1592 3 36 204000065 122000133 61 
2020-12-01T12:26:41.949085+09:00 0 0 경기70아1592 3 36 204000065 122000256 62 
2020-12-01T12:27:41.883139+09:00 0 0 경기70아1592 3 36 204000065 122000256 62 
2020-12-01T12:28:41.830731+09:00 0 0 경기70아1592 3 36 204000065 122000257 63 
2020-12-01T12:29:41.351193+09:00 0 0 경기70아1592 3 36 204000065 122000257 63 
2020-12-01T12:30:41.105510+09:00 0 0 경기70아1592 3 36 204000065 122000257 63 
2020-12-01T12:31:40.830105+09:00 0 0 경기70아1592 3 36 204000065 122000286 64 
2020-12-01T12:32:40.554642+09:00 0 0 경기70아1592 3 36 204000065 122000286 64 
2020-12-01T12:33:40.089163+09:00 0 0 경기70아1592 3 35 204000065 122000285 65 
2020-12-01T12:34:39.963777+09:00 0 0 경기70아1592 3 35 204000065 277103420 66 
2020-12-01T12:35:40.038241+09:00 0 0 경기70아1592 3 35 204000065 277103420 66 
2020-12-01T12:36:38.952493+09:00 0 0 경기70아1592 3 35 204000065 277103420 66 
2020-12-01T12:37:38.956824+09:00 0 0 경기70아1592 3 35 204000065 277103418 67 
2020-12-01T12:38:38.581180+09:00 0 0 경기70아1592 3 35 204000065 277103418 67 
2020-12-01T12:39:38.115625+09:00 0 0 경기70아1592 3 35 204000065 277103418 67 
2020-12-01T12:40:37.559973+09:00 0 0 경기70아1592 3 35 204000065 277103418 67 
2020-12-01T12:41:37.544220+09:00 0 0 경기70아1592 3 35 204000065 277103418 67 
2020-12-01T12:42:36.868466+09:00 0 0 경기70아1592 3 35 204000065 277103418 67 
2020-12-01T12:43:36.652833+09:00 0 0 경기70아1592 3 35 204000065 205000207 68 
2020-12-01T12:44:36.436977+09:00 0 0 경기70아1592 3 35 204000065 205000207 68 
2020-12-01T12:45:36.321289+09:00 0 0 경기70아1592 3 35 204000065 205000207 68 
2020-12-01T12:46:35.955416+09:00 0 0 경기70아1592 3 35 204000065 205000245 69 
2020-12-01T12:47:35.029653+09:00 0 0 경기70아1592 3 35 204000065 205000245 69 
2020-12-01T12:48:34.723774+09:00 0 0 경기70아1592 3 35 204000065 205000245 69 
2020-12-01T12:49:33.887953+09:00 0 0 경기70아1592 3 35 204000065 206000157 71 
2020-12-01T12:50:33.092113+09:00 0 0 경기70아1592 3 35 204000065 206000055 72 
2020-12-01T12:51:32.938344+09:00 0 0 경기70아1592 3 35 204000065 206000054 73 
2020-12-01T12:52:32.550441+09:00 0 0 경기70아1592 3 35 204000065 206000054 73 
2020-12-01T12:53:32.424662+09:00 0 0 경기70아1592 3 35 204000065 206000053 74 
2020-12-01T12:54:32.248868+09:00 0 0 경기70아1592 3 35 204000065 206000053 74 
2020-12-01T12:55:31.832998+09:00 0 0 경기70아1592 3 35 204000065 206000053 74 
2020-12-01T12:56:31.627195+09:00 0 0 경기70아1592 3 35 204000065 206000238 75 
2020-12-01T12:57:30.751454+09:00 0 0 경기70아1592 3 35 204000065 206000238 75 
2020-12-01T12:58:30.365474+09:00 0 0 경기70아1592 3 36 204000065 206000237 76 
2020-12-01T12:59:29.880054+09:00 0 0 경기70아1592 3 36 204000065 206000052 77 
2020-12-01T13:00:29.523678+09:00 0 0 경기70아1592 3 36 204000065 206000128 79 
2020-12-01T13:01:28.887791+09:00 0 0 경기70아1592 3 36 204000065 206000128 79 
2020-12-01T13:02:28.381928+09:00 0 0 경기70아1592 3 36 204000065 206000128 79 
2020-12-01T13:03:28.206215+09:00 0 0 경기70아1592 3 36 204000065 206000049 81 
2020-12-01T13:04:28.060233+09:00 0 0 경기70아1592 3 36 204000065 206000047 83 
2020-12-01T13:05:27.804340+09:00 0 0 경기70아1592 3 37 204000065 206000046 84 
2020-12-01T13:06:26.958376+09:00 0 0 경기70아1592 3 37 204000065 206000044 86 
2020-12-01T13:07:26.782490+09:00 0 0 경기70아1592 3 37 204000065 206000672 87 
2020-12-01T13:08:26.456580+09:00 0 0 경기70아1592 3 37 204000065 206000672 87 
2020-12-01T13:09:26.490707+09:00 0 0 경기70아1592 3 38 204000065 206000043 88 
2020-12-01T13:10:25.544809+09:00 0 0 경기70아1592 3 38 204000065 206000178 89 
2020-12-01T13:11:25.198864+09:00 0 0 경기70아1592 3 38 204000065 206000724 90 
2020-12-01T13:12:25.062881+09:00 0 0 경기70아1592 3 39 204000065 206000724 90 
2020-12-01T13:13:24.927018+09:00 0 0 경기70아1592 3 39 204000065 206000722 91 
2020-12-01T13:14:24.341303+09:00 0 0 경기70아1592 3 39 204000065 206000722 91 
2020-12-01T13:15:24.125235+09:00 0 0 경기70아1592 3 39 204000065 206000715 92 
2020-12-01T13:16:24.069403+09:00 0 0 경기70아1592 3 39 204000065 206000711 93 
2020-12-01T13:17:24.144679+09:00 0 0 경기70아1592 3 39 204000065 206000041 94 
2020-12-01T13:18:24.407620+09:00 0 0 경기70아1592 3 39 204000065 206000171 95 
2020-12-01T15:23:40.397170+09:00 0 0 경기70아1592 3 39 204000065 277102470 3 
2020-12-01T15:24:39.961897+09:00 0 0 경기70아1592 3 39 204000065 277102470 3 
2020-12-01T15:25:39.696637+09:00 0 0 경기70아1592 3 39 204000065 277102470 3 
2020-12-01T15:26:38.831501+09:00 0 0 경기70아1592 3 39 204000065 206000334 5 
2020-12-01T15:27:38.095970+09:00 0 0 경기70아1592 3 39 204000065 206000710 6 
2020-12-01T15:28:37.670600+09:00 0 0 경기70아1592 3 39 204000065 206000714 7 
2020-12-01T15:29:37.595091+09:00 0 0 경기70아1592 3 39 204000065 206000714 7 
2020-12-01T15:30:37.229619+09:00 0 0 경기70아1592 3 39 204000065 206000721 8 
2020-12-01T15:31:36.544123+09:00 0 0 경기70아1592 3 39 204000065 206000723 9 
2020-12-01T15:32:36.408423+09:00 0 0 경기70아1592 3 39 204000065 206000723 9 
2020-12-01T15:33:36.263049+09:00 0 0 경기70아1592 3 39 204000065 206000327 10 
2020-12-01T15:34:35.887242+09:00 0 0 경기70아1592 3 39 204000065 206000249 11 
2020-12-01T15:35:35.211551+09:00 0 0 경기70아1592 3 39 204000065 206000037 14 
2020-12-01T15:36:35.056122+09:00 0 0 경기70아1592 3 39 204000065 206000036 15 
2020-12-01T15:37:34.460284+09:00 0 0 경기70아1592 3 39 204000065 206000035 16 
2020-12-01T15:38:34.004480+09:00 0 0 경기70아1592 3 39 204000065 206000034 17 
2020-12-01T15:39:33.738822+09:00 0 0 경기70아1592 3 39 204000065 206000033 18 
2020-12-01T15:40:33.343126+09:00 0 0 경기70아1592 3 39 204000065 206000033 18 
2020-12-01T15:41:32.637535+09:00 0 0 경기70아1592 3 39 204000065 206000032 19 
2020-12-01T15:42:32.401506+09:00 0 0 경기70아1592 3 39 204000065 206000030 21 
2020-12-01T15:43:32.025867+09:00 0 0 경기70아1592 3 39 204000065 206000030 21 
2020-12-01T15:44:31.520085+09:00 0 0 경기70아1592 3 39 204000065 206000030 21 
2020-12-01T15:45:31.284282+09:00 0 0 경기70아1592 3 39 204000065 206000029 22 
2020-12-01T15:46:31.188555+09:00 0 0 경기70아1592 3 39 204000065 206000318 24 
2020-12-01T15:47:31.172755+09:00 0 0 경기70아1592 3 39 204000065 206000318 24 
2020-12-01T15:48:30.406944+09:00 0 0 경기70아1592 3 39 204000065 206000318 24 
2020-12-01T15:49:30.081242+09:00 0 0 경기70아1592 3 38 204000065 206000317 25 
2020-12-01T15:50:29.775308+09:00 0 0 경기70아1592 3 38 204000065 206000027 27 
2020-12-01T15:51:29.249512+09:00 0 0 경기70아1592 3 38 204000065 206000227 28 
2020-12-01T15:52:28.803683+09:00 0 0 경기70아1592 3 38 204000065 206000226 29 
2020-12-01T15:53:28.727789+09:00 0 0 경기70아1592 3 38 204000065 206000226 29 
2020-12-01T15:54:28.412118+09:00 0 0 경기70아1592 3 37 204000065 206000784 30 
2020-12-01T15:55:28.036199+09:00 0 0 경기70아1592 3 37 204000065 206000784 30 
2020-12-01T15:56:27.330695+09:00 0 0 경기70아1592 3 37 204000065 206000784 30 
2020-12-01T15:57:26.674956+09:00 0 0 경기70아1592 3 37 204000065 205000029 31 
2020-12-01T15:58:26.489448+09:00 0 0 경기70아1592 3 37 204000065 205000029 31 
2020-12-01T15:59:25.863890+09:00 0 0 경기70아1592 3 37 204000065 205000029 31 
2020-12-01T16:00:25.398172+09:00 0 0 경기70아1592 3 37 204000065 205000029 31 
2020-12-01T16:01:25.322574+09:00 0 0 경기70아1592 3 37 204000065 205000029 31 
2020-12-01T16:02:25.106999+09:00 0 0 경기70아1592 3 37 204000065 205000069 32 
2020-12-01T16:03:24.591148+09:00 0 0 경기70아1592 3 37 204000065 205000069 32 
2020-12-01T16:04:24.135455+09:00 0 0 경기70아1592 3 37 204000065 277102622 33 
2020-12-01T16:05:23.819789+09:00 0 0 경기70아1592 3 37 204000065 277102622 33 
2020-12-01T16:06:23.634115+09:00 0 0 경기70아1592 3 37 204000065 277102622 33 
2020-12-01T16:07:23.268314+09:00 0 0 경기70아1592 3 37 204000065 277103419 34 
2020-12-01T16:08:23.012653+09:00 0 0 경기70아1592 3 37 204000065 277103419 34 
2020-12-01T16:09:22.746981+09:00 0 0 경기70아1592 3 37 204000065 277103419 34 
2020-12-01T16:10:23.001232+09:00 0 0 경기70아1592 3 37 204000065 277103419 34 
2020-12-01T16:11:21.975394+09:00 0 0 경기70아1592 3 37 204000065 277103419 34 
2020-12-01T16:12:20.899462+09:00 0 0 경기70아1592 3 37 204000065 277103419 34 
2020-12-01T16:13:20.873808+09:00 0 0 경기70아1592 3 37 204000065 277103421 35 
2020-12-01T16:14:19.848024+09:00 0 0 경기70아1592 3 37 204000065 277103421 35 
2020-12-01T16:15:19.952201+09:00 0 0 경기70아1592 3 37 204000065 122000287 36 
2020-12-01T16:16:19.536455+09:00 0 0 경기70아1592 3 37 204000065 122000288 37 
2020-12-01T16:17:19.010623+09:00 0 0 경기70아1592 3 37 204000065 122000288 37 
2020-12-01T16:18:18.675097+09:00 0 0 경기70아1592 3 37 204000065 122000258 38 
2020-12-01T16:19:18.579084+09:00 0 0 경기70아1592 3 37 204000065 122000258 38 
2020-12-01T16:20:18.213314+09:00 0 0 경기70아1592 3 37 204000065 122000291 39 
2020-12-01T16:21:17.457493+09:00 0 0 경기70아1592 3 38 204000065 122000137 40 
2020-12-01T16:22:17.451765+09:00 0 0 경기70아1592 3 38 204000065 122000137 40 
2020-12-01T16:23:17.365972+09:00 0 0 경기70아1592 3 38 204000065 122000388 41 
2020-12-01T16:24:17.390183+09:00 0 0 경기70아1592 3 38 204000065 122000386 42 
2020-12-01T16:25:16.834363+09:00 0 0 경기70아1592 3 38 204000065 122000139 43 
2020-12-01T16:26:16.408586+09:00 0 0 경기70아1592 3 38 204000065 122000139 43 
2020-12-01T16:27:15.902754+09:00 0 0 경기70아1592 3 38 204000065 122000094 44 
2020-12-01T16:28:15.486946+09:00 0 0 경기70아1592 3 38 204000065 122000094 44 
2020-12-01T16:29:14.961285+09:00 0 0 경기70아1592 3 38 204000065 122000089 45 
2020-12-01T16:30:14.965275+09:00 0 0 경기70아1592 3 38 204000065 122000085 46 
2020-12-01T16:31:14.699202+09:00 0 0 경기70아1592 3 38 204000065 122000066 48 
2020-12-01T16:32:13.813010+09:00 0 0 경기70아1592 3 38 204000065 122000066 48 
2020-12-01T16:33:13.417292+09:00 0 0 경기70아1592 3 38 204000065 122000066 48 
2020-12-01T16:34:13.141079+09:00 0 0 경기70아1592 3 38 204000065 122000064 49 
2020-12-01T16:35:13.004928+09:00 0 0 경기70아1592 3 38 204000065 122000064 49 
2020-12-01T16:36:11.998917+09:00 0 0 경기70아1592 3 38 204000065 122000064 49 
2020-12-01T16:37:12.132912+09:00 0 0 경기70아1592 3 38 204000065 122000559 50 
2020-12-01T16:38:11.737188+09:00 0 0 경기70아1592 3 38 204000065 122000559 50 
2020-12-01T16:39:11.301020+09:00 0 0 경기70아1592 3 38 204000065 122000559 50 
2020-12-01T16:40:10.675000+09:00 0 0 경기70아1592 3 38 204000065 122000078 51 
2020-12-01T16:41:09.769104+09:00 0 0 경기70아1592 3 38 204000065 122000078 51 
2020-12-01T16:42:09.643198+09:00 0 0 경기70아1592 3 38 204000065 122000079 52 
2020-12-01T16:43:08.827203+09:00 0 0 경기70아1592 3 38 204000065 122000079 52 
2020-12-01T16:44:08.551260+09:00 0 0 경기70아1592 3 38 204000065 122000079 52 
2020-12-01T16:45:08.045370+09:00 0 0 경기70아1592 3 38 204000065 122000079 52 
2020-12-01T16:46:07.679514+09:00 0 0 경기70아1592 3 38 204000065 122000079 52 
2020-12-01T16:47:07.603540+09:00 0 0 경기70아1592 3 38 204000065 122000065 53 
2020-12-01T16:48:07.327819+09:00 0 0 경기70아1592 3 38 204000065 122000068 55 
2020-12-01T16:49:07.021950+09:00 0 0 경기70아1592 3 38 204000065 122000068 55 
2020-12-01T16:50:06.875901+09:00 0 0 경기70아1592 3 38 204000065 122000086 56 
2020-12-01T16:51:06.850279+09:00 0 0 경기70아1592 3 38 204000065 122000095 57 
2020-12-01T16:52:06.654653+09:00 0 0 경기70아1592 3 33 204000065 122000096 58 
2020-12-01T16:53:06.068597+09:00 0 0 경기70아1592 3 33 204000065 122000096 58 
2020-12-01T16:54:05.732518+09:00 0 0 경기70아1592 3 33 204000065 122000330 59 
2020-12-01T16:55:05.646729+09:00 0 0 경기70아1592 3 33 204000065 122000330 59 
2020-12-01T16:56:05.630757+09:00 0 0 경기70아1592 3 33 204000065 122000142 60 
2020-12-01T16:57:05.224947+09:00 0 0 경기70아1592 3 33 204000065 122000142 60 
2020-12-01T16:58:05.459328+09:00 0 0 경기70아1592 3 33 204000065 122000142 60 
2020-12-01T16:59:04.963295+09:00 0 0 경기70아1592 3 33 204000065 122000133 61 
2020-12-01T17:00:04.777428+09:00 0 0 경기70아1592 3 33 204000065 122000133 61 
2020-12-01T17:01:03.851507+09:00 0 0 경기70아1592 3 33 204000065 122000133 61 
2020-12-01T17:02:03.786043+09:00 0 0 경기70아1592 3 33 204000065 122000256 62 
2020-12-01T17:03:03.679761+09:00 0 0 경기70아1592 3 33 204000065 122000257 63 
2020-12-01T17:04:03.283882+09:00 0 0 경기70아1592 3 33 204000065 122000257 63 
2020-12-01T17:05:03.067770+09:00 0 0 경기70아1592 3 33 204000065 122000257 63 
2020-12-01T17:06:02.551693+09:00 0 0 경기70아1592 3 33 204000065 122000257 63 
2020-12-01T17:07:02.565626+09:00 0 0 경기70아1592 3 33 204000065 122000286 64 
2020-12-01T17:08:02.459622+09:00 0 0 경기70아1592 3 24 204000065 122000286 64 
2020-12-01T17:09:02.423559+09:00 0 0 경기70아1592 3 14 204000065 122000285 65 
2020-12-01T17:10:02.137651+09:00 0 0 경기70아1592 3 14 204000065 122000285 65 
2020-12-01T17:11:01.881586+09:00 0 0 경기70아1592 3 14 204000065 122000285 65 
2020-12-01T17:12:01.285613+09:00 0 0 경기70아1592 3 14 204000065 122000285 65 
2020-12-01T17:13:00.869678+09:00 0 0 경기70아1592 3 14 204000065 122000285 65 
2020-12-01T17:14:00.484570+09:00 0 0 경기70아1592 3 14 204000065 122000285 65 
2020-12-01T17:15:00.377826+09:00 0 0 경기70아1592 3 14 204000065 277103420 66 
2020-12-01T17:16:00.341890+09:00 0 0 경기70아1592 3 14 204000065 277103420 66 
2020-12-01T17:17:00.235931+09:00 0 0 경기70아1592 3 14 204000065 277103420 66 
2020-12-01T17:17:59.649916+09:00 0 0 경기70아1592 3 14 204000065 277103420 66 
2020-12-01T17:18:58.854032+09:00 0 0 경기70아1592 3 14 204000065 277103418 67 
2020-12-01T17:19:57.968019+09:00 0 0 경기70아1592 3 14 204000065 277103418 67 
2020-12-01T17:20:57.972137+09:00 0 0 경기70아1592 3 14 204000065 277103418 67 
2020-12-01T17:21:57.786189+09:00 0 0 경기70아1592 3 14 204000065 277103418 67 
2020-12-01T17:22:57.750298+09:00 0 0 경기70아1592 3 14 204000065 277103418 67 
2020-12-01T17:23:57.354465+09:00 0 0 경기70아1592 3 14 204000065 277103418 67 
2020-12-01T17:24:56.728491+09:00 0 0 경기70아1592 3 14 204000065 277103418 67 
2020-12-01T17:25:55.882572+09:00 0 0 경기70아1592 3 14 204000065 277103418 67 
2020-12-01T17:26:55.776701+09:00 0 0 경기70아1592 3 15 204000065 277103418 67 
2020-12-01T17:27:55.560917+09:00 0 0 경기70아1592 3 15 204000065 277103418 67 
2020-12-01T17:28:54.994930+09:00 0 0 경기70아1592 3 25 204000065 205000207 68 
2020-12-01T17:29:54.728991+09:00 0 0 경기70아1592 3 25 204000065 205000207 68 
2020-12-01T17:30:54.523088+09:00 0 0 경기70아1592 3 25 204000065 205000245 69 
2020-12-01T17:31:54.217226+09:00 0 0 경기70아1592 3 25 204000065 205000245 69 
2020-12-01T17:32:54.231434+09:00 0 0 경기70아1592 3 25 204000065 205000245 69 
2020-12-01T17:33:53.985492+09:00 0 0 경기70아1592 3 26 204000065 206000361 70 
2020-12-01T17:34:53.619571+09:00 0 0 경기70아1592 3 29 204000065 206000157 71 
2020-12-01T17:35:53.403625+09:00 0 0 경기70아1592 3 29 204000065 206000157 71 
2020-12-01T17:36:53.127808+09:00 0 0 경기70아1592 3 29 204000065 206000157 71 
2020-12-01T17:37:52.921896+09:00 0 0 경기70아1592 3 29 204000065 206000157 71 
2020-12-01T17:38:52.905616+09:00 0 0 경기70아1592 3 31 204000065 206000054 73 
2020-12-01T17:39:52.668178+09:00 0 0 경기70아1592 3 31 204000065 206000053 74 
2020-12-01T17:40:52.323297+09:00 0 0 경기70아1592 3 31 204000065 206000053 74 
2020-12-01T17:41:52.057287+09:00 0 0 경기70아1592 3 31 204000065 206000053 74 
2020-12-01T17:42:51.831126+09:00 0 0 경기70아1592 3 31 204000065 206000053 74 
2020-12-01T17:43:50.954917+09:00 0 0 경기70아1592 3 31 204000065 206000053 74 
2020-12-01T17:44:50.898934+09:00 0 0 경기70아1592 3 31 204000065 206000053 74 
2020-12-01T17:45:50.492979+09:00 0 0 경기70아1592 3 33 204000065 206000238 75 
2020-12-01T17:46:50.566854+09:00 0 0 경기70아1592 3 33 204000065 206000238 75 
2020-12-01T17:47:50.360916+09:00 0 0 경기70아1592 3 33 204000065 206000052 77 
2020-12-01T17:48:49.214721+09:00 0 0 경기70아1592 3 33 204000065 206000050 80 
2020-12-01T17:49:48.818907+09:00 0 0 경기70아1592 3 33 204000065 206000048 82 
2020-12-01T17:50:48.722722+09:00 0 0 경기70아1592 3 34 204000065 206000046 84 
2020-12-01T17:51:47.976704+09:00 0 0 경기70아1592 3 34 204000065 206000046 84 
2020-12-01T17:52:47.900707+09:00 0 0 경기70아1592 3 36 204000065 206000044 86 
2020-12-01T17:53:47.674715+09:00 0 0 경기70아1592 3 36 204000065 206000044 86 
2020-12-01T17:54:46.728631+09:00 0 0 경기70아1592 3 36 204000065 206000672 87 
2020-12-01T17:55:46.562690+09:00 0 0 경기70아1592 3 36 204000065 206000043 88 
2020-12-01T17:56:46.096781+09:00 0 0 경기70아1592 3 36 204000065 206000178 89 
2020-12-01T17:57:46.130790+09:00 0 0 경기70아1592 3 36 204000065 206000178 89 
2020-12-01T17:58:45.824787+09:00 0 0 경기70아1592 3 36 204000065 206000178 89 
2020-12-01T17:59:45.638839+09:00 0 0 경기70아1592 3 36 204000065 206000722 91 
2020-12-01T18:00:45.362924+09:00 0 0 경기70아1592 3 37 204000065 206000711 93 
2020-12-01T18:01:45.276999+09:00 0 0 경기70아1592 3 37 204000065 206000041 94 
2020-12-01T19:02:24.963998+09:00 0 0 경기70아1592 3 39 204000065 206000710 6 
2020-12-01T19:03:24.818258+09:00 0 0 경기70아1592 3 39 204000065 206000721 8 
2020-12-01T19:04:24.432557+09:00 0 0 경기70아1592 3 39 204000065 206000723 9 
2020-12-01T19:05:23.996813+09:00 0 0 경기70아1592 3 39 204000065 206000723 9 
2020-12-01T19:06:23.631161+09:00 0 0 경기70아1592 3 39 204000065 206000249 11 
2020-12-01T19:07:23.495380+09:00 0 0 경기70아1592 3 39 204000065 206000249 11 
2020-12-01T19:08:23.059685+09:00 0 0 경기70아1592 3 39 204000065 206000039 12 
2020-12-01T19:09:21.963888+09:00 0 0 경기70아1592 3 39 204000065 206000037 14 
2020-12-01T19:10:21.028066+09:00 0 0 경기70아1592 3 39 204000065 206000036 15 
2020-12-01T19:11:21.062318+09:00 0 0 경기70아1592 3 39 204000065 206000035 16 
2020-12-01T19:12:20.986629+09:00 0 0 경기70아1592 3 39 204000065 206000035 16 
2020-12-01T19:13:20.560786+09:00 0 0 경기70아1592 3 39 204000065 206000035 16 
2020-12-01T19:14:19.605097+09:00 0 0 경기70아1592 3 39 204000065 206000033 18 
2020-12-01T19:15:19.109220+09:00 0 0 경기70아1592 3 39 204000065 206000032 19 
2020-12-01T19:16:19.043472+09:00 0 0 경기70아1592 3 38 204000065 206000031 20 
2020-12-01T19:17:17.977630+09:00 0 0 경기70아1592 3 38 204000065 206000030 21 
2020-12-01T19:18:17.861863+09:00 0 0 경기70아1592 3 38 204000065 206000030 21 
2020-12-01T19:19:17.426038+09:00 0 0 경기70아1592 3 38 204000065 206000029 22 
2020-12-01T19:20:17.300273+09:00 0 0 경기70아1592 3 38 204000065 206000318 24 
2020-12-01T19:21:17.383638+09:00 0 0 경기70아1592 3 38 204000065 206000317 25 
2020-12-01T19:22:17.386965+09:00 0 0 경기70아1592 3 38 204000065 206000027 27 
2020-12-01T19:23:17.280610+09:00 0 0 경기70아1592 3 38 204000065 206000027 27 
2020-12-01T19:24:16.594038+09:00 0 0 경기70아1592 3 38 204000065 206000226 29 
2020-12-01T19:25:16.317624+09:00 0 0 경기70아1592 3 38 204000065 206000226 29 
2020-12-01T19:26:15.691338+09:00 0 0 경기70아1592 3 38 204000065 206000226 29 
2020-12-01T19:27:15.425176+09:00 0 0 경기70아1592 3 38 204000065 206000226 29 
2020-12-01T19:28:15.138868+09:00 0 0 경기70아1592 3 39 204000065 206000784 30 
2020-12-01T19:29:14.942705+09:00 0 0 경기70아1592 3 39 204000065 205000029 31 
2020-12-01T19:30:14.816443+09:00 0 0 경기70아1592 3 39 204000065 205000029 31 
2020-12-01T19:31:14.530330+09:00 0 0 경기70아1592 3 39 204000065 205000029 31 
2020-12-01T19:32:14.264254+09:00 0 0 경기70아1592 3 39 204000065 205000029 31 
2020-12-01T19:33:14.188167+09:00 0 0 경기70아1592 3 39 204000065 205000069 32 
2020-12-01T19:34:13.912094+09:00 0 0 경기70아1592 3 39 204000065 205000069 32 
2020-12-01T19:35:13.659130+09:00 0 0 경기70아1592 3 39 204000065 205000069 32 
2020-12-01T19:36:13.420108+09:00 0 0 경기70아1592 3 39 204000065 277102622 33 
2020-12-01T19:37:12.814101+09:00 0 0 경기70아1592 3 39 204000065 277102622 33 
2020-12-01T19:38:12.527889+09:00 0 0 경기70아1592 3 39 204000065 277102622 33 
2020-12-01T19:39:12.472063+09:00 0 0 경기70아1592 3 39 204000065 277102622 33 
2020-12-01T19:40:12.166021+09:00 0 0 경기70아1592 3 39 204000065 277103419 34 
2020-12-01T19:41:11.570042+09:00 0 0 경기70아1592 3 39 204000065 277103419 34 
2020-12-01T19:42:11.544139+09:00 0 0 경기70아1592 3 39 204000065 277103419 34 
2020-12-01T19:43:11.058270+09:00 0 0 경기70아1592 3 39 204000065 277103421 35 
2020-12-01T19:44:10.612135+09:00 0 0 경기70아1592 3 39 204000065 122000287 36 
2020-12-01T19:45:10.116243+09:00 0 0 경기70아1592 3 39 204000065 122000288 37 
2020-12-01T19:46:09.830320+09:00 0 0 경기70아1592 3 39 204000065 122000258 38 
2020-12-01T19:47:09.624400+09:00 0 0 경기70아1592 3 39 204000065 122000291 39 
2020-12-01T19:48:09.368401+09:00 0 0 경기70아1592 3 39 204000065 122000291 39 
2020-12-01T19:49:08.782728+09:00 0 0 경기70아1592 3 39 204000065 122000137 40 
2020-12-01T19:50:08.766531+09:00 0 0 경기70아1592 3 39 204000065 122000137 40 
2020-12-01T19:51:08.540758+09:00 0 0 경기70아1592 3 39 204000065 122000388 41 
2020-12-01T19:52:08.204745+09:00 0 0 경기70아1592 3 39 204000065 122000139 43 
2020-12-01T19:53:07.788919+09:00 0 0 경기70아1592 3 39 204000065 122000139 43 
2020-12-01T19:54:07.422964+09:00 0 0 경기70아1592 3 39 204000065 122000094 44 
2020-12-01T19:55:07.267523+09:00 0 0 경기70아1592 3 39 204000065 122000089 45 
2020-12-01T19:56:06.932227+09:00 0 0 경기70아1592 3 39 204000065 122000066 48 
2020-12-01T19:57:06.956885+09:00 0 0 경기70아1592 3 39 204000065 122000066 48 
2020-12-01T19:58:06.041405+09:00 0 0 경기70아1592 3 39 204000065 122000066 48 
2020-12-01T19:59:05.385921+09:00 0 0 경기70아1592 3 39 204000065 122000064 49 
2020-12-01T20:00:04.680468+09:00 0 0 경기70아1592 3 39 204000065 122000064 49 
2020-12-01T20:01:03.854845+09:00 0 0 경기70아1592 3 39 204000065 122000064 49 
2020-12-01T20:02:03.629358+09:00 0 0 경기70아1592 3 38 204000065 122000559 50 
2020-12-01T20:03:02.973680+09:00 0 0 경기70아1592 3 38 204000065 122000559 50 
2020-12-01T20:04:02.798086+09:00 0 0 경기70아1592 3 38 204000065 122000559 50 
2020-12-01T20:05:02.892443+09:00 0 0 경기70아1592 3 38 204000065 122000078 51 
2020-12-01T20:06:02.626961+09:00 0 0 경기70아1592 3 37 204000065 122000078 51 
2020-12-01T20:07:02.611142+09:00 0 0 경기70아1592 3 37 204000065 122000079 52 
2020-12-01T20:08:02.415569+09:00 0 0 경기70아1592 3 37 204000065 122000079 52 
2020-12-01T20:09:02.139950+09:00 0 0 경기70아1592 3 37 204000065 122000079 52 
2020-12-01T20:10:01.664239+09:00 0 0 경기70아1592 3 37 204000065 122000637 54 
2020-12-01T20:11:01.138418+09:00 0 0 경기70아1592 3 36 204000065 122000068 55 
2020-12-01T20:12:01.032851+09:00 0 0 경기70아1592 3 36 204000065 122000086 56 
2020-12-01T20:13:00.746975+09:00 0 0 경기70아1592 3 36 204000065 122000086 56 
2020-12-01T20:13:59.731471+09:00 0 0 경기70아1592 3 36 204000065 122000086 56 
2020-12-01T20:15:00.435649+09:00 0 0 경기70아1592 3 36 204000065 122000095 57 
2020-12-01T20:15:58.439636+09:00 0 0 경기70아1592 3 36 204000065 122000096 58 
2020-12-01T20:16:57.963996+09:00 0 0 경기70아1592 3 34 204000065 122000096 58 
2020-12-01T20:17:57.738228+09:00 0 0 경기70아1592 3 33 204000065 122000142 60 
2020-12-01T20:18:57.372419+09:00 0 0 경기70아1592 3 33 204000065 122000142 60 
2020-12-01T20:19:56.726730+09:00 0 0 경기70아1592 3 32 204000065 122000142 60 
2020-12-01T20:20:56.270923+09:00 0 0 경기70아1592 3 32 204000065 122000133 61 
2020-12-01T20:21:56.105260+09:00 0 0 경기70아1592 3 32 204000065 122000133 61 
2020-12-01T20:22:55.549513+09:00 0 0 경기70아1592 3 32 204000065 122000256 62 
2020-12-01T20:23:54.893516+09:00 0 0 경기70아1592 3 32 204000065 122000257 63 
2020-12-01T20:24:53.867750+09:00 0 0 경기70아1592 3 32 204000065 122000257 63 
2020-12-01T20:25:53.791945+09:00 0 0 경기70아1592 3 32 204000065 122000257 63 
2020-12-01T20:26:53.686321+09:00 0 0 경기70아1592 3 31 204000065 122000286 64 
2020-12-01T20:27:53.770551+09:00 0 0 경기70아1592 3 30 204000065 122000285 65 
2020-12-01T20:28:52.864190+09:00 0 0 경기70아1592 3 30 204000065 122000285 65 
2020-12-01T20:29:52.887569+09:00 0 0 경기70아1592 3 30 204000065 277103420 66 
2020-12-01T20:30:52.800855+09:00 0 0 경기70아1592 3 30 204000065 277103420 66 
2020-12-01T20:31:51.714248+09:00 0 0 경기70아1592 3 30 204000065 277103420 66 
2020-12-01T20:32:51.687768+09:00 0 0 경기70아1592 3 30 204000065 277103420 66 
2020-12-01T20:33:51.381404+09:00 0 0 경기70아1592 3 30 204000065 277103418 67 
2020-12-01T20:34:51.275022+09:00 0 0 경기70아1592 3 30 204000065 277103418 67 
2020-12-01T20:35:51.228713+09:00 0 0 경기70아1592 3 30 204000065 277103418 67 
2020-12-01T20:36:50.792421+09:00 0 0 경기70아1592 3 30 204000065 277103418 67 
2020-12-01T20:37:50.686393+09:00 0 0 경기70아1592 3 30 204000065 277103418 67 
2020-12-01T20:38:49.830048+09:00 0 0 경기70아1592 3 31 204000065 277103418 67 
2020-12-01T20:39:49.663893+09:00 0 0 경기70아1592 3 31 204000065 277103418 67 
2020-12-01T20:40:49.627634+09:00 0 0 경기70아1592 3 33 204000065 205000207 68 
2020-12-01T20:41:49.461677+09:00 0 0 경기70아1592 3 33 204000065 205000207 68 
2020-12-01T20:42:48.405498+09:00 0 0 경기70아1592 3 33 204000065 205000207 68 
2020-12-01T20:43:48.159432+09:00 0 0 경기70아1592 3 34 204000065 206000361 70 
2020-12-01T20:44:47.963428+09:00 0 0 경기70아1592 3 34 204000065 206000361 70 
2020-12-01T20:45:47.957301+09:00 0 0 경기70아1592 3 34 204000065 206000361 70 
2020-12-01T20:46:47.191889+09:00 0 0 경기70아1592 3 36 204000065 206000157 71 
2020-12-01T20:47:46.695208+09:00 0 0 경기70아1592 3 36 204000065 206000157 71 
2020-12-01T20:48:46.509251+09:00 0 0 경기70아1592 3 36 204000065 206000054 73 
2020-12-01T20:49:46.153232+09:00 0 0 경기70아1592 3 36 204000065 206000053 74 
2020-12-01T20:50:45.817311+09:00 0 0 경기70아1592 3 36 204000065 206000053 74 
2020-12-01T20:51:45.621266+09:00 0 0 경기70아1592 3 37 204000065 206000238 75 
2020-12-01T20:52:45.055169+09:00 0 0 경기70아1592 3 37 204000065 206000237 76 
2020-12-01T20:53:44.769402+09:00 0 0 경기70아1592 3 37 204000065 206000237 76 
2020-12-01T20:54:44.123472+09:00 0 0 경기70아1592 3 37 204000065 206000051 78 
2020-12-01T20:55:43.417422+09:00 0 0 경기70아1592 3 38 204000065 206000128 79 
2020-12-01T20:56:42.951469+09:00 0 0 경기70아1592 3 38 204000065 206000128 79 
2020-12-01T20:57:42.875473+09:00 0 0 경기70아1592 3 38 204000065 206000128 79 
2020-12-01T20:58:42.619643+09:00 0 0 경기70아1592 3 38 204000065 206000049 81 
2020-12-01T20:59:42.453871+09:00 0 0 경기70아1592 3 39 204000065 206000046 84 
2020-12-01T21:00:41.307969+09:00 0 0 경기70아1592 3 39 204000065 206000046 84 
2020-12-01T21:01:40.992375+09:00 0 0 경기70아1592 3 39 204000065 206000046 84 
2020-12-01T21:02:40.755850+09:00 0 0 경기70아1592 3 39 204000065 206000044 86 
2020-12-01T21:03:40.510737+09:00 0 0 경기70아1592 3 39 204000065 206000672 87 
2020-12-01T21:04:39.655624+09:00 0 0 경기70아1592 3 39 204000065 206000178 89 
2020-12-01T21:05:39.060131+09:00 0 0 경기70아1592 3 39 204000065 206000724 90 
2020-12-01T21:06:39.194892+09:00 0 0 경기70아1592 3 39 204000065 206000724 90 
2020-12-01T21:07:38.699503+09:00 0 0 경기70아1592 3 39 204000065 206000722 91 
2020-12-01T21:08:38.503915+09:00 0 0 경기70아1592 3 39 204000065 206000711 93 
2020-12-01T21:09:37.678607+09:00 0 0 경기70아1592 3 39 204000065 206000041 94 
2020-12-01T21:10:37.343118+09:00 0 0 경기70아1592 3 39 204000065 206000041 94 
2020-12-01T21:11:37.047518+09:00 0 0 경기70아1592 3 39 204000065 206000171 95 
2020-12-01T21:12:36.711961+09:00 0 0 경기70아1592 3 39 204000065 206000171 95 
2020-12-01T21:13:36.026382+09:00 0 0 경기70아1592 3 39 204000065 206000171 95 
2020-12-01T21:14:35.770791+09:00 0 0 경기70아1592 3 39 204000065 206000171 95 
2020-12-01T21:15:35.755107+09:00 0 0 경기70아1592 3 39 204000065 206000171 95 
2020-12-01T21:16:35.469463+09:00 0 0 경기70아1592 3 39 204000065 206000171 95 
2020-12-01T21:17:35.153796+09:00 0 0 경기70아1592 3 39 204000065 206000171 95 
2020-12-01T21:18:34.628186+09:00 0 0 경기70아1592 3 39 204000065 206000171 95 
2020-12-01T21:19:34.192400+09:00 0 0 경기70아1592 3 39 204000065 206000171 95 
2020-12-01T21:20:34.036818+09:00 0 0 경기70아1592 3 39 204000065 206000171 95 
2020-12-01T21:21:33.630918+09:00 0 0 경기70아1592 3 39 204000065 206000171 95 
2020-12-01T21:22:33.375343+09:00 0 0 경기70아1592 3 39 204000065 206000171 95 
2020-12-01T21:23:32.949587+09:00 0 0 경기70아1592 3 39 204000065 206000171 95 
2020-12-01T21:24:32.483954+09:00 0 0 경기70아1592 3 39 204000065 206000171 95 
2020-12-01T21:25:31.928183+09:00 0 0 경기70아1592 3 39 204000065 206000171 95 
2020-12-01T21:56:20.593670+09:00 0 0 경기70아1592 3 39 204000065 206000405 4 
2020-12-01T21:57:20.247531+09:00 0 0 경기70아1592 3 39 204000065 206000334 5 
2020-12-01T21:58:19.371701+09:00 0 0 경기70아1592 3 39 204000065 206000714 7 
2020-12-01T21:59:19.285790+09:00 0 0 경기70아1592 3 39 204000065 206000721 8 
2020-12-01T22:00:18.530059+09:00 0 0 경기70아1592 3 39 204000065 206000723 9 
2020-12-01T22:01:18.383946+09:00 0 0 경기70아1592 3 39 204000065 206000327 10 
2020-12-01T22:02:18.498113+09:00 0 0 경기70아1592 3 39 204000065 206000249 11 
2020-12-01T22:03:18.212262+09:00 0 0 경기70아1592 3 39 204000065 206000038 13 
2020-12-01T22:04:18.076445+09:00 0 0 경기70아1592 3 38 204000065 206000036 15 
2020-12-01T22:05:18.030589+09:00 0 0 경기70아1592 3 38 204000065 206000035 16 
2020-12-01T22:06:17.404656+09:00 0 0 경기70아1592 3 39 204000065 206000034 17 
2020-12-01T22:07:17.278768+09:00 0 0 경기70아1592 3 39 204000065 206000033 18 
2020-12-01T22:08:16.952885+09:00 0 0 경기70아1592 3 39 204000065 206000033 18 
2020-12-01T22:09:16.077064+09:00 0 0 경기70아1592 3 39 204000065 206000031 20 
2020-12-01T22:10:15.711083+09:00 0 0 경기70아1592 3 39 204000065 206000029 22 
2020-12-01T22:11:15.135059+09:00 0 0 경기70아1592 3 39 204000065 206000318 24 
2020-12-01T22:12:14.348745+09:00 0 0 경기70아1592 3 39 204000065 206000317 25 
2020-12-01T22:13:13.922487+09:00 0 0 경기70아1592 3 39 204000065 206000028 26 
2020-12-01T22:14:13.526204+09:00 0 0 경기70아1592 3 39 204000065 206000027 27 
2020-12-01T22:15:13.090003+09:00 0 0 경기70아1592 3 39 204000065 206000227 28 
2020-12-01T22:16:13.123856+09:00 0 0 경기70아1592 3 39 204000065 206000227 28 
2020-12-01T22:17:12.408464+09:00 0 0 경기70아1592 3 39 204000065 206000226 29 
2020-12-01T22:18:11.881735+09:00 0 0 경기70아1592 3 39 204000065 206000226 29 
2020-12-01T22:19:11.555283+09:00 0 0 경기70아1592 3 36 204000065 206000784 30 
2020-12-01T22:20:11.619299+09:00 0 0 경기70아1592 3 36 204000065 205000029 31 
2020-12-01T22:21:11.513323+09:00 0 0 경기70아1592 3 36 204000065 205000029 31 
2020-12-01T22:22:11.167188+09:00 0 0 경기70아1592 3 36 204000065 205000029 31 
2020-12-01T22:23:11.021342+09:00 0 0 경기70아1592 3 36 204000065 205000029 31 
2020-12-01T22:24:09.984841+09:00 0 0 경기70아1592 3 36 204000065 205000029 31 
2020-12-01T22:25:09.559038+09:00 0 0 경기70아1592 3 36 204000065 205000069 32 
2020-12-01T22:26:09.493052+09:00 0 0 경기70아1592 3 36 204000065 205000069 32 
2020-12-01T22:27:08.326847+09:00 0 0 경기70아1592 3 36 204000065 277102622 33 
2020-12-01T22:28:07.611041+09:00 0 0 경기70아1592 3 36 204000065 277102622 33 
2020-12-01T22:29:07.525544+09:00 0 0 경기70아1592 3 36 204000065 277102622 33 
2020-12-01T22:30:07.238884+09:00 0 0 경기70아1592 3 36 204000065 277103419 34 
2020-12-01T22:31:07.243256+09:00 0 0 경기70아1592 3 36 204000065 277103419 34 
2020-12-01T22:32:06.916935+09:00 0 0 경기70아1592 3 36 204000065 277103421 35 
2020-12-01T22:33:06.911125+09:00 0 0 경기70아1592 3 37 204000065 122000287 36 
2020-12-01T22:34:06.105179+09:00 0 0 경기70아1592 3 37 204000065 122000288 37 
2020-12-01T22:35:05.250035+09:00 0 0 경기70아1592 3 37 204000065 122000258 38 
2020-12-01T22:36:04.713339+09:00 0 0 경기70아1592 3 37 204000065 122000291 39 
2020-12-01T22:37:03.867116+09:00 0 0 경기70아1592 3 37 204000065 122000137 40 
2020-12-01T22:38:03.971132+09:00 0 0 경기70아1592 3 37 204000065 122000386 42 
2020-12-01T22:39:04.015298+09:00 0 0 경기70아1592 3 37 204000065 122000139 43 
2020-12-01T22:40:03.439317+09:00 0 0 경기70아1592 3 37 204000065 122000139 43 
2020-12-01T22:41:02.643316+09:00 0 0 경기70아1592 3 37 204000065 122000094 44 
2020-12-01T22:42:01.998531+09:00 0 0 경기70아1592 3 37 204000065 122000085 46 
2020-12-01T22:43:01.961333+09:00 0 0 경기70아1592 3 37 204000065 122000066 48 
2020-12-01T22:44:01.975499+09:00 0 0 경기70아1592 3 37 204000065 122000066 48 
2020-12-01T22:45:01.849582+09:00 0 0 경기70아1592 3 38 204000065 122000064 49 
2020-12-01T22:46:01.903797+09:00 0 0 경기70아1592 3 38 204000065 122000559 50 
2020-12-01T22:47:00.968066+09:00 0 0 경기70아1592 3 38 204000065 122000078 51 
2020-12-01T22:48:01.112432+09:00 0 0 경기70아1592 3 38 204000065 122000078 51 
2020-12-01T22:49:00.456625+09:00 0 0 경기70아1592 3 38 204000065 122000079 52 
2020-12-01T22:49:59.460667+09:00 0 0 경기70아1592 3 39 204000065 122000065 53 
2020-12-01T22:50:58.664927+09:00 0 0 경기70아1592 3 39 204000065 122000068 55 
2020-12-01T22:51:58.439023+09:00 0 0 경기70아1592 3 38 204000065 122000086 56 
2020-12-01T22:52:58.103296+09:00 0 0 경기70아1592 3 38 204000065 122000095 57 
2020-12-01T22:53:57.877665+09:00 0 0 경기70아1592 3 38 204000065 122000096 58 
2020-12-01T22:54:57.531553+09:00 0 0 경기70아1592 3 38 204000065 122000142 60 
2020-12-01T22:55:57.395833+09:00 0 0 경기70아1592 3 38 204000065 122000142 60 
2020-12-01T22:56:57.130020+09:00 0 0 경기70아1592 3 38 204000065 122000133 61 
2020-12-01T22:57:57.304018+09:00 0 0 경기70아1592 3 38 204000065 122000133 61 
2020-12-01T22:58:56.868242+09:00 0 0 경기70아1592 3 38 204000065 122000257 63 
2020-12-01T22:59:56.682345+09:00 0 0 경기70아1592 3 38 204000065 122000257 63 
2020-12-01T23:00:56.346565+09:00 0 0 경기70아1592 3 38 204000065 122000257 63 
2020-12-01T23:01:55.650538+09:00 0 0 경기70아1592 3 38 204000065 122000285 65 
2020-12-01T23:02:54.974691+09:00 0 0 경기70아1592 3 38 204000065 122000285 65 
2020-12-01T23:03:54.838812+09:00 0 0 경기70아1592 3 38 204000065 277103420 66 
2020-12-01T23:04:54.872970+09:00 0 0 경기70아1592 3 38 204000065 277103420 66 
2020-12-01T23:05:54.256978+09:00 0 0 경기70아1592 3 38 204000065 277103418 67 
2020-12-01T23:06:53.991200+09:00 0 0 경기70아1592 3 38 204000065 277103418 67 
2020-12-01T23:07:53.385299+09:00 0 0 경기70아1592 3 38 204000065 277103418 67 
2020-12-01T23:08:52.949321+09:00 0 0 경기70아1592 3 38 204000065 277103418 67 
2020-12-01T23:09:52.485776+09:00 0 0 경기70아1592 3 38 204000065 277103418 67 
2020-12-01T23:10:51.407508+09:00 0 0 경기70아1592 3 38 204000065 277103418 67 
2020-12-01T23:11:51.091654+09:00 0 0 경기70아1592 3 38 204000065 277103418 67 
2020-12-01T23:12:51.115664+09:00 0 0 경기70아1592 3 38 204000065 205000207 68 
2020-12-01T23:13:51.149802+09:00 0 0 경기70아1592 3 38 204000065 205000207 68 
2020-12-01T23:14:50.363963+09:00 0 0 경기70아1592 3 39 204000065 205000207 68 
2020-12-01T23:15:49.878516+09:00 0 0 경기70아1592 3 39 204000065 205000207 68 
2020-12-01T23:16:49.952131+09:00 0 0 경기70아1592 3 39 204000065 205000245 69 
2020-12-01T23:17:49.776163+09:00 0 0 경기70아1592 3 37 204000065 206000157 71 
2020-12-01T23:18:49.840317+09:00 0 0 경기70아1592 3 37 204000065 206000157 71 
2020-12-01T23:19:49.614660+09:00 0 0 경기70아1592 3 37 204000065 206000157 71 
2020-12-01T23:20:49.009461+09:00 0 0 경기70아1592 3 36 204000065 206000053 74 
2020-12-01T23:21:48.783846+09:00 0 0 경기70아1592 3 35 204000065 206000053 74 
2020-12-01T23:22:48.198346+09:00 0 0 경기70아1592 3 35 204000065 206000053 74 
2020-12-01T23:23:47.412757+09:00 0 0 경기70아1592 3 37 204000065 206000238 75 
2020-12-01T23:24:47.267051+09:00 0 0 경기70아1592 3 37 204000065 206000238 75 
2020-12-01T23:25:46.841550+09:00 0 0 경기70아1592 3 37 204000065 206000238 75 
2020-12-01T23:26:46.536037+09:00 0 0 경기70아1592 3 38 204000065 206000051 78 
2020-12-01T23:27:46.280326+09:00 0 0 경기70아1592 3 38 204000065 206000049 81 
2020-12-01T23:28:45.085009+09:00 0 0 경기70아1592 3 38 204000065 206000049 81 
2020-12-01T23:29:45.178977+09:00 0 0 경기70아1592 3 38 204000065 206000672 87 
2020-12-01T23:30:44.913335+09:00 0 0 경기70아1592 3 38 204000065 206000672 87 
2020-12-01T23:31:43.857344+09:00 0 0 경기70아1592 3 38 204000065 206000178 89 
2020-12-01T23:32:43.881735+09:00 0 0 경기70아1592 3 38 204000065 206000178 89 
2020-12-01T23:33:43.045880+09:00 0 0 경기70아1592 3 38 204000065 206000722 91 
2020-12-01T23:34:42.560226+09:00 0 0 경기70아1592 3 38 204000065 206000722 91 
2020-12-01T23:35:42.584568+09:00 0 0 경기70아1592 3 38 204000065 206000722 91 
2020-12-01T23:36:42.598793+09:00 0 0 경기70아1592 3 39 204000065 206000041 94 
2020-12-01T23:37:41.812830+09:00 0 0 경기70아1592 3 39 204000065 206000041 94 
2020-12-01T23:38:41.507253+09:00 0 0 경기70아1592 3 39 204000065 206000171 95 
2020-12-01T23:39:41.261501+09:00 0 0 경기70아1592 3 39 204000065 206000171 95 
2020-12-01T23:40:40.855654+09:00 0 0 경기70아1592 3 39 204000065 206000171 95 
2020-12-01T23:41:40.099812+09:00 0 0 경기70아1592 3 39 204000065 206000171 95 
2020-12-01T23:42:39.294004+09:00 0 0 경기70아1592 3 39 204000065 206000171 95 
2020-12-01T23:43:38.598212+09:00 0 0 경기70아1592 3 39 204000065 206000171 95 
2020-12-01T23:44:38.482358+09:00 0 0 경기70아1592 3 39 204000065 206000171 95 
2020-12-01T23:45:37.926598+09:00 0 0 경기70아1592 3 39 204000065 206000171 95 
2020-12-01T23:46:37.480621+09:00 0 0 경기70아1592 3 39 204000065 206000171 95 
2020-12-01T23:47:37.324945+09:00 0 0 경기70아1592 3 39 204000065 206000171 95 
2020-12-01T23:48:36.619130+09:00 0 0 경기70아1592 3 39 204000065 206000171 95 
2020-12-01T23:49:36.013324+09:00 0 0 경기70아1592 3 39 204000065 206000171 95 
2020-12-01T23:50:35.467524+09:00 0 0 경기70아1592 3 39 204000065 206000171 95 
2020-12-01T23:51:35.131596+09:00 0 0 경기70아1592 3 39 204000065 206000171 95 
2020-12-01T23:52:34.685845+09:00 0 0 경기70아1592 3 39 204000065 206000171 95 
