232000092 2020-12-08T00:00:42.175582+09:00
2020-12-08T13:17:24 0 0 경기79바9386 4 64 232000092 277103403 17 
2020-12-08T13:17:24 0 0 경기79바9384 3 66 232000092 277103402 22 
2020-12-08T13:17:24 0 0 경기79바9389 4 72 232000092 232000944 3 
2020-12-08T13:17:24 0 0 경기79바9382 3 72 232000092 232000705 34 
2020-12-08T13:17:24 0 0 경기79바9378 3 64 232000092 277102737 15 
2020-12-08T13:17:24 0 0 경기79바9380 3 65 232000092 118000501 20 
2020-12-08T13:17:24 0 0 경기79바9392 4 72 232000092 232000844 37 
2020-12-08T13:17:24 0 0 경기79바9383 3 66 232000092 232000811 11 
2020-12-08T13:17:24 0 0 경기79바9385 4 66 232000092 277103531 27 
2020-12-08T13:17:24 0 0 경기79바9379 3 71 232000092 232000706 32 
2020-12-08T13:17:24 0 0 경기79바9387 4 69 232000092 232000777 9 
