204000046 2020-12-12T00:36:46.214488+09:00
2020-12-12T05:01:54 2 0 경기70아8601 3 44 204000046 206000658 3 
2020-12-12T05:02:53 2 0 경기70아8601 3 44 204000046 206000558 4 
2020-12-12T05:03:52 2 0 경기70아8601 3 44 204000046 206000007 5 
2020-12-12T05:04:51 2 0 경기70아8601 3 44 204000046 206000006 6 
2020-12-12T05:05:51 2 0 경기70아8601 3 44 204000046 206000005 7 
2020-12-12T05:06:50 2 0 경기70아8601 3 44 204000046 206000005 7 
2020-12-12T05:07:49 2 0 경기70아8601 3 44 204000046 206000005 7 
2020-12-12T05:08:48 2 0 경기70아8601 3 42 204000046 206000555 9 
2020-12-12T05:09:48 2 0 경기70아8601 3 42 204000046 206000003 10 
2020-12-12T05:10:47 2 0 경기70아8601 3 42 204000046 206000002 11 
2020-12-12T05:11:46 2 0 경기70아8601 3 41 204000046 206000002 11 
2020-12-12T05:12:45 2 0 경기70아8601 3 41 204000046 206000002 11 
2020-12-12T05:13:45 2 0 경기70아8601 3 41 204000046 277103149 12 
2020-12-12T05:14:44 2 0 경기70아8601 3 41 204000046 277103149 12 
2020-12-12T05:15:43 2 0 경기70아8601 3 41 204000046 277103679 13 
2020-12-12T05:16:42 2 0 경기70아8601 3 41 204000046 277103679 13 
2020-12-12T05:17:41 2 0 경기70아8601 3 41 204000046 277103441 14 
2020-12-12T05:18:41 2 0 경기70아8601 3 41 204000046 277104177 15 
2020-12-12T05:19:40 2 0 경기70아8601 3 41 204000046 277104177 15 
2020-12-12T05:20:39 2 0 경기70아8601 3 41 204000046 277103388 16 
2020-12-12T05:20:39 0 0 경기70아8880 3 41 204000046 206000009 2 
2020-12-12T05:21:38 2 0 경기70아8601 3 41 204000046 277103390 17 
2020-12-12T05:21:38 0 0 경기70아8880 3 41 204000046 206000658 3 
2020-12-12T05:22:38 2 0 경기70아8601 3 41 204000046 277103390 17 
2020-12-12T05:22:38 0 0 경기70아8880 3 41 204000046 206000558 4 
2020-12-12T05:23:37 2 0 경기70아8601 3 41 204000046 277103391 18 
2020-12-12T05:23:37 0 0 경기70아8880 3 41 204000046 206000007 5 
2020-12-12T05:24:36 2 0 경기70아8601 3 41 204000046 277103391 18 
2020-12-12T05:24:36 0 0 경기70아8880 3 41 204000046 206000006 6 
2020-12-12T05:25:35 2 0 경기70아8601 3 41 204000046 277103400 19 
2020-12-12T05:25:35 0 0 경기70아8880 3 41 204000046 206000005 7 
2020-12-12T05:26:34 2 0 경기70아8601 3 41 204000046 277103400 19 
2020-12-12T05:26:34 0 0 경기70아8880 3 41 204000046 206000005 7 
2020-12-12T05:27:34 2 0 경기70아8601 3 41 204000046 277104180 21 
2020-12-12T05:27:34 0 0 경기70아8880 3 41 204000046 206000004 8 
2020-12-12T05:28:33 2 0 경기70아8601 3 41 204000046 277104180 21 
2020-12-12T05:28:33 0 0 경기70아8880 3 41 204000046 206000555 9 
2020-12-12T05:29:32 2 0 경기70아8601 3 41 204000046 277104186 22 
2020-12-12T05:29:32 0 0 경기70아8880 3 41 204000046 206000003 10 
2020-12-12T05:30:31 2 0 경기70아8601 3 41 204000046 277104186 22 
2020-12-12T05:30:31 0 0 경기70아8880 3 41 204000046 206000003 10 
2020-12-12T05:31:30 2 0 경기70아8601 3 41 204000046 277104186 22 
2020-12-12T05:31:30 0 0 경기70아8880 3 41 204000046 206000003 10 
2020-12-12T05:32:30 0 0 경기70아8601 3 42 204000046 101000292 23 
2020-12-12T05:32:30 0 0 경기70아8880 3 41 204000046 206000002 11 
2020-12-12T05:33:29 0 0 경기70아8601 3 43 204000046 100000001 24 
2020-12-12T05:33:29 0 0 경기70아8880 3 41 204000046 206000002 11 
2020-12-12T05:34:28 0 0 경기70아8601 3 43 204000046 100000001 24 
2020-12-12T05:34:28 0 0 경기70아8880 3 41 204000046 206000002 11 
2020-12-12T05:35:27 0 0 경기70아8601 3 43 204000046 100000001 24 
2020-12-12T05:35:27 0 0 경기70아8880 3 41 204000046 277103149 12 
2020-12-12T05:36:26 0 0 경기70아8601 3 43 204000046 101000141 25 
2020-12-12T05:36:26 0 0 경기70아8880 3 41 204000046 277103679 13 
2020-12-12T05:37:25 0 0 경기70아8601 3 43 204000046 101000141 25 
2020-12-12T05:37:25 0 0 경기70아8880 3 41 204000046 277103679 13 
2020-12-12T05:38:25 0 0 경기70아8601 3 43 204000046 101000141 25 
2020-12-12T05:38:25 0 0 경기70아8880 3 41 204000046 277103441 14 
2020-12-12T05:39:24 0 0 경기70아8601 3 43 204000046 101000264 26 
2020-12-12T05:39:24 0 0 경기70아8880 3 41 204000046 277103441 14 
2020-12-12T05:40:23 0 0 경기70아8601 3 43 204000046 101000264 26 
2020-12-12T05:40:23 0 0 경기70아8880 3 41 204000046 277104177 15 
2020-12-12T05:41:22 0 0 경기70아8601 3 43 204000046 101000264 26 
2020-12-12T05:41:22 0 0 경기78아1178 3 39 204000046 206000009 2 
2020-12-12T05:41:22 0 0 경기70아8880 3 41 204000046 277103388 16 
2020-12-12T05:42:22 0 0 경기78아1178 3 38 204000046 206000658 3 
2020-12-12T05:42:22 0 0 경기70아8601 3 43 204000046 101000264 26 
2020-12-12T05:42:22 0 0 경기70아8880 3 41 204000046 277103388 16 
2020-12-12T05:43:21 2 0 경기70아8601 3 44 204000046 101000005 27 
2020-12-12T05:43:21 0 0 경기78아1178 3 38 204000046 206000558 4 
2020-12-12T05:43:21 0 0 경기70아8880 3 41 204000046 277103390 17 
2020-12-12T05:44:20 0 0 경기78아1178 3 38 204000046 206000007 5 
2020-12-12T05:44:20 0 0 경기70아8601 3 43 204000046 101000005 27 
2020-12-12T05:44:20 0 0 경기70아8880 3 41 204000046 277103391 18 
2020-12-12T05:45:19 0 0 경기78아1178 3 38 204000046 206000005 7 
2020-12-12T05:45:19 0 0 경기70아8601 3 43 204000046 101000026 29 
2020-12-12T05:45:19 0 0 경기70아8880 3 41 204000046 277103391 18 
2020-12-12T05:46:19 0 0 경기78아1178 3 38 204000046 206000005 7 
2020-12-12T05:46:19 0 0 경기70아8601 3 43 204000046 277102114 30 
2020-12-12T05:46:19 0 0 경기70아8880 3 41 204000046 277103400 19 
2020-12-12T05:47:18 0 0 경기70아8601 3 43 204000046 277102114 30 
2020-12-12T05:47:18 0 0 경기78아1178 3 38 204000046 206000005 7 
2020-12-12T05:47:18 0 0 경기70아8880 3 41 204000046 277103400 19 
2020-12-12T05:48:17 0 0 경기70아8601 3 43 204000046 277102114 30 
2020-12-12T05:48:17 0 0 경기78아1178 3 37 204000046 206000555 9 
2020-12-12T05:48:17 0 0 경기70아8880 3 41 204000046 277103400 19 
2020-12-12T05:49:16 0 0 경기70아8601 3 43 204000046 101000148 31 
2020-12-12T05:49:16 0 0 경기78아1178 3 35 204000046 206000003 10 
2020-12-12T05:49:16 0 0 경기70아8880 3 41 204000046 102000069 20 
2020-12-12T05:50:15 0 0 경기78아1178 3 35 204000046 206000003 10 
2020-12-12T05:50:15 0 0 경기70아8601 3 43 204000046 101000001 32 
2020-12-12T05:50:15 0 0 경기70아8880 3 41 204000046 277104180 21 
2020-12-12T05:51:15 0 0 경기78아1178 3 35 204000046 206000003 10 
2020-12-12T05:51:15 0 0 경기70아8601 3 43 204000046 101000001 32 
2020-12-12T05:51:15 0 0 경기70아8880 3 41 204000046 277104180 21 
2020-12-12T05:52:14 0 0 경기70아8601 3 43 204000046 101000001 32 
2020-12-12T05:52:14 0 0 경기78아1178 3 35 204000046 206000002 11 
2020-12-12T05:52:14 0 0 경기70아8880 3 41 204000046 277104186 22 
2020-12-12T05:53:13 0 0 경기70아8601 3 42 204000046 277104181 33 
2020-12-12T05:53:13 0 0 경기78아1178 3 35 204000046 277103149 12 
2020-12-12T05:53:13 0 0 경기70아8880 3 41 204000046 101000292 23 
2020-12-12T05:54:12 0 0 경기70아8601 3 42 204000046 277104181 33 
2020-12-12T05:54:12 0 0 경기78아1178 3 35 204000046 277103149 12 
2020-12-12T05:54:12 0 0 경기70아8880 3 41 204000046 101000292 23 
2020-12-12T05:55:11 0 0 경기78아1178 3 35 204000046 277103149 12 
2020-12-12T05:55:11 0 0 경기70아8601 3 42 204000046 102000070 35 
2020-12-12T05:55:11 0 0 경기70아8880 3 41 204000046 100000001 24 
2020-12-12T05:56:11 0 0 경기78아1178 3 35 204000046 277103679 13 
2020-12-12T05:56:11 0 0 경기70아8601 3 40 204000046 102000070 35 
2020-12-12T05:56:11 0 0 경기70아8880 3 41 204000046 100000001 24 
2020-12-12T05:57:10 0 0 경기78아1178 3 35 204000046 277103679 13 
2020-12-12T05:57:10 0 0 경기70아8601 3 40 204000046 102000070 35 
2020-12-12T05:57:10 0 0 경기70아8880 3 41 204000046 100000001 24 
2020-12-12T05:58:09 0 0 경기78아1178 3 35 204000046 277103441 14 
2020-12-12T05:58:09 0 0 경기70아8601 3 40 204000046 277103399 36 
2020-12-12T05:58:09 0 0 경기70아8880 3 41 204000046 101000141 25 
2020-12-12T05:59:08 0 0 경기78아1178 3 35 204000046 277104177 15 
2020-12-12T05:59:08 0 0 경기70아8601 3 40 204000046 277103392 37 
2020-12-12T05:59:08 0 0 경기70아8880 3 41 204000046 101000141 25 
2020-12-12T06:00:08 0 0 경기70아8601 3 40 204000046 277103392 37 
2020-12-12T06:00:08 0 0 경기78아1178 3 35 204000046 277103388 16 
2020-12-12T06:00:08 0 0 경기70아8880 3 41 204000046 101000264 26 
2020-12-12T06:01:07 0 0 경기70아8601 3 40 204000046 277103392 37 
2020-12-12T06:01:07 0 0 경기78아1178 3 35 204000046 277103388 16 
2020-12-12T06:01:07 0 0 경기70아8880 3 41 204000046 101000264 26 
2020-12-12T06:02:06 0 0 경기70아8601 3 40 204000046 277103389 38 
2020-12-12T06:02:06 0 0 경기78아1178 3 35 204000046 277103390 17 
2020-12-12T06:02:06 0 0 경기70아7361 3 45 204000046 206000658 3 
2020-12-12T06:02:06 0 0 경기70아8880 3 41 204000046 101000264 26 
2020-12-12T06:03:05 0 0 경기78아1178 3 35 204000046 277103390 17 
2020-12-12T06:03:05 0 0 경기70아7361 3 45 204000046 206000558 4 
2020-12-12T06:03:05 0 0 경기70아8601 3 40 204000046 277103387 39 
2020-12-12T06:03:05 0 0 경기70아8880 3 41 204000046 101000264 26 
2020-12-12T06:04:04 0 0 경기78아1178 3 35 204000046 277103390 17 
2020-12-12T06:04:04 0 0 경기70아7361 3 45 204000046 206000558 4 
2020-12-12T06:04:04 0 0 경기70아8601 3 40 204000046 277103387 39 
2020-12-12T06:04:04 0 0 경기70아8880 3 41 204000046 101000264 26 
2020-12-12T06:05:04 0 0 경기70아8601 3 40 204000046 277104178 40 
2020-12-12T06:05:04 0 0 경기70아7361 3 44 204000046 206000006 6 
2020-12-12T06:05:04 0 0 경기78아1178 3 35 204000046 277103391 18 
2020-12-12T06:05:04 0 0 경기70아8880 3 41 204000046 101000005 27 
2020-12-12T06:06:03 0 0 경기70아7361 3 44 204000046 206000006 6 
2020-12-12T06:06:03 0 0 경기78아1178 3 35 204000046 277103400 19 
2020-12-12T06:06:03 0 0 경기70아8601 3 40 204000046 277103440 41 
2020-12-12T06:06:03 0 0 경기70아8880 3 41 204000046 101000005 27 
2020-12-12T06:07:02 0 0 경기70아7361 3 44 204000046 206000006 6 
2020-12-12T06:07:02 0 0 경기78아1178 3 35 204000046 277103400 19 
2020-12-12T06:07:02 0 0 경기70아8601 3 40 204000046 277103440 41 
2020-12-12T06:07:02 0 0 경기70아8880 3 41 204000046 101000005 27 
2020-12-12T06:08:01 0 0 경기70아8601 3 40 204000046 277103440 41 
2020-12-12T06:08:01 0 0 경기78아1178 3 35 204000046 277103400 19 
2020-12-12T06:08:01 0 0 경기70아7361 3 44 204000046 206000005 7 
2020-12-12T06:08:01 0 0 경기70아8880 3 41 204000046 101000005 27 
2020-12-12T06:09:01 0 0 경기70아7361 3 44 204000046 206000005 7 
2020-12-12T06:09:01 0 0 경기78아1178 3 35 204000046 102000069 20 
2020-12-12T06:09:01 0 0 경기70아8601 3 40 204000046 277103678 42 
2020-12-12T06:09:01 0 0 경기70아8880 3 41 204000046 277102114 30 
2020-12-12T06:10:00 0 0 경기70아7361 3 44 204000046 206000005 7 
2020-12-12T06:10:00 0 0 경기70아8601 3 40 204000046 277103678 42 
2020-12-12T06:10:00 0 0 경기78아1178 3 35 204000046 277104180 21 
2020-12-12T06:10:00 0 0 경기70아8880 3 41 204000046 277102114 30 
2020-12-12T06:10:59 0 0 경기78아1178 3 35 204000046 277104180 21 
2020-12-12T06:10:59 0 0 경기70아8601 3 40 204000046 277103148 43 
2020-12-12T06:10:59 0 0 경기70아7361 3 44 204000046 206000004 8 
2020-12-12T06:10:59 0 0 경기70아8880 3 41 204000046 101000148 31 
2020-12-12T06:11:58 0 0 경기70아8601 3 41 204000046 206000018 44 
2020-12-12T06:11:58 0 0 경기70아7361 3 44 204000046 206000003 10 
2020-12-12T06:11:58 0 0 경기78아1178 3 35 204000046 277104186 22 
2020-12-12T06:11:58 0 0 경기70아8880 3 41 204000046 101000001 32 
2020-12-12T06:12:57 0 0 경기78아1178 3 35 204000046 101000292 23 
2020-12-12T06:12:57 0 0 경기70아7361 3 44 204000046 206000003 10 
2020-12-12T06:12:57 0 0 경기70아8601 3 41 204000046 206000017 45 
2020-12-12T06:12:57 0 0 경기70아8880 3 41 204000046 101000001 32 
2020-12-12T06:13:57 0 0 경기78아1178 3 35 204000046 101000292 23 
2020-12-12T06:13:57 0 0 경기70아8601 3 41 204000046 206000016 47 
2020-12-12T06:13:57 0 0 경기70아7361 3 44 204000046 206000002 11 
2020-12-12T06:13:57 0 0 경기70아8880 3 41 204000046 277104181 33 
2020-12-12T06:14:56 0 0 경기70아7361 3 44 204000046 206000002 11 
2020-12-12T06:14:56 0 0 경기78아1178 3 35 204000046 100000001 24 
2020-12-12T06:14:56 0 0 경기70아8601 3 43 204000046 206000556 48 
2020-12-12T06:14:56 0 0 경기70아8880 3 41 204000046 277104179 34 
2020-12-12T06:15:55 0 0 경기70아8601 3 43 204000046 206000556 48 
2020-12-12T06:15:55 0 0 경기78아1178 3 38 204000046 100000001 24 
2020-12-12T06:15:55 0 0 경기70아7361 3 44 204000046 206000002 11 
2020-12-12T06:15:55 0 0 경기70아8880 3 41 204000046 102000070 35 
2020-12-12T06:16:54 0 0 경기70아8601 3 43 204000046 206000556 48 
2020-12-12T06:16:54 0 0 경기78아1178 3 38 204000046 100000001 24 
2020-12-12T06:16:54 0 0 경기70아7361 3 44 204000046 206000002 11 
2020-12-12T06:16:54 0 0 경기70아8880 3 41 204000046 102000070 35 
2020-12-12T06:17:53 0 0 경기78아1178 3 39 204000046 101000141 25 
2020-12-12T06:17:53 0 0 경기70아7361 3 44 204000046 277103149 12 
2020-12-12T06:17:53 0 0 경기70아8601 3 44 204000046 206000014 50 
2020-12-12T06:17:53 0 0 경기70아8880 3 41 204000046 102000070 35 
2020-12-12T06:18:53 0 0 경기78아1178 3 39 204000046 101000141 25 
2020-12-12T06:18:53 0 0 경기70아7361 3 44 204000046 277103679 13 
2020-12-12T06:18:53 0 0 경기70아8601 3 44 204000046 206000657 52 
2020-12-12T06:18:53 0 0 경기70아8880 3 41 204000046 102000070 35 
2020-12-12T06:19:52 0 0 경기70아7361 3 44 204000046 277103679 13 
2020-12-12T06:19:52 0 0 경기78아1178 3 39 204000046 101000141 25 
2020-12-12T06:19:52 0 0 경기70아8601 3 44 204000046 206000657 52 
2020-12-12T06:19:52 0 0 경기70아8880 3 41 204000046 277103399 36 
2020-12-12T06:20:51 0 0 경기70아7361 3 44 204000046 277103441 14 
2020-12-12T06:20:51 0 0 경기78아1178 3 39 204000046 101000141 25 
2020-12-12T06:20:51 0 0 경기70아7482 3 45 204000046 206000009 2 
2020-12-12T06:20:51 0 0 경기70아8880 3 41 204000046 277103392 37 
2020-12-12T06:21:50 0 0 경기70아7361 3 44 204000046 277103441 14 
2020-12-12T06:21:50 0 0 경기78아1178 3 39 204000046 101000264 26 
2020-12-12T06:21:50 0 0 경기70아7482 3 45 204000046 206000658 3 
2020-12-12T06:21:50 0 0 경기70아8880 3 41 204000046 277103392 37 
2020-12-12T06:22:49 0 0 경기78아1178 3 39 204000046 101000264 26 
2020-12-12T06:22:49 0 0 경기70아7361 3 44 204000046 277104177 15 
2020-12-12T06:22:49 0 0 경기70아7482 3 45 204000046 206000558 4 
2020-12-12T06:22:49 0 0 경기70아8880 3 41 204000046 277103389 38 
2020-12-12T06:23:49 0 0 경기78아1178 3 39 204000046 101000264 26 
2020-12-12T06:23:49 0 0 경기70아7361 3 44 204000046 277103388 16 
2020-12-12T06:23:49 0 0 경기70아7482 3 45 204000046 206000007 5 
2020-12-12T06:23:49 0 0 경기70아8880 3 41 204000046 277103389 38 
2020-12-12T06:24:48 0 0 경기78아1178 3 39 204000046 101000264 26 
2020-12-12T06:24:48 0 0 경기70아7361 3 44 204000046 277103388 16 
2020-12-12T06:24:48 0 0 경기70아7482 3 45 204000046 206000007 5 
2020-12-12T06:24:48 0 0 경기70아8880 3 41 204000046 277103389 38 
2020-12-12T06:25:47 0 0 경기70아7361 3 44 204000046 277103390 17 
2020-12-12T06:25:47 0 0 경기70아7482 3 45 204000046 206000005 7 
2020-12-12T06:25:47 0 0 경기78아1178 3 39 204000046 101000264 26 
2020-12-12T06:25:47 0 0 경기70아8880 3 41 204000046 277104178 40 
2020-12-12T06:26:46 0 0 경기70아7482 3 45 204000046 206000005 7 
2020-12-12T06:26:46 0 0 경기78아1178 3 38 204000046 101000005 27 
2020-12-12T06:26:46 0 0 경기70아7361 3 44 204000046 277103391 18 
2020-12-12T06:26:46 0 0 경기70아8880 3 41 204000046 277104178 40 
2020-12-12T06:27:46 0 0 경기70아7361 3 44 204000046 277103391 18 
2020-12-12T06:27:46 0 0 경기78아1178 3 38 204000046 101000005 27 
2020-12-12T06:27:46 0 0 경기70아7482 3 45 204000046 206000005 7 
2020-12-12T06:27:46 0 0 경기70아8880 3 41 204000046 277104178 40 
2020-12-12T06:28:45 0 0 경기78아1178 3 38 204000046 101000005 27 
2020-12-12T06:28:45 0 0 경기70아7361 3 44 204000046 277103400 19 
2020-12-12T06:28:45 0 0 경기70아7482 3 45 204000046 206000003 10 
2020-12-12T06:28:45 0 0 경기70아8880 3 41 204000046 277103440 41 
2020-12-12T06:29:44 0 0 경기70아7482 3 45 204000046 206000003 10 
2020-12-12T06:29:44 0 0 경기78아1178 3 38 204000046 101000005 27 
2020-12-12T06:29:44 0 0 경기70아7361 3 44 204000046 277103400 19 
2020-12-12T06:29:44 0 0 경기70아8880 3 41 204000046 277103678 42 
2020-12-12T06:30:43 0 0 경기70아7482 3 45 204000046 206000003 10 
2020-12-12T06:30:43 0 0 경기70아7361 3 45 204000046 277103400 19 
2020-12-12T06:30:43 0 0 경기78아1178 3 38 204000046 277101742 28 
2020-12-12T06:30:43 0 0 경기70아8880 3 41 204000046 277103678 42 
2020-12-12T06:31:42 0 0 경기70아7361 3 45 204000046 102000069 20 
2020-12-12T06:31:42 0 0 경기70아7482 3 45 204000046 206000002 11 
2020-12-12T06:31:42 0 0 경기78아1178 3 38 204000046 277102114 30 
2020-12-12T06:31:42 0 0 경기70아8880 3 41 204000046 277103148 43 
2020-12-12T06:32:42 0 0 경기70아7361 3 45 204000046 277104180 21 
2020-12-12T06:32:42 0 0 경기70아7482 3 45 204000046 206000002 11 
2020-12-12T06:32:42 0 0 경기78아1178 3 38 204000046 277102114 30 
2020-12-12T06:32:42 0 0 경기70아8880 3 41 204000046 277103148 43 
2020-12-12T06:33:41 0 0 경기70아7482 3 45 204000046 206000002 11 
2020-12-12T06:33:41 0 0 경기78아1178 3 38 204000046 101000148 31 
2020-12-12T06:33:41 0 0 경기70아7361 3 45 204000046 277104186 22 
2020-12-12T06:33:41 0 0 경기70아8880 3 41 204000046 206000554 46 
2020-12-12T06:34:40 0 0 경기78아1178 3 38 204000046 101000148 31 
2020-12-12T06:34:40 0 0 경기70아7361 3 45 204000046 277104186 22 
2020-12-12T06:34:40 0 0 경기70아7482 3 45 204000046 277103149 12 
2020-12-12T06:34:40 0 0 경기70아8880 3 41 204000046 206000016 47 
2020-12-12T06:35:39 0 0 경기70아7482 3 45 204000046 277103149 12 
2020-12-12T06:35:39 0 0 경기78아1178 3 38 204000046 101000001 32 
2020-12-12T06:35:39 0 0 경기70아7361 3 45 204000046 101000292 23 
2020-12-12T06:35:39 0 0 경기70아8880 3 41 204000046 206000015 49 
2020-12-12T06:36:38 0 0 경기70아7361 3 45 204000046 101000292 23 
2020-12-12T06:36:38 0 0 경기78아1178 3 38 204000046 101000001 32 
2020-12-12T06:36:38 0 0 경기70아7482 3 45 204000046 277103679 13 
2020-12-12T06:36:38 0 0 경기70아8880 3 41 204000046 206000657 52 
2020-12-12T06:37:38 0 0 경기70아7482 3 45 204000046 277103679 13 
2020-12-12T06:37:38 0 0 경기70아7361 3 45 204000046 100000001 24 
2020-12-12T06:37:38 0 0 경기78아1178 3 38 204000046 101000001 32 
2020-12-12T06:37:38 0 0 경기70아8880 3 41 204000046 206000012 53 
2020-12-12T06:38:37 0 0 경기78아1178 3 38 204000046 277104181 33 
2020-12-12T06:38:37 0 0 경기70아7482 3 45 204000046 277103441 14 
2020-12-12T06:38:37 0 0 경기70아7361 3 45 204000046 100000001 24 
2020-12-12T06:39:36 0 0 경기78아1178 3 38 204000046 277104179 34 
2020-12-12T06:39:36 0 0 경기70아7361 3 45 204000046 101000141 25 
2020-12-12T06:39:36 0 0 경기70아7482 3 45 204000046 277104177 15 
2020-12-12T06:40:35 0 0 경기70아7361 3 45 204000046 101000141 25 
2020-12-12T06:40:35 0 0 경기70아7482 3 45 204000046 277104177 15 
2020-12-12T06:40:35 0 0 경기78아1178 3 37 204000046 102000070 35 
2020-12-12T06:40:35 0 0 경기78아1117 3 44 204000046 206000010 1 
2020-12-12T06:41:35 0 0 경기70아7361 3 45 204000046 101000141 25 
2020-12-12T06:41:35 0 0 경기78아1178 3 37 204000046 102000070 35 
2020-12-12T06:41:35 0 0 경기70아7482 3 45 204000046 277103388 16 
2020-12-12T06:41:35 0 0 경기78아1117 3 44 204000046 206000658 3 
2020-12-12T06:42:34 0 0 경기78아1178 3 37 204000046 102000070 35 
2020-12-12T06:42:34 0 0 경기70아7482 3 45 204000046 277103388 16 
2020-12-12T06:42:34 0 0 경기70아7361 3 45 204000046 101000141 25 
2020-12-12T06:42:34 0 0 경기78아1117 3 44 204000046 206000658 3 
2020-12-12T06:43:33 0 0 경기78아1178 3 37 204000046 102000070 35 
2020-12-12T06:43:33 0 0 경기70아7361 3 45 204000046 101000264 26 
2020-12-12T06:43:33 0 0 경기70아7482 3 45 204000046 277103390 17 
2020-12-12T06:43:33 0 0 경기78아1117 3 44 204000046 206000007 5 
2020-12-12T06:44:32 0 0 경기70아7361 3 45 204000046 101000264 26 
2020-12-12T06:44:32 0 0 경기70아7482 3 45 204000046 277103390 17 
2020-12-12T06:44:32 0 0 경기78아1178 3 37 204000046 277103399 36 
2020-12-12T06:44:32 0 0 경기78아1117 3 42 204000046 206000006 6 
2020-12-12T06:45:31 0 0 경기70아7361 3 45 204000046 101000264 26 
2020-12-12T06:45:31 0 0 경기70아7482 3 45 204000046 277103391 18 
2020-12-12T06:45:31 0 0 경기78아1178 3 37 204000046 277103399 36 
2020-12-12T06:45:31 0 0 경기78아1117 3 42 204000046 206000005 7 
2020-12-12T06:46:31 0 0 경기70아7482 3 45 204000046 277103391 18 
2020-12-12T06:46:31 0 0 경기70아7361 3 44 204000046 101000005 27 
2020-12-12T06:46:31 0 0 경기78아1178 3 37 204000046 277103392 37 
2020-12-12T06:46:31 0 0 경기78아1117 3 42 204000046 206000005 7 
2020-12-12T06:47:30 0 0 경기78아1178 3 37 204000046 277103392 37 
2020-12-12T06:47:30 0 0 경기70아7361 3 44 204000046 101000005 27 
2020-12-12T06:47:30 0 0 경기70아7482 3 45 204000046 277103400 19 
2020-12-12T06:47:30 0 0 경기78아1117 3 42 204000046 206000005 7 
2020-12-12T06:48:29 0 0 경기78아1178 3 37 204000046 277103392 37 
2020-12-12T06:48:29 0 0 경기70아7361 3 44 204000046 101000005 27 
2020-12-12T06:48:29 0 0 경기70아7482 3 45 204000046 277103400 19 
2020-12-12T06:48:29 0 0 경기78아1117 3 42 204000046 206000555 9 
2020-12-12T06:49:28 0 0 경기78아1178 3 37 204000046 277103389 38 
2020-12-12T06:49:28 0 0 경기70아7361 3 44 204000046 101000005 27 
2020-12-12T06:49:28 0 0 경기70아7482 3 45 204000046 102000069 20 
2020-12-12T06:49:28 0 0 경기78아1117 3 41 204000046 206000002 11 
2020-12-12T06:50:27 0 0 경기70아7361 3 44 204000046 101000005 27 
2020-12-12T06:50:27 0 0 경기70아7482 3 45 204000046 102000069 20 
2020-12-12T06:50:27 0 0 경기78아1178 3 37 204000046 277103389 38 
2020-12-12T06:50:27 0 0 경기78아1117 3 41 204000046 206000002 11 
2020-12-12T06:51:27 0 0 경기78아1178 3 37 204000046 277103387 39 
2020-12-12T06:51:27 0 0 경기70아7482 3 45 204000046 277104180 21 
2020-12-12T06:51:27 0 0 경기70아7361 3 44 204000046 101000026 29 
2020-12-12T06:51:27 0 0 경기78아1117 3 41 204000046 206000002 11 
2020-12-12T06:52:26 0 0 경기70아7482 3 45 204000046 277104180 21 
2020-12-12T06:52:26 0 0 경기78아1178 3 37 204000046 277104178 40 
2020-12-12T06:52:26 0 0 경기70아7361 3 44 204000046 277102114 30 
2020-12-12T06:52:26 0 0 경기78아1117 3 41 204000046 206000002 11 
2020-12-12T06:53:25 0 0 경기70아7361 3 44 204000046 101000148 31 
2020-12-12T06:53:25 0 0 경기70아7482 3 45 204000046 277104186 22 
2020-12-12T06:53:25 0 0 경기78아1178 3 37 204000046 277103440 41 
2020-12-12T06:53:25 0 0 경기78아1117 3 41 204000046 277103149 12 
2020-12-12T06:54:24 0 0 경기78아1178 3 37 204000046 277103440 41 
2020-12-12T06:54:24 0 0 경기70아7361 3 44 204000046 101000148 31 
2020-12-12T06:54:24 0 0 경기70아7482 3 45 204000046 277104186 22 
2020-12-12T06:54:24 0 0 경기78아1117 3 41 204000046 277103149 12 
2020-12-12T06:55:23 0 0 경기70아7482 3 45 204000046 101000292 23 
2020-12-12T06:55:23 0 0 경기70아7361 3 44 204000046 101000001 32 
2020-12-12T06:55:23 0 0 경기78아1178 3 37 204000046 277103678 42 
2020-12-12T06:55:23 0 0 경기78아1117 3 41 204000046 277103679 13 
2020-12-12T06:56:23 0 0 경기70아7361 3 44 204000046 101000001 32 
2020-12-12T06:56:23 0 0 경기78아1178 3 37 204000046 277103678 42 
2020-12-12T06:56:23 0 0 경기70아7482 3 45 204000046 100000001 24 
2020-12-12T06:56:23 0 0 경기78아1117 3 41 204000046 277103679 13 
2020-12-12T06:57:22 0 0 경기70아7482 3 45 204000046 100000001 24 
2020-12-12T06:57:22 0 0 경기78아1178 3 37 204000046 277103678 42 
2020-12-12T06:57:22 0 0 경기70아7361 3 44 204000046 101000001 32 
2020-12-12T06:57:22 0 0 경기78아1117 3 41 204000046 277103441 14 
2020-12-12T06:58:21 0 0 경기70아7361 3 44 204000046 277104181 33 
2020-12-12T06:58:21 0 0 경기78아1178 3 37 204000046 277103148 43 
2020-12-12T06:58:21 0 0 경기70아7482 3 45 204000046 100000001 24 
2020-12-12T06:58:21 0 0 경기78아1117 3 41 204000046 277104177 15 
2020-12-12T06:59:20 0 0 경기70아7361 3 44 204000046 277104181 33 
2020-12-12T06:59:20 0 0 경기78아1178 3 37 204000046 277103148 43 
2020-12-12T06:59:20 0 0 경기70아7482 3 45 204000046 100000001 24 
2020-12-12T06:59:20 0 0 경기78아1117 3 41 204000046 277103388 16 
2020-12-12T07:00:19 0 0 경기70아7482 3 45 204000046 101000141 25 
2020-12-12T07:00:19 0 0 경기78아1178 3 37 204000046 206000018 44 
2020-12-12T07:00:19 0 0 경기70아7361 3 44 204000046 277104179 34 
2020-12-12T07:00:19 0 0 경기78아1117 3 41 204000046 277103388 16 
2020-12-12T07:01:19 0 0 경기70아7482 3 45 204000046 101000141 25 
2020-12-12T07:01:19 0 0 경기70아7361 3 44 204000046 102000070 35 
2020-12-12T07:01:19 0 0 경기78아1178 3 37 204000046 206000017 45 
2020-12-12T07:01:19 0 0 경기77바1097 3 45 204000046 206000009 2 
2020-12-12T07:01:19 0 0 경기78아1117 3 41 204000046 277103390 17 
2020-12-12T07:02:18 0 0 경기78아1178 3 37 204000046 206000554 46 
2020-12-12T07:02:18 0 0 경기70아7482 3 45 204000046 101000141 25 
2020-12-12T07:02:18 0 0 경기70아7361 3 40 204000046 102000070 35 
2020-12-12T07:02:18 0 0 경기77바1097 3 45 204000046 206000658 3 
2020-12-12T07:02:18 0 0 경기78아1117 3 41 204000046 277103390 17 
2020-12-12T07:03:17 0 0 경기78아1178 3 37 204000046 206000554 46 
2020-12-12T07:03:17 0 0 경기70아7482 3 45 204000046 101000141 25 
2020-12-12T07:03:17 0 0 경기77바1097 3 45 204000046 206000558 4 
2020-12-12T07:03:17 0 0 경기70아7361 3 40 204000046 102000070 35 
2020-12-12T07:03:17 0 0 경기78아1117 3 41 204000046 277103391 18 
2020-12-12T07:04:16 0 0 경기70아7482 3 45 204000046 101000264 26 
2020-12-12T07:04:16 0 0 경기70아7361 3 40 204000046 277103399 36 
2020-12-12T07:04:16 0 0 경기78아1178 3 37 204000046 206000556 48 
2020-12-12T07:04:16 0 0 경기77바1097 3 44 204000046 206000007 5 
2020-12-12T07:04:16 0 0 경기78아1117 3 41 204000046 277103391 18 
2020-12-12T07:05:15 0 0 경기70아7482 3 45 204000046 101000264 26 
2020-12-12T07:05:15 0 0 경기77바1097 3 44 204000046 206000006 6 
2020-12-12T07:05:15 0 0 경기70아7361 3 40 204000046 277103399 36 
2020-12-12T07:05:15 0 0 경기78아1178 3 38 204000046 206000015 49 
2020-12-12T07:05:15 0 0 경기78아1117 3 41 204000046 277103400 19 
2020-12-12T07:06:15 0 0 경기77바1097 3 44 204000046 206000006 6 
2020-12-12T07:06:15 0 0 경기70아7361 3 40 204000046 277103392 37 
2020-12-12T07:06:15 0 0 경기78아1178 3 39 204000046 206000014 50 
2020-12-12T07:06:15 0 0 경기70아7482 3 45 204000046 101000264 26 
2020-12-12T07:06:15 0 0 경기78아1117 3 41 204000046 277103400 19 
2020-12-12T07:07:14 0 0 경기70아7361 3 40 204000046 277103392 37 
2020-12-12T07:07:14 0 0 경기78아1178 3 39 204000046 206000014 50 
2020-12-12T07:07:14 0 0 경기70아7482 3 45 204000046 101000005 27 
2020-12-12T07:07:14 0 0 경기77바1097 3 44 204000046 206000005 7 
2020-12-12T07:07:14 0 0 경기78아1117 3 41 204000046 277103400 19 
2020-12-12T07:08:13 0 0 경기70아7361 3 40 204000046 277103392 37 
2020-12-12T07:08:13 0 0 경기78아1178 3 39 204000046 206000014 50 
2020-12-12T07:08:13 0 0 경기70아7482 3 45 204000046 101000005 27 
2020-12-12T07:08:13 0 0 경기77바1097 3 44 204000046 206000005 7 
2020-12-12T07:08:13 0 0 경기78아1117 3 41 204000046 277103400 19 
2020-12-12T07:09:12 0 0 경기70아7482 3 45 204000046 101000005 27 
2020-12-12T07:09:12 0 0 경기77바1097 3 42 204000046 206000004 8 
2020-12-12T07:09:12 0 0 경기78아1178 3 39 204000046 206000012 53 
2020-12-12T07:09:12 0 0 경기70아7361 3 40 204000046 277103387 39 
2020-12-12T07:09:12 0 0 경기78아1117 3 43 204000046 102000069 20 
2020-12-12T07:10:12 0 0 경기70아7361 3 40 204000046 277103387 39 
2020-12-12T07:10:12 0 0 경기77바1097 3 42 204000046 206000004 8 
2020-12-12T07:10:12 0 0 경기70아7482 3 45 204000046 101000026 29 
2020-12-12T07:10:12 0 0 경기78아1117 3 43 204000046 277104180 21 
2020-12-12T07:11:11 0 0 경기70아7361 3 40 204000046 277103387 39 
2020-12-12T07:11:11 0 0 경기77바1097 3 42 204000046 206000004 8 
2020-12-12T07:11:11 0 0 경기70아7482 3 45 204000046 101000026 29 
2020-12-12T07:11:11 0 0 경기78아1117 3 43 204000046 277104180 21 
2020-12-12T07:12:10 0 0 경기70아7361 3 40 204000046 277104178 40 
2020-12-12T07:12:10 0 0 경기77바1097 3 42 204000046 206000003 10 
2020-12-12T07:12:10 0 0 경기70아7482 3 45 204000046 101000026 29 
2020-12-12T07:12:10 0 0 경기78아1117 3 43 204000046 277104186 22 
2020-12-12T07:13:09 0 0 경기70아7361 3 40 204000046 277103440 41 
2020-12-12T07:13:09 0 0 경기70아7482 3 45 204000046 277102114 30 
2020-12-12T07:13:09 0 0 경기77바1097 3 40 204000046 206000002 11 
2020-12-12T07:13:09 0 0 경기78아1117 3 43 204000046 277104186 22 
2020-12-12T07:14:08 0 0 경기70아7361 3 40 204000046 277103678 42 
2020-12-12T07:14:08 0 0 경기77바1097 3 39 204000046 206000002 11 
2020-12-12T07:14:08 0 0 경기70아7482 3 44 204000046 101000148 31 
2020-12-12T07:14:08 0 0 경기78아1117 3 44 204000046 101000292 23 
2020-12-12T07:15:08 0 0 경기77바1097 3 39 204000046 206000002 11 
2020-12-12T07:15:08 0 0 경기70아7482 3 44 204000046 101000148 31 
2020-12-12T07:15:08 0 0 경기70아7361 3 40 204000046 277103678 42 
2020-12-12T07:15:08 0 0 경기78아1117 3 44 204000046 100000001 24 
2020-12-12T07:16:07 0 0 경기70아7482 3 44 204000046 101000001 32 
2020-12-12T07:16:07 0 0 경기70아7361 3 40 204000046 277103148 43 
2020-12-12T07:16:07 0 0 경기77바1097 3 39 204000046 206000002 11 
2020-12-12T07:16:07 0 0 경기78아1117 3 44 204000046 100000001 24 
2020-12-12T07:17:06 0 0 경기70아7482 3 44 204000046 101000001 32 
2020-12-12T07:17:06 0 0 경기77바1097 3 39 204000046 277103149 12 
2020-12-12T07:17:06 0 0 경기70아7361 3 40 204000046 277103148 43 
2020-12-12T07:17:06 0 0 경기78아1117 3 44 204000046 101000141 25 
2020-12-12T07:18:05 0 0 경기77바1097 3 39 204000046 277103149 12 
2020-12-12T07:18:05 0 0 경기70아7361 3 41 204000046 206000018 44 
2020-12-12T07:18:05 0 0 경기70아7482 3 44 204000046 277104181 33 
2020-12-12T07:18:05 0 0 경기78아1117 3 44 204000046 101000141 25 
2020-12-12T07:19:04 0 0 경기70아7482 3 44 204000046 277104181 33 
2020-12-12T07:19:04 0 0 경기77바1097 3 39 204000046 277103679 13 
2020-12-12T07:19:04 0 0 경기70아7361 3 41 204000046 206000554 46 
2020-12-12T07:19:04 0 0 경기78아1117 3 44 204000046 101000141 25 
2020-12-12T07:20:04 0 0 경기77바1097 3 39 204000046 277103679 13 
2020-12-12T07:20:04 0 0 경기70아7361 3 41 204000046 206000554 46 
2020-12-12T07:20:04 0 0 경기70아7482 3 44 204000046 277104179 34 
2020-12-12T07:20:04 0 0 경기78아1117 3 44 204000046 101000141 25 
2020-12-12T07:21:03 0 0 경기77바1097 3 39 204000046 277103441 14 
2020-12-12T07:21:03 0 0 경기70아7482 3 44 204000046 102000070 35 
2020-12-12T07:21:03 0 0 경기70아8789 3 44 204000046 206000009 2 
2020-12-12T07:21:03 0 0 경기70아7361 3 41 204000046 206000016 47 
2020-12-12T07:21:03 0 0 경기78아1117 3 44 204000046 101000264 26 
2020-12-12T07:22:02 0 0 경기70아8789 3 44 204000046 206000658 3 
2020-12-12T07:22:02 0 0 경기77바1097 3 39 204000046 277104177 15 
2020-12-12T07:22:02 0 0 경기70아7482 3 42 204000046 102000070 35 
2020-12-12T07:22:02 0 0 경기70아7361 3 41 204000046 206000556 48 
2020-12-12T07:22:02 0 0 경기78아1117 3 44 204000046 101000264 26 
2020-12-12T07:23:01 0 0 경기70아8789 3 44 204000046 206000658 3 
2020-12-12T07:23:01 0 0 경기77바1097 3 39 204000046 277104177 15 
2020-12-12T07:23:01 0 0 경기70아7361 3 41 204000046 206000556 48 
2020-12-12T07:23:01 0 0 경기70아7482 3 42 204000046 102000070 35 
2020-12-12T07:23:01 0 0 경기78아1117 3 44 204000046 101000264 26 
2020-12-12T07:24:01 0 0 경기70아7361 3 42 204000046 206000015 49 
2020-12-12T07:24:01 0 0 경기70아8789 3 44 204000046 206000558 4 
2020-12-12T07:24:01 0 0 경기70아7482 3 42 204000046 102000070 35 
2020-12-12T07:24:01 0 0 경기77바1097 3 39 204000046 277104177 15 
2020-12-12T07:24:01 0 0 경기78아1117 3 44 204000046 101000264 26 
2020-12-12T07:25:00 0 0 경기77바1097 3 39 204000046 277103388 16 
2020-12-12T07:25:00 0 0 경기70아8789 3 44 204000046 206000006 6 
2020-12-12T07:25:00 0 0 경기70아7482 3 42 204000046 277103399 36 
2020-12-12T07:25:00 0 0 경기70아7361 3 44 204000046 206000014 50 
2020-12-12T07:25:00 0 0 경기78아1117 3 44 204000046 101000264 26 
2020-12-12T07:25:59 0 0 경기77바1097 3 39 204000046 277103390 17 
2020-12-12T07:25:59 0 0 경기70아8789 3 44 204000046 206000005 7 
2020-12-12T07:25:59 0 0 경기70아7482 3 42 204000046 277103392 37 
2020-12-12T07:25:59 0 0 경기70아7361 3 44 204000046 206000557 51 
2020-12-12T07:25:59 0 0 경기78아1117 3 44 204000046 101000264 26 
2020-12-12T07:26:58 0 0 경기70아8789 3 44 204000046 206000005 7 
2020-12-12T07:26:58 0 0 경기70아7482 3 42 204000046 277103392 37 
2020-12-12T07:26:58 0 0 경기70아7361 3 44 204000046 206000657 52 
2020-12-12T07:26:58 0 0 경기77바1097 3 39 204000046 277103391 18 
2020-12-12T07:26:58 0 0 경기78아1117 3 44 204000046 101000264 26 
2020-12-12T07:27:57 0 0 경기70아7482 3 42 204000046 277103392 37 
2020-12-12T07:27:57 0 0 경기70아7361 3 44 204000046 206000657 52 
2020-12-12T07:27:57 0 0 경기77바1097 3 39 204000046 277103391 18 
2020-12-12T07:27:57 0 0 경기70아8789 3 44 204000046 206000005 7 
2020-12-12T07:27:57 0 0 경기78아1117 3 43 204000046 101000005 27 
2020-12-12T07:28:57 0 0 경기70아7482 3 42 204000046 277103389 38 
2020-12-12T07:28:57 0 0 경기70아8789 3 44 204000046 206000004 8 
2020-12-12T07:28:57 0 0 경기77바1097 3 39 204000046 277103391 18 
2020-12-12T07:28:57 0 0 경기70아7361 3 45 204000046 206000470 54 
2020-12-12T07:28:57 0 0 경기78아1117 3 43 204000046 101000005 27 
2020-12-12T07:29:56 0 0 경기70아8789 3 42 204000046 206000003 10 
2020-12-12T07:29:56 0 0 경기77바1097 3 39 204000046 277103400 19 
2020-12-12T07:29:56 0 0 경기70아7482 3 42 204000046 277103387 39 
2020-12-12T07:29:56 0 0 경기78아1117 3 43 204000046 101000026 29 
2020-12-12T07:30:55 0 0 경기77바1097 3 39 204000046 277103400 19 
2020-12-12T07:30:55 0 0 경기70아8789 3 42 204000046 206000002 11 
2020-12-12T07:30:55 0 0 경기70아7482 3 42 204000046 277104178 40 
2020-12-12T07:30:55 0 0 경기78아1117 3 43 204000046 277102114 30 
2020-12-12T07:31:54 0 0 경기77바1097 3 39 204000046 277103400 19 
2020-12-12T07:31:54 0 0 경기70아8789 3 42 204000046 206000002 11 
2020-12-12T07:31:54 0 0 경기70아7482 3 42 204000046 277104178 40 
2020-12-12T07:31:54 0 0 경기78아1117 3 43 204000046 277102114 30 
2020-12-12T07:32:53 0 0 경기70아7482 3 42 204000046 277103440 41 
2020-12-12T07:32:53 0 0 경기70아8789 3 42 204000046 206000002 11 
2020-12-12T07:32:53 0 0 경기77바1097 3 41 204000046 102000069 20 
2020-12-12T07:32:53 0 0 경기78아1117 3 43 204000046 101000148 31 
2020-12-12T07:33:53 0 0 경기70아7482 3 42 204000046 277103440 41 
2020-12-12T07:33:53 0 0 경기70아8789 3 42 204000046 206000002 11 
2020-12-12T07:33:53 0 0 경기77바1097 3 41 204000046 102000069 20 
2020-12-12T07:33:53 0 0 경기78아1117 3 43 204000046 101000148 31 
2020-12-12T07:34:52 0 0 경기77바1097 3 41 204000046 277104180 21 
2020-12-12T07:34:52 0 0 경기70아7482 3 42 204000046 277103678 42 
2020-12-12T07:34:52 0 0 경기70아8789 3 42 204000046 277103149 12 
2020-12-12T07:34:52 0 0 경기78아1117 3 43 204000046 101000001 32 
2020-12-12T07:35:51 0 0 경기77바1097 3 41 204000046 277104180 21 
2020-12-12T07:35:51 0 0 경기70아8789 3 42 204000046 277103149 12 
2020-12-12T07:35:51 0 0 경기70아7482 3 42 204000046 277103678 42 
2020-12-12T07:35:51 0 0 경기78아1117 3 42 204000046 101000001 32 
2020-12-12T07:36:50 0 0 경기70아8789 3 42 204000046 277103149 12 
2020-12-12T07:36:50 0 0 경기70아7482 3 42 204000046 277103148 43 
2020-12-12T07:36:50 0 0 경기77바1097 3 41 204000046 277104186 22 
2020-12-12T07:36:50 0 0 경기78아1117 3 42 204000046 101000001 32 
2020-12-12T07:37:49 0 0 경기70아8789 3 42 204000046 277103679 13 
2020-12-12T07:37:49 0 0 경기77바1097 3 41 204000046 277104186 22 
2020-12-12T07:37:49 0 0 경기70아7482 3 42 204000046 206000018 44 
2020-12-12T07:37:49 0 0 경기78아1117 3 42 204000046 277104181 33 
2020-12-12T07:38:49 0 0 경기70아8789 3 42 204000046 277103679 13 
2020-12-12T07:38:49 0 0 경기77바1097 3 41 204000046 277104186 22 
2020-12-12T07:38:49 0 0 경기70아7482 3 42 204000046 206000017 45 
2020-12-12T07:38:49 0 0 경기78아1117 3 42 204000046 277104181 33 
2020-12-12T07:39:48 0 0 경기77바1097 3 41 204000046 277104186 22 
2020-12-12T07:39:48 0 0 경기70아7482 3 43 204000046 206000554 46 
2020-12-12T07:39:48 0 0 경기70아8789 3 42 204000046 277104177 15 
2020-12-12T07:39:48 0 0 경기78아1117 3 42 204000046 102000070 35 
2020-12-12T07:40:47 0 0 경기70아8789 3 42 204000046 277104177 15 
2020-12-12T07:40:47 0 0 경기77바1097 3 42 204000046 100000001 24 
2020-12-12T07:40:47 0 0 경기70아7482 3 43 204000046 206000554 46 
2020-12-12T07:40:47 0 0 경기70아8601 3 44 204000046 206000009 2 
2020-12-12T07:40:47 0 0 경기78아1117 3 41 204000046 102000070 35 
2020-12-12T07:41:46 0 0 경기70아8601 3 44 204000046 206000658 3 
2020-12-12T07:41:46 0 0 경기70아7482 3 43 204000046 206000016 47 
2020-12-12T07:41:46 0 0 경기77바1097 3 42 204000046 100000001 24 
2020-12-12T07:41:46 0 0 경기70아8789 3 42 204000046 277104177 15 
2020-12-12T07:41:46 0 0 경기78아1117 3 41 204000046 102000070 35 
2020-12-12T07:42:46 0 0 경기70아8789 3 42 204000046 277103388 16 
2020-12-12T07:42:46 0 0 경기70아7482 3 44 204000046 206000556 48 
2020-12-12T07:42:46 0 0 경기70아8601 3 44 204000046 206000558 4 
2020-12-12T07:42:46 0 0 경기77바1097 3 42 204000046 100000001 24 
2020-12-12T07:42:46 0 0 경기78아1117 3 41 204000046 102000070 35 
2020-12-12T07:43:45 0 0 경기70아7482 3 44 204000046 206000556 48 
2020-12-12T07:43:45 0 0 경기70아8601 3 44 204000046 206000007 5 
2020-12-12T07:43:45 0 0 경기77바1097 3 44 204000046 101000141 25 
2020-12-12T07:43:45 0 0 경기70아8789 3 42 204000046 277103390 17 
2020-12-12T07:43:45 0 0 경기78아1117 3 41 204000046 102000070 35 
2020-12-12T07:44:44 0 0 경기77바1097 3 44 204000046 101000141 25 
2020-12-12T07:44:44 0 0 경기70아8789 3 42 204000046 277103390 17 
2020-12-12T07:44:44 0 0 경기70아8601 3 44 204000046 206000006 6 
2020-12-12T07:44:44 0 0 경기70아7482 3 45 204000046 206000015 49 
2020-12-12T07:44:44 0 0 경기78아1117 3 41 204000046 277103399 36 
2020-12-12T07:45:43 0 0 경기77바1097 3 44 204000046 101000141 25 
2020-12-12T07:45:43 0 0 경기70아8789 3 42 204000046 277103390 17 
2020-12-12T07:45:43 0 0 경기70아8601 3 44 204000046 206000006 6 
2020-12-12T07:45:43 0 0 경기70아7482 3 45 204000046 206000014 50 
2020-12-12T07:45:43 0 0 경기78아1117 3 41 204000046 277103399 36 
2020-12-12T07:46:42 0 0 경기70아8601 3 44 204000046 206000005 7 
2020-12-12T07:46:42 0 0 경기70아8789 3 42 204000046 277103391 18 
2020-12-12T07:46:42 0 0 경기77바1097 3 44 204000046 101000141 25 
2020-12-12T07:46:42 0 0 경기70아7482 3 45 204000046 206000657 52 
2020-12-12T07:46:42 0 0 경기78아1117 3 41 204000046 277103392 37 
2020-12-12T07:47:42 0 0 경기70아8789 3 42 204000046 277103391 18 
2020-12-12T07:47:42 0 0 경기70아7482 3 45 204000046 206000657 52 
2020-12-12T07:47:42 0 0 경기77바1097 3 44 204000046 101000141 25 
2020-12-12T07:47:42 0 0 경기70아8601 3 44 204000046 206000005 7 
2020-12-12T07:47:42 0 0 경기78아1117 3 41 204000046 277103392 37 
2020-12-12T07:48:41 0 0 경기77바1097 3 45 204000046 101000264 26 
2020-12-12T07:48:41 0 0 경기70아8601 3 43 204000046 206000004 8 
2020-12-12T07:48:41 0 0 경기70아8789 3 42 204000046 277103400 19 
2020-12-12T07:48:41 0 0 경기78아1117 3 41 204000046 277103389 38 
2020-12-12T07:49:40 0 0 경기77바1097 3 45 204000046 101000264 26 
2020-12-12T07:49:40 0 0 경기70아8789 3 42 204000046 277103400 19 
2020-12-12T07:49:40 0 0 경기70아8601 3 43 204000046 206000004 8 
2020-12-12T07:49:40 0 0 경기78아1117 3 41 204000046 277103389 38 
2020-12-12T07:50:39 0 0 경기77바1097 3 45 204000046 101000264 26 
2020-12-12T07:50:39 0 0 경기70아8789 3 42 204000046 102000069 20 
2020-12-12T07:50:39 0 0 경기70아8601 3 43 204000046 206000003 10 
2020-12-12T07:50:39 0 0 경기78아1117 3 41 204000046 277103387 39 
2020-12-12T07:51:38 0 0 경기70아8789 3 42 204000046 277104180 21 
2020-12-12T07:51:38 0 0 경기70아8601 3 42 204000046 206000003 10 
2020-12-12T07:51:38 0 0 경기77바1097 3 45 204000046 101000264 26 
2020-12-12T07:51:38 0 0 경기78아1117 3 41 204000046 277103387 39 
2020-12-12T07:52:37 0 0 경기70아8789 3 42 204000046 277104180 21 
2020-12-12T07:52:37 0 0 경기77바1097 3 40 204000046 101000005 27 
2020-12-12T07:52:37 0 0 경기70아8601 3 42 204000046 206000002 11 
2020-12-12T07:52:37 0 0 경기78아1117 3 41 204000046 277104178 40 
2020-12-12T07:53:37 0 0 경기77바1097 3 40 204000046 101000005 27 
2020-12-12T07:53:37 0 0 경기70아8789 3 42 204000046 277104186 22 
2020-12-12T07:53:37 0 0 경기70아8601 3 42 204000046 206000002 11 
2020-12-12T07:53:37 0 0 경기78아1117 3 41 204000046 277103440 41 
2020-12-12T07:54:36 0 0 경기70아8601 3 42 204000046 206000002 11 
2020-12-12T07:54:36 0 0 경기70아8789 3 42 204000046 277104186 22 
2020-12-12T07:54:36 0 0 경기77바1097 3 40 204000046 101000026 29 
2020-12-12T07:54:36 0 0 경기78아1117 3 41 204000046 277103440 41 
2020-12-12T07:55:35 0 0 경기70아8789 3 42 204000046 101000292 23 
2020-12-12T07:55:35 0 0 경기70아8601 3 42 204000046 277103149 12 
2020-12-12T07:55:35 0 0 경기77바1097 3 39 204000046 101000026 29 
2020-12-12T07:55:35 0 0 경기78아1117 3 41 204000046 277103678 42 
2020-12-12T07:56:34 0 0 경기70아8601 3 42 204000046 277103149 12 
2020-12-12T07:56:34 0 0 경기77바1097 3 39 204000046 277102114 30 
2020-12-12T07:56:34 0 0 경기70아8789 3 41 204000046 101000292 23 
2020-12-12T07:56:34 0 0 경기78아1117 3 41 204000046 277103678 42 
2020-12-12T07:57:34 0 0 경기77바1097 3 39 204000046 277102114 30 
2020-12-12T07:57:34 0 0 경기70아8789 3 41 204000046 100000001 24 
2020-12-12T07:57:34 0 0 경기70아8601 3 42 204000046 277103679 13 
2020-12-12T07:57:34 0 0 경기78아1117 3 41 204000046 277103148 43 
2020-12-12T07:58:33 0 0 경기70아8601 3 42 204000046 277103679 13 
2020-12-12T07:58:33 0 0 경기77바1097 3 34 204000046 101000148 31 
2020-12-12T07:58:33 0 0 경기70아8789 3 41 204000046 100000001 24 
2020-12-12T07:58:33 0 0 경기78아1117 3 42 204000046 277103148 43 
2020-12-12T07:59:32 0 0 경기77바1097 3 34 204000046 101000148 31 
2020-12-12T07:59:32 0 0 경기70아8789 3 41 204000046 100000001 24 
2020-12-12T07:59:32 0 0 경기70아8601 3 42 204000046 277103441 14 
2020-12-12T07:59:32 0 0 경기78아1117 3 42 204000046 206000018 44 
2020-12-12T08:00:31 0 0 경기70아8601 3 42 204000046 277103441 14 
2020-12-12T08:00:31 0 0 경기70아8789 3 42 204000046 101000141 25 
2020-12-12T08:00:31 0 0 경기77바1097 3 32 204000046 101000001 32 
2020-12-12T08:00:31 0 0 경기78아1117 3 42 204000046 206000017 45 
2020-12-12T08:01:30 0 0 경기77바1097 3 32 204000046 101000001 32 
2020-12-12T08:01:30 0 0 경기70아8601 3 42 204000046 277104177 15 
2020-12-12T08:01:30 0 0 경기70아8789 3 42 204000046 101000141 25 
2020-12-12T08:01:30 0 0 경기70아8880 3 41 204000046 206000009 2 
2020-12-12T08:01:30 0 0 경기78아1117 3 43 204000046 206000554 46 
2020-12-12T08:02:30 0 0 경기70아8789 3 42 204000046 101000141 25 
2020-12-12T08:02:30 0 0 경기70아8601 3 42 204000046 277103388 16 
2020-12-12T08:02:30 0 0 경기77바1097 3 32 204000046 101000001 32 
2020-12-12T08:02:30 0 0 경기78아1117 3 43 204000046 206000554 46 
2020-12-12T08:02:30 0 0 경기70아8880 3 41 204000046 206000658 3 
2020-12-12T08:03:29 0 0 경기70아8789 3 42 204000046 101000141 25 
2020-12-12T08:03:29 0 0 경기70아8601 3 42 204000046 277103388 16 
2020-12-12T08:03:29 0 0 경기77바1097 3 32 204000046 277104181 33 
2020-12-12T08:03:29 0 0 경기78아1117 3 43 204000046 206000554 46 
2020-12-12T08:03:29 0 0 경기70아8880 3 41 204000046 206000007 5 
2020-12-12T08:04:28 0 0 경기70아8789 3 42 204000046 101000141 25 
2020-12-12T08:04:28 0 0 경기77바1097 3 32 204000046 277104179 34 
2020-12-12T08:04:28 0 0 경기70아8601 3 42 204000046 277103390 17 
2020-12-12T08:04:28 0 0 경기70아8880 3 40 204000046 206000007 5 
2020-12-12T08:04:28 0 0 경기78아1117 3 44 204000046 206000556 48 
2020-12-12T08:05:27 0 0 경기70아8601 3 42 204000046 277103390 17 
2020-12-12T08:05:27 0 0 경기70아8789 3 42 204000046 101000264 26 
2020-12-12T08:05:27 0 0 경기77바1097 3 30 204000046 102000070 35 
2020-12-12T08:05:27 0 0 경기78아1117 3 44 204000046 206000556 48 
2020-12-12T08:05:27 0 0 경기70아8880 3 37 204000046 206000006 6 
2020-12-12T08:06:26 0 0 경기77바1097 3 30 204000046 102000070 35 
2020-12-12T08:06:26 0 0 경기70아8789 3 42 204000046 101000264 26 
2020-12-12T08:06:26 0 0 경기70아8601 3 42 204000046 277103391 18 
2020-12-12T08:06:26 0 0 경기78아1117 3 44 204000046 206000556 48 
2020-12-12T08:06:26 0 0 경기70아8880 3 37 204000046 206000006 6 
2020-12-12T08:07:26 0 0 경기70아8601 3 42 204000046 277103391 18 
2020-12-12T08:07:26 0 0 경기70아8789 3 42 204000046 101000264 26 
2020-12-12T08:07:26 0 0 경기77바1097 3 30 204000046 102000070 35 
2020-12-12T08:07:26 0 0 경기78아1117 3 44 204000046 206000014 50 
2020-12-12T08:07:26 0 0 경기70아8880 3 37 204000046 206000005 7 
2020-12-12T08:08:25 0 0 경기77바1097 3 30 204000046 102000070 35 
2020-12-12T08:08:25 0 0 경기70아8601 3 42 204000046 277103400 19 
2020-12-12T08:08:25 0 0 경기70아8789 3 42 204000046 101000005 27 
2020-12-12T08:08:25 0 0 경기70아8880 3 35 204000046 206000004 8 
2020-12-12T08:08:25 0 0 경기78아1117 3 44 204000046 206000557 51 
2020-12-12T08:09:24 0 0 경기70아8789 3 42 204000046 101000005 27 
2020-12-12T08:09:24 0 0 경기70아8601 3 42 204000046 277103400 19 
2020-12-12T08:09:24 0 0 경기77바1097 3 30 204000046 277103399 36 
2020-12-12T08:09:24 0 0 경기70아8880 3 35 204000046 206000004 8 
2020-12-12T08:09:24 0 0 경기78아1117 3 44 204000046 206000657 52 
2020-12-12T08:10:23 0 0 경기70아8601 3 42 204000046 277103400 19 
2020-12-12T08:10:23 0 0 경기70아8789 3 42 204000046 277101742 28 
2020-12-12T08:10:23 0 0 경기77바1097 3 30 204000046 277103399 36 
2020-12-12T08:10:23 0 0 경기70아8880 3 35 204000046 206000555 9 
2020-12-12T08:10:23 0 0 경기78아1117 3 44 204000046 206000470 54 
2020-12-12T08:11:22 0 0 경기77바1097 3 30 204000046 277103392 37 
2020-12-12T08:11:22 0 0 경기70아8789 3 42 204000046 101000026 29 
2020-12-12T08:11:22 0 0 경기70아8601 3 43 204000046 102000069 20 
2020-12-12T08:11:22 0 0 경기70아8880 3 33 204000046 206000003 10 
2020-12-12T08:12:22 0 0 경기70아8601 3 43 204000046 277104180 21 
2020-12-12T08:12:22 0 0 경기70아8789 3 42 204000046 277102114 30 
2020-12-12T08:12:22 0 0 경기77바1097 3 30 204000046 277103389 38 
2020-12-12T08:12:22 0 0 경기70아8880 3 33 204000046 206000003 10 
2020-12-12T08:13:21 0 0 경기70아8601 3 43 204000046 277104180 21 
2020-12-12T08:13:21 0 0 경기77바1097 3 30 204000046 277103389 38 
2020-12-12T08:13:21 0 0 경기70아8789 3 42 204000046 277102114 30 
2020-12-12T08:13:21 0 0 경기70아8880 3 33 204000046 206000002 11 
2020-12-12T08:14:20 0 0 경기70아8789 3 42 204000046 101000148 31 
2020-12-12T08:14:20 0 0 경기77바1097 3 30 204000046 277103387 39 
2020-12-12T08:14:20 0 0 경기70아8601 3 43 204000046 277104186 22 
2020-12-12T08:14:20 0 0 경기70아8880 3 33 204000046 206000002 11 
2020-12-12T08:15:19 0 0 경기70아8789 3 42 204000046 101000148 31 
2020-12-12T08:15:19 0 0 경기77바1097 3 30 204000046 277103387 39 
2020-12-12T08:15:19 0 0 경기70아8601 3 43 204000046 277104186 22 
2020-12-12T08:15:19 0 0 경기70아8880 3 33 204000046 206000002 11 
2020-12-12T08:16:19 0 0 경기77바1097 3 30 204000046 277104178 40 
2020-12-12T08:16:19 0 0 경기70아8601 3 43 204000046 101000292 23 
2020-12-12T08:16:19 0 0 경기70아8789 3 41 204000046 101000001 32 
2020-12-12T08:16:19 0 0 경기70아8880 3 33 204000046 277103149 12 
2020-12-12T08:17:18 0 0 경기70아8789 3 41 204000046 101000001 32 
2020-12-12T08:17:18 0 0 경기70아8601 3 44 204000046 101000292 23 
2020-12-12T08:17:18 0 0 경기77바1097 3 30 204000046 277103440 41 
2020-12-12T08:17:18 0 0 경기70아8880 3 33 204000046 277103149 12 
2020-12-12T08:18:17 0 0 경기77바1097 3 30 204000046 277103440 41 
2020-12-12T08:18:17 0 0 경기70아8789 3 41 204000046 101000001 32 
2020-12-12T08:18:17 0 0 경기70아8601 3 44 204000046 100000001 24 
2020-12-12T08:18:17 0 0 경기70아8880 3 33 204000046 277103679 13 
2020-12-12T08:19:16 0 0 경기77바1097 3 30 204000046 277103678 42 
2020-12-12T08:19:16 0 0 경기70아8601 3 44 204000046 100000001 24 
2020-12-12T08:19:16 0 0 경기70아8789 3 41 204000046 277104181 33 
2020-12-12T08:19:16 0 0 경기70아8880 3 33 204000046 277103679 13 
2020-12-12T08:20:15 0 0 경기77바1097 3 30 204000046 277103678 42 
2020-12-12T08:20:15 0 0 경기70아8601 3 44 204000046 100000001 24 
2020-12-12T08:20:15 0 0 경기70아8789 3 41 204000046 277104181 33 
2020-12-12T08:20:15 0 0 경기70아8880 3 33 204000046 277103441 14 
2020-12-12T08:21:15 0 0 경기70아8601 3 44 204000046 101000141 25 
2020-12-12T08:21:15 0 0 경기77바1097 3 30 204000046 277103148 43 
2020-12-12T08:21:15 0 0 경기78아1178 3 39 204000046 206000009 2 
2020-12-12T08:21:15 0 0 경기70아8789 3 41 204000046 102000070 35 
2020-12-12T08:21:15 0 0 경기70아8880 3 33 204000046 277104177 15 
2020-12-12T08:22:14 0 0 경기78아1178 3 39 204000046 206000658 3 
2020-12-12T08:22:14 0 0 경기70아8789 3 39 204000046 102000070 35 
2020-12-12T08:22:14 0 0 경기70아8601 3 44 204000046 101000141 25 
2020-12-12T08:22:14 0 0 경기77바1097 3 30 204000046 206000018 44 
2020-12-12T08:22:14 0 0 경기70아8880 3 33 204000046 277104177 15 
2020-12-12T08:23:13 0 0 경기78아1178 3 39 204000046 206000658 3 
2020-12-12T08:23:13 0 0 경기70아8789 3 39 204000046 102000070 35 
2020-12-12T08:23:13 0 0 경기70아8601 3 44 204000046 101000141 25 
2020-12-12T08:23:13 0 0 경기77바1097 3 30 204000046 206000018 44 
2020-12-12T08:23:13 0 0 경기70아8880 3 33 204000046 277104177 15 
2020-12-12T08:24:12 0 0 경기78아1178 3 39 204000046 206000558 4 
2020-12-12T08:24:12 0 0 경기70아8601 3 44 204000046 101000141 25 
2020-12-12T08:24:12 0 0 경기77바1097 3 30 204000046 206000017 45 
2020-12-12T08:24:12 0 0 경기70아8789 3 39 204000046 277103399 36 
2020-12-12T08:24:12 0 0 경기70아8880 3 33 204000046 277103388 16 
2020-12-12T08:25:11 0 0 경기77바1097 3 32 204000046 206000554 46 
2020-12-12T08:25:11 0 0 경기70아8601 3 44 204000046 101000264 26 
2020-12-12T08:25:11 0 0 경기78아1178 3 37 204000046 206000005 7 
2020-12-12T08:25:11 0 0 경기70아8789 3 39 204000046 277103392 37 
2020-12-12T08:25:11 0 0 경기70아8880 3 33 204000046 277103390 17 
2020-12-12T08:26:10 0 0 경기70아8789 3 39 204000046 277103392 37 
2020-12-12T08:26:10 0 0 경기78아1178 3 37 204000046 206000005 7 
2020-12-12T08:26:10 0 0 경기70아8601 3 44 204000046 101000264 26 
2020-12-12T08:26:10 0 0 경기77바1097 3 33 204000046 206000016 47 
2020-12-12T08:26:10 0 0 경기70아8880 3 33 204000046 277103391 18 
2020-12-12T08:27:10 0 0 경기70아8789 3 39 204000046 277103389 38 
2020-12-12T08:27:10 0 0 경기77바1097 3 34 204000046 206000556 48 
2020-12-12T08:27:10 0 0 경기70아8601 3 43 204000046 101000005 27 
2020-12-12T08:27:10 0 0 경기78아1178 3 37 204000046 206000005 7 
2020-12-12T08:27:10 0 0 경기70아8880 3 33 204000046 277103391 18 
2020-12-12T08:28:09 0 0 경기70아8789 3 39 204000046 277103389 38 
2020-12-12T08:28:09 0 0 경기70아8601 3 43 204000046 101000005 27 
2020-12-12T08:28:09 0 0 경기77바1097 3 40 204000046 206000556 48 
2020-12-12T08:28:09 0 0 경기78아1178 3 37 204000046 206000555 9 
2020-12-12T08:28:09 0 0 경기70아8880 3 33 204000046 277103400 19 
2020-12-12T08:29:08 0 0 경기70아8789 3 39 204000046 277103389 38 
2020-12-12T08:29:08 0 0 경기70아8601 3 43 204000046 101000005 27 
2020-12-12T08:29:08 0 0 경기77바1097 3 40 204000046 206000556 48 
2020-12-12T08:29:08 0 0 경기78아1178 3 37 204000046 206000555 9 
2020-12-12T08:29:08 0 0 경기70아8880 3 33 204000046 277103400 19 
2020-12-12T08:30:07 0 0 경기70아8789 3 39 204000046 277103387 39 
2020-12-12T08:30:07 0 0 경기70아8601 3 43 204000046 101000026 29 
2020-12-12T08:30:07 0 0 경기78아1178 3 35 204000046 206000003 10 
2020-12-12T08:30:07 0 0 경기77바1097 3 41 204000046 206000556 48 
2020-12-12T08:30:07 0 0 경기70아8880 3 33 204000046 277103400 19 
2020-12-12T08:31:06 0 0 경기70아8789 3 39 204000046 277104178 40 
2020-12-12T08:31:06 0 0 경기78아1178 3 33 204000046 206000002 11 
2020-12-12T08:31:06 0 0 경기77바1097 3 45 204000046 206000015 49 
2020-12-12T08:31:06 0 0 경기70아8601 3 42 204000046 101000148 31 
2020-12-12T08:31:06 0 0 경기70아8880 3 33 204000046 277103400 19 
2020-12-12T08:32:06 0 0 경기78아1178 3 33 204000046 206000002 11 
2020-12-12T08:32:06 0 0 경기77바1097 3 45 204000046 206000015 49 
2020-12-12T08:32:06 0 0 경기70아8789 3 39 204000046 277103440 41 
2020-12-12T08:32:06 0 0 경기70아8601 3 42 204000046 101000148 31 
2020-12-12T08:32:06 0 0 경기70아8880 3 33 204000046 277103400 19 
2020-12-12T08:33:05 0 0 경기78아1178 3 33 204000046 206000002 11 
2020-12-12T08:33:05 0 0 경기70아8601 3 42 204000046 101000001 32 
2020-12-12T08:33:05 0 0 경기77바1097 3 45 204000046 206000557 51 
2020-12-12T08:33:05 0 0 경기70아8789 3 39 204000046 277103678 42 
2020-12-12T08:33:05 0 0 경기70아8880 3 35 204000046 277104180 21 
2020-12-12T08:34:04 0 0 경기78아1178 3 33 204000046 206000002 11 
2020-12-12T08:34:04 0 0 경기70아8601 3 42 204000046 101000001 32 
2020-12-12T08:34:04 0 0 경기77바1097 3 45 204000046 206000557 51 
2020-12-12T08:34:04 0 0 경기70아8789 3 39 204000046 277103678 42 
2020-12-12T08:34:04 0 0 경기70아8880 3 35 204000046 277104180 21 
2020-12-12T08:35:03 0 0 경기70아8601 3 42 204000046 101000001 32 
2020-12-12T08:35:03 0 0 경기78아1178 3 33 204000046 277103149 12 
2020-12-12T08:35:03 0 0 경기77바1097 3 45 204000046 206000470 54 
2020-12-12T08:35:03 0 0 경기70아8789 3 39 204000046 277103148 43 
2020-12-12T08:35:03 0 0 경기70아8880 3 35 204000046 277104186 22 
2020-12-12T08:36:02 0 0 경기78아1178 3 33 204000046 277103149 12 
2020-12-12T08:36:02 0 0 경기77바1097 3 45 204000046 206000470 54 
2020-12-12T08:36:02 0 0 경기70아8789 3 39 204000046 277103148 43 
2020-12-12T08:36:02 0 0 경기70아8601 3 42 204000046 277104181 33 
2020-12-12T08:36:02 0 0 경기70아8880 3 35 204000046 277104186 22 
2020-12-12T08:37:02 0 0 경기77바1097 3 45 204000046 206000470 54 
2020-12-12T08:37:02 0 0 경기70아8601 3 42 204000046 277104181 33 
2020-12-12T08:37:02 0 0 경기70아8789 3 39 204000046 277103148 43 
2020-12-12T08:37:02 0 0 경기78아1178 3 33 204000046 277103679 13 
2020-12-12T08:37:02 0 0 경기70아8880 3 35 204000046 277104186 22 
2020-12-12T08:38:01 0 0 경기77바1097 3 45 204000046 206000470 54 
2020-12-12T08:38:01 0 0 경기70아8601 3 42 204000046 102000070 35 
2020-12-12T08:38:01 0 0 경기78아1178 3 33 204000046 277103441 14 
2020-12-12T08:38:01 0 0 경기70아8789 3 39 204000046 206000017 45 
2020-12-12T08:38:01 0 0 경기70아8880 3 37 204000046 101000292 23 
2020-12-12T08:39:00 0 0 경기77바1097 3 45 204000046 206000470 54 
2020-12-12T08:39:00 0 0 경기78아1178 3 33 204000046 277103441 14 
2020-12-12T08:39:00 0 0 경기70아8601 3 41 204000046 102000070 35 
2020-12-12T08:39:00 0 0 경기70아8789 3 39 204000046 206000017 45 
2020-12-12T08:39:00 0 0 경기70아8880 3 37 204000046 101000292 23 
2020-12-12T08:39:59 0 0 경기77바1097 3 45 204000046 206000470 54 
2020-12-12T08:39:59 0 0 경기78아1178 3 33 204000046 277104177 15 
2020-12-12T08:39:59 0 0 경기70아8601 3 41 204000046 102000070 35 
2020-12-12T08:39:59 0 0 경기70아8789 3 41 204000046 206000556 48 
2020-12-12T08:39:59 0 0 경기70아8880 3 39 204000046 100000001 24 
2020-12-12T08:40:58 0 0 경기77바1097 3 45 204000046 206000470 54 
2020-12-12T08:40:58 0 0 경기70아8601 3 41 204000046 102000070 35 
2020-12-12T08:40:58 0 0 경기70아8789 3 41 204000046 206000556 48 
2020-12-12T08:40:58 0 0 경기78아1178 3 33 204000046 277104177 15 
2020-12-12T08:40:58 0 0 경기70아8880 3 39 204000046 100000001 24 
2020-12-12T08:41:58 0 0 경기77바1097 3 45 204000046 206000470 54 
2020-12-12T08:41:58 0 0 경기78아1178 3 33 204000046 277103388 16 
2020-12-12T08:41:58 0 0 경기70아8601 3 41 204000046 277103399 36 
2020-12-12T08:41:58 0 0 경기70아7361 3 45 204000046 206000009 2 
2020-12-12T08:41:58 0 0 경기70아8789 3 43 204000046 206000015 49 
2020-12-12T08:41:58 0 0 경기70아8880 3 39 204000046 101000141 25 
2020-12-12T08:42:57 0 0 경기77바1097 3 45 204000046 206000470 54 
2020-12-12T08:42:57 0 0 경기70아8601 3 41 204000046 277103392 37 
2020-12-12T08:42:57 0 0 경기78아1178 3 33 204000046 277103390 17 
2020-12-12T08:42:57 0 0 경기70아7361 3 45 204000046 206000558 4 
2020-12-12T08:42:57 0 0 경기70아8789 3 43 204000046 206000014 50 
2020-12-12T08:42:57 0 0 경기70아8880 3 39 204000046 101000264 26 
2020-12-12T08:43:56 0 0 경기77바1097 3 45 204000046 206000470 54 
2020-12-12T08:43:56 0 0 경기70아8601 3 41 204000046 277103392 37 
2020-12-12T08:43:56 0 0 경기70아7361 3 45 204000046 206000558 4 
2020-12-12T08:43:56 0 0 경기78아1178 3 33 204000046 277103390 17 
2020-12-12T08:43:56 0 0 경기70아8789 3 43 204000046 206000557 51 
2020-12-12T08:43:56 0 0 경기70아8880 3 39 204000046 101000264 26 
2020-12-12T08:44:55 0 0 경기77바1097 3 45 204000046 206000470 54 
2020-12-12T08:44:55 0 0 경기70아7361 3 45 204000046 206000558 4 
2020-12-12T08:44:55 0 0 경기70아8601 3 41 204000046 277103389 38 
2020-12-12T08:44:55 0 0 경기78아1178 3 33 204000046 277103391 18 
2020-12-12T08:44:55 0 0 경기70아8789 3 43 204000046 206000470 54 
2020-12-12T08:44:55 0 0 경기70아8880 3 39 204000046 101000264 26 
2020-12-12T08:45:54 0 0 경기77바1097 3 45 204000046 206000470 54 
2020-12-12T08:45:54 0 0 경기78아1178 3 33 204000046 277103391 18 
2020-12-12T08:45:54 0 0 경기70아7361 3 45 204000046 206000558 4 
2020-12-12T08:45:54 0 0 경기70아8601 3 41 204000046 277103389 38 
2020-12-12T08:45:54 0 0 경기70아8880 3 40 204000046 101000264 26 
2020-12-12T08:46:54 0 0 경기77바1097 3 45 204000046 206000470 54 
2020-12-12T08:46:54 0 0 경기70아8601 3 41 204000046 277103387 39 
2020-12-12T08:46:54 0 0 경기78아1178 3 33 204000046 277103391 18 
2020-12-12T08:46:54 0 0 경기70아7361 3 41 204000046 206000007 5 
2020-12-12T08:46:54 0 0 경기70아8880 3 40 204000046 101000005 27 
2020-12-12T08:47:53 0 0 경기77바1097 3 45 204000046 206000470 54 
2020-12-12T08:47:53 0 0 경기70아8601 3 41 204000046 277104178 40 
2020-12-12T08:47:53 0 0 경기78아1178 3 33 204000046 277103400 19 
2020-12-12T08:47:53 0 0 경기70아7361 3 40 204000046 206000006 6 
2020-12-12T08:47:53 0 0 경기70아8880 3 40 204000046 277101742 28 
2020-12-12T08:48:52 0 0 경기77바1097 3 45 204000046 206000470 54 
2020-12-12T08:48:52 0 0 경기70아7361 3 40 204000046 206000006 6 
2020-12-12T08:48:52 0 0 경기70아8601 3 41 204000046 277103440 41 
2020-12-12T08:48:52 0 0 경기78아1178 3 33 204000046 277103400 19 
2020-12-12T08:48:52 0 0 경기70아8880 3 39 204000046 101000026 29 
2020-12-12T08:49:51 0 0 경기77바1097 3 45 204000046 206000470 54 
2020-12-12T08:49:51 0 0 경기70아7361 3 40 204000046 206000005 7 
2020-12-12T08:49:51 0 0 경기78아1178 3 34 204000046 102000069 20 
2020-12-12T08:49:51 0 0 경기70아8601 3 41 204000046 277103678 42 
2020-12-12T08:49:51 0 0 경기70아8880 3 39 204000046 101000026 29 
2020-12-12T08:50:50 0 0 경기70아8601 3 41 204000046 277103678 42 
2020-12-12T08:50:50 0 0 경기70아7361 3 40 204000046 206000004 8 
2020-12-12T08:50:50 0 0 경기78아1178 3 36 204000046 102000069 20 
2020-12-12T08:50:50 0 0 경기70아8880 3 39 204000046 277102114 30 
2020-12-12T08:51:50 0 0 경기70아7361 3 38 204000046 206000004 8 
2020-12-12T08:51:50 0 0 경기78아1178 3 36 204000046 277104180 21 
2020-12-12T08:51:50 0 0 경기70아8601 3 41 204000046 277103148 43 
2020-12-12T08:51:50 0 0 경기70아8880 3 39 204000046 101000148 31 
2020-12-12T08:52:49 0 0 경기70아7361 3 38 204000046 206000004 8 
2020-12-12T08:52:49 0 0 경기78아1178 3 36 204000046 277104180 21 
2020-12-12T08:52:49 0 0 경기70아8601 3 41 204000046 277103148 43 
2020-12-12T08:52:49 0 0 경기70아8880 3 39 204000046 101000148 31 
2020-12-12T08:53:48 0 0 경기70아8601 3 42 204000046 206000018 44 
2020-12-12T08:53:48 0 0 경기78아1178 3 36 204000046 277104186 22 
2020-12-12T08:53:48 0 0 경기70아7361 3 38 204000046 206000002 11 
2020-12-12T08:53:48 0 0 경기70아8880 3 39 204000046 101000001 32 
2020-12-12T08:54:47 0 0 경기70아8601 3 42 204000046 206000018 44 
2020-12-12T08:54:47 0 0 경기78아1178 3 36 204000046 277104186 22 
2020-12-12T08:54:47 0 0 경기70아7361 3 38 204000046 206000002 11 
2020-12-12T08:54:47 0 0 경기70아8880 3 39 204000046 101000001 32 
2020-12-12T08:55:46 0 0 경기78아1178 3 36 204000046 277104186 22 
2020-12-12T08:55:46 0 0 경기70아7361 3 38 204000046 206000002 11 
2020-12-12T08:55:46 0 0 경기70아8601 3 43 204000046 206000017 45 
2020-12-12T08:55:46 0 0 경기70아8880 3 39 204000046 277104181 33 
2020-12-12T08:56:46 0 0 경기70아7361 3 38 204000046 206000002 11 
2020-12-12T08:56:46 0 0 경기78아1178 3 38 204000046 101000292 23 
2020-12-12T08:56:46 0 0 경기70아8601 3 43 204000046 206000017 45 
2020-12-12T08:56:46 0 0 경기70아8880 3 39 204000046 277104181 33 
2020-12-12T08:57:45 0 0 경기70아8601 3 44 204000046 206000554 46 
2020-12-12T08:57:45 0 0 경기70아7361 3 38 204000046 206000002 11 
2020-12-12T08:57:45 0 0 경기78아1178 3 39 204000046 101000292 23 
2020-12-12T08:57:45 0 0 경기70아8880 3 39 204000046 102000070 35 
2020-12-12T08:58:44 0 0 경기70아8601 3 44 204000046 206000554 46 
2020-12-12T08:58:44 0 0 경기78아1178 3 39 204000046 100000001 24 
2020-12-12T08:58:44 0 0 경기70아7361 3 38 204000046 277103149 12 
2020-12-12T08:58:44 0 0 경기70아8880 3 38 204000046 102000070 35 
2020-12-12T08:59:43 0 0 경기70아8601 3 44 204000046 206000016 47 
2020-12-12T08:59:43 0 0 경기70아7361 3 38 204000046 277103149 12 
2020-12-12T08:59:43 0 0 경기78아1178 3 39 204000046 100000001 24 
2020-12-12T08:59:43 0 0 경기70아8880 3 38 204000046 102000070 35 
2020-12-12T09:00:42 0 0 경기70아8601 3 44 204000046 206000016 47 
2020-12-12T09:00:42 0 0 경기70아7361 3 38 204000046 277103679 13 
2020-12-12T09:00:42 0 0 경기78아1178 3 39 204000046 100000001 24 
2020-12-12T09:00:42 0 0 경기70아8880 3 38 204000046 102000070 35 
2020-12-12T09:01:42 0 0 경기70아8601 3 44 204000046 206000016 47 
2020-12-12T09:01:42 0 0 경기70아7361 3 38 204000046 277103679 13 
2020-12-12T09:01:42 0 0 경기78아1178 3 39 204000046 101000141 25 
2020-12-12T09:01:42 0 0 경기70아7482 3 44 204000046 206000009 2 
2020-12-12T09:01:42 0 0 경기70아8880 3 38 204000046 277103399 36 
2020-12-12T09:02:41 0 0 경기70아8601 3 44 204000046 206000016 47 
2020-12-12T09:02:41 0 0 경기70아7361 3 38 204000046 277103441 14 
2020-12-12T09:02:41 0 0 경기70아7482 3 44 204000046 206000658 3 
2020-12-12T09:02:41 0 0 경기78아1178 3 39 204000046 101000141 25 
2020-12-12T09:02:41 0 0 경기70아8880 3 38 204000046 277103399 36 
2020-12-12T09:03:40 0 0 경기70아8601 3 44 204000046 206000016 47 
2020-12-12T09:03:40 0 0 경기78아1178 3 39 204000046 101000264 26 
2020-12-12T09:03:40 0 0 경기70아7361 3 38 204000046 277104177 15 
2020-12-12T09:03:40 0 0 경기70아7482 3 44 204000046 206000007 5 
2020-12-12T09:03:40 0 0 경기70아8880 3 38 204000046 277103392 37 
2020-12-12T09:04:39 0 0 경기70아8601 3 44 204000046 206000016 47 
2020-12-12T09:04:39 0 0 경기78아1178 3 39 204000046 101000264 26 
2020-12-12T09:04:39 0 0 경기70아7482 3 42 204000046 206000006 6 
2020-12-12T09:04:39 0 0 경기70아7361 3 38 204000046 277103388 16 
2020-12-12T09:04:39 0 0 경기70아8880 3 38 204000046 277103389 38 
2020-12-12T09:05:38 0 0 경기70아8601 3 44 204000046 206000016 47 
2020-12-12T09:05:38 0 0 경기78아1178 3 39 204000046 101000264 26 
2020-12-12T09:05:38 0 0 경기70아7361 3 38 204000046 277103388 16 
2020-12-12T09:05:38 0 0 경기70아7482 3 40 204000046 206000006 6 
2020-12-12T09:05:38 0 0 경기70아8880 3 38 204000046 277103389 38 
2020-12-12T09:06:38 0 0 경기70아8601 3 44 204000046 206000016 47 
2020-12-12T09:06:38 0 0 경기78아1178 3 39 204000046 101000264 26 
2020-12-12T09:06:38 0 0 경기70아7482 3 40 204000046 206000006 6 
2020-12-12T09:06:38 0 0 경기70아7361 3 38 204000046 277103390 17 
2020-12-12T09:06:38 0 0 경기70아8880 3 38 204000046 277103387 39 
2020-12-12T09:07:37 0 0 경기70아8601 3 44 204000046 206000016 47 
2020-12-12T09:07:37 0 0 경기70아7361 3 38 204000046 277103390 17 
2020-12-12T09:07:37 0 0 경기70아7482 3 38 204000046 206000005 7 
2020-12-12T09:07:37 0 0 경기78아1178 3 39 204000046 101000005 27 
2020-12-12T09:07:37 0 0 경기70아8880 3 38 204000046 277104178 40 
2020-12-12T09:08:36 0 0 경기70아8601 3 44 204000046 206000016 47 
2020-12-12T09:08:36 0 0 경기70아7361 3 38 204000046 277103391 18 
2020-12-12T09:08:36 0 0 경기70아7482 3 38 204000046 206000004 8 
2020-12-12T09:08:36 0 0 경기78아1178 3 39 204000046 101000005 27 
2020-12-12T09:08:36 0 0 경기70아8880 3 38 204000046 277104178 40 
2020-12-12T09:09:35 0 0 경기70아8601 3 44 204000046 206000016 47 
2020-12-12T09:09:35 0 0 경기70아7482 3 38 204000046 206000004 8 
2020-12-12T09:09:35 0 0 경기78아1178 3 39 204000046 101000005 27 
2020-12-12T09:09:35 0 0 경기70아7361 3 38 204000046 277103391 18 
2020-12-12T09:09:35 0 0 경기70아8880 3 38 204000046 277103440 41 
2020-12-12T09:10:34 0 0 경기70아8601 3 44 204000046 206000016 47 
2020-12-12T09:10:34 0 0 경기70아7482 3 38 204000046 206000555 9 
2020-12-12T09:10:34 0 0 경기78아1178 3 38 204000046 101000026 29 
2020-12-12T09:10:34 0 0 경기70아7361 3 38 204000046 277103400 19 
2020-12-12T09:10:34 0 0 경기70아8880 3 38 204000046 277103678 42 
2020-12-12T09:11:34 0 0 경기70아8601 3 44 204000046 206000016 47 
2020-12-12T09:11:34 0 0 경기70아7482 3 38 204000046 206000003 10 
2020-12-12T09:11:34 0 0 경기70아7361 3 38 204000046 102000069 20 
2020-12-12T09:11:34 0 0 경기78아1178 3 38 204000046 101000026 29 
2020-12-12T09:11:34 0 0 경기70아8880 3 38 204000046 277103678 42 
2020-12-12T09:12:33 0 0 경기70아8601 3 44 204000046 206000016 47 
2020-12-12T09:12:33 0 0 경기70아7482 3 37 204000046 206000003 10 
2020-12-12T09:12:33 0 0 경기70아7361 3 38 204000046 277104180 21 
2020-12-12T09:12:33 0 0 경기78아1178 3 38 204000046 277102114 30 
2020-12-12T09:12:33 0 0 경기70아8880 3 38 204000046 277103148 43 
2020-12-12T09:13:32 0 0 경기70아8601 3 44 204000046 206000016 47 
2020-12-12T09:13:32 0 0 경기70아7361 3 38 204000046 277104180 21 
2020-12-12T09:13:32 0 0 경기78아1178 3 38 204000046 277102114 30 
2020-12-12T09:13:32 0 0 경기70아7482 3 37 204000046 206000002 11 
2020-12-12T09:13:32 0 0 경기70아8880 3 38 204000046 277103148 43 
2020-12-12T09:14:31 0 0 경기78아1178 3 38 204000046 101000148 31 
2020-12-12T09:14:31 0 0 경기70아7482 3 37 204000046 206000002 11 
2020-12-12T09:14:31 0 0 경기70아7361 3 39 204000046 277104186 22 
2020-12-12T09:14:31 0 0 경기70아8880 3 38 204000046 206000018 44 
2020-12-12T09:15:31 0 0 경기70아7482 3 37 204000046 206000002 11 
2020-12-12T09:15:31 0 0 경기78아1178 3 38 204000046 101000001 32 
2020-12-12T09:15:31 0 0 경기70아7361 3 39 204000046 277104186 22 
2020-12-12T09:15:31 0 0 경기70아8880 3 38 204000046 206000018 44 
2020-12-12T09:16:30 0 0 경기70아7361 3 39 204000046 277104186 22 
2020-12-12T09:16:30 0 0 경기70아7482 3 37 204000046 277103149 12 
2020-12-12T09:16:30 0 0 경기78아1178 3 37 204000046 101000001 32 
2020-12-12T09:16:30 0 0 경기70아8880 3 38 204000046 206000016 47 
2020-12-12T09:17:29 0 0 경기70아7482 3 37 204000046 277103149 12 
2020-12-12T09:17:29 0 0 경기78아1178 3 37 204000046 101000001 32 
2020-12-12T09:17:29 0 0 경기70아7361 3 39 204000046 100000001 24 
2020-12-12T09:17:29 0 0 경기70아8880 3 38 204000046 206000016 47 
2020-12-12T09:18:28 0 0 경기70아7482 3 37 204000046 277103149 12 
2020-12-12T09:18:28 0 0 경기70아7361 3 39 204000046 100000001 24 
2020-12-12T09:18:28 0 0 경기78아1178 3 37 204000046 277104181 33 
2020-12-12T09:18:28 0 0 경기70아8880 3 38 204000046 206000016 47 
2020-12-12T09:19:27 0 0 경기70아7361 3 39 204000046 100000001 24 
2020-12-12T09:19:27 0 0 경기78아1178 3 37 204000046 277104181 33 
2020-12-12T09:19:27 0 0 경기70아7482 3 37 204000046 277103679 13 
2020-12-12T09:19:27 0 0 경기70아8880 3 39 204000046 206000556 48 
2020-12-12T09:20:27 0 0 경기70아7482 3 37 204000046 277103679 13 
2020-12-12T09:20:27 0 0 경기70아7361 3 42 204000046 100000001 24 
2020-12-12T09:20:27 0 0 경기78아1178 3 37 204000046 277104181 33 
2020-12-12T09:20:27 0 0 경기70아8880 3 40 204000046 206000015 49 
2020-12-12T09:21:26 0 0 경기70아7361 3 42 204000046 100000001 24 
2020-12-12T09:21:26 0 0 경기70아7482 3 37 204000046 277103441 14 
2020-12-12T09:21:26 0 0 경기78아1178 3 37 204000046 277104179 34 
2020-12-12T09:21:26 0 0 경기70아8880 3 40 204000046 206000014 50 
2020-12-12T09:21:26 0 0 경기78아1117 3 44 204000046 206000009 2 
2020-12-12T09:22:25 0 0 경기70아7482 3 37 204000046 277104177 15 
2020-12-12T09:22:25 0 0 경기78아1178 3 36 204000046 102000070 35 
2020-12-12T09:22:25 0 0 경기70아7361 3 43 204000046 101000141 25 
2020-12-12T09:22:25 0 0 경기78아1117 3 43 204000046 206000658 3 
2020-12-12T09:22:25 0 0 경기70아8880 3 40 204000046 206000014 50 
2020-12-12T09:23:24 0 0 경기78아1178 3 36 204000046 102000070 35 
2020-12-12T09:23:24 0 0 경기70아7361 3 43 204000046 101000141 25 
2020-12-12T09:23:24 0 0 경기70아8601 3 44 204000046 206000556 48 
2020-12-12T09:23:24 0 0 경기70아7482 3 37 204000046 277104177 15 
2020-12-12T09:23:24 0 0 경기78아1117 3 41 204000046 206000558 4 
2020-12-12T09:23:24 0 0 경기70아8880 3 40 204000046 206000657 52 
2020-12-12T09:24:23 0 0 경기70아7482 3 37 204000046 277103388 16 
2020-12-12T09:24:23 0 0 경기78아1178 3 36 204000046 102000070 35 
2020-12-12T09:24:23 0 0 경기70아8601 3 44 204000046 206000556 48 
2020-12-12T09:24:23 0 0 경기70아7361 3 43 204000046 101000141 25 
2020-12-12T09:24:23 0 0 경기78아1117 3 41 204000046 206000007 5 
2020-12-12T09:24:23 0 0 경기70아8880 3 41 204000046 206000470 54 
2020-12-12T09:25:23 0 0 경기70아7482 3 37 204000046 277103388 16 
2020-12-12T09:25:23 0 0 경기70아8601 3 44 204000046 206000014 50 
2020-12-12T09:25:23 0 0 경기78아1178 3 36 204000046 102000070 35 
2020-12-12T09:25:23 0 0 경기70아7361 3 43 204000046 101000264 26 
2020-12-12T09:25:23 0 0 경기78아1117 3 36 204000046 206000006 6 
2020-12-12T09:26:22 0 0 경기70아7361 3 43 204000046 101000264 26 
2020-12-12T09:26:22 0 0 경기70아7482 3 37 204000046 277103390 17 
2020-12-12T09:26:22 0 0 경기78아1178 3 36 204000046 277103399 36 
2020-12-12T09:26:22 0 0 경기70아8601 3 44 204000046 206000657 52 
2020-12-12T09:26:22 0 0 경기78아1117 3 33 204000046 206000006 6 
2020-12-12T09:27:21 0 0 경기70아7361 3 43 204000046 101000264 26 
2020-12-12T09:27:21 0 0 경기70아7482 3 37 204000046 277103390 17 
2020-12-12T09:27:21 0 0 경기78아1178 3 36 204000046 277103399 36 
2020-12-12T09:27:21 0 0 경기70아8601 3 44 204000046 206000470 54 
2020-12-12T09:27:21 0 0 경기78아1117 3 33 204000046 206000005 7 
2020-12-12T09:28:20 0 0 경기70아7361 3 43 204000046 101000264 26 
2020-12-12T09:28:20 0 0 경기70아7482 3 37 204000046 277103391 18 
2020-12-12T09:28:20 0 0 경기78아1178 3 36 204000046 277103392 37 
2020-12-12T09:28:20 0 0 경기78아1117 3 31 204000046 206000004 8 
2020-12-12T09:29:19 0 0 경기78아1178 3 36 204000046 277103392 37 
2020-12-12T09:29:19 0 0 경기70아7361 3 43 204000046 101000264 26 
2020-12-12T09:29:19 0 0 경기70아7482 3 37 204000046 277103400 19 
2020-12-12T09:29:19 0 0 경기78아1117 3 31 204000046 206000004 8 
2020-12-12T09:30:19 0 0 경기78아1178 3 36 204000046 277103389 38 
2020-12-12T09:30:19 0 0 경기70아7482 3 37 204000046 277103400 19 
2020-12-12T09:30:19 0 0 경기70아7361 3 45 204000046 101000005 27 
2020-12-12T09:30:19 0 0 경기78아1117 3 31 204000046 206000004 8 
2020-12-12T09:31:18 0 0 경기70아7361 3 45 204000046 101000005 27 
2020-12-12T09:31:18 0 0 경기70아7482 3 37 204000046 277103400 19 
2020-12-12T09:31:18 0 0 경기78아1178 3 36 204000046 277103387 39 
2020-12-12T09:31:18 0 0 경기78아1117 3 30 204000046 206000003 10 
2020-12-12T09:32:17 0 0 경기78아1178 3 36 204000046 277103387 39 
2020-12-12T09:32:17 0 0 경기70아7482 3 38 204000046 102000069 20 
2020-12-12T09:32:17 0 0 경기70아7361 3 45 204000046 277101742 28 
2020-12-12T09:32:17 0 0 경기78아1117 3 28 204000046 206000003 10 
2020-12-12T09:33:16 0 0 경기78아1178 3 36 204000046 277104178 40 
2020-12-12T09:33:16 0 0 경기70아7361 3 45 204000046 101000026 29 
2020-12-12T09:33:16 0 0 경기70아7482 3 38 204000046 277104180 21 
2020-12-12T09:33:16 0 0 경기78아1117 3 28 204000046 206000002 11 
2020-12-12T09:34:15 0 0 경기70아7482 3 38 204000046 277104180 21 
2020-12-12T09:34:15 0 0 경기78아1178 3 36 204000046 277103440 41 
2020-12-12T09:34:15 0 0 경기70아7361 3 45 204000046 101000026 29 
2020-12-12T09:34:15 0 0 경기78아1117 3 28 204000046 206000002 11 
2020-12-12T09:35:15 0 0 경기70아7482 3 38 204000046 277104180 21 
2020-12-12T09:35:15 0 0 경기78아1178 3 36 204000046 277103440 41 
2020-12-12T09:35:15 0 0 경기70아7361 3 45 204000046 101000026 29 
2020-12-12T09:35:15 0 0 경기78아1117 3 28 204000046 206000002 11 
2020-12-12T09:36:14 0 0 경기78아1178 3 36 204000046 277103678 42 
2020-12-12T09:36:14 0 0 경기70아7482 3 38 204000046 277104186 22 
2020-12-12T09:36:14 0 0 경기70아7361 3 45 204000046 101000148 31 
2020-12-12T09:36:14 0 0 경기78아1117 3 28 204000046 206000002 11 
2020-12-12T09:37:13 0 0 경기78아1178 3 36 204000046 277103678 42 
2020-12-12T09:37:13 0 0 경기70아7482 3 38 204000046 277104186 22 
2020-12-12T09:37:13 0 0 경기70아7361 3 45 204000046 101000148 31 
2020-12-12T09:37:13 0 0 경기78아1117 3 28 204000046 206000002 11 
2020-12-12T09:38:12 0 0 경기78아1178 3 36 204000046 277103148 43 
2020-12-12T09:38:12 0 0 경기70아7361 3 45 204000046 101000001 32 
2020-12-12T09:38:12 0 0 경기70아7482 3 42 204000046 101000292 23 
2020-12-12T09:38:12 0 0 경기78아1117 3 28 204000046 277103149 12 
2020-12-12T09:39:11 0 0 경기70아7482 3 43 204000046 100000001 24 
2020-12-12T09:39:11 0 0 경기70아7361 3 45 204000046 101000001 32 
2020-12-12T09:39:11 0 0 경기78아1178 3 36 204000046 277103148 43 
2020-12-12T09:39:11 0 0 경기78아1117 3 28 204000046 277103149 12 
2020-12-12T09:40:11 0 0 경기70아7482 3 43 204000046 100000001 24 
2020-12-12T09:40:11 0 0 경기78아1178 3 36 204000046 206000018 44 
2020-12-12T09:40:11 0 0 경기70아7361 3 45 204000046 277104181 33 
2020-12-12T09:40:11 0 0 경기78아1117 3 28 204000046 277103679 13 
2020-12-12T09:41:10 0 0 경기70아7482 3 43 204000046 100000001 24 
2020-12-12T09:41:10 0 0 경기78아1178 3 36 204000046 206000018 44 
2020-12-12T09:41:10 0 0 경기70아7361 3 45 204000046 277104181 33 
2020-12-12T09:41:10 0 0 경기78아1117 3 28 204000046 277103679 13 
2020-12-12T09:42:09 0 0 경기70아7482 3 44 204000046 100000001 24 
2020-12-12T09:42:09 0 0 경기77바1097 3 45 204000046 206000009 2 
2020-12-12T09:42:09 0 0 경기70아7361 3 45 204000046 277104179 34 
2020-12-12T09:42:09 0 0 경기78아1178 3 37 204000046 206000016 47 
2020-12-12T09:42:09 0 0 경기78아1117 3 28 204000046 277103441 14 
2020-12-12T09:43:08 0 0 경기78아1178 3 37 204000046 206000016 47 
2020-12-12T09:43:08 0 0 경기70아7361 3 45 204000046 277104179 34 
2020-12-12T09:43:08 0 0 경기77바1097 3 45 204000046 206000558 4 
2020-12-12T09:43:08 0 0 경기70아7482 3 44 204000046 100000001 24 
2020-12-12T09:43:08 0 0 경기78아1117 3 28 204000046 277104177 15 
2020-12-12T09:44:07 0 0 경기70아7482 3 45 204000046 101000141 25 
2020-12-12T09:44:07 0 0 경기77바1097 3 42 204000046 206000007 5 
2020-12-12T09:44:07 0 0 경기78아1178 3 38 204000046 206000556 48 
2020-12-12T09:44:07 0 0 경기70아7361 3 45 204000046 102000070 35 
2020-12-12T09:44:07 0 0 경기78아1117 3 28 204000046 277104177 15 
2020-12-12T09:45:07 0 0 경기70아7482 3 45 204000046 101000141 25 
2020-12-12T09:45:07 0 0 경기70아7361 3 45 204000046 102000070 35 
2020-12-12T09:45:07 0 0 경기78아1178 3 38 204000046 206000556 48 
2020-12-12T09:45:07 0 0 경기77바1097 3 42 204000046 206000006 6 
2020-12-12T09:45:07 0 0 경기78아1117 3 28 204000046 277103388 16 
2020-12-12T09:46:06 0 0 경기78아1178 3 38 204000046 206000556 48 
2020-12-12T09:46:06 0 0 경기77바1097 3 40 204000046 206000006 6 
2020-12-12T09:46:06 0 0 경기70아7482 3 45 204000046 101000141 25 
2020-12-12T09:46:06 0 0 경기70아7361 3 45 204000046 102000070 35 
2020-12-12T09:46:06 0 0 경기78아1117 3 28 204000046 277103388 16 
2020-12-12T09:47:05 0 0 경기78아1178 3 38 204000046 206000556 48 
2020-12-12T09:47:05 0 0 경기77바1097 3 40 204000046 206000006 6 
2020-12-12T09:47:05 0 0 경기70아7482 3 45 204000046 101000141 25 
2020-12-12T09:47:05 0 0 경기70아7361 3 45 204000046 102000070 35 
2020-12-12T09:47:05 0 0 경기78아1117 3 28 204000046 277103388 16 
2020-12-12T09:48:04 0 0 경기77바1097 3 40 204000046 206000004 8 
2020-12-12T09:48:04 0 0 경기70아7482 3 45 204000046 101000264 26 
2020-12-12T09:48:04 0 0 경기70아7361 3 45 204000046 277103399 36 
2020-12-12T09:48:04 0 0 경기78아1178 3 38 204000046 206000557 51 
2020-12-12T09:48:04 0 0 경기78아1117 3 28 204000046 277103390 17 
2020-12-12T09:49:03 0 0 경기70아7482 3 45 204000046 101000264 26 
2020-12-12T09:49:03 0 0 경기70아7361 3 45 204000046 277103399 36 
2020-12-12T09:49:03 0 0 경기78아1178 3 38 204000046 206000557 51 
2020-12-12T09:49:03 0 0 경기77바1097 3 39 204000046 206000004 8 
2020-12-12T09:49:03 0 0 경기78아1117 3 28 204000046 277103391 18 
2020-12-12T09:50:03 0 0 경기70아7482 3 45 204000046 101000264 26 
2020-12-12T09:50:03 0 0 경기77바1097 3 39 204000046 206000004 8 
2020-12-12T09:50:03 0 0 경기70아7361 3 45 204000046 277103399 36 
2020-12-12T09:50:03 0 0 경기78아1178 3 39 204000046 206000012 53 
2020-12-12T09:50:03 0 0 경기78아1117 3 28 204000046 277103391 18 
2020-12-12T09:51:02 0 0 경기70아7361 3 45 204000046 277103392 37 
2020-12-12T09:51:02 0 0 경기70아7482 3 45 204000046 101000264 26 
2020-12-12T09:51:02 0 0 경기77바1097 3 39 204000046 206000555 9 
2020-12-12T09:51:02 0 0 경기78아1117 3 28 204000046 277103400 19 
2020-12-12T09:52:01 0 0 경기77바1097 3 36 204000046 206000003 10 
2020-12-12T09:52:01 0 0 경기70아7361 3 45 204000046 277103389 38 
2020-12-12T09:52:01 0 0 경기70아7482 3 45 204000046 101000005 27 
2020-12-12T09:52:01 0 0 경기78아1117 3 28 204000046 277103400 19 
2020-12-12T09:53:00 0 0 경기70아7361 3 45 204000046 277103389 38 
2020-12-12T09:53:00 0 0 경기70아7482 3 44 204000046 101000005 27 
2020-12-12T09:53:00 0 0 경기77바1097 3 36 204000046 206000003 10 
2020-12-12T09:53:00 0 0 경기78아1117 3 31 204000046 102000069 20 
2020-12-12T09:53:59 0 0 경기77바1097 3 36 204000046 206000002 11 
2020-12-12T09:53:59 0 0 경기70아7361 3 45 204000046 277103387 39 
2020-12-12T09:53:59 0 0 경기70아7482 3 44 204000046 101000005 27 
2020-12-12T09:53:59 0 0 경기78아1117 3 31 204000046 277104180 21 
2020-12-12T09:54:59 0 0 경기77바1097 3 36 204000046 206000002 11 
2020-12-12T09:54:59 0 0 경기70아7361 3 45 204000046 277103387 39 
2020-12-12T09:54:59 0 0 경기70아7482 3 44 204000046 277101742 28 
2020-12-12T09:54:59 0 0 경기78아1117 3 31 204000046 277104180 21 
2020-12-12T09:55:58 0 0 경기70아7361 3 45 204000046 277104178 40 
2020-12-12T09:55:58 0 0 경기70아7482 3 44 204000046 101000026 29 
2020-12-12T09:55:58 0 0 경기77바1097 3 36 204000046 206000002 11 
2020-12-12T09:55:58 0 0 경기78아1117 3 31 204000046 277104180 21 
2020-12-12T09:56:57 0 0 경기70아7361 3 45 204000046 277104178 40 
2020-12-12T09:56:57 0 0 경기77바1097 3 36 204000046 206000002 11 
2020-12-12T09:56:57 0 0 경기70아7482 3 44 204000046 101000026 29 
2020-12-12T09:56:57 0 0 경기78아1117 3 31 204000046 277104186 22 
2020-12-12T09:57:56 0 0 경기77바1097 3 36 204000046 206000002 11 
2020-12-12T09:57:56 0 0 경기70아7361 3 45 204000046 277103440 41 
2020-12-12T09:57:56 0 0 경기70아7482 3 44 204000046 277102114 30 
2020-12-12T09:57:56 0 0 경기78아1117 3 31 204000046 277104186 22 
2020-12-12T09:58:56 0 0 경기70아7361 3 45 204000046 277103678 42 
2020-12-12T09:58:56 0 0 경기77바1097 3 36 204000046 277103149 12 
2020-12-12T09:58:56 0 0 경기70아7482 3 44 204000046 101000148 31 
2020-12-12T09:58:56 0 0 경기78아1117 3 34 204000046 101000292 23 
2020-12-12T09:59:55 0 0 경기70아7361 3 45 204000046 277103678 42 
2020-12-12T09:59:55 0 0 경기77바1097 3 36 204000046 277103149 12 
2020-12-12T09:59:55 0 0 경기70아7482 3 44 204000046 101000148 31 
2020-12-12T09:59:55 0 0 경기78아1117 3 34 204000046 101000292 23 
2020-12-12T10:00:54 0 0 경기70아7482 3 44 204000046 101000001 32 
2020-12-12T10:00:54 0 0 경기77바1097 3 36 204000046 277103679 13 
2020-12-12T10:00:54 0 0 경기70아8789 3 45 204000046 206000009 2 
2020-12-12T10:00:54 0 0 경기70아7361 3 45 204000046 277103148 43 
2020-12-12T10:00:54 0 0 경기78아1117 3 39 204000046 100000001 24 
2020-12-12T10:01:53 0 0 경기77바1097 3 36 204000046 277103679 13 
2020-12-12T10:01:53 0 0 경기70아8789 3 45 204000046 206000009 2 
2020-12-12T10:01:53 0 0 경기70아7361 3 45 204000046 277103148 43 
2020-12-12T10:01:53 0 0 경기70아7482 3 43 204000046 101000001 32 
2020-12-12T10:01:53 0 0 경기78아1117 3 39 204000046 100000001 24 
2020-12-12T10:02:52 0 0 경기77바1097 3 36 204000046 277103441 14 
2020-12-12T10:02:52 0 0 경기70아7361 3 45 204000046 206000018 44 
2020-12-12T10:02:52 0 0 경기70아7482 3 43 204000046 101000001 32 
2020-12-12T10:02:52 0 0 경기70아8789 3 45 204000046 206000558 4 
2020-12-12T10:02:52 0 0 경기78아1117 3 39 204000046 101000141 25 
2020-12-12T10:03:52 0 0 경기77바1097 3 36 204000046 277104177 15 
2020-12-12T10:03:52 0 0 경기70아7482 3 43 204000046 277104181 33 
2020-12-12T10:03:52 0 0 경기70아7361 3 45 204000046 206000017 45 
2020-12-12T10:03:52 0 0 경기70아8789 3 44 204000046 206000007 5 
2020-12-12T10:03:52 0 0 경기78아1117 3 39 204000046 101000141 25 
2020-12-12T10:04:51 0 0 경기70아7482 3 43 204000046 277104181 33 
2020-12-12T10:04:51 0 0 경기70아7361 3 45 204000046 206000554 46 
2020-12-12T10:04:51 0 0 경기70아8789 3 40 204000046 206000007 5 
2020-12-12T10:04:51 0 0 경기77바1097 3 36 204000046 277104177 15 
2020-12-12T10:04:51 0 0 경기78아1117 3 39 204000046 101000141 25 
2020-12-12T10:05:50 0 0 경기70아7482 3 43 204000046 277104181 33 
2020-12-12T10:05:50 0 0 경기70아7361 3 45 204000046 206000554 46 
2020-12-12T10:05:50 0 0 경기70아8789 3 38 204000046 206000006 6 
2020-12-12T10:05:50 0 0 경기77바1097 3 36 204000046 277103388 16 
2020-12-12T10:05:50 0 0 경기78아1117 3 39 204000046 101000141 25 
2020-12-12T10:06:49 0 0 경기70아7482 3 43 204000046 102000070 35 
2020-12-12T10:06:49 0 0 경기70아8789 3 38 204000046 206000005 7 
2020-12-12T10:06:49 0 0 경기70아7361 3 45 204000046 206000556 48 
2020-12-12T10:06:49 0 0 경기77바1097 3 36 204000046 277103390 17 
2020-12-12T10:06:49 0 0 경기78아1117 3 41 204000046 101000264 26 
2020-12-12T10:07:48 0 0 경기77바1097 3 36 204000046 277103390 17 
2020-12-12T10:07:48 0 0 경기70아7482 3 43 204000046 102000070 35 
2020-12-12T10:07:48 0 0 경기70아8789 3 38 204000046 206000004 8 
2020-12-12T10:07:48 0 0 경기70아7361 3 45 204000046 206000015 49 
2020-12-12T10:07:48 0 0 경기78아1117 3 41 204000046 101000264 26 
2020-12-12T10:08:48 0 0 경기70아7482 3 43 204000046 102000070 35 
2020-12-12T10:08:48 0 0 경기70아7361 3 45 204000046 206000015 49 
2020-12-12T10:08:48 0 0 경기70아8789 3 36 204000046 206000004 8 
2020-12-12T10:08:48 0 0 경기77바1097 3 36 204000046 277103391 18 
2020-12-12T10:08:48 0 0 경기78아1117 3 41 204000046 101000264 26 
2020-12-12T10:09:47 0 0 경기70아8789 3 36 204000046 206000004 8 
2020-12-12T10:09:47 0 0 경기77바1097 3 36 204000046 277103391 18 
2020-12-12T10:09:47 0 0 경기70아7482 3 43 204000046 102000070 35 
2020-12-12T10:09:47 0 0 경기70아7361 3 45 204000046 206000014 50 
2020-12-12T10:09:47 0 0 경기78아1117 3 41 204000046 101000005 27 
2020-12-12T10:10:46 0 0 경기77바1097 3 36 204000046 277103400 19 
2020-12-12T10:10:46 0 0 경기70아7482 3 43 204000046 102000070 35 
2020-12-12T10:10:46 0 0 경기70아8789 3 36 204000046 206000003 10 
2020-12-12T10:10:46 0 0 경기70아7361 3 45 204000046 206000557 51 
2020-12-12T10:10:46 0 0 경기78아1117 3 43 204000046 101000005 27 
2020-12-12T10:11:45 0 0 경기77바1097 3 36 204000046 277103400 19 
2020-12-12T10:11:45 0 0 경기70아8789 3 34 204000046 206000002 11 
2020-12-12T10:11:45 0 0 경기70아7482 3 43 204000046 277103399 36 
2020-12-12T10:11:45 0 0 경기70아7361 3 45 204000046 206000012 53 
2020-12-12T10:11:45 0 0 경기78아1117 3 43 204000046 101000005 27 
2020-12-12T10:12:44 0 0 경기77바1097 3 36 204000046 277103400 19 
2020-12-12T10:12:44 0 0 경기70아8789 3 34 204000046 206000002 11 
2020-12-12T10:12:44 0 0 경기70아7482 3 43 204000046 277103399 36 
2020-12-12T10:12:44 0 0 경기70아7361 3 45 204000046 206000470 54 
2020-12-12T10:12:44 0 0 경기78아1117 3 43 204000046 101000005 27 
2020-12-12T10:13:44 0 0 경기70아7482 3 43 204000046 277103392 37 
2020-12-12T10:13:44 0 0 경기77바1097 3 37 204000046 102000069 20 
2020-12-12T10:13:44 0 0 경기70아8789 3 34 204000046 206000002 11 
2020-12-12T10:13:44 0 0 경기78아1117 3 43 204000046 101000026 29 
2020-12-12T10:14:43 0 0 경기70아7482 3 43 204000046 277103392 37 
2020-12-12T10:14:43 0 0 경기77바1097 3 37 204000046 102000069 20 
2020-12-12T10:14:43 0 0 경기70아8789 3 34 204000046 206000002 11 
2020-12-12T10:14:43 0 0 경기78아1117 3 43 204000046 101000026 29 
2020-12-12T10:15:42 0 0 경기70아8789 3 34 204000046 206000002 11 
2020-12-12T10:15:42 0 0 경기70아7482 3 43 204000046 277103389 38 
2020-12-12T10:15:42 0 0 경기77바1097 3 37 204000046 277104180 21 
2020-12-12T10:15:42 0 0 경기78아1117 3 43 204000046 277102114 30 
2020-12-12T10:16:41 0 0 경기77바1097 3 37 204000046 277104180 21 
2020-12-12T10:16:41 0 0 경기70아7482 3 43 204000046 277103387 39 
2020-12-12T10:16:41 0 0 경기70아8789 3 34 204000046 277103149 12 
2020-12-12T10:16:41 0 0 경기78아1117 3 43 204000046 101000148 31 
2020-12-12T10:17:40 0 0 경기70아7482 3 43 204000046 277103387 39 
2020-12-12T10:17:40 0 0 경기70아8789 3 34 204000046 277103149 12 
2020-12-12T10:17:40 0 0 경기77바1097 3 37 204000046 277104186 22 
2020-12-12T10:17:40 0 0 경기78아1117 3 43 204000046 101000148 31 
2020-12-12T10:18:40 0 0 경기70아7482 3 43 204000046 277104178 40 
2020-12-12T10:18:40 0 0 경기70아8789 3 34 204000046 277103679 13 
2020-12-12T10:18:40 0 0 경기77바1097 3 37 204000046 277104186 22 
2020-12-12T10:18:40 0 0 경기78아1117 3 43 204000046 101000001 32 
2020-12-12T10:19:39 0 0 경기70아8789 3 34 204000046 277103679 13 
2020-12-12T10:19:39 0 0 경기70아7482 3 43 204000046 277103440 41 
2020-12-12T10:19:39 0 0 경기77바1097 3 37 204000046 101000292 23 
2020-12-12T10:19:39 0 0 경기78아1117 3 43 204000046 277104181 33 
2020-12-12T10:20:38 0 0 경기70아8789 3 34 204000046 277103441 14 
2020-12-12T10:20:38 0 0 경기77바1097 3 39 204000046 101000292 23 
2020-12-12T10:20:38 0 0 경기70아8601 3 43 204000046 206000009 2 
2020-12-12T10:20:38 0 0 경기70아7482 3 43 204000046 277103440 41 
2020-12-12T10:20:38 0 0 경기78아1117 3 43 204000046 277104181 33 
2020-12-12T10:21:37 0 0 경기70아7482 3 43 204000046 277103678 42 
2020-12-12T10:21:37 0 0 경기70아8789 3 34 204000046 277104177 15 
2020-12-12T10:21:37 0 0 경기70아8601 3 43 204000046 206000658 3 
2020-12-12T10:21:37 0 0 경기77바1097 3 41 204000046 100000001 24 
2020-12-12T10:21:37 0 0 경기78아1117 3 43 204000046 277104179 34 
2020-12-12T10:22:36 0 0 경기70아8789 3 34 204000046 277104177 15 
2020-12-12T10:22:36 0 0 경기70아8601 3 41 204000046 206000558 4 
2020-12-12T10:22:36 0 0 경기70아7482 3 43 204000046 277103148 43 
2020-12-12T10:22:36 0 0 경기77바1097 3 41 204000046 100000001 24 
2020-12-12T10:22:36 0 0 경기78아1117 3 43 204000046 102000070 35 
2020-12-12T10:23:36 0 0 경기70아8789 3 34 204000046 277103388 16 
2020-12-12T10:23:36 0 0 경기70아8601 3 41 204000046 206000007 5 
2020-12-12T10:23:36 0 0 경기70아7482 3 43 204000046 277103148 43 
2020-12-12T10:23:36 0 0 경기77바1097 3 43 204000046 101000141 25 
2020-12-12T10:23:36 0 0 경기78아1117 3 43 204000046 102000070 35 
2020-12-12T10:24:35 0 0 경기70아8789 3 34 204000046 277103388 16 
2020-12-12T10:24:35 0 0 경기77바1097 3 43 204000046 101000141 25 
2020-12-12T10:24:35 0 0 경기70아7482 3 43 204000046 206000018 44 
2020-12-12T10:24:35 0 0 경기70아8601 3 41 204000046 206000006 6 
2020-12-12T10:24:35 0 0 경기78아1117 3 43 204000046 102000070 35 
2020-12-12T10:25:34 0 0 경기70아7482 3 43 204000046 206000018 44 
2020-12-12T10:25:34 0 0 경기70아8601 3 39 204000046 206000006 6 
2020-12-12T10:25:34 0 0 경기70아8789 3 34 204000046 277103390 17 
2020-12-12T10:25:34 0 0 경기77바1097 3 43 204000046 101000141 25 
2020-12-12T10:25:34 0 0 경기78아1117 3 43 204000046 102000070 35 
2020-12-12T10:26:33 0 0 경기70아8601 3 39 204000046 206000006 6 
2020-12-12T10:26:33 0 0 경기70아8789 3 34 204000046 277103390 17 
2020-12-12T10:26:33 0 0 경기77바1097 3 43 204000046 101000141 25 
2020-12-12T10:26:33 0 0 경기70아7482 3 43 204000046 206000554 46 
2020-12-12T10:26:33 0 0 경기78아1117 3 43 204000046 277103399 36 
2020-12-12T10:27:32 0 0 경기70아7482 3 43 204000046 206000554 46 
2020-12-12T10:27:32 0 0 경기70아8789 3 34 204000046 277103391 18 
2020-12-12T10:27:32 0 0 경기70아8601 3 38 204000046 206000005 7 
2020-12-12T10:27:32 0 0 경기77바1097 3 43 204000046 101000264 26 
2020-12-12T10:27:32 0 0 경기78아1117 3 43 204000046 277103392 37 
2020-12-12T10:28:32 0 0 경기70아7482 3 43 204000046 206000554 46 
2020-12-12T10:28:32 0 0 경기70아8789 3 34 204000046 277103391 18 
2020-12-12T10:28:32 0 0 경기77바1097 3 43 204000046 101000264 26 
2020-12-12T10:28:32 0 0 경기70아8601 3 34 204000046 206000004 8 
2020-12-12T10:28:32 0 0 경기78아1117 3 43 204000046 277103392 37 
2020-12-12T10:29:31 0 0 경기77바1097 3 43 204000046 101000264 26 
2020-12-12T10:29:31 0 0 경기70아8601 3 34 204000046 206000004 8 
2020-12-12T10:29:31 0 0 경기70아7482 3 44 204000046 206000556 48 
2020-12-12T10:29:31 0 0 경기70아8789 3 34 204000046 277103400 19 
2020-12-12T10:29:31 0 0 경기78아1117 3 43 204000046 277103389 38 
2020-12-12T10:30:30 0 0 경기70아7482 3 44 204000046 206000556 48 
2020-12-12T10:30:30 0 0 경기70아8789 3 34 204000046 277103400 19 
2020-12-12T10:30:30 0 0 경기77바1097 3 43 204000046 101000264 26 
2020-12-12T10:30:30 0 0 경기70아8601 3 34 204000046 206000555 9 
2020-12-12T10:30:30 0 0 경기78아1117 3 43 204000046 277103389 38 
2020-12-12T10:31:29 0 0 경기70아7482 3 44 204000046 206000556 48 
2020-12-12T10:31:29 0 0 경기77바1097 3 44 204000046 101000005 27 
2020-12-12T10:31:29 0 0 경기70아8601 3 30 204000046 206000003 10 
2020-12-12T10:31:29 0 0 경기70아8789 3 35 204000046 102000069 20 
2020-12-12T10:31:29 0 0 경기78아1117 3 43 204000046 277103387 39 
2020-12-12T10:32:28 0 0 경기77바1097 3 44 204000046 101000005 27 
2020-12-12T10:32:28 0 0 경기70아8601 3 30 204000046 206000003 10 
2020-12-12T10:32:28 0 0 경기70아8789 3 35 204000046 102000069 20 
2020-12-12T10:32:28 0 0 경기70아7482 3 45 204000046 206000015 49 
2020-12-12T10:32:28 0 0 경기78아1117 3 43 204000046 277103387 39 
2020-12-12T10:33:28 0 0 경기70아8789 3 35 204000046 277104180 21 
2020-12-12T10:33:28 0 0 경기77바1097 3 44 204000046 101000005 27 
2020-12-12T10:33:28 0 0 경기70아7482 3 45 204000046 206000014 50 
2020-12-12T10:33:28 0 0 경기70아8601 3 30 204000046 206000002 11 
2020-12-12T10:33:28 0 0 경기78아1117 3 43 204000046 277104178 40 
2020-12-12T10:34:27 0 0 경기70아8789 3 35 204000046 277104180 21 
2020-12-12T10:34:27 0 0 경기70아8601 3 29 204000046 206000002 11 
2020-12-12T10:34:27 0 0 경기70아7482 3 45 204000046 206000657 52 
2020-12-12T10:34:27 0 0 경기77바1097 3 44 204000046 101000026 29 
2020-12-12T10:34:27 0 0 경기78아1117 3 43 204000046 277103440 41 
2020-12-12T10:35:26 0 0 경기70아8789 3 35 204000046 277104180 21 
2020-12-12T10:35:26 0 0 경기77바1097 3 44 204000046 101000026 29 
2020-12-12T10:35:26 0 0 경기70아8601 3 29 204000046 206000002 11 
2020-12-12T10:35:26 0 0 경기70아7482 3 45 204000046 206000012 53 
2020-12-12T10:35:26 0 0 경기78아1117 3 43 204000046 277103440 41 
2020-12-12T10:36:25 0 0 경기70아8789 3 35 204000046 277104180 21 
2020-12-12T10:36:25 0 0 경기70아8601 3 29 204000046 206000002 11 
2020-12-12T10:36:25 0 0 경기77바1097 3 44 204000046 277102114 30 
2020-12-12T10:36:25 0 0 경기78아1117 3 43 204000046 277103678 42 
2020-12-12T10:37:24 0 0 경기70아8789 3 35 204000046 277104180 21 
2020-12-12T10:37:24 0 0 경기70아8601 3 29 204000046 277103149 12 
2020-12-12T10:37:24 0 0 경기77바1097 3 44 204000046 277102114 30 
2020-12-12T10:37:24 0 0 경기78아1117 3 43 204000046 277103678 42 
2020-12-12T10:38:24 0 0 경기70아8789 3 35 204000046 277104180 21 
2020-12-12T10:38:24 0 0 경기77바1097 3 44 204000046 277102114 30 
2020-12-12T10:38:24 0 0 경기70아8601 3 29 204000046 277103149 12 
2020-12-12T10:38:24 0 0 경기78아1117 3 43 204000046 277103148 43 
2020-12-12T10:39:23 0 0 경기70아8601 3 29 204000046 277103149 12 
2020-12-12T10:39:23 0 0 경기70아8789 3 35 204000046 277104186 22 
2020-12-12T10:39:23 0 0 경기77바1097 3 44 204000046 101000148 31 
2020-12-12T10:39:23 0 0 경기78아1117 3 43 204000046 277103148 43 
2020-12-12T10:40:22 0 0 경기70아8601 3 29 204000046 277103679 13 
2020-12-12T10:40:22 0 0 경기77바1097 3 44 204000046 101000001 32 
2020-12-12T10:40:22 0 0 경기70아8789 3 35 204000046 277104186 22 
2020-12-12T10:40:22 0 0 경기78아1117 3 43 204000046 206000018 44 
2020-12-12T10:41:21 0 0 경기77바1097 3 44 204000046 101000001 32 
2020-12-12T10:41:21 0 0 경기70아8789 3 35 204000046 277104186 22 
2020-12-12T10:41:21 0 0 경기70아8601 3 29 204000046 277103441 14 
2020-12-12T10:41:21 0 0 경기70아8880 3 41 204000046 206000009 2 
2020-12-12T10:41:21 0 0 경기78아1117 3 43 204000046 206000016 47 
2020-12-12T10:42:20 0 0 경기70아8601 3 29 204000046 277103441 14 
2020-12-12T10:42:20 0 0 경기77바1097 3 43 204000046 101000001 32 
2020-12-12T10:42:20 0 0 경기70아8789 3 35 204000046 101000292 23 
2020-12-12T10:42:20 0 0 경기78아1117 3 43 204000046 206000556 48 
2020-12-12T10:42:20 0 0 경기70아8880 3 41 204000046 206000658 3 
2020-12-12T10:43:20 0 0 경기70아8789 3 37 204000046 101000292 23 
2020-12-12T10:43:20 0 0 경기77바1097 3 43 204000046 101000001 32 
2020-12-12T10:43:20 0 0 경기70아8601 3 29 204000046 277104177 15 
2020-12-12T10:43:20 0 0 경기70아8880 3 41 204000046 206000558 4 
2020-12-12T10:43:20 0 0 경기78아1117 3 43 204000046 206000014 50 
2020-12-12T10:44:19 0 0 경기77바1097 3 43 204000046 277104181 33 
2020-12-12T10:44:19 0 0 경기70아8789 3 38 204000046 101000292 23 
2020-12-12T10:44:19 0 0 경기70아8601 3 29 204000046 277103388 16 
2020-12-12T10:44:19 0 0 경기78아1117 3 43 204000046 206000014 50 
2020-12-12T10:44:19 0 0 경기70아8880 3 41 204000046 206000007 5 
2020-12-12T10:45:18 0 0 경기77바1097 3 43 204000046 277104181 33 
2020-12-12T10:45:18 0 0 경기70아8601 3 29 204000046 277103388 16 
2020-12-12T10:45:18 0 0 경기70아8789 3 44 204000046 100000001 24 
2020-12-12T10:45:18 0 0 경기70아8880 3 39 204000046 206000006 6 
2020-12-12T10:45:18 0 0 경기78아1117 3 44 204000046 206000557 51 
2020-12-12T10:46:17 0 0 경기70아8789 3 44 204000046 100000001 24 
2020-12-12T10:46:17 0 0 경기77바1097 3 43 204000046 277104179 34 
2020-12-12T10:46:17 0 0 경기70아8601 3 29 204000046 277103390 17 
2020-12-12T10:46:17 0 0 경기70아8880 3 39 204000046 206000006 6 
2020-12-12T10:46:17 0 0 경기78아1117 3 44 204000046 206000657 52 
2020-12-12T10:47:16 0 0 경기70아8601 3 29 204000046 277103390 17 
2020-12-12T10:47:16 0 0 경기77바1097 3 43 204000046 102000070 35 
2020-12-12T10:47:16 0 0 경기70아8789 3 45 204000046 100000001 24 
2020-12-12T10:47:16 0 0 경기70아8880 3 39 204000046 206000005 7 
2020-12-12T10:48:16 0 0 경기77바1097 3 43 204000046 102000070 35 
2020-12-12T10:48:16 0 0 경기70아8601 3 29 204000046 277103391 18 
2020-12-12T10:48:16 0 0 경기70아8789 3 45 204000046 101000141 25 
2020-12-12T10:48:16 0 0 경기70아8880 3 37 204000046 206000004 8 
2020-12-12T10:49:15 0 0 경기70아8601 3 29 204000046 277103391 18 
2020-12-12T10:49:15 0 0 경기70아8789 3 45 204000046 101000141 25 
2020-12-12T10:49:15 0 0 경기77바1097 3 43 204000046 102000070 35 
2020-12-12T10:49:15 0 0 경기70아8880 3 37 204000046 206000004 8 
2020-12-12T10:50:14 0 0 경기70아8601 3 29 204000046 277103391 18 
2020-12-12T10:50:14 0 0 경기77바1097 3 43 204000046 102000070 35 
2020-12-12T10:50:14 0 0 경기70아8789 3 45 204000046 101000141 25 
2020-12-12T10:50:14 0 0 경기70아8880 3 37 204000046 206000555 9 
2020-12-12T10:51:13 0 0 경기70아8601 3 29 204000046 277103391 18 
2020-12-12T10:51:13 0 0 경기77바1097 3 43 204000046 102000070 35 
2020-12-12T10:51:13 0 0 경기70아8789 3 45 204000046 101000141 25 
2020-12-12T10:51:13 0 0 경기70아8880 3 36 204000046 206000003 10 
2020-12-12T10:52:12 0 0 경기77바1097 3 43 204000046 102000070 35 
2020-12-12T10:52:12 0 0 경기70아8789 3 45 204000046 101000141 25 
2020-12-12T10:52:12 0 0 경기70아8601 3 29 204000046 277103400 19 
2020-12-12T10:52:12 0 0 경기70아8880 3 35 204000046 206000003 10 
2020-12-12T10:53:12 0 0 경기70아8789 3 45 204000046 101000264 26 
2020-12-12T10:53:12 0 0 경기70아8601 3 29 204000046 277103400 19 
2020-12-12T10:53:12 0 0 경기77바1097 3 43 204000046 277103399 36 
2020-12-12T10:53:12 0 0 경기70아8880 3 35 204000046 206000002 11 
2020-12-12T10:54:11 0 0 경기70아8789 3 45 204000046 101000264 26 
2020-12-12T10:54:11 0 0 경기70아8601 3 29 204000046 277103400 19 
2020-12-12T10:54:11 0 0 경기77바1097 3 43 204000046 277103399 36 
2020-12-12T10:54:11 0 0 경기70아8880 3 35 204000046 206000002 11 
2020-12-12T10:55:10 0 0 경기70아8789 3 45 204000046 101000264 26 
2020-12-12T10:55:10 0 0 경기70아8601 3 29 204000046 277103400 19 
2020-12-12T10:55:10 0 0 경기77바1097 3 43 204000046 277103392 37 
2020-12-12T10:55:10 0 0 경기70아8880 3 35 204000046 206000002 11 
2020-12-12T10:56:09 0 0 경기70아8789 3 45 204000046 101000264 26 
2020-12-12T10:56:09 0 0 경기77바1097 3 43 204000046 277103392 37 
2020-12-12T10:56:09 0 0 경기70아8601 3 31 204000046 102000069 20 
2020-12-12T10:56:09 0 0 경기70아8880 3 35 204000046 206000002 11 
2020-12-12T10:57:09 0 0 경기77바1097 3 43 204000046 277103389 38 
2020-12-12T10:57:09 0 0 경기70아8601 3 31 204000046 277104180 21 
2020-12-12T10:57:09 0 0 경기70아8789 3 45 204000046 101000264 26 
2020-12-12T10:57:09 0 0 경기70아8880 3 35 204000046 206000002 11 
2020-12-12T10:58:08 0 0 경기70아8601 3 31 204000046 277104180 21 
2020-12-12T10:58:08 0 0 경기70아8789 3 43 204000046 101000005 27 
2020-12-12T10:58:08 0 0 경기77바1097 3 43 204000046 277103387 39 
2020-12-12T10:58:08 0 0 경기70아8880 3 35 204000046 206000002 11 
2020-12-12T10:59:07 0 0 경기70아8601 3 31 204000046 277104180 21 
2020-12-12T10:59:07 0 0 경기70아8789 3 43 204000046 101000005 27 
2020-12-12T10:59:07 0 0 경기77바1097 3 43 204000046 277103387 39 
2020-12-12T10:59:07 0 0 경기70아8880 3 35 204000046 277103149 12 
2020-12-12T11:00:06 0 0 경기70아8601 3 31 204000046 277104180 21 
2020-12-12T11:00:06 0 0 경기70아8789 3 43 204000046 101000005 27 
2020-12-12T11:00:06 0 0 경기77바1097 3 43 204000046 277104178 40 
2020-12-12T11:00:06 0 0 경기70아8880 3 35 204000046 277103149 12 
2020-12-12T11:01:05 0 0 경기70아8601 3 31 204000046 277104180 21 
2020-12-12T11:01:05 0 0 경기70아8789 3 43 204000046 101000005 27 
2020-12-12T11:01:05 0 0 경기77바1097 3 43 204000046 277104178 40 
2020-12-12T11:01:05 0 0 경기70아8880 3 35 204000046 277103149 12 
2020-12-12T11:02:05 0 0 경기70아8601 3 31 204000046 277104180 21 
2020-12-12T11:02:05 0 0 경기70아8789 3 43 204000046 101000005 27 
2020-12-12T11:02:05 0 0 경기77바1097 3 43 204000046 277103440 41 
2020-12-12T11:02:05 0 0 경기78아1178 3 37 204000046 206000009 2 
2020-12-12T11:02:05 0 0 경기70아8880 3 35 204000046 277103679 13 
2020-12-12T11:03:04 0 0 경기70아8601 3 31 204000046 277104180 21 
2020-12-12T11:03:04 0 0 경기77바1097 3 43 204000046 277103440 41 
2020-12-12T11:03:04 0 0 경기70아8789 3 43 204000046 101000026 29 
2020-12-12T11:03:04 0 0 경기78아1178 3 37 204000046 206000658 3 
2020-12-12T11:03:04 0 0 경기70아8880 3 35 204000046 277103441 14 
2020-12-12T11:04:03 0 0 경기70아8601 3 31 204000046 277104186 22 
2020-12-12T11:04:03 0 0 경기78아1178 3 37 204000046 206000007 5 
2020-12-12T11:04:03 0 0 경기70아8789 3 43 204000046 277102114 30 
2020-12-12T11:04:03 0 0 경기77바1097 3 43 204000046 277103678 42 
2020-12-12T11:04:03 0 0 경기70아8880 3 35 204000046 277104177 15 
2020-12-12T11:05:02 0 0 경기70아8789 3 43 204000046 277102114 30 
2020-12-12T11:05:02 0 0 경기78아1178 3 33 204000046 206000006 6 
2020-12-12T11:05:02 0 0 경기77바1097 3 43 204000046 277103148 43 
2020-12-12T11:05:02 0 0 경기70아8601 3 32 204000046 277104186 22 
2020-12-12T11:05:02 0 0 경기70아8880 3 35 204000046 277103388 16 
2020-12-12T11:06:02 0 0 경기70아8789 3 43 204000046 277102114 30 
2020-12-12T11:06:02 0 0 경기70아8601 3 32 204000046 277104186 22 
2020-12-12T11:06:02 0 0 경기78아1178 3 32 204000046 206000006 6 
2020-12-12T11:06:02 0 0 경기77바1097 3 43 204000046 277103148 43 
2020-12-12T11:06:02 0 0 경기70아8880 3 35 204000046 277103388 16 
2020-12-12T11:07:01 0 0 경기77바1097 3 43 204000046 206000018 44 
2020-12-12T11:07:01 0 0 경기70아8601 3 32 204000046 101000292 23 
2020-12-12T11:07:01 0 0 경기78아1178 3 32 204000046 206000006 6 
2020-12-12T11:07:01 0 0 경기70아8789 3 43 204000046 101000148 31 
2020-12-12T11:07:01 0 0 경기70아8880 3 35 204000046 277103388 16 
2020-12-12T11:08:00 0 0 경기70아8601 3 32 204000046 101000292 23 
2020-12-12T11:08:00 0 0 경기78아1178 3 32 204000046 206000005 7 
2020-12-12T11:08:00 0 0 경기77바1097 3 44 204000046 206000018 44 
2020-12-12T11:08:00 0 0 경기70아8789 3 43 204000046 101000148 31 
2020-12-12T11:08:00 0 0 경기70아8880 3 35 204000046 277103390 17 
