234000310 2020-12-02T00:00:29.590030+09:00
2020-12-02T14:23:37.834375+09:00 0 0 경기77바2184 3 42 234000310 123000013 63 
2020-12-02T14:23:37.834423+09:00 0 0 경기77바3634 3 42 234000310 204000199 92 
2020-12-02T14:23:37.834444+09:00 0 0 경기77바2128 3 40 234000310 123000012 77 
2020-12-02T14:23:37.834461+09:00 0 0 경기77바3440 3 42 234000310 204000063 50 
2020-12-02T14:23:37.834477+09:00 0 0 경기77바3635 3 40 234000310 201000157 124 
2020-12-02T14:23:37.834492+09:00 0 0 경기77바3633 3 41 234000310 233000596 4 
2020-12-02T14:23:37.834507+09:00 0 0 경기77바2213 3 43 234000310 200000111 30 
2020-12-02T14:23:37.834521+09:00 0 0 경기77바2075 3 39 234000310 200000152 104 
2020-12-02T14:23:37.834534+09:00 0 0 경기77바2901 3 45 234000310 201000172 19 
2020-12-02T14:24:38.348696+09:00 0 0 경기77바3634 3 42 234000310 204000199 92 
2020-12-02T14:24:38.348756+09:00 0 0 경기77바2184 3 42 234000310 123000011 64 
2020-12-02T14:24:38.348775+09:00 0 0 경기77바2128 3 40 234000310 123000012 77 
2020-12-02T14:24:38.348791+09:00 0 0 경기77바3440 3 42 234000310 204000063 50 
2020-12-02T14:24:38.348806+09:00 0 0 경기77바3635 3 40 234000310 201000157 124 
2020-12-02T14:24:38.348820+09:00 0 0 경기77바3633 3 41 234000310 233000596 4 
2020-12-02T14:24:38.348835+09:00 0 0 경기77바2213 3 42 234000310 200000111 30 
2020-12-02T14:24:38.348848+09:00 0 0 경기77바2075 3 40 234000310 200000151 105 
2020-12-02T14:24:38.348862+09:00 0 0 경기77바2901 3 45 234000310 201000171 20 
2020-12-02T14:25:37.072804+09:00 0 0 경기77바2184 3 42 234000310 123000011 64 
2020-12-02T14:25:37.072866+09:00 0 0 경기77바2128 3 40 234000310 123000012 77 
2020-12-02T14:25:37.072886+09:00 0 0 경기77바3634 3 42 234000310 204000060 93 
2020-12-02T14:25:37.072902+09:00 0 0 경기77바2075 3 40 234000310 200000127 106 
2020-12-02T14:25:37.072918+09:00 0 0 경기77바2901 3 45 234000310 201000031 21 
2020-12-02T14:25:37.072932+09:00 0 0 경기77바3633 3 41 234000310 233000594 6 
2020-12-02T14:25:37.072946+09:00 0 0 경기77바2213 3 42 234000310 200000091 31 
2020-12-02T14:25:37.072960+09:00 0 0 경기77바3440 3 42 234000310 204000063 50 
2020-12-02T14:25:37.072974+09:00 0 0 경기77바3635 3 40 234000310 201000122 125 
2020-12-02T14:26:36.916909+09:00 0 0 경기77바2128 3 40 234000310 123000014 78 
2020-12-02T14:26:36.916972+09:00 0 0 경기77바2184 3 42 234000310 123000009 65 
2020-12-02T14:26:36.916992+09:00 0 0 경기77바3634 3 42 234000310 206000542 94 
2020-12-02T14:26:36.917007+09:00 0 0 경기77바3635 3 40 234000310 201000122 125 
2020-12-02T14:26:36.917024+09:00 0 0 경기77바2213 3 40 234000310 200000091 31 
2020-12-02T14:26:36.917069+09:00 0 0 경기77바2075 3 40 234000310 200000117 107 
2020-12-02T14:26:36.917086+09:00 0 0 경기77바2901 3 45 234000310 201000031 21 
2020-12-02T14:26:36.917100+09:00 0 0 경기77바3440 3 42 234000310 204000001 52 
2020-12-02T14:26:36.917114+09:00 0 0 경기77바3633 3 41 234000310 201000260 9 
2020-12-02T14:27:36.440976+09:00 0 0 경기77바2128 3 40 234000310 123000014 78 
2020-12-02T14:27:36.441069+09:00 0 0 경기77바3634 3 42 234000310 206000542 94 
2020-12-02T14:27:36.441095+09:00 0 0 경기77바2184 3 42 234000310 123000009 65 
2020-12-02T14:27:36.441112+09:00 0 0 경기77바3440 3 42 234000310 204000001 52 
2020-12-02T14:27:36.441131+09:00 0 0 경기77바2213 3 40 234000310 200000091 31 
2020-12-02T14:27:36.441146+09:00 0 0 경기77바2075 3 40 234000310 200000117 107 
2020-12-02T14:27:36.441161+09:00 0 0 경기77바3633 3 41 234000310 233000001 10 
2020-12-02T14:27:36.441176+09:00 0 0 경기77바2901 3 45 234000310 201000189 23 
2020-12-02T14:27:36.441190+09:00 0 0 경기77바3635 3 40 234000310 201000122 125 
2020-12-02T14:28:36.485118+09:00 0 0 경기77바2128 3 40 234000310 123000016 79 
2020-12-02T14:28:36.485182+09:00 0 0 경기77바3634 3 42 234000310 206000543 95 
2020-12-02T14:28:36.485203+09:00 0 0 경기77바2184 3 42 234000310 123000007 66 
2020-12-02T14:28:36.485219+09:00 0 0 경기77바3440 3 42 234000310 204000001 52 
2020-12-02T14:28:36.485235+09:00 0 0 경기77바2075 3 40 234000310 200000116 108 
2020-12-02T14:28:36.485250+09:00 0 0 경기77바3635 3 40 234000310 201000355 127 
2020-12-02T14:28:36.485264+09:00 0 0 경기77바3633 3 41 234000310 233000001 10 
2020-12-02T14:28:36.485278+09:00 0 0 경기77바2213 3 40 234000310 200000120 32 
2020-12-02T14:28:36.485291+09:00 0 0 경기77바2901 3 45 234000310 201000188 24 
2020-12-02T14:29:35.329103+09:00 0 0 경기77바2128 3 40 234000310 123000016 79 
2020-12-02T14:29:35.329172+09:00 0 0 경기77바3634 3 38 234000310 206000543 95 
2020-12-02T14:29:35.329193+09:00 0 0 경기77바2184 3 43 234000310 123000005 67 
2020-12-02T14:29:35.329210+09:00 0 0 경기77바2075 3 40 234000310 200000116 108 
2020-12-02T14:29:35.329227+09:00 0 0 경기77바3635 3 40 234000310 201000355 127 
2020-12-02T14:29:35.329242+09:00 0 0 경기77바2901 3 45 234000310 201000188 24 
2020-12-02T14:29:35.329257+09:00 0 0 경기77바2213 3 40 234000310 200000119 33 
2020-12-02T14:29:35.329270+09:00 0 0 경기77바3440 3 42 234000310 204000223 54 
2020-12-02T14:29:35.329284+09:00 0 0 경기77바3633 3 41 234000310 201000152 12 
2020-12-02T14:30:34.453271+09:00 0 0 경기77바2128 3 40 234000310 123000016 79 
2020-12-02T14:30:34.453336+09:00 0 0 경기77바3634 3 38 234000310 206000543 95 
2020-12-02T14:30:34.453357+09:00 0 0 경기77바2184 3 43 234000310 123000005 67 
2020-12-02T14:30:34.453373+09:00 0 0 경기77바2901 3 45 234000310 201000188 24 
2020-12-02T14:30:34.453390+09:00 0 0 경기77바2213 3 40 234000310 200000119 33 
2020-12-02T14:30:34.453404+09:00 0 0 경기77바2075 3 40 234000310 200000116 108 
2020-12-02T14:30:34.453419+09:00 0 0 경기77바3633 3 41 234000310 201000152 12 
2020-12-02T14:30:34.453433+09:00 0 0 경기77바3440 3 42 234000310 204000045 55 
2020-12-02T14:30:34.453446+09:00 0 0 경기77바3635 3 40 234000310 201000353 128 
2020-12-02T14:31:34.257399+09:00 0 0 경기77바2184 3 43 234000310 123000005 67 
2020-12-02T14:31:34.257460+09:00 0 0 경기77바2128 3 39 234000310 123000016 79 
2020-12-02T14:31:34.257480+09:00 0 0 경기77바3634 3 38 234000310 206000561 96 
2020-12-02T14:31:34.257496+09:00 0 0 경기77바3635 3 40 234000310 201000353 128 
2020-12-02T14:31:34.257512+09:00 0 0 경기77바2901 3 45 234000310 202000255 25 
2020-12-02T14:31:34.257528+09:00 0 0 경기77바3633 3 41 234000310 201000152 12 
2020-12-02T14:31:34.257543+09:00 0 0 경기77바3440 3 43 234000310 204000044 56 
2020-12-02T14:31:34.257557+09:00 0 0 경기77바2075 3 40 234000310 200000090 109 
2020-12-02T14:31:34.257570+09:00 0 0 경기77바2213 3 40 234000310 200000130 34 
2020-12-02T14:32:33.741337+09:00 0 0 경기77바2128 3 39 234000310 123000016 79 
2020-12-02T14:32:33.741400+09:00 0 0 경기77바2184 3 43 234000310 123000003 68 
2020-12-02T14:32:33.741420+09:00 0 0 경기77바3634 3 38 234000310 277103149 98 
2020-12-02T14:32:33.741436+09:00 0 0 경기77바3440 3 43 234000310 204000044 56 
2020-12-02T14:32:33.741452+09:00 0 0 경기77바2075 3 41 234000310 200000090 109 
2020-12-02T14:32:33.741466+09:00 0 0 경기77바3633 3 41 234000310 201000352 13 
2020-12-02T14:32:33.741481+09:00 0 0 경기77바2213 3 40 234000310 200000042 35 
2020-12-02T14:32:33.741494+09:00 0 0 경기77바2901 3 45 234000310 202000255 25 
2020-12-02T14:32:33.741507+09:00 0 0 경기77바3635 3 40 234000310 201000353 128 
2020-12-02T14:33:33.625491+09:00 0 0 경기77바2128 3 39 234000310 123000016 79 
2020-12-02T14:33:33.625554+09:00 0 0 경기77바3634 3 38 234000310 277103149 98 
2020-12-02T14:33:33.625576+09:00 0 0 경기77바2184 3 43 234000310 123000003 68 
2020-12-02T14:33:33.625592+09:00 0 0 경기77바3633 3 41 234000310 201000352 13 
2020-12-02T14:33:33.625609+09:00 0 0 경기77바2213 3 40 234000310 200000042 35 
2020-12-02T14:33:33.625624+09:00 0 0 경기77바3440 3 43 234000310 204000043 57 
2020-12-02T14:33:33.625639+09:00 0 0 경기77바2075 3 41 234000310 200000090 109 
2020-12-02T14:33:33.625653+09:00 0 0 경기77바3635 3 40 234000310 201000151 130 
2020-12-02T14:33:33.625666+09:00 0 0 경기77바2901 3 45 234000310 202000251 26 
2020-12-02T14:34:33.539534+09:00 0 0 경기77바2184 3 43 234000310 277102839 69 
2020-12-02T14:34:33.539594+09:00 0 0 경기77바2128 3 39 234000310 123000016 79 
2020-12-02T14:34:33.539615+09:00 0 0 경기77바3634 3 38 234000310 277103149 98 
2020-12-02T14:34:33.539634+09:00 0 0 경기77바3635 3 40 234000310 201000151 130 
2020-12-02T14:34:33.539651+09:00 0 0 경기77바2901 3 45 234000310 202000251 26 
2020-12-02T14:34:33.539666+09:00 0 0 경기77바3633 3 41 234000310 201000352 13 
2020-12-02T14:34:33.539680+09:00 0 0 경기77바3440 3 43 234000310 204000042 58 
2020-12-02T14:34:33.539693+09:00 0 0 경기77바2075 3 42 234000310 200000096 110 
2020-12-02T14:34:33.539706+09:00 0 0 경기77바2213 3 39 234000310 200000094 37 
2020-12-02T14:35:32.973722+09:00 0 0 경기77바3634 3 38 234000310 277103149 98 
2020-12-02T14:35:32.973785+09:00 0 0 경기77바2184 3 43 234000310 123000611 70 
2020-12-02T14:35:32.973805+09:00 0 0 경기77바2128 3 39 234000310 122000312 80 
2020-12-02T14:35:32.973821+09:00 0 0 경기77바3633 3 41 234000310 201000352 13 
2020-12-02T14:35:32.973837+09:00 0 0 경기77바2075 3 42 234000310 200000096 110 
2020-12-02T14:35:32.973852+09:00 0 0 경기77바3635 3 40 234000310 201000151 130 
2020-12-02T14:35:32.973865+09:00 0 0 경기77바2901 3 45 234000310 202000251 26 
2020-12-02T14:35:32.973879+09:00 0 0 경기77바3440 3 43 234000310 122000309 59 
2020-12-02T14:35:32.973892+09:00 0 0 경기77바2213 3 39 234000310 200000094 37 
2020-12-02T14:36:32.887914+09:00 0 0 경기77바3634 3 38 234000310 277103149 98 
2020-12-02T14:36:32.887978+09:00 0 0 경기77바2184 3 43 234000310 123000611 70 
2020-12-02T14:36:32.888000+09:00 0 0 경기77바2128 3 38 234000310 122000313 81 
2020-12-02T14:36:32.888016+09:00 0 0 경기77바3635 3 40 234000310 201000151 130 
2020-12-02T14:36:32.888033+09:00 0 0 경기77바2075 3 42 234000310 200000147 111 
2020-12-02T14:36:32.888048+09:00 0 0 경기77바2213 3 39 234000310 200000094 37 
2020-12-02T14:36:32.888062+09:00 0 0 경기77바2901 3 45 234000310 200000204 27 
2020-12-02T14:36:32.888075+09:00 0 0 경기77바3440 3 44 234000310 122000311 61 
2020-12-02T14:36:32.888088+09:00 0 0 경기77바3633 3 40 234000310 201000350 14 
2020-12-02T14:37:32.521874+09:00 0 0 경기77바2184 3 43 234000310 123000611 70 
2020-12-02T14:37:32.521935+09:00 0 0 경기77바2128 3 38 234000310 122000313 81 
2020-12-02T14:37:32.521955+09:00 0 0 경기77바3634 3 38 234000310 277102599 99 
2020-12-02T14:37:32.521972+09:00 0 0 경기77바3633 3 40 234000310 201000350 14 
2020-12-02T14:37:32.521988+09:00 0 0 경기77바2213 3 39 234000310 277103323 38 
2020-12-02T14:37:32.522003+09:00 0 0 경기77바3440 3 44 234000310 122000311 61 
2020-12-02T14:37:32.522016+09:00 0 0 경기77바3635 3 40 234000310 233000593 131 
2020-12-02T14:37:32.522030+09:00 0 0 경기77바2075 3 43 234000310 200000266 112 
2020-12-02T14:37:32.522043+09:00 0 0 경기77바2901 3 45 234000310 200000204 27 
2020-12-02T14:38:32.125986+09:00 0 0 경기77바2184 3 43 234000310 123000611 70 
2020-12-02T14:38:32.126049+09:00 0 0 경기77바2128 3 38 234000310 122000313 81 
2020-12-02T14:38:32.126070+09:00 0 0 경기77바3634 3 38 234000310 277102599 99 
2020-12-02T14:38:32.126085+09:00 0 0 경기77바2075 3 43 234000310 200000266 112 
2020-12-02T14:38:32.126101+09:00 0 0 경기77바3633 3 40 234000310 201000350 14 
2020-12-02T14:38:32.126115+09:00 0 0 경기77바3635 3 40 234000310 233001574 133 
2020-12-02T14:38:32.126129+09:00 0 0 경기77바3440 3 44 234000310 122000311 61 
2020-12-02T14:38:32.126142+09:00 0 0 경기77바2213 3 39 234000310 277103323 38 
2020-12-02T14:38:32.126155+09:00 0 0 경기77바2901 3 45 234000310 200000112 29 
2020-12-02T14:39:31.570189+09:00 0 0 경기77바2184 3 43 234000310 123000611 70 
2020-12-02T14:39:31.570253+09:00 0 0 경기77바3634 3 38 234000310 277102599 99 
2020-12-02T14:39:31.570274+09:00 0 0 경기77바2128 3 38 234000310 122000308 82 
2020-12-02T14:39:31.570290+09:00 0 0 경기77바3440 3 44 234000310 122000311 61 
2020-12-02T14:39:31.570307+09:00 0 0 경기77바2075 3 43 234000310 200000088 113 
2020-12-02T14:39:31.570322+09:00 0 0 경기77바3633 3 40 234000310 201000126 15 
2020-12-02T14:39:31.570336+09:00 0 0 경기77바2213 3 39 234000310 226000039 39 
2020-12-02T14:39:31.570349+09:00 0 0 경기77바2901 3 43 234000310 200000111 30 
2020-12-02T14:39:31.570363+09:00 0 0 경기77바3635 3 41 234000310 233000591 134 
2020-12-02T14:40:31.534217+09:00 0 0 경기77바2128 3 38 234000310 204000041 83 
2020-12-02T14:40:31.534281+09:00 0 0 경기77바3634 3 35 234000310 226000190 100 
2020-12-02T14:40:31.534301+09:00 0 0 경기77바2184 3 43 234000310 123000611 70 
2020-12-02T14:40:31.534317+09:00 0 0 경기77바3440 3 44 234000310 122000311 61 
2020-12-02T14:40:31.534334+09:00 0 0 경기77바3633 3 40 234000310 201000125 16 
2020-12-02T14:40:31.534349+09:00 0 0 경기77바2901 3 43 234000310 200000111 30 
2020-12-02T14:40:31.534363+09:00 0 0 경기77바2213 3 37 234000310 226000039 39 
2020-12-02T14:40:31.534377+09:00 0 0 경기77바2075 3 45 234000310 202000254 114 
2020-12-02T14:40:31.534390+09:00 0 0 경기77바3635 3 41 234000310 233000589 136 
2020-12-02T14:41:31.408482+09:00 0 0 경기77바3634 3 35 234000310 226000190 100 
2020-12-02T14:41:31.408545+09:00 0 0 경기77바2184 3 43 234000310 277102843 71 
2020-12-02T14:41:31.408566+09:00 0 0 경기77바2128 3 38 234000310 204000039 85 
2020-12-02T14:41:31.408582+09:00 0 0 경기77바3633 3 40 234000310 201000125 16 
2020-12-02T14:41:31.408598+09:00 0 0 경기77바3635 3 41 234000310 233000589 136 
2020-12-02T14:41:31.408612+09:00 0 0 경기77바3440 3 44 234000310 123000015 62 
2020-12-02T14:41:31.408627+09:00 0 0 경기77바2075 3 45 234000310 202000245 115 
2020-12-02T14:41:31.408640+09:00 0 0 경기77바2901 3 43 234000310 200000091 31 
2020-12-02T14:41:31.408653+09:00 0 0 경기77바2213 3 37 234000310 277103221 40 
2020-12-02T14:42:30.932676+09:00 0 0 경기77바2128 3 38 234000310 204000039 85 
2020-12-02T14:42:30.932740+09:00 0 0 경기77바3634 3 35 234000310 226000190 100 
2020-12-02T14:42:30.932760+09:00 0 0 경기77바2184 3 43 234000310 123000004 73 
2020-12-02T14:42:30.932776+09:00 0 0 경기77바2075 3 45 234000310 202000245 115 
2020-12-02T14:42:30.932793+09:00 0 0 경기77바3440 3 44 234000310 123000013 63 
2020-12-02T14:42:30.932808+09:00 0 0 경기77바2213 3 37 234000310 277103221 40 
2020-12-02T14:42:30.932822+09:00 0 0 경기77바2901 3 43 234000310 200000091 31 
2020-12-02T14:42:30.932835+09:00 0 0 경기77바3633 3 40 234000310 201000125 16 
2020-12-02T14:42:30.932848+09:00 0 0 경기77바3635 3 41 234000310 233000587 138 
2020-12-02T14:43:30.836879+09:00 0 0 경기77바2184 3 43 234000310 123000004 73 
2020-12-02T14:43:30.836942+09:00 0 0 경기77바3634 3 35 234000310 226000190 100 
2020-12-02T14:43:30.836973+09:00 0 0 경기77바2128 3 38 234000310 204000057 86 
2020-12-02T14:43:30.836989+09:00 0 0 경기77바2075 3 45 234000310 202000245 115 
2020-12-02T14:43:30.837004+09:00 0 0 경기77바3440 3 44 234000310 123000013 63 
2020-12-02T14:43:30.837019+09:00 0 0 경기77바2901 3 43 234000310 200000091 31 
2020-12-02T14:43:30.837069+09:00 0 0 경기77바3633 3 40 234000310 201000125 16 
2020-12-02T14:43:30.837089+09:00 0 0 경기77바3635 3 41 234000310 233000586 139 
2020-12-02T14:43:30.837102+09:00 0 0 경기77바2213 3 37 234000310 277103221 40 
2020-12-02T14:44:29.851103+09:00 0 0 경기77바2184 3 43 234000310 123000004 73 
2020-12-02T14:44:29.851175+09:00 0 0 경기77바3634 3 35 234000310 277103220 101 
2020-12-02T14:44:29.851194+09:00 0 0 경기77바2128 3 38 234000310 204000222 87 
2020-12-02T14:44:29.851209+09:00 0 0 경기77바3635 3 41 234000310 233000586 139 
2020-12-02T14:44:29.851224+09:00 0 0 경기77바2075 3 45 234000310 202000245 115 
2020-12-02T14:44:29.851243+09:00 0 0 경기77바2901 3 43 234000310 200000091 31 
2020-12-02T14:44:29.851257+09:00 0 0 경기77바2213 3 37 234000310 277103221 40 
2020-12-02T14:44:29.851270+09:00 0 0 경기77바3440 3 44 234000310 123000013 63 
2020-12-02T14:44:29.851282+09:00 0 0 경기77바3633 3 40 234000310 201000218 17 
2020-12-02T14:45:29.306753+09:00 0 0 경기77바2184 3 43 234000310 123000004 73 
2020-12-02T14:45:29.306812+09:00 0 0 경기77바3634 3 35 234000310 277103220 101 
2020-12-02T14:45:29.306831+09:00 0 0 경기77바2128 3 38 234000310 204000062 89 
2020-12-02T14:45:29.306846+09:00 0 0 경기77바3635 3 41 234000310 233000586 139 
2020-12-02T14:45:29.306869+09:00 0 0 경기77바2213 3 37 234000310 277103221 40 
2020-12-02T14:45:29.306883+09:00 0 0 경기77바2075 3 45 234000310 201000187 116 
2020-12-02T14:45:29.306897+09:00 0 0 경기77바2901 3 43 234000310 200000120 32 
2020-12-02T14:45:29.306911+09:00 0 0 경기77바3440 3 44 234000310 123000011 64 
2020-12-02T14:45:29.306924+09:00 0 0 경기77바3633 3 40 234000310 201000173 18 
2020-12-02T14:46:29.029402+09:00 0 0 경기77바2184 3 43 234000310 123000006 74 
2020-12-02T14:46:29.029463+09:00 0 0 경기77바2128 3 38 234000310 204000037 90 
2020-12-02T14:46:29.029483+09:00 0 0 경기77바3634 3 37 234000310 226000038 102 
2020-12-02T14:46:29.029499+09:00 0 0 경기77바3635 3 41 234000310 233000586 139 
2020-12-02T14:46:29.029515+09:00 0 0 경기77바3440 3 44 234000310 123000011 64 
2020-12-02T14:46:29.029530+09:00 0 0 경기77바3633 3 40 234000310 201000173 18 
2020-12-02T14:46:29.029544+09:00 0 0 경기77바2213 3 38 234000310 226000191 41 
2020-12-02T14:46:29.029557+09:00 0 0 경기77바2901 3 42 234000310 200000119 33 
2020-12-02T14:46:29.029571+09:00 0 0 경기77바2075 3 45 234000310 201000187 116 
2020-12-02T14:47:28.943874+09:00 0 0 경기77바2128 3 38 234000310 204000037 90 
2020-12-02T14:47:28.943941+09:00 0 0 경기77바3634 3 40 234000310 226000038 102 
2020-12-02T14:47:28.943963+09:00 0 0 경기77바3636 3 41 234000310 233001214 1 
2020-12-02T14:47:28.943986+09:00 0 0 경기77바2184 3 43 234000310 123000006 74 
2020-12-02T14:47:28.944006+09:00 0 0 경기77바3635 3 41 234000310 233000586 139 
2020-12-02T14:47:28.944026+09:00 0 0 경기77바3440 3 44 234000310 123000011 64 
2020-12-02T14:47:28.944041+09:00 0 0 경기77바2901 3 42 234000310 200000119 33 
2020-12-02T14:47:28.944055+09:00 0 0 경기77바2213 3 38 234000310 226000191 41 
2020-12-02T14:47:28.944068+09:00 0 0 경기77바3633 3 40 234000310 201000172 19 
2020-12-02T14:47:28.944082+09:00 0 0 경기77바2075 3 45 234000310 201000035 118 
2020-12-02T14:48:28.367826+09:00 0 0 경기77바2128 3 38 234000310 204000037 90 
2020-12-02T14:48:28.367890+09:00 0 0 경기77바3634 3 40 234000310 226000038 102 
2020-12-02T14:48:28.367911+09:00 0 0 경기77바2184 3 43 234000310 123000008 75 
2020-12-02T14:48:28.367927+09:00 0 0 경기77바3636 3 41 234000310 233000598 3 
2020-12-02T14:48:28.367944+09:00 0 0 경기77바3635 3 41 234000310 233000586 139 
2020-12-02T14:48:28.367959+09:00 0 0 경기77바3440 3 44 234000310 123000011 64 
2020-12-02T14:48:28.367973+09:00 0 0 경기77바3633 3 40 234000310 201000171 20 
2020-12-02T14:48:28.367986+09:00 0 0 경기77바2213 3 38 234000310 226000191 41 
2020-12-02T14:48:28.367999+09:00 0 0 경기77바2901 3 42 234000310 200000130 34 
2020-12-02T14:48:28.368013+09:00 0 0 경기77바2075 3 45 234000310 201000034 119 
2020-12-02T14:49:28.131972+09:00 0 0 경기77바3636 3 41 234000310 233000596 4 
2020-12-02T14:49:28.132036+09:00 0 0 경기77바3634 3 40 234000310 226000038 102 
2020-12-02T14:49:28.132055+09:00 0 0 경기77바2128 3 38 234000310 204000061 91 
2020-12-02T14:49:28.132071+09:00 0 0 경기77바2184 3 43 234000310 123000008 75 
2020-12-02T14:49:28.132087+09:00 0 0 경기77바3635 3 41 234000310 233000586 139 
2020-12-02T14:49:28.132102+09:00 0 0 경기77바3440 3 44 234000310 123000011 64 
2020-12-02T14:49:28.132116+09:00 0 0 경기77바2213 3 38 234000310 277102796 42 
2020-12-02T14:49:28.132130+09:00 0 0 경기77바3633 3 40 234000310 201000171 20 
2020-12-02T14:49:28.132143+09:00 0 0 경기77바2075 3 45 234000310 201000034 119 
2020-12-02T14:49:28.132157+09:00 0 0 경기77바2901 3 41 234000310 200000042 35 
2020-12-02T14:50:27.556201+09:00 0 0 경기77바2128 3 38 234000310 204000199 92 
2020-12-02T14:50:27.556264+09:00 0 0 경기77바2184 3 43 234000310 123000010 76 
2020-12-02T14:50:27.556284+09:00 0 0 경기77바3634 3 40 234000310 277103322 103 
2020-12-02T14:50:27.556301+09:00 0 0 경기77바3636 3 41 234000310 233000595 5 
2020-12-02T14:50:27.556321+09:00 0 0 경기77바3635 3 41 234000310 233000586 139 
2020-12-02T14:50:27.556336+09:00 0 0 경기77바3440 3 44 234000310 123000011 64 
2020-12-02T14:50:27.556351+09:00 0 0 경기77바2213 3 38 234000310 277102796 42 
2020-12-02T14:50:27.556365+09:00 0 0 경기77바3633 3 40 234000310 201000171 20 
2020-12-02T14:50:27.556378+09:00 0 0 경기77바2075 3 45 234000310 201000252 121 
2020-12-02T14:50:27.556392+09:00 0 0 경기77바2901 3 41 234000310 200000094 37 
2020-12-02T14:51:27.620267+09:00 0 0 경기77바2184 3 42 234000310 123000010 76 
2020-12-02T14:51:27.620329+09:00 0 0 경기77바3636 3 41 234000310 233000002 7 
2020-12-02T14:51:27.620350+09:00 0 0 경기77바3634 3 40 234000310 277103322 103 
2020-12-02T14:51:27.620367+09:00 0 0 경기77바2128 3 38 234000310 204000060 93 
2020-12-02T14:51:27.620383+09:00 0 0 경기77바3635 3 41 234000310 233000586 139 
2020-12-02T14:51:27.620399+09:00 0 0 경기77바2901 3 41 234000310 200000094 37 
2020-12-02T14:51:27.620413+09:00 0 0 경기77바3633 3 40 234000310 201000031 21 
2020-12-02T14:51:27.620427+09:00 0 0 경기77바2213 3 38 234000310 277102796 42 
2020-12-02T14:51:27.620440+09:00 0 0 경기77바3440 3 42 234000310 123000009 65 
2020-12-02T14:51:27.620454+09:00 0 0 경기77바2075 3 45 234000310 201000470 122 
2020-12-02T14:52:26.584377+09:00 0 0 경기77바3634 3 40 234000310 277103322 103 
2020-12-02T14:52:26.584437+09:00 0 0 경기77바2184 3 42 234000310 123000012 77 
2020-12-02T14:52:26.584457+09:00 0 0 경기77바3636 3 41 234000310 201000260 9 
2020-12-02T14:52:26.584473+09:00 0 0 경기77바2128 3 38 234000310 204000060 93 
2020-12-02T14:52:26.584488+09:00 0 0 경기77바3635 3 41 234000310 233000586 139 
2020-12-02T14:52:26.584503+09:00 0 0 경기77바2901 3 41 234000310 200000094 37 
2020-12-02T14:52:26.584516+09:00 0 0 경기77바2075 3 45 234000310 201000217 123 
2020-12-02T14:52:26.584530+09:00 0 0 경기77바3440 3 42 234000310 123000007 66 
2020-12-02T14:52:26.584542+09:00 0 0 경기77바3633 3 40 234000310 201000189 23 
2020-12-02T14:52:26.584557+09:00 0 0 경기77바2213 3 38 234000310 277103148 43 
2020-12-02T14:53:26.768631+09:00 0 0 경기77바2184 3 42 234000310 123000012 77 
2020-12-02T14:53:26.768693+09:00 0 0 경기77바3636 3 41 234000310 201000153 11 
2020-12-02T14:53:26.768712+09:00 0 0 경기77바2128 3 38 234000310 206000542 94 
2020-12-02T14:53:26.768726+09:00 0 0 경기77바3634 3 40 234000310 200000152 104 
2020-12-02T14:53:26.768754+09:00 0 0 경기77바3635 3 41 234000310 233000586 139 
2020-12-02T14:53:26.768768+09:00 0 0 경기77바2213 3 38 234000310 277103148 43 
2020-12-02T14:53:26.768781+09:00 0 0 경기77바2075 3 45 234000310 201000217 123 
2020-12-02T14:53:26.768794+09:00 0 0 경기77바3440 3 42 234000310 123000007 66 
2020-12-02T14:53:26.768807+09:00 0 0 경기77바2901 3 41 234000310 200000094 37 
2020-12-02T14:53:26.768820+09:00 0 0 경기77바3633 3 40 234000310 201000188 24 
2020-12-02T14:54:30.102911+09:00 0 0 경기77바2184 3 42 234000310 123000012 77 
2020-12-02T14:54:30.102966+09:00 0 0 경기77바3634 3 40 234000310 200000151 105 
2020-12-02T14:54:30.102986+09:00 0 0 경기77바2128 3 38 234000310 206000561 96 
2020-12-02T14:54:30.103001+09:00 0 0 경기77바3636 3 41 234000310 201000153 11 
2020-12-02T14:54:30.103017+09:00 0 0 경기77바3635 3 41 234000310 233000586 139 
2020-12-02T14:54:30.103031+09:00 0 0 경기77바2213 3 38 234000310 277103148 43 
2020-12-02T14:54:30.103045+09:00 0 0 경기77바3633 3 40 234000310 201000188 24 
2020-12-02T14:54:30.103058+09:00 0 0 경기77바3440 3 42 234000310 123000005 67 
2020-12-02T14:54:30.103071+09:00 0 0 경기77바2901 3 41 234000310 200000094 37 
2020-12-02T14:54:30.103085+09:00 0 0 경기77바2075 3 45 234000310 201000157 124 
2020-12-02T14:55:25.096775+09:00 0 0 경기77바2128 3 38 234000310 206000561 96 
2020-12-02T14:55:25.096839+09:00 0 0 경기77바3634 3 40 234000310 200000127 106 
2020-12-02T14:55:25.096860+09:00 0 0 경기77바3636 3 41 234000310 201000152 12 
2020-12-02T14:55:25.096876+09:00 0 0 경기77바2184 3 43 234000310 123000014 78 
2020-12-02T14:55:25.096892+09:00 0 0 경기77바3635 3 41 234000310 233000586 139 
2020-12-02T14:55:25.096907+09:00 0 0 경기77바3440 3 42 234000310 123000005 67 
2020-12-02T14:55:25.096921+09:00 0 0 경기77바2901 3 41 234000310 277103323 38 
2020-12-02T14:55:25.096934+09:00 0 0 경기77바2213 3 38 234000310 206000538 44 
2020-12-02T14:55:25.096948+09:00 0 0 경기77바3633 3 40 234000310 201000188 24 
2020-12-02T14:55:25.096962+09:00 0 0 경기77바2075 3 45 234000310 201000122 125 
2020-12-02T14:56:25.180974+09:00 0 0 경기77바2184 3 43 234000310 123000014 78 
2020-12-02T14:56:25.181065+09:00 0 0 경기77바3634 3 40 234000310 200000117 107 
2020-12-02T14:56:25.181090+09:00 0 0 경기77바2128 3 38 234000310 206000544 97 
2020-12-02T14:56:25.181107+09:00 0 0 경기77바3636 3 41 234000310 201000152 12 
2020-12-02T14:56:25.181123+09:00 0 0 경기77바3635 3 41 234000310 233000586 139 
2020-12-02T14:56:25.181138+09:00 0 0 경기77바3440 3 42 234000310 123000005 67 
2020-12-02T14:56:25.181152+09:00 0 0 경기77바2075 3 45 234000310 201000122 125 
2020-12-02T14:56:25.181165+09:00 0 0 경기77바2213 3 38 234000310 206000577 45 
2020-12-02T14:56:25.181179+09:00 0 0 경기77바3633 3 40 234000310 202000255 25 
2020-12-02T14:56:25.181193+09:00 0 0 경기77바2901 3 42 234000310 277103323 38 
2020-12-02T14:57:25.305341+09:00 0 0 경기77바3636 3 41 234000310 201000152 12 
2020-12-02T14:57:25.305404+09:00 0 0 경기77바3634 3 40 234000310 200000117 107 
2020-12-02T14:57:25.305424+09:00 0 0 경기77바2184 3 43 234000310 123000014 78 
2020-12-02T14:57:25.305440+09:00 0 0 경기77바2128 3 36 234000310 277103149 98 
2020-12-02T14:57:25.305456+09:00 0 0 경기77바3635 3 41 234000310 233000586 139 
2020-12-02T14:57:25.305471+09:00 0 0 경기77바2213 3 38 234000310 206000539 46 
2020-12-02T14:57:25.305485+09:00 0 0 경기77바3633 3 40 234000310 202000251 26 
2020-12-02T14:57:25.305498+09:00 0 0 경기77바2901 3 42 234000310 226000039 39 
2020-12-02T14:57:25.305511+09:00 0 0 경기77바3440 3 43 234000310 123000003 68 
2020-12-02T14:57:25.305526+09:00 0 0 경기77바2075 3 45 234000310 201000355 127 
2020-12-02T14:58:24.279277+09:00 0 0 경기77바3634 3 40 234000310 200000116 108 
2020-12-02T14:58:24.279338+09:00 0 0 경기77바2128 3 36 234000310 277103149 98 
2020-12-02T14:58:24.279358+09:00 0 0 경기77바3636 3 41 234000310 201000352 13 
2020-12-02T14:58:24.279374+09:00 0 0 경기77바2184 3 42 234000310 123000016 79 
2020-12-02T14:58:24.279390+09:00 0 0 경기77바2213 3 38 234000310 206000539 46 
2020-12-02T14:58:24.279405+09:00 0 0 경기77바3440 3 43 234000310 123000003 68 
2020-12-02T14:58:24.279419+09:00 0 0 경기77바3633 3 39 234000310 202000251 26 
2020-12-02T14:58:24.279432+09:00 0 0 경기77바2075 3 45 234000310 201000353 128 
2020-12-02T14:58:24.279445+09:00 0 0 경기77바2901 3 40 234000310 226000039 39 
2020-12-02T14:59:24.553575+09:00 0 0 경기77바3636 3 41 234000310 201000352 13 
2020-12-02T14:59:24.553638+09:00 0 0 경기77바2128 3 36 234000310 277103149 98 
2020-12-02T14:59:24.553659+09:00 0 0 경기77바3634 3 40 234000310 200000116 108 
2020-12-02T14:59:24.553676+09:00 0 0 경기77바2184 3 42 234000310 123000016 79 
2020-12-02T14:59:24.553692+09:00 0 0 경기77바2213 3 38 234000310 206000539 46 
2020-12-02T14:59:24.553707+09:00 0 0 경기77바3633 3 39 234000310 202000251 26 
2020-12-02T14:59:24.553721+09:00 0 0 경기77바2075 3 45 234000310 201000353 128 
2020-12-02T14:59:24.553734+09:00 0 0 경기77바2901 3 40 234000310 226000039 39 
2020-12-02T14:59:24.553747+09:00 0 0 경기77바3440 3 43 234000310 277102839 69 
2020-12-02T15:00:23.587656+09:00 0 0 경기77바2184 3 42 234000310 123000016 79 
2020-12-02T15:00:23.587719+09:00 0 0 경기77바3634 3 40 234000310 200000090 109 
2020-12-02T15:00:23.587740+09:00 0 0 경기77바2128 3 36 234000310 277103149 98 
2020-12-02T15:00:23.587756+09:00 0 0 경기77바3636 3 41 234000310 201000350 14 
2020-12-02T15:00:23.587772+09:00 0 0 경기77바3633 3 39 234000310 200000204 27 
2020-12-02T15:00:23.587787+09:00 0 0 경기77바2075 3 45 234000310 201000353 128 
2020-12-02T15:00:23.587801+09:00 0 0 경기77바3440 3 44 234000310 123000611 70 
2020-12-02T15:00:23.587815+09:00 0 0 경기77바2213 3 37 234000310 206000540 47 
2020-12-02T15:00:23.587828+09:00 0 0 경기77바2901 3 40 234000310 277103221 40 
2020-12-02T15:01:22.931713+09:00 0 0 경기77바2128 3 36 234000310 277103149 98 
2020-12-02T15:01:22.931777+09:00 0 0 경기77바3634 3 40 234000310 200000090 109 
2020-12-02T15:01:22.931798+09:00 0 0 경기77바3636 3 41 234000310 201000350 14 
2020-12-02T15:01:22.931816+09:00 0 0 경기77바2184 3 42 234000310 123000016 79 
2020-12-02T15:01:22.931832+09:00 0 0 경기77바3633 3 39 234000310 200000204 27 
2020-12-02T15:01:22.931847+09:00 0 0 경기77바3440 3 44 234000310 123000611 70 
2020-12-02T15:01:22.931862+09:00 0 0 경기77바2901 3 40 234000310 277103221 40 
2020-12-02T15:01:22.931876+09:00 0 0 경기77바2075 3 45 234000310 201000130 129 
2020-12-02T15:01:22.931889+09:00 0 0 경기77바2213 3 37 234000310 204000064 48 
2020-12-02T15:02:23.335855+09:00 0 0 경기77바2128 3 36 234000310 277103149 98 
2020-12-02T15:02:23.335920+09:00 0 0 경기77바3636 3 41 234000310 201000350 14 
2020-12-02T15:02:23.335943+09:00 0 0 경기77바2184 3 42 234000310 123000016 79 
2020-12-02T15:02:23.335962+09:00 0 0 경기77바3634 3 40 234000310 200000096 110 
2020-12-02T15:02:23.335981+09:00 0 0 경기77바3440 3 44 234000310 123000611 70 
2020-12-02T15:02:23.335997+09:00 0 0 경기77바3633 3 39 234000310 200000204 27 
2020-12-02T15:02:23.336014+09:00 0 0 경기77바2213 3 37 234000310 204000200 49 
2020-12-02T15:02:23.336044+09:00 0 0 경기77바2075 3 45 234000310 201000151 130 
2020-12-02T15:02:23.336058+09:00 0 0 경기77바2901 3 40 234000310 277103221 40 
2020-12-02T15:03:22.379998+09:00 0 0 경기77바2184 3 42 234000310 123000016 79 
2020-12-02T15:03:22.380059+09:00 0 0 경기77바3636 3 41 234000310 201000126 15 
2020-12-02T15:03:22.380080+09:00 0 0 경기77바3634 3 43 234000310 200000096 110 
2020-12-02T15:03:22.380095+09:00 0 0 경기77바2128 3 36 234000310 277102599 99 
2020-12-02T15:03:22.380111+09:00 0 0 경기77바3440 3 44 234000310 123000611 70 
2020-12-02T15:03:22.380126+09:00 0 0 경기77바2901 3 40 234000310 277103221 40 
2020-12-02T15:03:22.380140+09:00 0 0 경기77바2075 3 45 234000310 201000151 130 
2020-12-02T15:03:22.380153+09:00 0 0 경기77바2213 3 37 234000310 204000063 50 
2020-12-02T15:03:22.380167+09:00 0 0 경기77바3633 3 38 234000310 200000113 28 
2020-12-02T15:04:21.564136+09:00 0 0 경기77바2184 3 42 234000310 123000016 79 
2020-12-02T15:04:21.564202+09:00 0 0 경기77바3634 3 43 234000310 200000147 111 
2020-12-02T15:04:21.564223+09:00 0 0 경기77바3636 3 41 234000310 201000125 16 
2020-12-02T15:04:21.564239+09:00 0 0 경기77바2128 3 36 234000310 277102599 99 
2020-12-02T15:04:21.564256+09:00 0 0 경기77바3633 3 38 234000310 200000112 29 
2020-12-02T15:04:21.564271+09:00 0 0 경기77바3440 3 44 234000310 123000611 70 
2020-12-02T15:04:21.564284+09:00 0 0 경기77바2075 3 45 234000310 201000151 130 
2020-12-02T15:04:21.564298+09:00 0 0 경기77바2213 3 37 234000310 204000063 50 
2020-12-02T15:04:21.564311+09:00 0 0 경기77바2901 3 40 234000310 226000191 41 
2020-12-02T15:05:21.198214+09:00 0 0 경기77바3636 3 41 234000310 201000125 16 
2020-12-02T15:05:21.198295+09:00 0 0 경기77바3634 3 44 234000310 200000266 112 
2020-12-02T15:05:21.198315+09:00 0 0 경기77바2184 3 42 234000310 122000313 81 
2020-12-02T15:05:21.198330+09:00 0 0 경기77바2128 3 36 234000310 226000190 100 
2020-12-02T15:05:21.198347+09:00 0 0 경기77바3440 3 44 234000310 123000611 70 
2020-12-02T15:05:21.198361+09:00 0 0 경기77바2075 3 45 234000310 201000151 130 
2020-12-02T15:05:21.198375+09:00 0 0 경기77바3633 3 38 234000310 200000112 29 
2020-12-02T15:05:21.198388+09:00 0 0 경기77바2901 3 41 234000310 226000191 41 
2020-12-02T15:05:21.198402+09:00 0 0 경기77바2213 3 37 234000310 204000063 50 
2020-12-02T15:06:21.442318+09:00 0 0 경기77바3636 3 41 234000310 201000125 16 
2020-12-02T15:06:21.442381+09:00 0 0 경기77바2184 3 42 234000310 122000313 81 
2020-12-02T15:06:21.442400+09:00 0 0 경기77바2128 3 37 234000310 226000190 100 
2020-12-02T15:06:21.442416+09:00 0 0 경기77바3634 3 45 234000310 200000088 113 
2020-12-02T15:06:21.442432+09:00 0 0 경기77바2075 3 45 234000310 233000592 132 
2020-12-02T15:06:21.442447+09:00 0 0 경기77바3440 3 44 234000310 123000611 70 
2020-12-02T15:06:21.442461+09:00 0 0 경기77바3633 3 39 234000310 200000111 30 
2020-12-02T15:06:21.442475+09:00 0 0 경기77바2901 3 41 234000310 226000191 41 
2020-12-02T15:06:21.442488+09:00 0 0 경기77바2213 3 37 234000310 204000001 52 
2020-12-02T15:07:20.447302+09:00 0 0 경기77바2184 3 42 234000310 122000313 81 
2020-12-02T15:07:20.447368+09:00 0 0 경기77바3634 3 45 234000310 200000088 113 
2020-12-02T15:07:20.447388+09:00 0 0 경기77바2128 3 37 234000310 226000190 100 
2020-12-02T15:07:20.447405+09:00 0 0 경기77바3636 3 41 234000310 201000125 16 
2020-12-02T15:07:20.447421+09:00 0 0 경기77바3633 3 39 234000310 200000111 30 
2020-12-02T15:07:20.447436+09:00 0 0 경기77바2213 3 37 234000310 204000223 54 
2020-12-02T15:07:20.447450+09:00 0 0 경기77바2901 3 41 234000310 277102796 42 
2020-12-02T15:07:20.447464+09:00 0 0 경기77바3440 3 42 234000310 277102843 71 
2020-12-02T15:07:20.447477+09:00 0 0 경기77바2075 3 45 234000310 233001574 133 
2020-12-02T15:08:20.640590+09:00 0 0 경기77바2184 3 42 234000310 122000313 81 
2020-12-02T15:08:20.640652+09:00 0 0 경기77바3634 3 45 234000310 202000254 114 
2020-12-02T15:08:20.640672+09:00 0 0 경기77바3636 3 41 234000310 201000218 17 
2020-12-02T15:08:20.640688+09:00 0 0 경기77바2128 3 37 234000310 226000190 100 
2020-12-02T15:08:20.640704+09:00 0 0 경기77바3440 3 42 234000310 277102180 72 
2020-12-02T15:08:20.640719+09:00 0 0 경기77바2213 3 37 234000310 204000223 54 
2020-12-02T15:08:20.640732+09:00 0 0 경기77바3633 3 39 234000310 200000111 30 
2020-12-02T15:08:20.640746+09:00 0 0 경기77바2075 3 45 234000310 233000590 135 
2020-12-02T15:08:20.640759+09:00 0 0 경기77바2901 3 41 234000310 277102796 42 
2020-12-02T15:09:19.434843+09:00 0 0 경기77바2184 3 42 234000310 122000308 82 
2020-12-02T15:09:19.434906+09:00 0 0 경기77바3634 3 45 234000310 202000254 114 
2020-12-02T15:09:19.434926+09:00 0 0 경기77바2128 3 37 234000310 226000190 100 
2020-12-02T15:09:19.434942+09:00 0 0 경기77바3636 3 41 234000310 201000173 18 
2020-12-02T15:09:19.434958+09:00 0 0 경기77바3633 3 38 234000310 200000091 31 
2020-12-02T15:09:19.434974+09:00 0 0 경기77바3440 3 41 234000310 123000004 73 
2020-12-02T15:09:19.434988+09:00 0 0 경기77바2901 3 41 234000310 277102796 42 
2020-12-02T15:09:19.435001+09:00 0 0 경기77바2075 3 45 234000310 233000589 136 
2020-12-02T15:09:19.435014+09:00 0 0 경기77바2213 3 37 234000310 204000043 57 
2020-12-02T15:10:19.348840+09:00 0 0 경기77바3636 3 41 234000310 201000173 18 
2020-12-02T15:10:19.348903+09:00 0 0 경기77바3634 3 45 234000310 202000245 115 
2020-12-02T15:10:19.348923+09:00 0 0 경기77바2128 3 37 234000310 277103220 101 
2020-12-02T15:10:19.348940+09:00 0 0 경기77바2184 3 42 234000310 204000041 83 
2020-12-02T15:10:19.348957+09:00 0 0 경기77바3440 3 41 234000310 123000004 73 
2020-12-02T15:10:19.348972+09:00 0 0 경기77바3633 3 38 234000310 200000120 32 
2020-12-02T15:10:19.348987+09:00 0 0 경기77바2901 3 41 234000310 277102796 42 
2020-12-02T15:10:19.349000+09:00 0 0 경기77바2213 3 37 234000310 204000043 57 
2020-12-02T15:10:19.349013+09:00 0 0 경기77바2075 3 45 234000310 233000588 137 
2020-12-02T15:11:19.113096+09:00 0 0 경기77바2184 3 42 234000310 204000040 84 
2020-12-02T15:11:19.113164+09:00 0 0 경기77바3634 3 45 234000310 202000245 115 
2020-12-02T15:11:19.113185+09:00 0 0 경기77바3636 3 41 234000310 201000173 18 
2020-12-02T15:11:19.113202+09:00 0 0 경기77바2128 3 37 234000310 226000038 102 
2020-12-02T15:11:19.113219+09:00 0 0 경기77바3633 3 38 234000310 200000119 33 
2020-12-02T15:11:19.113233+09:00 0 0 경기77바3440 3 41 234000310 123000006 74 
2020-12-02T15:11:19.113248+09:00 0 0 경기77바2213 3 37 234000310 204000042 58 
2020-12-02T15:11:19.113261+09:00 0 0 경기77바2901 3 41 234000310 277103148 43 
2020-12-02T15:11:19.113274+09:00 0 0 경기77바2075 3 45 234000310 233000586 139 
2020-12-02T15:12:18.947162+09:00 0 0 경기77바3634 3 45 234000310 202000245 115 
2020-12-02T15:12:18.947223+09:00 0 0 경기77바2184 3 42 234000310 204000039 85 
2020-12-02T15:12:18.947243+09:00 0 0 경기77바2128 3 37 234000310 226000038 102 
2020-12-02T15:12:18.947258+09:00 0 0 경기77바3636 3 41 234000310 201000171 20 
2020-12-02T15:12:18.947275+09:00 0 0 경기77바3633 3 38 234000310 200000119 33 
2020-12-02T15:12:18.947289+09:00 0 0 경기77바2901 3 41 234000310 206000538 44 
2020-12-02T15:12:18.947303+09:00 0 0 경기77바3440 3 40 234000310 123000006 74 
2020-12-02T15:12:18.947317+09:00 0 0 경기77바2213 3 38 234000310 122000309 59 
2020-12-02T15:12:18.947330+09:00 0 0 경기77바2075 3 45 234000310 233000586 139 
2020-12-02T15:13:18.571255+09:00 0 0 경기77바3634 3 45 234000310 201000187 116 
2020-12-02T15:13:18.571318+09:00 0 0 경기77바2184 3 42 234000310 204000057 86 
2020-12-02T15:13:18.571338+09:00 0 0 경기77바2128 3 37 234000310 226000038 102 
2020-12-02T15:13:18.571355+09:00 0 0 경기77바3636 3 41 234000310 201000031 21 
2020-12-02T15:13:18.571371+09:00 0 0 경기77바2075 3 45 234000310 233000586 139 
2020-12-02T15:13:18.571386+09:00 0 0 경기77바3440 3 40 234000310 123000006 74 
2020-12-02T15:13:18.571400+09:00 0 0 경기77바2213 3 38 234000310 122000310 60 
2020-12-02T15:13:18.571414+09:00 0 0 경기77바2901 3 41 234000310 206000577 45 
2020-12-02T15:13:18.571427+09:00 0 0 경기77바3633 3 38 234000310 200000130 34 
2020-12-02T15:14:18.125384+09:00 0 0 경기77바2128 3 37 234000310 226000038 102 
2020-12-02T15:14:18.125445+09:00 0 0 경기77바2184 3 42 234000310 204000222 87 
2020-12-02T15:14:18.125464+09:00 0 0 경기77바3634 3 45 234000310 201000186 117 
2020-12-02T15:14:18.125480+09:00 0 0 경기77바3636 3 41 234000310 201000031 21 
2020-12-02T15:14:18.125496+09:00 0 0 경기77바2213 3 38 234000310 122000311 61 
2020-12-02T15:14:18.125511+09:00 0 0 경기77바3440 3 40 234000310 123000008 75 
2020-12-02T15:14:18.125526+09:00 0 0 경기77바2901 3 41 234000310 206000539 46 
2020-12-02T15:14:18.125539+09:00 0 0 경기77바3633 3 38 234000310 200000042 35 
2020-12-02T15:14:18.125552+09:00 0 0 경기77바2075 3 45 234000310 233000586 139 
2020-12-02T15:15:17.779443+09:00 0 0 경기77바2190 3 44 234000310 233001214 1 
2020-12-02T15:15:17.779506+09:00 0 0 경기77바2128 3 37 234000310 277103322 103 
2020-12-02T15:15:17.779526+09:00 0 0 경기77바3636 3 41 234000310 201000189 23 
2020-12-02T15:15:17.779543+09:00 0 0 경기77바2184 3 42 234000310 204000062 89 
2020-12-02T15:15:17.779559+09:00 0 0 경기77바3634 3 45 234000310 201000035 118 
2020-12-02T15:15:17.779575+09:00 0 0 경기77바3440 3 40 234000310 123000008 75 
2020-12-02T15:15:17.779589+09:00 0 0 경기77바2901 3 41 234000310 206000539 46 
2020-12-02T15:15:17.779602+09:00 0 0 경기77바2213 3 38 234000310 122000311 61 
2020-12-02T15:15:17.779615+09:00 0 0 경기77바3633 3 38 234000310 200000094 37 
2020-12-02T15:15:17.779635+09:00 0 0 경기77바2075 3 45 234000310 233000586 139 
2020-12-02T15:16:17.603625+09:00 0 0 경기77바3634 3 45 234000310 201000035 118 
2020-12-02T15:16:17.603687+09:00 0 0 경기77바2128 3 37 234000310 277103322 103 
2020-12-02T15:16:17.603707+09:00 0 0 경기77바2184 3 42 234000310 204000037 90 
2020-12-02T15:16:17.603724+09:00 0 0 경기77바2190 3 44 234000310 233000598 3 
2020-12-02T15:16:17.603740+09:00 0 0 경기77바3636 3 41 234000310 201000188 24 
2020-12-02T15:16:17.603755+09:00 0 0 경기77바3440 3 40 234000310 123000008 75 
2020-12-02T15:16:17.603769+09:00 0 0 경기77바2075 3 45 234000310 233000586 139 
2020-12-02T15:16:17.603782+09:00 0 0 경기77바2901 3 41 234000310 206000539 46 
2020-12-02T15:16:17.603795+09:00 0 0 경기77바2213 3 38 234000310 122000311 61 
2020-12-02T15:16:17.603809+09:00 0 0 경기77바3633 3 38 234000310 200000094 37 
2020-12-02T15:17:17.297780+09:00 0 0 경기77바2128 3 37 234000310 277103322 103 
2020-12-02T15:17:17.297843+09:00 0 0 경기77바2184 3 42 234000310 204000037 90 
2020-12-02T15:17:17.297863+09:00 0 0 경기77바3636 3 41 234000310 201000188 24 
2020-12-02T15:17:17.297878+09:00 0 0 경기77바3634 3 45 234000310 201000034 119 
2020-12-02T15:17:17.297894+09:00 0 0 경기77바2190 3 44 234000310 233000596 4 
2020-12-02T15:17:17.297909+09:00 0 0 경기77바2075 3 45 234000310 233000586 139 
2020-12-02T15:17:17.297923+09:00 0 0 경기77바2213 3 38 234000310 122000311 61 
2020-12-02T15:17:17.297936+09:00 0 0 경기77바3440 3 38 234000310 123000010 76 
2020-12-02T15:17:17.297949+09:00 0 0 경기77바3633 3 38 234000310 200000094 37 
2020-12-02T15:17:17.297963+09:00 0 0 경기77바2901 3 42 234000310 206000540 47 
2020-12-02T15:18:17.061909+09:00 0 0 경기77바2128 3 37 234000310 277103322 103 
2020-12-02T15:18:17.061973+09:00 0 0 경기77바2184 3 42 234000310 204000037 90 
2020-12-02T15:18:17.061993+09:00 0 0 경기77바2190 3 44 234000310 233000596 4 
2020-12-02T15:18:17.062009+09:00 0 0 경기77바3634 3 45 234000310 201000253 120 
2020-12-02T15:18:17.062026+09:00 0 0 경기77바3636 3 41 234000310 201000188 24 
2020-12-02T15:18:17.062040+09:00 0 0 경기77바2075 3 45 234000310 233000586 139 
2020-12-02T15:18:17.062054+09:00 0 0 경기77바3440 3 38 234000310 123000010 76 
2020-12-02T15:18:17.062068+09:00 0 0 경기77바2213 3 38 234000310 122000311 61 
2020-12-02T15:18:17.062081+09:00 0 0 경기77바2901 3 42 234000310 204000064 48 
2020-12-02T15:18:17.062094+09:00 0 0 경기77바3633 3 38 234000310 200000094 37 
2020-12-02T15:19:17.105945+09:00 0 0 경기77바3634 3 45 234000310 201000252 121 
2020-12-02T15:19:17.106009+09:00 0 0 경기77바3636 3 41 234000310 202000255 25 
2020-12-02T15:19:17.106029+09:00 0 0 경기77바2184 3 42 234000310 204000061 91 
2020-12-02T15:19:17.106045+09:00 0 0 경기77바2190 3 44 234000310 233000002 7 
2020-12-02T15:19:17.106062+09:00 0 0 경기77바2128 3 38 234000310 200000152 104 
2020-12-02T15:19:17.106076+09:00 0 0 경기77바2075 3 45 234000310 233000586 139 
2020-12-02T15:19:17.106091+09:00 0 0 경기77바3440 3 38 234000310 123000010 76 
2020-12-02T15:19:17.106109+09:00 0 0 경기77바3633 3 38 234000310 277103323 38 
2020-12-02T15:19:17.106124+09:00 0 0 경기77바2901 3 42 234000310 204000200 49 
2020-12-02T15:19:17.106138+09:00 0 0 경기77바2213 3 38 234000310 122000311 61 
2020-12-02T15:20:15.720082+09:00 0 0 경기77바2184 3 42 234000310 204000199 92 
2020-12-02T15:20:15.720141+09:00 0 0 경기77바2128 3 38 234000310 200000151 105 
2020-12-02T15:20:15.720161+09:00 0 0 경기77바3636 3 41 234000310 202000255 25 
2020-12-02T15:20:15.720178+09:00 0 0 경기77바2190 3 44 234000310 201000260 9 
2020-12-02T15:20:15.720193+09:00 0 0 경기77바3634 3 45 234000310 201000470 122 
2020-12-02T15:20:15.720208+09:00 0 0 경기77바2075 3 45 234000310 233000586 139 
2020-12-02T15:20:15.720221+09:00 0 0 경기77바2213 3 38 234000310 123000015 62 
2020-12-02T15:20:15.720234+09:00 0 0 경기77바3633 3 38 234000310 277103323 38 
2020-12-02T15:20:15.720248+09:00 0 0 경기77바2901 3 42 234000310 204000063 50 
2020-12-02T15:20:15.720261+09:00 0 0 경기77바3440 3 38 234000310 123000012 77 
2020-12-02T15:21:15.094103+09:00 0 0 경기77바2190 3 44 234000310 201000260 9 
2020-12-02T15:21:15.094163+09:00 0 0 경기77바3634 3 45 234000310 201000217 123 
2020-12-02T15:21:15.094183+09:00 0 0 경기77바2128 3 38 234000310 200000151 105 
2020-12-02T15:21:15.094199+09:00 0 0 경기77바3636 3 41 234000310 202000251 26 
2020-12-02T15:21:15.094215+09:00 0 0 경기77바2184 3 42 234000310 204000060 93 
2020-12-02T15:21:15.094229+09:00 0 0 경기77바2075 3 45 234000310 233000586 139 
2020-12-02T15:21:15.094243+09:00 0 0 경기77바2901 3 42 234000310 204000063 50 
2020-12-02T15:21:15.094256+09:00 0 0 경기77바3440 3 38 234000310 123000012 77 
2020-12-02T15:21:15.094269+09:00 0 0 경기77바3633 3 39 234000310 226000039 39 
2020-12-02T15:21:15.094283+09:00 0 0 경기77바2213 3 39 234000310 123000013 63 
2020-12-02T15:22:15.048290+09:00 0 0 경기77바3636 3 41 234000310 202000251 26 
2020-12-02T15:22:15.048367+09:00 0 0 경기77바2128 3 38 234000310 200000127 106 
2020-12-02T15:22:15.048386+09:00 0 0 경기77바2184 3 42 234000310 204000060 93 
2020-12-02T15:22:15.048401+09:00 0 0 경기77바3634 3 45 234000310 201000217 123 
2020-12-02T15:22:15.048417+09:00 0 0 경기77바2190 3 44 234000310 201000153 11 
2020-12-02T15:22:15.048431+09:00 0 0 경기77바2075 3 45 234000310 233000586 139 
2020-12-02T15:22:15.048444+09:00 0 0 경기77바3440 3 38 234000310 123000014 78 
2020-12-02T15:22:15.048457+09:00 0 0 경기77바2213 3 39 234000310 123000013 63 
2020-12-02T15:22:15.048469+09:00 0 0 경기77바3633 3 38 234000310 226000039 39 
2020-12-02T15:22:15.048483+09:00 0 0 경기77바2901 3 42 234000310 204000002 51 
2020-12-02T15:23:15.012458+09:00 0 0 경기77바2128 3 38 234000310 200000117 107 
2020-12-02T15:23:15.012521+09:00 0 0 경기77바3634 3 45 234000310 201000157 124 
2020-12-02T15:23:15.012542+09:00 0 0 경기77바2190 3 44 234000310 201000152 12 
2020-12-02T15:23:15.012557+09:00 0 0 경기77바2184 3 40 234000310 206000542 94 
2020-12-02T15:23:15.012573+09:00 0 0 경기77바3636 3 41 234000310 202000251 26 
2020-12-02T15:23:15.012588+09:00 0 0 경기77바3440 3 38 234000310 123000014 78 
2020-12-02T15:23:15.012602+09:00 0 0 경기77바2213 3 39 234000310 123000013 63 
2020-12-02T15:23:15.012615+09:00 0 0 경기77바3633 3 38 234000310 226000039 39 
2020-12-02T15:23:15.012628+09:00 0 0 경기77바2901 3 42 234000310 204000001 52 
2020-12-02T15:23:15.012642+09:00 0 0 경기77바2075 3 45 234000310 233000586 139 
2020-12-02T15:24:14.746654+09:00 0 0 경기77바2128 3 38 234000310 200000117 107 
2020-12-02T15:24:14.746721+09:00 0 0 경기77바2190 3 44 234000310 201000152 12 
2020-12-02T15:24:14.746742+09:00 0 0 경기77바2184 3 40 234000310 206000542 94 
2020-12-02T15:24:14.746758+09:00 0 0 경기77바3634 3 45 234000310 201000157 124 
2020-12-02T15:24:14.746774+09:00 0 0 경기77바3636 3 40 234000310 200000204 27 
2020-12-02T15:24:14.746788+09:00 0 0 경기77바2075 3 45 234000310 233000586 139 
2020-12-02T15:24:14.746802+09:00 0 0 경기77바2901 3 42 234000310 204000001 52 
2020-12-02T15:24:14.746815+09:00 0 0 경기77바3440 3 38 234000310 123000014 78 
2020-12-02T15:24:14.746829+09:00 0 0 경기77바3633 3 38 234000310 277103221 40 
2020-12-02T15:24:14.746843+09:00 0 0 경기77바2213 3 40 234000310 123000011 64 
2020-12-02T15:25:14.440643+09:00 0 0 경기77바2190 3 44 234000310 201000152 12 
2020-12-02T15:25:14.440706+09:00 0 0 경기77바3634 3 45 234000310 201000122 125 
2020-12-02T15:25:14.440726+09:00 0 0 경기77바3636 3 40 234000310 200000204 27 
2020-12-02T15:25:14.440742+09:00 0 0 경기77바2128 3 39 234000310 200000116 108 
2020-12-02T15:25:14.440758+09:00 0 0 경기77바2184 3 41 234000310 206000543 95 
2020-12-02T15:25:14.440772+09:00 0 0 경기77바2075 3 45 234000310 233000586 139 
2020-12-02T15:25:14.440786+09:00 0 0 경기77바3440 3 38 234000310 123000016 79 
2020-12-02T15:25:14.440800+09:00 0 0 경기77바2901 3 42 234000310 204000223 54 
2020-12-02T15:25:14.440813+09:00 0 0 경기77바2213 3 40 234000310 123000011 64 
2020-12-02T15:25:14.440828+09:00 0 0 경기77바3633 3 38 234000310 277103221 40 
2020-12-02T15:26:14.384760+09:00 0 0 경기77바2184 3 41 234000310 206000561 96 
2020-12-02T15:26:14.384823+09:00 0 0 경기77바2190 3 44 234000310 201000352 13 
2020-12-02T15:26:14.384844+09:00 0 0 경기77바3634 3 45 234000310 201000122 125 
2020-12-02T15:26:14.384860+09:00 0 0 경기77바2128 3 39 234000310 200000090 109 
2020-12-02T15:26:14.384876+09:00 0 0 경기77바3636 3 40 234000310 200000112 29 
2020-12-02T15:26:14.384891+09:00 0 0 경기77바2075 3 45 234000310 233000586 139 
2020-12-02T15:26:14.384904+09:00 0 0 경기77바3440 3 38 234000310 123000016 79 
2020-12-02T15:26:14.384917+09:00 0 0 경기77바2213 3 41 234000310 123000011 64 
2020-12-02T15:26:14.384931+09:00 0 0 경기77바2901 3 42 234000310 204000044 56 
2020-12-02T15:26:14.384945+09:00 0 0 경기77바3633 3 38 234000310 277103221 40 
2020-12-02T15:27:13.008784+09:00 0 0 경기77바2190 3 44 234000310 201000352 13 
2020-12-02T15:27:13.008846+09:00 0 0 경기77바2128 3 39 234000310 200000090 109 
2020-12-02T15:27:13.008867+09:00 0 0 경기77바3636 3 40 234000310 200000112 29 
2020-12-02T15:27:13.008883+09:00 0 0 경기77바2184 3 41 234000310 206000561 96 
2020-12-02T15:27:13.008903+09:00 0 0 경기77바3634 3 45 234000310 201000355 127 
2020-12-02T15:27:13.008921+09:00 0 0 경기77바3633 3 38 234000310 277103221 40 
2020-12-02T15:27:13.008935+09:00 0 0 경기77바3440 3 38 234000310 123000016 79 
2020-12-02T15:27:13.008949+09:00 0 0 경기77바2213 3 42 234000310 123000009 65 
2020-12-02T15:27:13.008962+09:00 0 0 경기77바2901 3 42 234000310 204000043 57 
2020-12-02T15:28:13.303017+09:00 0 0 경기77바2190 3 44 234000310 201000352 13 
2020-12-02T15:28:13.303080+09:00 0 0 경기77바2184 3 39 234000310 206000544 97 
2020-12-02T15:28:13.303101+09:00 0 0 경기77바3634 3 45 234000310 201000353 128 
2020-12-02T15:28:13.303117+09:00 0 0 경기77바3636 3 40 234000310 200000112 29 
2020-12-02T15:28:13.303132+09:00 0 0 경기77바2128 3 39 234000310 200000096 110 
2020-12-02T15:28:13.303147+09:00 0 0 경기77바3440 3 38 234000310 123000016 79 
2020-12-02T15:28:13.303161+09:00 0 0 경기77바2213 3 42 234000310 123000009 65 
2020-12-02T15:28:13.303175+09:00 0 0 경기77바3633 3 39 234000310 226000191 41 
2020-12-02T15:28:13.303188+09:00 0 0 경기77바2901 3 42 234000310 204000042 58 
2020-12-02T15:29:12.057174+09:00 0 0 경기77바2190 3 44 234000310 201000352 13 
2020-12-02T15:29:12.057239+09:00 0 0 경기77바3634 3 45 234000310 201000353 128 
2020-12-02T15:29:12.057260+09:00 0 0 경기77바2184 3 39 234000310 277103149 98 
2020-12-02T15:29:12.057278+09:00 0 0 경기77바3636 3 40 234000310 200000111 30 
2020-12-02T15:29:12.057295+09:00 0 0 경기77바2128 3 41 234000310 200000147 111 
2020-12-02T15:29:12.057311+09:00 0 0 경기77바2213 3 42 234000310 123000007 66 
2020-12-02T15:29:12.057325+09:00 0 0 경기77바2901 3 42 234000310 204000042 58 
2020-12-02T15:29:12.057341+09:00 0 0 경기77바3440 3 38 234000310 123000016 79 
2020-12-02T15:29:12.057355+09:00 0 0 경기77바3633 3 38 234000310 226000191 41 
2020-12-02T15:30:11.981316+09:00 0 0 경기77바3634 3 45 234000310 201000353 128 
2020-12-02T15:30:11.981379+09:00 0 0 경기77바2190 3 44 234000310 201000350 14 
2020-12-02T15:30:11.981398+09:00 0 0 경기77바2184 3 39 234000310 277103149 98 
2020-12-02T15:30:11.981414+09:00 0 0 경기77바2128 3 41 234000310 200000266 112 
2020-12-02T15:30:11.981430+09:00 0 0 경기77바3636 3 40 234000310 200000111 30 
2020-12-02T15:30:11.981445+09:00 0 0 경기77바2213 3 42 234000310 123000007 66 
2020-12-02T15:30:11.981458+09:00 0 0 경기77바3440 3 38 234000310 122000313 81 
2020-12-02T15:30:11.981472+09:00 0 0 경기77바3633 3 38 234000310 226000191 41 
2020-12-02T15:30:11.981485+09:00 0 0 경기77바2901 3 43 234000310 122000309 59 
2020-12-02T15:31:11.075301+09:00 0 0 경기77바2190 3 44 234000310 201000350 14 
2020-12-02T15:31:11.075363+09:00 0 0 경기77바3636 3 40 234000310 200000091 31 
2020-12-02T15:31:11.075384+09:00 0 0 경기77바2184 3 39 234000310 277103149 98 
2020-12-02T15:31:11.075400+09:00 0 0 경기77바3634 3 45 234000310 201000130 129 
2020-12-02T15:31:11.075416+09:00 0 0 경기77바2128 3 42 234000310 200000088 113 
2020-12-02T15:31:11.075431+09:00 0 0 경기77바2213 3 42 234000310 123000007 66 
2020-12-02T15:31:11.075445+09:00 0 0 경기77바3633 3 38 234000310 277102796 42 
2020-12-02T15:31:11.075459+09:00 0 0 경기77바3440 3 38 234000310 122000313 81 
2020-12-02T15:31:11.075472+09:00 0 0 경기77바2901 3 43 234000310 122000310 60 
2020-12-02T15:32:11.249391+09:00 0 0 경기77바2184 3 39 234000310 277103149 98 
2020-12-02T15:32:11.249452+09:00 0 0 경기77바3634 3 45 234000310 201000130 129 
2020-12-02T15:32:11.249473+09:00 0 0 경기77바2128 3 42 234000310 200000088 113 
2020-12-02T15:32:11.249490+09:00 0 0 경기77바3636 3 40 234000310 200000091 31 
2020-12-02T15:32:11.249507+09:00 0 0 경기77바2190 3 44 234000310 201000126 15 
2020-12-02T15:32:11.249522+09:00 0 0 경기77바3633 3 38 234000310 277102796 42 
2020-12-02T15:32:11.249536+09:00 0 0 경기77바2901 3 43 234000310 122000310 60 
2020-12-02T15:32:11.249551+09:00 0 0 경기77바3440 3 38 234000310 122000308 82 
2020-12-02T15:32:11.249565+09:00 0 0 경기77바2213 3 43 234000310 123000005 67 
2020-12-02T15:33:09.743555+09:00 0 0 경기77바2184 3 39 234000310 277103149 98 
2020-12-02T15:33:09.743624+09:00 0 0 경기77바2128 3 42 234000310 200000088 113 
2020-12-02T15:33:09.743644+09:00 0 0 경기77바3634 3 45 234000310 201000151 130 
2020-12-02T15:33:09.743660+09:00 0 0 경기77바3636 3 39 234000310 200000120 32 
2020-12-02T15:33:09.743676+09:00 0 0 경기77바2190 3 44 234000310 201000125 16 
2020-12-02T15:33:09.743691+09:00 0 0 경기77바3440 3 38 234000310 204000041 83 
2020-12-02T15:33:09.743705+09:00 0 0 경기77바2901 3 43 234000310 122000311 61 
2020-12-02T15:33:09.743718+09:00 0 0 경기77바2213 3 43 234000310 123000003 68 
2020-12-02T15:33:09.743731+09:00 0 0 경기77바3633 3 38 234000310 277102796 42 
2020-12-02T15:34:09.657667+09:00 0 0 경기77바3634 3 45 234000310 201000151 130 
2020-12-02T15:34:09.657731+09:00 0 0 경기77바2190 3 44 234000310 201000125 16 
2020-12-02T15:34:09.657752+09:00 0 0 경기77바2128 3 42 234000310 202000254 114 
2020-12-02T15:34:09.657769+09:00 0 0 경기77바3636 3 39 234000310 200000119 33 
2020-12-02T15:34:09.657785+09:00 0 0 경기77바2184 3 39 234000310 277102599 99 
2020-12-02T15:34:09.657800+09:00 0 0 경기77바2901 3 43 234000310 122000311 61 
2020-12-02T15:34:09.657814+09:00 0 0 경기77바2213 3 43 234000310 123000003 68 
2020-12-02T15:34:09.657829+09:00 0 0 경기77바3633 3 38 234000310 277102796 42 
2020-12-02T15:34:09.657842+09:00 0 0 경기77바3440 3 38 234000310 204000040 84 
2020-12-02T15:35:09.361786+09:00 0 0 경기77바3636 3 39 234000310 200000119 33 
2020-12-02T15:35:09.361848+09:00 0 0 경기77바2184 3 39 234000310 277102599 99 
2020-12-02T15:35:09.361868+09:00 0 0 경기77바2190 3 44 234000310 201000125 16 
2020-12-02T15:35:09.361884+09:00 0 0 경기77바3634 3 45 234000310 233000593 131 
2020-12-02T15:35:09.361900+09:00 0 0 경기77바2128 3 42 234000310 202000254 114 
2020-12-02T15:35:09.361915+09:00 0 0 경기77바2213 3 43 234000310 123000003 68 
2020-12-02T15:35:09.361929+09:00 0 0 경기77바3440 3 38 234000310 204000040 84 
2020-12-02T15:35:09.361943+09:00 0 0 경기77바3633 3 38 234000310 277103148 43 
2020-12-02T15:35:09.361956+09:00 0 0 경기77바2901 3 43 234000310 122000311 61 
2020-12-02T15:36:09.125880+09:00 0 0 경기77바2190 3 44 234000310 201000125 16 
2020-12-02T15:36:09.125944+09:00 0 0 경기77바2184 3 39 234000310 226000190 100 
2020-12-02T15:36:09.125964+09:00 0 0 경기77바3634 3 45 234000310 233001574 133 
2020-12-02T15:36:09.125980+09:00 0 0 경기77바2128 3 41 234000310 202000245 115 
2020-12-02T15:36:09.125996+09:00 0 0 경기77바3636 3 38 234000310 200000130 34 
2020-12-02T15:36:09.126011+09:00 0 0 경기77바3633 3 38 234000310 277103148 43 
2020-12-02T15:36:09.126024+09:00 0 0 경기77바2901 3 43 234000310 122000311 61 
2020-12-02T15:36:09.126038+09:00 0 0 경기77바3440 3 38 234000310 204000057 86 
2020-12-02T15:36:09.126051+09:00 0 0 경기77바2213 3 43 234000310 277102839 69 
2020-12-02T15:37:08.700053+09:00 0 0 경기77바2190 3 44 234000310 201000125 16 
2020-12-02T15:37:08.700117+09:00 0 0 경기77바2184 3 39 234000310 226000190 100 
2020-12-02T15:37:08.700140+09:00 0 0 경기77바3636 3 38 234000310 200000042 35 
2020-12-02T15:37:08.700156+09:00 0 0 경기77바3634 3 45 234000310 233000590 135 
2020-12-02T15:37:08.700172+09:00 0 0 경기77바2128 3 41 234000310 202000245 115 
2020-12-02T15:37:08.700186+09:00 0 0 경기77바2213 3 43 234000310 277102839 69 
2020-12-02T15:37:08.700200+09:00 0 0 경기77바3440 3 38 234000310 204000038 88 
2020-12-02T15:37:08.700214+09:00 0 0 경기77바2901 3 43 234000310 122000311 61 
2020-12-02T15:37:08.700227+09:00 0 0 경기77바3633 3 38 234000310 277103148 43 
2020-12-02T15:38:08.314167+09:00 0 0 경기77바3636 3 38 234000310 200000042 35 
2020-12-02T15:38:08.314234+09:00 0 0 경기77바3632 3 45 234000310 233001214 1 
2020-12-02T15:38:08.314255+09:00 0 0 경기77바2128 3 41 234000310 201000187 116 
2020-12-02T15:38:08.314271+09:00 0 0 경기77바3634 3 45 234000310 233000589 136 
2020-12-02T15:38:08.314286+09:00 0 0 경기77바2184 3 39 234000310 226000190 100 
2020-12-02T15:38:08.314301+09:00 0 0 경기77바2190 3 44 234000310 201000218 17 
2020-12-02T15:38:08.314315+09:00 0 0 경기77바2213 3 43 234000310 277102839 69 
2020-12-02T15:38:08.314329+09:00 0 0 경기77바3633 3 38 234000310 206000538 44 
2020-12-02T15:38:08.314342+09:00 0 0 경기77바2901 3 43 234000310 123000015 62 
2020-12-02T15:38:08.314355+09:00 0 0 경기77바3440 3 38 234000310 204000038 88 
2020-12-02T15:39:08.418237+09:00 0 0 경기77바2184 3 39 234000310 226000190 100 
2020-12-02T15:39:08.418293+09:00 0 0 경기77바3634 3 45 234000310 233000588 137 
2020-12-02T15:39:08.418311+09:00 0 0 경기77바2190 3 44 234000310 201000172 19 
2020-12-02T15:39:08.418327+09:00 0 0 경기77바2128 3 41 234000310 201000187 116 
2020-12-02T15:39:08.418343+09:00 0 0 경기77바3636 3 38 234000310 200000094 37 
2020-12-02T15:39:08.418364+09:00 0 0 경기77바3632 3 45 234000310 233000598 3 
2020-12-02T15:39:08.418378+09:00 0 0 경기77바2213 3 43 234000310 277102839 69 
2020-12-02T15:39:08.418391+09:00 0 0 경기77바2901 3 43 234000310 123000013 63 
2020-12-02T15:39:08.418403+09:00 0 0 경기77바3440 3 37 234000310 204000037 90 
2020-12-02T15:39:08.418417+09:00 0 0 경기77바3633 3 39 234000310 206000577 45 
2020-12-02T15:40:07.082353+09:00 0 0 경기77바2128 3 41 234000310 201000186 117 
2020-12-02T15:40:07.082417+09:00 0 0 경기77바3636 3 38 234000310 200000094 37 
2020-12-02T15:40:07.082438+09:00 0 0 경기77바3632 3 45 234000310 233000596 4 
2020-12-02T15:40:07.082455+09:00 0 0 경기77바2190 3 42 234000310 201000171 20 
2020-12-02T15:40:07.082471+09:00 0 0 경기77바2184 3 39 234000310 226000190 100 
2020-12-02T15:40:07.082486+09:00 0 0 경기77바3634 3 45 234000310 233000586 139 
2020-12-02T15:40:07.082500+09:00 0 0 경기77바2901 3 43 234000310 123000013 63 
2020-12-02T15:40:07.082514+09:00 0 0 경기77바3440 3 37 234000310 204000037 90 
2020-12-02T15:40:07.082527+09:00 0 0 경기77바3633 3 40 234000310 206000539 46 
2020-12-02T15:40:07.082541+09:00 0 0 경기77바2213 3 41 234000310 277102843 71 
2020-12-02T15:41:06.716411+09:00 0 0 경기77바3636 3 38 234000310 200000094 37 
2020-12-02T15:41:06.716471+09:00 0 0 경기77바3632 3 45 234000310 233000596 4 
2020-12-02T15:41:06.716492+09:00 0 0 경기77바2184 3 39 234000310 277103220 101 
2020-12-02T15:41:06.716508+09:00 0 0 경기77바2190 3 42 234000310 201000171 20 
2020-12-02T15:41:06.716524+09:00 0 0 경기77바2128 3 42 234000310 201000035 118 
2020-12-02T15:41:06.716539+09:00 0 0 경기77바3440 3 37 234000310 204000037 90 
2020-12-02T15:41:06.716553+09:00 0 0 경기77바3633 3 40 234000310 206000539 46 
2020-12-02T15:41:06.716567+09:00 0 0 경기77바2213 3 41 234000310 123000004 73 
2020-12-02T15:41:06.716580+09:00 0 0 경기77바2901 3 43 234000310 123000013 63 
2020-12-02T15:42:06.450534+09:00 0 0 경기77바2184 3 39 234000310 277103220 101 
2020-12-02T15:42:06.450599+09:00 0 0 경기77바2190 3 42 234000310 201000031 21 
2020-12-02T15:42:06.450619+09:00 0 0 경기77바3632 3 45 234000310 233000002 7 
2020-12-02T15:42:06.450635+09:00 0 0 경기77바2128 3 42 234000310 201000035 118 
2020-12-02T15:42:06.450651+09:00 0 0 경기77바3636 3 38 234000310 200000094 37 
2020-12-02T15:42:06.450667+09:00 0 0 경기77바2901 3 43 234000310 123000011 64 
2020-12-02T15:42:06.450681+09:00 0 0 경기77바2213 3 41 234000310 123000006 74 
2020-12-02T15:42:06.450694+09:00 0 0 경기77바3633 3 40 234000310 206000540 47 
2020-12-02T15:42:06.450708+09:00 0 0 경기77바3440 3 37 234000310 204000061 91 
2020-12-02T15:43:06.234712+09:00 0 0 경기77바2128 3 42 234000310 201000034 119 
2020-12-02T15:43:06.234777+09:00 0 0 경기77바3636 3 38 234000310 277103323 38 
2020-12-02T15:43:06.234797+09:00 0 0 경기77바2190 3 41 234000310 201000030 22 
2020-12-02T15:43:06.234814+09:00 0 0 경기77바3632 3 45 234000310 201000260 9 
2020-12-02T15:43:06.234830+09:00 0 0 경기77바2184 3 39 234000310 226000038 102 
2020-12-02T15:43:06.234845+09:00 0 0 경기77바2213 3 41 234000310 123000006 74 
2020-12-02T15:43:06.234858+09:00 0 0 경기77바3440 3 37 234000310 204000199 92 
2020-12-02T15:43:06.234871+09:00 0 0 경기77바3633 3 40 234000310 206000540 47 
2020-12-02T15:43:06.234884+09:00 0 0 경기77바2901 3 43 234000310 123000011 64 
2020-12-02T15:44:05.908977+09:00 0 0 경기77바3636 3 38 234000310 277103323 38 
2020-12-02T15:44:05.909078+09:00 0 0 경기77바2128 3 42 234000310 201000253 120 
2020-12-02T15:44:05.909104+09:00 0 0 경기77바2190 3 41 234000310 201000188 24 
2020-12-02T15:44:05.909120+09:00 0 0 경기77바3632 3 45 234000310 233000001 10 
2020-12-02T15:44:05.909137+09:00 0 0 경기77바2184 3 39 234000310 226000038 102 
2020-12-02T15:44:05.909152+09:00 0 0 경기77바2213 3 41 234000310 123000006 74 
2020-12-02T15:44:05.909166+09:00 0 0 경기77바2901 3 43 234000310 123000011 64 
2020-12-02T15:44:05.909180+09:00 0 0 경기77바3440 3 37 234000310 204000199 92 
2020-12-02T15:44:05.909193+09:00 0 0 경기77바3633 3 40 234000310 204000064 48 
2020-12-02T15:45:05.702954+09:00 0 0 경기77바2190 3 41 234000310 201000188 24 
2020-12-02T15:45:05.703016+09:00 0 0 경기77바2128 3 42 234000310 201000252 121 
2020-12-02T15:45:05.703036+09:00 0 0 경기77바2184 3 39 234000310 277103322 103 
2020-12-02T15:45:05.703052+09:00 0 0 경기77바3636 3 38 234000310 277103323 38 
2020-12-02T15:45:05.703068+09:00 0 0 경기77바3632 3 45 234000310 201000153 11 
2020-12-02T15:45:05.703083+09:00 0 0 경기77바2213 3 41 234000310 123000008 75 
2020-12-02T15:45:05.703097+09:00 0 0 경기77바3440 3 37 234000310 204000060 93 
2020-12-02T15:45:05.703110+09:00 0 0 경기77바2901 3 44 234000310 123000009 65 
2020-12-02T15:45:05.703123+09:00 0 0 경기77바3633 3 40 234000310 204000200 49 
2020-12-02T15:46:05.467014+09:00 0 0 경기77바3632 3 45 234000310 201000153 11 
2020-12-02T15:46:05.467082+09:00 0 0 경기77바2184 3 39 234000310 277103322 103 
2020-12-02T15:46:05.467103+09:00 0 0 경기77바2190 3 41 234000310 202000255 25 
2020-12-02T15:46:05.467120+09:00 0 0 경기77바3636 3 38 234000310 226000039 39 
2020-12-02T15:46:05.467136+09:00 0 0 경기77바2128 3 42 234000310 201000252 121 
2020-12-02T15:46:05.467151+09:00 0 0 경기77바3633 3 40 234000310 204000002 51 
2020-12-02T15:46:05.467169+09:00 0 0 경기77바2213 3 41 234000310 123000010 76 
2020-12-02T15:46:05.467183+09:00 0 0 경기77바3440 3 37 234000310 206000542 94 
2020-12-02T15:46:05.467196+09:00 0 0 경기77바2901 3 45 234000310 123000009 65 
2020-12-02T15:47:05.331196+09:00 0 0 경기77바2190 3 41 234000310 202000255 25 
2020-12-02T15:47:05.331257+09:00 0 0 경기77바3632 3 45 234000310 201000152 12 
2020-12-02T15:47:05.331278+09:00 0 0 경기77바2184 3 39 234000310 277103322 103 
2020-12-02T15:47:05.331295+09:00 0 0 경기77바3636 3 38 234000310 226000039 39 
2020-12-02T15:47:05.331311+09:00 0 0 경기77바2128 3 42 234000310 201000470 122 
2020-12-02T15:47:05.331326+09:00 0 0 경기77바3633 3 40 234000310 204000002 51 
2020-12-02T15:47:05.331340+09:00 0 0 경기77바3440 3 37 234000310 206000542 94 
2020-12-02T15:47:05.331354+09:00 0 0 경기77바2213 3 40 234000310 123000010 76 
2020-12-02T15:47:05.331367+09:00 0 0 경기77바2901 3 45 234000310 123000009 65 
2020-12-02T15:48:05.315324+09:00 0 0 경기77바2190 3 41 234000310 202000251 26 
2020-12-02T15:48:05.315386+09:00 0 0 경기77바2184 3 39 234000310 277103322 103 
2020-12-02T15:48:05.315406+09:00 0 0 경기77바2128 3 42 234000310 201000217 123 
2020-12-02T15:48:05.315422+09:00 0 0 경기77바3636 3 38 234000310 277103221 40 
2020-12-02T15:48:05.315438+09:00 0 0 경기77바3632 3 45 234000310 201000352 13 
2020-12-02T15:48:05.315453+09:00 0 0 경기77바3633 3 40 234000310 204000001 52 
2020-12-02T15:48:05.315467+09:00 0 0 경기77바2213 3 40 234000310 123000010 76 
2020-12-02T15:48:05.315480+09:00 0 0 경기77바2901 3 45 234000310 123000007 66 
2020-12-02T15:48:05.315493+09:00 0 0 경기77바3440 3 38 234000310 206000543 95 
2020-12-02T15:49:04.919746+09:00 0 0 경기77바2184 3 39 234000310 277103322 103 
2020-12-02T15:49:04.919806+09:00 0 0 경기77바2128 3 42 234000310 201000217 123 
2020-12-02T15:49:04.919827+09:00 0 0 경기77바3636 3 38 234000310 277103221 40 
2020-12-02T15:49:04.919843+09:00 0 0 경기77바3632 3 45 234000310 201000352 13 
2020-12-02T15:49:04.919859+09:00 0 0 경기77바2190 3 41 234000310 200000204 27 
2020-12-02T15:49:04.919874+09:00 0 0 경기77바2213 3 40 234000310 123000012 77 
2020-12-02T15:49:04.919888+09:00 0 0 경기77바2901 3 45 234000310 123000005 67 
2020-12-02T15:49:04.919901+09:00 0 0 경기77바3633 3 40 234000310 204000046 53 
2020-12-02T15:49:04.919918+09:00 0 0 경기77바3440 3 38 234000310 277103149 98 
2020-12-02T15:50:04.603407+09:00 0 0 경기77바3632 3 45 234000310 201000352 13 
2020-12-02T15:50:04.603469+09:00 0 0 경기77바2128 3 42 234000310 201000217 123 
2020-12-02T15:50:04.603489+09:00 0 0 경기77바3636 3 38 234000310 277103221 40 
2020-12-02T15:50:04.603505+09:00 0 0 경기77바2190 3 41 234000310 200000204 27 
2020-12-02T15:50:04.603521+09:00 0 0 경기77바2184 3 39 234000310 200000152 104 
2020-12-02T15:50:04.603535+09:00 0 0 경기77바2901 3 45 234000310 123000005 67 
2020-12-02T15:50:04.603549+09:00 0 0 경기77바3633 3 40 234000310 204000223 54 
2020-12-02T15:50:04.603562+09:00 0 0 경기77바2213 3 39 234000310 123000012 77 
2020-12-02T15:50:04.603575+09:00 0 0 경기77바3440 3 38 234000310 277103149 98 
2020-12-02T15:51:04.317627+09:00 0 0 경기77바2190 3 41 234000310 200000204 27 
2020-12-02T15:51:04.317688+09:00 0 0 경기77바3636 3 38 234000310 277103221 40 
2020-12-02T15:51:04.317708+09:00 0 0 경기77바2128 3 42 234000310 201000157 124 
2020-12-02T15:51:04.317724+09:00 0 0 경기77바2184 3 39 234000310 200000152 104 
2020-12-02T15:51:04.317741+09:00 0 0 경기77바3632 3 45 234000310 201000350 14 
2020-12-02T15:51:04.317756+09:00 0 0 경기77바3440 3 38 234000310 277103149 98 
2020-12-02T15:51:04.317770+09:00 0 0 경기77바3633 3 41 234000310 204000045 55 
2020-12-02T15:51:04.317783+09:00 0 0 경기77바2901 3 45 234000310 123000005 67 
2020-12-02T15:51:04.317796+09:00 0 0 경기77바2213 3 39 234000310 123000012 77 
2020-12-02T15:52:04.081594+09:00 0 0 경기77바2128 3 42 234000310 201000157 124 
2020-12-02T15:52:04.081657+09:00 0 0 경기77바2190 3 41 234000310 200000204 27 
2020-12-02T15:52:04.081676+09:00 0 0 경기77바2184 3 39 234000310 200000127 106 
2020-12-02T15:52:04.081692+09:00 0 0 경기77바3636 3 39 234000310 226000191 41 
2020-12-02T15:52:04.081708+09:00 0 0 경기77바3632 3 45 234000310 201000350 14 
2020-12-02T15:52:04.081722+09:00 0 0 경기77바3440 3 38 234000310 277103149 98 
2020-12-02T15:52:04.081736+09:00 0 0 경기77바3633 3 41 234000310 204000044 56 
2020-12-02T15:52:04.081749+09:00 0 0 경기77바2213 3 39 234000310 123000014 78 
2020-12-02T15:52:04.081767+09:00 0 0 경기77바2901 3 45 234000310 123000003 68 
2020-12-02T15:53:03.805477+09:00 0 0 경기77바3632 3 45 234000310 201000350 14 
2020-12-02T15:53:03.805542+09:00 0 0 경기77바3636 3 39 234000310 226000191 41 
2020-12-02T15:53:03.805564+09:00 0 0 경기77바2184 3 40 234000310 200000127 106 
2020-12-02T15:53:03.805580+09:00 0 0 경기77바2128 3 42 234000310 201000122 125 
2020-12-02T15:53:03.805597+09:00 0 0 경기77바2190 3 42 234000310 200000112 29 
2020-12-02T15:53:03.805613+09:00 0 0 경기77바3633 3 41 234000310 204000043 57 
2020-12-02T15:53:03.805627+09:00 0 0 경기77바2213 3 39 234000310 123000014 78 
2020-12-02T15:53:03.805641+09:00 0 0 경기77바3440 3 38 234000310 277103149 98 
2020-12-02T15:53:03.805654+09:00 0 0 경기77바2901 3 45 234000310 123000003 68 
2020-12-02T15:54:03.539515+09:00 0 0 경기77바2128 3 42 234000310 201000122 125 
2020-12-02T15:54:03.539577+09:00 0 0 경기77바2184 3 40 234000310 200000117 107 
2020-12-02T15:54:03.539597+09:00 0 0 경기77바2190 3 42 234000310 200000112 29 
2020-12-02T15:54:03.539614+09:00 0 0 경기77바3636 3 39 234000310 226000191 41 
2020-12-02T15:54:03.539630+09:00 0 0 경기77바3632 3 45 234000310 201000126 15 
2020-12-02T15:54:03.539645+09:00 0 0 경기77바2901 3 45 234000310 277102839 69 
2020-12-02T15:54:03.539659+09:00 0 0 경기77바3440 3 38 234000310 277102599 99 
2020-12-02T15:54:03.539672+09:00 0 0 경기77바3633 3 40 234000310 204000042 58 
2020-12-02T15:54:03.539685+09:00 0 0 경기77바2213 3 39 234000310 123000014 78 
2020-12-02T15:55:03.053586+09:00 0 0 경기77바2128 3 42 234000310 201000122 125 
2020-12-02T15:55:03.053649+09:00 0 0 경기77바2190 3 42 234000310 200000112 29 
2020-12-02T15:55:03.053669+09:00 0 0 경기77바3632 3 45 234000310 201000126 15 
2020-12-02T15:55:03.053684+09:00 0 0 경기77바3636 3 39 234000310 277102796 42 
2020-12-02T15:55:03.053700+09:00 0 0 경기77바2184 3 40 234000310 200000116 108 
2020-12-02T15:55:03.053715+09:00 0 0 경기77바3633 3 40 234000310 204000042 58 
2020-12-02T15:55:03.053729+09:00 0 0 경기77바3440 3 38 234000310 277102599 99 
2020-12-02T15:55:03.053743+09:00 0 0 경기77바2901 3 45 234000310 277102839 69 
2020-12-02T15:55:03.053756+09:00 0 0 경기77바2213 3 37 234000310 123000016 79 
2020-12-02T15:56:02.897614+09:00 0 0 경기77바3636 3 39 234000310 277102796 42 
2020-12-02T15:56:02.897676+09:00 0 0 경기77바2184 3 40 234000310 200000116 108 
2020-12-02T15:56:02.897696+09:00 0 0 경기77바3632 3 45 234000310 201000125 16 
2020-12-02T15:56:02.897712+09:00 0 0 경기77바2128 3 42 234000310 201000349 126 
2020-12-02T15:56:02.897728+09:00 0 0 경기77바2190 3 42 234000310 200000111 30 
2020-12-02T15:56:02.897743+09:00 0 0 경기77바3440 3 38 234000310 277102599 99 
2020-12-02T15:56:02.897757+09:00 0 0 경기77바2901 3 45 234000310 123000611 70 
2020-12-02T15:56:02.897771+09:00 0 0 경기77바2213 3 37 234000310 123000016 79 
2020-12-02T15:56:02.897784+09:00 0 0 경기77바3633 3 40 234000310 122000309 59 
2020-12-02T15:57:02.821642+09:00 0 0 경기77바3636 3 39 234000310 277102796 42 
2020-12-02T15:57:02.821707+09:00 0 0 경기77바2184 3 40 234000310 200000116 108 
2020-12-02T15:57:02.821727+09:00 0 0 경기77바2128 3 42 234000310 201000355 127 
2020-12-02T15:57:02.821743+09:00 0 0 경기77바2190 3 42 234000310 200000111 30 
2020-12-02T15:57:02.821759+09:00 0 0 경기77바3632 3 45 234000310 201000125 16 
2020-12-02T15:57:02.821773+09:00 0 0 경기77바2213 3 37 234000310 123000016 79 
2020-12-02T15:57:02.821787+09:00 0 0 경기77바3633 3 40 234000310 122000310 60 
2020-12-02T15:57:02.821801+09:00 0 0 경기77바3440 3 36 234000310 226000190 100 
2020-12-02T15:57:02.821814+09:00 0 0 경기77바2901 3 44 234000310 123000611 70 
2020-12-02T15:58:02.765747+09:00 0 0 경기77바3632 3 45 234000310 201000125 16 
2020-12-02T15:58:02.765809+09:00 0 0 경기77바2190 3 42 234000310 200000111 30 
2020-12-02T15:58:02.765829+09:00 0 0 경기77바3636 3 39 234000310 277102796 42 
2020-12-02T15:58:02.765845+09:00 0 0 경기77바2128 3 42 234000310 201000355 127 
2020-12-02T15:58:02.765861+09:00 0 0 경기77바2184 3 40 234000310 200000090 109 
2020-12-02T15:58:02.765875+09:00 0 0 경기77바3440 3 36 234000310 226000190 100 
2020-12-02T15:58:02.765889+09:00 0 0 경기77바2213 3 37 234000310 123000016 79 
2020-12-02T15:58:02.765903+09:00 0 0 경기77바2901 3 44 234000310 123000004 73 
2020-12-02T15:58:02.765916+09:00 0 0 경기77바3633 3 40 234000310 122000311 61 
2020-12-02T15:59:02.609875+09:00 0 0 경기77바2184 3 40 234000310 200000090 109 
2020-12-02T15:59:02.609942+09:00 0 0 경기77바2190 3 42 234000310 200000091 31 
2020-12-02T15:59:02.609963+09:00 0 0 경기77바3632 3 45 234000310 201000218 17 
2020-12-02T15:59:02.609979+09:00 0 0 경기77바2128 3 42 234000310 201000353 128 
2020-12-02T15:59:02.609995+09:00 0 0 경기77바3636 3 39 234000310 277103148 43 
2020-12-02T15:59:02.610010+09:00 0 0 경기77바2213 3 37 234000310 123000016 79 
2020-12-02T15:59:02.610024+09:00 0 0 경기77바2901 3 44 234000310 123000004 73 
2020-12-02T15:59:02.610038+09:00 0 0 경기77바3440 3 36 234000310 226000190 100 
2020-12-02T15:59:02.610051+09:00 0 0 경기77바3633 3 40 234000310 122000311 61 
2020-12-02T16:00:02.283886+09:00 0 0 경기77바2190 3 42 234000310 200000091 31 
2020-12-02T16:00:02.283950+09:00 0 0 경기77바3632 3 44 234000310 201000218 17 
2020-12-02T16:00:02.283970+09:00 0 0 경기77바2128 3 43 234000310 201000353 128 
2020-12-02T16:00:02.283986+09:00 0 0 경기77바2184 3 40 234000310 200000090 109 
2020-12-02T16:00:02.284002+09:00 0 0 경기77바3636 3 39 234000310 277103148 43 
2020-12-02T16:00:02.284017+09:00 0 0 경기77바2901 3 44 234000310 123000004 73 
2020-12-02T16:00:02.284030+09:00 0 0 경기77바3633 3 40 234000310 122000311 61 
2020-12-02T16:00:02.284044+09:00 0 0 경기77바3440 3 36 234000310 226000190 100 
2020-12-02T16:00:02.284057+09:00 0 0 경기77바2213 3 37 234000310 123000016 79 
2020-12-02T16:01:01.798016+09:00 0 0 경기77바2190 3 42 234000310 200000091 31 
2020-12-02T16:01:01.798078+09:00 0 0 경기77바3636 3 40 234000310 206000538 44 
2020-12-02T16:01:01.798099+09:00 0 0 경기77바2184 3 41 234000310 200000096 110 
2020-12-02T16:01:01.798116+09:00 0 0 경기77바2128 3 43 234000310 201000130 129 
2020-12-02T16:01:01.798132+09:00 0 0 경기77바3632 3 44 234000310 201000173 18 
2020-12-02T16:01:01.798148+09:00 0 0 경기77바3633 3 40 234000310 122000311 61 
2020-12-02T16:01:01.798161+09:00 0 0 경기77바2901 3 44 234000310 123000006 74 
2020-12-02T16:01:01.798175+09:00 0 0 경기77바3440 3 36 234000310 277103220 101 
2020-12-02T16:01:01.798188+09:00 0 0 경기77바2213 3 37 234000310 122000313 81 
2020-12-02T16:02:01.632057+09:00 0 0 경기77바2128 3 43 234000310 201000130 129 
2020-12-02T16:02:01.632123+09:00 0 0 경기77바2190 3 40 234000310 200000120 32 
2020-12-02T16:02:01.632143+09:00 0 0 경기77바2184 3 42 234000310 200000147 111 
2020-12-02T16:02:01.632160+09:00 0 0 경기77바3632 3 44 234000310 201000172 19 
2020-12-02T16:02:01.632176+09:00 0 0 경기77바3636 3 40 234000310 206000539 46 
2020-12-02T16:02:01.632193+09:00 0 0 경기77바3633 3 40 234000310 123000015 62 
2020-12-02T16:02:01.632208+09:00 0 0 경기77바2901 3 44 234000310 123000006 74 
2020-12-02T16:02:01.632223+09:00 0 0 경기77바2213 3 37 234000310 122000313 81 
2020-12-02T16:02:01.632237+09:00 0 0 경기77바3440 3 36 234000310 277103220 101 
2020-12-02T16:03:01.266132+09:00 0 0 경기77바3636 3 39 234000310 206000539 46 
2020-12-02T16:03:01.266191+09:00 0 0 경기77바2190 3 40 234000310 200000120 32 
2020-12-02T16:03:01.266211+09:00 0 0 경기77바2128 3 43 234000310 201000151 130 
2020-12-02T16:03:01.266227+09:00 0 0 경기77바3632 3 44 234000310 201000171 20 
2020-12-02T16:03:01.266243+09:00 0 0 경기77바2184 3 42 234000310 200000266 112 
2020-12-02T16:03:01.266258+09:00 0 0 경기77바2213 3 37 234000310 122000313 81 
2020-12-02T16:03:01.266272+09:00 0 0 경기77바3633 3 40 234000310 123000015 62 
2020-12-02T16:03:01.266285+09:00 0 0 경기77바2901 3 44 234000310 123000006 74 
2020-12-02T16:03:01.266298+09:00 0 0 경기77바3635 3 41 234000310 233001214 1 
2020-12-02T16:03:01.266312+09:00 0 0 경기77바3440 3 38 234000310 226000038 102 
2020-12-02T16:04:01.160274+09:00 0 0 경기77바3636 3 39 234000310 206000539 46 
2020-12-02T16:04:01.160338+09:00 0 0 경기77바2190 3 40 234000310 200000119 33 
2020-12-02T16:04:01.160359+09:00 0 0 경기77바2184 3 42 234000310 200000088 113 
2020-12-02T16:04:01.160375+09:00 0 0 경기77바2128 3 43 234000310 201000151 130 
2020-12-02T16:04:01.160392+09:00 0 0 경기77바3632 3 44 234000310 201000171 20 
2020-12-02T16:04:01.160407+09:00 0 0 경기77바3633 3 40 234000310 123000015 62 
2020-12-02T16:04:01.160422+09:00 0 0 경기77바3440 3 38 234000310 226000038 102 
2020-12-02T16:04:01.160436+09:00 0 0 경기77바2901 3 43 234000310 123000008 75 
2020-12-02T16:04:01.160449+09:00 0 0 경기77바3635 3 41 234000310 233001214 1 
2020-12-02T16:04:01.160463+09:00 0 0 경기77바2213 3 37 234000310 122000308 82 
2020-12-02T16:05:00.844237+09:00 0 0 경기77바2190 3 40 234000310 200000119 33 
2020-12-02T16:05:00.844300+09:00 0 0 경기77바2184 3 42 234000310 200000088 113 
2020-12-02T16:05:00.844322+09:00 0 0 경기77바3632 3 44 234000310 201000031 21 
2020-12-02T16:05:00.844338+09:00 0 0 경기77바2128 3 43 234000310 233001574 133 
2020-12-02T16:05:00.844359+09:00 0 0 경기77바3636 3 38 234000310 206000540 47 
2020-12-02T16:05:00.844374+09:00 0 0 경기77바2213 3 37 234000310 122000308 82 
2020-12-02T16:05:00.844388+09:00 0 0 경기77바3633 3 40 234000310 123000013 63 
2020-12-02T16:05:00.844401+09:00 0 0 경기77바3635 3 41 234000310 233000598 3 
2020-12-02T16:05:00.844415+09:00 0 0 경기77바2901 3 43 234000310 123000010 76 
2020-12-02T16:05:00.844429+09:00 0 0 경기77바3440 3 38 234000310 226000038 102 
2020-12-02T16:06:00.398411+09:00 0 0 경기77바2184 3 42 234000310 200000088 113 
2020-12-02T16:06:00.398482+09:00 0 0 경기77바2128 3 43 234000310 233000590 135 
2020-12-02T16:06:00.398503+09:00 0 0 경기77바2190 3 39 234000310 200000130 34 
2020-12-02T16:06:00.398519+09:00 0 0 경기77바3632 3 44 234000310 201000030 22 
2020-12-02T16:06:00.398535+09:00 0 0 경기77바3636 3 38 234000310 204000064 48 
2020-12-02T16:06:00.398549+09:00 0 0 경기77바3633 3 40 234000310 123000013 63 
2020-12-02T16:06:00.398563+09:00 0 0 경기77바3635 3 41 234000310 233000596 4 
2020-12-02T16:06:00.398577+09:00 0 0 경기77바3440 3 38 234000310 277103322 103 
2020-12-02T16:06:00.398590+09:00 0 0 경기77바2213 3 37 234000310 204000040 84 
2020-12-02T16:06:00.398603+09:00 0 0 경기77바2901 3 43 234000310 123000010 76 
2020-12-02T16:07:00.242398+09:00 0 0 경기77바3636 3 38 234000310 204000200 49 
2020-12-02T16:07:00.242459+09:00 0 0 경기77바2184 3 42 234000310 202000254 114 
2020-12-02T16:07:00.242478+09:00 0 0 경기77바3632 3 43 234000310 201000188 24 
2020-12-02T16:07:00.242492+09:00 0 0 경기77바2190 3 39 234000310 200000041 36 
2020-12-02T16:07:00.242508+09:00 0 0 경기77바2128 3 43 234000310 233000589 136 
2020-12-02T16:07:00.242522+09:00 0 0 경기77바3633 3 40 234000310 123000011 64 
2020-12-02T16:07:00.242535+09:00 0 0 경기77바3635 3 41 234000310 233000595 5 
2020-12-02T16:07:00.242561+09:00 0 0 경기77바2213 3 38 234000310 204000039 85 
2020-12-02T16:07:00.242574+09:00 0 0 경기77바3440 3 38 234000310 277103322 103 
2020-12-02T16:07:00.242588+09:00 0 0 경기77바2901 3 43 234000310 123000010 76 
2020-12-02T16:08:00.016617+09:00 0 0 경기77바3636 3 38 234000310 204000200 49 
2020-12-02T16:08:00.016680+09:00 0 0 경기77바3632 3 43 234000310 201000188 24 
2020-12-02T16:08:00.016700+09:00 0 0 경기77바2190 3 38 234000310 200000094 37 
2020-12-02T16:08:00.016716+09:00 0 0 경기77바2184 3 42 234000310 202000245 115 
2020-12-02T16:08:00.016732+09:00 0 0 경기77바2128 3 43 234000310 233000587 138 
2020-12-02T16:08:00.016746+09:00 0 0 경기77바3440 3 38 234000310 277103322 103 
2020-12-02T16:08:00.016760+09:00 0 0 경기77바2213 3 38 234000310 204000039 85 
2020-12-02T16:08:00.016773+09:00 0 0 경기77바3635 3 41 234000310 233000002 7 
2020-12-02T16:08:00.016787+09:00 0 0 경기77바2901 3 43 234000310 123000012 77 
2020-12-02T16:08:00.016800+09:00 0 0 경기77바3633 3 40 234000310 123000011 64 
2020-12-02T16:08:59.660606+09:00 0 0 경기77바3632 3 43 234000310 201000188 24 
2020-12-02T16:08:59.660667+09:00 0 0 경기77바2128 3 43 234000310 233000586 139 
2020-12-02T16:08:59.660686+09:00 0 0 경기77바2184 3 42 234000310 202000245 115 
2020-12-02T16:08:59.660702+09:00 0 0 경기77바3636 3 38 234000310 204000063 50 
2020-12-02T16:08:59.660718+09:00 0 0 경기77바2190 3 38 234000310 200000094 37 
2020-12-02T16:08:59.660732+09:00 0 0 경기77바3440 3 38 234000310 277103322 103 
2020-12-02T16:08:59.660747+09:00 0 0 경기77바3635 3 41 234000310 201000260 9 
2020-12-02T16:08:59.660760+09:00 0 0 경기77바3633 3 40 234000310 123000011 64 
2020-12-02T16:08:59.660774+09:00 0 0 경기77바2901 3 43 234000310 123000014 78 
2020-12-02T16:08:59.660787+09:00 0 0 경기77바2213 3 38 234000310 204000222 87 
2020-12-02T16:09:59.224497+09:00 0 0 경기77바3632 3 43 234000310 201000188 24 
2020-12-02T16:09:59.224536+09:00 0 0 경기77바3636 3 38 234000310 204000001 52 
2020-12-02T16:09:59.224555+09:00 0 0 경기77바2184 3 43 234000310 202000245 115 
2020-12-02T16:09:59.224570+09:00 0 0 경기77바2128 3 43 234000310 233000586 139 
2020-12-02T16:09:59.224586+09:00 0 0 경기77바2190 3 38 234000310 277103323 38 
2020-12-02T16:09:59.224601+09:00 0 0 경기77바3633 3 40 234000310 123000011 64 
2020-12-02T16:09:59.224615+09:00 0 0 경기77바2901 3 43 234000310 123000014 78 
2020-12-02T16:09:59.224629+09:00 0 0 경기77바3635 3 41 234000310 233000001 10 
2020-12-02T16:09:59.224642+09:00 0 0 경기77바3440 3 38 234000310 200000152 104 
2020-12-02T16:09:59.224656+09:00 0 0 경기77바2213 3 39 234000310 204000062 89 
2020-12-02T16:10:58.868873+09:00 0 0 경기77바3636 3 38 234000310 204000001 52 
2020-12-02T16:10:58.868931+09:00 0 0 경기77바2184 3 43 234000310 202000245 115 
2020-12-02T16:10:58.868951+09:00 0 0 경기77바2190 3 38 234000310 277103323 38 
2020-12-02T16:10:58.868966+09:00 0 0 경기77바3632 3 43 234000310 202000255 25 
2020-12-02T16:10:58.868983+09:00 0 0 경기77바3635 3 41 234000310 233000001 10 
2020-12-02T16:10:58.868998+09:00 0 0 경기77바2213 3 39 234000310 204000062 89 
2020-12-02T16:10:58.869039+09:00 0 0 경기77바2901 3 43 234000310 123000014 78 
2020-12-02T16:10:58.869060+09:00 0 0 경기77바3440 3 39 234000310 200000152 104 
2020-12-02T16:10:58.869074+09:00 0 0 경기77바3633 3 40 234000310 123000009 65 
2020-12-02T16:11:58.932997+09:00 0 0 경기77바2184 3 44 234000310 201000186 117 
2020-12-02T16:11:58.933100+09:00 0 0 경기77바3632 3 43 234000310 202000255 25 
2020-12-02T16:11:58.933121+09:00 0 0 경기77바2190 3 38 234000310 277103323 38 
2020-12-02T16:11:58.933137+09:00 0 0 경기77바3636 3 38 234000310 204000046 53 
2020-12-02T16:11:58.933153+09:00 0 0 경기77바2901 3 43 234000310 123000016 79 
2020-12-02T16:11:58.933168+09:00 0 0 경기77바2213 3 39 234000310 204000037 90 
2020-12-02T16:11:58.933182+09:00 0 0 경기77바3633 3 40 234000310 123000009 65 
2020-12-02T16:11:58.933196+09:00 0 0 경기77바3440 3 40 234000310 200000127 106 
2020-12-02T16:11:58.933209+09:00 0 0 경기77바3635 3 41 234000310 201000153 11 
2020-12-02T16:12:58.436969+09:00 0 0 경기77바2184 3 44 234000310 201000186 117 
2020-12-02T16:12:58.437069+09:00 0 0 경기77바2190 3 38 234000310 226000039 39 
2020-12-02T16:12:58.437099+09:00 0 0 경기77바3636 3 38 234000310 204000223 54 
2020-12-02T16:12:58.437117+09:00 0 0 경기77바3632 3 43 234000310 202000251 26 
2020-12-02T16:12:58.437134+09:00 0 0 경기77바2901 3 43 234000310 123000016 79 
2020-12-02T16:12:58.437150+09:00 0 0 경기77바3440 3 40 234000310 200000127 106 
2020-12-02T16:12:58.437164+09:00 0 0 경기77바2213 3 39 234000310 204000199 92 
2020-12-02T16:12:58.437177+09:00 0 0 경기77바3633 3 40 234000310 123000007 66 
2020-12-02T16:12:58.437204+09:00 0 0 경기77바3635 3 41 234000310 201000152 12 
2020-12-02T16:13:58.211011+09:00 0 0 경기77바2184 3 44 234000310 201000186 117 
2020-12-02T16:13:58.211073+09:00 0 0 경기77바3632 3 43 234000310 202000251 26 
2020-12-02T16:13:58.211093+09:00 0 0 경기77바2190 3 37 234000310 226000039 39 
2020-12-02T16:13:58.211109+09:00 0 0 경기77바3636 3 38 234000310 204000043 57 
2020-12-02T16:13:58.211125+09:00 0 0 경기77바3635 3 41 234000310 201000152 12 
2020-12-02T16:13:58.211140+09:00 0 0 경기77바2213 3 39 234000310 204000199 92 
2020-12-02T16:13:58.211154+09:00 0 0 경기77바3440 3 40 234000310 200000117 107 
2020-12-02T16:13:58.211168+09:00 0 0 경기77바2901 3 43 234000310 123000016 79 
2020-12-02T16:13:58.211181+09:00 0 0 경기77바3633 3 41 234000310 123000003 68 
2020-12-02T16:14:58.295272+09:00 0 0 경기77바3636 3 38 234000310 204000043 57 
2020-12-02T16:14:58.295334+09:00 0 0 경기77바2190 3 37 234000310 277103221 40 
2020-12-02T16:14:58.295355+09:00 0 0 경기77바2184 3 44 234000310 201000035 118 
2020-12-02T16:14:58.295371+09:00 0 0 경기77바3632 3 43 234000310 202000251 26 
2020-12-02T16:14:58.295387+09:00 0 0 경기77바3633 3 41 234000310 123000003 68 
2020-12-02T16:14:58.295402+09:00 0 0 경기77바2901 3 43 234000310 123000016 79 
2020-12-02T16:14:58.295415+09:00 0 0 경기77바3635 3 41 234000310 201000152 12 
2020-12-02T16:14:58.295429+09:00 0 0 경기77바3440 3 41 234000310 200000117 107 
2020-12-02T16:14:58.295447+09:00 0 0 경기77바2213 3 39 234000310 204000060 93 
2020-12-02T16:15:57.249309+09:00 0 0 경기77바2184 3 44 234000310 201000035 118 
2020-12-02T16:15:57.249365+09:00 0 0 경기77바3632 3 43 234000310 202000251 26 
2020-12-02T16:15:57.249385+09:00 0 0 경기77바3636 3 38 234000310 204000042 58 
2020-12-02T16:15:57.249401+09:00 0 0 경기77바2190 3 37 234000310 277103221 40 
2020-12-02T16:15:57.249417+09:00 0 0 경기77바2901 3 43 234000310 123000016 79 
2020-12-02T16:15:57.249432+09:00 0 0 경기77바3440 3 40 234000310 200000116 108 
2020-12-02T16:15:57.249446+09:00 0 0 경기77바2213 3 34 234000310 204000060 93 
2020-12-02T16:15:57.249460+09:00 0 0 경기77바3635 3 41 234000310 201000352 13 
2020-12-02T16:15:57.249473+09:00 0 0 경기77바3633 3 41 234000310 123000003 68 
2020-12-02T16:16:57.093312+09:00 0 0 경기77바3632 3 43 234000310 202000251 26 
2020-12-02T16:16:57.093373+09:00 0 0 경기77바2184 3 44 234000310 201000034 119 
2020-12-02T16:16:57.093393+09:00 0 0 경기77바3636 3 38 234000310 122000309 59 
2020-12-02T16:16:57.093408+09:00 0 0 경기77바2190 3 37 234000310 277103221 40 
2020-12-02T16:16:57.093425+09:00 0 0 경기77바3635 3 41 234000310 201000352 13 
2020-12-02T16:16:57.093440+09:00 0 0 경기77바3440 3 40 234000310 200000116 108 
2020-12-02T16:16:57.093454+09:00 0 0 경기77바3633 3 41 234000310 277102839 69 
2020-12-02T16:16:57.093468+09:00 0 0 경기77바2213 3 32 234000310 206000542 94 
2020-12-02T16:16:57.093482+09:00 0 0 경기77바2901 3 43 234000310 123000016 79 
2020-12-02T16:17:56.537433+09:00 0 0 경기77바2190 3 37 234000310 277103221 40 
2020-12-02T16:17:56.537473+09:00 0 0 경기77바3636 3 38 234000310 122000310 60 
2020-12-02T16:17:56.537493+09:00 0 0 경기77바3632 3 43 234000310 200000204 27 
2020-12-02T16:17:56.537508+09:00 0 0 경기77바2184 3 44 234000310 201000252 121 
2020-12-02T16:17:56.537524+09:00 0 0 경기77바3635 3 41 234000310 201000352 13 
2020-12-02T16:17:56.537539+09:00 0 0 경기77바2213 3 32 234000310 206000542 94 
2020-12-02T16:17:56.537552+09:00 0 0 경기77바3440 3 40 234000310 200000090 109 
2020-12-02T16:17:56.537566+09:00 0 0 경기77바3633 3 41 234000310 277102839 69 
2020-12-02T16:17:56.537579+09:00 0 0 경기77바2901 3 43 234000310 122000312 80 
2020-12-02T16:18:56.681648+09:00 0 0 경기77바3632 3 43 234000310 200000204 27 
2020-12-02T16:18:56.681709+09:00 0 0 경기77바3636 3 38 234000310 122000311 61 
2020-12-02T16:18:56.681729+09:00 0 0 경기77바2184 3 44 234000310 201000470 122 
2020-12-02T16:18:56.681745+09:00 0 0 경기77바2190 3 38 234000310 226000191 41 
2020-12-02T16:18:56.681762+09:00 0 0 경기77바3440 3 40 234000310 200000090 109 
2020-12-02T16:18:56.681777+09:00 0 0 경기77바3635 3 41 234000310 201000352 13 
2020-12-02T16:18:56.681794+09:00 0 0 경기77바3633 3 41 234000310 123000611 70 
2020-12-02T16:18:56.681808+09:00 0 0 경기77바2901 3 43 234000310 122000313 81 
2020-12-02T16:18:56.681821+09:00 0 0 경기77바2213 3 32 234000310 206000542 94 
2020-12-02T16:19:55.995695+09:00 0 0 경기77바2190 3 38 234000310 226000191 41 
2020-12-02T16:19:55.995757+09:00 0 0 경기77바3632 3 43 234000310 200000204 27 
2020-12-02T16:19:55.995778+09:00 0 0 경기77바3636 3 38 234000310 122000311 61 
2020-12-02T16:19:55.995795+09:00 0 0 경기77바2184 3 44 234000310 201000217 123 
2020-12-02T16:19:55.995811+09:00 0 0 경기77바3633 3 41 234000310 123000611 70 
2020-12-02T16:19:55.995827+09:00 0 0 경기77바2901 3 43 234000310 122000313 81 
2020-12-02T16:19:55.995840+09:00 0 0 경기77바3635 3 41 234000310 201000352 13 
2020-12-02T16:19:55.995853+09:00 0 0 경기77바2213 3 30 234000310 206000543 95 
2020-12-02T16:19:55.995867+09:00 0 0 경기77바3440 3 40 234000310 200000090 109 
2020-12-02T16:20:54.969660+09:00 0 0 경기77바2190 3 38 234000310 226000191 41 
2020-12-02T16:20:54.969720+09:00 0 0 경기77바2184 3 44 234000310 201000217 123 
2020-12-02T16:20:54.969741+09:00 0 0 경기77바3632 3 43 234000310 200000112 29 
2020-12-02T16:20:54.969757+09:00 0 0 경기77바3636 3 38 234000310 122000311 61 
2020-12-02T16:20:54.969774+09:00 0 0 경기77바2901 3 43 234000310 122000313 81 
2020-12-02T16:20:54.969789+09:00 0 0 경기77바3635 3 41 234000310 201000350 14 
2020-12-02T16:20:54.969803+09:00 0 0 경기77바2213 3 30 234000310 206000544 97 
2020-12-02T16:20:54.969817+09:00 0 0 경기77바3440 3 41 234000310 200000096 110 
2020-12-02T16:20:54.969830+09:00 0 0 경기77바3633 3 37 234000310 123000611 70 
2020-12-02T16:21:54.973950+09:00 0 0 경기77바2190 3 41 234000310 226000191 41 
2020-12-02T16:21:54.974017+09:00 0 0 경기77바3636 3 38 234000310 122000311 61 
2020-12-02T16:21:54.974038+09:00 0 0 경기77바3632 3 42 234000310 200000112 29 
2020-12-02T16:21:54.974054+09:00 0 0 경기77바2184 3 44 234000310 201000217 123 
2020-12-02T16:21:54.974070+09:00 0 0 경기77바3635 3 41 234000310 201000350 14 
2020-12-02T16:21:54.974084+09:00 0 0 경기77바3633 3 37 234000310 277102843 71 
2020-12-02T16:21:54.974098+09:00 0 0 경기77바2901 3 43 234000310 122000308 82 
2020-12-02T16:21:54.974111+09:00 0 0 경기77바2213 3 31 234000310 277103149 98 
2020-12-02T16:21:54.974124+09:00 0 0 경기77바3440 3 41 234000310 200000096 110 
2020-12-02T16:22:55.117991+09:00 0 0 경기77바2184 3 44 234000310 201000157 124 
2020-12-02T16:22:55.118051+09:00 0 0 경기77바3632 3 42 234000310 200000112 29 
2020-12-02T16:22:55.118071+09:00 0 0 경기77바3636 3 39 234000310 123000015 62 
2020-12-02T16:22:55.118087+09:00 0 0 경기77바2190 3 41 234000310 226000191 41 
2020-12-02T16:22:55.118103+09:00 0 0 경기77바3633 3 37 234000310 277102843 71 
2020-12-02T16:22:55.118117+09:00 0 0 경기77바2213 3 31 234000310 277103149 98 
2020-12-02T16:22:55.118131+09:00 0 0 경기77바3440 3 43 234000310 200000266 112 
2020-12-02T16:22:55.118144+09:00 0 0 경기77바2901 3 43 234000310 204000041 83 
2020-12-02T16:22:55.118157+09:00 0 0 경기77바3635 3 41 234000310 201000126 15 
2020-12-02T16:23:53.641847+09:00 0 0 경기77바3636 3 39 234000310 123000015 62 
2020-12-02T16:23:53.641909+09:00 0 0 경기77바2190 3 41 234000310 277102796 42 
2020-12-02T16:23:53.641930+09:00 0 0 경기77바3632 3 39 234000310 200000111 30 
2020-12-02T16:23:53.641947+09:00 0 0 경기77바2184 3 44 234000310 201000157 124 
2020-12-02T16:23:53.641963+09:00 0 0 경기77바3633 3 36 234000310 123000004 73 
2020-12-02T16:23:53.641978+09:00 0 0 경기77바3635 3 41 234000310 201000126 15 
2020-12-02T16:23:53.641993+09:00 0 0 경기77바2901 3 43 234000310 204000040 84 
2020-12-02T16:23:53.642007+09:00 0 0 경기77바2213 3 31 234000310 277103149 98 
2020-12-02T16:23:53.642020+09:00 0 0 경기77바3440 3 43 234000310 200000266 112 
2020-12-02T16:24:53.345568+09:00 0 0 경기77바2190 3 41 234000310 277102796 42 
2020-12-02T16:24:53.345629+09:00 0 0 경기77바3632 3 39 234000310 200000111 30 
2020-12-02T16:24:53.345650+09:00 0 0 경기77바3636 3 40 234000310 123000013 63 
2020-12-02T16:24:53.345667+09:00 0 0 경기77바2184 3 44 234000310 201000122 125 
2020-12-02T16:24:53.345684+09:00 0 0 경기77바2213 3 31 234000310 277103149 98 
2020-12-02T16:24:53.345699+09:00 0 0 경기77바3440 3 43 234000310 200000088 113 
2020-12-02T16:24:53.345713+09:00 0 0 경기77바3633 3 36 234000310 123000004 73 
2020-12-02T16:24:53.345727+09:00 0 0 경기77바2901 3 43 234000310 204000039 85 
2020-12-02T16:24:53.345740+09:00 0 0 경기77바3635 3 41 234000310 201000125 16 
2020-12-02T16:25:53.049493+09:00 0 0 경기77바3636 3 41 234000310 123000013 63 
2020-12-02T16:25:53.049553+09:00 0 0 경기77바2184 3 44 234000310 201000349 126 
2020-12-02T16:25:53.049573+09:00 0 0 경기77바2190 3 41 234000310 277102796 42 
2020-12-02T16:25:53.049589+09:00 0 0 경기77바3632 3 39 234000310 200000091 31 
2020-12-02T16:25:53.049606+09:00 0 0 경기77바2213 3 31 234000310 277103149 98 
2020-12-02T16:25:53.049621+09:00 0 0 경기77바3635 3 41 234000310 201000125 16 
2020-12-02T16:25:53.049635+09:00 0 0 경기77바3440 3 43 234000310 202000254 114 
2020-12-02T16:25:53.049648+09:00 0 0 경기77바2901 3 43 234000310 204000057 86 
2020-12-02T16:25:53.049662+09:00 0 0 경기77바3633 3 36 234000310 123000006 74 
2020-12-02T16:26:53.023236+09:00 0 0 경기77바3636 3 41 234000310 123000013 63 
2020-12-02T16:26:53.023298+09:00 0 0 경기77바2184 3 44 234000310 201000349 126 
2020-12-02T16:26:53.023318+09:00 0 0 경기77바3632 3 37 234000310 200000091 31 
2020-12-02T16:26:53.023334+09:00 0 0 경기77바2190 3 41 234000310 277103148 43 
2020-12-02T16:26:53.023351+09:00 0 0 경기77바3440 3 43 234000310 202000254 114 
2020-12-02T16:26:53.023366+09:00 0 0 경기77바2901 3 43 234000310 204000222 87 
2020-12-02T16:26:53.023380+09:00 0 0 경기77바3633 3 36 234000310 123000008 75 
2020-12-02T16:26:53.023394+09:00 0 0 경기77바3635 3 41 234000310 201000218 17 
2020-12-02T16:26:53.023407+09:00 0 0 경기77바2213 3 31 234000310 277102599 99 
2020-12-02T16:27:52.496923+09:00 0 0 경기77바3632 3 36 234000310 200000120 32 
2020-12-02T16:27:52.496984+09:00 0 0 경기77바2184 3 44 234000310 201000355 127 
2020-12-02T16:27:52.497003+09:00 0 0 경기77바2190 3 42 234000310 206000538 44 
2020-12-02T16:27:52.497019+09:00 0 0 경기77바3636 3 41 234000310 123000013 63 
2020-12-02T16:27:52.497078+09:00 0 0 경기77바3440 3 43 234000310 202000245 115 
2020-12-02T16:27:52.497099+09:00 0 0 경기77바3633 3 36 234000310 123000010 76 
2020-12-02T16:27:52.497114+09:00 0 0 경기77바2901 3 43 234000310 204000038 88 
2020-12-02T16:27:52.497128+09:00 0 0 경기77바2213 3 31 234000310 277102599 99 
2020-12-02T16:27:52.497141+09:00 0 0 경기77바3635 3 41 234000310 201000218 17 
2020-12-02T16:28:52.530787+09:00 0 0 경기77바3636 3 41 234000310 123000011 64 
2020-12-02T16:28:52.530849+09:00 0 0 경기77바2184 3 44 234000310 201000353 128 
2020-12-02T16:28:52.530869+09:00 0 0 경기77바3632 3 36 234000310 200000119 33 
2020-12-02T16:28:52.530889+09:00 0 0 경기77바2190 3 42 234000310 206000577 45 
2020-12-02T16:28:52.530906+09:00 0 0 경기77바3635 3 41 234000310 201000218 17 
2020-12-02T16:28:52.530921+09:00 0 0 경기77바2213 3 31 234000310 277102599 99 
2020-12-02T16:28:52.530935+09:00 0 0 경기77바3440 3 43 234000310 202000245 115 
2020-12-02T16:28:52.530948+09:00 0 0 경기77바2075 3 45 234000310 233001214 1 
2020-12-02T16:28:52.530961+09:00 0 0 경기77바3633 3 35 234000310 123000010 76 
2020-12-02T16:28:52.530975+09:00 0 0 경기77바2901 3 43 234000310 204000062 89 
2020-12-02T16:29:51.954635+09:00 0 0 경기77바3636 3 41 234000310 123000011 64 
2020-12-02T16:29:51.954698+09:00 0 0 경기77바2190 3 42 234000310 206000539 46 
2020-12-02T16:29:51.954718+09:00 0 0 경기77바3632 3 35 234000310 200000119 33 
2020-12-02T16:29:51.954734+09:00 0 0 경기77바2184 3 44 234000310 201000353 128 
2020-12-02T16:29:51.954750+09:00 0 0 경기77바3635 3 41 234000310 201000218 17 
2020-12-02T16:29:51.954765+09:00 0 0 경기77바3633 3 35 234000310 123000010 76 
2020-12-02T16:29:51.954779+09:00 0 0 경기77바2901 3 43 234000310 204000037 90 
2020-12-02T16:29:51.954792+09:00 0 0 경기77바2075 3 45 234000310 233000599 2 
2020-12-02T16:29:51.954805+09:00 0 0 경기77바3440 3 43 234000310 202000245 115 
2020-12-02T16:29:51.954819+09:00 0 0 경기77바2213 3 31 234000310 226000190 100 
2020-12-02T16:30:51.588518+09:00 0 0 경기77바2190 3 42 234000310 206000539 46 
2020-12-02T16:30:51.588580+09:00 0 0 경기77바2184 3 44 234000310 201000130 129 
2020-12-02T16:30:51.588599+09:00 0 0 경기77바3636 3 41 234000310 123000011 64 
2020-12-02T16:30:51.588615+09:00 0 0 경기77바3632 3 35 234000310 200000130 34 
2020-12-02T16:30:51.588631+09:00 0 0 경기77바2075 3 45 234000310 233000596 4 
2020-12-02T16:30:51.588646+09:00 0 0 경기77바2901 3 43 234000310 204000037 90 
2020-12-02T16:30:51.588660+09:00 0 0 경기77바3440 3 43 234000310 202000245 115 
2020-12-02T16:30:51.588674+09:00 0 0 경기77바2213 3 31 234000310 226000190 100 
2020-12-02T16:30:51.588687+09:00 0 0 경기77바3635 3 41 234000310 201000173 18 
2020-12-02T16:30:51.588701+09:00 0 0 경기77바3633 3 35 234000310 123000012 77 
2020-12-02T16:31:51.132476+09:00 0 0 경기77바3636 3 41 234000310 123000011 64 
2020-12-02T16:31:51.132539+09:00 0 0 경기77바3632 3 35 234000310 200000042 35 
2020-12-02T16:31:51.132559+09:00 0 0 경기77바2184 3 44 234000310 201000151 130 
2020-12-02T16:31:51.132575+09:00 0 0 경기77바2190 3 42 234000310 206000540 47 
2020-12-02T16:31:51.132591+09:00 0 0 경기77바2901 3 43 234000310 204000037 90 
2020-12-02T16:31:51.132606+09:00 0 0 경기77바2075 3 45 234000310 233000596 4 
2020-12-02T16:31:51.132620+09:00 0 0 경기77바2213 3 31 234000310 226000190 100 
2020-12-02T16:31:51.132634+09:00 0 0 경기77바3633 3 33 234000310 123000012 77 
2020-12-02T16:31:51.132647+09:00 0 0 경기77바3440 3 43 234000310 201000187 116 
2020-12-02T16:31:51.132661+09:00 0 0 경기77바3635 3 41 234000310 201000171 20 
2020-12-02T16:32:50.736369+09:00 0 0 경기77바2184 3 44 234000310 201000151 130 
2020-12-02T16:32:50.736433+09:00 0 0 경기77바3632 3 35 234000310 200000042 35 
2020-12-02T16:32:50.736453+09:00 0 0 경기77바3636 3 41 234000310 123000009 65 
2020-12-02T16:32:50.736469+09:00 0 0 경기77바2190 3 42 234000310 206000540 47 
2020-12-02T16:32:50.736485+09:00 0 0 경기77바3633 3 33 234000310 123000012 77 
2020-12-02T16:32:50.736500+09:00 0 0 경기77바3440 3 43 234000310 201000186 117 
2020-12-02T16:32:50.736513+09:00 0 0 경기77바2213 3 31 234000310 226000190 100 
2020-12-02T16:32:50.736527+09:00 0 0 경기77바3635 3 41 234000310 201000171 20 
2020-12-02T16:32:50.736540+09:00 0 0 경기77바2075 3 45 234000310 233000594 6 
2020-12-02T16:32:50.736554+09:00 0 0 경기77바2901 3 43 234000310 204000199 92 
2020-12-02T16:33:50.810283+09:00 0 0 경기77바2190 3 42 234000310 206000540 47 
2020-12-02T16:33:50.810345+09:00 0 0 경기77바3632 3 35 234000310 200000041 36 
2020-12-02T16:33:50.810366+09:00 0 0 경기77바2184 3 44 234000310 233000592 132 
2020-12-02T16:33:50.810381+09:00 0 0 경기77바3636 3 41 234000310 123000009 65 
2020-12-02T16:33:50.810397+09:00 0 0 경기77바3440 3 43 234000310 201000186 117 
2020-12-02T16:33:50.810412+09:00 0 0 경기77바2901 3 43 234000310 204000199 92 
2020-12-02T16:33:50.810426+09:00 0 0 경기77바2213 3 31 234000310 277103220 101 
2020-12-02T16:33:50.810440+09:00 0 0 경기77바3633 3 33 234000310 123000014 78 
2020-12-02T16:33:50.810453+09:00 0 0 경기77바2075 3 45 234000310 233001986 8 
2020-12-02T16:33:50.810467+09:00 0 0 경기77바3635 3 40 234000310 201000031 21 
