232000073 2020-12-05T22:50:04.950046+09:00
2020-12-06T05:03:17 0 0 경기79바1608 3 41 232000073 168000407 2 
2020-12-06T05:03:31 0 0 경기79바1608 3 41 232000073 168000407 2 
2020-12-06T05:04:16 0 0 경기79바1608 3 41 232000073 168000407 2 
2020-12-06T05:04:30 0 0 경기79바1608 3 41 232000073 168000436 3 
2020-12-06T05:05:16 0 0 경기79바1608 3 39 232000073 168000436 3 
2020-12-06T05:05:29 0 0 경기79바1608 3 39 232000073 168000436 3 
2020-12-06T05:06:15 0 0 경기79바1608 3 39 232000073 168000442 4 
2020-12-06T05:06:29 0 0 경기79바1608 3 39 232000073 168000442 4 
2020-12-06T05:07:14 0 0 경기79바1608 3 38 232000073 168000446 5 
2020-12-06T05:07:28 0 0 경기79바1608 3 38 232000073 168000446 5 
2020-12-06T05:08:14 0 0 경기79바1608 3 38 232000073 168000446 5 
2020-12-06T05:08:27 0 0 경기79바1608 3 38 232000073 168000446 5 
2020-12-06T05:09:13 0 0 경기79바1608 3 38 232000073 232000349 6 
2020-12-06T05:09:26 0 0 경기79바1608 3 38 232000073 232000349 6 
2020-12-06T05:10:13 0 0 경기79바1608 3 38 232000073 232000349 6 
2020-12-06T05:10:26 0 0 경기79바1608 3 38 232000073 232000349 6 
2020-12-06T05:11:13 0 0 경기79바1608 3 38 232000073 232000348 7 
2020-12-06T05:11:31 0 0 경기79바1608 3 38 232000073 232000348 7 
2020-12-06T05:12:12 0 0 경기79바1608 3 36 232000073 232000347 8 
2020-12-06T05:12:25 0 0 경기79바1608 3 36 232000073 232000347 8 
2020-12-06T05:13:12 0 0 경기79바1608 3 34 232000073 232000347 8 
2020-12-06T05:13:25 0 0 경기79바1608 3 34 232000073 232000347 8 
2020-12-06T05:14:11 0 0 경기79바1608 3 34 232000073 232000346 9 
2020-12-06T05:14:24 0 0 경기79바1608 3 34 232000073 232000346 9 
2020-12-06T05:15:10 0 0 경기79바1608 3 33 232000073 232000345 10 
2020-12-06T05:15:23 0 0 경기79바1608 3 33 232000073 232000345 10 
2020-12-06T05:16:10 0 0 경기79바1608 3 33 232000073 232000344 11 
2020-12-06T05:16:23 0 0 경기79바1608 3 33 232000073 232000344 11 
2020-12-06T05:17:09 0 0 경기79바1608 3 33 232000073 232000360 12 
2020-12-06T05:17:22 0 0 경기79바1608 3 33 232000073 232000360 12 
2020-12-06T05:18:09 0 0 경기79바1608 3 33 232000073 232000360 12 
2020-12-06T05:18:22 0 0 경기79바1608 3 33 232000073 232000360 12 
2020-12-06T05:19:09 0 0 경기79바1608 3 33 232000073 232000359 13 
2020-12-06T05:19:21 0 0 경기79바1608 3 33 232000073 232000359 13 
2020-12-06T05:20:08 0 0 경기79바1608 3 33 232000073 232000359 13 
2020-12-06T05:20:21 0 0 경기79바1608 3 33 232000073 232000359 13 
2020-12-06T05:21:09 0 0 경기79바1608 3 33 232000073 232000359 13 
2020-12-06T05:21:21 0 0 경기79바1608 3 33 232000073 232000359 13 
2020-12-06T05:22:08 0 0 경기79바1608 3 33 232000073 232000359 13 
2020-12-06T05:22:21 0 0 경기79바1608 3 33 232000073 232000359 13 
2020-12-06T05:23:08 0 0 경기79바1608 3 33 232000073 232000359 13 
2020-12-06T05:23:21 0 0 경기79바1608 3 33 232000073 232000359 13 
2020-12-06T05:24:08 0 0 경기79바1608 3 33 232000073 232000359 13 
2020-12-06T05:24:21 0 0 경기79바1608 3 34 232000073 232000356 14 
2020-12-06T05:25:07 0 0 경기79바1608 3 35 232000073 232000356 14 
2020-12-06T05:25:20 0 0 경기79바1608 3 35 232000073 232000356 14 
2020-12-06T05:26:07 0 0 경기79바1608 3 35 232000073 232000356 14 
2020-12-06T05:26:20 0 0 경기79바1608 3 35 232000073 232000356 14 
2020-12-06T05:27:07 0 0 경기79바1608 3 35 232000073 232000356 14 
2020-12-06T05:27:20 0 0 경기79바1608 3 35 232000073 232000356 14 
2020-12-06T05:28:06 0 0 경기79바1608 3 35 232000073 277103819 15 
2020-12-06T05:28:20 0 0 경기79바1608 3 35 232000073 277103819 15 
2020-12-06T05:29:05 0 0 경기79바1608 3 35 232000073 277103819 15 
2020-12-06T05:29:19 0 0 경기79바1608 3 35 232000073 277103819 15 
2020-12-06T05:30:05 0 0 경기79바1608 3 35 232000073 277103819 15 
2020-12-06T05:30:19 0 0 경기79바1608 3 35 232000073 277103819 15 
2020-12-06T05:31:05 0 0 경기79바1608 3 35 232000073 277103819 15 
2020-12-06T05:31:18 0 0 경기79바1608 3 35 232000073 277103819 15 
2020-12-06T05:32:04 0 0 경기79바1608 3 35 232000073 277103819 15 
2020-12-06T05:32:18 0 0 경기79바1608 3 35 232000073 277103819 15 
2020-12-06T05:33:04 0 0 경기79바1608 3 35 232000073 277101769 16 
2020-12-06T05:33:18 0 0 경기79바1608 3 35 232000073 277101769 16 
2020-12-06T05:34:03 0 0 경기79바1608 3 35 232000073 277103403 17 
2020-12-06T05:34:17 0 0 경기79바1608 3 35 232000073 277103403 17 
2020-12-06T05:35:03 0 0 경기79바1608 3 35 232000073 277103403 17 
2020-12-06T05:35:17 0 0 경기79바1608 3 35 232000073 277103403 17 
2020-12-06T05:36:03 0 0 경기79바1608 3 35 232000073 277103403 17 
2020-12-06T05:36:17 0 0 경기79바1608 3 35 232000073 277103403 17 
2020-12-06T05:37:03 0 0 경기79바1608 3 35 232000073 277103404 18 
2020-12-06T05:37:16 0 0 경기79바1608 3 35 232000073 277103404 18 
2020-12-06T05:38:02 0 0 경기79바1608 3 35 232000073 277103406 19 
2020-12-06T05:38:16 0 0 경기79바1608 3 35 232000073 277103406 19 
2020-12-06T05:39:02 0 0 경기79바1608 3 35 232000073 277103406 19 
2020-12-06T05:39:16 0 0 경기79바1608 3 35 232000073 277103410 20 
2020-12-06T05:40:02 0 0 경기79바1608 3 35 232000073 277103410 20 
2020-12-06T05:40:16 0 0 경기79바1608 3 35 232000073 277103410 20 
2020-12-06T05:41:01 0 0 경기79바1608 3 35 232000073 277103410 20 
2020-12-06T05:41:15 0 0 경기79바1608 3 35 232000073 113000424 21 
2020-12-06T05:42:01 0 0 경기79바1608 3 35 232000073 113000424 21 
2020-12-06T05:42:15 0 0 경기79바1608 3 35 232000073 113000424 21 
2020-12-06T05:43:01 0 0 경기79바1608 3 38 232000073 113000424 21 
2020-12-06T05:43:15 0 0 경기79바1608 3 38 232000073 113000424 21 
2020-12-06T05:44:00 0 0 경기79바1608 3 38 232000073 277102197 22 
2020-12-06T05:44:15 0 0 경기79바1608 3 38 232000073 277102197 22 
2020-12-06T05:45:00 0 0 경기79바1608 3 38 232000073 277102197 22 
2020-12-06T05:45:15 0 0 경기79바1608 3 38 232000073 277102197 22 
2020-12-06T05:45:59 0 0 경기79바1608 3 38 232000073 277102197 22 
2020-12-06T05:46:15 0 0 경기79바1608 3 38 232000073 277102197 22 
2020-12-06T05:46:59 0 0 경기79바1608 3 39 232000073 113000422 23 
2020-12-06T05:47:14 0 0 경기79바1608 3 39 232000073 113000422 23 
2020-12-06T05:47:59 0 0 경기79바1608 3 39 232000073 113000422 23 
2020-12-06T05:48:14 0 0 경기79바1608 3 39 232000073 113000422 23 
2020-12-06T05:48:58 0 0 경기79바1608 3 39 232000073 113000422 23 
2020-12-06T05:49:14 0 0 경기79바1608 3 39 232000073 113000420 24 
2020-12-06T05:49:57 0 0 경기79바1608 3 39 232000073 113000420 24 
2020-12-06T05:50:13 0 0 경기79바1608 3 39 232000073 113000420 24 
2020-12-06T05:50:58 0 0 경기79바1608 3 39 232000073 113000420 24 
2020-12-06T05:51:13 0 0 경기79바1608 3 39 232000073 113000419 25 
2020-12-06T05:51:58 0 0 경기79바1608 3 39 232000073 113000419 25 
2020-12-06T05:52:13 0 0 경기79바1608 3 39 232000073 113000419 25 
2020-12-06T05:52:57 0 0 경기79바1608 3 39 232000073 113000418 26 
2020-12-06T05:53:13 0 0 경기79바1608 3 39 232000073 113000418 26 
2020-12-06T05:53:57 0 0 경기79바1608 3 39 232000073 113000418 26 
2020-12-06T05:54:12 0 0 경기79바1608 3 39 232000073 113000418 26 
2020-12-06T05:54:57 0 0 경기79바1608 3 39 232000073 113000418 26 
2020-12-06T05:55:11 0 0 경기79바1608 3 39 232000073 113000418 26 
2020-12-06T05:55:56 0 0 경기79바1608 3 39 232000073 113000477 27 
2020-12-06T05:56:11 0 0 경기79바1608 3 39 232000073 113000477 27 
2020-12-06T05:56:56 0 0 경기79바1608 3 39 232000073 113000477 27 
2020-12-06T05:57:10 0 0 경기79바1608 3 39 232000073 113000477 27 
2020-12-06T05:57:55 0 0 경기79바1608 3 39 232000073 113000477 27 
2020-12-06T05:58:10 0 0 경기79바1608 3 39 232000073 113000477 27 
2020-12-06T05:58:55 0 0 경기79바1608 3 39 232000073 113000477 27 
2020-12-06T05:59:10 0 0 경기79바1608 3 39 232000073 113000477 27 
2020-12-06T05:59:55 0 0 경기79바1608 3 39 232000073 112000430 28 
2020-12-06T06:00:10 0 0 경기79바1608 3 39 232000073 112000430 28 
2020-12-06T06:00:55 0 0 경기79바1608 3 39 232000073 101000304 29 
2020-12-06T06:01:09 0 0 경기79바1608 3 39 232000073 101000304 29 
2020-12-06T06:01:54 0 0 경기79바1608 3 39 232000073 101000304 29 
2020-12-06T06:02:09 0 0 경기79바1608 3 39 232000073 101000304 29 
2020-12-06T06:02:54 0 0 경기79바1608 3 39 232000073 100000380 30 
2020-12-06T06:03:08 0 0 경기79바1608 3 39 232000073 100000380 30 
2020-12-06T06:03:53 0 0 경기79바1608 3 39 232000073 100000380 30 
2020-12-06T06:04:08 0 0 경기79바1608 3 39 232000073 100000380 30 
2020-12-06T06:04:53 0 0 경기79바1608 3 39 232000073 100000025 31 
2020-12-06T06:05:08 0 0 경기79바1608 3 38 232000073 100000025 31 
2020-12-06T06:05:52 0 0 경기79바1608 3 38 232000073 100000025 31 
2020-12-06T06:06:08 0 0 경기79바1608 3 38 232000073 100000025 31 
2020-12-06T06:06:52 0 0 경기79바1608 3 40 232000073 101000038 32 
2020-12-06T06:07:08 0 0 경기79바1608 3 40 232000073 101000038 32 
2020-12-06T06:07:56 0 0 경기79바1608 3 40 232000073 277101975 33 
2020-12-06T06:08:07 0 0 경기79바1608 3 40 232000073 277101975 33 
2020-12-06T06:08:50 0 0 경기79바1608 3 40 232000073 112000170 34 
2020-12-06T06:09:07 0 0 경기79바1608 3 40 232000073 112000170 34 
2020-12-06T06:09:50 0 0 경기79바1608 3 40 232000073 112000170 34 
2020-12-06T06:10:07 0 0 경기79바1608 3 40 232000073 113000478 35 
2020-12-06T06:10:50 0 0 경기79바1608 3 40 232000073 113000478 35 
2020-12-06T06:11:06 0 0 경기79바1608 3 40 232000073 113000478 35 
2020-12-06T06:11:50 0 0 경기79바1608 3 40 232000073 113000478 35 
2020-12-06T06:12:06 0 0 경기79바1608 3 40 232000073 113000478 35 
2020-12-06T06:12:50 0 0 경기79바1608 3 40 232000073 113000478 35 
2020-12-06T06:13:06 0 0 경기79바1608 3 40 232000073 113000478 35 
2020-12-06T06:13:49 0 0 경기79바1608 3 40 232000073 113000411 36 
2020-12-06T06:14:06 0 0 경기79바1608 3 40 232000073 113000411 36 
2020-12-06T06:14:49 0 0 경기79바1608 3 40 232000073 113000411 36 
2020-12-06T06:15:05 0 0 경기79바1608 3 40 232000073 113000411 36 
2020-12-06T06:15:49 0 0 경기79바1608 3 40 232000073 113000411 36 
2020-12-06T06:16:05 0 0 경기79바1608 3 40 232000073 113000417 37 
2020-12-06T06:16:48 0 0 경기79바1608 3 40 232000073 113000416 38 
2020-12-06T06:17:05 0 0 경기79바1608 3 40 232000073 113000416 38 
2020-12-06T06:17:48 0 0 경기79바1608 3 40 232000073 113000416 38 
2020-12-06T06:18:04 0 0 경기79바1608 3 40 232000073 113000416 38 
2020-12-06T06:18:48 0 0 경기79바1608 3 40 232000073 113000416 38 
2020-12-06T06:19:04 0 0 경기79바1608 3 40 232000073 113000416 38 
2020-12-06T06:19:48 0 0 경기79바1608 3 40 232000073 113000416 38 
2020-12-06T06:20:04 0 0 경기79바1608 3 40 232000073 113000416 38 
2020-12-06T06:20:47 0 0 경기79바1608 3 40 232000073 113000416 38 
2020-12-06T06:21:04 0 0 경기79바1608 3 40 232000073 113000416 38 
2020-12-06T06:21:47 0 0 경기79바1608 3 40 232000073 113000414 39 
2020-12-06T06:22:03 0 0 경기79바1608 3 40 232000073 113000414 39 
2020-12-06T06:22:46 0 0 경기79바1608 3 40 232000073 277102199 40 
2020-12-06T06:23:03 0 0 경기79바1608 3 40 232000073 277102199 40 
2020-12-06T06:23:45 0 0 경기79바1608 3 40 232000073 277102199 40 
2020-12-06T06:24:02 0 0 경기79바1608 3 40 232000073 277102199 40 
2020-12-06T06:24:45 0 0 경기79바1608 3 40 232000073 277102198 41 
2020-12-06T06:25:03 0 0 경기79바1608 3 40 232000073 113000412 42 
2020-12-06T06:25:45 0 0 경기79바1608 3 39 232000073 113000412 42 
2020-12-06T06:26:02 0 0 경기79바1608 3 39 232000073 113000412 42 
2020-12-06T06:26:44 0 0 경기79바1608 3 39 232000073 113000412 42 
2020-12-06T06:27:02 0 0 경기79바1608 3 39 232000073 113000412 42 
2020-12-06T06:27:43 0 0 경기79바1608 3 39 232000073 113000412 42 
2020-12-06T06:28:02 0 0 경기79바1608 3 39 232000073 113000412 42 
2020-12-06T06:28:43 0 0 경기79바1608 3 39 232000073 277103529 43 
2020-12-06T06:29:01 0 0 경기79바1608 3 39 232000073 277103529 43 
2020-12-06T06:29:43 0 0 경기79바1608 3 39 232000073 277103529 43 
2020-12-06T06:30:01 0 0 경기79바1608 3 39 232000073 277103529 43 
2020-12-06T06:30:43 0 0 경기79바1608 3 39 232000073 277103529 43 
2020-12-06T06:31:01 0 0 경기79바1608 3 39 232000073 277103529 43 
2020-12-06T06:31:42 0 0 경기79바1608 3 39 232000073 277103529 43 
2020-12-06T06:32:01 0 0 경기79바1608 3 39 232000073 277103529 43 
2020-12-06T06:32:42 0 0 경기79바1608 3 39 232000073 277103402 44 
2020-12-06T06:33:01 0 0 경기79바1608 3 39 232000073 277103402 44 
2020-12-06T06:33:42 0 0 경기79바1608 3 39 232000073 277103402 44 
2020-12-06T06:34:00 0 0 경기79바1608 3 39 232000073 277103402 44 
2020-12-06T06:34:41 0 0 경기79바1608 3 39 232000073 277103402 44 
2020-12-06T06:34:59 0 0 경기79바1608 3 39 232000073 277103402 44 
2020-12-06T06:35:41 0 0 경기79바1608 3 39 232000073 277103402 44 
2020-12-06T06:35:59 0 0 경기79바1608 3 39 232000073 277103401 45 
2020-12-06T06:36:41 0 0 경기79바1608 3 39 232000073 277103401 45 
2020-12-06T06:36:59 0 0 경기79바1608 3 39 232000073 277103401 45 
2020-12-06T06:37:40 0 0 경기79바1608 3 39 232000073 277103401 45 
2020-12-06T06:37:58 0 0 경기79바1608 3 39 232000073 277103401 45 
2020-12-06T06:38:39 0 0 경기79바1608 3 39 232000073 277103401 45 
2020-12-06T06:38:58 0 0 경기79바1608 3 39 232000073 277103401 45 
2020-12-06T06:39:39 0 0 경기79바1608 3 39 232000073 277103401 45 
2020-12-06T06:39:58 0 0 경기79바1608 3 39 232000073 277103401 45 
2020-12-06T06:40:39 0 0 경기79바1608 3 39 232000073 277103401 45 
2020-12-06T06:40:57 0 0 경기79바1608 3 39 232000073 232000432 46 
2020-12-06T06:41:38 0 0 경기79바1608 3 39 232000073 232000432 46 
2020-12-06T06:41:57 0 0 경기79바1608 3 39 232000073 232000432 46 
2020-12-06T06:42:38 0 0 경기79바1608 3 39 232000073 232000432 46 
2020-12-06T06:42:56 0 0 경기79바1608 3 39 232000073 232000432 46 
2020-12-06T06:43:38 0 0 경기79바1608 3 39 232000073 232000432 46 
2020-12-06T06:43:56 0 0 경기79바1608 3 39 232000073 232000432 46 
2020-12-06T06:44:37 0 0 경기79바1608 3 39 232000073 232000432 46 
2020-12-06T06:44:56 0 0 경기79바1608 3 39 232000073 232000432 46 
2020-12-06T06:45:37 0 0 경기79바1608 3 39 232000073 232000429 47 
2020-12-06T06:45:56 0 0 경기79바1608 3 39 232000073 232000429 47 
2020-12-06T06:46:37 0 0 경기79바1608 3 39 232000073 232000429 47 
2020-12-06T06:46:55 0 0 경기79바1608 3 39 232000073 232000429 47 
2020-12-06T06:47:37 0 0 경기79바1608 3 39 232000073 232000429 47 
2020-12-06T06:47:55 0 0 경기79바1608 3 39 232000073 232000429 47 
2020-12-06T06:48:37 0 0 경기79바1608 3 39 232000073 232000429 47 
2020-12-06T06:48:57 0 0 경기79바1608 3 39 232000073 232000429 47 
2020-12-06T06:49:37 0 0 경기79바1608 3 39 232000073 232000354 48 
2020-12-06T06:49:54 0 0 경기79바1608 3 39 232000073 232000354 48 
2020-12-06T06:50:37 0 0 경기79바1608 3 39 232000073 232000353 49 
2020-12-06T06:50:53 0 0 경기79바1608 3 39 232000073 232000353 49 
2020-12-06T06:51:37 0 0 경기79바1608 3 39 232000073 232000353 49 
2020-12-06T06:51:53 0 0 경기79바1608 3 39 232000073 232000352 50 
2020-12-06T06:52:36 0 0 경기79바1608 3 39 232000073 232000351 51 
2020-12-06T06:52:53 0 0 경기79바1608 3 39 232000073 232000350 52 
2020-12-06T06:53:37 0 0 경기79바1608 3 39 232000073 232000350 52 
2020-12-06T06:53:52 0 0 경기79바1608 3 39 232000073 232000350 52 
2020-12-06T06:54:36 0 0 경기79바1608 3 39 232000073 232000350 52 
2020-12-06T06:54:51 0 0 경기79바1608 3 39 232000073 232000350 52 
2020-12-06T06:55:35 0 0 경기79바1608 3 40 232000073 232000001 53 
2020-12-06T06:55:51 0 0 경기79바1608 3 40 232000073 232000001 53 
2020-12-06T06:56:34 0 0 경기79바1608 3 40 232000073 232000001 53 
2020-12-06T06:56:50 0 0 경기79바1608 3 40 232000073 232000001 53 
2020-12-06T06:57:33 0 0 경기79바1608 3 40 232000073 232000001 53 
2020-12-06T06:57:50 0 0 경기79바1608 3 40 232000073 168000447 54 
2020-12-06T06:58:33 0 0 경기79바1608 3 40 232000073 168000447 54 
2020-12-06T06:58:50 0 0 경기79바1608 3 40 232000073 168000447 54 
2020-12-06T06:59:32 0 0 경기79바1608 3 40 232000073 168000443 55 
2020-12-06T06:59:49 0 0 경기79바1608 3 40 232000073 168000443 55 
2020-12-06T07:00:31 0 0 경기79바1608 3 40 232000073 168000443 55 
2020-12-06T07:00:49 0 0 경기79바1608 3 40 232000073 168000443 55 
2020-12-06T07:01:30 0 0 경기79바1608 3 40 232000073 168000437 56 
2020-12-06T07:01:48 0 0 경기79바1608 3 40 232000073 168000437 56 
2020-12-06T07:02:29 0 0 경기79바1608 3 40 232000073 168000437 56 
2020-12-06T07:02:48 0 0 경기79바1608 3 40 232000073 168000437 56 
2020-12-06T07:27:18 0 0 경기79바1614 3 45 232000073 168000561 1 
2020-12-06T07:27:36 0 0 경기79바1614 3 45 232000073 168000561 1 
2020-12-06T07:28:17 0 0 경기79바1614 3 45 232000073 168000561 1 
2020-12-06T07:28:35 0 0 경기79바1614 3 45 232000073 168000561 1 
2020-12-06T07:29:16 0 0 경기79바1614 3 45 232000073 168000561 1 
2020-12-06T07:29:34 0 0 경기79바1614 3 45 232000073 168000407 2 
2020-12-06T07:30:17 0 0 경기79바1614 3 45 232000073 168000407 2 
2020-12-06T07:30:34 0 0 경기79바1614 3 45 232000073 168000407 2 
2020-12-06T07:31:15 0 0 경기79바1614 3 45 232000073 168000407 2 
2020-12-06T07:31:33 0 0 경기79바1614 3 45 232000073 168000407 2 
2020-12-06T07:32:16 0 0 경기79바1614 3 45 232000073 168000442 4 
2020-12-06T07:32:33 0 0 경기79바1614 3 45 232000073 168000442 4 
2020-12-06T07:33:15 0 0 경기79바1614 3 45 232000073 168000442 4 
2020-12-06T07:33:32 0 0 경기79바1614 3 45 232000073 168000442 4 
2020-12-06T07:34:15 0 0 경기79바1614 3 45 232000073 168000446 5 
2020-12-06T07:34:31 0 0 경기79바1614 3 45 232000073 168000446 5 
2020-12-06T07:35:15 0 0 경기79바1614 3 45 232000073 168000446 5 
2020-12-06T07:35:31 0 0 경기79바1614 3 45 232000073 168000446 5 
2020-12-06T07:36:14 0 0 경기79바1614 3 45 232000073 168000446 5 
2020-12-06T07:36:30 0 0 경기79바1614 3 45 232000073 168000446 5 
2020-12-06T07:37:13 0 0 경기79바1614 3 45 232000073 168000446 5 
2020-12-06T07:37:30 0 0 경기79바1614 3 45 232000073 168000446 5 
2020-12-06T07:38:13 0 0 경기79바1614 3 45 232000073 168000446 5 
2020-12-06T07:38:29 0 0 경기79바1614 3 45 232000073 168000446 5 
2020-12-06T07:39:12 0 0 경기79바1614 3 44 232000073 232000349 6 
2020-12-06T07:39:29 0 0 경기79바1614 3 44 232000073 232000349 6 
2020-12-06T07:40:12 0 0 경기79바1614 3 42 232000073 232000348 7 
2020-12-06T07:40:29 0 0 경기79바1614 3 42 232000073 232000348 7 
2020-12-06T07:41:11 0 0 경기79바1614 3 42 232000073 232000348 7 
2020-12-06T07:41:28 0 0 경기79바1614 3 42 232000073 232000348 7 
2020-12-06T07:42:10 0 0 경기79바1614 3 42 232000073 232000347 8 
2020-12-06T07:42:28 0 0 경기79바1614 3 42 232000073 232000347 8 
2020-12-06T07:43:10 0 0 경기79바1614 3 42 232000073 232000346 9 
2020-12-06T07:43:26 0 0 경기79바1614 3 42 232000073 232000346 9 
2020-12-06T07:44:09 0 0 경기79바1614 3 42 232000073 232000345 10 
2020-12-06T07:44:26 0 0 경기79바1614 3 42 232000073 232000345 10 
2020-12-06T07:45:09 0 0 경기79바1614 3 41 232000073 232000344 11 
2020-12-06T07:45:26 0 0 경기79바1614 3 41 232000073 232000344 11 
2020-12-06T07:46:09 0 0 경기79바1614 3 41 232000073 232000360 12 
2020-12-06T07:46:26 0 0 경기79바1614 3 40 232000073 232000359 13 
2020-12-06T07:47:08 0 0 경기79바1614 3 40 232000073 232000359 13 
2020-12-06T07:47:25 0 0 경기79바1614 3 40 232000073 232000359 13 
2020-12-06T07:48:07 0 0 경기79바1614 3 40 232000073 232000359 13 
2020-12-06T07:48:25 0 0 경기79바1614 3 40 232000073 232000359 13 
2020-12-06T07:49:07 0 0 경기79바1614 3 40 232000073 232000359 13 
2020-12-06T07:49:25 0 0 경기79바1614 3 40 232000073 232000359 13 
2020-12-06T07:50:07 0 0 경기79바1614 3 40 232000073 232000359 13 
2020-12-06T07:50:24 0 0 경기79바1614 3 40 232000073 232000359 13 
2020-12-06T07:51:07 0 0 경기79바1614 3 40 232000073 232000356 14 
2020-12-06T07:51:23 0 0 경기79바1614 3 41 232000073 232000356 14 
2020-12-06T07:52:05 0 0 경기79바1614 3 41 232000073 232000356 14 
2020-12-06T07:52:22 0 0 경기79바1614 3 41 232000073 232000356 14 
2020-12-06T07:53:05 0 0 경기79바1614 3 41 232000073 232000356 14 
2020-12-06T07:53:22 0 0 경기79바1614 3 41 232000073 232000356 14 
2020-12-06T07:54:04 0 0 경기79바1614 3 41 232000073 232000356 14 
2020-12-06T07:54:21 0 0 경기79바1614 3 41 232000073 277103819 15 
2020-12-06T07:55:04 0 0 경기79바1614 3 41 232000073 277103819 15 
2020-12-06T07:55:20 0 0 경기79바1614 3 41 232000073 277103819 15 
2020-12-06T07:56:03 0 0 경기79바1614 3 41 232000073 277103819 15 
2020-12-06T07:56:21 0 0 경기79바1614 3 41 232000073 277103819 15 
2020-12-06T07:57:03 0 0 경기79바1614 3 41 232000073 277101769 16 
2020-12-06T07:57:20 0 0 경기79바1614 3 41 232000073 277101769 16 
2020-12-06T07:58:02 0 0 경기79바1614 3 41 232000073 277101769 16 
2020-12-06T07:58:19 0 0 경기79바1614 3 41 232000073 277101769 16 
2020-12-06T07:59:02 0 0 경기79바1614 3 41 232000073 277101769 16 
2020-12-06T07:59:19 0 0 경기79바1614 3 41 232000073 277101769 16 
2020-12-06T08:00:02 0 0 경기79바1614 3 41 232000073 277103403 17 
2020-12-06T08:00:18 0 0 경기79바1614 3 41 232000073 277103403 17 
2020-12-06T08:01:01 0 0 경기79바1614 3 41 232000073 277103403 17 
2020-12-06T08:01:19 0 0 경기79바1614 3 41 232000073 277103403 17 
2020-12-06T08:02:01 0 0 경기79바1614 3 41 232000073 277103404 18 
2020-12-06T08:02:18 0 0 경기79바1614 3 41 232000073 277103404 18 
2020-12-06T08:03:00 0 0 경기79바1614 3 41 232000073 277103406 19 
2020-12-06T08:03:17 0 0 경기79바1614 3 41 232000073 277103406 19 
2020-12-06T08:04:00 0 0 경기79바1614 3 41 232000073 277103406 19 
2020-12-06T08:04:16 0 0 경기79바1614 3 41 232000073 277103406 19 
2020-12-06T08:04:59 0 0 경기79바1614 3 41 232000073 277103410 20 
2020-12-06T08:05:16 0 0 경기79바1614 3 41 232000073 277103410 20 
2020-12-06T08:05:58 0 0 경기79바1614 3 41 232000073 277103410 20 
2020-12-06T08:06:15 0 0 경기79바1614 3 41 232000073 113000424 21 
2020-12-06T08:06:58 0 0 경기79바1614 3 42 232000073 113000424 21 
2020-12-06T08:07:14 0 0 경기79바1614 3 42 232000073 113000424 21 
2020-12-06T08:07:57 0 0 경기79바1614 3 42 232000073 113000424 21 
2020-12-06T08:08:14 0 0 경기79바1614 3 42 232000073 113000424 21 
2020-12-06T08:08:56 0 0 경기79바1614 3 42 232000073 113000424 21 
2020-12-06T08:09:22 0 0 경기79바1614 3 42 232000073 277102197 22 
2020-12-06T08:09:56 0 0 경기79바1614 3 42 232000073 277102197 22 
2020-12-06T08:10:13 0 0 경기79바1614 3 42 232000073 277102197 22 
2020-12-06T08:10:55 0 0 경기79바1614 3 42 232000073 277102197 22 
2020-12-06T08:11:13 0 0 경기79바1614 3 42 232000073 277102197 22 
2020-12-06T08:11:55 0 0 경기79바1614 3 43 232000073 277102197 22 
2020-12-06T08:12:12 0 0 경기79바1614 3 43 232000073 277102197 22 
2020-12-06T08:12:55 0 0 경기79바1614 3 43 232000073 113000422 23 
2020-12-06T08:13:11 0 0 경기79바1614 3 43 232000073 113000422 23 
2020-12-06T08:13:54 0 0 경기79바1614 3 43 232000073 113000422 23 
2020-12-06T08:14:10 0 0 경기79바1614 3 43 232000073 113000422 23 
2020-12-06T08:14:53 0 0 경기79바1614 3 43 232000073 113000422 23 
2020-12-06T08:15:09 0 0 경기79바1614 3 43 232000073 113000422 23 
2020-12-06T08:15:53 0 0 경기79바1614 3 43 232000073 113000420 24 
2020-12-06T08:16:08 0 0 경기79바1614 3 43 232000073 113000420 24 
2020-12-06T08:16:53 0 0 경기79바1614 3 44 232000073 113000420 24 
2020-12-06T08:17:08 0 0 경기79바1614 3 44 232000073 113000420 24 
2020-12-06T08:17:53 0 0 경기79바1614 3 44 232000073 113000419 25 
2020-12-06T08:18:07 0 0 경기79바1614 3 44 232000073 113000419 25 
2020-12-06T08:18:53 0 0 경기79바1614 3 44 232000073 113000419 25 
2020-12-06T08:19:07 0 0 경기79바1614 3 44 232000073 113000419 25 
2020-12-06T08:19:53 0 0 경기79바1614 3 44 232000073 113000418 26 
2020-12-06T08:20:06 0 0 경기79바1614 3 44 232000073 113000418 26 
2020-12-06T08:20:52 0 0 경기79바1614 3 44 232000073 113000477 27 
2020-12-06T08:21:05 0 0 경기79바1614 3 44 232000073 113000477 27 
2020-12-06T08:21:51 0 0 경기79바1614 3 44 232000073 113000477 27 
2020-12-06T08:22:05 0 0 경기79바1614 3 44 232000073 113000477 27 
2020-12-06T08:22:51 0 0 경기79바1614 3 44 232000073 113000477 27 
2020-12-06T08:23:04 0 0 경기79바1614 3 44 232000073 112000430 28 
2020-12-06T08:23:50 0 0 경기79바1614 3 44 232000073 101000304 29 
2020-12-06T08:24:04 0 0 경기79바1614 3 44 232000073 101000304 29 
2020-12-06T08:24:50 0 0 경기79바1614 3 44 232000073 101000304 29 
2020-12-06T08:25:04 0 0 경기79바1614 3 44 232000073 101000304 29 
2020-12-06T08:25:49 0 0 경기79바1614 3 45 232000073 100000380 30 
2020-12-06T08:26:02 0 0 경기79바1614 3 45 232000073 100000380 30 
2020-12-06T08:26:49 0 0 경기79바1614 3 45 232000073 100000380 30 
2020-12-06T08:27:03 0 0 경기79바1614 3 45 232000073 100000380 30 
2020-12-06T08:27:48 0 0 경기79바1614 3 45 232000073 100000025 31 
2020-12-06T08:28:01 0 0 경기79바1614 3 44 232000073 100000025 31 
2020-12-06T08:28:47 0 0 경기79바1614 3 44 232000073 100000025 31 
2020-12-06T08:29:01 0 0 경기79바1614 3 44 232000073 100000025 31 
2020-12-06T08:29:46 0 0 경기79바1614 3 44 232000073 100000025 31 
2020-12-06T08:30:01 0 0 경기79바1614 3 44 232000073 100000025 31 
2020-12-06T08:30:47 0 0 경기79바1614 3 44 232000073 101000038 32 
2020-12-06T08:31:00 0 0 경기79바1614 3 44 232000073 101000038 32 
2020-12-06T08:31:46 0 0 경기79바1614 3 44 232000073 277101975 33 
2020-12-06T08:32:00 0 0 경기79바1614 3 44 232000073 277101975 33 
2020-12-06T08:32:45 0 0 경기79바1614 3 44 232000073 112000170 34 
2020-12-06T08:33:00 0 0 경기79바1614 3 44 232000073 112000170 34 
2020-12-06T08:33:44 0 0 경기79바1614 3 44 232000073 113000478 35 
2020-12-06T08:33:59 0 0 경기79바1614 3 44 232000073 113000478 35 
2020-12-06T08:34:43 0 0 경기79바1614 3 44 232000073 113000478 35 
2020-12-06T08:34:58 0 0 경기79바1614 3 44 232000073 113000478 35 
2020-12-06T08:35:43 0 0 경기79바1614 3 43 232000073 113000478 35 
2020-12-06T08:35:58 0 0 경기79바1614 3 43 232000073 113000478 35 
2020-12-06T08:36:42 0 0 경기79바1614 3 43 232000073 113000478 35 
2020-12-06T08:36:57 0 0 경기79바1614 3 43 232000073 113000411 36 
2020-12-06T08:37:42 0 0 경기79바1614 3 43 232000073 113000411 36 
2020-12-06T08:37:57 0 0 경기79바1614 3 43 232000073 113000417 37 
2020-12-06T08:38:42 0 0 경기79바1614 3 43 232000073 113000417 37 
2020-12-06T08:38:56 0 0 경기79바1614 3 43 232000073 113000417 37 
2020-12-06T08:39:42 0 0 경기79바1614 3 43 232000073 113000417 37 
2020-12-06T08:39:56 0 0 경기79바1614 3 43 232000073 113000417 37 
2020-12-06T08:40:41 0 0 경기79바1614 3 43 232000073 113000416 38 
2020-12-06T08:40:56 0 0 경기79바1614 3 43 232000073 113000416 38 
2020-12-06T08:41:41 0 0 경기79바1614 3 43 232000073 113000416 38 
2020-12-06T08:41:55 0 0 경기79바1614 3 43 232000073 113000416 38 
2020-12-06T08:42:40 0 0 경기79바1614 3 43 232000073 113000416 38 
2020-12-06T08:42:55 0 0 경기79바1614 3 43 232000073 113000416 38 
2020-12-06T08:43:40 0 0 경기79바1614 3 43 232000073 113000414 39 
2020-12-06T08:43:55 0 0 경기79바1614 3 43 232000073 113000414 39 
2020-12-06T08:44:39 0 0 경기79바1614 3 43 232000073 113000414 39 
2020-12-06T08:44:55 0 0 경기79바1614 3 43 232000073 277102199 40 
2020-12-06T08:45:39 0 0 경기79바1614 3 43 232000073 277102199 40 
2020-12-06T08:45:54 0 0 경기79바1614 3 43 232000073 277102199 40 
2020-12-06T08:46:38 0 0 경기79바1614 3 43 232000073 277102198 41 
2020-12-06T08:46:54 0 0 경기79바1614 3 43 232000073 277102198 41 
2020-12-06T08:47:38 0 0 경기79바1614 3 43 232000073 113000412 42 
2020-12-06T08:47:54 0 0 경기79바1614 3 43 232000073 113000412 42 
2020-12-06T08:48:37 0 0 경기79바1614 3 43 232000073 113000412 42 
2020-12-06T08:48:53 0 0 경기79바1614 3 43 232000073 113000412 42 
2020-12-06T08:49:36 0 0 경기79바1614 3 43 232000073 113000412 42 
2020-12-06T08:49:53 0 0 경기79바1614 3 43 232000073 113000412 42 
2020-12-06T08:50:35 0 0 경기79바1614 3 43 232000073 113000412 42 
2020-12-06T08:50:52 0 0 경기79바1614 3 43 232000073 113000412 42 
2020-12-06T08:51:34 0 0 경기79바1614 3 43 232000073 113000412 42 
2020-12-06T08:51:51 0 0 경기79바1614 3 43 232000073 113000412 42 
2020-12-06T08:52:34 0 0 경기79바1614 3 43 232000073 277103529 43 
2020-12-06T08:52:51 0 0 경기79바1614 3 43 232000073 277103529 43 
2020-12-06T08:53:34 0 0 경기79바1614 3 43 232000073 277103529 43 
2020-12-06T08:53:50 0 0 경기79바1614 3 43 232000073 277103529 43 
2020-12-06T08:54:34 0 0 경기79바1614 3 43 232000073 277103529 43 
2020-12-06T08:54:49 0 0 경기79바1614 3 43 232000073 277103529 43 
2020-12-06T08:55:34 0 0 경기79바1614 3 43 232000073 277103529 43 
2020-12-06T08:55:48 0 0 경기79바1614 3 43 232000073 277103402 44 
2020-12-06T08:56:33 0 0 경기79바1614 3 43 232000073 277103402 44 
2020-12-06T08:56:48 0 0 경기79바1614 3 43 232000073 277103402 44 
2020-12-06T08:57:33 0 0 경기79바1614 3 43 232000073 277103402 44 
2020-12-06T08:57:48 0 0 경기79바1614 3 43 232000073 277103402 44 
2020-12-06T08:58:33 0 0 경기79바1614 3 43 232000073 277103402 44 
2020-12-06T08:58:48 0 0 경기79바1614 3 43 232000073 277103401 45 
2020-12-06T08:59:32 0 0 경기79바1614 3 43 232000073 277103401 45 
2020-12-06T08:59:47 0 0 경기79바1614 3 43 232000073 277103401 45 
2020-12-06T09:00:31 0 0 경기79바1614 3 43 232000073 277103401 45 
2020-12-06T09:00:46 0 0 경기79바1614 3 43 232000073 277103401 45 
2020-12-06T09:01:30 0 0 경기79바1614 3 43 232000073 277103401 45 
2020-12-06T09:01:46 0 0 경기79바1614 3 43 232000073 277103401 45 
2020-12-06T09:02:30 0 0 경기79바1614 3 44 232000073 277103401 45 
2020-12-06T09:02:45 0 0 경기79바1614 3 44 232000073 277103401 45 
2020-12-06T09:03:29 0 0 경기79바1614 3 44 232000073 277103401 45 
2020-12-06T09:03:45 0 0 경기79바1614 3 44 232000073 277103401 45 
2020-12-06T09:04:28 0 0 경기79바1614 3 44 232000073 232000432 46 
2020-12-06T09:04:44 0 0 경기79바1614 3 44 232000073 232000432 46 
2020-12-06T09:05:27 0 0 경기79바1614 3 44 232000073 232000432 46 
2020-12-06T09:05:44 0 0 경기79바1614 3 43 232000073 232000432 46 
2020-12-06T09:06:27 0 0 경기79바1614 3 43 232000073 232000432 46 
2020-12-06T09:06:44 0 0 경기79바1614 3 43 232000073 232000432 46 
2020-12-06T09:07:27 0 0 경기79바1614 3 43 232000073 232000432 46 
2020-12-06T09:07:43 0 0 경기79바1614 3 43 232000073 232000432 46 
2020-12-06T09:08:27 0 0 경기79바1614 3 43 232000073 232000429 47 
2020-12-06T09:08:42 0 0 경기79바1614 3 43 232000073 232000429 47 
2020-12-06T09:09:26 0 0 경기79바1614 3 43 232000073 232000429 47 
2020-12-06T09:09:41 0 0 경기79바1614 3 43 232000073 232000354 48 
2020-12-06T09:10:26 0 0 경기79바1614 3 43 232000073 232000353 49 
2020-12-06T09:10:41 0 0 경기79바1614 3 43 232000073 232000352 50 
2020-12-06T09:11:26 0 0 경기79바1614 3 43 232000073 232000351 51 
2020-12-06T09:11:40 0 0 경기79바1614 3 43 232000073 232000351 51 
2020-12-06T09:12:25 0 0 경기79바1614 3 43 232000073 232000351 51 
2020-12-06T09:12:40 0 0 경기79바1614 3 43 232000073 232000351 51 
2020-12-06T09:13:25 0 0 경기79바1614 3 45 232000073 232000350 52 
2020-12-06T09:13:40 0 0 경기79바1614 3 45 232000073 232000350 52 
2020-12-06T09:14:25 0 0 경기79바1614 3 45 232000073 232000350 52 
2020-12-06T09:14:40 0 0 경기79바1614 3 45 232000073 232000350 52 
2020-12-06T09:15:25 0 0 경기79바1614 3 45 232000073 232000350 52 
2020-12-06T09:15:40 0 0 경기79바1614 3 45 232000073 232000001 53 
2020-12-06T09:16:25 0 0 경기79바1614 3 45 232000073 232000001 53 
2020-12-06T09:16:39 0 0 경기79바1614 3 45 232000073 232000001 53 
2020-12-06T09:17:24 0 0 경기79바1614 3 45 232000073 232000001 53 
2020-12-06T09:17:38 0 0 경기79바1614 3 45 232000073 232000001 53 
2020-12-06T09:18:24 0 0 경기79바1614 3 45 232000073 232000001 53 
2020-12-06T09:18:38 0 0 경기79바1614 3 45 232000073 168000447 54 
2020-12-06T09:19:23 0 0 경기79바1614 3 45 232000073 168000437 56 
2020-12-06T09:19:38 0 0 경기79바1614 3 45 232000073 168000437 56 
2020-12-06T09:20:22 0 0 경기79바1614 3 45 232000073 168000437 56 
2020-12-06T09:20:37 0 0 경기79바1614 3 45 232000073 168000437 56 
2020-12-06T09:21:21 0 0 경기79바1614 3 45 232000073 168000437 56 
2020-12-06T09:21:36 0 0 경기79바1614 3 45 232000073 168000437 56 
2020-12-06T09:22:20 0 0 경기79바1614 3 45 232000073 168000437 56 
2020-12-06T09:22:35 0 0 경기79바1614 3 45 232000073 168000437 56 
2020-12-06T09:23:19 0 0 경기79바1614 3 45 232000073 168000437 56 
2020-12-06T09:23:35 0 0 경기79바1614 3 45 232000073 168000437 56 
2020-12-06T09:24:19 0 0 경기79바1614 3 45 232000073 168000437 56 
2020-12-06T09:24:35 0 0 경기79바1614 3 45 232000073 168000437 56 
2020-12-06T09:25:18 0 0 경기79바1614 3 45 232000073 168000437 56 
2020-12-06T09:25:34 0 0 경기79바1614 3 45 232000073 168000437 56 
2020-12-06T09:26:17 0 0 경기79바1614 3 45 232000073 168000437 56 
2020-12-06T09:26:33 0 0 경기79바1614 3 45 232000073 168000437 56 
2020-12-06T09:27:16 0 0 경기79바1614 3 45 232000073 168000437 56 
2020-12-06T09:27:33 0 0 경기79바1614 3 45 232000073 168000437 56 
2020-12-06T09:28:17 0 0 경기79바1614 3 45 232000073 168000437 56 
2020-12-06T09:28:33 0 0 경기79바1614 3 45 232000073 168000437 56 
2020-12-06T09:29:16 0 0 경기79바1614 3 45 232000073 168000437 56 
2020-12-06T09:29:33 0 0 경기79바1614 3 45 232000073 168000437 56 
2020-12-06T09:30:16 0 0 경기79바1614 3 45 232000073 168000437 56 
2020-12-06T09:30:32 0 0 경기79바1614 3 45 232000073 168000437 56 
2020-12-06T09:31:16 0 0 경기79바1614 3 45 232000073 168000437 56 
2020-12-06T09:31:31 0 0 경기79바1614 3 45 232000073 168000437 56 
2020-12-06T09:32:15 0 0 경기79바1614 3 45 232000073 168000437 56 
2020-12-06T09:32:31 0 0 경기79바1614 3 45 232000073 168000437 56 
2020-12-06T09:33:15 0 0 경기79바1614 3 45 232000073 168000437 56 
2020-12-06T09:33:30 0 0 경기79바1614 3 45 232000073 168000437 56 
2020-12-06T09:51:06 0 0 경기79바1608 3 41 232000073 168000561 1 
2020-12-06T09:51:20 0 0 경기79바1608 3 41 232000073 168000561 1 
2020-12-06T09:52:06 0 0 경기79바1608 3 41 232000073 168000561 1 
2020-12-06T09:52:19 0 0 경기79바1608 3 41 232000073 168000561 1 
2020-12-06T09:53:06 0 0 경기79바1608 3 41 232000073 168000561 1 
2020-12-06T09:53:19 0 0 경기79바1608 3 41 232000073 168000561 1 
2020-12-06T09:54:05 0 0 경기79바1608 3 39 232000073 168000407 2 
2020-12-06T09:54:18 0 0 경기79바1608 3 39 232000073 168000407 2 
2020-12-06T09:55:04 0 0 경기79바1608 3 39 232000073 168000407 2 
2020-12-06T09:55:17 0 0 경기79바1608 3 39 232000073 168000407 2 
2020-12-06T09:56:05 0 0 경기79바1608 3 39 232000073 168000407 2 
2020-12-06T09:56:17 0 0 경기79바1608 3 39 232000073 168000407 2 
2020-12-06T09:57:04 0 0 경기79바1608 3 39 232000073 168000407 2 
2020-12-06T09:57:16 0 0 경기79바1608 3 39 232000073 168000407 2 
2020-12-06T09:58:04 0 0 경기79바1608 3 39 232000073 168000436 3 
2020-12-06T09:58:16 0 0 경기79바1608 3 39 232000073 168000442 4 
2020-12-06T09:59:04 0 0 경기79바1608 3 39 232000073 168000446 5 
2020-12-06T09:59:15 0 0 경기79바1608 3 39 232000073 168000446 5 
2020-12-06T10:00:03 0 0 경기79바1608 3 39 232000073 168000446 5 
2020-12-06T10:00:14 0 0 경기79바1608 3 39 232000073 168000446 5 
2020-12-06T10:01:02 0 0 경기79바1608 3 39 232000073 168000446 5 
2020-12-06T10:01:13 0 0 경기79바1608 3 39 232000073 168000446 5 
2020-12-06T10:02:02 0 0 경기79바1608 3 39 232000073 168000446 5 
2020-12-06T10:02:12 0 0 경기79바1608 3 39 232000073 168000446 5 
2020-12-06T10:03:01 0 0 경기79바1608 3 39 232000073 168000446 5 
2020-12-06T10:03:12 0 0 경기79바1608 3 39 232000073 168000446 5 
2020-12-06T10:04:02 0 0 경기79바1608 3 39 232000073 232000349 6 
2020-12-06T10:04:11 0 0 경기79바1608 3 39 232000073 232000349 6 
2020-12-06T10:05:01 0 0 경기79바1608 3 40 232000073 232000348 7 
2020-12-06T10:05:10 0 0 경기79바1608 3 40 232000073 232000348 7 
2020-12-06T10:06:00 0 0 경기79바1608 3 39 232000073 232000348 7 
2020-12-06T10:06:11 0 0 경기79바1608 3 39 232000073 232000348 7 
2020-12-06T10:07:00 0 0 경기79바1608 3 38 232000073 232000347 8 
2020-12-06T10:07:10 0 0 경기79바1608 3 38 232000073 232000347 8 
2020-12-06T10:07:58 0 0 경기79바1608 3 38 232000073 232000347 8 
2020-12-06T10:08:09 0 0 경기79바1608 3 38 232000073 232000347 8 
2020-12-06T10:08:58 0 0 경기79바1608 3 37 232000073 232000346 9 
2020-12-06T10:09:08 0 0 경기79바1608 3 37 232000073 232000346 9 
2020-12-06T10:09:58 0 0 경기79바1608 3 37 232000073 232000346 9 
2020-12-06T10:10:08 0 0 경기79바1608 3 37 232000073 232000346 9 
2020-12-06T10:10:57 0 0 경기79바1608 3 37 232000073 232000345 10 
2020-12-06T10:11:07 0 0 경기79바1608 3 36 232000073 232000345 10 
2020-12-06T10:11:55 0 0 경기79바1608 3 36 232000073 232000344 11 
2020-12-06T10:12:07 0 0 경기79바1608 3 36 232000073 232000344 11 
2020-12-06T10:12:55 0 0 경기79바1608 3 36 232000073 232000360 12 
2020-12-06T10:13:07 0 0 경기79바1608 3 36 232000073 232000360 12 
2020-12-06T10:13:55 0 0 경기79바1608 3 35 232000073 232000359 13 
2020-12-06T10:14:07 0 0 경기79바1608 3 35 232000073 232000359 13 
2020-12-06T10:14:55 0 0 경기79바1608 3 35 232000073 232000359 13 
2020-12-06T10:15:06 0 0 경기79바1608 3 35 232000073 232000359 13 
2020-12-06T10:15:55 0 0 경기79바1608 3 35 232000073 232000359 13 
2020-12-06T10:16:04 0 0 경기79바1608 3 35 232000073 232000359 13 
2020-12-06T10:16:54 0 0 경기79바1608 3 35 232000073 232000359 13 
2020-12-06T10:17:04 0 0 경기79바1608 3 35 232000073 232000359 13 
2020-12-06T10:17:53 0 0 경기79바1608 3 35 232000073 232000359 13 
2020-12-06T10:18:04 0 0 경기79바1608 3 35 232000073 232000359 13 
2020-12-06T10:18:53 0 0 경기79바1608 3 35 232000073 232000356 14 
2020-12-06T10:19:05 0 0 경기79바1608 3 34 232000073 232000356 14 
2020-12-06T10:19:53 0 0 경기79바1608 3 34 232000073 232000356 14 
2020-12-06T10:20:04 0 0 경기79바1608 3 34 232000073 232000356 14 
2020-12-06T10:20:53 0 0 경기79바1608 3 34 232000073 232000356 14 
2020-12-06T10:21:03 0 0 경기79바1608 3 34 232000073 232000356 14 
2020-12-06T10:21:52 0 0 경기79바1608 3 34 232000073 232000356 14 
2020-12-06T10:22:04 0 0 경기79바1608 3 34 232000073 232000356 14 
2020-12-06T10:22:52 0 0 경기79바1608 3 34 232000073 277103819 15 
2020-12-06T10:23:03 0 0 경기79바1608 3 34 232000073 277103819 15 
2020-12-06T10:23:51 0 0 경기79바1608 3 34 232000073 277103819 15 
2020-12-06T10:24:02 0 0 경기79바1608 3 34 232000073 277103819 15 
2020-12-06T10:24:50 0 0 경기79바1608 3 34 232000073 277103819 15 
2020-12-06T10:25:01 0 0 경기79바1608 3 34 232000073 277103819 15 
2020-12-06T10:25:50 0 0 경기79바1608 3 34 232000073 277101769 16 
2020-12-06T10:26:01 0 0 경기79바1608 3 34 232000073 277101769 16 
2020-12-06T10:26:49 0 0 경기79바1608 3 34 232000073 277101769 16 
2020-12-06T10:27:00 0 0 경기79바1608 3 34 232000073 277101769 16 
2020-12-06T10:27:49 0 0 경기79바1608 3 34 232000073 277101769 16 
2020-12-06T10:28:00 0 0 경기79바1608 3 34 232000073 277101769 16 
2020-12-06T10:28:49 0 0 경기79바1608 3 34 232000073 277103403 17 
2020-12-06T10:29:00 0 0 경기79바1608 3 34 232000073 277103403 17 
2020-12-06T10:29:49 0 0 경기79바1608 3 34 232000073 277103403 17 
2020-12-06T10:29:59 0 0 경기79바1608 3 34 232000073 277103403 17 
2020-12-06T10:30:48 0 0 경기79바1608 3 34 232000073 277103403 17 
2020-12-06T10:30:59 0 0 경기79바1608 3 34 232000073 277103403 17 
2020-12-06T10:31:47 0 0 경기79바1608 3 34 232000073 277103404 18 
2020-12-06T10:31:59 0 0 경기79바1608 3 34 232000073 277103404 18 
2020-12-06T10:32:47 0 0 경기79바1608 3 34 232000073 277103404 18 
2020-12-06T10:32:59 0 0 경기79바1608 3 34 232000073 277103406 19 
2020-12-06T10:33:46 0 0 경기79바1608 3 34 232000073 277103406 19 
2020-12-06T10:33:58 0 0 경기79바1608 3 34 232000073 277103406 19 
2020-12-06T10:34:45 0 0 경기79바1608 3 34 232000073 277103410 20 
2020-12-06T10:34:58 0 0 경기79바1608 3 34 232000073 277103410 20 
2020-12-06T10:35:45 0 0 경기79바1608 3 34 232000073 277103410 20 
2020-12-06T10:35:58 0 0 경기79바1608 3 34 232000073 277103410 20 
2020-12-06T10:36:45 0 0 경기79바1608 3 34 232000073 113000424 21 
2020-12-06T10:36:57 0 0 경기79바1608 3 34 232000073 113000424 21 
2020-12-06T10:37:44 0 0 경기79바1608 3 34 232000073 113000424 21 
2020-12-06T10:37:57 0 0 경기79바1608 3 38 232000073 113000424 21 
2020-12-06T10:38:44 0 0 경기79바1608 3 38 232000073 113000424 21 
2020-12-06T10:38:57 0 0 경기79바1608 3 38 232000073 277102197 22 
2020-12-06T10:39:44 0 0 경기79바1608 3 38 232000073 277102197 22 
2020-12-06T10:39:57 0 0 경기79바1608 3 38 232000073 277102197 22 
2020-12-06T10:40:43 0 0 경기79바1608 3 38 232000073 277102197 22 
2020-12-06T10:40:57 0 0 경기79바1608 3 38 232000073 277102197 22 
2020-12-06T10:41:43 0 0 경기79바1608 3 38 232000073 277102197 22 
2020-12-06T10:41:56 0 0 경기79바1608 3 38 232000073 277102197 22 
2020-12-06T10:42:42 0 0 경기79바1608 3 38 232000073 277102197 22 
2020-12-06T10:42:56 0 0 경기79바1608 3 38 232000073 277102197 22 
2020-12-06T10:43:41 0 0 경기79바1608 3 38 232000073 113000422 23 
2020-12-06T10:43:56 0 0 경기79바1608 3 38 232000073 113000422 23 
2020-12-06T10:44:41 0 0 경기79바1608 3 38 232000073 113000422 23 
2020-12-06T10:44:54 0 0 경기79바1608 3 38 232000073 113000422 23 
2020-12-06T10:45:41 0 0 경기79바1608 3 38 232000073 113000420 24 
2020-12-06T10:45:54 0 0 경기79바1608 3 38 232000073 113000420 24 
2020-12-06T10:46:40 0 0 경기79바1608 3 39 232000073 113000420 24 
2020-12-06T10:46:54 0 0 경기79바1608 3 39 232000073 113000420 24 
2020-12-06T10:47:40 0 0 경기79바1608 3 39 232000073 113000419 25 
2020-12-06T10:47:53 0 0 경기79바1608 3 39 232000073 113000419 25 
2020-12-06T10:48:40 0 0 경기79바1608 3 39 232000073 113000419 25 
2020-12-06T10:48:52 0 0 경기79바1608 3 39 232000073 113000419 25 
2020-12-06T10:49:39 0 0 경기79바1608 3 39 232000073 113000418 26 
2020-12-06T10:49:52 0 0 경기79바1608 3 39 232000073 113000418 26 
2020-12-06T10:50:39 0 0 경기79바1608 3 39 232000073 113000418 26 
2020-12-06T10:50:51 0 0 경기79바1608 3 39 232000073 113000418 26 
2020-12-06T10:51:39 0 0 경기79바1608 3 40 232000073 113000477 27 
2020-12-06T10:51:50 0 0 경기79바1608 3 40 232000073 113000477 27 
2020-12-06T10:52:39 0 0 경기79바1608 3 40 232000073 113000477 27 
2020-12-06T10:52:50 0 0 경기79바1608 3 40 232000073 113000477 27 
2020-12-06T10:53:39 0 0 경기79바1608 3 40 232000073 113000477 27 
2020-12-06T10:53:49 0 0 경기79바1608 3 41 232000073 113000477 27 
2020-12-06T10:54:38 0 0 경기79바1608 3 41 232000073 112000430 28 
2020-12-06T10:54:49 0 0 경기79바1608 3 41 232000073 112000430 28 
2020-12-06T10:55:37 0 0 경기79바1608 3 41 232000073 101000304 29 
2020-12-06T10:55:49 0 0 경기79바1608 3 41 232000073 101000304 29 
2020-12-06T10:56:37 0 0 경기79바1608 3 41 232000073 101000304 29 
2020-12-06T10:56:48 0 0 경기79바1608 3 41 232000073 101000304 29 
2020-12-06T10:57:37 0 0 경기79바1608 3 41 232000073 100000380 30 
2020-12-06T10:57:47 0 0 경기79바1608 3 41 232000073 100000380 30 
2020-12-06T10:58:36 0 0 경기79바1608 3 41 232000073 100000380 30 
2020-12-06T10:58:47 0 0 경기79바1608 3 41 232000073 100000380 30 
2020-12-06T10:59:36 0 0 경기79바1608 3 41 232000073 100000380 30 
2020-12-06T10:59:47 0 0 경기79바1608 3 41 232000073 100000380 30 
2020-12-06T11:00:35 0 0 경기79바1608 3 40 232000073 100000025 31 
2020-12-06T11:00:46 0 0 경기79바1608 3 40 232000073 100000025 31 
2020-12-06T11:01:35 0 0 경기79바1608 3 40 232000073 100000025 31 
2020-12-06T11:01:45 0 0 경기79바1608 3 40 232000073 100000025 31 
2020-12-06T11:02:35 0 0 경기79바1608 3 40 232000073 100000025 31 
2020-12-06T11:02:45 0 0 경기79바1608 3 40 232000073 100000025 31 
2020-12-06T11:03:35 0 0 경기79바1608 3 40 232000073 101000038 32 
2020-12-06T11:03:44 0 0 경기79바1608 3 40 232000073 101000038 32 
2020-12-06T11:04:34 0 0 경기79바1608 3 40 232000073 277101975 33 
2020-12-06T11:04:44 0 0 경기79바1608 3 40 232000073 277101975 33 
2020-12-06T11:05:33 0 0 경기79바1608 3 40 232000073 112000170 34 
2020-12-06T11:05:44 0 0 경기79바1608 3 40 232000073 112000170 34 
2020-12-06T11:06:32 0 0 경기79바1608 3 40 232000073 112000170 34 
2020-12-06T11:06:44 0 0 경기79바1608 3 40 232000073 112000170 34 
2020-12-06T11:07:32 0 0 경기79바1608 3 40 232000073 112000170 34 
2020-12-06T11:07:44 0 0 경기79바1608 3 40 232000073 113000478 35 
2020-12-06T11:08:31 0 0 경기79바1608 3 40 232000073 113000478 35 
2020-12-06T11:08:43 0 0 경기79바1608 3 39 232000073 113000478 35 
2020-12-06T11:09:31 0 0 경기79바1608 3 39 232000073 113000478 35 
2020-12-06T11:09:43 0 0 경기79바1608 3 39 232000073 113000478 35 
2020-12-06T11:10:31 0 0 경기79바1608 3 39 232000073 113000478 35 
2020-12-06T11:10:43 0 0 경기79바1608 3 39 232000073 113000411 36 
2020-12-06T11:11:31 0 0 경기79바1608 3 39 232000073 113000411 36 
2020-12-06T11:11:42 0 0 경기79바1608 3 39 232000073 113000411 36 
2020-12-06T11:12:30 0 0 경기79바1608 3 39 232000073 113000411 36 
2020-12-06T11:12:41 0 0 경기79바1608 3 39 232000073 113000411 36 
2020-12-06T11:13:29 0 0 경기79바1608 3 39 232000073 113000417 37 
2020-12-06T11:13:41 0 0 경기79바1608 3 39 232000073 113000417 37 
2020-12-06T11:14:29 0 0 경기79바1608 3 39 232000073 113000416 38 
2020-12-06T11:14:41 0 0 경기79바1608 3 39 232000073 113000416 38 
2020-12-06T11:15:29 0 0 경기79바1608 3 39 232000073 113000416 38 
2020-12-06T11:15:41 0 0 경기79바1608 3 39 232000073 113000416 38 
2020-12-06T11:16:28 0 0 경기79바1608 3 39 232000073 113000416 38 
2020-12-06T11:16:41 0 0 경기79바1608 3 39 232000073 113000416 38 
2020-12-06T11:17:28 0 0 경기79바1608 3 39 232000073 113000416 38 
2020-12-06T11:17:40 0 0 경기79바1608 3 39 232000073 113000416 38 
2020-12-06T11:18:28 0 0 경기79바1608 3 39 232000073 113000416 38 
2020-12-06T11:18:39 0 0 경기79바1608 3 39 232000073 113000416 38 
2020-12-06T11:19:27 0 0 경기79바1608 3 39 232000073 113000414 39 
2020-12-06T11:19:40 0 0 경기79바1608 3 39 232000073 113000414 39 
2020-12-06T11:20:27 0 0 경기79바1608 3 36 232000073 113000414 39 
2020-12-06T11:20:40 0 0 경기79바1608 3 36 232000073 277102199 40 
2020-12-06T11:21:27 0 0 경기79바1608 3 36 232000073 277102199 40 
2020-12-06T11:21:39 0 0 경기79바1608 3 36 232000073 277102199 40 
2020-12-06T11:22:27 0 0 경기79바1608 3 36 232000073 277102199 40 
2020-12-06T11:22:39 0 0 경기79바1608 3 36 232000073 277102199 40 
2020-12-06T11:23:27 0 0 경기79바1608 3 36 232000073 277102198 41 
2020-12-06T11:23:38 0 0 경기79바1608 3 36 232000073 277102198 41 
2020-12-06T11:24:26 0 0 경기79바1608 3 36 232000073 113000412 42 
2020-12-06T11:24:38 0 0 경기79바1608 3 36 232000073 113000412 42 
2020-12-06T11:25:26 0 0 경기79바1608 3 36 232000073 113000412 42 
2020-12-06T11:25:38 0 0 경기79바1608 3 36 232000073 113000412 42 
2020-12-06T11:26:25 0 0 경기79바1608 3 35 232000073 113000412 42 
2020-12-06T11:26:37 0 0 경기79바1608 3 35 232000073 113000412 42 
2020-12-06T11:27:25 0 0 경기79바1608 3 35 232000073 113000412 42 
2020-12-06T11:27:36 0 0 경기79바1608 3 35 232000073 113000412 42 
2020-12-06T11:28:24 0 0 경기79바1608 3 35 232000073 113000412 42 
2020-12-06T11:28:36 0 0 경기79바1608 3 35 232000073 113000412 42 
2020-12-06T11:29:24 0 0 경기79바1608 3 35 232000073 277103529 43 
2020-12-06T11:29:36 0 0 경기79바1608 3 35 232000073 277103529 43 
2020-12-06T11:30:24 0 0 경기79바1608 3 35 232000073 277103529 43 
2020-12-06T11:30:35 0 0 경기79바1608 3 35 232000073 277103529 43 
2020-12-06T11:31:23 0 0 경기79바1608 3 35 232000073 277103529 43 
2020-12-06T11:31:35 0 0 경기79바1608 3 35 232000073 277103529 43 
2020-12-06T11:32:23 0 0 경기79바1608 3 35 232000073 277103529 43 
2020-12-06T11:32:34 0 0 경기79바1608 3 35 232000073 277103529 43 
2020-12-06T11:33:23 0 0 경기79바1608 3 35 232000073 277103402 44 
2020-12-06T11:33:33 0 0 경기79바1608 3 35 232000073 277103402 44 
2020-12-06T11:34:23 0 0 경기79바1608 3 35 232000073 277103402 44 
2020-12-06T11:34:33 0 0 경기79바1608 3 35 232000073 277103402 44 
2020-12-06T11:35:22 0 0 경기79바1608 3 35 232000073 277103402 44 
2020-12-06T11:35:33 0 0 경기79바1608 3 35 232000073 277103402 44 
2020-12-06T11:36:21 0 0 경기79바1608 3 35 232000073 277103402 44 
2020-12-06T11:36:33 0 0 경기79바1608 3 35 232000073 277103402 44 
2020-12-06T11:37:21 0 0 경기79바1608 3 35 232000073 277103401 45 
2020-12-06T11:37:33 0 0 경기79바1608 3 35 232000073 277103401 45 
2020-12-06T11:38:21 0 0 경기79바1608 3 35 232000073 277103401 45 
2020-12-06T11:38:32 0 0 경기79바1608 3 35 232000073 277103401 45 
2020-12-06T11:39:20 0 0 경기79바1608 3 35 232000073 277103401 45 
2020-12-06T11:39:32 0 0 경기79바1608 3 35 232000073 277103401 45 
2020-12-06T11:40:19 0 0 경기79바1608 3 35 232000073 277103401 45 
2020-12-06T11:40:32 0 0 경기79바1608 3 35 232000073 277103401 45 
2020-12-06T11:41:18 0 0 경기79바1608 3 36 232000073 232000432 46 
2020-12-06T11:41:32 0 0 경기79바1608 3 36 232000073 232000432 46 
2020-12-06T11:42:18 0 0 경기79바1608 3 39 232000073 232000432 46 
2020-12-06T11:42:31 0 0 경기79바1608 3 39 232000073 232000432 46 
2020-12-06T11:43:17 0 0 경기79바1608 3 39 232000073 232000432 46 
2020-12-06T11:43:31 0 0 경기79바1608 3 39 232000073 232000432 46 
2020-12-06T11:44:17 0 0 경기79바1608 3 39 232000073 232000432 46 
2020-12-06T11:44:31 0 0 경기79바1608 3 39 232000073 232000432 46 
2020-12-06T11:45:17 0 0 경기79바1608 3 39 232000073 232000432 46 
2020-12-06T11:46:16 0 0 경기79바1608 3 39 232000073 232000432 46 
2020-12-06T11:47:15 0 0 경기79바1608 3 39 232000073 232000429 47 
2020-12-06T11:48:15 0 0 경기79바1608 3 39 232000073 232000429 47 
2020-12-06T11:49:13 0 0 경기79바1608 3 39 232000073 232000429 47 
2020-12-06T11:50:13 0 0 경기79바1608 3 39 232000073 232000429 47 
2020-12-06T11:51:13 0 0 경기79바1608 3 40 232000073 232000354 48 
2020-12-06T11:52:13 0 0 경기79바1608 3 40 232000073 232000353 49 
2020-12-06T11:53:11 0 0 경기79바1608 3 40 232000073 232000353 49 
2020-12-06T11:54:11 0 0 경기79바1608 3 40 232000073 232000352 50 
2020-12-06T11:55:10 0 0 경기79바1608 3 40 232000073 232000352 50 
2020-12-06T11:56:10 0 0 경기79바1608 3 40 232000073 232000351 51 
2020-12-06T11:57:10 0 0 경기79바1608 3 41 232000073 232000350 52 
2020-12-06T11:58:09 0 0 경기79바1608 3 41 232000073 232000350 52 
2020-12-06T11:59:08 0 0 경기79바1608 3 41 232000073 232000001 53 
2020-12-06T12:00:07 0 0 경기79바1608 3 41 232000073 232000001 53 
2020-12-06T12:01:07 0 0 경기79바1608 3 41 232000073 232000001 53 
2020-12-06T12:02:07 0 0 경기79바1608 3 41 232000073 232000001 53 
2020-12-06T12:03:07 0 0 경기79바1608 3 41 232000073 168000447 54 
2020-12-06T12:04:07 0 0 경기79바1608 3 41 232000073 168000447 54 
2020-12-06T12:05:06 0 0 경기79바1608 3 41 232000073 168000437 56 
2020-12-06T12:06:06 0 0 경기79바1608 3 41 232000073 168000437 56 
2020-12-06T12:22:59 0 0 경기79바1614 3 45 232000073 168000561 1 
2020-12-06T12:23:59 0 0 경기79바1614 3 45 232000073 168000561 1 
2020-12-06T12:24:59 0 0 경기79바1614 3 45 232000073 168000561 1 
2020-12-06T12:25:59 0 0 경기79바1614 3 45 232000073 168000407 2 
2020-12-06T12:26:58 0 0 경기79바1614 3 45 232000073 168000407 2 
2020-12-06T12:27:57 0 0 경기79바1614 3 45 232000073 168000436 3 
2020-12-06T12:28:57 0 0 경기79바1614 3 45 232000073 168000436 3 
2020-12-06T12:29:57 0 0 경기79바1614 3 45 232000073 168000442 4 
2020-12-06T12:30:57 0 0 경기79바1614 3 45 232000073 168000446 5 
2020-12-06T12:31:57 0 0 경기79바1614 3 45 232000073 168000446 5 
2020-12-06T12:32:56 0 0 경기79바1614 3 45 232000073 168000446 5 
2020-12-06T12:33:56 0 0 경기79바1614 3 45 232000073 168000446 5 
2020-12-06T12:34:56 0 0 경기79바1614 3 45 232000073 168000446 5 
2020-12-06T12:35:56 0 0 경기79바1614 3 45 232000073 168000446 5 
2020-12-06T12:36:56 0 0 경기79바1614 3 44 232000073 232000349 6 
2020-12-06T12:37:56 0 0 경기79바1614 3 44 232000073 232000349 6 
2020-12-06T12:38:56 0 0 경기79바1614 3 42 232000073 232000348 7 
2020-12-06T12:39:55 0 0 경기79바1614 3 43 232000073 232000347 8 
2020-12-06T12:40:55 0 0 경기79바1614 3 41 232000073 232000347 8 
2020-12-06T12:41:56 0 0 경기79바1614 3 41 232000073 232000346 9 
2020-12-06T12:42:54 0 0 경기79바1614 3 39 232000073 232000346 9 
2020-12-06T12:43:54 0 0 경기79바1614 3 39 232000073 232000344 11 
2020-12-06T12:44:54 0 0 경기79바1614 3 39 232000073 232000360 12 
2020-12-06T12:45:54 0 0 경기79바1614 3 38 232000073 232000360 12 
2020-12-06T12:46:53 0 0 경기79바1614 3 38 232000073 232000360 12 
2020-12-06T12:47:53 0 0 경기79바1614 3 38 232000073 232000360 12 
2020-12-06T12:48:53 0 0 경기79바1614 3 38 232000073 232000359 13 
2020-12-06T12:49:53 0 0 경기79바1614 3 38 232000073 232000359 13 
2020-12-06T12:50:52 0 0 경기79바1614 3 38 232000073 232000359 13 
2020-12-06T12:51:52 0 0 경기79바1614 3 38 232000073 232000359 13 
2020-12-06T12:52:52 0 0 경기79바1614 3 38 232000073 232000356 14 
2020-12-06T12:53:51 0 0 경기79바1614 3 34 232000073 232000356 14 
2020-12-06T12:54:51 0 0 경기79바1614 3 34 232000073 232000356 14 
2020-12-06T12:55:50 0 0 경기79바1614 3 34 232000073 277103819 15 
2020-12-06T12:56:50 0 0 경기79바1614 3 34 232000073 277103819 15 
2020-12-06T12:57:49 0 0 경기79바1614 3 34 232000073 277103819 15 
2020-12-06T12:58:48 0 0 경기79바1614 3 34 232000073 277101769 16 
2020-12-06T12:59:47 0 0 경기79바1614 3 34 232000073 277101769 16 
2020-12-06T13:00:47 0 0 경기79바1614 3 34 232000073 277101769 16 
2020-12-06T13:01:46 0 0 경기79바1614 3 34 232000073 277103403 17 
2020-12-06T13:02:46 0 0 경기79바1614 3 34 232000073 277103403 17 
2020-12-06T13:03:46 0 0 경기79바1614 3 34 232000073 277103403 17 
2020-12-06T13:04:46 0 0 경기79바1614 3 34 232000073 277103404 18 
2020-12-06T13:05:46 0 0 경기79바1614 3 34 232000073 277103406 19 
2020-12-06T13:06:45 0 0 경기79바1614 3 34 232000073 277103406 19 
2020-12-06T13:07:45 0 0 경기79바1614 3 34 232000073 277103406 19 
2020-12-06T13:08:44 0 0 경기79바1614 3 34 232000073 277103410 20 
2020-12-06T13:09:44 0 0 경기79바1614 3 34 232000073 113000424 21 
2020-12-06T13:10:43 0 0 경기79바1614 3 38 232000073 113000424 21 
2020-12-06T13:11:43 0 0 경기79바1614 3 38 232000073 113000424 21 
2020-12-06T13:12:43 0 0 경기79바1614 3 39 232000073 277102197 22 
2020-12-06T13:13:43 0 0 경기79바1614 3 39 232000073 277102197 22 
2020-12-06T13:14:42 0 0 경기79바1614 3 40 232000073 277102197 22 
2020-12-06T13:15:42 0 0 경기79바1614 3 43 232000073 113000422 23 
2020-12-06T13:16:42 0 0 경기79바1614 3 43 232000073 113000422 23 
2020-12-06T13:17:41 0 0 경기79바1614 3 43 232000073 113000420 24 
2020-12-06T13:18:41 0 0 경기79바1614 3 43 232000073 113000419 25 
2020-12-06T13:19:41 0 0 경기79바1614 3 45 232000073 113000419 25 
2020-12-06T13:20:40 0 0 경기79바1614 3 45 232000073 113000418 26 
2020-12-06T13:21:40 0 0 경기79바1614 3 45 232000073 113000418 26 
2020-12-06T13:22:39 0 0 경기79바1614 3 45 232000073 113000477 27 
2020-12-06T13:23:39 0 0 경기79바1614 3 45 232000073 113000477 27 
2020-12-06T13:24:39 0 0 경기79바1614 3 45 232000073 112000430 28 
2020-12-06T13:25:39 0 0 경기79바1614 3 45 232000073 101000304 29 
2020-12-06T13:26:39 0 0 경기79바1614 3 45 232000073 100000380 30 
2020-12-06T13:27:38 0 0 경기79바1614 3 45 232000073 100000380 30 
2020-12-06T13:28:37 0 0 경기79바1614 3 45 232000073 100000380 30 
2020-12-06T13:29:37 0 0 경기79바1614 3 45 232000073 100000025 31 
2020-12-06T13:30:37 0 0 경기79바1614 3 45 232000073 100000025 31 
2020-12-06T13:31:37 0 0 경기79바1614 3 44 232000073 101000038 32 
2020-12-06T13:32:37 0 0 경기79바1614 3 44 232000073 277101975 33 
2020-12-06T13:33:36 0 0 경기79바1614 3 44 232000073 277101975 33 
2020-12-06T13:34:36 0 0 경기79바1614 3 43 232000073 112000170 34 
2020-12-06T13:35:36 0 0 경기79바1614 3 43 232000073 113000478 35 
2020-12-06T13:36:36 0 0 경기79바1614 3 43 232000073 113000478 35 
2020-12-06T13:37:35 0 0 경기79바1614 3 42 232000073 113000478 35 
2020-12-06T13:38:35 0 0 경기79바1614 3 42 232000073 113000411 36 
2020-12-06T13:39:35 0 0 경기79바1614 3 42 232000073 113000411 36 
2020-12-06T13:40:34 0 0 경기79바1614 3 42 232000073 113000417 37 
2020-12-06T13:41:34 0 0 경기79바1614 3 41 232000073 113000416 38 
2020-12-06T13:42:33 0 0 경기79바1614 3 41 232000073 113000416 38 
2020-12-06T13:43:33 0 0 경기79바1614 3 41 232000073 113000416 38 
2020-12-06T13:44:32 0 0 경기79바1614 3 41 232000073 113000416 38 
2020-12-06T13:45:32 0 0 경기79바1614 3 41 232000073 113000414 39 
2020-12-06T13:46:31 0 0 경기79바1614 3 35 232000073 113000414 39 
2020-12-06T13:47:31 0 0 경기79바1614 3 35 232000073 113000414 39 
2020-12-06T13:48:31 0 0 경기79바1614 3 35 232000073 277102199 40 
2020-12-06T13:49:30 0 0 경기79바1614 3 35 232000073 113000412 42 
2020-12-06T13:50:30 0 0 경기79바1614 3 34 232000073 113000412 42 
2020-12-06T13:51:29 0 0 경기79바1614 3 34 232000073 113000412 42 
2020-12-06T13:52:29 0 0 경기79바1614 3 34 232000073 113000412 42 
2020-12-06T13:53:29 0 0 경기79바1614 3 34 232000073 277103529 43 
2020-12-06T13:54:28 0 0 경기79바1614 3 34 232000073 277103529 43 
2020-12-06T13:55:28 0 0 경기79바1614 3 34 232000073 277103529 43 
2020-12-06T13:56:28 0 0 경기79바1614 3 34 232000073 277103529 43 
2020-12-06T13:57:28 0 0 경기79바1614 3 34 232000073 277103529 43 
2020-12-06T13:58:28 0 0 경기79바1614 3 34 232000073 277103402 44 
2020-12-06T13:59:27 0 0 경기79바1614 3 34 232000073 277103402 44 
2020-12-06T14:00:26 0 0 경기79바1614 3 34 232000073 277103402 44 
2020-12-06T14:01:26 0 0 경기79바1614 3 34 232000073 277103401 45 
2020-12-06T14:02:26 0 0 경기79바1614 3 34 232000073 277103401 45 
2020-12-06T14:03:25 0 0 경기79바1614 3 34 232000073 277103401 45 
2020-12-06T14:04:24 0 0 경기79바1614 3 34 232000073 277103401 45 
2020-12-06T14:05:24 0 0 경기79바1614 3 34 232000073 277103401 45 
2020-12-06T14:06:24 0 0 경기79바1614 3 34 232000073 232000432 46 
2020-12-06T14:07:23 0 0 경기79바1614 3 34 232000073 232000432 46 
2020-12-06T14:08:23 0 0 경기79바1614 3 38 232000073 232000432 46 
2020-12-06T14:09:22 0 0 경기79바1614 3 38 232000073 232000432 46 
2020-12-06T14:10:22 0 0 경기79바1614 3 38 232000073 232000432 46 
2020-12-06T14:11:23 0 0 경기79바1614 3 38 232000073 232000429 47 
2020-12-06T14:12:22 0 0 경기79바1614 3 39 232000073 232000429 47 
2020-12-06T14:13:22 0 0 경기79바1614 3 39 232000073 232000429 47 
2020-12-06T14:14:22 0 0 경기79바1614 3 39 232000073 232000354 48 
2020-12-06T14:15:21 0 0 경기79바1614 3 39 232000073 232000353 49 
2020-12-06T14:16:20 0 0 경기79바1614 3 39 232000073 232000353 49 
2020-12-06T14:17:19 0 0 경기79바1614 3 40 232000073 232000352 50 
2020-12-06T14:18:19 0 0 경기79바1614 3 40 232000073 232000352 50 
2020-12-06T14:19:19 0 0 경기79바1614 3 42 232000073 232000350 52 
2020-12-06T14:20:19 0 0 경기79바1614 3 42 232000073 232000350 52 
2020-12-06T14:21:18 0 0 경기79바1614 3 43 232000073 232000350 52 
2020-12-06T14:22:18 0 0 경기79바1614 3 44 232000073 232000001 53 
2020-12-06T14:23:17 0 0 경기79바1614 3 44 232000073 232000001 53 
2020-12-06T14:24:17 0 0 경기79바1614 3 44 232000073 232000001 53 
2020-12-06T14:25:16 0 0 경기79바1614 3 44 232000073 232000001 53 
2020-12-06T14:26:16 0 0 경기79바1614 3 44 232000073 232000001 53 
2020-12-06T14:27:16 0 0 경기79바1614 3 44 232000073 168000443 55 
2020-12-06T14:28:15 0 0 경기79바1614 3 45 232000073 168000443 55 
2020-12-06T14:29:15 0 0 경기79바1614 3 45 232000073 168000437 56 
2020-12-06T14:30:15 0 0 경기79바1614 3 45 232000073 168000437 56 
2020-12-06T14:52:19 0 0 경기79바1608 3 41 232000073 168000561 1 
2020-12-06T14:53:18 0 0 경기79바1608 3 41 232000073 168000561 1 
2020-12-06T14:54:18 0 0 경기79바1608 3 41 232000073 168000561 1 
2020-12-06T14:55:18 0 0 경기79바1608 3 41 232000073 168000407 2 
2020-12-06T14:56:17 0 0 경기79바1608 3 41 232000073 168000407 2 
2020-12-06T14:57:17 0 0 경기79바1608 3 41 232000073 168000446 5 
2020-12-06T14:58:16 0 0 경기79바1608 3 41 232000073 168000446 5 
2020-12-06T14:59:16 0 0 경기79바1608 3 41 232000073 168000446 5 
2020-12-06T15:00:15 0 0 경기79바1608 3 41 232000073 168000446 5 
2020-12-06T15:01:15 0 0 경기79바1608 3 41 232000073 168000446 5 
2020-12-06T15:02:15 0 0 경기79바1608 3 41 232000073 232000348 7 
2020-12-06T15:03:15 0 0 경기79바1608 3 41 232000073 232000348 7 
2020-12-06T15:04:14 0 0 경기79바1608 3 41 232000073 232000347 8 
2020-12-06T15:05:13 0 0 경기79바1608 3 41 232000073 232000347 8 
2020-12-06T15:06:13 0 0 경기79바1608 3 40 232000073 232000347 8 
2020-12-06T15:07:13 0 0 경기79바1608 3 37 232000073 232000346 9 
2020-12-06T15:08:12 0 0 경기79바1608 3 37 232000073 232000346 9 
2020-12-06T15:09:12 0 0 경기79바1608 3 37 232000073 232000344 11 
2020-12-06T15:10:12 0 0 경기79바1608 3 37 232000073 232000360 12 
2020-12-06T15:11:12 0 0 경기79바1608 3 37 232000073 232000359 13 
2020-12-06T15:12:12 0 0 경기79바1608 3 36 232000073 232000359 13 
2020-12-06T15:13:12 0 0 경기79바1608 3 36 232000073 232000359 13 
2020-12-06T15:14:11 0 0 경기79바1608 3 36 232000073 232000359 13 
2020-12-06T15:15:10 0 0 경기79바1608 3 36 232000073 232000359 13 
2020-12-06T15:16:10 0 0 경기79바1608 3 36 232000073 232000359 13 
2020-12-06T15:17:09 0 0 경기79바1608 3 36 232000073 232000359 13 
2020-12-06T15:18:09 0 0 경기79바1608 3 35 232000073 232000356 14 
2020-12-06T15:19:09 0 0 경기79바1608 3 35 232000073 232000356 14 
2020-12-06T15:20:08 0 0 경기79바1608 3 35 232000073 277103819 15 
2020-12-06T15:21:08 0 0 경기79바1608 3 35 232000073 277103819 15 
2020-12-06T15:22:08 0 0 경기79바1608 3 35 232000073 277103819 15 
2020-12-06T15:23:08 0 0 경기79바1608 3 35 232000073 277101769 16 
2020-12-06T15:24:07 0 0 경기79바1608 3 35 232000073 277101769 16 
2020-12-06T15:25:07 0 0 경기79바1608 3 35 232000073 277101769 16 
2020-12-06T15:26:07 0 0 경기79바1608 3 35 232000073 277101769 16 
2020-12-06T15:27:07 0 0 경기79바1608 3 35 232000073 277103403 17 
2020-12-06T15:28:06 0 0 경기79바1608 3 35 232000073 277103403 17 
2020-12-06T15:29:05 0 0 경기79바1608 3 35 232000073 277103403 17 
2020-12-06T15:30:05 0 0 경기79바1608 3 35 232000073 277103404 18 
2020-12-06T15:31:05 0 0 경기79바1608 3 35 232000073 277103404 18 
2020-12-06T15:32:04 0 0 경기79바1608 3 35 232000073 277103406 19 
2020-12-06T15:33:04 0 0 경기79바1608 3 35 232000073 277103406 19 
2020-12-06T15:34:04 0 0 경기79바1608 3 35 232000073 277103406 19 
2020-12-06T15:35:03 0 0 경기79바1608 3 35 232000073 277103410 20 
2020-12-06T15:36:03 0 0 경기79바1608 3 35 232000073 277103410 20 
2020-12-06T15:37:03 0 0 경기79바1608 3 35 232000073 277103410 20 
2020-12-06T15:38:02 0 0 경기79바1608 3 35 232000073 113000424 21 
2020-12-06T15:39:02 0 0 경기79바1608 3 35 232000073 113000424 21 
2020-12-06T15:40:03 0 0 경기79바1608 3 38 232000073 113000424 21 
2020-12-06T15:41:02 0 0 경기79바1608 3 38 232000073 277102197 22 
2020-12-06T15:42:02 0 0 경기79바1608 3 38 232000073 277102197 22 
2020-12-06T15:43:02 0 0 경기79바1608 3 38 232000073 277102197 22 
2020-12-06T15:44:02 0 0 경기79바1608 3 38 232000073 277102197 22 
2020-12-06T15:45:02 0 0 경기79바1608 3 38 232000073 113000422 23 
2020-12-06T15:46:01 0 0 경기79바1608 3 38 232000073 113000422 23 
2020-12-06T15:47:01 0 0 경기79바1608 3 38 232000073 113000420 24 
2020-12-06T15:48:00 0 0 경기79바1608 3 38 232000073 113000420 24 
2020-12-06T15:49:00 0 0 경기79바1608 3 38 232000073 113000419 25 
2020-12-06T15:50:00 0 0 경기79바1608 3 38 232000073 113000418 26 
2020-12-06T15:51:00 0 0 경기79바1608 3 38 232000073 113000418 26 
2020-12-06T15:52:00 0 0 경기79바1608 3 39 232000073 113000477 27 
2020-12-06T15:52:59 0 0 경기79바1608 3 39 232000073 113000477 27 
2020-12-06T15:53:59 0 0 경기79바1608 3 39 232000073 112000430 28 
2020-12-06T15:54:59 0 0 경기79바1608 3 40 232000073 101000304 29 
2020-12-06T15:55:58 0 0 경기79바1608 3 40 232000073 101000304 29 
2020-12-06T15:56:58 0 0 경기79바1608 3 40 232000073 101000304 29 
2020-12-06T15:57:57 0 0 경기79바1608 3 40 232000073 101000304 29 
2020-12-06T15:58:57 0 0 경기79바1608 3 40 232000073 101000304 29 
2020-12-06T15:59:57 0 0 경기79바1608 3 40 232000073 100000380 30 
2020-12-06T16:00:56 0 0 경기79바1608 3 40 232000073 100000380 30 
2020-12-06T16:01:57 0 0 경기79바1608 3 41 232000073 100000025 31 
2020-12-06T16:02:57 0 0 경기79바1608 3 40 232000073 100000025 31 
2020-12-06T16:03:56 0 0 경기79바1608 3 40 232000073 100000025 31 
2020-12-06T16:04:55 0 0 경기79바1608 3 40 232000073 100000025 31 
2020-12-06T16:05:55 0 0 경기79바1608 3 36 232000073 101000038 32 
2020-12-06T16:06:54 0 0 경기79바1608 3 36 232000073 277101975 33 
2020-12-06T16:07:54 0 0 경기79바1608 3 36 232000073 112000170 34 
2020-12-06T16:08:54 0 0 경기79바1608 3 36 232000073 112000170 34 
2020-12-06T16:09:54 0 0 경기79바1608 3 36 232000073 112000170 34 
2020-12-06T16:10:53 0 0 경기79바1608 3 36 232000073 113000478 35 
2020-12-06T16:11:53 0 0 경기79바1608 3 36 232000073 113000478 35 
2020-12-06T16:12:53 0 0 경기79바1608 3 36 232000073 113000411 36 
2020-12-06T16:13:52 0 0 경기79바1608 3 36 232000073 113000411 36 
2020-12-06T16:14:52 0 0 경기79바1608 3 36 232000073 113000411 36 
2020-12-06T16:15:50 0 0 경기79바1608 3 36 232000073 113000411 36 
2020-12-06T16:16:50 0 0 경기79바1608 3 36 232000073 113000411 36 
2020-12-06T16:17:50 0 0 경기79바1608 3 36 232000073 113000417 37 
2020-12-06T16:18:49 0 0 경기79바1608 3 36 232000073 113000416 38 
2020-12-06T16:19:48 0 0 경기79바1608 3 35 232000073 113000416 38 
2020-12-06T16:20:48 0 0 경기79바1608 3 35 232000073 113000416 38 
2020-12-06T16:21:48 0 0 경기79바1608 3 35 232000073 113000416 38 
2020-12-06T16:22:48 0 0 경기79바1608 3 35 232000073 113000414 39 
2020-12-06T16:23:47 0 0 경기79바1608 3 33 232000073 113000414 39 
2020-12-06T16:24:47 0 0 경기79바1608 3 33 232000073 277102199 40 
2020-12-06T16:25:46 0 0 경기79바1608 3 33 232000073 277102199 40 
2020-12-06T16:26:45 0 0 경기79바1608 3 33 232000073 277102198 41 
2020-12-06T16:27:45 0 0 경기79바1608 3 33 232000073 113000412 42 
2020-12-06T16:28:45 0 0 경기79바1608 3 32 232000073 113000412 42 
2020-12-06T16:29:45 0 0 경기79바1608 3 32 232000073 113000412 42 
2020-12-06T16:30:44 0 0 경기79바1608 3 32 232000073 113000412 42 
2020-12-06T16:31:44 0 0 경기79바1608 3 32 232000073 277103529 43 
2020-12-06T16:32:44 0 0 경기79바1608 3 32 232000073 277103529 43 
2020-12-06T16:33:43 0 0 경기79바1608 3 32 232000073 277103529 43 
2020-12-06T16:34:43 0 0 경기79바1608 3 32 232000073 277103529 43 
2020-12-06T16:35:42 0 0 경기79바1608 3 32 232000073 277103529 43 
2020-12-06T16:36:42 0 0 경기79바1608 3 32 232000073 277103402 44 
2020-12-06T16:37:42 0 0 경기79바1608 3 32 232000073 277103402 44 
2020-12-06T16:38:42 0 0 경기79바1608 3 32 232000073 277103402 44 
2020-12-06T16:39:41 0 0 경기79바1608 3 32 232000073 277103402 44 
2020-12-06T16:40:41 0 0 경기79바1608 3 32 232000073 277103401 45 
2020-12-06T16:41:40 0 0 경기79바1608 3 32 232000073 277103401 45 
2020-12-06T16:42:40 0 0 경기79바1608 3 32 232000073 277103401 45 
2020-12-06T16:43:39 0 0 경기79바1608 3 32 232000073 277103401 45 
2020-12-06T16:44:39 0 0 경기79바1608 3 32 232000073 277103401 45 
2020-12-06T16:45:38 0 0 경기79바1608 3 32 232000073 232000432 46 
2020-12-06T16:46:38 0 0 경기79바1608 3 33 232000073 232000432 46 
2020-12-06T16:47:38 0 0 경기79바1608 3 35 232000073 232000432 46 
2020-12-06T16:48:38 0 0 경기79바1608 3 35 232000073 232000432 46 
2020-12-06T16:49:37 0 0 경기79바1608 3 35 232000073 232000432 46 
2020-12-06T16:50:37 0 0 경기79바1608 3 35 232000073 232000432 46 
2020-12-06T16:51:37 0 0 경기79바1608 3 35 232000073 232000429 47 
2020-12-06T16:52:37 0 0 경기79바1608 3 36 232000073 232000429 47 
2020-12-06T16:53:36 0 0 경기79바1608 3 36 232000073 232000429 47 
2020-12-06T16:54:36 0 0 경기79바1608 3 36 232000073 232000429 47 
2020-12-06T16:55:36 0 0 경기79바1608 3 36 232000073 232000354 48 
2020-12-06T16:56:36 0 0 경기79바1608 3 36 232000073 232000353 49 
2020-12-06T16:57:35 0 0 경기79바1608 3 36 232000073 232000353 49 
2020-12-06T16:58:35 0 0 경기79바1608 3 36 232000073 232000353 49 
2020-12-06T16:59:34 0 0 경기79바1608 3 36 232000073 232000351 51 
2020-12-06T17:00:34 0 0 경기79바1608 3 36 232000073 232000351 51 
2020-12-06T17:01:34 0 0 경기79바1608 3 37 232000073 232000350 52 
2020-12-06T17:02:34 0 0 경기79바1608 3 38 232000073 232000350 52 
2020-12-06T17:03:33 0 0 경기79바1608 3 38 232000073 232000001 53 
2020-12-06T17:04:32 0 0 경기79바1608 3 38 232000073 232000001 53 
2020-12-06T17:05:32 0 0 경기79바1608 3 38 232000073 232000001 53 
2020-12-06T17:06:32 0 0 경기79바1608 3 38 232000073 168000447 54 
2020-12-06T17:07:31 0 0 경기79바1608 3 39 232000073 168000447 54 
2020-12-06T17:08:31 0 0 경기79바1608 3 41 232000073 168000443 55 
2020-12-06T17:09:31 0 0 경기79바1608 3 41 232000073 168000443 55 
2020-12-06T17:10:30 0 0 경기79바1608 3 40 232000073 168000437 56 
2020-12-06T17:11:31 0 0 경기79바1608 3 40 232000073 168000437 56 
2020-12-06T17:24:27 0 0 경기79바1614 3 45 232000073 168000407 2 
2020-12-06T17:25:26 0 0 경기79바1614 3 45 232000073 168000407 2 
2020-12-06T17:26:26 0 0 경기79바1614 3 45 232000073 168000407 2 
2020-12-06T17:27:26 0 0 경기79바1614 3 45 232000073 168000436 3 
2020-12-06T17:28:26 0 0 경기79바1614 3 44 232000073 168000436 3 
2020-12-06T17:29:26 0 0 경기79바1614 3 44 232000073 168000446 5 
2020-12-06T17:30:25 0 0 경기79바1614 3 43 232000073 168000446 5 
2020-12-06T17:31:25 0 0 경기79바1614 3 43 232000073 168000446 5 
2020-12-06T17:32:25 0 0 경기79바1614 3 43 232000073 168000446 5 
2020-12-06T17:33:25 0 0 경기79바1614 3 43 232000073 168000446 5 
2020-12-06T17:34:25 0 0 경기79바1614 3 43 232000073 232000349 6 
2020-12-06T17:35:25 0 0 경기79바1614 3 40 232000073 232000349 6 
2020-12-06T17:36:25 0 0 경기79바1614 3 36 232000073 232000348 7 
2020-12-06T17:37:24 0 0 경기79바1614 3 36 232000073 232000347 8 
2020-12-06T17:38:24 0 0 경기79바1614 3 34 232000073 232000347 8 
2020-12-06T17:39:23 0 0 경기79바1614 3 33 232000073 232000346 9 
2020-12-06T17:40:23 0 0 경기79바1614 3 33 232000073 232000346 9 
2020-12-06T17:41:23 0 0 경기79바1614 3 32 232000073 232000345 10 
2020-12-06T17:42:23 0 0 경기79바1614 3 33 232000073 232000344 11 
2020-12-06T17:43:23 0 0 경기79바1614 3 33 232000073 232000360 12 
2020-12-06T17:44:22 0 0 경기79바1614 3 33 232000073 232000360 12 
2020-12-06T17:45:22 0 0 경기79바1614 3 33 232000073 232000360 12 
2020-12-06T17:46:22 0 0 경기79바1614 3 32 232000073 232000359 13 
2020-12-06T17:47:22 0 0 경기79바1614 3 32 232000073 232000359 13 
2020-12-06T17:48:22 0 0 경기79바1614 3 32 232000073 232000359 13 
2020-12-06T17:49:21 0 0 경기79바1614 3 32 232000073 232000359 13 
2020-12-06T17:50:20 0 0 경기79바1614 3 32 232000073 232000359 13 
2020-12-06T17:51:19 0 0 경기79바1614 3 32 232000073 232000359 13 
2020-12-06T17:52:18 0 0 경기79바1614 3 33 232000073 232000359 13 
2020-12-06T17:53:19 0 0 경기79바1614 3 34 232000073 232000356 14 
2020-12-06T17:54:18 0 0 경기79바1614 3 34 232000073 232000356 14 
2020-12-06T17:55:19 0 0 경기79바1614 3 34 232000073 232000356 14 
2020-12-06T17:56:18 0 0 경기79바1614 3 34 232000073 277103819 15 
2020-12-06T17:57:17 0 0 경기79바1614 3 34 232000073 277103819 15 
2020-12-06T17:58:17 0 0 경기79바1614 3 34 232000073 277103819 15 
2020-12-06T17:59:17 0 0 경기79바1614 3 34 232000073 277101769 16 
2020-12-06T18:00:16 0 0 경기79바1614 3 34 232000073 277101769 16 
2020-12-06T18:01:16 0 0 경기79바1614 3 34 232000073 277101769 16 
2020-12-06T18:02:16 0 0 경기79바1614 3 34 232000073 277103403 17 
2020-12-06T18:03:15 0 0 경기79바1614 3 34 232000073 277103403 17 
2020-12-06T18:04:15 0 0 경기79바1614 3 34 232000073 277103403 17 
2020-12-06T18:05:15 0 0 경기79바1614 3 34 232000073 277103404 18 
2020-12-06T18:06:15 0 0 경기79바1614 3 34 232000073 277103406 19 
2020-12-06T18:07:14 0 0 경기79바1614 3 34 232000073 277103410 20 
2020-12-06T18:08:13 0 0 경기79바1614 3 34 232000073 277103410 20 
2020-12-06T18:09:13 0 0 경기79바1614 3 34 232000073 113000424 21 
2020-12-06T18:10:13 0 0 경기79바1614 3 34 232000073 113000424 21 
2020-12-06T18:11:13 0 0 경기79바1614 3 34 232000073 113000424 21 
2020-12-06T18:12:12 0 0 경기79바1614 3 39 232000073 277102197 22 
2020-12-06T18:13:12 0 0 경기79바1614 3 39 232000073 277102197 22 
