232000073 2020-12-01T00:00:57.349125+09:00
2020-12-01T04:34:12.762922+09:00 0 0 경기79바1609 3 45 232000073 168000407 2 
2020-12-01T04:35:12.246851+09:00 0 0 경기79바1609 3 44 232000073 168000407 2 
2020-12-01T04:36:11.610460+09:00 0 0 경기79바1609 3 44 232000073 168000407 2 
2020-12-01T04:37:11.044437+09:00 0 0 경기79바1609 3 44 232000073 168000407 2 
2020-12-01T04:38:10.438195+09:00 0 0 경기79바1609 3 44 232000073 168000436 3 
2020-12-01T04:39:09.772071+09:00 0 0 경기79바1609 3 43 232000073 168000446 5 
2020-12-01T04:40:09.156003+09:00 0 0 경기79바1609 3 43 232000073 168000446 5 
2020-12-01T04:41:08.839940+09:00 0 0 경기79바1609 3 43 232000073 168000446 5 
2020-12-01T04:42:08.593943+09:00 0 0 경기79바1609 3 43 232000073 168000446 5 
2020-12-01T04:43:08.406017+09:00 0 0 경기79바1609 3 43 232000073 168000446 5 
2020-12-01T04:44:08.331820+09:00 0 0 경기79바1609 3 43 232000073 232000348 7 
2020-12-01T04:45:08.225956+09:00 0 0 경기79바1609 3 42 232000073 232000348 7 
2020-12-01T04:46:08.219886+09:00 0 0 경기79바1609 3 42 232000073 232000348 7 
2020-12-01T04:47:07.243801+09:00 0 0 경기79바1609 3 40 232000073 232000347 8 
2020-12-01T04:48:07.317904+09:00 0 0 경기79바1609 3 40 232000073 232000347 8 
2020-12-01T04:49:06.481916+09:00 0 0 경기79바1609 3 40 232000073 232000346 9 
