232000073 2020-11-29T00:27:27.693578+09:00
2020-11-29T05:01:37.750933+09:00 0 0 경기79바1612 3 44 232000073 168000407 2 
2020-11-29T05:02:36.865172+09:00 0 0 경기79바1612 3 44 232000073 168000407 2 
2020-11-29T05:03:36.539215+09:00 0 0 경기79바1612 3 44 232000073 168000407 2 
2020-11-29T05:04:36.523429+09:00 0 0 경기79바1612 3 43 232000073 168000436 3 
2020-11-29T05:05:36.137454+09:00 0 0 경기79바1612 3 43 232000073 168000436 3 
2020-11-29T05:06:35.961781+09:00 0 0 경기79바1612 3 43 232000073 168000446 5 
2020-11-29T05:07:35.895863+09:00 0 0 경기79바1612 3 43 232000073 168000446 5 
2020-11-29T05:08:34.790047+09:00 0 0 경기79바1612 3 43 232000073 168000446 5 
2020-11-29T05:09:34.484121+09:00 0 0 경기79바1612 3 43 232000073 168000446 5 
2020-11-29T05:10:34.068224+09:00 0 0 경기79바1612 3 43 232000073 168000446 5 
2020-11-29T05:11:34.302434+09:00 0 0 경기79바1612 3 43 232000073 232000349 6 
2020-11-29T05:12:33.976528+09:00 0 0 경기79바1612 3 43 232000073 232000349 6 
2020-11-29T05:13:33.220757+09:00 0 0 경기79바1612 3 43 232000073 232000348 7 
2020-11-29T05:14:32.704920+09:00 0 0 경기79바1612 3 42 232000073 232000347 8 
2020-11-29T05:15:32.229082+09:00 0 0 경기79바1612 3 41 232000073 232000346 9 
2020-11-29T05:16:31.133023+09:00 0 0 경기79바1612 3 41 232000073 232000346 9 
2020-11-29T05:17:31.517306+09:00 0 0 경기79바1612 3 41 232000073 232000344 11 
2020-11-29T05:18:31.091527+09:00 0 0 경기79바1612 3 41 232000073 232000360 12 
2020-11-29T05:19:30.466043+09:00 0 0 경기79바1612 3 39 232000073 232000359 13 
2020-11-29T05:20:29.970655+09:00 0 0 경기79바1612 3 39 232000073 232000359 13 
2020-11-29T05:21:30.315208+09:00 0 0 경기79바1612 3 39 232000073 232000359 13 
2020-11-29T05:22:29.609814+09:00 0 0 경기79바1612 3 39 232000073 232000359 13 
2020-11-29T05:23:28.634166+09:00 0 0 경기79바1612 3 39 232000073 232000359 13 
2020-11-29T05:24:28.558603+09:00 0 0 경기79바1612 3 39 232000073 232000359 13 
2020-11-29T05:25:28.092936+09:00 0 0 경기79바1612 3 39 232000073 232000359 13 
2020-11-29T05:26:28.107472+09:00 0 0 경기79바1612 3 39 232000073 232000356 14 
2020-11-29T05:27:27.531797+09:00 0 0 경기79바1612 3 37 232000073 232000356 14 
2020-11-29T05:28:27.026168+09:00 0 0 경기79바1612 3 37 232000073 232000356 14 
2020-11-29T05:29:26.580413+09:00 0 0 경기79바1612 3 37 232000073 277103819 15 
2020-11-29T05:30:26.284780+09:00 0 0 경기79바1612 3 37 232000073 277103819 15 
2020-11-29T05:31:25.898971+09:00 0 0 경기79바1612 3 37 232000073 277103819 15 
2020-11-29T05:32:25.393409+09:00 0 0 경기79바1612 3 37 232000073 277103819 15 
2020-11-29T05:33:25.337728+09:00 0 0 경기79바1612 3 37 232000073 277101769 16 
2020-11-29T05:34:25.291894+09:00 0 0 경기79바1612 3 37 232000073 277101769 16 
2020-11-29T05:35:24.666224+09:00 0 0 경기79바1612 3 37 232000073 277101769 16 
2020-11-29T05:36:24.250506+09:00 0 0 경기79바1612 3 37 232000073 277103403 17 
2020-11-29T05:37:23.314715+09:00 0 0 경기79바1612 3 37 232000073 277103403 17 
2020-11-29T05:38:22.088990+09:00 0 0 경기79바1612 3 37 232000073 277103403 17 
2020-11-29T05:39:21.603260+09:00 0 0 경기79바1612 3 37 232000073 277103404 18 
2020-11-29T05:40:21.197535+09:00 0 0 경기79바1612 3 37 232000073 277103404 18 
2020-11-29T05:41:20.691664+09:00 0 0 경기79바1612 3 37 232000073 277103410 20 
2020-11-29T05:42:20.185904+09:00 0 0 경기79바1612 3 37 232000073 277103410 20 
2020-11-29T05:43:19.930193+09:00 0 0 경기79바1612 3 37 232000073 113000424 21 
2020-11-29T05:44:19.204442+09:00 0 0 경기79바1612 3 37 232000073 113000424 21 
2020-11-29T05:45:18.918634+09:00 0 0 경기79바1612 3 40 232000073 113000424 21 
2020-11-29T05:46:18.502881+09:00 0 0 경기79바1612 3 40 232000073 277102197 22 
2020-11-29T05:47:18.057167+09:00 0 0 경기79바1612 3 41 232000073 277102197 22 
2020-11-29T05:48:17.841344+09:00 0 0 경기79바1612 3 41 232000073 277102197 22 
2020-11-29T05:49:17.075426+09:00 0 0 경기79바1612 3 41 232000073 113000422 23 
2020-11-29T05:50:16.479800+09:00 0 0 경기79바1612 3 41 232000073 113000422 23 
2020-11-29T05:51:16.173882+09:00 0 0 경기79바1612 3 41 232000073 113000422 23 
2020-11-29T05:52:15.668194+09:00 0 0 경기79바1612 3 41 232000073 113000420 24 
2020-11-29T05:53:15.551598+09:00 0 0 경기79바1612 3 41 232000073 113000420 24 
2020-11-29T05:54:14.254852+09:00 0 0 경기79바1612 3 41 232000073 113000419 25 
2020-11-29T05:55:13.878347+09:00 0 0 경기79바1612 3 41 232000073 113000418 26 
2020-11-29T05:56:13.811926+09:00 0 0 경기79바1612 3 41 232000073 113000477 27 
2020-11-29T05:57:13.555492+09:00 0 0 경기79바1612 3 41 232000073 113000477 27 
2020-11-29T05:58:13.429256+09:00 0 0 경기79바1612 3 41 232000073 113000477 27 
2020-11-29T05:59:13.062946+09:00 0 0 경기79바1612 3 41 232000073 113000477 27 
2020-11-29T06:00:12.606665+09:00 0 0 경기79바1612 3 41 232000073 112000430 28 
2020-11-29T06:01:12.030430+09:00 0 0 경기79바1612 3 41 232000073 101000304 29 
2020-11-29T06:02:12.534374+09:00 0 0 경기79바1612 3 41 232000073 101000304 29 
2020-11-29T06:03:12.278177+09:00 0 0 경기79바1612 3 41 232000073 100000380 30 
2020-11-29T06:04:12.032188+09:00 0 0 경기79바1612 3 41 232000073 100000380 30 
2020-11-29T06:05:11.486005+09:00 0 0 경기79바1612 3 42 232000073 100000025 31 
2020-11-29T06:06:10.949839+09:00 0 0 경기79바1612 3 42 232000073 100000025 31 
2020-11-29T06:07:10.813844+09:00 0 0 경기79바1612 3 42 232000073 101000038 32 
2020-11-29T06:08:09.927740+09:00 0 0 경기79바1612 3 45 232000073 101000038 32 
2020-11-29T06:09:09.401718+09:00 0 0 경기79바1612 3 45 232000073 101000038 32 
2020-11-29T06:10:08.855686+09:00 0 0 경기79바1612 3 45 232000073 101000038 32 
2020-11-29T06:11:08.519672+09:00 0 0 경기79바1612 3 45 232000073 101000038 32 
2020-11-29T06:12:08.353745+09:00 0 0 경기79바1612 3 45 232000073 112000170 34 
2020-11-29T06:13:07.797744+09:00 0 0 경기79바1612 3 45 232000073 112000170 34 
2020-11-29T06:14:07.741900+09:00 0 0 경기79바1612 3 45 232000073 113000478 35 
2020-11-29T06:15:06.555783+09:00 0 0 경기79바1612 3 44 232000073 113000478 35 
2020-11-29T06:16:06.139894+09:00 0 0 경기79바1612 3 44 232000073 113000478 35 
2020-11-29T06:17:05.703987+09:00 0 0 경기79바1612 3 44 232000073 113000411 36 
2020-11-29T06:18:05.528010+09:00 0 0 경기79바1612 3 44 232000073 113000411 36 
2020-11-29T06:19:05.132108+09:00 0 0 경기79바1612 3 44 232000073 113000417 37 
2020-11-29T06:20:04.466164+09:00 0 0 경기79바1612 3 43 232000073 113000417 37 
2020-11-29T06:21:04.290185+09:00 0 0 경기79바1612 3 43 232000073 113000417 37 
2020-11-29T06:22:03.874288+09:00 0 0 경기79바1612 3 43 232000073 113000416 38 
2020-11-29T06:23:03.108340+09:00 0 0 경기79바1612 3 43 232000073 113000416 38 
2020-11-29T06:24:03.022598+09:00 0 0 경기79바1612 3 43 232000073 113000414 39 
2020-11-29T06:25:03.896634+09:00 0 0 경기79바1612 3 43 232000073 277102199 40 
2020-11-29T06:26:01.650702+09:00 0 0 경기79바1612 3 43 232000073 277102199 40 
2020-11-29T06:27:01.135033+09:00 0 0 경기79바1612 3 43 232000073 277102198 41 
2020-11-29T06:28:00.489644+09:00 0 0 경기79바1612 3 42 232000073 113000412 42 
2020-11-29T06:29:00.314355+09:00 0 0 경기79바1612 3 42 232000073 113000412 42 
2020-11-29T06:29:59.908945+09:00 0 0 경기79바1612 3 42 232000073 113000412 42 
2020-11-29T06:30:59.653555+09:00 0 0 경기79바1612 3 42 232000073 113000412 42 
2020-11-29T06:31:59.308069+09:00 0 0 경기79바1612 3 42 232000073 277103529 43 
2020-11-29T06:32:59.152585+09:00 0 0 경기79바1612 3 42 232000073 277103529 43 
2020-11-29T06:33:58.987051+09:00 0 0 경기79바1612 3 42 232000073 277103529 43 
2020-11-29T06:34:58.911563+09:00 0 0 경기79바1612 3 42 232000073 277103402 44 
2020-11-29T06:35:57.835944+09:00 0 0 경기79바1612 3 42 232000073 277103402 44 
2020-11-29T06:36:57.120233+09:00 0 0 경기79바1612 3 42 232000073 277103402 44 
2020-11-29T06:37:56.824618+09:00 0 0 경기79바1612 3 42 232000073 277103402 44 
2020-11-29T06:38:56.498991+09:00 0 0 경기79바1612 3 42 232000073 277103401 45 
2020-11-29T06:39:56.193418+09:00 0 0 경기79바1612 3 42 232000073 277103401 45 
2020-11-29T06:40:55.817710+09:00 0 0 경기79바1612 3 42 232000073 277103401 45 
2020-11-29T06:41:55.551970+09:00 0 0 경기79바1612 3 42 232000073 277103401 45 
2020-11-29T06:42:54.196239+09:00 0 0 경기79바1612 3 42 232000073 277103401 45 
2020-11-29T06:43:54.590631+09:00 0 0 경기79바1612 3 42 232000073 277103401 45 
2020-11-29T06:44:54.264856+09:00 0 0 경기79바1612 3 42 232000073 232000432 46 
2020-11-29T06:45:53.239138+09:00 0 0 경기79바1612 3 42 232000073 232000432 46 
2020-11-29T06:46:53.313378+09:00 0 0 경기79바1612 3 42 232000073 232000432 46 
2020-11-29T06:47:52.707683+09:00 0 0 경기79바1612 3 42 232000073 232000432 46 
2020-11-29T06:48:51.821888+09:00 0 0 경기79바1612 3 42 232000073 232000432 46 
2020-11-29T06:49:51.056152+09:00 0 0 경기79바1612 3 42 232000073 232000429 47 
2020-11-29T06:50:50.950411+09:00 0 0 경기79바1612 3 42 232000073 232000354 48 
2020-11-29T06:51:51.234735+09:00 0 0 경기79바1612 3 42 232000073 232000354 48 
2020-11-29T06:52:50.558943+09:00 0 0 경기79바1612 3 42 232000073 232000353 49 
2020-11-29T06:53:49.553126+09:00 0 0 경기79바1612 3 42 232000073 232000353 49 
2020-11-29T06:54:49.617399+09:00 0 0 경기79바1612 3 42 232000073 232000352 50 
2020-11-29T06:55:49.901637+09:00 0 0 경기79바1612 3 42 232000073 232000350 52 
2020-11-29T06:56:48.775771+09:00 0 0 경기79바1612 3 42 232000073 232000350 52 
2020-11-29T06:57:48.840108+09:00 0 0 경기79바1612 3 43 232000073 232000001 53 
2020-11-29T06:58:48.974270+09:00 0 0 경기79바1612 3 43 232000073 232000001 53 
2020-11-29T06:59:48.178466+09:00 0 0 경기79바1612 3 43 232000073 232000001 53 
2020-11-29T07:00:47.312598+09:00 0 0 경기79바1612 3 43 232000073 232000001 53 
2020-11-29T07:01:45.976025+09:00 0 0 경기79바1612 3 43 232000073 232000001 53 
2020-11-29T07:02:46.149581+09:00 0 0 경기79바1612 3 44 232000073 168000443 55 
2020-11-29T07:03:45.142985+09:00 0 0 경기79바1612 3 44 232000073 168000443 55 
2020-11-29T07:04:44.716748+09:00 0 0 경기79바1612 3 44 232000073 168000437 56 
2020-11-29T07:29:33.255907+09:00 0 0 경기79바1614 3 45 232000073 168000561 1 
2020-11-29T07:30:32.269974+09:00 0 0 경기79바1614 3 45 232000073 168000407 2 
2020-11-29T07:31:31.254070+09:00 0 0 경기79바1614 3 44 232000073 168000407 2 
2020-11-29T07:32:31.528234+09:00 0 0 경기79바1614 3 44 232000073 168000407 2 
2020-11-29T07:33:30.322231+09:00 0 0 경기79바1614 3 44 232000073 168000407 2 
2020-11-29T07:34:29.866387+09:00 0 0 경기79바1614 3 44 232000073 168000436 3 
2020-11-29T07:35:29.100728+09:00 0 0 경기79바1614 3 44 232000073 168000436 3 
2020-11-29T07:36:29.325302+09:00 0 0 경기79바1614 3 44 232000073 168000442 4 
2020-11-29T07:37:28.139788+09:00 0 0 경기79바1614 3 44 232000073 168000446 5 
2020-11-29T07:38:28.244246+09:00 0 0 경기79바1614 3 44 232000073 168000446 5 
2020-11-29T07:39:27.118598+09:00 0 0 경기79바1614 3 43 232000073 232000349 6 
2020-11-29T07:40:26.262991+09:00 0 0 경기79바1614 3 43 232000073 232000349 6 
2020-11-29T07:41:25.897376+09:00 0 0 경기79바1614 3 42 232000073 232000348 7 
2020-11-29T07:42:26.221810+09:00 0 0 경기79바1614 3 42 232000073 232000348 7 
2020-11-29T07:43:26.196103+09:00 0 0 경기79바1614 3 42 232000073 232000346 9 
2020-11-29T07:44:25.080395+09:00 0 0 경기79바1614 3 42 232000073 232000345 10 
2020-11-29T07:45:25.534813+09:00 0 0 경기79바1614 3 42 232000073 232000360 12 
2020-11-29T07:46:24.888977+09:00 0 0 경기79바1614 3 42 232000073 232000360 12 
2020-11-29T07:47:23.643127+09:00 0 0 경기79바1614 3 42 232000073 232000359 13 
2020-11-29T07:48:23.437440+09:00 0 0 경기79바1614 3 42 232000073 232000359 13 
2020-11-29T07:49:22.821827+09:00 0 0 경기79바1614 3 42 232000073 232000359 13 
2020-11-29T07:50:21.916113+09:00 0 0 경기79바1614 3 42 232000073 232000359 13 
2020-11-29T07:51:21.960488+09:00 0 0 경기79바1614 3 42 232000073 232000359 13 
2020-11-29T07:52:21.854511+09:00 0 0 경기79바1614 3 42 232000073 232000359 13 
2020-11-29T07:53:20.918717+09:00 0 0 경기79바1614 3 42 232000073 232000356 14 
2020-11-29T07:54:20.143001+09:00 0 0 경기79바1614 3 42 232000073 232000356 14 
2020-11-29T07:55:19.387180+09:00 0 0 경기79바1614 3 42 232000073 277103819 15 
2020-11-29T07:56:18.371337+09:00 0 0 경기79바1614 3 42 232000073 277103819 15 
2020-11-29T07:57:18.025614+09:00 0 0 경기79바1614 3 42 232000073 277103819 15 
2020-11-29T07:58:17.849838+09:00 0 0 경기79바1614 3 42 232000073 277103819 15 
2020-11-29T07:59:17.434074+09:00 0 0 경기79바1614 3 42 232000073 277101769 16 
2020-11-29T08:00:17.768344+09:00 0 0 경기79바1614 3 42 232000073 277101769 16 
2020-11-29T08:01:16.722475+09:00 0 0 경기79바1614 3 42 232000073 277101769 16 
2020-11-29T08:02:15.536651+09:00 0 0 경기79바1614 3 42 232000073 277103403 17 
2020-11-29T08:03:15.560852+09:00 0 0 경기79바1614 3 42 232000073 277103403 17 
2020-11-29T08:04:14.725001+09:00 0 0 경기79바1614 3 42 232000073 277103403 17 
2020-11-29T08:05:13.909271+09:00 0 0 경기79바1614 3 42 232000073 277103404 18 
2020-11-29T08:06:13.193349+09:00 0 0 경기79바1614 3 42 232000073 277103406 19 
2020-11-29T08:07:12.207550+09:00 0 0 경기79바1614 3 42 232000073 277103410 20 
2020-11-29T08:08:11.141725+09:00 0 0 경기79바1614 3 42 232000073 277103410 20 
2020-11-29T08:09:10.915751+09:00 0 0 경기79바1614 3 42 232000073 113000424 21 
2020-11-29T08:10:10.759327+09:00 0 0 경기79바1614 3 43 232000073 113000424 21 
2020-11-29T08:11:09.982783+09:00 0 0 경기79바1614 3 43 232000073 113000424 21 
2020-11-29T08:12:10.146499+09:00 0 0 경기79바1614 3 43 232000073 277102197 22 
2020-11-29T08:13:09.300165+09:00 0 0 경기79바1614 3 43 232000073 277102197 22 
2020-11-29T08:14:09.193910+09:00 0 0 경기79바1614 3 43 232000073 113000422 23 
2020-11-29T08:15:09.417792+09:00 0 0 경기79바1614 3 43 232000073 113000422 23 
2020-11-29T08:16:08.491586+09:00 0 0 경기79바1614 3 43 232000073 113000422 23 
2020-11-29T08:17:07.455342+09:00 0 0 경기79바1614 3 43 232000073 113000420 24 
2020-11-29T08:18:07.389265+09:00 0 0 경기79바1614 3 44 232000073 113000420 24 
2020-11-29T08:19:06.653092+09:00 0 0 경기79바1614 3 44 232000073 113000420 24 
2020-11-29T08:20:06.747152+09:00 0 0 경기79바1614 3 44 232000073 113000418 26 
2020-11-29T08:21:06.451355+09:00 0 0 경기79바1614 3 44 232000073 113000418 26 
2020-11-29T08:22:06.615143+09:00 0 0 경기79바1614 3 44 232000073 113000418 26 
2020-11-29T08:23:05.789133+09:00 0 0 경기79바1614 3 44 232000073 113000477 27 
2020-11-29T08:24:05.382984+09:00 0 0 경기79바1614 3 44 232000073 113000477 27 
2020-11-29T08:25:05.677112+09:00 0 0 경기79바1614 3 44 232000073 113000477 27 
2020-11-29T08:26:04.911013+09:00 0 0 경기79바1614 3 44 232000073 112000430 28 
2020-11-29T08:27:03.925072+09:00 0 0 경기79바1614 3 44 232000073 112000430 28 
2020-11-29T08:28:03.732658+09:00 0 0 경기79바1614 3 44 232000073 101000304 29 
2020-11-29T08:29:03.773173+09:00 0 0 경기79바1614 3 44 232000073 101000304 29 
2020-11-29T08:30:03.327312+09:00 0 0 경기79바1614 3 44 232000073 100000380 30 
2020-11-29T08:31:03.481390+09:00 0 0 경기79바1614 3 44 232000073 100000025 31 
2020-11-29T08:32:02.405274+09:00 0 0 경기79바1614 3 45 232000073 100000025 31 
2020-11-29T08:33:02.559476+09:00 0 0 경기79바1614 3 45 232000073 101000038 32 
2020-11-29T08:34:01.443504+09:00 0 0 경기79바1614 3 45 232000073 277101975 33 
2020-11-29T08:35:01.157565+09:00 0 0 경기79바1614 3 45 232000073 112000170 34 
2020-11-29T08:36:01.091677+09:00 0 0 경기79바1614 3 45 232000073 113000478 35 
2020-11-29T08:37:00.995751+09:00 0 0 경기79바1614 3 44 232000073 113000478 35 
2020-11-29T08:38:01.310017+09:00 0 0 경기79바1614 3 43 232000073 113000411 36 
2020-11-29T08:38:59.823868+09:00 0 0 경기79바1614 3 43 232000073 113000411 36 
2020-11-29T08:39:59.908157+09:00 0 0 경기79바1614 3 43 232000073 113000411 36 
2020-11-29T08:40:59.202156+09:00 0 0 경기79바1614 3 43 232000073 113000417 37 
2020-11-29T08:41:58.846292+09:00 0 0 경기79바1614 3 43 232000073 113000417 37 
2020-11-29T08:42:58.750361+09:00 0 0 경기79바1614 3 43 232000073 113000416 38 
2020-11-29T08:43:57.794881+09:00 0 0 경기79바1614 3 43 232000073 113000416 38 
2020-11-29T08:44:58.149373+09:00 0 0 경기79바1614 3 43 232000073 113000416 38 
2020-11-29T08:45:57.093884+09:00 0 0 경기79바1614 3 43 232000073 113000414 39 
2020-11-29T08:46:56.438302+09:00 0 0 경기79바1614 3 43 232000073 113000414 39 
2020-11-29T08:47:55.712709+09:00 0 0 경기79바1614 3 43 232000073 277102199 40 
2020-11-29T08:48:54.687029+09:00 0 0 경기79바1614 3 43 232000073 277102199 40 
2020-11-29T08:49:53.771412+09:00 0 0 경기79바1614 3 43 232000073 277102198 41 
2020-11-29T08:50:53.075828+09:00 0 0 경기79바1614 3 43 232000073 277102198 41 
2020-11-29T08:51:52.790184+09:00 0 0 경기79바1614 3 43 232000073 113000412 42 
2020-11-29T08:52:51.654366+09:00 0 0 경기79바1614 3 42 232000073 113000412 42 
2020-11-29T08:53:50.978748+09:00 0 0 경기79바1614 3 42 232000073 113000412 42 
2020-11-29T08:54:50.123016+09:00 0 0 경기79바1614 3 42 232000073 113000412 42 
2020-11-29T08:55:49.967276+09:00 0 0 경기79바1614 3 42 232000073 277103529 43 
2020-11-29T08:56:48.731535+09:00 0 0 경기79바1614 3 42 232000073 277103529 43 
2020-11-29T08:57:48.565802+09:00 0 0 경기79바1614 3 42 232000073 277103529 43 
2020-11-29T08:58:48.460109+09:00 0 0 경기79바1614 3 42 232000073 277103529 43 
2020-11-29T08:59:47.724291+09:00 0 0 경기79바1614 3 42 232000073 277103402 44 
2020-11-29T09:00:47.598692+09:00 0 0 경기79바1614 3 42 232000073 277103402 44 
2020-11-29T09:01:47.712871+09:00 0 0 경기79바1614 3 42 232000073 277103402 44 
2020-11-29T09:02:46.417135+09:00 0 0 경기79바1614 3 42 232000073 277103401 45 
2020-11-29T09:03:46.351305+09:00 0 0 경기79바1614 3 42 232000073 277103401 45 
2020-11-29T09:04:45.505406+09:00 0 0 경기79바1614 3 42 232000073 277103401 45 
2020-11-29T09:05:44.259612+09:00 0 0 경기79바1614 3 42 232000073 277103401 45 
2020-11-29T09:06:44.173922+09:00 0 0 경기79바1614 3 42 232000073 277103401 45 
2020-11-29T09:07:43.858106+09:00 0 0 경기79바1614 3 42 232000073 277103401 45 
2020-11-29T09:08:43.832398+09:00 0 0 경기79바1614 3 40 232000073 232000432 46 
2020-11-29T09:09:43.536594+09:00 0 0 경기79바1614 3 40 232000073 232000432 46 
2020-11-29T09:10:43.560859+09:00 0 0 경기79바1614 3 40 232000073 232000432 46 
2020-11-29T09:11:43.505077+09:00 0 0 경기79바1614 3 40 232000073 232000432 46 
2020-11-29T09:12:41.799159+09:00 0 0 경기79바1614 3 40 232000073 232000432 46 
2020-11-29T09:13:42.003393+09:00 0 0 경기79바1614 3 40 232000073 232000429 47 
2020-11-29T09:14:40.917549+09:00 0 0 경기79바1614 3 40 232000073 232000429 47 
2020-11-29T09:15:40.761798+09:00 0 0 경기79바1614 3 40 232000073 232000429 47 
2020-11-29T09:16:40.726076+09:00 0 0 경기79바1614 3 40 232000073 232000429 47 
2020-11-29T09:17:40.139725+09:00 0 0 경기79바1614 3 40 232000073 232000353 49 
2020-11-29T09:18:40.352951+09:00 0 0 경기79바1614 3 40 232000073 232000353 49 
2020-11-29T09:19:40.196108+09:00 0 0 경기79바1614 3 40 232000073 232000352 50 
2020-11-29T09:20:40.379491+09:00 0 0 경기79바1614 3 40 232000073 232000352 50 
2020-11-29T09:21:39.482739+09:00 0 0 경기79바1614 3 41 232000073 232000350 52 
2020-11-29T09:22:38.986251+09:00 0 0 경기79바1614 3 41 232000073 232000350 52 
2020-11-29T09:23:38.649701+09:00 0 0 경기79바1614 3 41 232000073 232000350 52 
2020-11-29T09:24:38.533430+09:00 0 0 경기79바1614 3 42 232000073 232000001 53 
2020-11-29T09:25:37.476906+09:00 0 0 경기79바1614 3 43 232000073 232000001 53 
2020-11-29T09:26:37.450666+09:00 0 0 경기79바1614 3 43 232000073 232000001 53 
2020-11-29T09:27:36.274379+09:00 0 0 경기79바1614 3 43 232000073 232000001 53 
2020-11-29T09:28:36.138142+09:00 0 0 경기79바1614 3 43 232000073 232000001 53 
2020-11-29T09:29:35.972002+09:00 0 0 경기79바1614 3 43 232000073 232000001 53 
2020-11-29T09:30:35.645667+09:00 0 0 경기79바1614 3 43 232000073 168000443 55 
2020-11-29T09:31:35.479661+09:00 0 0 경기79바1614 3 43 232000073 168000443 55 
2020-11-29T09:32:35.533644+09:00 0 0 경기79바1614 3 43 232000073 168000437 56 
2020-11-29T09:33:35.567436+09:00 0 0 경기79바1614 3 44 232000073 168000437 56 
2020-11-29T09:34:34.651339+09:00 0 0 경기79바1614 3 44 232000073 168000437 56 
2020-11-29T09:54:26.384704+09:00 0 0 경기79바1612 3 44 232000073 168000561 1 
2020-11-29T09:55:26.279532+09:00 0 0 경기79바1612 3 44 232000073 168000561 1 
2020-11-29T09:56:25.474565+09:00 0 0 경기79바1612 3 44 232000073 168000561 1 
2020-11-29T09:57:24.649306+09:00 0 0 경기79바1612 3 44 232000073 168000407 2 
2020-11-29T09:58:23.443977+09:00 0 0 경기79바1612 3 44 232000073 168000407 2 
2020-11-29T09:59:23.238606+09:00 0 0 경기79바1612 3 44 232000073 168000407 2 
2020-11-29T10:00:23.233314+09:00 0 0 경기79바1612 3 44 232000073 168000436 3 
2020-11-29T10:01:23.037902+09:00 0 0 경기79바1612 3 44 232000073 168000446 5 
2020-11-29T10:02:22.182429+09:00 0 0 경기79바1612 3 44 232000073 168000446 5 
2020-11-29T10:03:21.606947+09:00 0 0 경기79바1612 3 44 232000073 168000446 5 
2020-11-29T10:04:20.601944+09:00 0 0 경기79바1612 3 44 232000073 168000446 5 
2020-11-29T10:05:20.265756+09:00 0 0 경기79바1612 3 44 232000073 168000446 5 
2020-11-29T10:06:20.120242+09:00 0 0 경기79바1612 3 44 232000073 168000446 5 
2020-11-29T10:07:19.734747+09:00 0 0 경기79바1612 3 44 232000073 232000348 7 
2020-11-29T10:08:19.669135+09:00 0 0 경기79바1612 3 42 232000073 232000348 7 
2020-11-29T10:09:19.443555+09:00 0 0 경기79바1612 3 40 232000073 232000347 8 
2020-11-29T10:10:19.227960+09:00 0 0 경기79바1612 3 40 232000073 232000347 8 
2020-11-29T10:11:18.492413+09:00 0 0 경기79바1612 3 40 232000073 232000347 8 
2020-11-29T10:12:17.526612+09:00 0 0 경기79바1612 3 39 232000073 232000346 9 
2020-11-29T10:13:17.100896+09:00 0 0 경기79바1612 3 39 232000073 232000344 11 
2020-11-29T10:14:16.775285+09:00 0 0 경기79바1612 3 39 232000073 232000344 11 
2020-11-29T10:15:16.769518+09:00 0 0 경기79바1612 3 39 232000073 232000360 12 
2020-11-29T10:16:15.643796+09:00 0 0 경기79바1612 3 39 232000073 232000360 12 
2020-11-29T10:17:15.758254+09:00 0 0 경기79바1612 3 38 232000073 232000359 13 
2020-11-29T10:18:14.922375+09:00 0 0 경기79바1612 3 38 232000073 232000359 13 
2020-11-29T10:19:13.946729+09:00 0 0 경기79바1612 3 38 232000073 232000359 13 
2020-11-29T10:20:13.020958+09:00 0 0 경기79바1612 3 38 232000073 232000359 13 
2020-11-29T10:21:12.785261+09:00 0 0 경기79바1612 3 38 232000073 232000359 13 
2020-11-29T10:22:11.609408+09:00 0 0 경기79바1612 3 37 232000073 232000356 14 
2020-11-29T10:23:11.483784+09:00 0 0 경기79바1612 3 37 232000073 232000356 14 
2020-11-29T10:24:11.738090+09:00 0 0 경기79바1612 3 37 232000073 277103819 15 
2020-11-29T10:25:10.672349+09:00 0 0 경기79바1612 3 37 232000073 277103819 15 
2020-11-29T10:26:10.555851+09:00 0 0 경기79바1612 3 37 232000073 277103819 15 
2020-11-29T10:27:09.819138+09:00 0 0 경기79바1612 3 37 232000073 277101769 16 
2020-11-29T10:28:08.722463+09:00 0 0 경기79바1612 3 37 232000073 277101769 16 
2020-11-29T10:29:08.545851+09:00 0 0 경기79바1612 3 37 232000073 277101769 16 
2020-11-29T10:30:08.429439+09:00 0 0 경기79바1612 3 37 232000073 277101769 16 
2020-11-29T10:31:08.403099+09:00 0 0 경기79바1612 3 37 232000073 277103403 17 
2020-11-29T10:32:07.266570+09:00 0 0 경기79바1612 3 37 232000073 277103403 17 
2020-11-29T10:33:07.220375+09:00 0 0 경기79바1612 3 37 232000073 277103403 17 
2020-11-29T10:34:06.324040+09:00 0 0 경기79바1612 3 37 232000073 277103404 18 
2020-11-29T10:35:06.287850+09:00 0 0 경기79바1612 3 37 232000073 277103406 19 
2020-11-29T10:36:06.331727+09:00 0 0 경기79바1612 3 37 232000073 277103406 19 
2020-11-29T10:37:05.595694+09:00 0 0 경기79바1612 3 37 232000073 277103410 20 
2020-11-29T10:38:04.509433+09:00 0 0 경기79바1612 3 37 232000073 113000424 21 
2020-11-29T10:39:04.373332+09:00 0 0 경기79바1612 3 42 232000073 113000424 21 
2020-11-29T10:40:04.527342+09:00 0 0 경기79바1612 3 42 232000073 277102197 22 
2020-11-29T10:41:03.721283+09:00 0 0 경기79바1612 3 42 232000073 277102197 22 
2020-11-29T10:42:02.365184+09:00 0 0 경기79바1612 3 42 232000073 277102197 22 
2020-11-29T10:43:02.479182+09:00 0 0 경기79바1612 3 42 232000073 277102197 22 
2020-11-29T10:44:01.653177+09:00 0 0 경기79바1612 3 43 232000073 113000422 23 
2020-11-29T10:45:00.417131+09:00 0 0 경기79바1612 3 43 232000073 113000422 23 
2020-11-29T10:46:00.111231+09:00 0 0 경기79바1612 3 43 232000073 113000422 23 
2020-11-29T10:47:00.205294+09:00 0 0 경기79바1612 3 43 232000073 113000422 23 
2020-11-29T10:47:59.049265+09:00 0 0 경기79바1612 3 44 232000073 113000420 24 
2020-11-29T10:48:58.723284+09:00 0 0 경기79바1612 3 44 232000073 113000420 24 
2020-11-29T10:49:58.878571+09:00 0 0 경기79바1612 3 44 232000073 113000419 25 
2020-11-29T10:50:58.671555+09:00 0 0 경기79바1612 3 44 232000073 113000419 25 
2020-11-29T10:51:57.855530+09:00 0 0 경기79바1612 3 44 232000073 113000418 26 
2020-11-29T10:52:57.999709+09:00 0 0 경기79바1612 3 44 232000073 113000418 26 
2020-11-29T10:53:57.243718+09:00 0 0 경기79바1612 3 44 232000073 113000418 26 
2020-11-29T10:54:56.307827+09:00 0 0 경기79바1612 3 44 232000073 113000477 27 
2020-11-29T10:55:56.162054+09:00 0 0 경기79바1612 3 44 232000073 113000477 27 
2020-11-29T10:56:56.126113+09:00 0 0 경기79바1612 3 44 232000073 112000430 28 
2020-11-29T10:57:56.260194+09:00 0 0 경기79바1612 3 44 232000073 101000304 29 
2020-11-29T10:58:55.384388+09:00 0 0 경기79바1612 3 44 232000073 101000304 29 
2020-11-29T10:59:54.668267+09:00 0 0 경기79바1612 3 42 232000073 101000304 29 
2020-11-29T11:00:53.653019+09:00 0 0 경기79바1612 3 43 232000073 100000380 30 
2020-11-29T11:01:53.923630+09:00 0 0 경기79바1612 3 43 232000073 100000380 30 
2020-11-29T11:02:53.702107+09:00 0 0 경기79바1612 3 43 232000073 100000025 31 
2020-11-29T11:03:53.206661+09:00 0 0 경기79바1612 3 43 232000073 100000025 31 
2020-11-29T11:04:53.111183+09:00 0 0 경기79바1612 3 43 232000073 100000025 31 
2020-11-29T11:05:53.275659+09:00 0 0 경기79바1612 3 43 232000073 101000038 32 
2020-11-29T11:06:51.439892+09:00 0 0 경기79바1612 3 43 232000073 112000170 34 
2020-11-29T11:07:51.294414+09:00 0 0 경기79바1612 3 43 232000073 113000478 35 
2020-11-29T11:08:51.328760+09:00 0 0 경기79바1612 3 43 232000073 113000478 35 
2020-11-29T11:09:51.173143+09:00 0 0 경기79바1612 3 43 232000073 113000478 35 
2020-11-29T11:10:51.027684+09:00 0 0 경기79바1612 3 43 232000073 113000478 35 
2020-11-29T11:11:50.791738+09:00 0 0 경기79바1612 3 43 232000073 113000478 35 
2020-11-29T11:12:50.266065+09:00 0 0 경기79바1612 3 43 232000073 113000411 36 
2020-11-29T11:13:49.830418+09:00 0 0 경기79바1612 3 43 232000073 113000411 36 
2020-11-29T11:14:49.754671+09:00 0 0 경기79바1612 3 43 232000073 113000416 38 
2020-11-29T11:15:49.568993+09:00 0 0 경기79바1612 3 43 232000073 113000416 38 
2020-11-29T11:16:49.263184+09:00 0 0 경기79바1612 3 43 232000073 113000416 38 
2020-11-29T11:17:48.907513+09:00 0 0 경기79바1612 3 40 232000073 113000414 39 
2020-11-29T11:18:48.931813+09:00 0 0 경기79바1612 3 40 232000073 277102199 40 
2020-11-29T11:19:47.866012+09:00 0 0 경기79바1612 3 40 232000073 277102199 40 
2020-11-29T11:20:48.080286+09:00 0 0 경기79바1612 3 40 232000073 277102198 41 
2020-11-29T11:21:47.164367+09:00 0 0 경기79바1612 3 40 232000073 113000412 42 
2020-11-29T11:22:46.818665+09:00 0 0 경기79바1612 3 40 232000073 113000412 42 
2020-11-29T11:23:46.602999+09:00 0 0 경기79바1612 3 38 232000073 113000412 42 
2020-11-29T11:24:46.747328+09:00 0 0 경기79바1612 3 38 232000073 113000412 42 
2020-11-29T11:25:45.661442+09:00 0 0 경기79바1612 3 38 232000073 113000412 42 
2020-11-29T11:26:45.975759+09:00 0 0 경기79바1612 3 38 232000073 277103529 43 
2020-11-29T11:27:45.129839+09:00 0 0 경기79바1612 3 38 232000073 277103529 43 
2020-11-29T11:28:44.264051+09:00 0 0 경기79바1612 3 38 232000073 277103529 43 
2020-11-29T11:29:43.998137+09:00 0 0 경기79바1612 3 38 232000073 277103529 43 
2020-11-29T11:30:42.982432+09:00 0 0 경기79바1612 3 38 232000073 277103529 43 
2020-11-29T11:31:42.646708+09:00 0 0 경기79바1612 3 38 232000073 277103529 43 
2020-11-29T11:32:42.740861+09:00 0 0 경기79바1612 3 38 232000073 277103529 43 
2020-11-29T11:33:42.435193+09:00 0 0 경기79바1612 3 38 232000073 277103529 43 
2020-11-29T11:34:42.018496+09:00 0 0 경기79바1612 3 38 232000073 277103529 43 
2020-11-29T11:35:41.871859+09:00 0 0 경기79바1612 3 38 232000073 277103402 44 
2020-11-29T11:36:41.355326+09:00 0 0 경기79바1612 3 38 232000073 277103402 44 
2020-11-29T11:37:41.359105+09:00 0 0 경기79바1612 3 38 232000073 277103402 44 
2020-11-29T11:38:40.122368+09:00 0 0 경기79바1612 3 38 232000073 277103401 45 
2020-11-29T11:39:40.225919+09:00 0 0 경기79바1612 3 38 232000073 277103401 45 
2020-11-29T11:40:39.359662+09:00 0 0 경기79바1612 3 38 232000073 277103401 45 
2020-11-29T11:41:39.003394+09:00 0 0 경기79바1612 3 38 232000073 277103401 45 
2020-11-29T11:42:39.007157+09:00 0 0 경기79바1612 3 38 232000073 277103401 45 
2020-11-29T11:43:38.940946+09:00 0 0 경기79바1612 3 38 232000073 277103401 45 
2020-11-29T11:44:38.344842+09:00 0 0 경기79바1612 3 39 232000073 277103401 45 
2020-11-29T11:45:37.688691+09:00 0 0 경기79바1612 3 40 232000073 232000432 46 
2020-11-29T11:46:37.842563+09:00 0 0 경기79바1612 3 40 232000073 232000432 46 
2020-11-29T11:47:36.876492+09:00 0 0 경기79바1612 3 40 232000073 232000432 46 
2020-11-29T11:48:36.690406+09:00 0 0 경기79바1612 3 39 232000073 232000429 47 
2020-11-29T11:49:36.744374+09:00 0 0 경기79바1612 3 39 232000073 232000429 47 
2020-11-29T11:50:35.318272+09:00 0 0 경기79바1612 3 39 232000073 232000354 48 
2020-11-29T11:51:35.032326+09:00 0 0 경기79바1612 3 41 232000073 232000354 48 
2020-11-29T11:52:34.816261+09:00 0 0 경기79바1612 3 41 232000073 232000353 49 
2020-11-29T11:53:34.250278+09:00 0 0 경기79바1612 3 41 232000073 232000353 49 
2020-11-29T11:54:34.234297+09:00 0 0 경기79바1612 3 41 232000073 232000352 50 
2020-11-29T11:55:34.208412+09:00 0 0 경기79바1612 3 41 232000073 232000352 50 
2020-11-29T11:56:33.302406+09:00 0 0 경기79바1612 3 43 232000073 232000350 52 
2020-11-29T11:57:33.236502+09:00 0 0 경기79바1612 3 43 232000073 232000350 52 
2020-11-29T11:58:33.180543+09:00 0 0 경기79바1612 3 43 232000073 232000350 52 
2020-11-29T11:59:33.264628+09:00 0 0 경기79바1612 3 44 232000073 232000001 53 
2020-11-29T12:00:32.728747+09:00 0 0 경기79바1612 3 44 232000073 232000001 53 
2020-11-29T12:01:32.282695+09:00 0 0 경기79바1612 3 44 232000073 232000001 53 
2020-11-29T12:02:32.316788+09:00 0 0 경기79바1612 3 44 232000073 168000447 54 
2020-11-29T12:03:31.240817+09:00 0 0 경기79바1612 3 44 232000073 168000447 54 
2020-11-29T12:04:30.584760+09:00 0 0 경기79바1612 3 44 232000073 168000437 56 
2020-11-29T12:05:30.718889+09:00 0 0 경기79바1612 3 44 232000073 168000437 56 
2020-11-29T12:06:29.743107+09:00 0 0 경기79바1612 3 44 232000073 168000437 56 
2020-11-29T12:23:22.414583+09:00 0 0 경기79바1614 3 45 232000073 168000561 1 
2020-11-29T12:24:22.808758+09:00 0 0 경기79바1614 3 45 232000073 168000561 1 
2020-11-29T12:25:21.762874+09:00 0 0 경기79바1614 3 45 232000073 168000561 1 
2020-11-29T12:26:20.886978+09:00 0 0 경기79바1614 3 44 232000073 168000407 2 
2020-11-29T12:27:20.881185+09:00 0 0 경기79바1614 3 44 232000073 168000407 2 
2020-11-29T12:28:19.365249+09:00 0 0 경기79바1614 3 44 232000073 168000407 2 
2020-11-29T12:29:19.129586+09:00 0 0 경기79바1614 3 44 232000073 168000407 2 
2020-11-29T12:30:18.933643+09:00 0 0 경기79바1614 3 44 232000073 168000442 4 
2020-11-29T12:31:18.727758+09:00 0 0 경기79바1614 3 44 232000073 168000442 4 
2020-11-29T12:32:18.831925+09:00 0 0 경기79바1614 3 44 232000073 168000446 5 
2020-11-29T12:33:18.036115+09:00 0 0 경기79바1614 3 44 232000073 168000446 5 
2020-11-29T12:34:16.980170+09:00 0 0 경기79바1614 3 44 232000073 168000446 5 
2020-11-29T12:35:16.714386+09:00 0 0 경기79바1614 3 44 232000073 168000446 5 
2020-11-29T12:36:16.048498+09:00 0 0 경기79바1614 3 44 232000073 232000349 6 
2020-11-29T12:37:16.392603+09:00 0 0 경기79바1614 3 43 232000073 232000349 6 
2020-11-29T12:38:15.406754+09:00 0 0 경기79바1614 3 43 232000073 232000349 6 
2020-11-29T12:39:14.550841+09:00 0 0 경기79바1614 3 43 232000073 232000348 7 
2020-11-29T12:40:13.524964+09:00 0 0 경기79바1614 3 43 232000073 232000347 8 
2020-11-29T12:41:12.759026+09:00 0 0 경기79바1614 3 40 232000073 232000347 8 
2020-11-29T12:42:11.903167+09:00 0 0 경기79바1614 3 38 232000073 232000346 9 
2020-11-29T12:43:10.787782+09:00 0 0 경기79바1614 3 38 232000073 232000346 9 
2020-11-29T12:44:10.882282+09:00 0 0 경기79바1614 3 38 232000073 232000344 11 
2020-11-29T12:45:10.226677+09:00 0 0 경기79바1614 3 38 232000073 232000360 12 
2020-11-29T12:46:09.151717+09:00 0 0 경기79바1614 3 38 232000073 232000360 12 
2020-11-29T12:47:09.305598+09:00 0 0 경기79바1614 3 38 232000073 232000360 12 
2020-11-29T12:48:08.649941+09:00 0 0 경기79바1614 3 38 232000073 232000359 13 
2020-11-29T12:49:07.994153+09:00 0 0 경기79바1614 3 34 232000073 232000359 13 
2020-11-29T12:50:08.228692+09:00 0 0 경기79바1614 3 34 232000073 232000359 13 
2020-11-29T12:51:07.202971+09:00 0 0 경기79바1614 3 34 232000073 232000359 13 
2020-11-29T12:52:07.317396+09:00 0 0 경기79바1614 3 34 232000073 232000359 13 
2020-11-29T12:53:07.041665+09:00 0 0 경기79바1614 3 34 232000073 232000359 13 
2020-11-29T12:54:07.266022+09:00 0 0 경기79바1614 3 27 232000073 232000356 14 
2020-11-29T12:55:06.050240+09:00 0 0 경기79바1614 3 27 232000073 232000356 14 
2020-11-29T12:56:06.114591+09:00 0 0 경기79바1614 3 27 232000073 232000356 14 
2020-11-29T12:57:06.128822+09:00 0 0 경기79바1614 3 27 232000073 232000356 14 
2020-11-29T12:58:05.883093+09:00 0 0 경기79바1614 3 27 232000073 277103819 15 
2020-11-29T12:59:04.847306+09:00 0 0 경기79바1614 3 27 232000073 277103819 15 
2020-11-29T13:00:05.131578+09:00 0 0 경기79바1614 3 27 232000073 277103819 15 
2020-11-29T13:01:04.395787+09:00 0 0 경기79바1614 3 27 232000073 277101769 16 
2020-11-29T13:02:03.950059+09:00 0 0 경기79바1614 3 27 232000073 277101769 16 
2020-11-29T13:03:04.044271+09:00 0 0 경기79바1614 3 27 232000073 277101769 16 
2020-11-29T13:04:03.968506+09:00 0 0 경기79바1614 3 27 232000073 277101769 16 
2020-11-29T13:05:03.962761+09:00 0 0 경기79바1614 3 27 232000073 277103403 17 
2020-11-29T13:06:03.146909+09:00 0 0 경기79바1614 3 27 232000073 277103403 17 
2020-11-29T13:07:01.961124+09:00 0 0 경기79바1614 3 27 232000073 277103404 18 
2020-11-29T13:08:01.705284+09:00 0 0 경기79바1614 3 27 232000073 277103406 19 
2020-11-29T13:09:01.579492+09:00 0 0 경기79바1614 3 27 232000073 277103406 19 
2020-11-29T13:10:01.613751+09:00 0 0 경기79바1614 3 27 232000073 277103410 20 
2020-11-29T13:11:01.458029+09:00 0 0 경기79바1614 3 27 232000073 277103410 20 
2020-11-29T13:12:01.492204+09:00 0 0 경기79바1614 3 27 232000073 277103410 20 
2020-11-29T13:13:01.226464+09:00 0 0 경기79바1614 3 32 232000073 113000424 21 
2020-11-29T13:14:01.160645+09:00 0 0 경기79바1614 3 32 232000073 113000424 21 
2020-11-29T13:15:01.144839+09:00 0 0 경기79바1614 3 32 232000073 277102197 22 
2020-11-29T13:16:00.008967+09:00 0 0 경기79바1614 3 32 232000073 277102197 22 
2020-11-29T13:16:59.873070+09:00 0 0 경기79바1614 3 32 232000073 277102197 22 
2020-11-29T13:17:59.537130+09:00 0 0 경기79바1614 3 32 232000073 277102197 22 
2020-11-29T13:18:59.551216+09:00 0 0 경기79바1614 3 32 232000073 113000422 23 
2020-11-29T13:19:59.125190+09:00 0 0 경기79바1614 3 39 232000073 113000422 23 
2020-11-29T13:20:58.979313+09:00 0 0 경기79바1614 3 39 232000073 113000422 23 
2020-11-29T13:21:58.763402+09:00 0 0 경기79바1614 3 41 232000073 113000420 24 
2020-11-29T13:22:58.657500+09:00 0 0 경기79바1614 3 44 232000073 113000420 24 
2020-11-29T13:23:58.551691+09:00 0 0 경기79바1614 3 44 232000073 113000419 25 
2020-11-29T13:24:58.575801+09:00 0 0 경기79바1614 3 44 232000073 113000419 25 
2020-11-29T13:25:58.459964+09:00 0 0 경기79바1614 3 44 232000073 113000418 26 
2020-11-29T13:26:58.413999+09:00 0 0 경기79바1614 3 44 232000073 113000418 26 
2020-11-29T13:27:58.248203+09:00 0 0 경기79바1614 3 44 232000073 113000477 27 
2020-11-29T13:28:58.082389+09:00 0 0 경기79바1614 3 44 232000073 113000477 27 
2020-11-29T13:29:57.726485+09:00 0 0 경기79바1614 3 44 232000073 112000430 28 
2020-11-29T13:30:57.640548+09:00 0 0 경기79바1614 3 44 232000073 101000304 29 
2020-11-29T13:31:57.594736+09:00 0 0 경기79바1614 3 44 232000073 101000304 29 
2020-11-29T13:32:57.459048+09:00 0 0 경기79바1614 3 44 232000073 100000380 30 
2020-11-29T13:33:57.243150+09:00 0 0 경기79바1614 3 44 232000073 100000380 30 
2020-11-29T13:34:55.987141+09:00 0 0 경기79바1614 3 45 232000073 100000025 31 
2020-11-29T13:35:56.151376+09:00 0 0 경기79바1614 3 45 232000073 100000025 31 
2020-11-29T13:36:54.965486+09:00 0 0 경기79바1614 3 45 232000073 100000025 31 
2020-11-29T13:37:54.969564+09:00 0 0 경기79바1614 3 45 232000073 100000025 31 
2020-11-29T13:38:54.843780+09:00 0 0 경기79바1614 3 45 232000073 277101975 33 
2020-11-29T13:39:54.547977+09:00 0 0 경기79바1614 3 45 232000073 112000170 34 
2020-11-29T13:40:54.642118+09:00 0 0 경기79바1614 3 45 232000073 113000478 35 
2020-11-29T13:41:54.401390+09:00 0 0 경기79바1614 3 45 232000073 113000478 35 
2020-11-29T13:42:54.730529+09:00 0 0 경기79바1614 3 45 232000073 113000478 35 
2020-11-29T13:43:53.524547+09:00 0 0 경기79바1614 3 45 232000073 113000478 35 
2020-11-29T13:44:53.348843+09:00 0 0 경기79바1614 3 45 232000073 113000478 35 
2020-11-29T13:45:53.102941+09:00 0 0 경기79바1614 3 45 232000073 113000411 36 
2020-11-29T13:46:52.327096+09:00 0 0 경기79바1614 3 45 232000073 113000411 36 
2020-11-29T13:47:51.581242+09:00 0 0 경기79바1614 3 45 232000073 113000417 37 
2020-11-29T13:48:50.195192+09:00 0 0 경기79바1614 3 44 232000073 113000417 37 
2020-11-29T13:49:49.789430+09:00 0 0 경기79바1614 3 44 232000073 113000417 37 
2020-11-29T13:50:49.773607+09:00 0 0 경기79바1614 3 41 232000073 113000416 38 
2020-11-29T13:51:49.307573+09:00 0 0 경기79바1614 3 41 232000073 113000416 38 
2020-11-29T13:52:48.801401+09:00 0 0 경기79바1614 3 41 232000073 113000416 38 
2020-11-29T13:53:48.695529+09:00 0 0 경기79바1614 3 41 232000073 113000416 38 
2020-11-29T13:54:48.449548+09:00 0 0 경기79바1614 3 40 232000073 113000414 39 
2020-11-29T13:55:48.153558+09:00 0 0 경기79바1614 3 40 232000073 113000414 39 
2020-11-29T13:56:48.787672+09:00 0 0 경기79바1614 3 40 232000073 113000414 39 
2020-11-29T13:57:47.521600+09:00 0 0 경기79바1614 3 40 232000073 113000412 42 
2020-11-29T13:58:47.565741+09:00 0 0 경기79바1614 3 38 232000073 113000412 42 
2020-11-29T13:59:46.379780+09:00 0 0 경기79바1614 3 38 232000073 113000412 42 
2020-11-29T14:00:46.013975+09:00 0 0 경기79바1614 3 38 232000073 113000412 42 
2020-11-29T14:01:45.687803+09:00 0 0 경기79바1614 3 38 232000073 277103529 43 
2020-11-29T14:02:45.571991+09:00 0 0 경기79바1614 3 38 232000073 277103529 43 
2020-11-29T14:03:43.876136+09:00 0 0 경기79바1614 3 38 232000073 277103529 43 
2020-11-29T14:04:43.420051+09:00 0 0 경기79바1614 3 38 232000073 277103529 43 
2020-11-29T14:05:43.184220+09:00 0 0 경기79바1614 3 38 232000073 277103402 44 
2020-11-29T14:06:42.948363+09:00 0 0 경기79바1614 3 38 232000073 277103402 44 
2020-11-29T14:07:42.772445+09:00 0 0 경기79바1614 3 38 232000073 277103402 44 
2020-11-29T14:08:42.466547+09:00 0 0 경기79바1614 3 38 232000073 277103402 44 
2020-11-29T14:09:42.160672+09:00 0 0 경기79바1614 3 38 232000073 277103402 44 
2020-11-29T14:10:41.654805+09:00 0 0 경기79바1614 3 38 232000073 277103401 45 
2020-11-29T14:11:41.088974+09:00 0 0 경기79바1614 3 38 232000073 277103401 45 
2020-11-29T14:12:40.573076+09:00 0 0 경기79바1614 3 38 232000073 277103401 45 
2020-11-29T14:13:40.937288+09:00 0 0 경기79바1614 3 38 232000073 277103401 45 
2020-11-29T14:14:39.721293+09:00 0 0 경기79바1614 3 38 232000073 277103401 45 
2020-11-29T14:15:39.475542+09:00 0 0 경기79바1614 3 38 232000073 277103401 45 
2020-11-29T14:16:38.899461+09:00 0 0 경기79바1614 3 38 232000073 277103401 45 
2020-11-29T14:17:38.793660+09:00 0 0 경기79바1614 3 38 232000073 277103401 45 
2020-11-29T14:18:38.647786+09:00 0 0 경기79바1614 3 38 232000073 232000432 46 
2020-11-29T14:19:38.371976+09:00 0 0 경기79바1614 3 37 232000073 232000432 46 
2020-11-29T14:20:38.386071+09:00 0 0 경기79바1614 3 37 232000073 232000432 46 
2020-11-29T14:21:37.323150+09:00 0 0 경기79바1614 3 37 232000073 232000432 46 
2020-11-29T14:22:37.134322+09:00 0 0 경기79바1614 3 37 232000073 232000432 46 
2020-11-29T14:23:37.198492+09:00 0 0 경기79바1614 3 37 232000073 232000432 46 
2020-11-29T14:24:37.152915+09:00 0 0 경기79바1614 3 38 232000073 232000429 47 
2020-11-29T14:25:35.896207+09:00 0 0 경기79바1614 3 38 232000073 232000429 47 
2020-11-29T14:26:35.479747+09:00 0 0 경기79바1614 3 38 232000073 232000429 47 
2020-11-29T14:27:35.353459+09:00 0 0 경기79바1614 3 38 232000073 232000429 47 
2020-11-29T14:28:34.747213+09:00 0 0 경기79바1614 3 39 232000073 232000353 49 
2020-11-29T14:29:34.771037+09:00 0 0 경기79바1614 3 39 232000073 232000353 49 
2020-11-29T14:30:34.545269+09:00 0 0 경기79바1614 3 39 232000073 232000353 49 
2020-11-29T14:31:34.128649+09:00 0 0 경기79바1614 3 40 232000073 232000352 50 
2020-11-29T14:32:34.052549+09:00 0 0 경기79바1614 3 40 232000073 232000352 50 
2020-11-29T14:33:34.036476+09:00 0 0 경기79바1614 3 40 232000073 232000352 50 
2020-11-29T14:34:33.810331+09:00 0 0 경기79바1614 3 40 232000073 232000350 52 
2020-11-29T14:35:33.044216+09:00 0 0 경기79바1614 3 40 232000073 232000350 52 
2020-11-29T14:36:32.858156+09:00 0 0 경기79바1614 3 41 232000073 232000350 52 
2020-11-29T14:37:32.592084+09:00 0 0 경기79바1614 3 41 232000073 232000001 53 
2020-11-29T14:38:32.006050+09:00 0 0 경기79바1614 3 42 232000073 232000001 53 
2020-11-29T14:39:31.820110+09:00 0 0 경기79바1614 3 42 232000073 232000001 53 
2020-11-29T14:40:31.894078+09:00 0 0 경기79바1614 3 42 232000073 232000001 53 
2020-11-29T14:41:31.478186+09:00 0 0 경기79바1614 3 42 232000073 232000001 53 
2020-11-29T14:42:31.131960+09:00 0 0 경기79바1614 3 42 232000073 168000447 54 
2020-11-29T14:43:30.546031+09:00 0 0 경기79바1614 3 44 232000073 168000437 56 
2020-11-29T14:44:30.169983+09:00 0 0 경기79바1614 3 44 232000073 168000437 56 
2020-11-29T14:45:30.083979+09:00 0 0 경기79바1614 3 45 232000073 168000437 56 
2020-11-29T14:46:29.708031+09:00 0 0 경기79바1614 3 45 232000073 168000437 56 
2020-11-29T14:52:27.972130+09:00 0 0 경기79바1612 3 45 232000073 168000561 1 
2020-11-29T14:53:27.586066+09:00 0 0 경기79바1612 3 45 232000073 168000561 1 
2020-11-29T14:54:27.360326+09:00 0 0 경기79바1612 3 45 232000073 168000561 1 
2020-11-29T14:55:26.504278+09:00 0 0 경기79바1612 3 45 232000073 168000407 2 
2020-11-29T14:56:26.388304+09:00 0 0 경기79바1612 3 45 232000073 168000407 2 
2020-11-29T14:57:26.292354+09:00 0 0 경기79바1612 3 45 232000073 168000407 2 
2020-11-29T14:58:25.376224+09:00 0 0 경기79바1612 3 43 232000073 168000436 3 
2020-11-29T14:59:25.221120+09:00 0 0 경기79바1612 3 42 232000073 168000442 4 
2020-11-29T15:00:24.735794+09:00 0 0 경기79바1612 3 41 232000073 168000446 5 
2020-11-29T15:01:24.500644+09:00 0 0 경기79바1612 3 41 232000073 168000446 5 
2020-11-29T15:02:24.355449+09:00 0 0 경기79바1612 3 41 232000073 168000446 5 
2020-11-29T15:03:23.119951+09:00 0 0 경기79바1612 3 41 232000073 168000446 5 
2020-11-29T15:04:07.893477+09:00 0 0 경기79바1612 3 41 232000073 168000446 5 
2020-11-29T15:05:07.617996+09:00 0 0 경기79바1612 3 41 232000073 168000446 5 
2020-11-29T15:06:07.402453+09:00 0 0 경기79바1612 3 41 232000073 168000446 5 
2020-11-29T15:07:09.037079+09:00 0 0 경기79바1612 3 40 232000073 232000349 6 
2020-11-29T15:08:09.181553+09:00 0 0 경기79바1612 3 40 232000073 232000349 6 
2020-11-29T15:09:08.075960+09:00 0 0 경기79바1612 3 38 232000073 232000348 7 
2020-11-29T15:10:07.830273+09:00 0 0 경기79바1612 3 38 232000073 232000347 8 
2020-11-29T15:11:07.164661+09:00 0 0 경기79바1612 3 39 232000073 232000347 8 
2020-11-29T15:12:06.758931+09:00 0 0 경기79바1612 3 37 232000073 232000346 9 
2020-11-29T15:13:06.743253+09:00 0 0 경기79바1612 3 37 232000073 232000346 9 
2020-11-29T15:14:06.327541+09:00 0 0 경기79바1612 3 37 232000073 232000345 10 
2020-11-29T15:15:06.171902+09:00 0 0 경기79바1612 3 37 232000073 232000344 11 
2020-11-29T15:16:06.266129+09:00 0 0 경기79바1612 3 37 232000073 232000360 12 
2020-11-29T15:17:05.160406+09:00 0 0 경기79바1612 3 37 232000073 232000360 12 
2020-11-29T15:18:05.014561+09:00 0 0 경기79바1612 3 37 232000073 232000360 12 
2020-11-29T15:19:05.219167+09:00 0 0 경기79바1612 3 37 232000073 232000359 13 
2020-11-29T15:20:04.213050+09:00 0 0 경기79바1612 3 37 232000073 232000359 13 
2020-11-29T15:21:03.873640+09:00 0 0 경기79바1612 3 37 232000073 232000359 13 
2020-11-29T15:22:03.331441+09:00 0 0 경기79바1612 3 37 232000073 232000359 13 
2020-11-29T15:23:03.265670+09:00 0 0 경기79바1612 3 36 232000073 232000356 14 
2020-11-29T15:24:02.999856+09:00 0 0 경기79바1612 3 36 232000073 232000356 14 
2020-11-29T15:25:02.514027+09:00 0 0 경기79바1612 3 36 232000073 232000356 14 
2020-11-29T15:26:02.368212+09:00 0 0 경기79바1612 3 36 232000073 232000356 14 
2020-11-29T15:27:02.082424+09:00 0 0 경기79바1612 3 36 232000073 277103819 15 
2020-11-29T15:28:01.846702+09:00 0 0 경기79바1612 3 36 232000073 277103819 15 
2020-11-29T15:29:01.480738+09:00 0 0 경기79바1612 3 36 232000073 277101769 16 
2020-11-29T15:30:01.468444+09:00 0 0 경기79바1612 3 36 232000073 277101769 16 
2020-11-29T15:31:00.209050+09:00 0 0 경기79바1612 3 36 232000073 277101769 16 
2020-11-29T15:31:59.713179+09:00 0 0 경기79바1612 3 36 232000073 277101769 16 
2020-11-29T15:32:29.125276+09:00 0 0 경기79바1612 3 36 232000073 277101769 16 
2020-11-29T15:33:28.688834+09:00 0 0 경기79바1612 3 36 232000073 277103403 17 
2020-11-29T15:33:45.529898+09:00 0 0 경기79바1612 3 36 232000073 277103403 17 
2020-11-29T15:34:45.003358+09:00 0 0 경기79바1612 3 36 232000073 277103403 17 
2020-11-29T15:35:44.856806+09:00 0 0 경기79바1612 3 36 232000073 277103403 17 
2020-11-29T15:36:44.780487+09:00 0 0 경기79바1612 3 36 232000073 277103403 17 
2020-11-29T15:37:44.294011+09:00 0 0 경기79바1612 3 36 232000073 277103404 18 
2020-11-29T15:38:43.877739+09:00 0 0 경기79바1612 3 36 232000073 277103406 19 
2020-11-29T15:39:43.331441+09:00 0 0 경기79바1612 3 36 232000073 277103410 20 
2020-11-29T15:40:43.385231+09:00 0 0 경기79바1612 3 36 232000073 277103410 20 
2020-11-29T15:41:43.198946+09:00 0 0 경기79바1612 3 36 232000073 277103410 20 
2020-11-29T15:42:43.102735+09:00 0 0 경기79바1612 3 36 232000073 277103410 20 
2020-11-29T15:43:43.156868+09:00 0 0 경기79바1612 3 40 232000073 113000424 21 
2020-11-29T15:44:41.870470+09:00 0 0 경기79바1612 3 40 232000073 277102197 22 
2020-11-29T15:45:41.714384+09:00 0 0 경기79바1612 3 40 232000073 277102197 22 
2020-11-29T15:46:41.488386+09:00 0 0 경기79바1612 3 40 232000073 277102197 22 
2020-11-29T15:47:41.532106+09:00 0 0 경기79바1612 3 40 232000073 113000422 23 
2020-11-29T15:48:41.235988+09:00 0 0 경기79바1612 3 42 232000073 113000422 23 
2020-11-29T15:49:40.839981+09:00 0 0 경기79바1612 3 42 232000073 113000422 23 
2020-11-29T15:50:40.514015+09:00 0 0 경기79바1612 3 42 232000073 113000422 23 
2020-11-29T15:51:40.128015+09:00 0 0 경기79바1612 3 42 232000073 113000420 24 
2020-11-29T15:52:39.651862+09:00 0 0 경기79바1612 3 42 232000073 113000420 24 
2020-11-29T15:52:51.302589+09:00 0 0 경기79바1612 3 42 232000073 113000420 24 
2020-11-29T15:53:50.736601+09:00 0 0 경기79바1612 3 42 232000073 113000419 25 
2020-11-29T15:54:50.760490+09:00 0 0 경기79바1612 3 42 232000073 113000419 25 
2020-11-29T15:55:34.013471+09:00 0 0 경기79바1612 3 42 232000073 113000419 25 
2020-11-29T15:56:41.947990+09:00 0 0 경기79바1612 3 42 232000073 113000418 26 
2020-11-29T15:57:41.461906+09:00 0 0 경기79바1612 3 42 232000073 113000418 26 
2020-11-29T15:57:47.642318+09:00 0 0 경기79바1612 3 42 232000073 113000418 26 
2020-11-29T15:58:52.296647+09:00 0 0 경기79바1612 3 42 232000073 113000477 27 
2020-11-29T15:59:52.180711+09:00 0 0 경기79바1612 3 42 232000073 113000477 27 
2020-11-29T16:00:52.024742+09:00 0 0 경기79바1612 3 43 232000073 112000430 28 
2020-11-29T16:01:51.758638+09:00 0 0 경기79바1612 3 43 232000073 112000430 28 
2020-11-29T16:02:51.872681+09:00 0 0 경기79바1612 3 43 232000073 100000380 30 
2020-11-29T16:03:50.936749+09:00 0 0 경기79바1612 3 43 232000073 100000380 30 
2020-11-29T16:04:50.610962+09:00 0 0 경기79바1612 3 42 232000073 100000025 31 
2020-11-29T16:05:50.364719+09:00 0 0 경기79바1612 3 40 232000073 100000025 31 
2020-11-29T16:06:49.878734+09:00 0 0 경기79바1612 3 40 232000073 100000025 31 
2020-11-29T16:07:49.513644+09:00 0 0 경기79바1612 3 41 232000073 101000038 32 
2020-11-29T16:08:49.181294+09:00 0 0 경기79바1612 3 41 232000073 101000038 32 
2020-11-29T16:09:49.253252+09:00 0 0 경기79바1612 3 40 232000073 277101975 33 
2020-11-29T16:10:48.138139+09:00 0 0 경기79바1612 3 39 232000073 112000170 34 
2020-11-29T16:11:47.772631+09:00 0 0 경기79바1612 3 39 232000073 112000170 34 
2020-11-29T16:12:47.147226+09:00 0 0 경기79바1612 3 39 232000073 112000170 34 
2020-11-29T16:13:46.231753+09:00 0 0 경기79바1612 3 39 232000073 113000478 35 
2020-11-29T16:14:46.196247+09:00 0 0 경기79바1612 3 39 232000073 113000478 35 
2020-11-29T16:15:45.830992+09:00 0 0 경기79바1612 3 39 232000073 113000411 36 
2020-11-29T16:16:45.195180+09:00 0 0 경기79바1612 3 39 232000073 113000411 36 
2020-11-29T16:17:44.939544+09:00 0 0 경기79바1612 3 39 232000073 113000411 36 
2020-11-29T16:18:44.813994+09:00 0 0 경기79바1612 3 36 232000073 113000417 37 
2020-11-29T16:19:44.618336+09:00 0 0 경기79바1612 3 36 232000073 113000417 37 
2020-11-29T16:20:44.262636+09:00 0 0 경기79바1612 3 36 232000073 113000416 38 
2020-11-29T16:21:44.087089+09:00 0 0 경기79바1612 3 34 232000073 113000416 38 
2020-11-29T16:22:43.011142+09:00 0 0 경기79바1612 3 34 232000073 113000416 38 
2020-11-29T16:23:42.945406+09:00 0 0 경기79바1612 3 34 232000073 113000416 38 
2020-11-29T16:24:42.549641+09:00 0 0 경기79바1612 3 34 232000073 113000416 38 
2020-11-29T16:25:42.073942+09:00 0 0 경기79바1612 3 34 232000073 113000416 38 
2020-11-29T16:26:41.608146+09:00 0 0 경기79바1612 3 33 232000073 277102199 40 
2020-11-29T16:27:41.472475+09:00 0 0 경기79바1612 3 33 232000073 277102199 40 
2020-11-29T16:28:41.516619+09:00 0 0 경기79바1612 3 33 232000073 277102199 40 
2020-11-29T16:29:40.860762+09:00 0 0 경기79바1612 3 33 232000073 277102199 40 
2020-11-29T16:30:40.824968+09:00 0 0 경기79바1612 3 33 232000073 113000412 42 
2020-11-29T16:31:40.629197+09:00 0 0 경기79바1612 3 28 232000073 113000412 42 
2020-11-29T16:32:40.193406+09:00 0 0 경기79바1612 3 28 232000073 113000412 42 
2020-11-29T16:33:40.177558+09:00 0 0 경기79바1612 3 28 232000073 113000412 42 
2020-11-29T16:34:39.131732+09:00 0 0 경기79바1612 3 28 232000073 277103529 43 
2020-11-29T16:35:38.565859+09:00 0 0 경기79바1612 3 28 232000073 277103529 43 
2020-11-29T16:36:38.089971+09:00 0 0 경기79바1612 3 28 232000073 277103529 43 
2020-11-29T16:37:37.704192+09:00 0 0 경기79바1612 3 28 232000073 277103529 43 
2020-11-29T16:38:37.538329+09:00 0 0 경기79바1612 3 28 232000073 277103402 44 
2020-11-29T16:39:37.282785+09:00 0 0 경기79바1612 3 28 232000073 277103402 44 
2020-11-29T16:40:36.886709+09:00 0 0 경기79바1612 3 28 232000073 277103402 44 
2020-11-29T16:41:36.470567+09:00 0 0 경기79바1612 3 28 232000073 277103402 44 
2020-11-29T16:42:36.354200+09:00 0 0 경기79바1612 3 28 232000073 277103401 45 
2020-11-29T16:43:35.927862+09:00 0 0 경기79바1612 3 28 232000073 277103401 45 
2020-11-29T16:44:35.361501+09:00 0 0 경기79바1612 3 28 232000073 277103401 45 
2020-11-29T16:45:35.105353+09:00 0 0 경기79바1612 3 28 232000073 277103401 45 
2020-11-29T16:46:35.189304+09:00 0 0 경기79바1612 3 35 232000073 232000432 46 
2020-11-29T16:47:33.713007+09:00 0 0 경기79바1612 3 35 232000073 232000432 46 
2020-11-29T16:48:33.796965+09:00 0 0 경기79바1612 3 35 232000073 232000432 46 
2020-11-29T16:49:32.840643+09:00 0 0 경기79바1612 3 35 232000073 232000432 46 
2020-11-29T16:50:32.624564+09:00 0 0 경기79바1612 3 35 232000073 232000432 46 
2020-11-29T16:51:32.498499+09:00 0 0 경기79바1612 3 35 232000073 232000432 46 
2020-11-29T16:52:32.502404+09:00 0 0 경기79바1612 3 35 232000073 232000432 46 
2020-11-29T16:53:32.316494+09:00 0 0 경기79바1612 3 36 232000073 232000429 47 
2020-11-29T16:54:31.830350+09:00 0 0 경기79바1612 3 37 232000073 232000429 47 
2020-11-29T16:55:31.754544+09:00 0 0 경기79바1612 3 38 232000073 232000354 48 
2020-11-29T16:56:31.668311+09:00 0 0 경기79바1612 3 38 232000073 232000354 48 
2020-11-29T16:57:31.392340+09:00 0 0 경기79바1612 3 38 232000073 232000353 49 
2020-11-29T16:58:31.136381+09:00 0 0 경기79바1612 3 38 232000073 232000353 49 
2020-11-29T16:59:31.120322+09:00 0 0 경기79바1612 3 41 232000073 232000352 50 
2020-11-29T17:00:31.134312+09:00 0 0 경기79바1612 3 41 232000073 232000352 50 
2020-11-29T17:01:29.708165+09:00 0 0 경기79바1612 3 43 232000073 232000351 51 
2020-11-29T17:02:29.302491+09:00 0 0 경기79바1612 3 44 232000073 232000350 52 
2020-11-29T17:03:29.286333+09:00 0 0 경기79바1612 3 44 232000073 232000350 52 
2020-11-29T17:04:29.290393+09:00 0 0 경기79바1612 3 44 232000073 232000350 52 
2020-11-29T17:05:28.794463+09:00 0 0 경기79바1612 3 44 232000073 232000001 53 
2020-11-29T17:06:28.448413+09:00 0 0 경기79바1612 3 45 232000073 232000001 53 
2020-11-29T17:07:28.202447+09:00 0 0 경기79바1612 3 45 232000073 232000001 53 
2020-11-29T17:08:27.986529+09:00 0 0 경기79바1612 3 45 232000073 232000001 53 
2020-11-29T17:09:27.580507+09:00 0 0 경기79바1612 3 45 232000073 168000447 54 
2020-11-29T17:10:27.624560+09:00 0 0 경기79바1612 3 45 232000073 168000437 56 
2020-11-29T17:11:27.168709+09:00 0 0 경기79바1612 3 45 232000073 168000437 56 
2020-11-29T17:12:26.982700+09:00 0 0 경기79바1612 3 45 232000073 168000437 56 
2020-11-29T17:13:26.926806+09:00 0 0 경기79바1612 3 45 232000073 168000437 56 
2020-11-29T17:14:25.780684+09:00 0 0 경기79바1612 3 45 232000073 168000437 56 
2020-11-29T17:15:25.464928+09:00 0 0 경기79바1612 3 45 232000073 168000437 56 
2020-11-29T17:16:25.559266+09:00 0 0 경기79바1612 3 45 232000073 168000437 56 
2020-11-29T17:17:25.083871+09:00 0 0 경기79바1612 3 45 232000073 168000437 56 
2020-11-29T17:18:24.888194+09:00 0 0 경기79바1612 3 45 232000073 168000437 56 
2020-11-29T17:19:24.782226+09:00 0 0 경기79바1612 3 45 232000073 168000437 56 
2020-11-29T17:20:24.946666+09:00 0 0 경기79바1612 3 45 232000073 168000437 56 
2020-11-29T17:21:23.330869+09:00 0 0 경기79바1612 3 45 232000073 168000437 56 
2020-11-29T17:22:23.305137+09:00 0 0 경기79바1612 3 45 232000073 168000437 56 
2020-11-29T17:23:22.629627+09:00 0 0 경기79바1612 3 45 232000073 168000437 56 
2020-11-29T17:24:21.763522+09:00 0 0 경기79바1612 3 45 232000073 168000437 56 
2020-11-29T17:25:21.487673+09:00 0 0 경기79바1612 3 45 232000073 168000437 56 
2020-11-29T17:25:21.487733+09:00 0 0 경기79바1614 3 44 232000073 168000561 1 
2020-11-29T17:26:20.621882+09:00 0 0 경기79바1612 3 45 232000073 168000437 56 
2020-11-29T17:26:20.621949+09:00 0 0 경기79바1614 3 44 232000073 168000561 1 
2020-11-29T17:27:19.706050+09:00 0 0 경기79바1614 3 43 232000073 168000407 2 
2020-11-29T17:28:18.490164+09:00 0 0 경기79바1614 3 43 232000073 168000407 2 
2020-11-29T17:29:18.344337+09:00 0 0 경기79바1614 3 43 232000073 168000407 2 
2020-11-29T17:30:18.278422+09:00 0 0 경기79바1614 3 43 232000073 168000407 2 
2020-11-29T17:31:17.392621+09:00 0 0 경기79바1614 3 42 232000073 168000442 4 
2020-11-29T17:32:16.836654+09:00 0 0 경기79바1614 3 42 232000073 168000446 5 
2020-11-29T17:33:16.640724+09:00 0 0 경기79바1614 3 42 232000073 168000446 5 
2020-11-29T17:34:16.384868+09:00 0 0 경기79바1614 3 42 232000073 168000446 5 
2020-11-29T17:35:16.269161+09:00 0 0 경기79바1614 3 42 232000073 168000446 5 
2020-11-29T17:36:15.453299+09:00 0 0 경기79바1614 3 42 232000073 232000349 6 
2020-11-29T17:37:15.147373+09:00 0 0 경기79바1614 3 40 232000073 232000349 6 
2020-11-29T17:38:15.011489+09:00 0 0 경기79바1614 3 40 232000073 232000349 6 
2020-11-29T17:39:14.545646+09:00 0 0 경기79바1614 3 40 232000073 232000348 7 
2020-11-29T17:40:14.229700+09:00 0 0 경기79바1614 3 40 232000073 232000347 8 
2020-11-29T17:41:14.933965+09:00 0 0 경기79바1614 3 40 232000073 232000347 8 
2020-11-29T17:42:14.037926+09:00 0 0 경기79바1614 3 40 232000073 232000346 9 
2020-11-29T17:43:12.732001+09:00 0 0 경기79바1614 3 38 232000073 232000345 10 
2020-11-29T17:44:12.636174+09:00 0 0 경기79바1614 3 38 232000073 232000360 12 
2020-11-29T17:45:12.540318+09:00 0 0 경기79바1614 3 39 232000073 232000360 12 
2020-11-29T17:46:12.694421+09:00 0 0 경기79바1614 3 40 232000073 232000359 13 
2020-11-29T17:47:12.618462+09:00 0 0 경기79바1614 3 40 232000073 232000359 13 
2020-11-29T17:48:12.232712+09:00 0 0 경기79바1614 3 40 232000073 232000359 13 
2020-11-29T17:49:12.036807+09:00 0 0 경기79바1614 3 40 232000073 232000359 13 
2020-11-29T17:50:11.861016+09:00 0 0 경기79바1614 3 40 232000073 232000359 13 
2020-11-29T17:51:11.645434+09:00 0 0 경기79바1614 3 39 232000073 232000356 14 
2020-11-29T17:52:11.519776+09:00 0 0 경기79바1614 3 39 232000073 232000356 14 
2020-11-29T17:53:10.584036+09:00 0 0 경기79바1614 3 39 232000073 232000356 14 
2020-11-29T17:54:10.328367+09:00 0 0 경기79바1614 3 39 232000073 277103819 15 
2020-11-29T17:55:09.972602+09:00 0 0 경기79바1614 3 39 232000073 277103819 15 
2020-11-29T17:56:10.116891+09:00 0 0 경기79바1614 3 39 232000073 277103819 15 
2020-11-29T17:57:08.851182+09:00 0 0 경기79바1614 3 39 232000073 277101769 16 
2020-11-29T17:58:08.805348+09:00 0 0 경기79바1614 3 39 232000073 277101769 16 
2020-11-29T17:59:08.849604+09:00 0 0 경기79바1614 3 39 232000073 277101769 16 
2020-11-29T18:00:08.793847+09:00 0 0 경기79바1614 3 39 232000073 277101769 16 
2020-11-29T18:01:08.678052+09:00 0 0 경기79바1614 3 39 232000073 277103403 17 
2020-11-29T18:02:07.732323+09:00 0 0 경기79바1614 3 39 232000073 277103403 17 
2020-11-29T18:03:07.396375+09:00 0 0 경기79바1614 3 39 232000073 277103403 17 
2020-11-29T18:04:06.970517+09:00 0 0 경기79바1614 3 39 232000073 277103404 18 
2020-11-29T18:05:06.794776+09:00 0 0 경기79바1614 3 39 232000073 277103406 19 
2020-11-29T18:06:06.478858+09:00 0 0 경기79바1614 3 39 232000073 277103406 19 
2020-11-29T18:07:06.423613+09:00 0 0 경기79바1614 3 39 232000073 277103410 20 
2020-11-29T18:08:05.347305+09:00 0 0 경기79바1614 3 39 232000073 277103410 20 
2020-11-29T18:09:05.311270+09:00 0 0 경기79바1614 3 41 232000073 113000424 21 
2020-11-29T18:10:04.665584+09:00 0 0 경기79바1614 3 41 232000073 113000424 21 
2020-11-29T18:11:04.759768+09:00 0 0 경기79바1614 3 41 232000073 277102197 22 
2020-11-29T18:12:03.663909+09:00 0 0 경기79바1614 3 41 232000073 277102197 22 
2020-11-29T18:13:03.508075+09:00 0 0 경기79바1614 3 41 232000073 277102197 22 
2020-11-29T18:14:03.222297+09:00 0 0 경기79바1614 3 41 232000073 277102197 22 
2020-11-29T18:15:03.096385+09:00 0 0 경기79바1614 3 41 232000073 113000422 23 
2020-11-29T18:16:03.160528+09:00 0 0 경기79바1614 3 41 232000073 113000422 23 
2020-11-29T18:17:01.644665+09:00 0 0 경기79바1614 3 41 232000073 113000422 23 
2020-11-29T18:18:01.558924+09:00 0 0 경기79바1614 3 41 232000073 113000422 23 
2020-11-29T18:19:01.343073+09:00 0 0 경기79바1614 3 41 232000073 113000420 24 
2020-11-29T18:20:00.587108+09:00 0 0 경기79바1614 3 41 232000073 113000420 24 
2020-11-29T18:21:00.451221+09:00 0 0 경기79바1614 3 41 232000073 113000420 24 
2020-11-29T18:21:59.955386+09:00 0 0 경기79바1614 3 43 232000073 113000419 25 
2020-11-29T18:22:59.499479+09:00 0 0 경기79바1614 3 44 232000073 113000418 26 
2020-11-29T18:23:59.403605+09:00 0 0 경기79바1614 3 44 232000073 113000418 26 
2020-11-29T18:24:59.337709+09:00 0 0 경기79바1614 3 44 232000073 113000477 27 
2020-11-29T18:25:59.451764+09:00 0 0 경기79바1614 3 44 232000073 113000477 27 
2020-11-29T18:26:57.035568+09:00 0 0 경기79바1614 3 44 232000073 113000477 27 
2020-11-29T18:27:56.739715+09:00 0 0 경기79바1614 3 44 232000073 112000430 28 
2020-11-29T18:28:56.603807+09:00 0 0 경기79바1614 3 44 232000073 101000304 29 
2020-11-29T18:29:56.758044+09:00 0 0 경기79바1614 3 44 232000073 100000380 30 
2020-11-29T18:30:55.541921+09:00 0 0 경기79바1614 3 44 232000073 100000380 30 
2020-11-29T18:31:55.526099+09:00 0 0 경기79바1614 3 44 232000073 100000025 31 
2020-11-29T18:32:54.540080+09:00 0 0 경기79바1614 3 44 232000073 100000025 31 
2020-11-29T18:33:54.724202+09:00 0 0 경기79바1614 3 44 232000073 101000038 32 
2020-11-29T18:34:53.208211+09:00 0 0 경기79바1614 3 44 232000073 101000038 32 
2020-11-29T18:35:53.002318+09:00 0 0 경기79바1614 3 44 232000073 112000170 34 
2020-11-29T18:36:52.886569+09:00 0 0 경기79바1614 3 44 232000073 112000170 34 
2020-11-29T18:37:52.760694+09:00 0 0 경기79바1614 3 44 232000073 112000170 34 
2020-11-29T18:38:52.774731+09:00 0 0 경기79바1614 3 44 232000073 112000170 34 
2020-11-29T18:39:52.448772+09:00 0 0 경기79바1614 3 44 232000073 112000170 34 
2020-11-29T18:40:52.312914+09:00 0 0 경기79바1614 3 42 232000073 113000478 35 
2020-11-29T18:41:52.147020+09:00 0 0 경기79바1614 3 42 232000073 113000411 36 
2020-11-29T18:42:52.011186+09:00 0 0 경기79바1614 3 42 232000073 113000411 36 
2020-11-29T18:43:52.065293+09:00 0 0 경기79바1614 3 42 232000073 113000411 36 
2020-11-29T18:44:51.889502+09:00 0 0 경기79바1614 3 42 232000073 113000411 36 
2020-11-29T18:45:51.823639+09:00 0 0 경기79바1614 3 42 232000073 113000417 37 
2020-11-29T18:46:52.009427+09:00 0 0 경기79바1614 3 42 232000073 113000416 38 
2020-11-29T18:47:50.791770+09:00 0 0 경기79바1614 3 42 232000073 113000416 38 
2020-11-29T18:48:50.705963+09:00 0 0 경기79바1614 3 42 232000073 113000416 38 
2020-11-29T18:49:50.400076+09:00 0 0 경기79바1614 3 42 232000073 113000414 39 
2020-11-29T18:50:50.224247+09:00 0 0 경기79바1614 3 42 232000073 113000414 39 
2020-11-29T18:51:50.138331+09:00 0 0 경기79바1614 3 42 232000073 113000414 39 
2020-11-29T18:52:49.692498+09:00 0 0 경기79바1614 3 42 232000073 277102199 40 
2020-11-29T18:53:49.596634+09:00 0 0 경기79바1614 3 42 232000073 277102198 41 
2020-11-29T18:54:49.440847+09:00 0 0 경기79바1614 3 42 232000073 277102198 41 
2020-11-29T18:55:49.264958+09:00 0 0 경기79바1614 3 42 232000073 113000412 42 
2020-11-29T18:56:49.029128+09:00 0 0 경기79바1614 3 42 232000073 113000412 42 
2020-11-29T18:57:49.063344+09:00 0 0 경기79바1614 3 38 232000073 113000412 42 
2020-11-29T18:58:47.998108+09:00 0 0 경기79바1614 3 38 232000073 113000412 42 
2020-11-29T18:59:47.682756+09:00 0 0 경기79바1614 3 38 232000073 113000412 42 
2020-11-29T19:00:47.657469+09:00 0 0 경기79바1614 3 38 232000073 277103529 43 
2020-11-29T19:01:47.422188+09:00 0 0 경기79바1614 3 38 232000073 277103529 43 
2020-11-29T19:02:47.126688+09:00 0 0 경기79바1614 3 38 232000073 277103529 43 
2020-11-29T19:03:46.791236+09:00 0 0 경기79바1614 3 38 232000073 277103402 44 
2020-11-29T19:04:46.315792+09:00 0 0 경기79바1614 3 38 232000073 277103402 44 
2020-11-29T19:05:45.640250+09:00 0 0 경기79바1614 3 38 232000073 277103402 44 
2020-11-29T19:06:45.344638+09:00 0 0 경기79바1614 3 38 232000073 277103401 45 
2020-11-29T19:07:45.129139+09:00 0 0 경기79바1614 3 38 232000073 277103401 45 
2020-11-29T19:08:44.013446+09:00 0 0 경기79바1614 3 38 232000073 277103401 45 
2020-11-29T19:09:43.547872+09:00 0 0 경기79바1614 3 38 232000073 277103401 45 
2020-11-29T19:10:43.112183+09:00 0 0 경기79바1614 3 38 232000073 277103401 45 
2020-11-29T19:11:42.346583+09:00 0 0 경기79바1614 3 38 232000073 277103401 45 
2020-11-29T19:12:42.070939+09:00 0 0 경기79바1614 3 39 232000073 232000432 46 
2020-11-29T19:13:40.885275+09:00 0 0 경기79바1614 3 38 232000073 232000432 46 
2020-11-29T19:14:40.669566+09:00 0 0 경기79바1614 3 38 232000073 232000432 46 
2020-11-29T19:15:40.173907+09:00 0 0 경기79바1614 3 38 232000073 232000432 46 
2020-11-29T19:16:39.700209+09:00 0 0 경기79바1614 3 38 232000073 232000432 46 
2020-11-29T19:17:39.482457+09:00 0 0 경기79바1614 3 38 232000073 232000432 46 
2020-11-29T19:18:39.206680+09:00 0 0 경기79바1614 3 39 232000073 232000429 47 
2020-11-29T19:19:38.931066+09:00 0 0 경기79바1614 3 39 232000073 232000429 47 
2020-11-29T19:20:38.925440+09:00 0 0 경기79바1614 3 39 232000073 232000429 47 
2020-11-29T19:21:37.839647+09:00 0 0 경기79바1614 3 39 232000073 232000429 47 
2020-11-29T19:22:37.623762+09:00 0 0 경기79바1614 3 39 232000073 232000429 47 
2020-11-29T19:23:37.328170+09:00 0 0 경기79바1614 3 39 232000073 232000353 49 
2020-11-29T19:24:37.422396+09:00 0 0 경기79바1614 3 39 232000073 232000353 49 
2020-11-29T19:25:37.066745+09:00 0 0 경기79바1614 3 39 232000073 232000352 50 
2020-11-29T19:26:36.910942+09:00 0 0 경기79바1614 3 39 232000073 232000351 51 
2020-11-29T19:27:36.525318+09:00 0 0 경기79바1614 3 39 232000073 232000351 51 
2020-11-29T19:28:36.099508+09:00 0 0 경기79바1614 3 41 232000073 232000350 52 
2020-11-29T19:29:35.503692+09:00 0 0 경기79바1614 3 41 232000073 232000350 52 
2020-11-29T19:30:35.027993+09:00 0 0 경기79바1614 3 41 232000073 232000001 53 
2020-11-29T19:31:35.042192+09:00 0 0 경기79바1614 3 41 232000073 232000001 53 
2020-11-29T19:32:34.905594+09:00 0 0 경기79바1614 3 41 232000073 168000447 54 
2020-11-29T19:33:34.048803+09:00 0 0 경기79바1614 3 41 232000073 168000443 55 
2020-11-29T19:34:33.532037+09:00 0 0 경기79바1614 3 41 232000073 168000443 55 
2020-11-29T19:35:33.155394+09:00 0 0 경기79바1614 3 41 232000073 168000437 56 
2020-11-29T19:36:32.838853+09:00 0 0 경기79바1614 3 41 232000073 168000437 56 
2020-11-29T19:53:27.104220+09:00 0 0 경기79바1612 3 45 232000073 168000561 1 
2020-11-29T19:54:26.918308+09:00 0 0 경기79바1612 3 45 232000073 168000407 2 
2020-11-29T19:55:27.112393+09:00 0 0 경기79바1612 3 45 232000073 168000407 2 
2020-11-29T19:56:26.476370+09:00 0 0 경기79바1612 3 45 232000073 168000407 2 
2020-11-29T19:57:25.930393+09:00 0 0 경기79바1612 3 45 232000073 168000407 2 
2020-11-29T19:58:25.114358+09:00 0 0 경기79바1612 3 45 232000073 168000446 5 
2020-11-29T19:59:23.938384+09:00 0 0 경기79바1612 3 45 232000073 168000446 5 
2020-11-29T20:00:23.342485+09:00 0 0 경기79바1612 3 45 232000073 168000446 5 
2020-11-29T20:01:23.406575+09:00 0 0 경기79바1612 3 45 232000073 168000446 5 
2020-11-29T20:02:23.300765+09:00 0 0 경기79바1612 3 45 232000073 168000446 5 
2020-11-29T20:03:22.454694+09:00 0 0 경기79바1612 3 45 232000073 168000446 5 
2020-11-29T20:04:21.778829+09:00 0 0 경기79바1612 3 45 232000073 232000349 6 
2020-11-29T20:05:20.652804+09:00 0 0 경기79바1612 3 45 232000073 232000348 7 
2020-11-29T20:06:20.247055+09:00 0 0 경기79바1612 3 45 232000073 232000347 8 
2020-11-29T20:07:19.791758+09:00 0 0 경기79바1612 3 44 232000073 232000347 8 
2020-11-29T20:08:19.506364+09:00 0 0 경기79바1612 3 44 232000073 232000347 8 
2020-11-29T20:09:19.171675+09:00 0 0 경기79바1612 3 44 232000073 232000346 9 
2020-11-29T20:10:18.745381+09:00 0 0 경기79바1612 3 44 232000073 232000344 11 
2020-11-29T20:11:18.589890+09:00 0 0 경기79바1612 3 44 232000073 232000360 12 
2020-11-29T20:12:18.564432+09:00 0 0 경기79바1612 3 44 232000073 232000360 12 
2020-11-29T20:13:17.858818+09:00 0 0 경기79바1612 3 44 232000073 232000359 13 
2020-11-29T20:14:17.863171+09:00 0 0 경기79바1612 3 43 232000073 232000359 13 
2020-11-29T20:15:17.857516+09:00 0 0 경기79바1612 3 43 232000073 232000359 13 
2020-11-29T20:16:17.671930+09:00 0 0 경기79바1612 3 43 232000073 232000359 13 
2020-11-29T20:17:17.766335+09:00 0 0 경기79바1612 3 43 232000073 232000359 13 
2020-11-29T20:18:16.900664+09:00 0 0 경기79바1612 3 41 232000073 232000356 14 
2020-11-29T20:19:16.384973+09:00 0 0 경기79바1612 3 41 232000073 232000356 14 
2020-11-29T20:20:16.149280+09:00 0 0 경기79바1612 3 41 232000073 277103819 15 
2020-11-29T20:21:16.133499+09:00 0 0 경기79바1612 3 41 232000073 277103819 15 
2020-11-29T20:22:15.987742+09:00 0 0 경기79바1612 3 41 232000073 277103819 15 
2020-11-29T20:23:14.522010+09:00 0 0 경기79바1612 3 41 232000073 277101769 16 
2020-11-29T20:24:14.017412+09:00 0 0 경기79바1612 3 41 232000073 277101769 16 
2020-11-29T20:25:13.740477+09:00 0 0 경기79바1612 3 41 232000073 277101769 16 
2020-11-29T20:26:13.554742+09:00 0 0 경기79바1612 3 41 232000073 277103403 17 
2020-11-29T20:27:12.998917+09:00 0 0 경기79바1612 3 41 232000073 277103403 17 
2020-11-29T20:28:12.533277+09:00 0 0 경기79바1612 3 41 232000073 277103403 17 
2020-11-29T20:29:12.717428+09:00 0 0 경기79바1612 3 41 232000073 277103404 18 
2020-11-29T20:30:11.151501+09:00 0 0 경기79바1612 3 41 232000073 277103406 19 
2020-11-29T20:31:11.025955+09:00 0 0 경기79바1612 3 41 232000073 277103406 19 
2020-11-29T20:32:11.000090+09:00 0 0 경기79바1612 3 41 232000073 277103410 20 
2020-11-29T20:33:10.054215+09:00 0 0 경기79바1612 3 41 232000073 113000424 21 
2020-11-29T20:34:09.108945+09:00 0 0 경기79바1612 3 44 232000073 113000424 21 
2020-11-29T20:35:08.812673+09:00 0 0 경기79바1612 3 44 232000073 277102197 22 
2020-11-29T20:36:08.946964+09:00 0 0 경기79바1612 3 44 232000073 277102197 22 
2020-11-29T20:37:07.781126+09:00 0 0 경기79바1612 3 44 232000073 113000422 23 
2020-11-29T20:38:07.535277+09:00 0 0 경기79바1612 3 44 232000073 113000422 23 
2020-11-29T20:39:06.969554+09:00 0 0 경기79바1612 3 44 232000073 113000422 23 
2020-11-29T20:40:06.836294+09:00 0 0 경기79바1612 3 44 232000073 113000422 23 
2020-11-29T20:41:06.567593+09:00 0 0 경기79바1612 3 44 232000073 113000420 24 
2020-11-29T20:42:05.361535+09:00 0 0 경기79바1612 3 44 232000073 113000420 24 
2020-11-29T20:43:04.965439+09:00 0 0 경기79바1612 3 44 232000073 113000419 25 
2020-11-29T20:44:04.859446+09:00 0 0 경기79바1612 3 44 232000073 113000418 26 
2020-11-29T20:45:04.853448+09:00 0 0 경기79바1612 3 44 232000073 113000418 26 
2020-11-29T20:46:04.707435+09:00 0 0 경기79바1612 3 44 232000073 113000418 26 
2020-11-29T20:47:04.441500+09:00 0 0 경기79바1612 3 44 232000073 113000477 27 
2020-11-29T20:48:03.805525+09:00 0 0 경기79바1612 3 44 232000073 113000477 27 
2020-11-29T20:49:03.639536+09:00 0 0 경기79바1612 3 44 232000073 113000477 27 
2020-11-29T20:50:03.433774+09:00 0 0 경기79바1612 3 45 232000073 112000430 28 
2020-11-29T20:51:03.137664+09:00 0 0 경기79바1612 3 45 232000073 112000430 28 
2020-11-29T20:52:02.971755+09:00 0 0 경기79바1612 3 45 232000073 101000304 29 
2020-11-29T20:53:02.776212+09:00 0 0 경기79바1612 3 45 232000073 101000304 29 
2020-11-29T20:54:02.570053+09:00 0 0 경기79바1612 3 45 232000073 100000380 30 
2020-11-29T20:55:02.554281+09:00 0 0 경기79바1612 3 45 232000073 100000380 30 
2020-11-29T20:56:02.218389+09:00 0 0 경기79바1612 3 45 232000073 100000025 31 
2020-11-29T20:57:01.902677+09:00 0 0 경기79바1612 3 44 232000073 100000025 31 
2020-11-29T20:58:01.696618+09:00 0 0 경기79바1612 3 44 232000073 100000025 31 
2020-11-29T20:59:01.510680+09:00 0 0 경기79바1612 3 44 232000073 101000038 32 
2020-11-29T21:00:00.974844+09:00 0 0 경기79바1612 3 44 232000073 277101975 33 
2020-11-29T21:01:00.908944+09:00 0 0 경기79바1612 3 44 232000073 112000170 34 
2020-11-29T21:02:00.423328+09:00 0 0 경기79바1612 3 44 232000073 112000170 34 
2020-11-29T21:03:00.087427+09:00 0 0 경기79바1612 3 44 232000073 113000478 35 
2020-11-29T21:03:59.943521+09:00 0 0 경기79바1612 3 44 232000073 113000478 35 
2020-11-29T21:04:59.345638+09:00 0 0 경기79바1612 3 44 232000073 113000478 35 
2020-11-29T21:05:58.619723+09:00 0 0 경기79바1612 3 44 232000073 113000411 36 
2020-11-29T21:06:58.253852+09:00 0 0 경기79바1612 3 44 232000073 113000411 36 
2020-11-29T21:07:57.748066+09:00 0 0 경기79바1612 3 44 232000073 113000411 36 
2020-11-29T21:08:57.782108+09:00 0 0 경기79바1612 3 44 232000073 113000417 37 
2020-11-29T21:09:56.456153+09:00 0 0 경기79바1612 3 42 232000073 113000417 37 
2020-11-29T21:10:56.130384+09:00 0 0 경기79바1612 3 42 232000073 113000416 38 
2020-11-29T21:11:55.914567+09:00 0 0 경기79바1612 3 40 232000073 113000416 38 
2020-11-29T21:12:55.428690+09:00 0 0 경기79바1612 3 40 232000073 113000416 38 
2020-11-29T21:13:55.512836+09:00 0 0 경기79바1612 3 40 232000073 113000414 39 
2020-11-29T21:14:55.316736+09:00 0 0 경기79바1612 3 36 232000073 113000414 39 
2020-11-29T21:15:55.080445+09:00 0 0 경기79바1612 3 36 232000073 277102199 40 
2020-11-29T21:16:54.684418+09:00 0 0 경기79바1612 3 36 232000073 277102199 40 
2020-11-29T21:17:54.758291+09:00 0 0 경기79바1612 3 36 232000073 277102199 40 
2020-11-29T21:18:53.571943+09:00 0 0 경기79바1612 3 36 232000073 277102198 41 
2020-11-29T21:19:53.415840+09:00 0 0 경기79바1612 3 36 232000073 277102198 41 
2020-11-29T21:20:53.539722+09:00 0 0 경기79바1612 3 36 232000073 113000412 42 
2020-11-29T21:21:52.773655+09:00 0 0 경기79바1612 3 36 232000073 113000412 42 
2020-11-29T21:22:52.377535+09:00 0 0 경기79바1612 3 32 232000073 113000412 42 
2020-11-29T21:23:52.061599+09:00 0 0 경기79바1612 3 32 232000073 113000412 42 
2020-11-29T21:24:51.535524+09:00 0 0 경기79바1612 3 32 232000073 113000412 42 
2020-11-29T21:25:51.239461+09:00 0 0 경기79바1612 3 32 232000073 277103529 43 
2020-11-29T21:26:50.013648+09:00 0 0 경기79바1612 3 32 232000073 277103529 43 
2020-11-29T21:27:49.817409+09:00 0 0 경기79바1612 3 32 232000073 277103529 43 
2020-11-29T21:28:49.411468+09:00 0 0 경기79바1612 3 32 232000073 277103529 43 
2020-11-29T21:29:49.025508+09:00 0 0 경기79바1612 3 32 232000073 277103402 44 
2020-11-29T21:30:48.499381+09:00 0 0 경기79바1612 3 32 232000073 277103402 44 
2020-11-29T21:31:48.313500+09:00 0 0 경기79바1612 3 32 232000073 277103401 45 
2020-11-29T21:32:47.637539+09:00 0 0 경기79바1612 3 32 232000073 277103401 45 
2020-11-29T21:33:48.081662+09:00 0 0 경기79바1612 3 32 232000073 277103401 45 
2020-11-29T21:34:47.355621+09:00 0 0 경기79바1612 3 32 232000073 277103401 45 
2020-11-29T21:35:46.649793+09:00 0 0 경기79바1612 3 32 232000073 277103401 45 
2020-11-29T21:36:46.393742+09:00 0 0 경기79바1612 3 32 232000073 277103401 45 
2020-11-29T21:37:46.087798+09:00 0 0 경기79바1612 3 33 232000073 277103401 45 
2020-11-29T21:38:45.681925+09:00 0 0 경기79바1612 3 36 232000073 232000432 46 
2020-11-29T21:39:44.976186+09:00 0 0 경기79바1612 3 36 232000073 232000432 46 
2020-11-29T21:40:44.409985+09:00 0 0 경기79바1612 3 36 232000073 232000432 46 
2020-11-29T21:41:44.114116+09:00 0 0 경기79바1612 3 36 232000073 232000432 46 
2020-11-29T21:42:43.298118+09:00 0 0 경기79바1612 3 38 232000073 232000429 47 
2020-11-29T21:43:43.032303+09:00 0 0 경기79바1612 3 38 232000073 232000429 47 
2020-11-29T21:44:42.846291+09:00 0 0 경기79바1612 3 37 232000073 232000353 49 
2020-11-29T21:45:42.330366+09:00 0 0 경기79바1612 3 37 232000073 232000353 49 
2020-11-29T21:46:42.014491+09:00 0 0 경기79바1612 3 37 232000073 232000353 49 
2020-11-29T21:47:41.378488+09:00 0 0 경기79바1612 3 38 232000073 232000352 50 
2020-11-29T21:48:41.304764+09:00 0 0 경기79바1612 3 38 232000073 232000352 50 
2020-11-29T21:49:40.927318+09:00 0 0 경기79바1612 3 42 232000073 232000350 52 
2020-11-29T21:50:40.342200+09:00 0 0 경기79바1612 3 42 232000073 232000350 52 
2020-11-29T21:51:39.766444+09:00 0 0 경기79바1612 3 43 232000073 232000001 53 
2020-11-29T21:52:39.451490+09:00 0 0 경기79바1612 3 43 232000073 232000001 53 
2020-11-29T21:53:39.145339+09:00 0 0 경기79바1612 3 43 232000073 232000001 53 
2020-11-29T21:54:38.249506+09:00 0 0 경기79바1612 3 43 232000073 168000447 54 
2020-11-29T21:55:37.623958+09:00 0 0 경기79바1612 3 43 232000073 168000447 54 
2020-11-29T21:56:37.088250+09:00 0 0 경기79바1612 3 43 232000073 168000437 56 
2020-11-29T21:57:36.582541+09:00 0 0 경기79바1612 3 43 232000073 168000437 56 
2020-11-29T22:23:24.791070+09:00 0 0 경기79바1614 3 45 232000073 168000407 2 
2020-11-29T22:24:24.584898+09:00 0 0 경기79바1614 3 45 232000073 168000407 2 
2020-11-29T22:25:23.988287+09:00 0 0 경기79바1614 3 45 232000073 168000407 2 
2020-11-29T22:26:23.622011+09:00 0 0 경기79바1614 3 45 232000073 168000436 3 
2020-11-29T22:27:23.006133+09:00 0 0 경기79바1614 3 45 232000073 168000446 5 
2020-11-29T22:28:22.839641+09:00 0 0 경기79바1614 3 45 232000073 168000446 5 
2020-11-29T22:29:22.533484+09:00 0 0 경기79바1614 3 45 232000073 168000446 5 
2020-11-29T22:30:22.077501+09:00 0 0 경기79바1614 3 45 232000073 168000446 5 
2020-11-29T22:31:21.551385+09:00 0 0 경기79바1614 3 45 232000073 232000349 6 
2020-11-29T22:32:21.084945+09:00 0 0 경기79바1614 3 45 232000073 232000348 7 
2020-11-29T22:33:20.288887+09:00 0 0 경기79바1614 3 45 232000073 232000348 7 
2020-11-29T22:34:19.372621+09:00 0 0 경기79바1614 3 45 232000073 232000347 8 
2020-11-29T22:35:19.076819+09:00 0 0 경기79바1614 3 41 232000073 232000346 9 
2020-11-29T22:36:18.350595+09:00 0 0 경기79바1614 3 41 232000073 232000345 10 
2020-11-29T22:37:18.104770+09:00 0 0 경기79바1614 3 41 232000073 232000360 12 
2020-11-29T22:38:17.348456+09:00 0 0 경기79바1614 3 41 232000073 232000360 12 
2020-11-29T22:39:16.822504+09:00 0 0 경기79바1614 3 43 232000073 232000359 13 
2020-11-29T22:40:16.236409+09:00 0 0 경기79바1614 3 43 232000073 232000359 13 
2020-11-29T22:41:16.160543+09:00 0 0 경기79바1614 3 43 232000073 232000359 13 
2020-11-29T22:42:15.874485+09:00 0 0 경기79바1614 3 43 232000073 232000359 13 
2020-11-29T22:43:15.438602+09:00 0 0 경기79바1614 3 43 232000073 232000359 13 
2020-11-29T22:44:14.592499+09:00 0 0 경기79바1614 3 41 232000073 232000356 14 
2020-11-29T22:45:14.226467+09:00 0 0 경기79바1614 3 41 232000073 232000356 14 
2020-11-29T22:46:13.830577+09:00 0 0 경기79바1614 3 41 232000073 277103819 15 
2020-11-29T22:47:13.554542+09:00 0 0 경기79바1614 3 41 232000073 277103819 15 
2020-11-29T22:48:13.398568+09:00 0 0 경기79바1614 3 41 232000073 277103819 15 
2020-11-29T22:49:12.782523+09:00 0 0 경기79바1614 3 41 232000073 277101769 16 
2020-11-29T22:50:12.426610+09:00 0 0 경기79바1614 3 41 232000073 277101769 16 
2020-11-29T22:51:11.440655+09:00 0 0 경기79바1614 3 41 232000073 277101769 16 
2020-11-29T22:52:10.764958+09:00 0 0 경기79바1614 3 41 232000073 277103403 17 
2020-11-29T22:53:10.278709+09:00 0 0 경기79바1614 3 41 232000073 277103403 17 
2020-11-29T22:54:09.692672+09:00 0 0 경기79바1614 3 41 232000073 277103403 17 
2020-11-29T22:55:09.326819+09:00 0 0 경기79바1614 3 41 232000073 277103404 18 
2020-11-29T22:56:08.531374+09:00 0 0 경기79바1614 3 41 232000073 277103404 18 
2020-11-29T22:57:08.144965+09:00 0 0 경기79바1614 3 41 232000073 277103406 19 
2020-11-29T22:58:07.779307+09:00 0 0 경기79바1614 3 41 232000073 277103410 20 
2020-11-29T22:59:07.603581+09:00 0 0 경기79바1614 3 41 232000073 277103410 20 
2020-11-29T23:00:07.647996+09:00 0 0 경기79바1614 3 41 232000073 113000424 21 
2020-11-29T23:01:07.342265+09:00 0 0 경기79바1614 3 44 232000073 113000424 21 
2020-11-29T23:02:06.756430+09:00 0 0 경기79바1614 3 44 232000073 113000424 21 
2020-11-29T23:03:05.790695+09:00 0 0 경기79바1614 3 44 232000073 277102197 22 
2020-11-29T23:04:05.394872+09:00 0 0 경기79바1614 3 44 232000073 277102197 22 
2020-11-29T23:05:04.759061+09:00 0 0 경기79바1614 3 44 232000073 277102197 22 
2020-11-29T23:06:03.883179+09:00 0 0 경기79바1614 3 44 232000073 277102197 22 
2020-11-29T23:07:03.947372+09:00 0 0 경기79바1614 3 44 232000073 113000422 23 
2020-11-29T23:08:03.511677+09:00 0 0 경기79바1614 3 44 232000073 113000422 23 
2020-11-29T23:09:02.775671+09:00 0 0 경기79바1614 3 44 232000073 113000422 23 
2020-11-29T23:10:02.529844+09:00 0 0 경기79바1614 3 44 232000073 113000422 23 
2020-11-29T23:11:02.214024+09:00 0 0 경기79바1614 3 44 232000073 113000420 24 
2020-11-29T23:12:01.798188+09:00 0 0 경기79바1614 3 44 232000073 113000420 24 
2020-11-29T23:13:01.102280+09:00 0 0 경기79바1614 3 44 232000073 113000419 25 
2020-11-29T23:14:00.856374+09:00 0 0 경기79바1614 3 44 232000073 113000418 26 
2020-11-29T23:15:00.590544+09:00 0 0 경기79바1614 3 44 232000073 113000418 26 
2020-11-29T23:16:01.074987+09:00 0 0 경기79바1614 3 44 232000073 113000418 26 
2020-11-29T23:16:59.428668+09:00 0 0 경기79바1614 3 45 232000073 113000477 27 
2020-11-29T23:17:59.307665+09:00 0 0 경기79바1614 3 45 232000073 113000477 27 
2020-11-29T23:18:58.616931+09:00 0 0 경기79바1614 3 45 232000073 113000477 27 
2020-11-29T23:19:57.751117+09:00 0 0 경기79바1614 3 45 232000073 113000477 27 
2020-11-29T23:20:57.235052+09:00 0 0 경기79바1614 3 44 232000073 112000430 28 
2020-11-29T23:21:56.609195+09:00 0 0 경기79바1614 3 44 232000073 101000304 29 
2020-11-29T23:22:56.073276+09:00 0 0 경기79바1614 3 44 232000073 101000304 29 
2020-11-29T23:23:55.377329+09:00 0 0 경기79바1614 3 44 232000073 100000380 30 
2020-11-29T23:24:55.501507+09:00 0 0 경기79바1614 3 44 232000073 100000025 31 
2020-11-29T23:25:55.105526+09:00 0 0 경기79바1614 3 44 232000073 100000025 31 
2020-11-29T23:26:54.659702+09:00 0 0 경기79바1614 3 44 232000073 100000025 31 
2020-11-29T23:27:53.803795+09:00 0 0 경기79바1614 3 44 232000073 100000025 31 
2020-11-29T23:28:53.417900+09:00 0 0 경기79바1614 3 44 232000073 101000038 32 
2020-11-29T23:29:52.891918+09:00 0 0 경기79바1614 3 44 232000073 101000038 32 
2020-11-29T23:30:52.506116+09:00 0 0 경기79바1614 3 44 232000073 277101975 33 
2020-11-29T23:31:51.861099+09:00 0 0 경기79바1614 3 44 232000073 277101975 33 
2020-11-29T23:32:51.575764+09:00 0 0 경기79바1614 3 43 232000073 112000170 34 
2020-11-29T23:33:50.840583+09:00 0 0 경기79바1614 3 43 232000073 113000478 35 
2020-11-29T23:34:49.755277+09:00 0 0 경기79바1614 3 43 232000073 113000478 35 
2020-11-29T23:35:50.109863+09:00 0 0 경기79바1614 3 43 232000073 113000411 36 
2020-11-29T23:36:49.504488+09:00 0 0 경기79바1614 3 43 232000073 113000411 36 
2020-11-29T23:37:48.298948+09:00 0 0 경기79바1614 3 43 232000073 113000411 36 
2020-11-29T23:38:48.723653+09:00 0 0 경기79바1614 3 41 232000073 113000416 38 
2020-11-29T23:39:47.888130+09:00 0 0 경기79바1614 3 41 232000073 113000416 38 
2020-11-29T23:40:46.852445+09:00 0 0 경기79바1614 3 41 232000073 113000416 38 
2020-11-29T23:41:47.116928+09:00 0 0 경기79바1614 3 41 232000073 113000416 38 
2020-11-29T23:42:45.991480+09:00 0 0 경기79바1614 3 41 232000073 113000416 38 
2020-11-29T23:43:46.325773+09:00 0 0 경기79바1614 3 36 232000073 277102199 40 
2020-11-29T23:44:45.591851+09:00 0 0 경기79바1614 3 36 232000073 277102199 40 
2020-11-29T23:45:44.814381+09:00 0 0 경기79바1614 3 36 232000073 277102198 41 
2020-11-29T23:46:44.038779+09:00 0 0 경기79바1614 3 36 232000073 113000412 42 
2020-11-29T23:47:43.373098+09:00 0 0 경기79바1614 3 36 232000073 113000412 42 
2020-11-29T23:48:42.447414+09:00 0 0 경기79바1614 3 35 232000073 113000412 42 
2020-11-29T23:49:41.531556+09:00 0 0 경기79바1614 3 35 232000073 113000412 42 
2020-11-29T23:50:40.805948+09:00 0 0 경기79바1614 3 35 232000073 113000412 42 
2020-11-29T23:51:39.840104+09:00 0 0 경기79바1614 3 35 232000073 277103529 43 
2020-11-29T23:52:39.884398+09:00 0 0 경기79바1614 3 35 232000073 277103529 43 
2020-11-29T23:53:39.928748+09:00 0 0 경기79바1614 3 35 232000073 277103529 43 
2020-11-29T23:54:39.202881+09:00 0 0 경기79바1614 3 35 232000073 277103402 44 
2020-11-29T23:55:38.577200+09:00 0 0 경기79바1614 3 35 232000073 277103402 44 
2020-11-29T23:56:37.511408+09:00 0 0 경기79바1614 3 35 232000073 277103402 44 
2020-11-29T23:57:36.875715+09:00 0 0 경기79바1614 3 35 232000073 277103402 44 
2020-11-29T23:58:36.249997+09:00 0 0 경기79바1614 3 35 232000073 277103401 45 
2020-11-29T23:59:35.394160+09:00 0 0 경기79바1614 3 35 232000073 277103401 45 
2020-11-30T00:00:34.528355+09:00 0 0 경기79바1614 3 35 232000073 277103401 45 
2020-11-30T00:01:33.792617+09:00 0 0 경기79바1614 3 35 232000073 277103401 45 
2020-11-30T00:02:32.936799+09:00 0 0 경기79바1614 3 35 232000073 277103401 45 
2020-11-30T00:03:32.831010+09:00 0 0 경기79바1614 3 35 232000073 277103401 45 
2020-11-30T00:04:31.935159+09:00 0 0 경기79바1614 3 40 232000073 232000432 46 
2020-11-30T00:05:30.919142+09:00 0 0 경기79바1614 3 40 232000073 232000432 46 
2020-11-30T00:06:30.962965+09:00 0 0 경기79바1614 3 40 232000073 232000432 46 
2020-11-30T00:07:30.676861+09:00 0 0 경기79바1614 3 40 232000073 232000432 46 
2020-11-30T00:08:30.730595+09:00 0 0 경기79바1614 3 41 232000073 232000429 47 
2020-11-30T00:09:30.744522+09:00 0 0 경기79바1614 3 41 232000073 232000429 47 
2020-11-30T00:10:29.668387+09:00 0 0 경기79바1614 3 42 232000073 232000354 48 
2020-11-30T00:11:29.832311+09:00 0 0 경기79바1614 3 42 232000073 232000354 48 
2020-11-30T00:12:28.926457+09:00 0 0 경기79바1614 3 43 232000073 232000352 50 
2020-11-30T00:13:28.590367+09:00 0 0 경기79바1614 3 43 232000073 232000352 50 
2020-11-30T00:14:28.684345+09:00 0 0 경기79바1614 3 43 232000073 232000350 52 
2020-11-30T00:15:27.798442+09:00 0 0 경기79바1614 3 43 232000073 232000350 52 
2020-11-30T00:16:27.062442+09:00 0 0 경기79바1614 3 43 232000073 232000350 52 
2020-11-30T00:17:26.386413+09:00 0 0 경기79바1614 3 43 232000073 232000001 53 
2020-11-30T00:18:25.630456+09:00 0 0 경기79바1614 3 43 232000073 232000001 53 
2020-11-30T00:19:24.824441+09:00 0 0 경기79바1614 3 43 232000073 232000001 53 
2020-11-30T00:20:24.808648+09:00 0 0 경기79바1614 3 43 232000073 168000447 54 
2020-11-30T00:21:23.692786+09:00 0 0 경기79바1614 3 43 232000073 168000443 55 
2020-11-30T00:22:22.816558+09:00 0 0 경기79바1614 3 43 232000073 168000443 55 
2020-11-30T00:23:21.840795+09:00 0 0 경기79바1614 3 43 232000073 168000437 56 
2020-11-30T00:24:21.724981+09:00 0 0 경기79바1614 3 43 232000073 168000437 56 
2020-11-30T00:25:20.819050+09:00 0 0 경기79바1614 3 44 232000073 168000437 56 
