228000177 2020-12-02T00:00:29.583921+09:00
2020-12-02T14:23:35.164273+09:00 0 0 경기78아1231 3 43 228000177 277103442 51 
2020-12-02T14:23:35.164325+09:00 0 0 경기78아1100 3 42 228000177 277103364 25 
2020-12-02T14:23:35.164346+09:00 0 0 경기78아1228 3 46 228000177 228001122 61 
2020-12-02T14:23:35.164362+09:00 0 0 경기78아1296 3 46 228000177 228000747 6 
2020-12-02T14:23:35.164379+09:00 0 0 경기78아1213 3 41 228000177 228000785 64 
2020-12-02T14:23:35.164393+09:00 0 0 경기78아1239 3 40 228000177 121000007 40 
2020-12-02T14:23:35.164408+09:00 0 0 경기78아1237 3 48 228000177 277103387 45 
2020-12-02T14:23:35.164422+09:00 0 0 경기78아1103 3 34 228000177 228000736 15 
2020-12-02T14:23:35.164435+09:00 0 0 경기78아1268 3 37 228000177 277104177 32 
2020-12-02T14:24:35.208586+09:00 0 0 경기78아1100 3 42 228000177 277103364 25 
2020-12-02T14:24:35.208648+09:00 0 0 경기78아1228 3 46 228000177 228001122 61 
2020-12-02T14:24:35.208668+09:00 0 0 경기78아1296 3 46 228000177 228000747 6 
2020-12-02T14:24:35.208683+09:00 0 0 경기78아1239 3 40 228000177 121000005 41 
2020-12-02T14:24:35.208700+09:00 0 0 경기78아1231 3 43 228000177 277103360 52 
2020-12-02T14:24:35.208714+09:00 0 0 경기78아1213 3 42 228000177 228000784 65 
2020-12-02T14:24:35.208728+09:00 0 0 경기78아1237 3 48 228000177 277103387 45 
2020-12-02T14:24:35.208742+09:00 0 0 경기78아1103 3 34 228000177 228000736 15 
2020-12-02T14:24:35.208755+09:00 0 0 경기78아1268 3 37 228000177 277103388 33 
2020-12-02T14:25:34.392536+09:00 0 0 경기78아1213 3 42 228000177 228000784 65 
2020-12-02T14:25:34.392597+09:00 0 0 경기78아1239 3 39 228000177 121000005 41 
2020-12-02T14:25:34.392616+09:00 0 0 경기78아1231 3 43 228000177 277103360 52 
2020-12-02T14:25:34.392632+09:00 0 0 경기78아1228 3 46 228000177 228001122 61 
2020-12-02T14:25:34.392648+09:00 0 0 경기78아1100 3 42 228000177 277103361 26 
2020-12-02T14:25:34.392663+09:00 0 0 경기78아1296 3 47 228000177 228001208 7 
2020-12-02T14:25:34.392677+09:00 0 0 경기78아1268 3 37 228000177 277103388 33 
2020-12-02T14:25:34.392691+09:00 0 0 경기78아1237 3 48 228000177 277104178 46 
2020-12-02T14:25:34.392704+09:00 0 0 경기78아1103 3 36 228000177 228001773 16 
2020-12-02T14:26:34.096664+09:00 0 0 경기78아1239 3 39 228000177 121000005 41 
2020-12-02T14:26:34.096727+09:00 0 0 경기78아1100 3 42 228000177 277103361 26 
2020-12-02T14:26:34.096747+09:00 0 0 경기78아1296 3 47 228000177 228001208 7 
2020-12-02T14:26:34.096763+09:00 0 0 경기78아1213 3 42 228000177 228000783 66 
2020-12-02T14:26:34.096780+09:00 0 0 경기78아1228 3 46 228000177 228000787 62 
2020-12-02T14:26:34.096794+09:00 0 0 경기78아1231 3 43 228000177 277103360 52 
2020-12-02T14:26:34.096809+09:00 0 0 경기78아1237 3 48 228000177 277104178 46 
2020-12-02T14:26:34.096822+09:00 0 0 경기78아1103 3 36 228000177 228001105 17 
2020-12-02T14:26:34.096836+09:00 0 0 경기78아1268 3 37 228000177 277103390 34 
2020-12-02T14:27:34.060759+09:00 0 0 경기78아1100 3 42 228000177 277103361 26 
2020-12-02T14:27:34.060821+09:00 0 0 경기78아1296 3 47 228000177 228001208 7 
2020-12-02T14:27:34.060841+09:00 0 0 경기78아1213 3 42 228000177 228000783 66 
2020-12-02T14:27:34.060857+09:00 0 0 경기78아1228 3 46 228000177 228000786 63 
2020-12-02T14:27:34.060874+09:00 0 0 경기78아1239 3 39 228000177 121000005 41 
2020-12-02T14:27:34.060888+09:00 0 0 경기78아1231 3 43 228000177 277103360 52 
2020-12-02T14:27:34.060914+09:00 0 0 경기78아1268 3 37 228000177 277103390 34 
2020-12-02T14:27:34.060928+09:00 0 0 경기78아1237 3 48 228000177 277103440 47 
2020-12-02T14:27:34.060941+09:00 0 0 경기78아1103 3 36 228000177 228001105 17 
2020-12-02T14:28:33.654871+09:00 0 0 경기78아1296 3 47 228000177 228001208 7 
2020-12-02T14:28:33.654935+09:00 0 0 경기78아1239 3 37 228000177 121000003 42 
2020-12-02T14:28:33.654955+09:00 0 0 경기78아1100 3 42 228000177 277103443 27 
2020-12-02T14:28:33.654971+09:00 0 0 경기78아1213 3 42 228000177 228000782 67 
2020-12-02T14:28:33.654987+09:00 0 0 경기78아1231 3 43 228000177 277103365 53 
2020-12-02T14:28:33.655002+09:00 0 0 경기78아1228 3 46 228000177 228000785 64 
2020-12-02T14:28:33.655016+09:00 0 0 경기78아1103 3 35 228000177 228002101 19 
2020-12-02T14:28:33.655029+09:00 0 0 경기78아1237 3 48 228000177 277103440 47 
2020-12-02T14:28:33.655042+09:00 0 0 경기78아1268 3 37 228000177 277103765 35 
2020-12-02T14:29:32.578904+09:00 0 0 경기78아1296 3 47 228000177 228001208 7 
2020-12-02T14:29:32.578974+09:00 0 0 경기78아1100 3 42 228000177 277103443 27 
2020-12-02T14:29:32.578994+09:00 0 0 경기78아1239 3 37 228000177 121000001 43 
2020-12-02T14:29:32.579010+09:00 0 0 경기78아1231 3 43 228000177 228000698 54 
2020-12-02T14:29:32.579027+09:00 0 0 경기78아1213 3 42 228000177 228000782 67 
2020-12-02T14:29:32.579042+09:00 0 0 경기78아1228 3 46 228000177 228000784 65 
2020-12-02T14:29:32.579057+09:00 0 0 경기78아1237 3 48 228000177 277103678 48 
2020-12-02T14:29:32.579070+09:00 0 0 경기78아1268 3 37 228000177 277103765 35 
2020-12-02T14:29:32.579084+09:00 0 0 경기78아1103 3 35 228000177 228000796 20 
2020-12-02T14:30:32.112980+09:00 0 0 경기78아1100 3 42 228000177 277103443 27 
2020-12-02T14:30:32.113074+09:00 0 0 경기78아1228 3 46 228000177 228000784 65 
2020-12-02T14:30:32.113099+09:00 0 0 경기78아1296 3 47 228000177 228001208 7 
2020-12-02T14:30:32.113116+09:00 0 0 경기78아1239 3 36 228000177 121000001 43 
2020-12-02T14:30:32.113133+09:00 0 0 경기78아1231 3 42 228000177 228000698 54 
2020-12-02T14:30:32.113147+09:00 0 0 경기78아1213 3 42 228000177 228000782 67 
2020-12-02T14:30:32.113161+09:00 0 0 경기78아1237 3 48 228000177 277103150 49 
2020-12-02T14:30:32.113175+09:00 0 0 경기78아1103 3 35 228000177 228000794 21 
2020-12-02T14:30:32.113188+09:00 0 0 경기78아1268 3 37 228000177 121000944 36 
2020-12-02T14:31:31.457263+09:00 0 0 경기78아1228 3 46 228000177 228000783 66 
2020-12-02T14:31:31.457325+09:00 0 0 경기78아1239 3 36 228000177 121000001 43 
2020-12-02T14:31:31.457346+09:00 0 0 경기78아1100 3 42 228000177 277103386 28 
2020-12-02T14:31:31.457363+09:00 0 0 경기78아1231 3 42 228000177 228001124 55 
2020-12-02T14:31:31.457379+09:00 0 0 경기78아1106 3 0 228000177 277102409 3 
2020-12-02T14:31:31.457397+09:00 0 0 경기78아1296 3 47 228000177 228000743 9 
2020-12-02T14:31:31.457412+09:00 0 0 경기78아1213 3 42 228000177 228000780 69 
2020-12-02T14:31:31.457425+09:00 0 0 경기78아1103 3 35 228000177 228000794 21 
2020-12-02T14:31:31.457439+09:00 0 0 경기78아1237 3 48 228000177 277103150 49 
2020-12-02T14:31:31.457453+09:00 0 0 경기78아1268 3 41 228000177 121000944 36 
2020-12-02T14:32:30.931159+09:00 0 0 경기78아1100 3 42 228000177 277103386 28 
2020-12-02T14:32:30.931220+09:00 0 0 경기78아1213 3 42 228000177 228000780 69 
2020-12-02T14:32:30.931240+09:00 0 0 경기78아1296 3 47 228000177 228000742 10 
2020-12-02T14:32:30.931255+09:00 0 0 경기78아1228 3 46 228000177 228000783 66 
2020-12-02T14:32:30.931271+09:00 0 0 경기78아1239 3 36 228000177 121000220 44 
2020-12-02T14:32:30.931284+09:00 0 0 경기78아1106 3 0 228000177 228002022 4 
2020-12-02T14:32:30.931298+09:00 0 0 경기78아1231 3 42 228000177 228000801 56 
2020-12-02T14:32:30.931311+09:00 0 0 경기78아1237 3 48 228000177 277103150 49 
2020-12-02T14:32:30.931324+09:00 0 0 경기78아1268 3 41 228000177 277102911 37 
2020-12-02T14:32:30.931338+09:00 0 0 경기78아1103 3 35 228000177 228000793 22 
2020-12-02T14:33:30.815321+09:00 0 0 경기78아1296 3 47 228000177 228000742 10 
2020-12-02T14:33:30.815384+09:00 0 0 경기78아1228 3 46 228000177 228000782 67 
2020-12-02T14:33:30.815404+09:00 0 0 경기78아1106 3 0 228000177 228002024 5 
2020-12-02T14:33:30.815420+09:00 0 0 경기78아1239 3 36 228000177 121000220 44 
2020-12-02T14:33:30.815436+09:00 0 0 경기78아1213 3 42 228000177 228000779 70 
2020-12-02T14:33:30.815450+09:00 0 0 경기78아1231 3 42 228000177 228000799 58 
2020-12-02T14:33:30.815464+09:00 0 0 경기78아1100 3 42 228000177 277103151 29 
2020-12-02T14:33:30.815477+09:00 0 0 경기78아1237 3 48 228000177 277103385 50 
2020-12-02T14:33:30.815491+09:00 0 0 경기78아1103 3 34 228000177 228001103 23 
2020-12-02T14:33:30.815508+09:00 0 0 경기78아1268 3 41 228000177 277102911 37 
2020-12-02T14:34:30.709396+09:00 0 0 경기78아1213 3 42 228000177 228000779 70 
2020-12-02T14:34:30.709459+09:00 0 0 경기78아1228 3 46 228000177 228000782 67 
2020-12-02T14:34:30.709479+09:00 0 0 경기78아1100 3 42 228000177 277103151 29 
2020-12-02T14:34:30.709495+09:00 0 0 경기78아1106 3 0 228000177 228000747 6 
2020-12-02T14:34:30.709511+09:00 0 0 경기78아1296 3 47 228000177 228000741 11 
2020-12-02T14:34:30.709525+09:00 0 0 경기78아1231 3 40 228000177 228000798 60 
2020-12-02T14:34:30.709539+09:00 0 0 경기78아1239 3 36 228000177 277103387 45 
2020-12-02T14:34:30.709552+09:00 0 0 경기78아1237 3 48 228000177 277103385 50 
2020-12-02T14:34:30.709565+09:00 0 0 경기78아1103 3 34 228000177 228001103 23 
2020-12-02T14:34:30.709580+09:00 0 0 경기78아1268 3 41 228000177 121000009 38 
2020-12-02T14:35:30.273478+09:00 0 0 경기78아1228 3 46 228000177 228000782 67 
2020-12-02T14:35:30.273545+09:00 0 0 경기78아1296 3 47 228000177 228000741 11 
2020-12-02T14:35:30.273566+09:00 0 0 경기78아1239 3 36 228000177 277103387 45 
2020-12-02T14:35:30.273582+09:00 0 0 경기78아1106 3 0 228000177 228000747 6 
2020-12-02T14:35:30.273599+09:00 0 0 경기78아1100 3 42 228000177 277103679 30 
2020-12-02T14:35:30.273613+09:00 0 0 경기78아1213 3 43 228000177 228001208 71 
2020-12-02T14:35:30.273627+09:00 0 0 경기78아1231 3 40 228000177 228000798 60 
2020-12-02T14:35:30.273641+09:00 0 0 경기78아1103 3 34 228000177 228001103 23 
2020-12-02T14:35:30.273654+09:00 0 0 경기78아1268 3 43 228000177 121000009 38 
2020-12-02T14:35:30.273668+09:00 0 0 경기78아1237 3 48 228000177 277103442 51 
2020-12-02T14:36:30.057651+09:00 0 0 경기78아1106 3 0 228000177 228000747 6 
2020-12-02T14:36:30.057714+09:00 0 0 경기78아1100 3 42 228000177 277103679 30 
2020-12-02T14:36:30.057735+09:00 0 0 경기78아1213 3 43 228000177 228001208 71 
2020-12-02T14:36:30.057752+09:00 0 0 경기78아1296 3 47 228000177 228000739 12 
2020-12-02T14:36:30.057769+09:00 0 0 경기78아1239 3 36 228000177 277104178 46 
2020-12-02T14:36:30.057784+09:00 0 0 경기78아1231 3 41 228000177 228001122 61 
2020-12-02T14:36:30.057799+09:00 0 0 경기78아1228 3 46 228000177 228000781 68 
2020-12-02T14:36:30.057812+09:00 0 0 경기78아1237 3 48 228000177 277103442 51 
2020-12-02T14:36:30.057826+09:00 0 0 경기78아1268 3 43 228000177 277101612 39 
2020-12-02T14:36:30.057840+09:00 0 0 경기78아1103 3 34 228000177 228001103 23 
2020-12-02T14:37:30.011779+09:00 0 0 경기78아1213 3 43 228000177 228001208 71 
2020-12-02T14:37:30.011842+09:00 0 0 경기78아1100 3 42 228000177 277103441 31 
2020-12-02T14:37:30.011863+09:00 0 0 경기78아1296 3 47 228000177 228000738 13 
2020-12-02T14:37:30.011880+09:00 0 0 경기78아1228 3 46 228000177 228000780 69 
2020-12-02T14:37:30.011896+09:00 0 0 경기78아1231 3 41 228000177 228001122 61 
2020-12-02T14:37:30.011911+09:00 0 0 경기78아1106 3 47 228000177 228001208 7 
2020-12-02T14:37:30.011925+09:00 0 0 경기78아1239 3 36 228000177 277103440 47 
2020-12-02T14:37:30.011938+09:00 0 0 경기78아1268 3 43 228000177 277101612 39 
2020-12-02T14:37:30.011951+09:00 0 0 경기78아1103 3 32 228000177 228000680 24 
2020-12-02T14:37:30.011965+09:00 0 0 경기78아1237 3 48 228000177 277103442 51 
2020-12-02T14:38:29.535739+09:00 0 0 경기78아1231 3 41 228000177 228001122 61 
2020-12-02T14:38:29.535801+09:00 0 0 경기78아1106 3 47 228000177 228001208 7 
2020-12-02T14:38:29.535822+09:00 0 0 경기78아1239 3 36 228000177 277103440 47 
2020-12-02T14:38:29.535838+09:00 0 0 경기78아1228 3 46 228000177 228000779 70 
2020-12-02T14:38:29.535855+09:00 0 0 경기78아1213 3 43 228000177 228001208 71 
2020-12-02T14:38:29.535870+09:00 0 0 경기78아1296 3 47 228000177 228000737 14 
2020-12-02T14:38:29.535884+09:00 0 0 경기78아1100 3 42 228000177 277104177 32 
2020-12-02T14:38:29.535897+09:00 0 0 경기78아1103 3 32 228000177 228000680 24 
2020-12-02T14:38:29.535911+09:00 0 0 경기78아1237 3 48 228000177 277103360 52 
2020-12-02T14:38:29.535925+09:00 0 0 경기78아1268 3 43 228000177 121000007 40 
2020-12-02T14:39:29.049863+09:00 0 0 경기78아1231 3 41 228000177 228001122 61 
2020-12-02T14:39:29.049933+09:00 0 0 경기78아1106 3 47 228000177 228001208 7 
2020-12-02T14:39:29.049954+09:00 0 0 경기78아1213 3 43 228000177 228001208 71 
2020-12-02T14:39:29.049970+09:00 0 0 경기78아1100 3 42 228000177 277104177 32 
2020-12-02T14:39:29.049987+09:00 0 0 경기78아1239 3 36 228000177 277103678 48 
2020-12-02T14:39:29.050001+09:00 0 0 경기78아1228 3 46 228000177 228001208 71 
2020-12-02T14:39:29.050015+09:00 0 0 경기78아1296 3 45 228000177 228000736 15 
2020-12-02T14:39:29.050029+09:00 0 0 경기78아1103 3 32 228000177 228000680 24 
2020-12-02T14:39:29.050042+09:00 0 0 경기78아1268 3 43 228000177 121000007 40 
2020-12-02T14:39:29.050056+09:00 0 0 경기78아1237 3 48 228000177 277103360 52 
2020-12-02T14:40:28.644111+09:00 0 0 경기78아1106 3 47 228000177 228001208 7 
2020-12-02T14:40:28.644173+09:00 0 0 경기78아1228 3 46 228000177 228001208 71 
2020-12-02T14:40:28.644194+09:00 0 0 경기78아1231 3 42 228000177 228001122 61 
2020-12-02T14:40:28.644210+09:00 0 0 경기78아1296 3 45 228000177 228000736 15 
2020-12-02T14:40:28.644226+09:00 0 0 경기78아1213 3 45 228000177 228000777 72 
2020-12-02T14:40:28.644241+09:00 0 0 경기78아1100 3 42 228000177 277103388 33 
2020-12-02T14:40:28.644255+09:00 0 0 경기78아1239 3 36 228000177 277103678 48 
2020-12-02T14:40:28.644269+09:00 0 0 경기78아1268 3 43 228000177 121000005 41 
2020-12-02T14:40:28.644282+09:00 0 0 경기78아1237 3 48 228000177 277103360 52 
2020-12-02T14:40:28.644296+09:00 0 0 경기78아1103 3 32 228000177 277103364 25 
2020-12-02T14:41:28.668294+09:00 0 0 경기78아1106 3 47 228000177 228001208 7 
2020-12-02T14:41:28.668366+09:00 0 0 경기78아1228 3 46 228000177 228001208 71 
2020-12-02T14:41:28.668386+09:00 0 0 경기78아1296 3 45 228000177 228000736 15 
2020-12-02T14:41:28.668402+09:00 0 0 경기78아1213 3 45 228000177 228000777 72 
2020-12-02T14:41:28.668418+09:00 0 0 경기78아1100 3 42 228000177 277103388 33 
2020-12-02T14:41:28.668433+09:00 0 0 경기78아1231 3 41 228000177 228000787 62 
2020-12-02T14:41:28.668446+09:00 0 0 경기78아1239 3 36 228000177 277103150 49 
2020-12-02T14:41:28.668460+09:00 0 0 경기78아1103 3 32 228000177 277103364 25 
2020-12-02T14:41:28.668473+09:00 0 0 경기78아1268 3 43 228000177 121000005 41 
2020-12-02T14:41:28.668487+09:00 0 0 경기78아1237 3 48 228000177 277103365 53 
2020-12-02T14:42:28.182421+09:00 0 0 경기78아1239 3 36 228000177 277103150 49 
2020-12-02T14:42:28.182486+09:00 0 0 경기78아1228 3 46 228000177 228001208 71 
2020-12-02T14:42:28.182506+09:00 0 0 경기78아1231 3 41 228000177 228000786 63 
2020-12-02T14:42:28.182522+09:00 0 0 경기78아1106 3 47 228000177 228001208 7 
2020-12-02T14:42:28.182541+09:00 0 0 경기78아1213 3 45 228000177 228002023 73 
2020-12-02T14:42:28.182558+09:00 0 0 경기78아1296 3 45 228000177 228001773 16 
2020-12-02T14:42:28.182573+09:00 0 0 경기78아1100 3 42 228000177 277103388 33 
2020-12-02T14:42:28.182586+09:00 0 0 경기78아1268 3 43 228000177 121000003 42 
2020-12-02T14:42:28.182600+09:00 0 0 경기78아1237 3 48 228000177 228000698 54 
2020-12-02T14:42:28.182614+09:00 0 0 경기78아1103 3 32 228000177 277103364 25 
2020-12-02T14:43:28.016753+09:00 0 0 경기78아1231 3 41 228000177 228000786 63 
2020-12-02T14:43:28.016815+09:00 0 0 경기78아1213 3 45 228000177 228002023 73 
2020-12-02T14:43:28.016835+09:00 0 0 경기78아1100 3 42 228000177 277103390 34 
2020-12-02T14:43:28.016851+09:00 0 0 경기78아1228 3 46 228000177 228000777 72 
2020-12-02T14:43:28.016868+09:00 0 0 경기78아1239 3 36 228000177 277103385 50 
2020-12-02T14:43:28.016882+09:00 0 0 경기78아1106 3 47 228000177 228000743 9 
2020-12-02T14:43:28.016896+09:00 0 0 경기78아1296 3 45 228000177 228001773 16 
2020-12-02T14:43:28.016910+09:00 0 0 경기78아1268 3 42 228000177 121000003 42 
2020-12-02T14:43:28.016923+09:00 0 0 경기78아1103 3 32 228000177 277103361 26 
2020-12-02T14:43:28.016937+09:00 0 0 경기78아1237 3 48 228000177 228001124 55 
2020-12-02T14:44:27.080848+09:00 0 0 경기78아1239 3 36 228000177 277103385 50 
2020-12-02T14:44:27.080925+09:00 0 0 경기78아1213 3 48 228000177 228002021 74 
2020-12-02T14:44:27.080945+09:00 0 0 경기78아1231 3 43 228000177 228000785 64 
2020-12-02T14:44:27.080962+09:00 0 0 경기78아1228 3 46 228000177 228002023 73 
2020-12-02T14:44:27.080978+09:00 0 0 경기78아1296 3 44 228000177 228001105 17 
2020-12-02T14:44:27.080993+09:00 0 0 경기78아1106 3 47 228000177 228000742 10 
2020-12-02T14:44:27.081007+09:00 0 0 경기78아1100 3 42 228000177 277103390 34 
2020-12-02T14:44:27.081021+09:00 0 0 경기78아1103 3 32 228000177 277103361 26 
2020-12-02T14:44:27.081074+09:00 0 0 경기78아1237 3 48 228000177 228001124 55 
2020-12-02T14:44:27.081093+09:00 0 0 경기78아1268 3 42 228000177 121000001 43 
2020-12-02T14:45:26.725124+09:00 0 0 경기78아1239 3 36 228000177 277103385 50 
2020-12-02T14:45:26.725186+09:00 0 0 경기78아1106 3 47 228000177 228000742 10 
2020-12-02T14:45:26.725206+09:00 0 0 경기78아1228 3 47 228000177 228002021 74 
2020-12-02T14:45:26.725221+09:00 0 0 경기78아1100 3 42 228000177 277103765 35 
2020-12-02T14:45:26.725237+09:00 0 0 경기78아1231 3 44 228000177 228000784 65 
2020-12-02T14:45:26.725251+09:00 0 0 경기78아1109 3 0 228000177 228000191 1 
2020-12-02T14:45:26.725265+09:00 0 0 경기78아1296 3 44 228000177 228000797 18 
2020-12-02T14:45:26.725278+09:00 0 0 경기78아1103 3 32 228000177 277103361 26 
2020-12-02T14:45:26.725291+09:00 0 0 경기78아1268 3 42 228000177 121000001 43 
2020-12-02T14:45:26.725305+09:00 0 0 경기78아1237 3 48 228000177 228000800 57 
2020-12-02T14:46:26.249243+09:00 0 0 경기78아1100 3 42 228000177 277103765 35 
2020-12-02T14:46:26.249305+09:00 0 0 경기78아1231 3 44 228000177 228000783 66 
2020-12-02T14:46:26.249325+09:00 0 0 경기78아1109 3 0 228000177 277102409 3 
2020-12-02T14:46:26.249345+09:00 0 0 경기78아1239 3 36 228000177 277103442 51 
2020-12-02T14:46:26.249361+09:00 0 0 경기78아1106 3 47 228000177 228000741 11 
2020-12-02T14:46:26.249375+09:00 0 0 경기78아1296 3 44 228000177 228000796 20 
2020-12-02T14:46:26.249389+09:00 0 0 경기78아1268 3 42 228000177 121000001 43 
2020-12-02T14:46:26.249402+09:00 0 0 경기78아1103 3 32 228000177 277103443 27 
2020-12-02T14:46:26.249415+09:00 0 0 경기78아1237 3 48 228000177 228000800 57 
2020-12-02T14:47:26.093349+09:00 0 0 경기78아1100 3 42 228000177 277103765 35 
2020-12-02T14:47:26.093412+09:00 0 0 경기78아1239 3 36 228000177 277103442 51 
2020-12-02T14:47:26.093433+09:00 0 0 경기78아1106 3 47 228000177 228000741 11 
2020-12-02T14:47:26.093453+09:00 0 0 경기78아1109 3 0 228000177 228002022 4 
2020-12-02T14:47:26.093470+09:00 0 0 경기78아1231 3 44 228000177 228000783 66 
2020-12-02T14:47:26.093485+09:00 0 0 경기78아1296 3 43 228000177 228000793 22 
2020-12-02T14:47:26.093499+09:00 0 0 경기78아1103 3 32 228000177 277103443 27 
2020-12-02T14:47:26.093512+09:00 0 0 경기78아1237 3 47 228000177 228002100 59 
2020-12-02T14:47:26.093526+09:00 0 0 경기78아1268 3 42 228000177 121000220 44 
2020-12-02T14:48:25.937587+09:00 0 0 경기78아1239 3 36 228000177 277103442 51 
2020-12-02T14:48:25.937649+09:00 0 0 경기78아1100 3 42 228000177 277103765 35 
2020-12-02T14:48:25.937671+09:00 0 0 경기78아1231 3 44 228000177 228000782 67 
2020-12-02T14:48:25.937687+09:00 0 0 경기78아1296 3 43 228000177 228000793 22 
2020-12-02T14:48:25.937703+09:00 0 0 경기78아1106 3 47 228000177 228000739 12 
2020-12-02T14:48:25.937718+09:00 0 0 경기78아1109 3 47 228000177 228002024 5 
2020-12-02T14:48:25.937732+09:00 0 0 경기78아1237 3 46 228000177 228000798 60 
2020-12-02T14:48:25.937746+09:00 0 0 경기78아1103 3 32 228000177 277103386 28 
2020-12-02T14:48:25.937759+09:00 0 0 경기78아1268 3 41 228000177 121000220 44 
2020-12-02T14:49:25.341749+09:00 0 0 경기78아1296 3 43 228000177 228000793 22 
2020-12-02T14:49:25.341811+09:00 0 0 경기78아1109 3 47 228000177 228002024 5 
2020-12-02T14:49:25.341831+09:00 0 0 경기78아1231 3 44 228000177 228000782 67 
2020-12-02T14:49:25.341847+09:00 0 0 경기78아1106 3 46 228000177 228000739 12 
2020-12-02T14:49:25.341863+09:00 0 0 경기78아1100 3 42 228000177 121000944 36 
2020-12-02T14:49:25.341878+09:00 0 0 경기78아1239 3 36 228000177 277103360 52 
2020-12-02T14:49:25.341893+09:00 0 0 경기78아1103 3 32 228000177 277103386 28 
2020-12-02T14:49:25.341907+09:00 0 0 경기78아1268 3 41 228000177 121000220 44 
2020-12-02T14:49:25.341920+09:00 0 0 경기78아1237 3 46 228000177 228001122 61 
2020-12-02T14:50:25.235972+09:00 0 0 경기78아1239 3 36 228000177 277103360 52 
2020-12-02T14:50:25.236034+09:00 0 0 경기78아1106 3 46 228000177 228000738 13 
2020-12-02T14:50:25.236054+09:00 0 0 경기78아1109 3 47 228000177 228002024 5 
2020-12-02T14:50:25.236069+09:00 0 0 경기78아1231 3 44 228000177 228000782 67 
2020-12-02T14:50:25.236085+09:00 0 0 경기78아1100 3 44 228000177 277102911 37 
2020-12-02T14:50:25.236100+09:00 0 0 경기78아1296 3 43 228000177 228001103 23 
2020-12-02T14:50:25.236114+09:00 0 0 경기78아1268 3 41 228000177 121000220 44 
2020-12-02T14:50:25.236127+09:00 0 0 경기78아1237 3 46 228000177 228001122 61 
2020-12-02T14:50:25.236140+09:00 0 0 경기78아1103 3 32 228000177 277103151 29 
2020-12-02T14:51:24.860293+09:00 0 0 경기78아1100 3 44 228000177 277102911 37 
2020-12-02T14:51:24.860354+09:00 0 0 경기78아1296 3 42 228000177 228001103 23 
2020-12-02T14:51:24.860374+09:00 0 0 경기78아1239 3 36 228000177 277103360 52 
2020-12-02T14:51:24.860389+09:00 0 0 경기78아1109 3 47 228000177 228000747 6 
2020-12-02T14:51:24.860405+09:00 0 0 경기78아1106 3 45 228000177 228000737 14 
2020-12-02T14:51:24.860419+09:00 0 0 경기78아1231 3 44 228000177 228000782 67 
2020-12-02T14:51:24.860433+09:00 0 0 경기78아1103 3 32 228000177 277103151 29 
2020-12-02T14:51:24.860446+09:00 0 0 경기78아1237 3 46 228000177 228000787 62 
2020-12-02T14:51:24.860460+09:00 0 0 경기78아1268 3 41 228000177 121000220 44 
2020-12-02T14:52:23.874237+09:00 0 0 경기78아1296 3 42 228000177 228001103 23 
2020-12-02T14:52:23.874297+09:00 0 0 경기78아1109 3 47 228000177 228000747 6 
2020-12-02T14:52:23.874317+09:00 0 0 경기78아1239 3 36 228000177 277103360 52 
2020-12-02T14:52:23.874333+09:00 0 0 경기78아1100 3 44 228000177 121000009 38 
2020-12-02T14:52:23.874349+09:00 0 0 경기78아1106 3 45 228000177 228000736 15 
2020-12-02T14:52:23.874368+09:00 0 0 경기78아1231 3 44 228000177 228000780 69 
2020-12-02T14:52:23.874384+09:00 0 0 경기78아1103 3 32 228000177 277103679 30 
2020-12-02T14:52:23.874397+09:00 0 0 경기78아1237 3 46 228000177 228000786 63 
2020-12-02T14:52:23.874411+09:00 0 0 경기78아1268 3 41 228000177 277103387 45 
2020-12-02T14:53:23.748390+09:00 0 0 경기78아1296 3 42 228000177 228001103 23 
2020-12-02T14:53:23.748453+09:00 0 0 경기78아1100 3 44 228000177 121000009 38 
2020-12-02T14:53:23.748473+09:00 0 0 경기78아1231 3 44 228000177 228000780 69 
2020-12-02T14:53:23.748489+09:00 0 0 경기78아1109 3 47 228000177 228000747 6 
2020-12-02T14:53:23.748505+09:00 0 0 경기78아1239 3 36 228000177 277103365 53 
2020-12-02T14:53:23.748520+09:00 0 0 경기78아1106 3 45 228000177 228000736 15 
2020-12-02T14:53:23.748534+09:00 0 0 경기78아1237 3 46 228000177 228000786 63 
2020-12-02T14:53:23.748551+09:00 0 0 경기78아1268 3 41 228000177 277103387 45 
2020-12-02T14:53:23.748564+09:00 0 0 경기78아1103 3 32 228000177 277103441 31 
2020-12-02T14:54:27.822972+09:00 0 0 경기78아1296 3 42 228000177 228001103 23 
2020-12-02T14:54:27.823035+09:00 0 0 경기78아1106 3 45 228000177 228000736 15 
2020-12-02T14:54:27.823056+09:00 0 0 경기78아1100 3 41 228000177 277101612 39 
2020-12-02T14:54:27.823071+09:00 0 0 경기78아1231 3 44 228000177 228000779 70 
2020-12-02T14:54:27.823088+09:00 0 0 경기78아1109 3 47 228000177 228001208 7 
2020-12-02T14:54:27.823103+09:00 0 0 경기78아1239 3 36 228000177 228000698 54 
2020-12-02T14:54:27.823116+09:00 0 0 경기78아1103 3 32 228000177 277103441 31 
2020-12-02T14:54:27.823130+09:00 0 0 경기78아1268 3 41 228000177 277104178 46 
2020-12-02T14:54:27.823143+09:00 0 0 경기78아1237 3 47 228000177 228000785 64 
2020-12-02T14:55:22.336689+09:00 0 0 경기78아1100 3 41 228000177 277101612 39 
2020-12-02T14:55:22.336750+09:00 0 0 경기78아1231 3 44 228000177 228000779 70 
2020-12-02T14:55:22.336770+09:00 0 0 경기78아1239 3 36 228000177 228001124 55 
2020-12-02T14:55:22.336787+09:00 0 0 경기78아1106 3 45 228000177 228001773 16 
2020-12-02T14:55:22.336803+09:00 0 0 경기78아1109 3 43 228000177 228001208 7 
2020-12-02T14:55:22.336818+09:00 0 0 경기78아1296 3 43 228000177 228001103 23 
2020-12-02T14:55:22.336832+09:00 0 0 경기78아1237 3 47 228000177 228000784 65 
2020-12-02T14:55:22.336845+09:00 0 0 경기78아1268 3 41 228000177 277103440 47 
2020-12-02T14:55:22.336859+09:00 0 0 경기78아1103 3 32 228000177 277104177 32 
2020-12-02T14:56:22.330936+09:00 0 0 경기78아1109 3 43 228000177 228001208 7 
2020-12-02T14:56:22.330996+09:00 0 0 경기78아1296 3 43 228000177 228001103 23 
2020-12-02T14:56:22.331017+09:00 0 0 경기78아1106 3 45 228000177 228001105 17 
2020-12-02T14:56:22.331047+09:00 0 0 경기78아1100 3 41 228000177 121000007 40 
2020-12-02T14:56:22.331063+09:00 0 0 경기78아1231 3 46 228000177 228001208 71 
2020-12-02T14:56:22.331077+09:00 0 0 경기78아1239 3 36 228000177 228001124 55 
2020-12-02T14:56:22.331091+09:00 0 0 경기78아1268 3 41 228000177 277103678 48 
2020-12-02T14:56:22.331104+09:00 0 0 경기78아1237 3 47 228000177 228000783 66 
2020-12-02T14:56:22.331117+09:00 0 0 경기78아1103 3 32 228000177 277103388 33 
2020-12-02T14:57:22.544993+09:00 0 0 경기78아1109 3 43 228000177 228001208 7 
2020-12-02T14:57:22.545083+09:00 0 0 경기78아1231 3 46 228000177 228001208 71 
2020-12-02T14:57:22.545105+09:00 0 0 경기78아1106 3 45 228000177 228001105 17 
2020-12-02T14:57:22.545122+09:00 0 0 경기78아1100 3 41 228000177 121000005 41 
2020-12-02T14:57:22.545138+09:00 0 0 경기78아1296 3 42 228000177 228000680 24 
2020-12-02T14:57:22.545153+09:00 0 0 경기78아1239 3 37 228000177 228001124 55 
2020-12-02T14:57:22.545166+09:00 0 0 경기78아1103 3 32 228000177 277103388 33 
2020-12-02T14:57:22.545180+09:00 0 0 경기78아1237 3 47 228000177 228000783 66 
2020-12-02T14:57:22.545193+09:00 0 0 경기78아1268 3 41 228000177 277103678 48 
2020-12-02T14:58:21.329223+09:00 0 0 경기78아1109 3 43 228000177 228001208 7 
2020-12-02T14:58:21.329288+09:00 0 0 경기78아1231 3 46 228000177 228001208 71 
2020-12-02T14:58:21.329309+09:00 0 0 경기78아1100 3 41 228000177 121000005 41 
2020-12-02T14:58:21.329325+09:00 0 0 경기78아1239 3 37 228000177 228000801 56 
2020-12-02T14:58:21.329341+09:00 0 0 경기78아1106 3 45 228000177 228002101 19 
2020-12-02T14:58:21.329356+09:00 0 0 경기78아1296 3 42 228000177 277103364 25 
2020-12-02T14:58:21.329369+09:00 0 0 경기78아1268 3 41 228000177 277103150 49 
2020-12-02T14:58:21.329383+09:00 0 0 경기78아1237 3 47 228000177 228000782 67 
2020-12-02T14:58:21.329396+09:00 0 0 경기78아1103 3 32 228000177 277103388 33 
2020-12-02T14:59:21.403228+09:00 0 0 경기78아1109 3 43 228000177 228001208 7 
2020-12-02T14:59:21.403289+09:00 0 0 경기78아1239 3 37 228000177 228000800 57 
2020-12-02T14:59:21.403309+09:00 0 0 경기78아1100 3 41 228000177 121000005 41 
2020-12-02T14:59:21.403325+09:00 0 0 경기78아1231 3 46 228000177 228001208 71 
2020-12-02T14:59:21.403340+09:00 0 0 경기78아1296 3 42 228000177 277103364 25 
2020-12-02T14:59:21.403355+09:00 0 0 경기78아1106 3 45 228000177 228000796 20 
2020-12-02T14:59:21.403369+09:00 0 0 경기78아1103 3 32 228000177 277103390 34 
2020-12-02T14:59:21.403382+09:00 0 0 경기78아1268 3 41 228000177 277103150 49 
2020-12-02T14:59:21.403395+09:00 0 0 경기78아1237 3 47 228000177 228000782 67 
2020-12-02T15:00:20.697342+09:00 0 0 경기78아1100 3 41 228000177 121000005 41 
2020-12-02T15:00:20.697403+09:00 0 0 경기78아1231 3 46 228000177 228001208 71 
2020-12-02T15:00:20.697424+09:00 0 0 경기78아1296 3 42 228000177 277103364 25 
2020-12-02T15:00:20.697440+09:00 0 0 경기78아1239 3 37 228000177 228000799 58 
2020-12-02T15:00:20.697456+09:00 0 0 경기78아1106 3 45 228000177 228000793 22 
2020-12-02T15:00:20.697470+09:00 0 0 경기78아1109 3 43 228000177 228001208 7 
2020-12-02T15:00:20.697484+09:00 0 0 경기78아1237 3 47 228000177 228000782 67 
2020-12-02T15:00:20.697498+09:00 0 0 경기78아1268 3 41 228000177 277103385 50 
2020-12-02T15:00:20.697511+09:00 0 0 경기78아1103 3 32 228000177 277103390 34 
2020-12-02T15:01:20.431530+09:00 0 0 경기78아1106 3 45 228000177 228000793 22 
2020-12-02T15:01:20.431593+09:00 0 0 경기78아1296 3 42 228000177 277103361 26 
2020-12-02T15:01:20.431613+09:00 0 0 경기78아1239 3 37 228000177 228000798 60 
2020-12-02T15:01:20.431630+09:00 0 0 경기78아1100 3 41 228000177 121000003 42 
2020-12-02T15:01:20.431646+09:00 0 0 경기78아1231 3 47 228000177 228000777 72 
2020-12-02T15:01:20.431661+09:00 0 0 경기78아1109 3 43 228000177 228000742 10 
2020-12-02T15:01:20.431675+09:00 0 0 경기78아1237 3 47 228000177 228000780 69 
2020-12-02T15:01:20.431689+09:00 0 0 경기78아1297 3 45 228000177 277100512 2 
2020-12-02T15:01:20.431703+09:00 0 0 경기78아1268 3 41 228000177 277103385 50 
2020-12-02T15:01:20.431717+09:00 0 0 경기78아1103 3 32 228000177 277103765 35 
2020-12-02T15:02:19.965613+09:00 0 0 경기78아1296 3 42 228000177 277103361 26 
2020-12-02T15:02:19.965675+09:00 0 0 경기78아1239 3 37 228000177 228000798 60 
2020-12-02T15:02:19.965694+09:00 0 0 경기78아1231 3 47 228000177 228000777 72 
2020-12-02T15:02:19.965722+09:00 0 0 경기78아1109 3 42 228000177 228000742 10 
2020-12-02T15:02:19.965739+09:00 0 0 경기78아1106 3 45 228000177 228001103 23 
2020-12-02T15:02:19.965753+09:00 0 0 경기78아1100 3 38 228000177 121000001 43 
2020-12-02T15:02:19.965768+09:00 0 0 경기78아1237 3 47 228000177 228000780 69 
2020-12-02T15:02:19.965781+09:00 0 0 경기78아1297 3 45 228000177 228002022 4 
2020-12-02T15:02:19.965795+09:00 0 0 경기78아1268 3 41 228000177 277103385 50 
2020-12-02T15:02:19.965809+09:00 0 0 경기78아1103 3 32 228000177 277103765 35 
2020-12-02T15:03:19.529832+09:00 0 0 경기78아1239 3 37 228000177 228000798 60 
2020-12-02T15:03:19.529893+09:00 0 0 경기78아1109 3 42 228000177 228000742 10 
2020-12-02T15:03:19.529913+09:00 0 0 경기78아1106 3 45 228000177 228001103 23 
2020-12-02T15:03:19.529928+09:00 0 0 경기78아1296 3 42 228000177 277103443 27 
2020-12-02T15:03:19.529944+09:00 0 0 경기78아1231 3 47 228000177 228002023 73 
2020-12-02T15:03:19.529959+09:00 0 0 경기78아1100 3 38 228000177 121000001 43 
2020-12-02T15:03:19.529973+09:00 0 0 경기78아1297 3 43 228000177 228002024 5 
2020-12-02T15:03:19.529987+09:00 0 0 경기78아1103 3 32 228000177 277103765 35 
2020-12-02T15:03:19.530000+09:00 0 0 경기78아1268 3 41 228000177 277103442 51 
2020-12-02T15:03:19.530014+09:00 0 0 경기78아1237 3 47 228000177 228000779 70 
2020-12-02T15:04:18.973839+09:00 0 0 경기78아1106 3 45 228000177 228001103 23 
2020-12-02T15:04:18.973901+09:00 0 0 경기78아1100 3 38 228000177 121000001 43 
2020-12-02T15:04:18.973921+09:00 0 0 경기78아1231 3 47 228000177 228002023 73 
2020-12-02T15:04:18.973938+09:00 0 0 경기78아1296 3 42 228000177 277103443 27 
2020-12-02T15:04:18.973955+09:00 0 0 경기78아1239 3 37 228000177 228001122 61 
2020-12-02T15:04:18.973970+09:00 0 0 경기78아1109 3 42 228000177 228000741 11 
2020-12-02T15:04:18.973984+09:00 0 0 경기78아1103 3 32 228000177 277103765 35 
2020-12-02T15:04:18.973997+09:00 0 0 경기78아1268 3 41 228000177 277103442 51 
2020-12-02T15:04:18.974011+09:00 0 0 경기78아1297 3 43 228000177 228002024 5 
2020-12-02T15:04:18.974026+09:00 0 0 경기78아1237 3 47 228000177 228000779 70 
2020-12-02T15:05:18.538063+09:00 0 0 경기78아1106 3 45 228000177 228001103 23 
2020-12-02T15:05:18.538125+09:00 0 0 경기78아1296 3 42 228000177 277103443 27 
2020-12-02T15:05:18.538145+09:00 0 0 경기78아1109 3 42 228000177 228000741 11 
2020-12-02T15:05:18.538162+09:00 0 0 경기78아1100 3 38 228000177 121000220 44 
2020-12-02T15:05:18.538178+09:00 0 0 경기78아1239 3 37 228000177 228001122 61 
2020-12-02T15:05:18.538193+09:00 0 0 경기78아1231 3 48 228000177 228002021 74 
2020-12-02T15:05:18.538207+09:00 0 0 경기78아1297 3 43 228000177 228002024 5 
2020-12-02T15:05:18.538220+09:00 0 0 경기78아1237 3 47 228000177 228001208 71 
2020-12-02T15:05:18.538233+09:00 0 0 경기78아1103 3 32 228000177 121000944 36 
2020-12-02T15:05:18.538247+09:00 0 0 경기78아1268 3 41 228000177 277103360 52 
2020-12-02T15:06:18.622230+09:00 0 0 경기78아1109 3 42 228000177 228000739 12 
2020-12-02T15:06:18.622292+09:00 0 0 경기78아1231 3 48 228000177 228002021 74 
2020-12-02T15:06:18.622313+09:00 0 0 경기78아1106 3 45 228000177 228001103 23 
2020-12-02T15:06:18.622329+09:00 0 0 경기78아1296 3 42 228000177 277103386 28 
2020-12-02T15:06:18.622345+09:00 0 0 경기78아1239 3 37 228000177 228000787 62 
2020-12-02T15:06:18.622360+09:00 0 0 경기78아1100 3 38 228000177 121000220 44 
2020-12-02T15:06:18.622374+09:00 0 0 경기78아1237 3 47 228000177 228001208 71 
2020-12-02T15:06:18.622388+09:00 0 0 경기78아1103 3 32 228000177 121000944 36 
2020-12-02T15:06:18.622402+09:00 0 0 경기78아1268 3 41 228000177 277103360 52 
2020-12-02T15:06:18.622416+09:00 0 0 경기78아1297 3 43 228000177 228000747 6 
2020-12-02T15:07:17.806381+09:00 0 0 경기78아1296 3 42 228000177 277103386 28 
2020-12-02T15:07:17.806443+09:00 0 0 경기78아1106 3 42 228000177 228000680 24 
2020-12-02T15:07:17.806463+09:00 0 0 경기78아1239 3 39 228000177 228000786 63 
2020-12-02T15:07:17.806479+09:00 0 0 경기78아1100 3 38 228000177 121000220 44 
2020-12-02T15:07:17.806495+09:00 0 0 경기78아1109 3 41 228000177 228000738 13 
2020-12-02T15:07:17.806510+09:00 0 0 경기78아1297 3 43 228000177 228000747 6 
2020-12-02T15:07:17.806523+09:00 0 0 경기78아1103 3 34 228000177 121000944 36 
2020-12-02T15:07:17.806537+09:00 0 0 경기78아1268 3 41 228000177 277103360 52 
2020-12-02T15:07:17.806550+09:00 0 0 경기78아1237 3 47 228000177 228001208 71 
2020-12-02T15:08:17.760386+09:00 0 0 경기78아1106 3 42 228000177 228000680 24 
2020-12-02T15:08:17.760446+09:00 0 0 경기78아1239 3 39 228000177 228000786 63 
2020-12-02T15:08:17.760466+09:00 0 0 경기78아1100 3 38 228000177 121000220 44 
2020-12-02T15:08:17.760481+09:00 0 0 경기78아1296 3 42 228000177 277103386 28 
2020-12-02T15:08:17.760497+09:00 0 0 경기78아1109 3 41 228000177 228000737 14 
2020-12-02T15:08:17.760512+09:00 0 0 경기78아1268 3 41 228000177 277103360 52 
2020-12-02T15:08:17.760525+09:00 0 0 경기78아1297 3 43 228000177 228000747 6 
2020-12-02T15:08:17.760538+09:00 0 0 경기78아1103 3 36 228000177 121000009 38 
2020-12-02T15:08:17.760556+09:00 0 0 경기78아1237 3 47 228000177 228001208 71 
2020-12-02T15:09:16.774556+09:00 0 0 경기78아1106 3 42 228000177 228000680 24 
2020-12-02T15:09:16.774618+09:00 0 0 경기78아1100 3 38 228000177 277103387 45 
2020-12-02T15:09:16.774638+09:00 0 0 경기78아1296 3 42 228000177 277103151 29 
2020-12-02T15:09:16.774658+09:00 0 0 경기78아1109 3 40 228000177 228000736 15 
2020-12-02T15:09:16.774675+09:00 0 0 경기78아1239 3 41 228000177 228000785 64 
2020-12-02T15:09:16.774690+09:00 0 0 경기78아1297 3 43 228000177 228000747 6 
2020-12-02T15:09:16.774704+09:00 0 0 경기78아1103 3 36 228000177 121000009 38 
2020-12-02T15:09:16.774717+09:00 0 0 경기78아1268 3 41 228000177 277103365 53 
2020-12-02T15:09:16.774731+09:00 0 0 경기78아1237 3 47 228000177 228001208 71 
2020-12-02T15:10:16.578614+09:00 0 0 경기78아1239 3 41 228000177 228000785 64 
2020-12-02T15:10:16.578679+09:00 0 0 경기78아1106 3 42 228000177 277103364 25 
2020-12-02T15:10:16.578699+09:00 0 0 경기78아1296 3 42 228000177 277103679 30 
2020-12-02T15:10:16.578716+09:00 0 0 경기78아1100 3 38 228000177 277104178 46 
2020-12-02T15:10:16.578732+09:00 0 0 경기78아1109 3 39 228000177 228000736 15 
2020-12-02T15:10:16.578747+09:00 0 0 경기78아1103 3 32 228000177 121000009 38 
2020-12-02T15:10:16.578761+09:00 0 0 경기78아1297 3 43 228000177 228001208 7 
2020-12-02T15:10:16.578775+09:00 0 0 경기78아1237 3 47 228000177 228000777 72 
2020-12-02T15:10:16.578788+09:00 0 0 경기78아1268 3 41 228000177 228000698 54 
2020-12-02T15:11:16.342857+09:00 0 0 경기78아1296 3 42 228000177 277103679 30 
2020-12-02T15:11:16.342920+09:00 0 0 경기78아1100 3 38 228000177 277104178 46 
2020-12-02T15:11:16.342942+09:00 0 0 경기78아1106 3 42 228000177 277103364 25 
2020-12-02T15:11:16.342959+09:00 0 0 경기78아1239 3 42 228000177 228000784 65 
2020-12-02T15:11:16.342978+09:00 0 0 경기78아1109 3 39 228000177 228000736 15 
2020-12-02T15:11:16.342995+09:00 0 0 경기78아1103 3 32 228000177 121000009 38 
2020-12-02T15:11:16.343011+09:00 0 0 경기78아1297 3 43 228000177 228001208 7 
2020-12-02T15:11:16.343026+09:00 0 0 경기78아1237 3 48 228000177 228002023 73 
2020-12-02T15:11:16.343041+09:00 0 0 경기78아1268 3 41 228000177 228001124 55 
2020-12-02T15:12:16.377022+09:00 0 0 경기78아1100 3 38 228000177 277103440 47 
2020-12-02T15:12:16.377113+09:00 0 0 경기78아1296 3 42 228000177 277103441 31 
2020-12-02T15:12:16.377133+09:00 0 0 경기78아1239 3 42 228000177 228000783 66 
2020-12-02T15:12:16.377149+09:00 0 0 경기78아1106 3 42 228000177 277103364 25 
2020-12-02T15:12:16.377165+09:00 0 0 경기78아1109 3 39 228000177 228001773 16 
2020-12-02T15:12:16.377180+09:00 0 0 경기78아1268 3 41 228000177 228001124 55 
2020-12-02T15:12:16.377194+09:00 0 0 경기78아1103 3 33 228000177 121000007 40 
2020-12-02T15:12:16.377207+09:00 0 0 경기78아1297 3 43 228000177 228001208 7 
2020-12-02T15:12:16.377220+09:00 0 0 경기78아1237 3 48 228000177 228002021 74 
2020-12-02T15:13:15.890997+09:00 0 0 경기78아1109 3 39 228000177 228001773 16 
2020-12-02T15:13:15.891059+09:00 0 0 경기78아1106 3 42 228000177 277103361 26 
2020-12-02T15:13:15.891080+09:00 0 0 경기78아1296 3 42 228000177 277104177 32 
2020-12-02T15:13:15.891096+09:00 0 0 경기78아1239 3 42 228000177 228000783 66 
2020-12-02T15:13:15.891113+09:00 0 0 경기78아1100 3 38 228000177 277103440 47 
2020-12-02T15:13:15.891128+09:00 0 0 경기78아1297 3 42 228000177 228000743 9 
2020-12-02T15:13:15.891142+09:00 0 0 경기78아1268 3 41 228000177 228001124 55 
2020-12-02T15:13:15.891156+09:00 0 0 경기78아1103 3 33 228000177 121000007 40 
2020-12-02T15:14:15.545314+09:00 0 0 경기78아1106 3 42 228000177 277103361 26 
2020-12-02T15:14:15.545394+09:00 0 0 경기78아1100 3 38 228000177 277103678 48 
2020-12-02T15:14:15.545414+09:00 0 0 경기78아1296 3 42 228000177 277104177 32 
2020-12-02T15:14:15.545429+09:00 0 0 경기78아1239 3 42 228000177 228000782 67 
2020-12-02T15:14:15.545457+09:00 0 0 경기78아1109 3 39 228000177 228001105 17 
2020-12-02T15:14:15.545472+09:00 0 0 경기78아1297 3 41 228000177 228000742 10 
2020-12-02T15:14:15.545486+09:00 0 0 경기78아1268 3 41 228000177 228001124 55 
2020-12-02T15:14:15.545499+09:00 0 0 경기78아1103 3 33 228000177 121000007 40 
2020-12-02T15:15:14.989313+09:00 0 0 경기78아1296 3 42 228000177 277103388 33 
2020-12-02T15:15:14.989377+09:00 0 0 경기78아1109 3 39 228000177 228000797 18 
2020-12-02T15:15:14.989398+09:00 0 0 경기78아1100 3 38 228000177 277103150 49 
2020-12-02T15:15:14.989415+09:00 0 0 경기78아1106 3 42 228000177 277103443 27 
2020-12-02T15:15:14.989431+09:00 0 0 경기78아1239 3 42 228000177 228000782 67 
2020-12-02T15:15:14.989446+09:00 0 0 경기78아1268 3 42 228000177 228000800 57 
2020-12-02T15:15:14.989460+09:00 0 0 경기78아1103 3 34 228000177 121000005 41 
2020-12-02T15:15:14.989474+09:00 0 0 경기78아1297 3 41 228000177 228000742 10 
2020-12-02T15:16:14.883427+09:00 0 0 경기78아1296 3 42 228000177 277103388 33 
2020-12-02T15:16:14.883490+09:00 0 0 경기78아1100 3 38 228000177 277103150 49 
2020-12-02T15:16:14.883511+09:00 0 0 경기78아1106 3 42 228000177 277103443 27 
2020-12-02T15:16:14.883527+09:00 0 0 경기78아1239 3 43 228000177 228000781 68 
2020-12-02T15:16:14.883544+09:00 0 0 경기78아1109 3 41 228000177 228002101 19 
2020-12-02T15:16:14.883559+09:00 0 0 경기78아1103 3 34 228000177 121000005 41 
2020-12-02T15:16:14.883572+09:00 0 0 경기78아1268 3 43 228000177 228000800 57 
2020-12-02T15:16:14.883586+09:00 0 0 경기78아1297 3 41 228000177 228000741 11 
2020-12-02T15:17:14.637496+09:00 0 0 경기78아1100 3 38 228000177 277103150 49 
2020-12-02T15:17:14.637556+09:00 0 0 경기78아1106 3 42 228000177 277103443 27 
2020-12-02T15:17:14.637576+09:00 0 0 경기78아1296 3 42 228000177 277103390 34 
2020-12-02T15:17:14.637592+09:00 0 0 경기78아1239 3 43 228000177 228000780 69 
2020-12-02T15:17:14.637608+09:00 0 0 경기78아1109 3 41 228000177 228000794 21 
2020-12-02T15:17:14.637623+09:00 0 0 경기78아1103 3 34 228000177 121000005 41 
2020-12-02T15:17:14.637636+09:00 0 0 경기78아1297 3 41 228000177 228000741 11 
2020-12-02T15:17:14.637650+09:00 0 0 경기78아1268 3 43 228000177 228002100 59 
2020-12-02T15:17:14.637663+09:00 0 0 경기78아1212 3 47 228000177 228000191 1 
2020-12-02T15:18:14.281613+09:00 0 0 경기78아1296 3 42 228000177 277103390 34 
2020-12-02T15:18:14.281675+09:00 0 0 경기78아1100 3 38 228000177 277103385 50 
2020-12-02T15:18:14.281695+09:00 0 0 경기78아1106 3 42 228000177 277103386 28 
2020-12-02T15:18:14.281712+09:00 0 0 경기78아1109 3 41 228000177 228000793 22 
2020-12-02T15:18:14.281728+09:00 0 0 경기78아1239 3 43 228000177 228000779 70 
2020-12-02T15:18:14.281743+09:00 0 0 경기78아1212 3 46 228000177 228002022 4 
2020-12-02T15:18:14.281757+09:00 0 0 경기78아1297 3 41 228000177 228000741 11 
2020-12-02T15:18:14.281771+09:00 0 0 경기78아1103 3 34 228000177 121000005 41 
2020-12-02T15:18:14.281784+09:00 0 0 경기78아1268 3 43 228000177 228000798 60 
2020-12-02T15:19:14.285781+09:00 0 0 경기78아1100 3 38 228000177 277103385 50 
2020-12-02T15:19:14.285844+09:00 0 0 경기78아1106 3 42 228000177 277103386 28 
2020-12-02T15:19:14.285864+09:00 0 0 경기78아1239 3 43 228000177 228000779 70 
2020-12-02T15:19:14.285880+09:00 0 0 경기78아1109 3 41 228000177 228001103 23 
2020-12-02T15:19:14.285896+09:00 0 0 경기78아1296 3 42 228000177 277103765 35 
2020-12-02T15:19:14.285910+09:00 0 0 경기78아1212 3 46 228000177 228002022 4 
2020-12-02T15:19:14.285924+09:00 0 0 경기78아1103 3 34 228000177 121000003 42 
2020-12-02T15:19:14.285938+09:00 0 0 경기78아1297 3 41 228000177 228000739 12 
2020-12-02T15:19:14.285951+09:00 0 0 경기78아1268 3 43 228000177 228001122 61 
2020-12-02T15:20:12.959897+09:00 0 0 경기78아1100 3 38 228000177 277103385 50 
2020-12-02T15:20:12.959975+09:00 0 0 경기78아1109 3 41 228000177 228001103 23 
2020-12-02T15:20:12.959995+09:00 0 0 경기78아1239 3 43 228000177 228001208 71 
2020-12-02T15:20:12.960011+09:00 0 0 경기78아1106 3 42 228000177 277103386 28 
2020-12-02T15:20:12.960027+09:00 0 0 경기78아1296 3 42 228000177 277103765 35 
2020-12-02T15:20:12.960041+09:00 0 0 경기78아1297 3 41 228000177 228000738 13 
2020-12-02T15:20:12.960057+09:00 0 0 경기78아1268 3 43 228000177 228001122 61 
2020-12-02T15:20:12.960071+09:00 0 0 경기78아1212 3 46 228000177 228002024 5 
2020-12-02T15:20:12.960084+09:00 0 0 경기78아1103 3 33 228000177 121000003 42 
2020-12-02T15:21:12.709324+09:00 0 0 경기78아1296 3 42 228000177 277103765 35 
2020-12-02T15:21:12.709379+09:00 0 0 경기78아1100 3 38 228000177 277103442 51 
2020-12-02T15:21:12.709398+09:00 0 0 경기78아1106 3 42 228000177 277103151 29 
2020-12-02T15:21:12.709414+09:00 0 0 경기78아1239 3 45 228000177 228001208 71 
2020-12-02T15:21:12.709430+09:00 0 0 경기78아1109 3 41 228000177 228001103 23 
2020-12-02T15:21:12.709445+09:00 0 0 경기78아1268 3 43 228000177 228001122 61 
2020-12-02T15:21:12.709459+09:00 0 0 경기78아1297 3 41 228000177 228000737 14 
2020-12-02T15:21:12.709472+09:00 0 0 경기78아1103 3 35 228000177 121000001 43 
2020-12-02T15:21:12.709485+09:00 0 0 경기78아1212 3 46 228000177 228002024 5 
2020-12-02T15:22:12.308107+09:00 0 0 경기78아1296 3 42 228000177 277103765 35 
2020-12-02T15:22:12.308169+09:00 0 0 경기78아1100 3 38 228000177 277103442 51 
2020-12-02T15:22:12.308190+09:00 0 0 경기78아1239 3 45 228000177 228001208 71 
2020-12-02T15:22:12.308206+09:00 0 0 경기78아1109 3 41 228000177 228000680 24 
2020-12-02T15:22:12.308222+09:00 0 0 경기78아1106 3 42 228000177 277103679 30 
2020-12-02T15:22:12.308237+09:00 0 0 경기78아1268 3 43 228000177 228001122 61 
2020-12-02T15:22:12.308251+09:00 0 0 경기78아1212 3 46 228000177 228000747 6 
2020-12-02T15:22:12.308264+09:00 0 0 경기78아1103 3 35 228000177 121000001 43 
2020-12-02T15:22:12.308277+09:00 0 0 경기78아1297 3 41 228000177 228000736 15 
2020-12-02T15:23:12.292177+09:00 0 0 경기78아1109 3 41 228000177 228000680 24 
2020-12-02T15:23:12.292244+09:00 0 0 경기78아1106 3 42 228000177 277103679 30 
2020-12-02T15:23:12.292264+09:00 0 0 경기78아1296 3 42 228000177 277103765 35 
2020-12-02T15:23:12.292281+09:00 0 0 경기78아1100 3 38 228000177 277103360 52 
2020-12-02T15:23:12.292297+09:00 0 0 경기78아1239 3 45 228000177 228001208 71 
2020-12-02T15:23:12.292312+09:00 0 0 경기78아1297 3 41 228000177 228000736 15 
2020-12-02T15:23:12.292326+09:00 0 0 경기78아1268 3 43 228000177 228001122 61 
2020-12-02T15:23:12.292340+09:00 0 0 경기78아1212 3 46 228000177 228000747 6 
2020-12-02T15:23:12.292353+09:00 0 0 경기78아1103 3 35 228000177 121000001 43 
2020-12-02T15:24:12.026459+09:00 0 0 경기78아1109 3 41 228000177 228000680 24 
2020-12-02T15:24:12.026521+09:00 0 0 경기78아1296 3 42 228000177 277103765 35 
2020-12-02T15:24:12.026540+09:00 0 0 경기78아1239 3 45 228000177 228001208 71 
2020-12-02T15:24:12.026557+09:00 0 0 경기78아1100 3 38 228000177 277103360 52 
2020-12-02T15:24:12.026574+09:00 0 0 경기78아1106 3 42 228000177 277103441 31 
2020-12-02T15:24:12.026588+09:00 0 0 경기78아1212 3 46 228000177 228000747 6 
2020-12-02T15:24:12.026603+09:00 0 0 경기78아1268 3 43 228000177 228000787 62 
2020-12-02T15:24:12.026617+09:00 0 0 경기78아1103 3 35 228000177 121000220 44 
2020-12-02T15:24:12.026630+09:00 0 0 경기78아1297 3 41 228000177 228000736 15 
2020-12-02T15:25:11.740488+09:00 0 0 경기78아1296 3 42 228000177 277103765 35 
2020-12-02T15:25:11.740550+09:00 0 0 경기78아1106 3 42 228000177 277104177 32 
2020-12-02T15:25:11.740570+09:00 0 0 경기78아1109 3 41 228000177 277103364 25 
2020-12-02T15:25:11.740587+09:00 0 0 경기78아1239 3 46 228000177 228000777 72 
2020-12-02T15:25:11.740603+09:00 0 0 경기78아1100 3 38 228000177 277103360 52 
2020-12-02T15:25:11.740620+09:00 0 0 경기78아1297 3 41 228000177 228001773 16 
2020-12-02T15:25:11.740635+09:00 0 0 경기78아1103 3 35 228000177 121000220 44 
2020-12-02T15:25:11.740649+09:00 0 0 경기78아1268 3 43 228000177 228000786 63 
2020-12-02T15:25:11.740662+09:00 0 0 경기78아1212 3 45 228000177 228001208 7 
2020-12-02T15:26:11.644584+09:00 0 0 경기78아1109 3 41 228000177 277103364 25 
2020-12-02T15:26:11.644645+09:00 0 0 경기78아1106 3 42 228000177 277104177 32 
2020-12-02T15:26:11.644664+09:00 0 0 경기78아1100 3 38 228000177 277103360 52 
2020-12-02T15:26:11.644681+09:00 0 0 경기78아1239 3 46 228000177 228000777 72 
2020-12-02T15:26:11.644697+09:00 0 0 경기78아1296 3 44 228000177 121000944 36 
2020-12-02T15:26:11.644712+09:00 0 0 경기78아1268 3 44 228000177 228000785 64 
2020-12-02T15:26:11.644727+09:00 0 0 경기78아1212 3 45 228000177 228001208 7 
2020-12-02T15:26:11.644741+09:00 0 0 경기78아1103 3 35 228000177 121000220 44 
2020-12-02T15:26:11.644755+09:00 0 0 경기78아1297 3 41 228000177 228001773 16 
2020-12-02T15:27:10.358661+09:00 0 0 경기78아1106 3 42 228000177 277103388 33 
2020-12-02T15:27:10.358726+09:00 0 0 경기78아1100 3 38 228000177 277103365 53 
2020-12-02T15:27:10.358746+09:00 0 0 경기78아1109 3 41 228000177 277103364 25 
2020-12-02T15:27:10.358761+09:00 0 0 경기78아1239 3 46 228000177 228002023 73 
2020-12-02T15:27:10.358782+09:00 0 0 경기78아1296 3 40 228000177 277102911 37 
2020-12-02T15:27:10.358796+09:00 0 0 경기78아1212 3 45 228000177 228001208 7 
2020-12-02T15:27:10.358810+09:00 0 0 경기78아1297 3 41 228000177 228001105 17 
2020-12-02T15:27:10.358824+09:00 0 0 경기78아1103 3 35 228000177 121000220 44 
2020-12-02T15:27:10.358837+09:00 0 0 경기78아1268 3 44 228000177 228000784 65 
2020-12-02T15:28:10.272731+09:00 0 0 경기78아1106 3 42 228000177 277103388 33 
2020-12-02T15:28:10.272794+09:00 0 0 경기78아1239 3 46 228000177 228002023 73 
2020-12-02T15:28:10.272815+09:00 0 0 경기78아1296 3 40 228000177 277102911 37 
2020-12-02T15:28:10.272831+09:00 0 0 경기78아1100 3 39 228000177 228000698 54 
2020-12-02T15:28:10.272848+09:00 0 0 경기78아1109 3 41 228000177 277103361 26 
2020-12-02T15:28:10.272863+09:00 0 0 경기78아1212 3 45 228000177 228001208 7 
2020-12-02T15:28:10.272878+09:00 0 0 경기78아1268 3 44 228000177 228000784 65 
2020-12-02T15:28:10.272891+09:00 0 0 경기78아1103 3 35 228000177 277103387 45 
2020-12-02T15:28:10.272905+09:00 0 0 경기78아1297 3 40 228000177 228000797 18 
2020-12-02T15:29:09.226864+09:00 0 0 경기78아1109 3 41 228000177 277103361 26 
2020-12-02T15:29:09.226927+09:00 0 0 경기78아1239 3 46 228000177 228002021 74 
2020-12-02T15:29:09.226948+09:00 0 0 경기78아1106 3 42 228000177 277103390 34 
2020-12-02T15:29:09.226964+09:00 0 0 경기78아1100 3 40 228000177 228001124 55 
2020-12-02T15:29:09.226981+09:00 0 0 경기78아1296 3 40 228000177 121000009 38 
2020-12-02T15:29:09.226996+09:00 0 0 경기78아1212 3 45 228000177 228001208 7 
2020-12-02T15:29:09.227011+09:00 0 0 경기78아1103 3 35 228000177 277103387 45 
2020-12-02T15:29:09.227024+09:00 0 0 경기78아1268 3 45 228000177 228000783 66 
2020-12-02T15:29:09.227038+09:00 0 0 경기78아1297 3 40 228000177 228000796 20 
2020-12-02T15:30:09.301228+09:00 0 0 경기78아1106 3 42 228000177 277103390 34 
2020-12-02T15:30:09.301293+09:00 0 0 경기78아1100 3 40 228000177 228001124 55 
2020-12-02T15:30:09.301314+09:00 0 0 경기78아1296 3 40 228000177 121000009 38 
2020-12-02T15:30:09.301330+09:00 0 0 경기78아1239 3 46 228000177 228002021 74 
2020-12-02T15:30:09.301347+09:00 0 0 경기78아1109 3 41 228000177 277103443 27 
2020-12-02T15:30:09.301361+09:00 0 0 경기78아1103 3 35 228000177 277104178 46 
2020-12-02T15:30:09.301375+09:00 0 0 경기78아1268 3 45 228000177 228000783 66 
2020-12-02T15:30:09.301388+09:00 0 0 경기78아1212 3 45 228000177 228001208 7 
2020-12-02T15:30:09.301401+09:00 0 0 경기78아1297 3 40 228000177 228000794 21 
2020-12-02T15:31:08.235095+09:00 0 0 경기78아1296 3 39 228000177 121000009 38 
2020-12-02T15:31:08.235158+09:00 0 0 경기78아1100 3 40 228000177 228001124 55 
2020-12-02T15:31:08.235179+09:00 0 0 경기78아1106 3 42 228000177 277103765 35 
2020-12-02T15:31:08.235201+09:00 0 0 경기78아1109 3 41 228000177 277103443 27 
2020-12-02T15:31:08.235217+09:00 0 0 경기78아1268 3 45 228000177 228000782 67 
2020-12-02T15:31:08.235232+09:00 0 0 경기78아1212 3 45 228000177 228000743 9 
2020-12-02T15:31:08.235246+09:00 0 0 경기78아1297 3 39 228000177 228000794 21 
2020-12-02T15:31:08.235259+09:00 0 0 경기78아1103 3 35 228000177 277103440 47 
2020-12-02T15:32:08.269359+09:00 0 0 경기78아1100 3 40 228000177 228001124 55 
2020-12-02T15:32:08.269422+09:00 0 0 경기78아1109 3 41 228000177 277103443 27 
2020-12-02T15:32:08.269442+09:00 0 0 경기78아1106 3 42 228000177 277103765 35 
2020-12-02T15:32:08.269457+09:00 0 0 경기78아1296 3 39 228000177 277101612 39 
2020-12-02T15:32:08.269473+09:00 0 0 경기78아1103 3 35 228000177 277103678 48 
2020-12-02T15:32:08.269488+09:00 0 0 경기78아1297 3 39 228000177 228000793 22 
2020-12-02T15:32:08.269501+09:00 0 0 경기78아1268 3 45 228000177 228000782 67 
2020-12-02T15:32:08.269515+09:00 0 0 경기78아1212 3 45 228000177 228000742 10 
2020-12-02T15:33:07.023264+09:00 0 0 경기78아1100 3 40 228000177 228000800 57 
2020-12-02T15:33:07.023328+09:00 0 0 경기78아1106 3 42 228000177 277103765 35 
2020-12-02T15:33:07.023348+09:00 0 0 경기78아1296 3 39 228000177 121000007 40 
2020-12-02T15:33:07.023365+09:00 0 0 경기78아1109 3 41 228000177 277103386 28 
2020-12-02T15:33:07.023381+09:00 0 0 경기78아1268 3 45 228000177 228000782 67 
2020-12-02T15:33:07.023396+09:00 0 0 경기78아1212 3 45 228000177 228000742 10 
2020-12-02T15:33:07.023410+09:00 0 0 경기78아1297 3 39 228000177 228001103 23 
2020-12-02T15:33:07.023423+09:00 0 0 경기78아1103 3 35 228000177 277103678 48 
2020-12-02T15:34:06.967584+09:00 0 0 경기78아1109 3 41 228000177 277103386 28 
2020-12-02T15:34:06.967659+09:00 0 0 경기78아1106 3 42 228000177 277103765 35 
2020-12-02T15:34:06.967679+09:00 0 0 경기78아1296 3 39 228000177 121000005 41 
2020-12-02T15:34:06.967695+09:00 0 0 경기78아1213 3 0 228000177 277102409 3 
2020-12-02T15:34:06.967712+09:00 0 0 경기78아1100 3 40 228000177 228000799 58 
2020-12-02T15:34:06.967726+09:00 0 0 경기78아1212 3 45 228000177 228000742 10 
2020-12-02T15:34:06.967740+09:00 0 0 경기78아1268 3 45 228000177 228000781 68 
2020-12-02T15:34:06.967755+09:00 0 0 경기78아1103 3 35 228000177 277103150 49 
2020-12-02T15:34:06.967768+09:00 0 0 경기78아1297 3 39 228000177 228001103 23 
2020-12-02T15:35:06.731883+09:00 0 0 경기78아1109 3 41 228000177 277103386 28 
2020-12-02T15:35:06.731946+09:00 0 0 경기78아1106 3 42 228000177 121000944 36 
2020-12-02T15:35:06.731966+09:00 0 0 경기78아1296 3 38 228000177 121000005 41 
2020-12-02T15:35:06.731983+09:00 0 0 경기78아1100 3 40 228000177 228000798 60 
2020-12-02T15:35:06.731999+09:00 0 0 경기78아1213 3 0 228000177 277102409 3 
2020-12-02T15:35:06.732014+09:00 0 0 경기78아1103 3 35 228000177 277103150 49 
2020-12-02T15:35:06.732027+09:00 0 0 경기78아1268 3 46 228000177 228000780 69 
2020-12-02T15:35:06.732041+09:00 0 0 경기78아1212 3 44 228000177 228000741 11 
2020-12-02T15:35:06.732055+09:00 0 0 경기78아1297 3 39 228000177 228001103 23 
2020-12-02T15:36:06.485690+09:00 0 0 경기78아1106 3 42 228000177 121000944 36 
2020-12-02T15:36:06.485754+09:00 0 0 경기78아1296 3 38 228000177 121000005 41 
2020-12-02T15:36:06.485774+09:00 0 0 경기78아1100 3 40 228000177 228000798 60 
2020-12-02T15:36:06.485791+09:00 0 0 경기78아1109 3 41 228000177 277103151 29 
2020-12-02T15:36:06.485808+09:00 0 0 경기78아1213 3 0 228000177 228002024 5 
2020-12-02T15:36:06.485823+09:00 0 0 경기78아1212 3 44 228000177 228000741 11 
2020-12-02T15:36:06.485837+09:00 0 0 경기78아1103 3 35 228000177 277103385 50 
2020-12-02T15:36:06.485851+09:00 0 0 경기78아1297 3 39 228000177 228001103 23 
2020-12-02T15:36:06.485864+09:00 0 0 경기78아1268 3 46 228000177 228000779 70 
2020-12-02T15:37:06.139828+09:00 0 0 경기78아1296 3 38 228000177 121000005 41 
2020-12-02T15:37:06.139889+09:00 0 0 경기78아1109 3 41 228000177 277103151 29 
2020-12-02T15:37:06.139910+09:00 0 0 경기78아1100 3 40 228000177 228001122 61 
2020-12-02T15:37:06.139926+09:00 0 0 경기78아1213 3 47 228000177 228000747 6 
2020-12-02T15:37:06.139942+09:00 0 0 경기78아1106 3 44 228000177 277102911 37 
2020-12-02T15:37:06.139957+09:00 0 0 경기78아1103 3 35 228000177 277103385 50 
2020-12-02T15:37:06.139971+09:00 0 0 경기78아1268 3 46 228000177 228000779 70 
2020-12-02T15:37:06.139997+09:00 0 0 경기78아1297 3 38 228000177 228000680 24 
2020-12-02T15:37:06.140010+09:00 0 0 경기78아1212 3 43 228000177 228000739 12 
2020-12-02T15:38:05.593927+09:00 0 0 경기78아1109 3 41 228000177 277103679 30 
2020-12-02T15:38:05.593987+09:00 0 0 경기78아1100 3 40 228000177 228001122 61 
2020-12-02T15:38:05.594006+09:00 0 0 경기78아1213 3 47 228000177 228000747 6 
2020-12-02T15:38:05.594021+09:00 0 0 경기78아1296 3 38 228000177 121000003 42 
2020-12-02T15:38:05.594036+09:00 0 0 경기78아1106 3 44 228000177 121000009 38 
2020-12-02T15:38:05.594051+09:00 0 0 경기78아1103 3 35 228000177 277103385 50 
2020-12-02T15:38:05.594064+09:00 0 0 경기78아1212 3 42 228000177 228000738 13 
2020-12-02T15:38:05.594077+09:00 0 0 경기78아1297 3 38 228000177 228000680 24 
2020-12-02T15:38:05.594090+09:00 0 0 경기78아1268 3 46 228000177 228001208 71 
2020-12-02T15:39:05.598141+09:00 0 0 경기78아1106 3 44 228000177 121000009 38 
2020-12-02T15:39:05.598204+09:00 0 0 경기78아1213 3 47 228000177 228000747 6 
2020-12-02T15:39:05.598224+09:00 0 0 경기78아1100 3 41 228000177 228000787 62 
2020-12-02T15:39:05.598240+09:00 0 0 경기78아1109 3 41 228000177 277103441 31 
2020-12-02T15:39:05.598256+09:00 0 0 경기78아1296 3 37 228000177 121000003 42 
2020-12-02T15:39:05.598270+09:00 0 0 경기78아1212 3 42 228000177 228000737 14 
2020-12-02T15:39:05.598284+09:00 0 0 경기78아1297 3 38 228000177 228000680 24 
2020-12-02T15:39:05.598297+09:00 0 0 경기78아1103 3 35 228000177 277103442 51 
2020-12-02T15:39:05.598310+09:00 0 0 경기78아1268 3 47 228000177 228001208 71 
2020-12-02T15:40:04.442144+09:00 0 0 경기78아1109 3 41 228000177 277103441 31 
2020-12-02T15:40:04.442213+09:00 0 0 경기78아1106 3 44 228000177 121000009 38 
2020-12-02T15:40:04.442234+09:00 0 0 경기78아1213 3 47 228000177 228001208 7 
2020-12-02T15:40:04.442250+09:00 0 0 경기78아1100 3 41 228000177 228000786 63 
2020-12-02T15:40:04.442266+09:00 0 0 경기78아1296 3 37 228000177 121000001 43 
2020-12-02T15:40:04.442280+09:00 0 0 경기78아1103 3 35 228000177 277103442 51 
2020-12-02T15:40:04.442294+09:00 0 0 경기78아1212 3 42 228000177 228000737 14 
2020-12-02T15:40:04.442307+09:00 0 0 경기78아1268 3 47 228000177 228001208 71 
2020-12-02T15:40:04.442321+09:00 0 0 경기78아1297 3 38 228000177 277103364 25 
2020-12-02T15:41:03.916219+09:00 0 0 경기78아1106 3 44 228000177 121000009 38 
2020-12-02T15:41:03.916283+09:00 0 0 경기78아1213 3 47 228000177 228001208 7 
2020-12-02T15:41:03.916302+09:00 0 0 경기78아1296 3 37 228000177 121000001 43 
2020-12-02T15:41:03.916318+09:00 0 0 경기78아1100 3 41 228000177 228000785 64 
2020-12-02T15:41:03.916334+09:00 0 0 경기78아1109 3 41 228000177 277104177 32 
2020-12-02T15:41:03.916349+09:00 0 0 경기78아1268 3 47 228000177 228001208 71 
2020-12-02T15:41:03.916363+09:00 0 0 경기78아1297 3 38 228000177 277103364 25 
2020-12-02T15:41:03.916377+09:00 0 0 경기78아1103 3 35 228000177 277103360 52 
2020-12-02T15:41:03.916390+09:00 0 0 경기78아1212 3 38 228000177 228000736 15 
2020-12-02T15:42:03.630423+09:00 0 0 경기78아1100 3 43 228000177 228000785 64 
2020-12-02T15:42:03.630485+09:00 0 0 경기78아1296 3 37 228000177 121000001 43 
2020-12-02T15:42:03.630506+09:00 0 0 경기78아1106 3 43 228000177 121000007 40 
2020-12-02T15:42:03.630522+09:00 0 0 경기78아1213 3 47 228000177 228001208 7 
2020-12-02T15:42:03.630538+09:00 0 0 경기78아1109 3 41 228000177 277103388 33 
2020-12-02T15:42:03.630553+09:00 0 0 경기78아1212 3 38 228000177 228000736 15 
2020-12-02T15:42:03.630567+09:00 0 0 경기78아1297 3 38 228000177 277103364 25 
2020-12-02T15:42:03.630580+09:00 0 0 경기78아1268 3 47 228000177 228001208 71 
2020-12-02T15:42:03.630594+09:00 0 0 경기78아1103 3 35 228000177 277103360 52 
2020-12-02T15:43:03.394535+09:00 0 0 경기78아1106 3 43 228000177 121000007 40 
2020-12-02T15:43:03.394598+09:00 0 0 경기78아1109 3 41 228000177 277103388 33 
2020-12-02T15:43:03.394618+09:00 0 0 경기78아1100 3 43 228000177 228000785 64 
2020-12-02T15:43:03.394634+09:00 0 0 경기78아1296 3 37 228000177 121000220 44 
2020-12-02T15:43:03.394651+09:00 0 0 경기78아1213 3 47 228000177 228000743 9 
2020-12-02T15:43:03.394665+09:00 0 0 경기78아1297 3 38 228000177 277103361 26 
2020-12-02T15:43:03.394679+09:00 0 0 경기78아1103 3 35 228000177 277103360 52 
2020-12-02T15:43:03.394693+09:00 0 0 경기78아1268 3 47 228000177 228000777 72 
2020-12-02T15:43:03.394706+09:00 0 0 경기78아1212 3 36 228000177 228001773 16 
2020-12-02T15:44:03.288593+09:00 0 0 경기78아1100 3 43 228000177 228000784 65 
2020-12-02T15:44:03.288658+09:00 0 0 경기78아1106 3 42 228000177 121000007 40 
2020-12-02T15:44:03.288679+09:00 0 0 경기78아1109 3 41 228000177 277103390 34 
2020-12-02T15:44:03.288695+09:00 0 0 경기78아1296 3 37 228000177 121000220 44 
2020-12-02T15:44:03.288711+09:00 0 0 경기78아1213 3 47 228000177 228000742 10 
2020-12-02T15:44:03.288726+09:00 0 0 경기78아1268 3 47 228000177 228002023 73 
2020-12-02T15:44:03.288740+09:00 0 0 경기78아1297 3 38 228000177 277103361 26 
2020-12-02T15:44:03.288754+09:00 0 0 경기78아1103 3 35 228000177 277103360 52 
2020-12-02T15:44:03.288767+09:00 0 0 경기78아1212 3 36 228000177 228001105 17 
2020-12-02T15:45:02.992929+09:00 0 0 경기78아1213 3 47 228000177 228000742 10 
2020-12-02T15:45:02.992992+09:00 0 0 경기78아1109 3 41 228000177 277103390 34 
2020-12-02T15:45:02.993013+09:00 0 0 경기78아1296 3 37 228000177 121000220 44 
2020-12-02T15:45:02.993066+09:00 0 0 경기78아1106 3 42 228000177 121000005 41 
2020-12-02T15:45:02.993091+09:00 0 0 경기78아1100 3 43 228000177 228000783 66 
2020-12-02T15:45:02.993107+09:00 0 0 경기78아1212 3 36 228000177 228001105 17 
2020-12-02T15:45:02.993121+09:00 0 0 경기78아1103 3 35 228000177 228000698 54 
2020-12-02T15:45:02.993134+09:00 0 0 경기78아1297 3 38 228000177 277103443 27 
2020-12-02T15:45:02.993147+09:00 0 0 경기78아1268 3 47 228000177 228002021 74 
2020-12-02T15:46:02.877795+09:00 0 0 경기78아1106 3 42 228000177 121000005 41 
2020-12-02T15:46:02.877860+09:00 0 0 경기78아1213 3 47 228000177 228000741 11 
2020-12-02T15:46:02.877881+09:00 0 0 경기78아1296 3 37 228000177 121000220 44 
2020-12-02T15:46:02.877897+09:00 0 0 경기78아1109 3 41 228000177 277103765 35 
2020-12-02T15:46:02.877913+09:00 0 0 경기78아1100 3 43 228000177 228000782 67 
2020-12-02T15:46:02.877928+09:00 0 0 경기78아1297 3 38 228000177 277103443 27 
2020-12-02T15:46:02.877941+09:00 0 0 경기78아1212 3 38 228000177 228002101 19 
2020-12-02T15:46:02.877955+09:00 0 0 경기78아1103 3 39 228000177 228001124 55 
2020-12-02T15:47:02.500999+09:00 0 0 경기78아1106 3 42 228000177 121000005 41 
2020-12-02T15:47:02.501104+09:00 0 0 경기78아1100 3 43 228000177 228000782 67 
2020-12-02T15:47:02.501126+09:00 0 0 경기78아1213 3 47 228000177 228000741 11 
2020-12-02T15:47:02.501143+09:00 0 0 경기78아1109 3 42 228000177 277103765 35 
2020-12-02T15:47:02.501163+09:00 0 0 경기78아1296 3 37 228000177 277103387 45 
2020-12-02T15:47:02.501180+09:00 0 0 경기78아1297 3 38 228000177 277103443 27 
2020-12-02T15:47:02.501194+09:00 0 0 경기78아1103 3 39 228000177 228001124 55 
2020-12-02T15:47:02.501208+09:00 0 0 경기78아1212 3 38 228000177 228000796 20 
2020-12-02T15:48:02.385107+09:00 0 0 경기78아1213 3 47 228000177 228000741 11 
2020-12-02T15:48:02.385178+09:00 0 0 경기78아1109 3 42 228000177 277103765 35 
2020-12-02T15:48:02.385197+09:00 0 0 경기78아1106 3 42 228000177 121000005 41 
2020-12-02T15:48:02.385224+09:00 0 0 경기78아1100 3 43 228000177 228000782 67 
2020-12-02T15:48:02.385241+09:00 0 0 경기78아1296 3 37 228000177 277104178 46 
2020-12-02T15:48:02.385255+09:00 0 0 경기78아1103 3 39 228000177 228000800 57 
2020-12-02T15:48:02.385269+09:00 0 0 경기78아1212 3 38 228000177 228000793 22 
2020-12-02T15:48:02.385282+09:00 0 0 경기78아1297 3 38 228000177 277103386 28 
2020-12-02T15:49:02.169419+09:00 0 0 경기78아1109 3 42 228000177 277103765 35 
2020-12-02T15:49:02.169483+09:00 0 0 경기78아1296 3 37 228000177 277104178 46 
2020-12-02T15:49:02.169504+09:00 0 0 경기78아1106 3 42 228000177 121000003 42 
2020-12-02T15:49:02.169519+09:00 0 0 경기78아1100 3 43 228000177 228000780 69 
2020-12-02T15:49:02.169536+09:00 0 0 경기78아1228 3 0 228000177 228000191 1 
2020-12-02T15:49:02.169551+09:00 0 0 경기78아1213 3 46 228000177 228000739 12 
2020-12-02T15:49:02.169564+09:00 0 0 경기78아1103 3 39 228000177 228000800 57 
2020-12-02T15:49:02.169578+09:00 0 0 경기78아1212 3 38 228000177 228001103 23 
2020-12-02T15:49:02.169591+09:00 0 0 경기78아1297 3 38 228000177 277103386 28 
2020-12-02T15:50:01.803320+09:00 0 0 경기78아1296 3 37 228000177 277103440 47 
2020-12-02T15:50:01.803385+09:00 0 0 경기78아1106 3 42 228000177 121000003 42 
2020-12-02T15:50:01.803406+09:00 0 0 경기78아1213 3 46 228000177 228000738 13 
2020-12-02T15:50:01.803422+09:00 0 0 경기78아1228 3 0 228000177 277102409 3 
2020-12-02T15:50:01.803438+09:00 0 0 경기78아1109 3 42 228000177 277103765 35 
2020-12-02T15:50:01.803453+09:00 0 0 경기78아1100 3 42 228000177 228000779 70 
2020-12-02T15:50:01.803467+09:00 0 0 경기78아1297 3 38 228000177 277103386 28 
2020-12-02T15:50:01.803480+09:00 0 0 경기78아1103 3 38 228000177 228000798 60 
2020-12-02T15:50:01.803493+09:00 0 0 경기78아1212 3 38 228000177 228001103 23 
2020-12-02T15:51:01.587290+09:00 0 0 경기78아1100 3 42 228000177 228000779 70 
2020-12-02T15:51:01.587353+09:00 0 0 경기78아1213 3 45 228000177 228000738 13 
2020-12-02T15:51:01.587375+09:00 0 0 경기78아1296 3 37 228000177 277103678 48 
2020-12-02T15:51:01.587391+09:00 0 0 경기78아1109 3 42 228000177 121000944 36 
2020-12-02T15:51:01.587408+09:00 0 0 경기78아1228 3 0 228000177 228002024 5 
2020-12-02T15:51:01.587423+09:00 0 0 경기78아1106 3 42 228000177 121000001 43 
2020-12-02T15:51:01.587437+09:00 0 0 경기78아1297 3 38 228000177 277103151 29 
2020-12-02T15:51:01.587455+09:00 0 0 경기78아1212 3 38 228000177 228001103 23 
2020-12-02T15:51:01.587469+09:00 0 0 경기78아1103 3 38 228000177 228000798 60 
2020-12-02T15:52:01.131331+09:00 0 0 경기78아1109 3 42 228000177 121000944 36 
2020-12-02T15:52:01.131394+09:00 0 0 경기78아1106 3 42 228000177 121000001 43 
2020-12-02T15:52:01.131414+09:00 0 0 경기78아1228 3 47 228000177 228002024 5 
2020-12-02T15:52:01.131430+09:00 0 0 경기78아1100 3 43 228000177 228001208 71 
2020-12-02T15:52:01.131446+09:00 0 0 경기78아1296 3 37 228000177 277103150 49 
2020-12-02T15:52:01.131461+09:00 0 0 경기78아1213 3 45 228000177 228000736 15 
2020-12-02T15:52:01.131475+09:00 0 0 경기78아1297 3 38 228000177 277103151 29 
2020-12-02T15:52:01.131488+09:00 0 0 경기78아1212 3 38 228000177 228000680 24 
2020-12-02T15:52:01.131501+09:00 0 0 경기78아1103 3 38 228000177 228001122 61 
2020-12-02T15:53:01.265672+09:00 0 0 경기78아1109 3 42 228000177 121000944 36 
2020-12-02T15:53:01.265735+09:00 0 0 경기78아1100 3 43 228000177 228001208 71 
2020-12-02T15:53:01.265755+09:00 0 0 경기78아1296 3 37 228000177 277103150 49 
2020-12-02T15:53:01.265772+09:00 0 0 경기78아1213 3 44 228000177 228000736 15 
2020-12-02T15:53:01.265788+09:00 0 0 경기78아1228 3 47 228000177 228002024 5 
2020-12-02T15:53:01.265803+09:00 0 0 경기78아1106 3 42 228000177 121000001 43 
2020-12-02T15:53:01.265817+09:00 0 0 경기78아1212 3 38 228000177 228000680 24 
2020-12-02T15:53:01.265831+09:00 0 0 경기78아1297 3 38 228000177 277103679 30 
2020-12-02T15:53:01.265844+09:00 0 0 경기78아1103 3 39 228000177 228001122 61 
2020-12-02T15:54:00.799332+09:00 0 0 경기78아1100 3 43 228000177 228001208 71 
2020-12-02T15:54:00.799393+09:00 0 0 경기78아1296 3 37 228000177 277103150 49 
2020-12-02T15:54:00.799413+09:00 0 0 경기78아1213 3 44 228000177 228000736 15 
2020-12-02T15:54:00.799429+09:00 0 0 경기78아1106 3 42 228000177 121000220 44 
2020-12-02T15:54:00.799445+09:00 0 0 경기78아1228 3 47 228000177 228002024 5 
2020-12-02T15:54:00.799460+09:00 0 0 경기78아1109 3 39 228000177 277102911 37 
2020-12-02T15:54:00.799473+09:00 0 0 경기78아1103 3 40 228000177 228000787 62 
2020-12-02T15:54:00.799487+09:00 0 0 경기78아1297 3 38 228000177 277103679 30 
2020-12-02T15:54:00.799504+09:00 0 0 경기78아1212 3 38 228000177 228000680 24 
2020-12-02T15:55:00.583371+09:00 0 0 경기78아1109 3 39 228000177 277102911 37 
2020-12-02T15:55:00.583434+09:00 0 0 경기78아1296 3 37 228000177 277103385 50 
2020-12-02T15:55:00.583453+09:00 0 0 경기78아1228 3 47 228000177 228000747 6 
2020-12-02T15:55:00.583469+09:00 0 0 경기78아1106 3 42 228000177 121000220 44 
2020-12-02T15:55:00.583485+09:00 0 0 경기78아1100 3 43 228000177 228001208 71 
2020-12-02T15:55:00.583500+09:00 0 0 경기78아1213 3 44 228000177 228001773 16 
2020-12-02T15:55:00.583513+09:00 0 0 경기78아1103 3 40 228000177 228000786 63 
2020-12-02T15:55:00.583527+09:00 0 0 경기78아1212 3 38 228000177 277103364 25 
2020-12-02T15:55:00.583540+09:00 0 0 경기78아1297 3 38 228000177 277103441 31 
2020-12-02T15:56:00.247536+09:00 0 0 경기78아1296 3 37 228000177 277103385 50 
2020-12-02T15:56:00.247600+09:00 0 0 경기78아1100 3 43 228000177 228001208 71 
2020-12-02T15:56:00.247620+09:00 0 0 경기78아1109 3 40 228000177 121000009 38 
2020-12-02T15:56:00.247636+09:00 0 0 경기78아1106 3 42 228000177 121000220 44 
2020-12-02T15:56:00.247652+09:00 0 0 경기78아1228 3 47 228000177 228000747 6 
2020-12-02T15:56:00.247666+09:00 0 0 경기78아1213 3 44 228000177 228001773 16 
2020-12-02T15:56:00.247680+09:00 0 0 경기78아1103 3 43 228000177 228000785 64 
2020-12-02T15:56:00.247693+09:00 0 0 경기78아1297 3 38 228000177 277104177 32 
2020-12-02T15:56:00.247706+09:00 0 0 경기78아1212 3 38 228000177 277103364 25 
2020-12-02T15:57:00.011926+09:00 0 0 경기78아1100 3 43 228000177 228001208 71 
2020-12-02T15:57:00.011993+09:00 0 0 경기78아1228 3 47 228000177 228000747 6 
2020-12-02T15:57:00.012014+09:00 0 0 경기78아1109 3 38 228000177 121000009 38 
2020-12-02T15:57:00.012030+09:00 0 0 경기78아1213 3 44 228000177 228001105 17 
2020-12-02T15:57:00.012046+09:00 0 0 경기78아1106 3 42 228000177 277103387 45 
2020-12-02T15:57:00.012061+09:00 0 0 경기78아1296 3 37 228000177 277103442 51 
2020-12-02T15:57:00.012074+09:00 0 0 경기78아1103 3 43 228000177 228000784 65 
2020-12-02T15:57:00.012088+09:00 0 0 경기78아1212 3 38 228000177 277103364 25 
2020-12-02T15:57:00.012101+09:00 0 0 경기78아1297 3 38 228000177 277104177 32 
2020-12-02T15:57:59.865464+09:00 0 0 경기78아1109 3 38 228000177 121000009 38 
2020-12-02T15:57:59.865526+09:00 0 0 경기78아1296 3 37 228000177 277103442 51 
2020-12-02T15:57:59.865546+09:00 0 0 경기78아1106 3 42 228000177 277103387 45 
2020-12-02T15:57:59.865563+09:00 0 0 경기78아1228 3 47 228000177 228001208 7 
2020-12-02T15:57:59.865580+09:00 0 0 경기78아1100 3 44 228000177 228000777 72 
2020-12-02T15:57:59.865595+09:00 0 0 경기78아1213 3 45 228000177 228000797 18 
2020-12-02T15:57:59.865609+09:00 0 0 경기78아1103 3 43 228000177 228000784 65 
2020-12-02T15:57:59.865623+09:00 0 0 경기78아1212 3 38 228000177 277103361 26 
2020-12-02T15:57:59.865637+09:00 0 0 경기78아1297 3 38 228000177 277103388 33 
2020-12-02T15:58:59.859566+09:00 0 0 경기78아1296 3 37 228000177 277103442 51 
2020-12-02T15:58:59.859629+09:00 0 0 경기78아1228 3 47 228000177 228001208 7 
2020-12-02T15:58:59.859649+09:00 0 0 경기78아1106 3 42 228000177 277104178 46 
2020-12-02T15:58:59.859665+09:00 0 0 경기78아1100 3 44 228000177 228002023 73 
2020-12-02T15:58:59.859681+09:00 0 0 경기78아1109 3 38 228000177 277101612 39 
2020-12-02T15:58:59.859696+09:00 0 0 경기78아1213 3 46 228000177 228000796 20 
2020-12-02T15:58:59.859710+09:00 0 0 경기78아1103 3 44 228000177 228000783 66 
2020-12-02T15:58:59.859723+09:00 0 0 경기78아1212 3 38 228000177 277103361 26 
2020-12-02T15:58:59.859737+09:00 0 0 경기78아1297 3 38 228000177 277103388 33 
2020-12-02T15:59:59.673732+09:00 0 0 경기78아1100 3 45 228000177 228002023 73 
2020-12-02T15:59:59.673790+09:00 0 0 경기78아1296 3 37 228000177 277103360 52 
2020-12-02T15:59:59.673810+09:00 0 0 경기78아1106 3 42 228000177 277103440 47 
2020-12-02T15:59:59.673826+09:00 0 0 경기78아1228 3 47 228000177 228001208 7 
2020-12-02T15:59:59.673842+09:00 0 0 경기78아1213 3 46 228000177 228000796 20 
2020-12-02T15:59:59.673857+09:00 0 0 경기78아1109 3 38 228000177 121000007 40 
2020-12-02T15:59:59.673870+09:00 0 0 경기78아1103 3 44 228000177 228000783 66 
2020-12-02T15:59:59.673884+09:00 0 0 경기78아1297 3 38 228000177 277103390 34 
2020-12-02T15:59:59.673897+09:00 0 0 경기78아1212 3 38 228000177 277103361 26 
2020-12-02T16:00:59.217856+09:00 0 0 경기78아1296 3 37 228000177 277103360 52 
2020-12-02T16:00:59.217920+09:00 0 0 경기78아1106 3 42 228000177 277103440 47 
2020-12-02T16:00:59.217940+09:00 0 0 경기78아1100 3 47 228000177 228002021 74 
2020-12-02T16:00:59.217956+09:00 0 0 경기78아1213 3 46 228000177 228000794 21 
2020-12-02T16:00:59.217972+09:00 0 0 경기78아1109 3 38 228000177 121000005 41 
2020-12-02T16:00:59.217987+09:00 0 0 경기78아1228 3 47 228000177 228000743 9 
2020-12-02T16:00:59.218000+09:00 0 0 경기78아1297 3 38 228000177 277103390 34 
2020-12-02T16:00:59.218014+09:00 0 0 경기78아1103 3 44 228000177 228000782 67 
2020-12-02T16:00:59.218027+09:00 0 0 경기78아1212 3 38 228000177 277103443 27 
2020-12-02T16:01:58.871896+09:00 0 0 경기78아1106 3 42 228000177 277103678 48 
2020-12-02T16:01:58.871957+09:00 0 0 경기78아1100 3 47 228000177 228002021 74 
2020-12-02T16:01:58.871978+09:00 0 0 경기78아1109 3 38 228000177 121000005 41 
2020-12-02T16:01:58.871994+09:00 0 0 경기78아1228 3 47 228000177 228000742 10 
2020-12-02T16:01:58.872010+09:00 0 0 경기78아1296 3 37 228000177 277103360 52 
2020-12-02T16:01:58.872025+09:00 0 0 경기78아1213 3 46 228000177 228000794 21 
2020-12-02T16:01:58.872039+09:00 0 0 경기78아1212 3 38 228000177 277103443 27 
2020-12-02T16:01:58.872053+09:00 0 0 경기78아1297 3 38 228000177 277103765 35 
2020-12-02T16:01:58.872066+09:00 0 0 경기78아1103 3 44 228000177 228000782 67 
2020-12-02T16:02:58.505831+09:00 0 0 경기78아1109 3 38 228000177 121000005 41 
2020-12-02T16:02:58.505891+09:00 0 0 경기78아1228 3 47 228000177 228000742 10 
2020-12-02T16:02:58.505911+09:00 0 0 경기78아1106 3 42 228000177 277103678 48 
2020-12-02T16:02:58.505927+09:00 0 0 경기78아1213 3 46 228000177 228001103 23 
2020-12-02T16:02:58.505944+09:00 0 0 경기78아1296 3 37 228000177 277103365 53 
2020-12-02T16:02:58.505959+09:00 0 0 경기78아1212 3 38 228000177 277103443 27 
2020-12-02T16:02:58.505973+09:00 0 0 경기78아1103 3 44 228000177 228000782 67 
2020-12-02T16:02:58.505987+09:00 0 0 경기78아1297 3 38 228000177 277103765 35 
2020-12-02T16:03:58.410061+09:00 0 0 경기78아1213 3 46 228000177 228001103 23 
2020-12-02T16:03:58.410124+09:00 0 0 경기78아1106 3 42 228000177 277103150 49 
2020-12-02T16:03:58.410144+09:00 0 0 경기78아1228 3 47 228000177 228000741 11 
2020-12-02T16:03:58.410161+09:00 0 0 경기78아1296 3 38 228000177 228000698 54 
2020-12-02T16:03:58.410177+09:00 0 0 경기78아1109 3 38 228000177 121000005 41 
2020-12-02T16:03:58.410192+09:00 0 0 경기78아1297 3 38 228000177 277103765 35 
2020-12-02T16:03:58.410207+09:00 0 0 경기78아1212 3 38 228000177 277103386 28 
2020-12-02T16:03:58.410220+09:00 0 0 경기78아1103 3 45 228000177 228000780 69 
2020-12-02T16:04:58.124161+09:00 0 0 경기78아1213 3 46 228000177 228001103 23 
2020-12-02T16:04:58.124222+09:00 0 0 경기78아1106 3 42 228000177 277103150 49 
2020-12-02T16:04:58.124242+09:00 0 0 경기78아1109 3 38 228000177 121000003 42 
2020-12-02T16:04:58.124258+09:00 0 0 경기78아1228 3 47 228000177 228000741 11 
2020-12-02T16:04:58.124274+09:00 0 0 경기78아1231 3 47 228000177 277100512 2 
2020-12-02T16:04:58.124288+09:00 0 0 경기78아1296 3 39 228000177 228001124 55 
2020-12-02T16:04:58.124307+09:00 0 0 경기78아1103 3 45 228000177 228000780 69 
2020-12-02T16:04:58.124321+09:00 0 0 경기78아1297 3 38 228000177 277103765 35 
2020-12-02T16:04:58.124337+09:00 0 0 경기78아1212 3 38 228000177 277103386 28 
2020-12-02T16:05:57.668085+09:00 0 0 경기78아1296 3 39 228000177 228001124 55 
2020-12-02T16:05:57.668147+09:00 0 0 경기78아1109 3 38 228000177 121000003 42 
2020-12-02T16:05:57.668167+09:00 0 0 경기78아1228 3 47 228000177 228000739 12 
2020-12-02T16:05:57.668183+09:00 0 0 경기78아1213 3 46 228000177 228001103 23 
2020-12-02T16:05:57.668199+09:00 0 0 경기78아1106 3 42 228000177 277103385 50 
2020-12-02T16:05:57.668214+09:00 0 0 경기78아1231 3 47 228000177 228002022 4 
2020-12-02T16:05:57.668227+09:00 0 0 경기78아1212 3 38 228000177 277103386 28 
2020-12-02T16:05:57.668241+09:00 0 0 경기78아1297 3 38 228000177 277103765 35 
2020-12-02T16:05:57.668254+09:00 0 0 경기78아1103 3 46 228000177 228000779 70 
2020-12-02T16:06:57.462289+09:00 0 0 경기78아1296 3 39 228000177 228001124 55 
2020-12-02T16:06:57.462351+09:00 0 0 경기78아1106 3 42 228000177 277103385 50 
2020-12-02T16:06:57.462372+09:00 0 0 경기78아1213 3 46 228000177 228000680 24 
2020-12-02T16:06:57.462388+09:00 0 0 경기78아1228 3 46 228000177 228000738 13 
2020-12-02T16:06:57.462404+09:00 0 0 경기78아1231 3 47 228000177 228002024 5 
2020-12-02T16:06:57.462419+09:00 0 0 경기78아1109 3 38 228000177 121000001 43 
2020-12-02T16:06:57.462433+09:00 0 0 경기78아1212 3 38 228000177 277103151 29 
2020-12-02T16:06:57.462447+09:00 0 0 경기78아1297 3 39 228000177 121000944 36 
2020-12-02T16:06:57.462460+09:00 0 0 경기78아1103 3 46 228000177 228000779 70 
2020-12-02T16:07:57.356473+09:00 0 0 경기78아1106 3 42 228000177 277103385 50 
2020-12-02T16:07:57.356529+09:00 0 0 경기78아1109 3 38 228000177 121000001 43 
2020-12-02T16:07:57.356549+09:00 0 0 경기78아1296 3 39 228000177 228000800 57 
2020-12-02T16:07:57.356565+09:00 0 0 경기78아1228 3 46 228000177 228000738 13 
2020-12-02T16:07:57.356581+09:00 0 0 경기78아1213 3 46 228000177 277103364 25 
2020-12-02T16:07:57.356596+09:00 0 0 경기78아1231 3 47 228000177 228002024 5 
2020-12-02T16:07:57.356609+09:00 0 0 경기78아1212 3 38 228000177 277103679 30 
2020-12-02T16:07:57.356623+09:00 0 0 경기78아1103 3 46 228000177 228000779 70 
2020-12-02T16:07:57.356636+09:00 0 0 경기78아1297 3 42 228000177 277102911 37 
2020-12-02T16:08:56.960828+09:00 0 0 경기78아1213 3 46 228000177 277103364 25 
2020-12-02T16:08:56.960888+09:00 0 0 경기78아1109 3 38 228000177 121000001 43 
2020-12-02T16:08:56.960908+09:00 0 0 경기78아1106 3 42 228000177 277103442 51 
2020-12-02T16:08:56.960923+09:00 0 0 경기78아1228 3 46 228000177 228000736 15 
2020-12-02T16:08:56.960940+09:00 0 0 경기78아1231 3 47 228000177 228002024 5 
2020-12-02T16:08:56.960955+09:00 0 0 경기78아1296 3 39 228000177 228002100 59 
2020-12-02T16:08:56.960969+09:00 0 0 경기78아1297 3 42 228000177 277102911 37 
2020-12-02T16:08:56.960982+09:00 0 0 경기78아1212 3 38 228000177 277103679 30 
2020-12-02T16:08:56.960996+09:00 0 0 경기78아1103 3 47 228000177 228001208 71 
2020-12-02T16:09:56.604497+09:00 0 0 경기78아1106 3 42 228000177 277103442 51 
2020-12-02T16:09:56.604559+09:00 0 0 경기78아1296 3 39 228000177 228000798 60 
2020-12-02T16:09:56.604579+09:00 0 0 경기78아1109 3 39 228000177 121000220 44 
2020-12-02T16:09:56.604595+09:00 0 0 경기78아1228 3 44 228000177 228000736 15 
2020-12-02T16:09:56.604611+09:00 0 0 경기78아1231 3 47 228000177 228000747 6 
2020-12-02T16:09:56.604625+09:00 0 0 경기78아1213 3 46 228000177 277103364 25 
2020-12-02T16:09:56.604639+09:00 0 0 경기78아1103 3 47 228000177 228001208 71 
2020-12-02T16:09:56.604652+09:00 0 0 경기78아1212 3 38 228000177 277103441 31 
2020-12-02T16:09:56.604666+09:00 0 0 경기78아1297 3 42 228000177 121000009 38 
2020-12-02T16:10:56.048581+09:00 0 0 경기78아1106 3 42 228000177 277103442 51 
2020-12-02T16:10:56.048643+09:00 0 0 경기78아1231 3 47 228000177 228000747 6 
2020-12-02T16:10:56.048664+09:00 0 0 경기78아1296 3 39 228000177 228000798 60 
2020-12-02T16:10:56.048681+09:00 0 0 경기78아1213 3 46 228000177 277103361 26 
2020-12-02T16:10:56.048697+09:00 0 0 경기78아1109 3 39 228000177 121000220 44 
2020-12-02T16:10:56.048713+09:00 0 0 경기78아1228 3 44 228000177 228001773 16 
2020-12-02T16:10:56.048727+09:00 0 0 경기78아1212 3 38 228000177 277103441 31 
2020-12-02T16:10:56.048740+09:00 0 0 경기78아1103 3 47 228000177 228001208 71 
2020-12-02T16:10:56.048754+09:00 0 0 경기78아1297 3 42 228000177 121000009 38 
2020-12-02T16:11:56.132647+09:00 0 0 경기78아1213 3 46 228000177 277103361 26 
2020-12-02T16:11:56.132706+09:00 0 0 경기78아1231 3 47 228000177 228000747 6 
2020-12-02T16:11:56.132725+09:00 0 0 경기78아1109 3 39 228000177 121000220 44 
2020-12-02T16:11:56.132741+09:00 0 0 경기78아1106 3 42 228000177 277103360 52 
2020-12-02T16:11:56.132757+09:00 0 0 경기78아1296 3 39 228000177 228001122 61 
2020-12-02T16:11:56.132771+09:00 0 0 경기78아1228 3 44 228000177 228001105 17 
2020-12-02T16:11:56.132785+09:00 0 0 경기78아1103 3 47 228000177 228001208 71 
2020-12-02T16:11:56.132798+09:00 0 0 경기78아1297 3 39 228000177 277101612 39 
2020-12-02T16:11:56.132823+09:00 0 0 경기78아1212 3 38 228000177 277104177 32 
2020-12-02T16:12:56.046896+09:00 0 0 경기78아1106 3 42 228000177 277103360 52 
2020-12-02T16:12:56.046958+09:00 0 0 경기78아1228 3 44 228000177 228001105 17 
2020-12-02T16:12:56.046977+09:00 0 0 경기78아1296 3 39 228000177 228001122 61 
2020-12-02T16:12:56.046992+09:00 0 0 경기78아1109 3 39 228000177 121000220 44 
2020-12-02T16:12:56.047014+09:00 0 0 경기78아1213 3 46 228000177 277103443 27 
2020-12-02T16:12:56.047030+09:00 0 0 경기78아1231 3 47 228000177 228001208 7 
2020-12-02T16:12:56.047045+09:00 0 0 경기78아1103 3 47 228000177 228000777 72 
2020-12-02T16:12:56.047059+09:00 0 0 경기78아1212 3 38 228000177 277103388 33 
2020-12-02T16:12:56.047072+09:00 0 0 경기78아1297 3 39 228000177 277101612 39 
2020-12-02T16:13:55.360927+09:00 0 0 경기78아1231 3 43 228000177 228001208 7 
2020-12-02T16:13:55.360988+09:00 0 0 경기78아1106 3 42 228000177 277103360 52 
2020-12-02T16:13:55.361008+09:00 0 0 경기78아1109 3 39 228000177 277103387 45 
2020-12-02T16:13:55.361023+09:00 0 0 경기78아1213 3 46 228000177 277103443 27 
2020-12-02T16:13:55.361071+09:00 0 0 경기78아1296 3 40 228000177 228000787 62 
2020-12-02T16:13:55.361088+09:00 0 0 경기78아1228 3 44 228000177 228002101 19 
2020-12-02T16:13:55.361103+09:00 0 0 경기78아1103 3 47 228000177 228002023 73 
2020-12-02T16:13:55.361116+09:00 0 0 경기78아1297 3 39 228000177 277101612 39 
2020-12-02T16:13:55.361130+09:00 0 0 경기78아1212 3 38 228000177 277103388 33 
2020-12-02T16:14:55.415041+09:00 0 0 경기78아1231 3 43 228000177 228001208 7 
2020-12-02T16:14:55.415103+09:00 0 0 경기78아1213 3 46 228000177 277103443 27 
2020-12-02T16:14:55.415122+09:00 0 0 경기78아1296 3 41 228000177 228000786 63 
2020-12-02T16:14:55.415139+09:00 0 0 경기78아1109 3 39 228000177 277103387 45 
2020-12-02T16:14:55.415156+09:00 0 0 경기78아1106 3 42 228000177 277103360 52 
2020-12-02T16:14:55.415170+09:00 0 0 경기78아1228 3 44 228000177 228000796 20 
2020-12-02T16:14:55.415184+09:00 0 0 경기78아1297 3 40 228000177 121000007 40 
2020-12-02T16:14:55.415198+09:00 0 0 경기78아1212 3 38 228000177 277103388 33 
2020-12-02T16:14:55.415211+09:00 0 0 경기78아1103 3 47 228000177 228002021 74 
2020-12-02T16:15:54.609095+09:00 0 0 경기78아1231 3 43 228000177 228001208 7 
2020-12-02T16:15:54.609156+09:00 0 0 경기78아1109 3 39 228000177 277104178 46 
2020-12-02T16:15:54.609175+09:00 0 0 경기78아1106 3 42 228000177 277103365 53 
2020-12-02T16:15:54.609191+09:00 0 0 경기78아1296 3 42 228000177 228000785 64 
2020-12-02T16:15:54.609207+09:00 0 0 경기78아1228 3 44 228000177 228000794 21 
2020-12-02T16:15:54.609222+09:00 0 0 경기78아1213 3 46 228000177 277103386 28 
2020-12-02T16:15:54.609235+09:00 0 0 경기78아1103 3 47 228000177 228002021 74 
2020-12-02T16:15:54.609249+09:00 0 0 경기78아1212 3 38 228000177 277103390 34 
2020-12-02T16:15:54.609262+09:00 0 0 경기78아1297 3 40 228000177 121000007 40 
2020-12-02T16:16:54.353220+09:00 0 0 경기78아1231 3 43 228000177 228001208 7 
2020-12-02T16:16:54.353269+09:00 0 0 경기78아1213 3 46 228000177 277103386 28 
2020-12-02T16:16:54.353289+09:00 0 0 경기78아1228 3 44 228000177 228000794 21 
2020-12-02T16:16:54.353305+09:00 0 0 경기78아1109 3 39 228000177 277103440 47 
2020-12-02T16:16:54.353321+09:00 0 0 경기78아1296 3 42 228000177 228000784 65 
2020-12-02T16:16:54.353336+09:00 0 0 경기78아1106 3 45 228000177 228000698 54 
2020-12-02T16:16:54.353350+09:00 0 0 경기78아1103 3 47 228000177 228002021 74 
2020-12-02T16:16:54.353368+09:00 0 0 경기78아1297 3 40 228000177 121000007 40 
2020-12-02T16:16:54.353383+09:00 0 0 경기78아1212 3 38 228000177 277103390 34 
2020-12-02T16:17:54.137343+09:00 0 0 경기78아1109 3 39 228000177 277103440 47 
2020-12-02T16:17:54.137405+09:00 0 0 경기78아1296 3 42 228000177 228000784 65 
2020-12-02T16:17:54.137425+09:00 0 0 경기78아1106 3 45 228000177 228001124 55 
2020-12-02T16:17:54.137441+09:00 0 0 경기78아1231 3 43 228000177 228001208 7 
2020-12-02T16:17:54.137457+09:00 0 0 경기78아1213 3 46 228000177 277103386 28 
2020-12-02T16:17:54.137471+09:00 0 0 경기78아1228 3 44 228000177 228000793 22 
2020-12-02T16:17:54.137485+09:00 0 0 경기78아1297 3 39 228000177 121000005 41 
2020-12-02T16:17:54.137498+09:00 0 0 경기78아1212 3 38 228000177 277103765 35 
2020-12-02T16:17:54.137511+09:00 0 0 경기78아1103 3 47 228000177 228002021 74 
2020-12-02T16:18:53.831455+09:00 0 0 경기78아1228 3 44 228000177 228001103 23 
2020-12-02T16:18:53.831520+09:00 0 0 경기78아1213 3 46 228000177 277103151 29 
2020-12-02T16:18:53.831540+09:00 0 0 경기78아1109 3 39 228000177 277103678 48 
2020-12-02T16:18:53.831556+09:00 0 0 경기78아1106 3 45 228000177 228001124 55 
2020-12-02T16:18:53.831572+09:00 0 0 경기78아1231 3 45 228000177 228000744 8 
2020-12-02T16:18:53.831587+09:00 0 0 경기78아1296 3 43 228000177 228000783 66 
2020-12-02T16:18:53.831600+09:00 0 0 경기78아1103 3 47 228000177 228002021 74 
2020-12-02T16:18:53.831613+09:00 0 0 경기78아1297 3 39 228000177 121000005 41 
2020-12-02T16:18:53.831627+09:00 0 0 경기78아1212 3 38 228000177 277103765 35 
2020-12-02T16:19:53.155491+09:00 0 0 경기78아1228 3 44 228000177 228001103 23 
2020-12-02T16:19:53.155553+09:00 0 0 경기78아1231 3 46 228000177 228000743 9 
2020-12-02T16:19:53.155573+09:00 0 0 경기78아1296 3 43 228000177 228000782 67 
2020-12-02T16:19:53.155589+09:00 0 0 경기78아1213 3 46 228000177 277103679 30 
2020-12-02T16:19:53.155606+09:00 0 0 경기78아1109 3 39 228000177 277103678 48 
2020-12-02T16:19:53.155621+09:00 0 0 경기78아1106 3 45 228000177 228000801 56 
2020-12-02T16:19:53.155635+09:00 0 0 경기78아1103 3 47 228000177 228002021 74 
2020-12-02T16:19:53.155649+09:00 0 0 경기78아1297 3 39 228000177 121000005 41 
2020-12-02T16:19:53.155662+09:00 0 0 경기78아1212 3 38 228000177 277103765 35 
2020-12-02T16:20:52.279562+09:00 0 0 경기78아1213 3 46 228000177 277103679 30 
2020-12-02T16:20:52.279624+09:00 0 0 경기78아1106 3 45 228000177 228000800 57 
2020-12-02T16:20:52.279644+09:00 0 0 경기78아1228 3 44 228000177 228001103 23 
2020-12-02T16:20:52.279660+09:00 0 0 경기78아1109 3 39 228000177 277103150 49 
2020-12-02T16:20:52.279676+09:00 0 0 경기78아1231 3 46 228000177 228000742 10 
2020-12-02T16:20:52.279691+09:00 0 0 경기78아1296 3 43 228000177 228000782 67 
2020-12-02T16:20:52.279705+09:00 0 0 경기78아1103 3 47 228000177 228002021 74 
2020-12-02T16:20:52.279718+09:00 0 0 경기78아1212 3 39 228000177 277103765 35 
2020-12-02T16:20:52.279732+09:00 0 0 경기78아1297 3 39 228000177 121000003 42 
2020-12-02T16:20:52.279746+09:00 0 0 경기78아1237 3 47 228000177 277102409 3 
2020-12-02T16:21:52.263705+09:00 0 0 경기78아1109 3 39 228000177 277103150 49 
2020-12-02T16:21:52.263767+09:00 0 0 경기78아1231 3 46 228000177 228000742 10 
2020-12-02T16:21:52.263787+09:00 0 0 경기78아1213 3 46 228000177 277103441 31 
2020-12-02T16:21:52.263803+09:00 0 0 경기78아1228 3 44 228000177 228000680 24 
2020-12-02T16:21:52.263819+09:00 0 0 경기78아1106 3 45 228000177 228000799 58 
2020-12-02T16:21:52.263834+09:00 0 0 경기78아1296 3 44 228000177 228000781 68 
2020-12-02T16:21:52.263848+09:00 0 0 경기78아1103 3 47 228000177 228002021 74 
2020-12-02T16:21:52.263861+09:00 0 0 경기78아1237 3 47 228000177 228002022 4 
2020-12-02T16:21:52.263875+09:00 0 0 경기78아1297 3 39 228000177 121000003 42 
2020-12-02T16:21:52.263888+09:00 0 0 경기78아1212 3 39 228000177 277103765 35 
2020-12-02T16:22:52.237827+09:00 0 0 경기78아1213 3 46 228000177 277103441 31 
2020-12-02T16:22:52.237894+09:00 0 0 경기78아1228 3 44 228000177 228000680 24 
2020-12-02T16:22:52.237914+09:00 0 0 경기78아1106 3 45 228000177 228000798 60 
2020-12-02T16:22:52.237929+09:00 0 0 경기78아1109 3 39 228000177 277103385 50 
2020-12-02T16:22:52.237946+09:00 0 0 경기78아1296 3 43 228000177 228000780 69 
2020-12-02T16:22:52.237961+09:00 0 0 경기78아1231 3 46 228000177 228000741 11 
2020-12-02T16:22:52.237974+09:00 0 0 경기78아1103 3 47 228000177 228002021 74 
2020-12-02T16:22:52.237988+09:00 0 0 경기78아1212 3 40 228000177 121000944 36 
2020-12-02T16:22:52.238001+09:00 0 0 경기78아1297 3 40 228000177 121000001 43 
2020-12-02T16:22:52.238015+09:00 0 0 경기78아1237 3 47 228000177 228002024 5 
2020-12-02T16:23:51.021722+09:00 0 0 경기78아1228 3 44 228000177 228000680 24 
2020-12-02T16:23:51.021793+09:00 0 0 경기78아1109 3 39 228000177 277103385 50 
2020-12-02T16:23:51.021814+09:00 0 0 경기78아1296 3 43 228000177 228000780 69 
2020-12-02T16:23:51.021829+09:00 0 0 경기78아1106 3 46 228000177 228000798 60 
2020-12-02T16:23:51.021846+09:00 0 0 경기78아1231 3 46 228000177 228000741 11 
2020-12-02T16:23:51.021862+09:00 0 0 경기78아1213 3 46 228000177 277104177 32 
2020-12-02T16:23:51.021876+09:00 0 0 경기78아1103 3 47 228000177 228002021 74 
2020-12-02T16:23:51.021890+09:00 0 0 경기78아1297 3 40 228000177 121000001 43 
2020-12-02T16:23:51.021904+09:00 0 0 경기78아1212 3 34 228000177 277102911 37 
2020-12-02T16:23:51.021918+09:00 0 0 경기78아1237 3 47 228000177 228002024 5 
2020-12-02T16:24:50.475428+09:00 0 0 경기78아1109 3 39 228000177 277103385 50 
2020-12-02T16:24:50.475489+09:00 0 0 경기78아1296 3 43 228000177 228000779 70 
2020-12-02T16:24:50.475508+09:00 0 0 경기78아1106 3 46 228000177 228001122 61 
2020-12-02T16:24:50.475524+09:00 0 0 경기78아1213 3 46 228000177 277103388 33 
2020-12-02T16:24:50.475541+09:00 0 0 경기78아1228 3 44 228000177 277103364 25 
2020-12-02T16:24:50.475555+09:00 0 0 경기78아1231 3 46 228000177 228000738 13 
2020-12-02T16:24:50.475569+09:00 0 0 경기78아1103 3 47 228000177 228002021 74 
2020-12-02T16:24:50.475582+09:00 0 0 경기78아1237 3 47 228000177 228000747 6 
2020-12-02T16:24:50.475595+09:00 0 0 경기78아1297 3 40 228000177 121000001 43 
2020-12-02T16:24:50.475608+09:00 0 0 경기78아1212 3 34 228000177 277102911 37 
2020-12-02T16:25:50.359169+09:00 0 0 경기78아1213 3 46 228000177 277103388 33 
2020-12-02T16:25:50.359243+09:00 0 0 경기78아1231 3 46 228000177 228000738 13 
2020-12-02T16:25:50.359263+09:00 0 0 경기78아1106 3 46 228000177 228001122 61 
2020-12-02T16:25:50.359295+09:00 0 0 경기78아1228 3 44 228000177 277103364 25 
2020-12-02T16:25:50.359315+09:00 0 0 경기78아1109 3 39 228000177 277103442 51 
2020-12-02T16:25:50.359330+09:00 0 0 경기78아1296 3 44 228000177 228001208 71 
2020-12-02T16:25:50.359343+09:00 0 0 경기78아1103 3 47 228000177 228002021 74 
2020-12-02T16:25:50.359357+09:00 0 0 경기78아1237 3 47 228000177 228000747 6 
2020-12-02T16:25:50.359370+09:00 0 0 경기78아1212 3 34 228000177 121000009 38 
2020-12-02T16:25:50.359384+09:00 0 0 경기78아1297 3 40 228000177 121000001 43 
2020-12-02T16:26:50.122974+09:00 0 0 경기78아1106 3 46 228000177 228001122 61 
2020-12-02T16:26:50.123034+09:00 0 0 경기78아1228 3 44 228000177 277103364 25 
2020-12-02T16:26:50.123054+09:00 0 0 경기78아1109 3 39 228000177 277103442 51 
2020-12-02T16:26:50.123070+09:00 0 0 경기78아1296 3 46 228000177 228001208 71 
2020-12-02T16:26:50.123086+09:00 0 0 경기78아1231 3 45 228000177 228000737 14 
2020-12-02T16:26:50.123117+09:00 0 0 경기78아1213 3 46 228000177 277103390 34 
2020-12-02T16:26:50.123131+09:00 0 0 경기78아1103 3 47 228000177 228002021 74 
2020-12-02T16:26:50.123145+09:00 0 0 경기78아1237 3 47 228000177 228000747 6 
2020-12-02T16:26:50.123158+09:00 0 0 경기78아1212 3 32 228000177 277101612 39 
2020-12-02T16:26:50.123172+09:00 0 0 경기78아1297 3 39 228000177 121000220 44 
2020-12-02T16:27:49.606797+09:00 0 0 경기78아1109 3 39 228000177 277103442 51 
2020-12-02T16:27:49.606861+09:00 0 0 경기78아1213 3 46 228000177 277103390 34 
2020-12-02T16:27:49.606881+09:00 0 0 경기78아1106 3 46 228000177 228001122 61 
2020-12-02T16:27:49.606896+09:00 0 0 경기78아1231 3 45 228000177 228000736 15 
2020-12-02T16:27:49.606913+09:00 0 0 경기78아1296 3 46 228000177 228001208 71 
2020-12-02T16:27:49.606928+09:00 0 0 경기78아1228 3 44 228000177 277103361 26 
2020-12-02T16:27:49.606942+09:00 0 0 경기78아1212 3 32 228000177 121000007 40 
2020-12-02T16:27:49.606955+09:00 0 0 경기78아1103 3 47 228000177 228002021 74 
2020-12-02T16:27:49.606968+09:00 0 0 경기78아1297 3 39 228000177 121000220 44 
2020-12-02T16:27:49.606981+09:00 0 0 경기78아1237 3 47 228000177 228001208 7 
2020-12-02T16:28:49.710715+09:00 0 0 경기78아1228 3 44 228000177 277103361 26 
2020-12-02T16:28:49.710776+09:00 0 0 경기78아1231 3 45 228000177 228000736 15 
2020-12-02T16:28:49.710796+09:00 0 0 경기78아1109 3 39 228000177 277103360 52 
2020-12-02T16:28:49.710812+09:00 0 0 경기78아1296 3 47 228000177 228000777 72 
2020-12-02T16:28:49.710828+09:00 0 0 경기78아1213 3 46 228000177 277103765 35 
2020-12-02T16:28:49.710843+09:00 0 0 경기78아1106 3 46 228000177 228000787 62 
2020-12-02T16:28:49.710856+09:00 0 0 경기78아1103 3 47 228000177 228002021 74 
2020-12-02T16:28:49.710870+09:00 0 0 경기78아1297 3 39 228000177 121000220 44 
2020-12-02T16:28:49.710883+09:00 0 0 경기78아1212 3 32 228000177 121000007 40 
2020-12-02T16:28:49.710897+09:00 0 0 경기78아1237 3 45 228000177 228001208 7 
2020-12-02T16:29:49.694660+09:00 0 0 경기78아1109 3 39 228000177 277103360 52 
2020-12-02T16:29:49.694722+09:00 0 0 경기78아1106 3 46 228000177 228000786 63 
2020-12-02T16:29:49.694742+09:00 0 0 경기78아1213 3 46 228000177 277103765 35 
2020-12-02T16:29:49.694758+09:00 0 0 경기78아1231 3 45 228000177 228001773 16 
2020-12-02T16:29:49.694774+09:00 0 0 경기78아1296 3 47 228000177 228000777 72 
2020-12-02T16:29:49.694789+09:00 0 0 경기78아1228 3 44 228000177 277103443 27 
2020-12-02T16:29:49.694803+09:00 0 0 경기78아1237 3 45 228000177 228001208 7 
2020-12-02T16:29:49.694817+09:00 0 0 경기78아1297 3 39 228000177 277103387 45 
2020-12-02T16:29:49.694831+09:00 0 0 경기78아1212 3 32 228000177 121000007 40 
2020-12-02T16:30:48.768339+09:00 0 0 경기78아1213 3 46 228000177 277103765 35 
2020-12-02T16:30:48.768404+09:00 0 0 경기78아1296 3 47 228000177 228002023 73 
2020-12-02T16:30:48.768424+09:00 0 0 경기78아1106 3 47 228000177 228000785 64 
2020-12-02T16:30:48.768441+09:00 0 0 경기78아1109 3 39 228000177 277103360 52 
2020-12-02T16:30:48.768457+09:00 0 0 경기78아1228 3 44 228000177 277103443 27 
2020-12-02T16:30:48.768472+09:00 0 0 경기78아1231 3 45 228000177 228001105 17 
2020-12-02T16:30:48.768486+09:00 0 0 경기78아1237 3 45 228000177 228001208 7 
2020-12-02T16:30:48.768499+09:00 0 0 경기78아1212 3 32 228000177 121000005 41 
2020-12-02T16:30:48.768512+09:00 0 0 경기78아1297 3 39 228000177 277104178 46 
2020-12-02T16:31:48.422353+09:00 0 0 경기78아1213 3 46 228000177 277103765 35 
2020-12-02T16:31:48.422415+09:00 0 0 경기78아1228 3 44 228000177 277103443 27 
2020-12-02T16:31:48.422434+09:00 0 0 경기78아1109 3 39 228000177 277103360 52 
2020-12-02T16:31:48.422450+09:00 0 0 경기78아1231 3 45 228000177 228001105 17 
2020-12-02T16:31:48.422472+09:00 0 0 경기78아1106 3 48 228000177 228000784 65 
2020-12-02T16:31:48.422487+09:00 0 0 경기78아1296 3 48 228000177 228002021 74 
2020-12-02T16:31:48.422500+09:00 0 0 경기78아1237 3 45 228000177 228001208 7 
2020-12-02T16:31:48.422513+09:00 0 0 경기78아1212 3 32 228000177 121000005 41 
2020-12-02T16:31:48.422526+09:00 0 0 경기78아1297 3 39 228000177 277103440 47 
2020-12-02T16:32:48.126140+09:00 0 0 경기78아1106 3 48 228000177 228000784 65 
2020-12-02T16:32:48.126203+09:00 0 0 경기78아1109 3 39 228000177 277103365 53 
2020-12-02T16:32:48.126223+09:00 0 0 경기78아1231 3 45 228000177 228000797 18 
2020-12-02T16:32:48.126239+09:00 0 0 경기78아1213 3 46 228000177 277103765 35 
2020-12-02T16:32:48.126255+09:00 0 0 경기78아1296 3 48 228000177 228002021 74 
2020-12-02T16:32:48.126270+09:00 0 0 경기78아1228 3 44 228000177 277103386 28 
2020-12-02T16:32:48.126284+09:00 0 0 경기78아1297 3 39 228000177 277103440 47 
2020-12-02T16:32:48.126309+09:00 0 0 경기78아1237 3 45 228000177 228001208 7 
2020-12-02T16:32:48.126321+09:00 0 0 경기78아1212 3 32 228000177 121000005 41 
2020-12-02T16:33:47.960030+09:00 0 0 경기78아1228 3 44 228000177 277103386 28 
2020-12-02T16:33:47.960090+09:00 0 0 경기78아1109 3 39 228000177 228000698 54 
2020-12-02T16:33:47.960111+09:00 0 0 경기78아1106 3 48 228000177 228000783 66 
2020-12-02T16:33:47.960131+09:00 0 0 경기78아1231 3 44 228000177 228000796 20 
2020-12-02T16:33:47.960148+09:00 0 0 경기78아1213 3 46 228000177 121000944 36 
2020-12-02T16:33:47.960162+09:00 0 0 경기78아1297 3 39 228000177 277103678 48 
2020-12-02T16:33:47.960176+09:00 0 0 경기78아1237 3 45 228000177 228000743 9 
2020-12-02T16:33:47.960190+09:00 0 0 경기78아1212 3 32 228000177 121000005 41 
2020-12-02T16:34:47.544049+09:00 0 0 경기78아1228 3 44 228000177 277103386 28 
2020-12-02T16:34:47.544109+09:00 0 0 경기78아1213 3 46 228000177 121000944 36 
2020-12-02T16:34:47.544129+09:00 0 0 경기78아1109 3 37 228000177 228001124 55 
2020-12-02T16:34:47.544145+09:00 0 0 경기78아1231 3 43 228000177 228000796 20 
2020-12-02T16:34:47.544161+09:00 0 0 경기78아1106 3 48 228000177 228000783 66 
2020-12-02T16:34:47.544176+09:00 0 0 경기78아1297 3 39 228000177 277103678 48 
2020-12-02T16:34:47.544189+09:00 0 0 경기78아1212 3 34 228000177 121000003 42 
2020-12-02T16:34:47.544203+09:00 0 0 경기78아1237 3 44 228000177 228000742 10 
2020-12-02T16:35:46.637924+09:00 0 0 경기78아1109 3 37 228000177 228001124 55 
2020-12-02T16:35:46.637985+09:00 0 0 경기78아1106 3 48 228000177 228000782 67 
2020-12-02T16:35:46.638005+09:00 0 0 경기78아1231 3 43 228000177 228000794 21 
2020-12-02T16:35:46.638021+09:00 0 0 경기78아1213 3 42 228000177 121000944 36 
2020-12-02T16:35:46.638037+09:00 0 0 경기78아1228 3 44 228000177 277103151 29 
2020-12-02T16:35:46.638051+09:00 0 0 경기78아1237 3 44 228000177 228000742 10 
2020-12-02T16:35:46.638065+09:00 0 0 경기78아1297 3 39 228000177 277103150 49 
2020-12-02T16:35:46.638078+09:00 0 0 경기78아1212 3 34 228000177 121000001 43 
2020-12-02T16:36:46.241909+09:00 0 0 경기78아1109 3 37 228000177 228001124 55 
2020-12-02T16:36:46.241970+09:00 0 0 경기78아1231 3 43 228000177 228000794 21 
2020-12-02T16:36:46.241991+09:00 0 0 경기78아1228 3 44 228000177 277103151 29 
2020-12-02T16:36:46.242007+09:00 0 0 경기78아1213 3 42 228000177 277102911 37 
2020-12-02T16:36:46.242023+09:00 0 0 경기78아1239 3 47 228000177 228000191 1 
2020-12-02T16:36:46.242038+09:00 0 0 경기78아1106 3 48 228000177 228000782 67 
2020-12-02T16:36:46.242052+09:00 0 0 경기78아1297 3 39 228000177 277103150 49 
2020-12-02T16:36:46.242066+09:00 0 0 경기78아1212 3 34 228000177 121000001 43 
2020-12-02T16:36:46.242079+09:00 0 0 경기78아1237 3 44 228000177 228000741 11 
