204000057 2020-12-08T00:00:42.169888+09:00
2020-12-08T13:17:20 0 0 경기70아8896 3 44 204000057 205000214 84 
2020-12-08T13:17:20 0 0 경기70아8797 3 40 204000057 208000281 51 
2020-12-08T13:17:20 0 0 경기77바2427 3 45 204000057 205000220 2 
2020-12-08T13:17:20 0 0 경기70아6228 3 43 204000057 277101770 44 
2020-12-08T13:17:20 0 0 경기70아6226 3 38 204000057 277102796 64 
2020-12-08T13:17:20 0 0 경기70아8879 3 33 204000057 209000132 30 
2020-12-08T13:17:20 0 0 경기77바1092 3 42 204000057 206000157 14 
2020-12-08T13:17:20 0 0 경기70아8895 3 41 204000057 206000239 69 
2020-12-08T13:17:20 0 0 경기70아8899 3 42 204000057 206000264 78 
2020-12-08T13:17:20 0 0 경기70아7362 3 28 204000057 277102599 24 
2020-12-08T13:17:20 0 0 경기70아6227 3 36 204000057 209000109 56 
2020-12-08T13:17:20 0 0 경기77바1096 3 36 204000057 206000532 22 
2020-12-08T13:17:20 0 0 경기70아8874 3 44 204000057 208000066 41 
2020-12-08T13:17:20 0 0 경기70아6229 3 43 204000057 208000005 36 
2020-12-08T13:17:20 0 0 경기77바1083 3 39 204000057 209000129 61 
