221000033 2020-12-05T00:00:20.749639+09:00
2020-12-05T13:27:19 0 0 경기74사1100 3 44 221000033 123000611 26 
2020-12-05T13:27:19 0 0 경기77바1200 3 40 221000033 106000461 16 
2020-12-05T13:27:19 0 0 경기77바1047 3 42 221000033 221000234 35 
2020-12-05T13:28:18 0 0 경기74사1100 3 44 221000033 123000611 26 
2020-12-05T13:28:18 0 0 경기77바1200 3 39 221000033 106000459 17 
2020-12-05T13:28:18 0 0 경기77바1047 3 43 221000033 221000376 36 
2020-12-05T13:29:18 0 0 경기77바1200 3 35 221000033 106000459 17 
2020-12-05T13:29:18 0 0 경기74사1100 3 44 221000033 123000611 26 
2020-12-05T13:29:18 0 0 경기77바1047 3 44 221000033 221000192 38 
2020-12-05T13:29:40 0 0 경기77바1200 3 35 221000033 106000459 17 
2020-12-05T13:29:40 0 0 경기74사1100 3 44 221000033 123000611 26 
2020-12-05T13:29:40 0 0 경기77바1047 3 44 221000033 221000192 38 
2020-12-05T13:30:40 0 0 경기74사1100 3 44 221000033 123000611 26 
2020-12-05T13:30:40 0 0 경기77바1200 3 35 221000033 106000462 18 
2020-12-05T13:30:40 0 0 경기77바1047 3 45 221000033 221000232 39 
2020-12-05T13:31:39 0 0 경기77바1200 3 35 221000033 106000242 19 
2020-12-05T13:31:39 0 0 경기74사1100 3 44 221000033 277102842 27 
2020-12-05T13:31:39 0 0 경기77바1047 3 45 221000033 221000232 39 
2020-12-05T13:32:38 0 0 경기77바1200 3 35 221000033 106000242 19 
2020-12-05T13:32:38 0 0 경기74사1100 3 44 221000033 277102842 27 
2020-12-05T13:32:38 0 0 경기77바1047 3 45 221000033 221000330 40 
2020-12-05T13:33:38 0 0 경기74사1100 3 44 221000033 277102842 27 
2020-12-05T13:33:38 0 0 경기77바1200 3 35 221000033 106000205 20 
2020-12-05T13:33:38 0 0 경기77바1047 3 45 221000033 221000330 40 
2020-12-05T13:34:38 0 0 경기77바1200 3 35 221000033 106000205 20 
2020-12-05T13:34:38 0 0 경기74사1100 3 44 221000033 277103353 28 
2020-12-05T13:34:38 0 0 경기77바1047 3 45 221000033 221000330 40 
2020-12-05T13:35:37 0 0 경기74사1100 3 44 221000033 277103353 28 
2020-12-05T13:35:37 0 0 경기77바1200 3 35 221000033 277103909 21 
2020-12-05T13:35:37 0 0 경기77바1047 3 45 221000033 221000330 40 
2020-12-05T13:36:36 0 0 경기74사1100 3 44 221000033 277103353 28 
2020-12-05T13:36:36 0 0 경기77바1200 3 35 221000033 277103909 21 
2020-12-05T13:36:36 0 0 경기77바1047 3 45 221000033 221000330 40 
2020-12-05T13:37:36 0 0 경기77바1200 3 35 221000033 277103909 21 
2020-12-05T13:37:36 0 0 경기74사1100 3 44 221000033 277102841 29 
2020-12-05T13:37:36 0 0 경기77바1047 3 45 221000033 221000330 40 
2020-12-05T13:37:36 0 0 경기74사1072 3 45 221000033 277102939 2 
2020-12-05T13:38:36 0 0 경기77바1200 3 35 221000033 277103909 21 
2020-12-05T13:38:36 0 0 경기74사1100 3 44 221000033 277102841 29 
2020-12-05T13:38:36 0 0 경기77바1047 3 45 221000033 221000330 40 
2020-12-05T13:38:36 0 0 경기74사1072 3 45 221000033 277102939 2 
2020-12-05T13:39:36 0 0 경기77바1200 3 35 221000033 277103909 21 
2020-12-05T13:39:36 0 0 경기74사1100 3 44 221000033 277102841 29 
2020-12-05T13:39:36 0 0 경기77바1047 3 45 221000033 221000330 40 
2020-12-05T13:39:36 0 0 경기74사1072 3 45 221000033 277102939 2 
2020-12-05T13:40:35 0 0 경기77바1200 3 35 221000033 277103909 21 
2020-12-05T13:40:35 0 0 경기74사1100 3 44 221000033 277102841 29 
2020-12-05T13:40:35 0 0 경기77바1047 3 45 221000033 221000330 40 
2020-12-05T13:40:35 0 0 경기74사1072 3 45 221000033 277102940 3 
2020-12-05T13:41:35 0 0 경기74사1100 3 44 221000033 277102841 29 
2020-12-05T13:41:35 0 0 경기77바1200 3 35 221000033 277103306 22 
2020-12-05T13:41:35 0 0 경기77바1047 3 45 221000033 221000330 40 
2020-12-05T13:41:35 0 0 경기74사1072 3 45 221000033 221000192 4 
2020-12-05T13:42:35 0 0 경기74사1100 3 44 221000033 277102841 29 
2020-12-05T13:42:35 0 0 경기77바1200 3 35 221000033 277103306 22 
2020-12-05T13:42:35 0 0 경기77바1047 3 45 221000033 221000330 40 
2020-12-05T13:42:35 0 0 경기74사1072 3 45 221000033 221000232 5 
2020-12-05T13:43:34 0 0 경기74사1100 3 44 221000033 277102841 29 
2020-12-05T13:43:34 0 0 경기77바1200 3 35 221000033 277103306 22 
2020-12-05T13:43:34 0 0 경기77바1047 3 45 221000033 221000330 40 
2020-12-05T13:43:34 0 0 경기74사1072 3 45 221000033 221000334 6 
2020-12-05T13:44:34 0 0 경기74사1100 3 44 221000033 277103910 30 
2020-12-05T13:44:34 0 0 경기77바1200 3 35 221000033 277102674 23 
2020-12-05T13:44:34 0 0 경기77바1047 3 45 221000033 221000330 40 
2020-12-05T13:44:34 0 0 경기74사1072 3 45 221000033 221000334 6 
2020-12-05T13:45:34 0 0 경기74사1100 3 44 221000033 277103910 30 
2020-12-05T13:45:34 0 0 경기77바1200 3 35 221000033 277103309 24 
2020-12-05T13:45:34 0 0 경기77바1047 3 45 221000033 221000330 40 
2020-12-05T13:45:34 0 0 경기74사1072 3 45 221000033 221000335 7 
2020-12-05T13:46:33 0 0 경기74사1100 3 44 221000033 106000203 31 
2020-12-05T13:46:33 0 0 경기77바1200 3 35 221000033 277103309 24 
2020-12-05T13:46:33 0 0 경기77바1047 3 45 221000033 221000330 40 
2020-12-05T13:46:33 0 0 경기74사1072 3 45 221000033 221000336 8 
2020-12-05T13:47:33 0 0 경기74사1100 3 44 221000033 221000127 32 
2020-12-05T13:47:33 0 0 경기77바1200 3 35 221000033 277103308 25 
2020-12-05T13:47:33 0 0 경기74사1072 3 45 221000033 221000231 9 
2020-12-05T13:48:33 0 0 경기74사1100 3 44 221000033 221000254 33 
2020-12-05T13:48:33 0 0 경기77바1200 3 35 221000033 277103308 25 
2020-12-05T13:48:33 0 0 경기74사1072 3 43 221000033 221000231 9 
2020-12-05T13:49:32 0 0 경기77바1200 3 35 221000033 277103308 25 
2020-12-05T13:49:32 0 0 경기74사1100 3 44 221000033 221000344 34 
2020-12-05T13:49:32 0 0 경기74사1072 3 41 221000033 221000377 10 
2020-12-05T13:50:31 0 0 경기74사1100 3 44 221000033 221000234 35 
2020-12-05T13:50:31 0 0 경기77바1200 3 35 221000033 277103308 25 
2020-12-05T13:50:31 0 0 경기74사1072 3 40 221000033 221000355 12 
2020-12-05T13:51:31 0 0 경기77바1200 3 35 221000033 277103308 25 
2020-12-05T13:51:31 0 0 경기74사1100 3 44 221000033 221000376 36 
2020-12-05T13:51:31 0 0 경기74사1072 3 40 221000033 221000355 12 
2020-12-05T13:52:31 0 0 경기77바1200 3 35 221000033 277103308 25 
2020-12-05T13:52:31 0 0 경기74사1100 3 44 221000033 221000339 37 
2020-12-05T13:52:31 0 0 경기74사1072 3 40 221000033 221000355 12 
2020-12-05T13:53:30 0 0 경기74사1100 3 45 221000033 221000192 38 
2020-12-05T13:53:30 0 0 경기77바1200 3 35 221000033 123000611 26 
2020-12-05T13:53:30 0 0 경기74사1072 3 40 221000033 221000253 13 
2020-12-05T13:54:30 0 0 경기77바1200 3 35 221000033 123000611 26 
2020-12-05T13:54:30 0 0 경기74사1100 3 45 221000033 221000232 39 
2020-12-05T13:54:30 0 0 경기74사1072 3 40 221000033 221000253 13 
2020-12-05T13:55:29 0 0 경기77바1200 3 35 221000033 123000611 26 
2020-12-05T13:55:29 0 0 경기74사1100 3 45 221000033 221000232 39 
2020-12-05T13:55:29 0 0 경기74사1072 3 39 221000033 106000457 15 
2020-12-05T13:56:29 0 0 경기77바1200 3 35 221000033 123000611 26 
2020-12-05T13:56:29 0 0 경기74사1100 3 45 221000033 221000330 40 
2020-12-05T13:56:29 0 0 경기74사1072 3 38 221000033 106000457 15 
2020-12-05T13:57:29 0 0 경기74사1100 3 45 221000033 221000330 40 
2020-12-05T13:57:29 0 0 경기77바1200 3 37 221000033 123000611 26 
2020-12-05T13:57:29 0 0 경기74사1072 3 37 221000033 106000459 17 
2020-12-05T13:58:29 0 0 경기74사1100 3 45 221000033 221000330 40 
2020-12-05T13:58:29 0 0 경기77바1200 3 37 221000033 123000611 26 
2020-12-05T13:58:29 0 0 경기74사1072 3 37 221000033 106000462 18 
2020-12-05T13:59:28 0 0 경기74사1100 3 45 221000033 221000330 40 
2020-12-05T13:59:28 0 0 경기77바1200 3 37 221000033 123000611 26 
2020-12-05T13:59:28 0 0 경기74사1072 3 37 221000033 106000462 18 
2020-12-05T14:00:27 0 0 경기74사1100 3 45 221000033 221000330 40 
2020-12-05T14:00:27 0 0 경기77바1200 3 37 221000033 123000611 26 
2020-12-05T14:00:27 0 0 경기74사1072 3 35 221000033 106000205 20 
2020-12-05T14:01:26 0 0 경기74사1100 3 45 221000033 221000330 40 
2020-12-05T14:01:26 0 0 경기77바1200 3 37 221000033 123000611 26 
2020-12-05T14:01:26 0 0 경기77바1014 3 45 221000033 277102939 2 
2020-12-05T14:01:26 0 0 경기74사1072 3 34 221000033 106000205 20 
2020-12-05T14:02:26 0 0 경기74사1100 3 45 221000033 221000330 40 
2020-12-05T14:02:26 0 0 경기77바1200 3 37 221000033 123000611 26 
2020-12-05T14:02:26 0 0 경기77바1014 3 45 221000033 277102939 2 
2020-12-05T14:02:26 0 0 경기74사1072 3 34 221000033 277103909 21 
2020-12-05T14:03:26 0 0 경기74사1100 3 45 221000033 221000330 40 
2020-12-05T14:03:26 0 0 경기77바1014 3 45 221000033 277102939 2 
2020-12-05T14:03:26 0 0 경기77바1200 3 37 221000033 123000611 26 
2020-12-05T14:03:26 0 0 경기74사1072 3 34 221000033 277103909 21 
2020-12-05T14:04:26 0 0 경기74사1100 3 45 221000033 221000330 40 
2020-12-05T14:04:26 0 0 경기77바1200 3 37 221000033 123000611 26 
2020-12-05T14:04:26 0 0 경기77바1014 3 45 221000033 221000192 4 
2020-12-05T14:04:26 0 0 경기74사1072 3 34 221000033 277103909 21 
2020-12-05T14:05:26 0 0 경기74사1100 3 45 221000033 221000330 40 
2020-12-05T14:05:26 0 0 경기77바1200 3 37 221000033 123000611 26 
2020-12-05T14:05:26 0 0 경기77바1014 3 45 221000033 221000232 5 
2020-12-05T14:05:26 0 0 경기74사1072 3 34 221000033 277103909 21 
2020-12-05T14:06:25 0 0 경기74사1100 3 45 221000033 221000330 40 
2020-12-05T14:06:25 0 0 경기77바1014 3 44 221000033 221000334 6 
2020-12-05T14:06:25 0 0 경기77바1200 3 37 221000033 123000611 26 
2020-12-05T14:06:25 0 0 경기74사1072 3 34 221000033 277103909 21 
2020-12-05T14:07:25 0 0 경기74사1100 3 45 221000033 221000330 40 
2020-12-05T14:07:25 0 0 경기77바1200 3 37 221000033 123000611 26 
2020-12-05T14:07:25 0 0 경기77바1014 3 44 221000033 221000334 6 
2020-12-05T14:07:25 0 0 경기74사1072 3 34 221000033 277103306 22 
2020-12-05T14:08:24 0 0 경기74사1100 3 45 221000033 221000330 40 
2020-12-05T14:08:24 0 0 경기77바1200 3 37 221000033 277102842 27 
2020-12-05T14:08:24 0 0 경기77바1014 3 44 221000033 221000335 7 
2020-12-05T14:08:24 0 0 경기74사1072 3 34 221000033 277103306 22 
2020-12-05T14:09:24 0 0 경기74사1100 3 45 221000033 221000330 40 
2020-12-05T14:09:24 0 0 경기77바1014 3 44 221000033 221000336 8 
2020-12-05T14:09:24 0 0 경기77바1200 3 37 221000033 277102842 27 
2020-12-05T14:09:24 0 0 경기74사1072 3 34 221000033 277103306 22 
2020-12-05T14:10:24 0 0 경기74사1100 3 45 221000033 221000330 40 
2020-12-05T14:10:24 0 0 경기77바1200 3 37 221000033 277102842 27 
2020-12-05T14:10:24 0 0 경기77바1014 3 43 221000033 221000336 8 
2020-12-05T14:10:24 0 0 경기74사1072 3 34 221000033 277103306 22 
2020-12-05T14:11:23 0 0 경기77바1014 3 42 221000033 221000231 9 
2020-12-05T14:11:23 0 0 경기77바1200 3 37 221000033 277103353 28 
2020-12-05T14:11:23 0 0 경기74사1072 3 34 221000033 277102674 23 
2020-12-05T14:12:22 0 0 경기77바1200 3 37 221000033 277103353 28 
2020-12-05T14:12:22 0 0 경기77바1014 3 42 221000033 221000377 10 
2020-12-05T14:12:22 0 0 경기74사1072 3 34 221000033 277103309 24 
2020-12-05T14:13:22 0 0 경기77바1200 3 37 221000033 277103353 28 
2020-12-05T14:13:22 0 0 경기77바1014 3 40 221000033 221000355 12 
2020-12-05T14:13:22 0 0 경기74사1072 3 34 221000033 277103309 24 
2020-12-05T14:14:22 0 0 경기77바1200 3 37 221000033 277102841 29 
2020-12-05T14:14:22 0 0 경기77바1014 3 39 221000033 221000355 12 
2020-12-05T14:14:22 0 0 경기74사1072 3 34 221000033 277103308 25 
2020-12-05T14:15:22 0 0 경기77바1200 3 37 221000033 277102841 29 
2020-12-05T14:15:22 0 0 경기77바1014 3 39 221000033 221000253 13 
2020-12-05T14:15:22 0 0 경기74사1072 3 34 221000033 277103308 25 
2020-12-05T14:16:22 0 0 경기77바1200 3 37 221000033 277102841 29 
2020-12-05T14:16:22 0 0 경기77바1014 3 39 221000033 106000471 14 
2020-12-05T14:16:22 0 0 경기74사1072 3 34 221000033 277103308 25 
2020-12-05T14:17:22 0 0 경기77바1014 3 39 221000033 106000457 15 
2020-12-05T14:17:22 0 0 경기77바1200 3 37 221000033 277102841 29 
2020-12-05T14:17:22 0 0 경기74사1072 3 34 221000033 277103308 25 
2020-12-05T14:18:22 0 0 경기77바1200 3 37 221000033 277102841 29 
2020-12-05T14:18:22 0 0 경기77바1014 3 37 221000033 106000459 17 
2020-12-05T14:18:22 0 0 경기74사1072 3 34 221000033 277103308 25 
2020-12-05T14:19:22 0 0 경기77바1200 3 37 221000033 277102841 29 
2020-12-05T14:19:22 0 0 경기77바1014 3 37 221000033 106000462 18 
2020-12-05T14:19:22 0 0 경기74사1072 3 34 221000033 123000611 26 
2020-12-05T14:20:21 0 0 경기77바1200 3 37 221000033 277102841 29 
2020-12-05T14:20:21 0 0 경기77바1014 3 37 221000033 106000462 18 
2020-12-05T14:20:21 0 0 경기74사1072 3 34 221000033 123000611 26 
2020-12-05T14:21:20 0 0 경기77바1200 3 37 221000033 277102841 29 
2020-12-05T14:21:20 0 0 경기77바1014 3 37 221000033 106000242 19 
2020-12-05T14:21:20 0 0 경기74사1072 3 34 221000033 123000611 26 
2020-12-05T14:22:20 0 0 경기77바1200 3 37 221000033 277102841 29 
2020-12-05T14:22:20 0 0 경기77바1014 3 35 221000033 106000205 20 
2020-12-05T14:22:20 0 0 경기74사1072 3 34 221000033 123000611 26 
2020-12-05T14:23:19 0 0 경기77바1200 3 37 221000033 277103910 30 
2020-12-05T14:23:19 0 0 경기77바1014 3 35 221000033 277103909 21 
2020-12-05T14:23:19 0 0 경기74사1072 3 34 221000033 123000611 26 
2020-12-05T14:24:19 0 0 경기77바1014 3 35 221000033 277103909 21 
2020-12-05T14:24:19 0 0 경기77바1200 3 37 221000033 277103910 30 
2020-12-05T14:24:19 0 0 경기74사1072 3 34 221000033 123000611 26 
2020-12-05T14:25:18 0 0 경기77바1014 3 35 221000033 277103909 21 
2020-12-05T14:25:18 0 0 경기77바1200 3 39 221000033 106000203 31 
2020-12-05T14:25:18 0 0 경기74사1072 3 34 221000033 123000611 26 
2020-12-05T14:26:18 0 0 경기77바1014 3 35 221000033 277103909 21 
2020-12-05T14:26:18 0 0 경기77바1200 3 39 221000033 221000254 33 
2020-12-05T14:26:18 0 0 경기74사1072 3 33 221000033 123000611 26 
2020-12-05T14:27:18 0 0 경기77바1014 3 35 221000033 277103909 21 
2020-12-05T14:27:18 0 0 경기77바1200 3 39 221000033 221000234 35 
2020-12-05T14:27:18 0 0 경기74사1072 3 33 221000033 123000611 26 
2020-12-05T14:28:17 0 0 경기77바1200 3 40 221000033 221000234 35 
2020-12-05T14:28:17 0 0 경기77바1014 3 35 221000033 277103306 22 
2020-12-05T14:28:17 0 0 경기74사1072 3 33 221000033 123000611 26 
2020-12-05T14:29:16 0 0 경기77바1014 3 35 221000033 277103306 22 
2020-12-05T14:29:16 0 0 경기77바1200 3 41 221000033 221000339 37 
2020-12-05T14:29:16 0 0 경기74사1072 3 33 221000033 123000611 26 
2020-12-05T14:30:15 0 0 경기77바1014 3 35 221000033 277103306 22 
2020-12-05T14:30:15 0 0 경기77바1200 3 43 221000033 221000192 38 
2020-12-05T14:30:15 0 0 경기74사1072 3 33 221000033 123000611 26 
2020-12-05T14:31:15 0 0 경기77바1014 3 35 221000033 277103306 22 
2020-12-05T14:31:15 0 0 경기77바1200 3 44 221000033 221000232 39 
2020-12-05T14:31:15 0 0 경기74사1072 3 33 221000033 123000611 26 
2020-12-05T14:31:15 0 0 경기77바1047 3 45 221000033 277102939 2 
2020-12-05T14:32:14 0 0 경기77바1200 3 45 221000033 221000232 39 
2020-12-05T14:32:14 0 0 경기77바1014 3 35 221000033 277103309 24 
2020-12-05T14:32:14 0 0 경기77바1047 3 45 221000033 277102939 2 
2020-12-05T14:32:14 0 0 경기74사1072 3 33 221000033 123000611 26 
2020-12-05T14:33:14 0 0 경기77바1014 3 35 221000033 277103309 24 
2020-12-05T14:33:14 0 0 경기77바1200 3 45 221000033 221000330 40 
2020-12-05T14:33:14 0 0 경기77바1047 3 45 221000033 277102939 2 
2020-12-05T14:33:14 0 0 경기74사1072 3 33 221000033 123000611 26 
2020-12-05T14:34:13 0 0 경기77바1200 3 45 221000033 221000330 40 
2020-12-05T14:34:13 0 0 경기77바1014 3 35 221000033 277103309 24 
2020-12-05T14:34:13 0 0 경기74사1072 3 33 221000033 123000611 26 
2020-12-05T14:34:13 0 0 경기77바1047 3 45 221000033 221000192 4 
2020-12-05T14:35:12 0 0 경기77바1200 3 45 221000033 221000330 40 
2020-12-05T14:35:12 0 0 경기77바1014 3 35 221000033 277103309 24 
2020-12-05T14:35:12 0 0 경기77바1047 3 45 221000033 221000192 4 
2020-12-05T14:35:12 0 0 경기74사1072 3 33 221000033 123000611 26 
2020-12-05T14:36:12 0 0 경기77바1200 3 45 221000033 221000330 40 
2020-12-05T14:36:12 0 0 경기77바1014 3 35 221000033 277103308 25 
2020-12-05T14:36:12 0 0 경기74사1072 3 33 221000033 277102842 27 
2020-12-05T14:36:12 0 0 경기77바1047 3 44 221000033 221000232 5 
2020-12-05T14:37:12 0 0 경기77바1200 3 45 221000033 221000330 40 
2020-12-05T14:37:12 0 0 경기77바1014 3 35 221000033 277103308 25 
2020-12-05T14:37:12 0 0 경기77바1047 3 44 221000033 221000334 6 
2020-12-05T14:37:12 0 0 경기74사1072 3 33 221000033 277102842 27 
2020-12-05T14:38:11 0 0 경기77바1200 3 45 221000033 221000330 40 
2020-12-05T14:38:11 0 0 경기77바1014 3 35 221000033 277103308 25 
2020-12-05T14:38:11 0 0 경기77바1047 3 44 221000033 221000334 6 
2020-12-05T14:38:11 0 0 경기74사1072 3 33 221000033 277102842 27 
2020-12-05T14:39:11 0 0 경기77바1200 3 45 221000033 221000330 40 
2020-12-05T14:39:11 0 0 경기77바1014 3 35 221000033 277103308 25 
2020-12-05T14:39:11 0 0 경기74사1072 3 33 221000033 277103353 28 
2020-12-05T14:39:11 0 0 경기77바1047 3 44 221000033 221000336 8 
2020-12-05T14:40:10 0 0 경기77바1200 3 45 221000033 221000330 40 
2020-12-05T14:40:10 0 0 경기77바1014 3 35 221000033 277103308 25 
2020-12-05T14:40:10 0 0 경기74사1072 3 33 221000033 277103353 28 
2020-12-05T14:40:10 0 0 경기77바1047 3 43 221000033 221000336 8 
2020-12-05T14:41:09 0 0 경기77바1200 3 45 221000033 221000330 40 
2020-12-05T14:41:09 0 0 경기77바1014 3 35 221000033 123000611 26 
2020-12-05T14:41:09 0 0 경기74사1072 3 33 221000033 277103353 28 
2020-12-05T14:41:09 0 0 경기77바1047 3 43 221000033 221000231 9 
2020-12-05T14:42:09 0 0 경기77바1200 3 45 221000033 221000330 40 
2020-12-05T14:42:09 0 0 경기77바1014 3 35 221000033 123000611 26 
2020-12-05T14:42:09 0 0 경기77바1047 3 43 221000033 221000231 9 
2020-12-05T14:42:09 0 0 경기74사1072 3 33 221000033 277103353 28 
2020-12-05T14:43:08 0 0 경기77바1200 3 45 221000033 221000330 40 
2020-12-05T14:43:08 0 0 경기77바1014 3 35 221000033 123000611 26 
2020-12-05T14:43:08 0 0 경기74사1072 3 33 221000033 277102841 29 
2020-12-05T14:43:08 0 0 경기77바1047 3 43 221000033 221000233 11 
2020-12-05T14:44:07 0 0 경기77바1200 3 45 221000033 221000330 40 
2020-12-05T14:44:07 0 0 경기77바1014 3 35 221000033 123000611 26 
2020-12-05T14:44:07 0 0 경기77바1047 3 43 221000033 221000355 12 
2020-12-05T14:44:07 0 0 경기74사1072 3 33 221000033 277102841 29 
2020-12-05T14:45:07 0 0 경기77바1200 3 45 221000033 221000330 40 
2020-12-05T14:45:07 0 0 경기77바1014 3 34 221000033 123000611 26 
2020-12-05T14:45:07 0 0 경기74사1072 3 33 221000033 277102841 29 
2020-12-05T14:45:07 0 0 경기77바1047 3 42 221000033 221000355 12 
2020-12-05T14:46:07 0 0 경기77바1200 3 45 221000033 221000330 40 
2020-12-05T14:46:07 0 0 경기77바1014 3 34 221000033 123000611 26 
2020-12-05T14:46:07 0 0 경기74사1072 3 33 221000033 277102841 29 
2020-12-05T14:46:07 0 0 경기77바1047 3 42 221000033 221000355 12 
2020-12-05T14:47:07 0 0 경기77바1200 3 45 221000033 221000330 40 
2020-12-05T14:47:07 0 0 경기77바1014 3 34 221000033 123000611 26 
2020-12-05T14:47:07 0 0 경기74사1072 3 33 221000033 277102841 29 
2020-12-05T14:47:07 0 0 경기77바1047 3 42 221000033 221000253 13 
2020-12-05T14:48:06 0 0 경기77바1014 3 34 221000033 123000611 26 
2020-12-05T14:48:06 0 0 경기74사1072 3 33 221000033 277102841 29 
2020-12-05T14:48:06 0 0 경기77바1047 3 42 221000033 221000253 13 
2020-12-05T14:49:06 0 0 경기77바1014 3 34 221000033 123000611 26 
2020-12-05T14:49:06 0 0 경기74사1072 3 33 221000033 277102841 29 
2020-12-05T14:49:06 0 0 경기77바1047 3 42 221000033 106000457 15 
2020-12-05T14:50:05 0 0 경기77바1014 3 34 221000033 123000611 26 
2020-12-05T14:50:05 0 0 경기77바1047 3 42 221000033 106000461 16 
2020-12-05T14:50:05 0 0 경기74사1072 3 33 221000033 277102841 29 
2020-12-05T14:51:05 0 0 경기77바1014 3 34 221000033 123000611 26 
2020-12-05T14:51:05 0 0 경기74사1072 3 33 221000033 277103910 30 
2020-12-05T14:51:05 0 0 경기77바1047 3 42 221000033 106000459 17 
2020-12-05T14:52:04 0 0 경기77바1014 3 34 221000033 123000611 26 
2020-12-05T14:52:04 0 0 경기77바1047 3 42 221000033 106000459 17 
2020-12-05T14:52:04 0 0 경기74사1072 3 33 221000033 277103910 30 
2020-12-05T14:53:03 0 0 경기77바1014 3 34 221000033 277102842 27 
2020-12-05T14:53:03 0 0 경기74사1072 3 34 221000033 106000203 31 
2020-12-05T14:53:03 0 0 경기77바1047 3 42 221000033 106000462 18 
2020-12-05T14:54:02 0 0 경기77바1014 3 34 221000033 277102842 27 
2020-12-05T14:54:02 0 0 경기74사1072 3 37 221000033 221000127 32 
2020-12-05T14:54:02 0 0 경기77바1047 3 41 221000033 106000205 20 
2020-12-05T14:55:01 0 0 경기77바1014 3 34 221000033 277102842 27 
2020-12-05T14:55:01 0 0 경기77바1047 3 38 221000033 106000205 20 
2020-12-05T14:55:01 0 0 경기74사1072 3 37 221000033 221000254 33 
2020-12-05T14:56:01 0 0 경기77바1014 3 34 221000033 277103353 28 
2020-12-05T14:56:01 0 0 경기74사1072 3 37 221000033 221000254 33 
2020-12-05T14:56:01 0 0 경기77바1047 3 38 221000033 277103909 21 
2020-12-05T14:57:00 0 0 경기77바1014 3 34 221000033 277103353 28 
2020-12-05T14:57:00 0 0 경기77바1047 3 38 221000033 277103909 21 
2020-12-05T14:57:00 0 0 경기74사1072 3 38 221000033 221000344 34 
2020-12-05T14:58:00 0 0 경기77바1014 3 34 221000033 277103353 28 
2020-12-05T14:58:00 0 0 경기77바1047 3 38 221000033 277103909 21 
2020-12-05T14:58:00 0 0 경기74사1072 3 40 221000033 221000234 35 
2020-12-05T14:58:59 0 0 경기77바1014 3 34 221000033 277103353 28 
2020-12-05T14:58:59 0 0 경기77바1047 3 38 221000033 277103909 21 
2020-12-05T14:58:59 0 0 경기74사1072 3 40 221000033 221000376 36 
2020-12-05T14:59:59 0 0 경기77바1014 3 34 221000033 277102841 29 
2020-12-05T14:59:59 0 0 경기77바1047 3 38 221000033 277103909 21 
2020-12-05T14:59:59 0 0 경기74사1072 3 43 221000033 221000339 37 
2020-12-05T15:00:59 0 0 경기77바1014 3 34 221000033 277102841 29 
2020-12-05T15:00:59 0 0 경기74사1072 3 44 221000033 221000192 38 
2020-12-05T15:00:59 0 0 경기77바1047 3 38 221000033 277103306 22 
2020-12-05T15:01:59 0 0 경기77바1014 3 34 221000033 277102841 29 
2020-12-05T15:01:59 0 0 경기74사1100 3 45 221000033 277102939 2 
2020-12-05T15:01:59 0 0 경기77바1047 3 38 221000033 277103306 22 
2020-12-05T15:01:59 0 0 경기74사1072 3 45 221000033 221000232 39 
2020-12-05T15:02:58 0 0 경기74사1100 3 45 221000033 277102940 3 
2020-12-05T15:02:58 0 0 경기77바1014 3 34 221000033 277102841 29 
2020-12-05T15:02:58 0 0 경기77바1047 3 38 221000033 277103306 22 
2020-12-05T15:02:58 0 0 경기74사1072 3 45 221000033 221000232 39 
2020-12-05T15:03:58 0 0 경기74사1100 3 45 221000033 277102940 3 
2020-12-05T15:03:58 0 0 경기77바1014 3 34 221000033 277102841 29 
2020-12-05T15:03:58 0 0 경기74사1072 3 45 221000033 221000330 40 
2020-12-05T15:03:58 0 0 경기77바1047 3 38 221000033 277103306 22 
2020-12-05T15:04:58 0 0 경기77바1014 3 34 221000033 277102841 29 
2020-12-05T15:04:58 0 0 경기74사1100 3 45 221000033 221000192 4 
2020-12-05T15:04:58 0 0 경기74사1072 3 45 221000033 221000330 40 
2020-12-05T15:04:58 0 0 경기77바1047 3 38 221000033 277103309 24 
2020-12-05T15:05:58 0 0 경기77바1014 3 34 221000033 277102841 29 
2020-12-05T15:05:58 0 0 경기74사1100 3 45 221000033 221000232 5 
2020-12-05T15:05:58 0 0 경기74사1072 3 45 221000033 221000330 40 
2020-12-05T15:05:58 0 0 경기77바1047 3 38 221000033 277103309 24 
2020-12-05T15:06:57 0 0 경기77바1014 3 34 221000033 277102841 29 
2020-12-05T15:06:57 0 0 경기74사1100 3 45 221000033 221000334 6 
2020-12-05T15:06:57 0 0 경기74사1072 3 45 221000033 221000330 40 
2020-12-05T15:06:57 0 0 경기77바1047 3 38 221000033 277103308 25 
2020-12-05T15:07:57 0 0 경기77바1014 3 34 221000033 277102841 29 
2020-12-05T15:07:57 0 0 경기74사1100 3 45 221000033 221000334 6 
2020-12-05T15:07:57 0 0 경기74사1072 3 45 221000033 221000330 40 
2020-12-05T15:07:57 0 0 경기77바1047 3 38 221000033 277103308 25 
2020-12-05T15:08:56 0 0 경기77바1014 3 34 221000033 277102841 29 
2020-12-05T15:08:56 0 0 경기74사1100 3 45 221000033 221000335 7 
2020-12-05T15:08:56 0 0 경기74사1072 3 45 221000033 221000330 40 
2020-12-05T15:08:56 0 0 경기77바1047 3 38 221000033 277103308 25 
2020-12-05T15:09:56 0 0 경기74사1100 3 45 221000033 221000336 8 
2020-12-05T15:09:56 0 0 경기77바1014 3 34 221000033 277103910 30 
2020-12-05T15:09:56 0 0 경기74사1072 3 45 221000033 221000330 40 
2020-12-05T15:09:56 0 0 경기77바1047 3 38 221000033 277103308 25 
2020-12-05T15:10:56 0 0 경기74사1100 3 44 221000033 221000336 8 
2020-12-05T15:10:56 0 0 경기77바1014 3 35 221000033 106000203 31 
2020-12-05T15:10:56 0 0 경기74사1072 3 45 221000033 221000330 40 
2020-12-05T15:10:56 0 0 경기77바1047 3 38 221000033 277103308 25 
2020-12-05T15:11:56 0 0 경기74사1100 3 44 221000033 221000231 9 
2020-12-05T15:11:56 0 0 경기77바1014 3 39 221000033 106000203 31 
2020-12-05T15:11:56 0 0 경기74사1072 3 45 221000033 221000330 40 
2020-12-05T15:11:56 0 0 경기77바1047 3 38 221000033 277103308 25 
2020-12-05T15:12:55 0 0 경기77바1014 3 39 221000033 221000127 32 
2020-12-05T15:12:55 0 0 경기74사1100 3 44 221000033 221000377 10 
2020-12-05T15:12:55 0 0 경기74사1072 3 45 221000033 221000330 40 
2020-12-05T15:12:55 0 0 경기77바1047 3 38 221000033 277103308 25 
2020-12-05T15:13:55 0 0 경기77바1014 3 39 221000033 221000254 33 
2020-12-05T15:13:55 0 0 경기74사1100 3 43 221000033 221000355 12 
2020-12-05T15:13:55 0 0 경기74사1072 3 45 221000033 221000330 40 
2020-12-05T15:13:55 0 0 경기77바1047 3 38 221000033 277103308 25 
2020-12-05T15:14:55 0 0 경기77바1014 3 39 221000033 221000254 33 
2020-12-05T15:14:55 0 0 경기74사1100 3 43 221000033 221000355 12 
2020-12-05T15:14:55 0 0 경기74사1072 3 45 221000033 221000330 40 
2020-12-05T15:14:55 0 0 경기77바1047 3 38 221000033 277103308 25 
2020-12-05T15:15:55 0 0 경기77바1014 3 39 221000033 221000344 34 
2020-12-05T15:15:55 0 0 경기74사1100 3 42 221000033 221000253 13 
2020-12-05T15:15:55 0 0 경기74사1072 3 45 221000033 221000330 40 
2020-12-05T15:15:55 0 0 경기77바1047 3 38 221000033 277103308 25 
2020-12-05T15:16:54 0 0 경기74사1100 3 42 221000033 221000253 13 
2020-12-05T15:16:54 0 0 경기77바1014 3 43 221000033 221000234 35 
2020-12-05T15:16:54 0 0 경기74사1072 3 45 221000033 221000330 40 
2020-12-05T15:16:54 0 0 경기77바1047 3 38 221000033 277103308 25 
2020-12-05T15:17:54 0 0 경기74사1100 3 41 221000033 106000457 15 
2020-12-05T15:17:54 0 0 경기77바1014 3 43 221000033 221000376 36 
2020-12-05T15:17:54 0 0 경기74사1072 3 45 221000033 221000330 40 
2020-12-05T15:17:54 0 0 경기77바1047 3 38 221000033 123000611 26 
2020-12-05T15:18:54 0 0 경기74사1100 3 41 221000033 106000457 15 
2020-12-05T15:18:54 0 0 경기77바1014 3 44 221000033 221000192 38 
2020-12-05T15:18:54 0 0 경기77바1047 3 38 221000033 123000611 26 
2020-12-05T15:19:54 0 0 경기77바1014 3 44 221000033 221000192 38 
2020-12-05T15:19:54 0 0 경기74사1100 3 39 221000033 106000461 16 
2020-12-05T15:19:54 0 0 경기77바1047 3 38 221000033 123000611 26 
2020-12-05T15:20:54 0 0 경기77바1014 3 45 221000033 221000232 39 
2020-12-05T15:20:54 0 0 경기74사1100 3 38 221000033 106000459 17 
2020-12-05T15:20:54 0 0 경기77바1047 3 38 221000033 123000611 26 
2020-12-05T15:21:53 0 0 경기77바1014 3 45 221000033 221000232 39 
2020-12-05T15:21:53 0 0 경기74사1100 3 38 221000033 106000459 17 
2020-12-05T15:21:53 0 0 경기77바1047 3 43 221000033 123000611 26 
2020-12-05T15:22:53 0 0 경기77바1014 3 45 221000033 221000232 39 
2020-12-05T15:22:53 0 0 경기74사1100 3 38 221000033 106000242 19 
2020-12-05T15:22:53 0 0 경기77바1047 3 43 221000033 123000611 26 
2020-12-05T15:23:53 0 0 경기77바1014 3 45 221000033 221000232 39 
2020-12-05T15:23:53 0 0 경기74사1100 3 38 221000033 106000242 19 
2020-12-05T15:23:53 0 0 경기77바1047 3 43 221000033 123000611 26 
2020-12-05T15:24:52 0 0 경기77바1014 3 45 221000033 221000330 40 
2020-12-05T15:24:52 0 0 경기74사1100 3 38 221000033 106000242 19 
2020-12-05T15:24:52 0 0 경기77바1047 3 43 221000033 123000611 26 
2020-12-05T15:25:52 0 0 경기77바1014 3 45 221000033 221000330 40 
2020-12-05T15:25:52 0 0 경기74사1100 3 37 221000033 106000205 20 
2020-12-05T15:25:52 0 0 경기77바1047 3 43 221000033 123000611 26 
2020-12-05T15:26:51 0 0 경기74사1100 3 37 221000033 106000205 20 
2020-12-05T15:26:51 0 0 경기77바1014 3 45 221000033 221000155 41 
2020-12-05T15:26:51 0 0 경기77바1047 3 43 221000033 123000611 26 
2020-12-05T15:27:51 0 0 경기74사1100 3 37 221000033 277103909 21 
2020-12-05T15:27:51 0 0 경기77바1047 3 43 221000033 123000611 26 
2020-12-05T15:28:50 0 0 경기74사1100 3 37 221000033 277103909 21 
2020-12-05T15:28:50 0 0 경기77바1047 3 43 221000033 277102842 27 
2020-12-05T15:29:50 0 0 경기74사1100 3 37 221000033 277103909 21 
2020-12-05T15:29:50 0 0 경기77바1047 3 43 221000033 277102842 27 
2020-12-05T15:30:49 0 0 경기74사1100 3 37 221000033 277103909 21 
2020-12-05T15:30:49 0 0 경기77바1047 3 43 221000033 277103353 28 
2020-12-05T15:31:48 0 0 경기74사1100 3 37 221000033 277103909 21 
2020-12-05T15:31:48 0 0 경기77바1047 3 43 221000033 277103353 28 
2020-12-05T15:32:48 0 0 경기74사1100 3 37 221000033 277103306 22 
2020-12-05T15:32:48 0 0 경기77바1047 3 43 221000033 277103353 28 
2020-12-05T15:33:47 0 0 경기74사1100 3 37 221000033 277103306 22 
2020-12-05T15:33:47 0 0 경기77바1200 3 45 221000033 277102939 2 
2020-12-05T15:33:47 0 0 경기77바1047 3 43 221000033 277102841 29 
2020-12-05T15:34:47 0 0 경기74사1100 3 37 221000033 277103306 22 
2020-12-05T15:34:47 0 0 경기77바1200 3 45 221000033 221000192 4 
2020-12-05T15:34:47 0 0 경기77바1047 3 43 221000033 277102841 29 
2020-12-05T15:35:47 0 0 경기77바1200 3 44 221000033 221000192 4 
2020-12-05T15:35:47 0 0 경기74사1100 3 37 221000033 277102674 23 
2020-12-05T15:35:47 0 0 경기77바1047 3 43 221000033 277102841 29 
2020-12-05T15:36:47 0 0 경기77바1200 3 44 221000033 221000232 5 
2020-12-05T15:36:47 0 0 경기74사1100 3 37 221000033 277103309 24 
2020-12-05T15:36:47 0 0 경기77바1047 3 43 221000033 277102841 29 
2020-12-05T15:37:47 0 0 경기77바1200 3 44 221000033 221000334 6 
2020-12-05T15:37:47 0 0 경기74사1100 3 37 221000033 277103309 24 
2020-12-05T15:37:47 0 0 경기77바1047 3 43 221000033 277102841 29 
2020-12-05T15:38:46 0 0 경기77바1200 3 44 221000033 221000334 6 
2020-12-05T15:38:46 0 0 경기74사1100 3 37 221000033 277103308 25 
2020-12-05T15:38:46 0 0 경기77바1047 3 43 221000033 277102841 29 
2020-12-05T15:39:45 0 0 경기74사1100 3 37 221000033 277103308 25 
2020-12-05T15:39:45 0 0 경기77바1200 3 43 221000033 221000335 7 
2020-12-05T15:39:45 0 0 경기77바1047 3 43 221000033 277102841 29 
2020-12-05T15:40:45 0 0 경기74사1100 3 37 221000033 277103308 25 
2020-12-05T15:40:45 0 0 경기77바1200 3 42 221000033 221000336 8 
2020-12-05T15:40:45 0 0 경기77바1047 3 43 221000033 277102841 29 
2020-12-05T15:41:45 0 0 경기74사1100 3 37 221000033 277103308 25 
2020-12-05T15:41:45 0 0 경기77바1200 3 42 221000033 221000231 9 
2020-12-05T15:41:45 0 0 경기77바1047 3 43 221000033 277102841 29 
2020-12-05T15:42:45 0 0 경기74사1100 3 37 221000033 277103308 25 
2020-12-05T15:42:45 0 0 경기77바1200 3 42 221000033 221000231 9 
2020-12-05T15:42:45 0 0 경기77바1047 3 43 221000033 277103910 30 
2020-12-05T15:43:44 0 0 경기74사1100 3 37 221000033 123000611 26 
2020-12-05T15:43:44 0 0 경기77바1200 3 42 221000033 221000233 11 
2020-12-05T15:43:44 0 0 경기77바1047 3 43 221000033 277103910 30 
2020-12-05T15:44:44 0 0 경기74사1100 3 37 221000033 123000611 26 
2020-12-05T15:44:44 0 0 경기77바1200 3 40 221000033 221000355 12 
2020-12-05T15:44:44 0 0 경기77바1047 3 43 221000033 106000203 31 
2020-12-05T15:45:42 0 0 경기74사1100 3 37 221000033 123000611 26 
2020-12-05T15:45:42 0 0 경기77바1200 3 39 221000033 221000355 12 
2020-12-05T15:45:42 0 0 경기77바1047 3 43 221000033 221000127 32 
2020-12-05T15:46:42 0 0 경기74사1100 3 37 221000033 123000611 26 
2020-12-05T15:46:42 0 0 경기77바1200 3 39 221000033 221000355 12 
2020-12-05T15:46:42 0 0 경기77바1047 3 43 221000033 221000254 33 
2020-12-05T15:47:42 0 0 경기74사1100 3 37 221000033 123000611 26 
2020-12-05T15:47:42 0 0 경기77바1200 3 39 221000033 221000253 13 
2020-12-05T15:47:42 0 0 경기77바1047 3 43 221000033 221000344 34 
2020-12-05T15:48:42 0 0 경기74사1100 3 39 221000033 123000611 26 
2020-12-05T15:48:42 0 0 경기77바1200 3 39 221000033 221000253 13 
2020-12-05T15:48:42 0 0 경기77바1047 3 43 221000033 221000344 34 
2020-12-05T15:49:42 0 0 경기74사1100 3 39 221000033 123000611 26 
2020-12-05T15:49:42 0 0 경기77바1200 3 39 221000033 221000253 13 
2020-12-05T15:49:42 0 0 경기77바1047 3 43 221000033 221000234 35 
2020-12-05T15:50:42 0 0 경기74사1100 3 39 221000033 123000611 26 
2020-12-05T15:50:42 0 0 경기77바1200 3 38 221000033 106000457 15 
2020-12-05T15:50:42 0 0 경기77바1047 3 43 221000033 221000339 37 
2020-12-05T15:51:41 0 0 경기77바1200 3 38 221000033 106000457 15 
2020-12-05T15:51:41 0 0 경기74사1100 3 39 221000033 123000611 26 
2020-12-05T15:51:41 0 0 경기77바1047 3 44 221000033 221000192 38 
2020-12-05T15:52:41 0 0 경기74사1100 3 39 221000033 123000611 26 
2020-12-05T15:52:41 0 0 경기77바1200 3 38 221000033 106000461 16 
2020-12-05T15:52:41 0 0 경기77바1047 3 44 221000033 221000232 39 
2020-12-05T15:53:41 0 0 경기74사1100 3 39 221000033 123000611 26 
2020-12-05T15:53:41 0 0 경기77바1200 3 37 221000033 106000459 17 
2020-12-05T15:53:41 0 0 경기77바1047 3 45 221000033 221000232 39 
2020-12-05T15:54:40 0 0 경기77바1200 3 37 221000033 106000462 18 
2020-12-05T15:54:40 0 0 경기74사1100 3 39 221000033 123000611 26 
2020-12-05T15:54:40 0 0 경기77바1047 3 45 221000033 221000232 39 
2020-12-05T15:55:40 0 0 경기74사1100 3 39 221000033 277102842 27 
2020-12-05T15:55:40 0 0 경기77바1200 3 37 221000033 106000242 19 
2020-12-05T15:55:40 0 0 경기77바1047 3 45 221000033 221000330 40 
2020-12-05T15:56:40 0 0 경기77바1200 3 37 221000033 106000242 19 
2020-12-05T15:56:40 0 0 경기74사1100 3 39 221000033 277102842 27 
2020-12-05T15:56:40 0 0 경기77바1047 3 45 221000033 221000155 41 
2020-12-05T15:57:40 0 0 경기74사1100 3 39 221000033 277103353 28 
2020-12-05T15:57:40 0 0 경기77바1200 3 35 221000033 106000205 20 
2020-12-05T15:58:39 0 0 경기77바1200 3 35 221000033 106000205 20 
2020-12-05T15:58:39 0 0 경기74사1100 3 39 221000033 277103353 28 
2020-12-05T15:59:39 0 0 경기74사1100 3 39 221000033 277103353 28 
2020-12-05T15:59:39 0 0 경기77바1200 3 35 221000033 277103909 21 
2020-12-05T16:00:39 0 0 경기77바1200 3 35 221000033 277103909 21 
2020-12-05T16:00:39 0 0 경기74사1100 3 39 221000033 277102841 29 
2020-12-05T16:01:38 0 0 경기77바1200 3 35 221000033 277103909 21 
2020-12-05T16:01:38 0 0 경기74사1100 3 39 221000033 277102841 29 
2020-12-05T16:02:38 0 0 경기77바1200 3 35 221000033 277103909 21 
2020-12-05T16:02:38 0 0 경기74사1100 3 39 221000033 277102841 29 
2020-12-05T16:03:38 0 0 경기74사1100 3 39 221000033 277102841 29 
2020-12-05T16:03:38 0 0 경기77바1200 3 35 221000033 277103909 21 
2020-12-05T16:04:38 0 0 경기77바1200 3 35 221000033 277103306 22 
2020-12-05T16:04:38 0 0 경기74사1100 3 39 221000033 277102841 29 
2020-12-05T16:05:37 0 0 경기77바1200 3 35 221000033 277103306 22 
2020-12-05T16:05:37 0 0 경기74사1100 3 39 221000033 277102841 29 
2020-12-05T16:05:37 0 0 경기74사1072 3 45 221000033 221000192 4 
2020-12-05T16:06:36 0 0 경기74사1100 3 39 221000033 277102841 29 
2020-12-05T16:06:36 0 0 경기77바1200 3 35 221000033 277103306 22 
2020-12-05T16:06:36 0 0 경기74사1072 3 45 221000033 221000192 4 
2020-12-05T16:07:36 0 0 경기74사1100 3 39 221000033 277102841 29 
2020-12-05T16:07:36 0 0 경기77바1200 3 35 221000033 277102674 23 
2020-12-05T16:07:36 0 0 경기74사1072 3 44 221000033 221000334 6 
2020-12-05T16:08:36 0 0 경기74사1100 3 39 221000033 277102841 29 
2020-12-05T16:08:36 0 0 경기77바1200 3 35 221000033 277103309 24 
2020-12-05T16:08:36 0 0 경기74사1072 3 44 221000033 221000334 6 
2020-12-05T16:09:35 0 0 경기74사1100 3 39 221000033 277102841 29 
2020-12-05T16:09:35 0 0 경기77바1200 3 35 221000033 277103308 25 
2020-12-05T16:09:35 0 0 경기74사1072 3 44 221000033 221000335 7 
2020-12-05T16:10:35 0 0 경기77바1200 3 35 221000033 277103308 25 
2020-12-05T16:10:35 0 0 경기74사1100 3 39 221000033 277103910 30 
2020-12-05T16:10:35 0 0 경기74사1072 3 44 221000033 221000336 8 
2020-12-05T16:11:35 0 0 경기77바1200 3 35 221000033 277103308 25 
2020-12-05T16:11:35 0 0 경기74사1100 3 39 221000033 277103910 30 
2020-12-05T16:11:35 0 0 경기74사1072 3 44 221000033 221000336 8 
2020-12-05T16:12:35 0 0 경기77바1200 3 35 221000033 277103308 25 
2020-12-05T16:12:35 0 0 경기74사1100 3 39 221000033 106000203 31 
2020-12-05T16:12:35 0 0 경기74사1072 3 44 221000033 221000231 9 
2020-12-05T16:13:35 0 0 경기77바1200 3 35 221000033 277103308 25 
2020-12-05T16:13:35 0 0 경기74사1100 3 40 221000033 106000203 31 
2020-12-05T16:13:35 0 0 경기74사1072 3 44 221000033 221000377 10 
2020-12-05T16:14:35 0 0 경기77바1200 3 35 221000033 277103308 25 
2020-12-05T16:14:35 0 0 경기74사1100 3 40 221000033 221000127 32 
2020-12-05T16:14:35 0 0 경기74사1072 3 44 221000033 221000355 12 
2020-12-05T16:15:34 0 0 경기77바1200 3 35 221000033 277103308 25 
2020-12-05T16:15:34 0 0 경기74사1100 3 40 221000033 221000254 33 
2020-12-05T16:15:34 0 0 경기74사1072 3 42 221000033 221000355 12 
2020-12-05T16:16:34 0 0 경기74사1100 3 41 221000033 221000344 34 
2020-12-05T16:16:34 0 0 경기77바1200 3 36 221000033 123000611 26 
2020-12-05T16:16:34 0 0 경기74사1072 3 42 221000033 221000355 12 
2020-12-05T16:17:34 0 0 경기77바1200 3 36 221000033 123000611 26 
2020-12-05T16:17:34 0 0 경기74사1100 3 41 221000033 221000234 35 
2020-12-05T16:17:34 0 0 경기74사1072 3 42 221000033 221000253 13 
2020-12-05T16:18:34 0 0 경기77바1200 3 36 221000033 123000611 26 
2020-12-05T16:18:34 0 0 경기74사1100 3 41 221000033 221000376 36 
2020-12-05T16:18:34 0 0 경기74사1072 3 42 221000033 221000253 13 
2020-12-05T16:19:33 0 0 경기77바1200 3 36 221000033 123000611 26 
2020-12-05T16:19:33 0 0 경기74사1100 3 44 221000033 221000339 37 
2020-12-05T16:19:33 0 0 경기74사1072 3 42 221000033 106000457 15 
2020-12-05T16:20:33 0 0 경기74사1100 3 44 221000033 221000192 38 
2020-12-05T16:20:33 0 0 경기77바1200 3 40 221000033 123000611 26 
2020-12-05T16:20:33 0 0 경기74사1072 3 42 221000033 106000461 16 
2020-12-05T16:21:32 0 0 경기74사1100 3 45 221000033 221000232 39 
2020-12-05T16:21:32 0 0 경기77바1200 3 40 221000033 123000611 26 
2020-12-05T16:21:32 0 0 경기74사1072 3 40 221000033 106000459 17 
2020-12-05T16:22:31 0 0 경기74사1100 3 45 221000033 221000232 39 
2020-12-05T16:22:31 0 0 경기77바1200 3 40 221000033 123000611 26 
2020-12-05T16:22:31 0 0 경기74사1072 3 40 221000033 106000462 18 
2020-12-05T16:23:30 0 0 경기74사1100 3 45 221000033 221000232 39 
2020-12-05T16:23:30 0 0 경기77바1200 3 40 221000033 123000611 26 
2020-12-05T16:23:30 0 0 경기74사1072 3 40 221000033 106000462 18 
2020-12-05T16:24:30 0 0 경기74사1100 3 45 221000033 221000232 39 
2020-12-05T16:24:30 0 0 경기77바1200 3 40 221000033 123000611 26 
2020-12-05T16:24:30 0 0 경기74사1072 3 40 221000033 106000205 20 
2020-12-05T16:25:30 0 0 경기74사1100 3 45 221000033 221000330 40 
2020-12-05T16:25:30 0 0 경기77바1200 3 40 221000033 277102842 27 
2020-12-05T16:25:30 0 0 경기74사1072 3 40 221000033 106000205 20 
2020-12-05T16:26:30 0 0 경기74사1100 3 45 221000033 221000155 41 
2020-12-05T16:26:30 0 0 경기77바1200 3 40 221000033 277102842 27 
2020-12-05T16:26:30 0 0 경기74사1072 3 40 221000033 277103909 21 
2020-12-05T16:27:29 0 0 경기77바1200 3 40 221000033 277103353 28 
2020-12-05T16:27:29 0 0 경기74사1100 3 45 221000033 277102939 2 
2020-12-05T16:27:29 0 0 경기74사1072 3 40 221000033 277103909 21 
2020-12-05T16:28:29 0 0 경기77바1200 3 40 221000033 277103353 28 
2020-12-05T16:28:29 0 0 경기74사1100 3 45 221000033 277102939 2 
2020-12-05T16:28:29 0 0 경기74사1072 3 40 221000033 277103909 21 
2020-12-05T16:29:29 0 0 경기74사1100 3 45 221000033 277102939 2 
2020-12-05T16:29:29 0 0 경기77바1200 3 40 221000033 277102841 29 
2020-12-05T16:29:29 0 0 경기74사1072 3 40 221000033 277103909 21 
2020-12-05T16:30:29 0 0 경기74사1100 3 45 221000033 221000355 12 
2020-12-05T16:30:29 0 0 경기77바1200 3 40 221000033 277102841 29 
2020-12-05T16:30:29 0 0 경기77바1014 3 45 221000033 277102939 2 
2020-12-05T16:30:29 0 0 경기74사1072 3 40 221000033 277103909 21 
2020-12-05T16:31:29 0 0 경기77바1014 3 45 221000033 277102939 2 
2020-12-05T16:31:29 0 0 경기74사1100 3 45 221000033 221000253 13 
2020-12-05T16:31:29 0 0 경기77바1200 3 40 221000033 277102841 29 
2020-12-05T16:31:29 0 0 경기74사1072 3 40 221000033 277103306 22 
2020-12-05T16:32:29 0 0 경기74사1100 3 45 221000033 221000253 13 
2020-12-05T16:32:29 0 0 경기77바1200 3 40 221000033 277102841 29 
2020-12-05T16:32:29 0 0 경기77바1014 3 45 221000033 277102939 2 
2020-12-05T16:32:29 0 0 경기74사1072 3 40 221000033 277103306 22 
2020-12-05T16:33:28 0 0 경기74사1100 3 45 221000033 221000253 13 
2020-12-05T16:33:28 0 0 경기77바1200 3 40 221000033 277102841 29 
2020-12-05T16:33:28 0 0 경기77바1014 3 45 221000033 277102940 3 
2020-12-05T16:33:28 0 0 경기74사1072 3 40 221000033 277103306 22 
2020-12-05T16:34:28 0 0 경기77바1200 3 40 221000033 277102841 29 
2020-12-05T16:34:28 0 0 경기77바1014 3 45 221000033 277102940 3 
2020-12-05T16:34:28 0 0 경기74사1100 3 45 221000033 221000253 13 
2020-12-05T16:34:28 0 0 경기74사1072 3 40 221000033 277103306 22 
2020-12-05T16:35:28 0 0 경기77바1200 3 40 221000033 277102841 29 
2020-12-05T16:35:28 0 0 경기74사1100 3 45 221000033 221000253 13 
2020-12-05T16:35:28 0 0 경기77바1014 3 45 221000033 221000192 4 
2020-12-05T16:35:28 0 0 경기74사1072 3 40 221000033 277102674 23 
2020-12-05T16:36:28 0 0 경기74사1100 3 45 221000033 221000253 13 
2020-12-05T16:36:28 0 0 경기77바1014 3 44 221000033 221000192 4 
2020-12-05T16:36:28 0 0 경기77바1200 3 40 221000033 277102841 29 
2020-12-05T16:36:28 0 0 경기74사1072 3 40 221000033 277103309 24 
2020-12-05T16:37:27 0 0 경기77바1014 3 43 221000033 221000232 5 
2020-12-05T16:37:27 0 0 경기77바1200 3 40 221000033 277103910 30 
2020-12-05T16:37:27 0 0 경기74사1100 3 45 221000033 106000462 18 
2020-12-05T16:37:27 0 0 경기74사1072 3 40 221000033 277103309 24 
2020-12-05T16:38:27 0 0 경기74사1100 3 45 221000033 106000462 18 
2020-12-05T16:38:27 0 0 경기77바1200 3 40 221000033 106000203 31 
2020-12-05T16:38:27 0 0 경기77바1014 3 43 221000033 221000335 7 
2020-12-05T16:38:27 0 0 경기74사1072 3 40 221000033 277103309 24 
2020-12-05T16:39:27 0 0 경기74사1100 3 45 221000033 106000462 18 
2020-12-05T16:39:27 0 0 경기77바1200 3 41 221000033 106000203 31 
2020-12-05T16:39:27 0 0 경기77바1014 3 43 221000033 221000336 8 
2020-12-05T16:39:27 0 0 경기74사1072 3 40 221000033 277103308 25 
2020-12-05T16:40:26 0 0 경기74사1100 3 45 221000033 106000462 18 
2020-12-05T16:40:26 0 0 경기77바1014 3 43 221000033 221000231 9 
2020-12-05T16:40:26 0 0 경기77바1200 3 42 221000033 106000203 31 
2020-12-05T16:40:26 0 0 경기74사1072 3 40 221000033 277103308 25 
2020-12-05T16:41:26 0 0 경기74사1100 3 45 221000033 106000462 18 
2020-12-05T16:41:26 0 0 경기77바1014 3 43 221000033 221000231 9 
2020-12-05T16:41:26 0 0 경기77바1200 3 42 221000033 221000127 32 
2020-12-05T16:41:26 0 0 경기74사1072 3 40 221000033 277103308 25 
2020-12-05T16:42:26 0 0 경기74사1100 3 45 221000033 106000462 18 
2020-12-05T16:42:26 0 0 경기77바1014 3 43 221000033 221000355 12 
2020-12-05T16:42:26 0 0 경기77바1200 3 42 221000033 221000344 34 
2020-12-05T16:42:26 0 0 경기74사1072 3 40 221000033 123000611 26 
2020-12-05T16:43:26 0 0 경기74사1100 3 45 221000033 106000462 18 
2020-12-05T16:43:26 0 0 경기77바1014 3 43 221000033 221000355 12 
2020-12-05T16:43:26 0 0 경기77바1200 3 42 221000033 221000234 35 
2020-12-05T16:43:26 0 0 경기74사1072 3 40 221000033 123000611 26 
2020-12-05T16:44:26 0 0 경기74사1100 3 45 221000033 106000462 18 
2020-12-05T16:44:26 0 0 경기77바1014 3 41 221000033 221000253 13 
2020-12-05T16:44:26 0 0 경기77바1200 3 42 221000033 221000339 37 
2020-12-05T16:44:26 0 0 경기74사1072 3 40 221000033 123000611 26 
2020-12-05T16:45:26 0 0 경기74사1100 3 45 221000033 106000462 18 
2020-12-05T16:45:26 0 0 경기77바1200 3 43 221000033 221000192 38 
2020-12-05T16:45:26 0 0 경기77바1014 3 41 221000033 221000253 13 
2020-12-05T16:45:26 0 0 경기74사1072 3 40 221000033 123000611 26 
2020-12-05T16:46:26 0 0 경기74사1100 3 45 221000033 106000462 18 
2020-12-05T16:46:26 0 0 경기77바1014 3 41 221000033 106000457 15 
2020-12-05T16:46:26 0 0 경기77바1200 3 43 221000033 221000232 39 
2020-12-05T16:46:26 0 0 경기74사1072 3 40 221000033 123000611 26 
2020-12-05T16:47:25 0 0 경기74사1100 3 45 221000033 106000462 18 
2020-12-05T16:47:25 0 0 경기77바1014 3 41 221000033 106000459 17 
2020-12-05T16:47:25 0 0 경기77바1200 3 44 221000033 221000232 39 
2020-12-05T16:47:25 0 0 경기74사1072 3 38 221000033 123000611 26 
2020-12-05T16:48:25 0 0 경기74사1100 3 45 221000033 106000462 18 
2020-12-05T16:48:25 0 0 경기77바1200 3 44 221000033 221000232 39 
2020-12-05T16:48:25 0 0 경기77바1014 3 40 221000033 106000459 17 
2020-12-05T16:48:25 0 0 경기74사1072 3 38 221000033 123000611 26 
2020-12-05T16:49:24 0 0 경기74사1100 3 45 221000033 106000462 18 
2020-12-05T16:49:24 0 0 경기77바1200 3 44 221000033 221000330 40 
2020-12-05T16:49:24 0 0 경기77바1014 3 40 221000033 106000462 18 
2020-12-05T16:49:24 0 0 경기74사1072 3 38 221000033 123000611 26 
2020-12-05T16:50:24 0 0 경기74사1100 3 45 221000033 106000462 18 
2020-12-05T16:50:24 0 0 경기77바1014 3 40 221000033 106000242 19 
2020-12-05T16:50:24 0 0 경기77바1200 3 44 221000033 221000330 40 
2020-12-05T16:50:24 0 0 경기74사1072 3 38 221000033 123000611 26 
2020-12-05T16:51:24 0 0 경기74사1100 3 45 221000033 106000462 18 
2020-12-05T16:51:24 0 0 경기77바1200 3 44 221000033 221000155 41 
2020-12-05T16:51:24 0 0 경기77바1014 3 40 221000033 106000205 20 
2020-12-05T16:51:24 0 0 경기74사1072 3 38 221000033 277102842 27 
2020-12-05T16:52:24 0 0 경기74사1100 3 45 221000033 106000462 18 
2020-12-05T16:52:24 0 0 경기77바1200 3 44 221000033 221000155 41 
2020-12-05T16:52:24 0 0 경기77바1014 3 40 221000033 277103909 21 
2020-12-05T16:52:24 0 0 경기74사1072 3 38 221000033 277102842 27 
2020-12-05T16:53:23 0 0 경기77바1200 3 44 221000033 221000155 41 
2020-12-05T16:53:23 0 0 경기77바1014 3 40 221000033 277103909 21 
2020-12-05T16:53:23 0 0 경기74사1072 3 38 221000033 277103353 28 
2020-12-05T16:54:22 0 0 경기77바1200 3 44 221000033 221000155 41 
2020-12-05T16:54:22 0 0 경기77바1014 3 40 221000033 277103909 21 
2020-12-05T16:54:22 0 0 경기74사1072 3 38 221000033 277103353 28 
2020-12-05T16:55:22 0 0 경기77바1200 3 44 221000033 221000155 41 
2020-12-05T16:55:22 0 0 경기77바1014 3 40 221000033 277103909 21 
2020-12-05T16:55:22 0 0 경기74사1072 3 38 221000033 277103353 28 
2020-12-05T16:56:22 0 0 경기77바1200 3 44 221000033 221000155 41 
2020-12-05T16:56:22 0 0 경기77바1014 3 40 221000033 277103909 21 
2020-12-05T16:56:22 0 0 경기77바1047 3 45 221000033 277102939 2 
2020-12-05T16:56:22 0 0 경기74사1072 3 38 221000033 277102841 29 
2020-12-05T16:57:21 0 0 경기77바1200 3 44 221000033 221000155 41 
2020-12-05T16:57:21 0 0 경기77바1014 3 40 221000033 277103909 21 
2020-12-05T16:57:21 0 0 경기77바1047 3 45 221000033 277102940 3 
2020-12-05T16:57:21 0 0 경기74사1072 3 38 221000033 277102841 29 
2020-12-05T16:58:21 0 0 경기77바1200 3 44 221000033 221000155 41 
2020-12-05T16:58:21 0 0 경기77바1014 3 40 221000033 277103306 22 
2020-12-05T16:58:21 0 0 경기74사1072 3 38 221000033 277102841 29 
2020-12-05T16:58:21 0 0 경기77바1047 3 45 221000033 277102940 3 
2020-12-05T16:59:21 0 0 경기77바1200 3 44 221000033 221000155 41 
2020-12-05T16:59:21 0 0 경기77바1014 3 40 221000033 277103306 22 
2020-12-05T16:59:21 0 0 경기77바1047 3 45 221000033 221000192 4 
2020-12-05T16:59:21 0 0 경기74사1072 3 38 221000033 277102841 29 
2020-12-05T17:00:21 0 0 경기77바1200 3 44 221000033 221000155 41 
2020-12-05T17:00:21 0 0 경기77바1014 3 40 221000033 277103306 22 
2020-12-05T17:00:21 0 0 경기74사1072 3 38 221000033 277102841 29 
2020-12-05T17:00:21 0 0 경기77바1047 3 45 221000033 221000232 5 
2020-12-05T17:01:20 0 0 경기77바1200 3 44 221000033 221000155 41 
2020-12-05T17:01:20 0 0 경기77바1014 3 40 221000033 277103306 22 
2020-12-05T17:01:20 0 0 경기74사1072 3 38 221000033 277102841 29 
2020-12-05T17:01:20 0 0 경기77바1047 3 45 221000033 221000334 6 
2020-12-05T17:02:19 0 0 경기77바1200 3 44 221000033 221000155 41 
2020-12-05T17:02:19 0 0 경기77바1014 3 40 221000033 277103306 22 
2020-12-05T17:02:19 0 0 경기77바1047 3 45 221000033 221000334 6 
2020-12-05T17:02:19 0 0 경기74사1072 3 38 221000033 277102841 29 
2020-12-05T17:03:18 0 0 경기77바1200 3 44 221000033 221000155 41 
2020-12-05T17:03:18 0 0 경기77바1014 3 40 221000033 277103309 24 
2020-12-05T17:03:18 0 0 경기74사1072 3 38 221000033 277102841 29 
2020-12-05T17:03:18 0 0 경기77바1047 3 45 221000033 221000335 7 
2020-12-05T17:04:17 0 0 경기77바1200 3 44 221000033 221000155 41 
2020-12-05T17:04:17 0 0 경기77바1014 3 40 221000033 277103309 24 
2020-12-05T17:04:17 0 0 경기74사1072 3 38 221000033 277102841 29 
2020-12-05T17:04:17 0 0 경기77바1047 3 45 221000033 221000336 8 
2020-12-05T17:05:17 0 0 경기77바1200 3 44 221000033 221000155 41 
2020-12-05T17:05:17 0 0 경기77바1014 3 40 221000033 277103309 24 
2020-12-05T17:05:17 0 0 경기74사1072 3 38 221000033 277102841 29 
2020-12-05T17:05:17 0 0 경기77바1047 3 45 221000033 221000336 8 
2020-12-05T17:06:16 0 0 경기77바1200 3 44 221000033 221000155 41 
2020-12-05T17:06:16 0 0 경기77바1014 3 40 221000033 277103309 24 
2020-12-05T17:06:16 0 0 경기77바1047 3 45 221000033 221000231 9 
2020-12-05T17:06:16 0 0 경기74사1072 3 38 221000033 277102841 29 
2020-12-05T17:07:16 0 0 경기77바1014 3 40 221000033 277103309 24 
2020-12-05T17:07:16 0 0 경기77바1047 3 45 221000033 221000377 10 
2020-12-05T17:07:16 0 0 경기74사1072 3 38 221000033 277103910 30 
2020-12-05T17:08:15 0 0 경기77바1014 3 40 221000033 277103309 24 
2020-12-05T17:08:15 0 0 경기74사1072 3 38 221000033 277103910 30 
2020-12-05T17:08:15 0 0 경기77바1047 3 44 221000033 221000355 12 
2020-12-05T17:09:15 0 0 경기77바1014 3 40 221000033 277103308 25 
2020-12-05T17:09:15 0 0 경기77바1047 3 44 221000033 221000355 12 
2020-12-05T17:09:15 0 0 경기74사1072 3 41 221000033 106000203 31 
2020-12-05T17:10:15 0 0 경기77바1014 3 40 221000033 277103308 25 
2020-12-05T17:10:15 0 0 경기74사1072 3 41 221000033 221000127 32 
2020-12-05T17:10:15 0 0 경기77바1047 3 44 221000033 221000355 12 
2020-12-05T17:11:15 0 0 경기77바1014 3 40 221000033 277103308 25 
2020-12-05T17:11:15 0 0 경기77바1047 3 44 221000033 221000253 13 
2020-12-05T17:11:15 0 0 경기74사1072 3 41 221000033 221000254 33 
2020-12-05T17:12:15 0 0 경기77바1014 3 40 221000033 277103308 25 
2020-12-05T17:12:15 0 0 경기74사1072 3 41 221000033 221000344 34 
2020-12-05T17:12:15 0 0 경기77바1047 3 44 221000033 106000471 14 
2020-12-05T17:13:14 0 0 경기77바1014 3 40 221000033 277103308 25 
2020-12-05T17:13:14 0 0 경기77바1047 3 44 221000033 106000457 15 
2020-12-05T17:13:14 0 0 경기74사1072 3 42 221000033 221000234 35 
2020-12-05T17:14:14 0 0 경기77바1014 3 40 221000033 277103308 25 
2020-12-05T17:14:14 0 0 경기77바1047 3 43 221000033 106000459 17 
2020-12-05T17:14:14 0 0 경기74사1072 3 42 221000033 221000376 36 
2020-12-05T17:15:13 0 0 경기77바1014 3 40 221000033 123000611 26 
2020-12-05T17:15:13 0 0 경기77바1047 3 42 221000033 106000459 17 
2020-12-05T17:15:13 0 0 경기74사1072 3 42 221000033 221000339 37 
2020-12-05T17:16:13 0 0 경기77바1014 3 40 221000033 123000611 26 
2020-12-05T17:16:13 0 0 경기74사1072 3 42 221000033 221000192 38 
2020-12-05T17:16:13 0 0 경기77바1047 3 42 221000033 106000462 18 
2020-12-05T17:17:12 0 0 경기77바1014 3 40 221000033 123000611 26 
2020-12-05T17:17:12 0 0 경기74사1072 3 42 221000033 221000232 39 
2020-12-05T17:17:12 0 0 경기77바1047 3 41 221000033 106000242 19 
2020-12-05T17:18:12 0 0 경기77바1014 3 40 221000033 123000611 26 
2020-12-05T17:18:12 0 0 경기74사1072 3 42 221000033 221000232 39 
2020-12-05T17:18:12 0 0 경기77바1047 3 41 221000033 106000205 20 
2020-12-05T17:19:11 0 0 경기77바1014 3 32 221000033 123000611 26 
2020-12-05T17:19:11 0 0 경기77바1047 3 41 221000033 106000205 20 
2020-12-05T17:19:11 0 0 경기74사1072 3 45 221000033 221000330 40 
2020-12-05T17:20:11 0 0 경기77바1014 3 32 221000033 123000611 26 
2020-12-05T17:20:11 0 0 경기74사1072 3 45 221000033 221000330 40 
2020-12-05T17:20:11 0 0 경기77바1047 3 41 221000033 277103909 21 
2020-12-05T17:21:11 0 0 경기74사1100 3 45 221000033 277102939 2 
2020-12-05T17:21:11 0 0 경기77바1014 3 32 221000033 123000611 26 
2020-12-05T17:21:11 0 0 경기77바1047 3 41 221000033 277103909 21 
2020-12-05T17:21:11 0 0 경기74사1072 3 45 221000033 221000155 41 
2020-12-05T17:22:11 0 0 경기74사1100 3 45 221000033 277102939 2 
2020-12-05T17:22:11 0 0 경기77바1014 3 32 221000033 277102842 27 
2020-12-05T17:22:11 0 0 경기77바1047 3 41 221000033 277103909 21 
2020-12-05T17:22:11 0 0 경기74사1072 3 45 221000033 221000155 41 
2020-12-05T17:23:10 0 0 경기74사1100 3 45 221000033 277102939 2 
2020-12-05T17:23:10 0 0 경기77바1014 3 32 221000033 277103353 28 
2020-12-05T17:23:10 0 0 경기77바1047 3 41 221000033 277103909 21 
2020-12-05T17:23:10 0 0 경기74사1072 3 45 221000033 221000155 41 
2020-12-05T17:24:10 0 0 경기74사1100 3 45 221000033 277102939 2 
2020-12-05T17:24:10 0 0 경기77바1014 3 32 221000033 277103353 28 
2020-12-05T17:24:10 0 0 경기74사1072 3 45 221000033 221000155 41 
2020-12-05T17:24:10 0 0 경기77바1047 3 41 221000033 277103909 21 
2020-12-05T17:25:10 0 0 경기77바1014 3 32 221000033 277103353 28 
2020-12-05T17:25:10 0 0 경기74사1100 3 45 221000033 277102940 3 
2020-12-05T17:25:10 0 0 경기74사1072 3 45 221000033 221000155 41 
2020-12-05T17:25:10 0 0 경기77바1047 3 41 221000033 277103306 22 
2020-12-05T17:26:09 0 0 경기77바1014 3 32 221000033 277103353 28 
2020-12-05T17:26:09 0 0 경기74사1100 3 45 221000033 277102940 3 
2020-12-05T17:26:09 0 0 경기74사1072 3 45 221000033 221000155 41 
2020-12-05T17:26:09 0 0 경기77바1047 3 41 221000033 277103306 22 
2020-12-05T17:27:09 0 0 경기77바1014 3 32 221000033 277103353 28 
2020-12-05T17:27:09 0 0 경기74사1100 3 45 221000033 221000232 5 
2020-12-05T17:27:09 0 0 경기74사1072 3 45 221000033 221000155 41 
2020-12-05T17:27:09 0 0 경기77바1047 3 41 221000033 277103306 22 
2020-12-05T17:28:08 0 0 경기74사1100 3 44 221000033 221000232 5 
2020-12-05T17:28:08 0 0 경기77바1014 3 32 221000033 277102841 29 
2020-12-05T17:28:08 0 0 경기74사1072 3 45 221000033 221000155 41 
2020-12-05T17:28:08 0 0 경기77바1047 3 41 221000033 277103306 22 
2020-12-05T17:29:08 0 0 경기77바1014 3 32 221000033 277102841 29 
2020-12-05T17:29:08 0 0 경기74사1100 3 43 221000033 221000334 6 
2020-12-05T17:29:08 0 0 경기74사1072 3 45 221000033 221000155 41 
2020-12-05T17:29:08 0 0 경기77바1047 3 41 221000033 277102674 23 
2020-12-05T17:30:07 0 0 경기77바1014 3 32 221000033 277102841 29 
2020-12-05T17:30:07 0 0 경기74사1100 3 43 221000033 221000335 7 
2020-12-05T17:30:07 0 0 경기74사1072 3 45 221000033 221000155 41 
2020-12-05T17:30:07 0 0 경기77바1047 3 41 221000033 277102674 23 
2020-12-05T17:31:06 0 0 경기74사1100 3 43 221000033 221000336 8 
2020-12-05T17:31:06 0 0 경기77바1014 3 32 221000033 277102841 29 
2020-12-05T17:31:06 0 0 경기74사1072 3 45 221000033 221000155 41 
2020-12-05T17:31:06 0 0 경기77바1047 3 41 221000033 277103309 24 
2020-12-05T17:32:06 0 0 경기77바1014 3 32 221000033 277102841 29 
2020-12-05T17:32:06 0 0 경기74사1100 3 42 221000033 221000231 9 
2020-12-05T17:32:06 0 0 경기74사1072 3 45 221000033 221000155 41 
2020-12-05T17:32:06 0 0 경기77바1047 3 41 221000033 277103309 24 
2020-12-05T17:33:05 0 0 경기77바1014 3 32 221000033 277102841 29 
2020-12-05T17:33:05 0 0 경기74사1100 3 42 221000033 221000377 10 
2020-12-05T17:33:05 0 0 경기74사1072 3 45 221000033 221000155 41 
2020-12-05T17:33:05 0 0 경기77바1047 3 41 221000033 277103309 24 
2020-12-05T17:34:04 0 0 경기77바1014 3 32 221000033 277102841 29 
2020-12-05T17:34:04 0 0 경기74사1100 3 42 221000033 221000377 10 
2020-12-05T17:34:04 0 0 경기74사1072 3 45 221000033 221000155 41 
2020-12-05T17:34:04 0 0 경기77바1047 3 41 221000033 277103308 25 
2020-12-05T17:35:04 0 0 경기74사1100 3 42 221000033 221000377 10 
2020-12-05T17:35:04 0 0 경기77바1014 3 32 221000033 277102841 29 
2020-12-05T17:35:04 0 0 경기74사1072 3 45 221000033 221000155 41 
2020-12-05T17:35:04 0 0 경기77바1047 3 41 221000033 277103308 25 
2020-12-05T17:36:03 0 0 경기77바1014 3 32 221000033 277102841 29 
2020-12-05T17:36:03 0 0 경기74사1100 3 42 221000033 221000355 12 
2020-12-05T17:36:03 0 0 경기74사1072 3 45 221000033 221000155 41 
2020-12-05T17:36:03 0 0 경기77바1047 3 41 221000033 277103308 25 
2020-12-05T17:37:02 0 0 경기77바1014 3 32 221000033 277102841 29 
2020-12-05T17:37:02 0 0 경기74사1100 3 42 221000033 221000253 13 
2020-12-05T17:37:02 0 0 경기77바1047 3 41 221000033 277103308 25 
2020-12-05T17:38:02 0 0 경기77바1014 3 32 221000033 277102841 29 
2020-12-05T17:38:02 0 0 경기74사1100 3 42 221000033 221000253 13 
2020-12-05T17:38:02 0 0 경기77바1047 3 41 221000033 277103308 25 
2020-12-05T17:39:02 0 0 경기77바1014 3 32 221000033 277102841 29 
2020-12-05T17:39:02 0 0 경기74사1100 3 42 221000033 106000457 15 
2020-12-05T17:39:02 0 0 경기77바1047 3 41 221000033 277103308 25 
2020-12-05T17:40:01 0 0 경기77바1014 3 32 221000033 277102841 29 
2020-12-05T17:40:01 0 0 경기74사1100 3 42 221000033 106000457 15 
2020-12-05T17:40:01 0 0 경기77바1047 3 41 221000033 277103308 25 
2020-12-05T17:41:01 0 0 경기77바1014 3 32 221000033 277103910 30 
2020-12-05T17:41:01 0 0 경기74사1100 3 41 221000033 106000461 16 
2020-12-05T17:41:01 0 0 경기77바1047 3 41 221000033 123000611 26 
2020-12-05T17:42:00 0 0 경기77바1014 3 32 221000033 277103910 30 
2020-12-05T17:42:00 0 0 경기74사1100 3 41 221000033 106000459 17 
2020-12-05T17:42:00 0 0 경기77바1047 3 41 221000033 123000611 26 
2020-12-05T17:42:59 0 0 경기77바1014 3 32 221000033 277103910 30 
2020-12-05T17:42:59 0 0 경기74사1100 3 41 221000033 106000462 18 
2020-12-05T17:42:59 0 0 경기77바1047 3 41 221000033 123000611 26 
2020-12-05T17:43:58 0 0 경기77바1014 3 32 221000033 106000203 31 
2020-12-05T17:43:58 0 0 경기74사1100 3 41 221000033 106000242 19 
2020-12-05T17:43:58 0 0 경기77바1047 3 41 221000033 123000611 26 
2020-12-05T17:44:58 0 0 경기77바1014 3 32 221000033 221000127 32 
2020-12-05T17:44:58 0 0 경기74사1100 3 41 221000033 106000205 20 
2020-12-05T17:44:58 0 0 경기77바1047 3 37 221000033 123000611 26 
2020-12-05T17:45:58 0 0 경기77바1014 3 32 221000033 221000254 33 
2020-12-05T17:45:58 0 0 경기74사1100 3 41 221000033 277103909 21 
2020-12-05T17:45:58 0 0 경기77바1047 3 37 221000033 123000611 26 
2020-12-05T17:46:58 0 0 경기74사1100 3 41 221000033 277103909 21 
2020-12-05T17:46:58 0 0 경기77바1200 3 45 221000033 277102939 2 
2020-12-05T17:46:58 0 0 경기77바1014 3 32 221000033 221000344 34 
2020-12-05T17:46:58 0 0 경기77바1047 3 37 221000033 123000611 26 
2020-12-05T17:47:58 0 0 경기74사1100 3 41 221000033 277103909 21 
2020-12-05T17:47:58 0 0 경기77바1200 3 45 221000033 221000192 4 
2020-12-05T17:47:58 0 0 경기77바1014 3 32 221000033 221000234 35 
2020-12-05T17:47:58 0 0 경기77바1047 3 37 221000033 123000611 26 
2020-12-05T17:48:57 0 0 경기74사1100 3 41 221000033 277103909 21 
2020-12-05T17:48:57 0 0 경기77바1014 3 32 221000033 221000234 35 
2020-12-05T17:48:57 0 0 경기77바1200 3 44 221000033 221000192 4 
2020-12-05T17:48:57 0 0 경기77바1047 3 37 221000033 277102842 27 
2020-12-05T17:49:57 0 0 경기74사1100 3 41 221000033 277103909 21 
2020-12-05T17:49:57 0 0 경기77바1200 3 44 221000033 221000232 5 
2020-12-05T17:49:57 0 0 경기77바1014 3 37 221000033 221000376 36 
2020-12-05T17:49:57 0 0 경기77바1047 3 37 221000033 277103353 28 
2020-12-05T17:50:57 0 0 경기77바1200 3 44 221000033 221000334 6 
2020-12-05T17:50:57 0 0 경기77바1014 3 40 221000033 221000339 37 
2020-12-05T17:50:57 0 0 경기74사1100 3 41 221000033 277103909 21 
2020-12-05T17:50:57 0 0 경기77바1047 3 37 221000033 277103353 28 
2020-12-05T17:51:57 0 0 경기77바1014 3 40 221000033 221000339 37 
2020-12-05T17:51:57 0 0 경기77바1200 3 44 221000033 221000334 6 
2020-12-05T17:51:57 0 0 경기74사1100 3 41 221000033 277103306 22 
2020-12-05T17:51:57 0 0 경기77바1047 3 37 221000033 277103353 28 
2020-12-05T17:52:56 0 0 경기74사1100 3 41 221000033 277103306 22 
2020-12-05T17:52:56 0 0 경기77바1200 3 44 221000033 221000335 7 
2020-12-05T17:52:56 0 0 경기77바1014 3 40 221000033 221000192 38 
2020-12-05T17:52:56 0 0 경기77바1047 3 37 221000033 277103353 28 
2020-12-05T17:53:56 0 0 경기74사1100 3 41 221000033 277103306 22 
2020-12-05T17:53:56 0 0 경기77바1200 3 44 221000033 221000336 8 
2020-12-05T17:53:56 0 0 경기77바1014 3 42 221000033 221000232 39 
2020-12-05T17:53:56 0 0 경기77바1047 3 37 221000033 277103353 28 
2020-12-05T17:54:56 0 0 경기77바1014 3 43 221000033 221000232 39 
2020-12-05T17:54:56 0 0 경기77바1200 3 44 221000033 221000231 9 
2020-12-05T17:54:56 0 0 경기74사1100 3 41 221000033 277102674 23 
2020-12-05T17:54:56 0 0 경기77바1047 3 37 221000033 277102841 29 
2020-12-05T17:55:55 0 0 경기77바1014 3 44 221000033 221000232 39 
2020-12-05T17:55:55 0 0 경기77바1200 3 44 221000033 221000231 9 
2020-12-05T17:55:55 0 0 경기74사1100 3 41 221000033 277103309 24 
2020-12-05T17:55:55 0 0 경기77바1047 3 37 221000033 277102841 29 
2020-12-05T17:56:55 0 0 경기77바1014 3 45 221000033 221000330 40 
2020-12-05T17:56:55 0 0 경기77바1200 3 44 221000033 221000233 11 
2020-12-05T17:56:55 0 0 경기74사1100 3 41 221000033 277103309 24 
2020-12-05T17:56:55 0 0 경기77바1047 3 37 221000033 277102841 29 
2020-12-05T17:57:55 0 0 경기77바1200 3 44 221000033 221000355 12 
2020-12-05T17:57:55 0 0 경기74사1100 3 41 221000033 277103308 25 
2020-12-05T17:57:55 0 0 경기77바1014 3 45 221000033 221000155 41 
2020-12-05T17:57:55 0 0 경기77바1047 3 37 221000033 277102841 29 
2020-12-05T17:58:55 0 0 경기74사1100 3 41 221000033 277103308 25 
2020-12-05T17:58:55 0 0 경기77바1200 3 44 221000033 221000253 13 
2020-12-05T17:58:55 0 0 경기77바1014 3 45 221000033 221000155 41 
2020-12-05T17:58:55 0 0 경기77바1047 3 37 221000033 277102841 29 
2020-12-05T17:59:55 0 0 경기74사1100 3 41 221000033 277103308 25 
2020-12-05T17:59:55 0 0 경기77바1200 3 44 221000033 221000253 13 
2020-12-05T17:59:55 0 0 경기77바1047 3 37 221000033 277102841 29 
2020-12-05T18:00:54 0 0 경기74사1100 3 41 221000033 277103308 25 
2020-12-05T18:00:54 0 0 경기77바1200 3 44 221000033 106000457 15 
2020-12-05T18:00:54 0 0 경기77바1047 3 37 221000033 277102841 29 
2020-12-05T18:01:53 0 0 경기77바1200 3 44 221000033 106000457 15 
2020-12-05T18:01:53 0 0 경기74사1100 3 41 221000033 277103308 25 
2020-12-05T18:01:53 0 0 경기77바1047 3 37 221000033 277102841 29 
2020-12-05T18:02:53 0 0 경기74사1100 3 41 221000033 123000611 26 
2020-12-05T18:02:53 0 0 경기77바1200 3 44 221000033 106000461 16 
2020-12-05T18:02:53 0 0 경기77바1047 3 37 221000033 277102841 29 
2020-12-05T18:03:53 0 0 경기74사1100 3 41 221000033 123000611 26 
2020-12-05T18:03:53 0 0 경기77바1200 3 44 221000033 106000459 17 
2020-12-05T18:03:53 0 0 경기77바1047 3 37 221000033 277102841 29 
2020-12-05T18:04:53 0 0 경기74사1100 3 41 221000033 123000611 26 
2020-12-05T18:04:53 0 0 경기77바1200 3 44 221000033 106000462 18 
2020-12-05T18:04:53 0 0 경기77바1047 3 37 221000033 277103910 30 
2020-12-05T18:05:53 0 0 경기74사1100 3 41 221000033 123000611 26 
2020-12-05T18:05:53 0 0 경기77바1200 3 44 221000033 106000462 18 
2020-12-05T18:05:53 0 0 경기77바1047 3 37 221000033 277103910 30 
2020-12-05T18:06:53 0 0 경기74사1100 3 41 221000033 123000611 26 
2020-12-05T18:06:53 0 0 경기77바1200 3 44 221000033 106000242 19 
2020-12-05T18:06:53 0 0 경기77바1047 3 37 221000033 277103910 30 
2020-12-05T18:07:52 0 0 경기74사1100 3 41 221000033 123000611 26 
2020-12-05T18:07:52 0 0 경기77바1200 3 44 221000033 106000205 20 
2020-12-05T18:07:52 0 0 경기77바1047 3 37 221000033 277103910 30 
2020-12-05T18:08:52 0 0 경기74사1100 3 41 221000033 123000611 26 
2020-12-05T18:08:52 0 0 경기77바1200 3 44 221000033 106000205 20 
2020-12-05T18:08:52 0 0 경기77바1047 3 37 221000033 106000203 31 
2020-12-05T18:09:51 0 0 경기74사1100 3 39 221000033 123000611 26 
2020-12-05T18:09:51 0 0 경기77바1200 3 44 221000033 277103909 21 
2020-12-05T18:09:51 0 0 경기77바1047 3 41 221000033 221000127 32 
2020-12-05T18:10:51 0 0 경기77바1200 3 44 221000033 277103909 21 
2020-12-05T18:10:51 0 0 경기74사1100 3 39 221000033 123000611 26 
2020-12-05T18:10:51 0 0 경기77바1047 3 41 221000033 221000254 33 
2020-12-05T18:11:51 0 0 경기77바1200 3 44 221000033 277103909 21 
2020-12-05T18:11:51 0 0 경기74사1100 3 39 221000033 123000611 26 
2020-12-05T18:11:51 0 0 경기77바1047 3 44 221000033 221000234 35 
2020-12-05T18:12:51 0 0 경기77바1200 3 44 221000033 277103909 21 
2020-12-05T18:12:51 0 0 경기74사1100 3 39 221000033 123000611 26 
2020-12-05T18:12:51 0 0 경기77바1047 3 44 221000033 221000234 35 
2020-12-05T18:13:50 0 0 경기74사1100 3 39 221000033 277102842 27 
2020-12-05T18:13:50 0 0 경기77바1200 3 44 221000033 277103909 21 
2020-12-05T18:13:50 0 0 경기74사1072 3 45 221000033 221000192 4 
2020-12-05T18:13:50 0 0 경기77바1047 3 45 221000033 221000339 37 
2020-12-05T18:14:50 0 0 경기77바1200 3 44 221000033 277103306 22 
2020-12-05T18:14:50 0 0 경기74사1100 3 39 221000033 277102842 27 
2020-12-05T18:14:50 0 0 경기74사1072 3 45 221000033 221000192 4 
2020-12-05T18:14:50 0 0 경기77바1047 3 45 221000033 221000192 38 
2020-12-05T18:15:48 0 0 경기77바1200 3 44 221000033 277103306 22 
2020-12-05T18:15:48 0 0 경기74사1100 3 39 221000033 277103353 28 
2020-12-05T18:15:48 0 0 경기74사1072 3 44 221000033 221000232 5 
2020-12-05T18:15:48 0 0 경기77바1047 3 45 221000033 221000232 39 
2020-12-05T18:16:48 0 0 경기77바1200 3 44 221000033 277103306 22 
2020-12-05T18:16:48 0 0 경기74사1100 3 39 221000033 277103353 28 
2020-12-05T18:16:48 0 0 경기74사1072 3 44 221000033 221000232 5 
2020-12-05T18:16:48 0 0 경기77바1047 3 45 221000033 221000232 39 
2020-12-05T18:17:47 0 0 경기74사1100 3 39 221000033 277103353 28 
2020-12-05T18:17:47 0 0 경기77바1200 3 44 221000033 277102674 23 
2020-12-05T18:17:47 0 0 경기77바1047 3 45 221000033 221000330 40 
2020-12-05T18:17:47 0 0 경기74사1072 3 44 221000033 221000334 6 
2020-12-05T18:18:47 0 0 경기74사1100 3 39 221000033 277103353 28 
2020-12-05T18:18:47 0 0 경기77바1200 3 44 221000033 277103309 24 
2020-12-05T18:18:47 0 0 경기77바1047 3 45 221000033 221000330 40 
2020-12-05T18:18:47 0 0 경기74사1072 3 44 221000033 221000335 7 
2020-12-05T18:19:47 0 0 경기74사1100 3 39 221000033 277102841 29 
2020-12-05T18:19:47 0 0 경기77바1200 3 44 221000033 277103308 25 
2020-12-05T18:19:47 0 0 경기74사1072 3 44 221000033 221000336 8 
2020-12-05T18:19:47 0 0 경기77바1047 3 45 221000033 221000155 41 
2020-12-05T18:20:46 0 0 경기74사1100 3 39 221000033 277102841 29 
2020-12-05T18:20:46 0 0 경기77바1200 3 44 221000033 277103308 25 
2020-12-05T18:20:46 0 0 경기77바1047 3 45 221000033 221000155 41 
2020-12-05T18:20:46 0 0 경기74사1072 3 43 221000033 221000231 9 
2020-12-05T18:21:46 0 0 경기74사1100 3 39 221000033 277102841 29 
2020-12-05T18:21:46 0 0 경기77바1200 3 44 221000033 277103308 25 
2020-12-05T18:21:46 0 0 경기74사1072 3 43 221000033 221000231 9 
2020-12-05T18:22:46 0 0 경기77바1200 3 44 221000033 277103308 25 
2020-12-05T18:22:46 0 0 경기74사1100 3 39 221000033 277102841 29 
2020-12-05T18:22:46 0 0 경기74사1072 3 43 221000033 221000233 11 
2020-12-05T18:23:46 0 0 경기74사1100 3 39 221000033 277102841 29 
2020-12-05T18:23:46 0 0 경기77바1200 3 44 221000033 277103308 25 
2020-12-05T18:23:46 0 0 경기74사1072 3 43 221000033 221000355 12 
2020-12-05T18:24:45 0 0 경기74사1100 3 39 221000033 277102841 29 
2020-12-05T18:24:45 0 0 경기77바1200 3 44 221000033 123000611 26 
2020-12-05T18:24:45 0 0 경기74사1072 3 43 221000033 221000355 12 
2020-12-05T18:25:45 0 0 경기77바1200 3 44 221000033 123000611 26 
2020-12-05T18:25:45 0 0 경기74사1100 3 39 221000033 277102841 29 
2020-12-05T18:25:45 0 0 경기74사1072 3 43 221000033 221000253 13 
2020-12-05T18:26:45 0 0 경기77바1200 3 44 221000033 123000611 26 
2020-12-05T18:26:45 0 0 경기74사1100 3 39 221000033 277102841 29 
2020-12-05T18:26:45 0 0 경기74사1072 3 43 221000033 221000253 13 
2020-12-05T18:27:44 0 0 경기77바1200 3 44 221000033 123000611 26 
2020-12-05T18:27:44 0 0 경기74사1100 3 39 221000033 277102841 29 
2020-12-05T18:27:44 0 0 경기74사1072 3 43 221000033 106000471 14 
2020-12-05T18:28:43 0 0 경기77바1200 3 44 221000033 123000611 26 
2020-12-05T18:28:43 0 0 경기74사1100 3 39 221000033 277102841 29 
2020-12-05T18:28:43 0 0 경기74사1072 3 43 221000033 106000457 15 
2020-12-05T18:29:43 0 0 경기77바1200 3 44 221000033 123000611 26 
2020-12-05T18:29:43 0 0 경기74사1100 3 39 221000033 277102841 29 
2020-12-05T18:29:43 0 0 경기74사1072 3 43 221000033 106000457 15 
2020-12-05T18:30:43 0 0 경기77바1200 3 44 221000033 123000611 26 
2020-12-05T18:30:43 0 0 경기74사1100 3 39 221000033 277103910 30 
2020-12-05T18:30:43 0 0 경기74사1072 3 43 221000033 106000459 17 
2020-12-05T18:31:42 0 0 경기77바1200 3 44 221000033 123000611 26 
2020-12-05T18:31:42 0 0 경기74사1100 3 39 221000033 277103910 30 
2020-12-05T18:31:42 0 0 경기74사1072 3 43 221000033 106000459 17 
2020-12-05T18:32:41 0 0 경기77바1200 3 44 221000033 123000611 26 
2020-12-05T18:32:41 0 0 경기74사1100 3 40 221000033 106000203 31 
2020-12-05T18:32:41 0 0 경기74사1072 3 43 221000033 106000462 18 
2020-12-05T18:33:41 0 0 경기77바1200 3 38 221000033 123000611 26 
2020-12-05T18:33:41 0 0 경기74사1100 3 40 221000033 221000127 32 
2020-12-05T18:33:41 0 0 경기74사1072 3 43 221000033 106000242 19 
2020-12-05T18:34:40 0 0 경기77바1200 3 38 221000033 123000611 26 
2020-12-05T18:34:40 0 0 경기74사1100 3 40 221000033 221000254 33 
2020-12-05T18:34:40 0 0 경기74사1072 3 43 221000033 106000205 20 
2020-12-05T18:35:39 0 0 경기74사1100 3 40 221000033 221000254 33 
2020-12-05T18:35:39 0 0 경기77바1200 3 38 221000033 277102842 27 
2020-12-05T18:35:39 0 0 경기77바1014 3 45 221000033 277102939 2 
2020-12-05T18:35:39 0 0 경기74사1072 3 43 221000033 106000205 20 
2020-12-05T18:36:39 0 0 경기77바1014 3 45 221000033 277102939 2 
2020-12-05T18:36:39 0 0 경기77바1200 3 38 221000033 277103353 28 
2020-12-05T18:36:39 0 0 경기74사1100 3 42 221000033 221000344 34 
2020-12-05T18:36:39 0 0 경기74사1072 3 43 221000033 277103909 21 
2020-12-05T18:37:39 0 0 경기77바1014 3 45 221000033 277102939 2 
2020-12-05T18:37:39 0 0 경기74사1100 3 44 221000033 221000234 35 
2020-12-05T18:37:39 0 0 경기77바1200 3 38 221000033 277103353 28 
2020-12-05T18:37:39 0 0 경기74사1072 3 43 221000033 277103909 21 
2020-12-05T18:38:39 0 0 경기77바1200 3 38 221000033 277103353 28 
2020-12-05T18:38:39 0 0 경기77바1014 3 45 221000033 277102940 3 
2020-12-05T18:38:39 0 0 경기74사1100 3 44 221000033 221000376 36 
2020-12-05T18:38:39 0 0 경기74사1072 3 43 221000033 277103909 21 
2020-12-05T18:39:39 0 0 경기77바1014 3 45 221000033 221000192 4 
2020-12-05T18:39:39 0 0 경기77바1200 3 38 221000033 277102841 29 
2020-12-05T18:39:39 0 0 경기74사1100 3 44 221000033 221000192 38 
2020-12-05T18:39:39 0 0 경기74사1072 3 43 221000033 277103909 21 
2020-12-05T18:40:38 0 0 경기74사1100 3 44 221000033 221000192 38 
2020-12-05T18:40:38 0 0 경기77바1200 3 38 221000033 277102841 29 
2020-12-05T18:40:38 0 0 경기77바1014 3 45 221000033 221000232 5 
2020-12-05T18:40:38 0 0 경기74사1072 3 43 221000033 277103909 21 
2020-12-05T18:41:38 0 0 경기74사1100 3 45 221000033 221000232 39 
2020-12-05T18:41:38 0 0 경기77바1014 3 45 221000033 221000334 6 
2020-12-05T18:41:38 0 0 경기77바1200 3 38 221000033 277102841 29 
2020-12-05T18:41:38 0 0 경기74사1072 3 43 221000033 277103909 21 
2020-12-05T18:42:38 0 0 경기74사1100 3 45 221000033 221000232 39 
2020-12-05T18:42:38 0 0 경기77바1014 3 45 221000033 221000334 6 
2020-12-05T18:42:38 0 0 경기77바1200 3 38 221000033 277102841 29 
2020-12-05T18:42:38 0 0 경기74사1072 3 43 221000033 277103306 22 
2020-12-05T18:43:38 0 0 경기74사1100 3 45 221000033 221000232 39 
2020-12-05T18:43:38 0 0 경기77바1200 3 38 221000033 277102841 29 
2020-12-05T18:43:38 0 0 경기77바1014 3 45 221000033 221000335 7 
2020-12-05T18:43:38 0 0 경기74사1072 3 43 221000033 277103306 22 
2020-12-05T18:44:38 0 0 경기77바1200 3 38 221000033 277102841 29 
2020-12-05T18:44:38 0 0 경기74사1100 3 45 221000033 221000232 39 
2020-12-05T18:44:38 0 0 경기77바1014 3 45 221000033 221000336 8 
2020-12-05T18:44:38 0 0 경기74사1072 3 43 221000033 277103306 22 
2020-12-05T18:45:38 0 0 경기77바1200 3 38 221000033 277102841 29 
2020-12-05T18:45:38 0 0 경기74사1100 3 45 221000033 221000330 40 
2020-12-05T18:45:38 0 0 경기77바1014 3 43 221000033 221000336 8 
2020-12-05T18:45:38 0 0 경기74사1072 3 43 221000033 277102674 23 
2020-12-05T18:46:38 0 0 경기77바1014 3 43 221000033 221000231 9 
2020-12-05T18:46:38 0 0 경기74사1100 3 45 221000033 221000155 41 
2020-12-05T18:46:38 0 0 경기77바1200 3 38 221000033 277102841 29 
2020-12-05T18:46:38 0 0 경기74사1072 3 43 221000033 277103309 24 
2020-12-05T18:47:37 0 0 경기74사1100 3 45 221000033 221000155 41 
2020-12-05T18:47:37 0 0 경기77바1014 3 43 221000033 221000377 10 
2020-12-05T18:47:37 0 0 경기77바1200 3 38 221000033 277103910 30 
2020-12-05T18:47:37 0 0 경기74사1072 3 43 221000033 277103309 24 
2020-12-05T18:48:37 0 0 경기77바1014 3 43 221000033 221000355 12 
2020-12-05T18:48:37 0 0 경기77바1200 3 38 221000033 277103910 30 
2020-12-05T18:48:37 0 0 경기74사1072 3 43 221000033 277103308 25 
2020-12-05T18:49:37 0 0 경기77바1200 3 38 221000033 106000203 31 
2020-12-05T18:49:37 0 0 경기77바1014 3 43 221000033 221000355 12 
2020-12-05T18:49:37 0 0 경기74사1072 3 43 221000033 277103308 25 
2020-12-05T18:50:37 0 0 경기77바1200 3 38 221000033 106000203 31 
2020-12-05T18:50:37 0 0 경기77바1014 3 43 221000033 221000355 12 
2020-12-05T18:50:37 0 0 경기74사1072 3 43 221000033 277103308 25 
2020-12-05T18:51:37 0 0 경기77바1200 3 39 221000033 221000127 32 
2020-12-05T18:51:37 0 0 경기77바1014 3 43 221000033 221000253 13 
2020-12-05T18:51:37 0 0 경기74사1072 3 43 221000033 277103308 25 
2020-12-05T18:52:36 0 0 경기77바1014 3 43 221000033 221000253 13 
2020-12-05T18:52:36 0 0 경기77바1200 3 39 221000033 221000254 33 
2020-12-05T18:52:36 0 0 경기74사1072 3 43 221000033 277103308 25 
2020-12-05T18:53:35 0 0 경기77바1014 3 43 221000033 106000471 14 
2020-12-05T18:53:35 0 0 경기77바1200 3 40 221000033 221000234 35 
2020-12-05T18:53:35 0 0 경기74사1072 3 43 221000033 123000611 26 
2020-12-05T18:54:35 0 0 경기77바1014 3 43 221000033 106000457 15 
2020-12-05T18:54:35 0 0 경기77바1200 3 40 221000033 221000376 36 
2020-12-05T18:54:35 0 0 경기74사1072 3 43 221000033 123000611 26 
2020-12-05T18:55:35 0 0 경기77바1014 3 43 221000033 106000461 16 
2020-12-05T18:55:35 0 0 경기77바1200 3 41 221000033 221000339 37 
2020-12-05T18:55:35 0 0 경기74사1072 3 43 221000033 123000611 26 
2020-12-05T18:56:34 0 0 경기77바1014 3 43 221000033 106000459 17 
2020-12-05T18:56:34 0 0 경기77바1200 3 44 221000033 221000192 38 
2020-12-05T18:56:34 0 0 경기74사1072 3 43 221000033 123000611 26 
2020-12-05T18:57:34 0 0 경기77바1014 3 43 221000033 106000462 18 
2020-12-05T18:57:34 0 0 경기77바1200 3 44 221000033 221000232 39 
2020-12-05T18:57:34 0 0 경기74사1072 3 43 221000033 123000611 26 
2020-12-05T18:58:34 0 0 경기77바1200 3 44 221000033 221000232 39 
2020-12-05T18:58:34 0 0 경기77바1014 3 43 221000033 106000205 20 
2020-12-05T18:58:34 0 0 경기74사1072 3 39 221000033 123000611 26 
2020-12-05T18:59:34 0 0 경기77바1200 3 44 221000033 221000232 39 
2020-12-05T18:59:34 0 0 경기77바1014 3 43 221000033 106000205 20 
2020-12-05T18:59:34 0 0 경기74사1072 3 39 221000033 123000611 26 
2020-12-05T19:00:33 0 0 경기77바1200 3 44 221000033 221000232 39 
2020-12-05T19:00:33 0 0 경기77바1014 3 43 221000033 277103909 21 
2020-12-05T19:00:33 0 0 경기74사1072 3 39 221000033 123000611 26 
2020-12-05T19:01:33 0 0 경기77바1014 3 43 221000033 277103909 21 
2020-12-05T19:01:33 0 0 경기77바1200 3 44 221000033 221000330 40 
2020-12-05T19:01:33 0 0 경기74사1072 3 39 221000033 123000611 26 
2020-12-05T19:02:33 0 0 경기77바1014 3 43 221000033 277103909 21 
2020-12-05T19:02:33 0 0 경기77바1200 3 44 221000033 221000330 40 
2020-12-05T19:02:33 0 0 경기74사1072 3 39 221000033 277102842 27 
2020-12-05T19:03:33 0 0 경기77바1014 3 43 221000033 277103909 21 
2020-12-05T19:03:33 0 0 경기77바1200 3 44 221000033 221000155 41 
2020-12-05T19:03:33 0 0 경기77바1047 3 45 221000033 277102939 2 
2020-12-05T19:03:33 0 0 경기74사1072 3 39 221000033 277103353 28 
2020-12-05T19:04:32 0 0 경기77바1200 3 44 221000033 221000155 41 
2020-12-05T19:04:32 0 0 경기77바1014 3 43 221000033 277103909 21 
2020-12-05T19:04:32 0 0 경기74사1072 3 39 221000033 277103353 28 
2020-12-05T19:04:32 0 0 경기77바1047 3 45 221000033 277102940 3 
2020-12-05T19:05:32 0 0 경기77바1014 3 43 221000033 277103306 22 
2020-12-05T19:05:32 0 0 경기74사1072 3 39 221000033 277103353 28 
2020-12-05T19:05:32 0 0 경기77바1047 3 45 221000033 221000192 4 
2020-12-05T19:06:32 0 0 경기77바1014 3 43 221000033 277103306 22 
2020-12-05T19:06:32 0 0 경기74사1072 3 39 221000033 277103353 28 
2020-12-05T19:06:32 0 0 경기77바1047 3 45 221000033 221000232 5 
2020-12-05T19:07:32 0 0 경기77바1014 3 43 221000033 277103306 22 
2020-12-05T19:07:32 0 0 경기74사1072 3 39 221000033 277102841 29 
2020-12-05T19:07:32 0 0 경기77바1047 3 45 221000033 221000334 6 
2020-12-05T19:08:31 0 0 경기77바1014 3 43 221000033 277102674 23 
2020-12-05T19:08:31 0 0 경기74사1072 3 39 221000033 277102841 29 
2020-12-05T19:08:31 0 0 경기77바1047 3 45 221000033 221000334 6 
2020-12-05T19:09:31 0 0 경기77바1014 3 43 221000033 277103309 24 
2020-12-05T19:09:31 0 0 경기74사1072 3 39 221000033 277102841 29 
2020-12-05T19:09:31 0 0 경기77바1047 3 45 221000033 221000335 7 
2020-12-05T19:10:30 0 0 경기77바1014 3 43 221000033 277103309 24 
2020-12-05T19:10:30 0 0 경기74사1072 3 39 221000033 277102841 29 
2020-12-05T19:10:30 0 0 경기77바1047 3 45 221000033 221000336 8 
2020-12-05T19:11:30 0 0 경기77바1014 3 43 221000033 277103308 25 
2020-12-05T19:11:30 0 0 경기74사1072 3 39 221000033 277102841 29 
2020-12-05T19:11:30 0 0 경기77바1047 3 45 221000033 221000336 8 
2020-12-05T19:12:29 0 0 경기77바1014 3 43 221000033 277103308 25 
2020-12-05T19:12:29 0 0 경기74사1072 3 39 221000033 277102841 29 
2020-12-05T19:12:29 0 0 경기77바1047 3 45 221000033 221000231 9 
2020-12-05T19:13:29 0 0 경기77바1014 3 43 221000033 277103308 25 
2020-12-05T19:13:29 0 0 경기74사1072 3 39 221000033 277102841 29 
2020-12-05T19:13:29 0 0 경기77바1047 3 45 221000033 221000377 10 
2020-12-05T19:14:28 0 0 경기77바1014 3 43 221000033 277103308 25 
2020-12-05T19:14:28 0 0 경기77바1047 3 45 221000033 221000355 12 
2020-12-05T19:14:28 0 0 경기74사1072 3 39 221000033 277102841 29 
2020-12-05T19:15:27 0 0 경기77바1014 3 43 221000033 277103308 25 
2020-12-05T19:15:27 0 0 경기74사1072 3 39 221000033 277103910 30 
2020-12-05T19:15:27 0 0 경기77바1047 3 45 221000033 221000355 12 
2020-12-05T19:16:27 0 0 경기77바1014 3 43 221000033 123000611 26 
2020-12-05T19:16:27 0 0 경기74사1072 3 39 221000033 277103910 30 
2020-12-05T19:16:27 0 0 경기77바1047 3 45 221000033 221000253 13 
2020-12-05T19:17:27 0 0 경기77바1014 3 43 221000033 123000611 26 
2020-12-05T19:17:27 0 0 경기77바1047 3 45 221000033 106000471 14 
2020-12-05T19:17:27 0 0 경기74사1072 3 40 221000033 106000203 31 
2020-12-05T19:18:26 0 0 경기77바1014 3 43 221000033 123000611 26 
2020-12-05T19:18:26 0 0 경기74사1072 3 40 221000033 221000127 32 
2020-12-05T19:18:26 0 0 경기77바1047 3 45 221000033 106000457 15 
2020-12-05T19:19:25 0 0 경기77바1014 3 43 221000033 123000611 26 
2020-12-05T19:19:25 0 0 경기74사1072 3 40 221000033 221000254 33 
2020-12-05T19:19:25 0 0 경기77바1047 3 45 221000033 106000461 16 
2020-12-05T19:20:25 0 0 경기77바1014 3 32 221000033 123000611 26 
2020-12-05T19:20:25 0 0 경기77바1047 3 45 221000033 106000459 17 
2020-12-05T19:20:25 0 0 경기74사1072 3 40 221000033 221000344 34 
2020-12-05T19:21:26 0 0 경기77바1014 3 32 221000033 123000611 26 
2020-12-05T19:21:26 0 0 경기77바1047 3 45 221000033 106000462 18 
2020-12-05T19:21:26 0 0 경기74사1072 3 40 221000033 221000234 35 
2020-12-05T19:22:25 0 0 경기77바1014 3 32 221000033 123000611 26 
2020-12-05T19:22:25 0 0 경기74사1072 3 41 221000033 221000234 35 
2020-12-05T19:22:25 0 0 경기77바1047 3 45 221000033 106000242 19 
2020-12-05T19:23:25 0 0 경기77바1014 3 32 221000033 123000611 26 
2020-12-05T19:23:25 0 0 경기77바1047 3 45 221000033 106000205 20 
2020-12-05T19:23:25 0 0 경기74사1072 3 43 221000033 221000339 37 
2020-12-05T19:24:24 0 0 경기77바1014 3 32 221000033 277102842 27 
2020-12-05T19:24:24 0 0 경기74사1072 3 44 221000033 221000192 38 
2020-12-05T19:24:24 0 0 경기77바1047 3 45 221000033 106000205 20 
2020-12-05T19:25:24 0 0 경기77바1014 3 32 221000033 277103353 28 
2020-12-05T19:25:24 0 0 경기74사1100 3 45 221000033 277102939 2 
2020-12-05T19:25:24 0 0 경기74사1072 3 44 221000033 221000232 39 
2020-12-05T19:25:24 0 0 경기77바1047 3 45 221000033 277103909 21 
2020-12-05T19:26:24 0 0 경기74사1100 3 45 221000033 277102939 2 
2020-12-05T19:26:24 0 0 경기77바1014 3 32 221000033 277103353 28 
2020-12-05T19:26:24 0 0 경기77바1047 3 45 221000033 277103909 21 
2020-12-05T19:26:24 0 0 경기74사1072 3 44 221000033 221000232 39 
2020-12-05T19:27:24 0 0 경기74사1100 3 45 221000033 277102939 2 
2020-12-05T19:27:24 0 0 경기77바1014 3 32 221000033 277103353 28 
2020-12-05T19:27:24 0 0 경기77바1047 3 45 221000033 277103909 21 
2020-12-05T19:27:24 0 0 경기74사1072 3 44 221000033 221000330 40 
2020-12-05T19:28:24 0 0 경기77바1014 3 32 221000033 277102841 29 
2020-12-05T19:28:24 0 0 경기74사1100 3 45 221000033 221000192 4 
2020-12-05T19:28:24 0 0 경기77바1047 3 45 221000033 277103909 21 
2020-12-05T19:28:24 0 0 경기74사1072 3 44 221000033 221000330 40 
2020-12-05T19:29:24 0 0 경기74사1100 3 45 221000033 221000192 4 
2020-12-05T19:29:24 0 0 경기77바1014 3 32 221000033 277102841 29 
2020-12-05T19:29:24 0 0 경기77바1047 3 45 221000033 277103909 21 
2020-12-05T19:29:24 0 0 경기74사1072 3 44 221000033 221000330 40 
2020-12-05T19:30:24 0 0 경기77바1014 3 32 221000033 277102841 29 
2020-12-05T19:30:24 0 0 경기74사1100 3 45 221000033 221000232 5 
2020-12-05T19:30:24 0 0 경기77바1047 3 45 221000033 277103909 21 
2020-12-05T19:30:24 0 0 경기74사1072 3 44 221000033 221000155 41 
2020-12-05T19:31:24 0 0 경기74사1100 3 45 221000033 221000334 6 
2020-12-05T19:31:24 0 0 경기77바1014 3 32 221000033 277102841 29 
2020-12-05T19:31:24 0 0 경기77바1047 3 45 221000033 277103306 22 
2020-12-05T19:32:23 0 0 경기77바1014 3 32 221000033 277102841 29 
2020-12-05T19:32:23 0 0 경기74사1100 3 45 221000033 221000334 6 
2020-12-05T19:32:23 0 0 경기77바1047 3 45 221000033 277103306 22 
2020-12-05T19:33:23 0 0 경기77바1014 3 32 221000033 277102841 29 
2020-12-05T19:33:23 0 0 경기74사1100 3 45 221000033 221000336 8 
2020-12-05T19:33:23 0 0 경기77바1047 3 45 221000033 277103306 22 
2020-12-05T19:34:23 0 0 경기77바1014 3 32 221000033 277102841 29 
2020-12-05T19:34:23 0 0 경기74사1100 3 45 221000033 221000336 8 
2020-12-05T19:34:23 0 0 경기77바1047 3 45 221000033 277103306 22 
2020-12-05T19:35:22 0 0 경기74사1100 3 45 221000033 221000231 9 
2020-12-05T19:35:22 0 0 경기77바1014 3 32 221000033 277103910 30 
2020-12-05T19:35:22 0 0 경기77바1047 3 45 221000033 277102674 23 
2020-12-05T19:36:22 0 0 경기74사1100 3 45 221000033 221000231 9 
2020-12-05T19:36:22 0 0 경기77바1014 3 32 221000033 277103910 30 
2020-12-05T19:36:22 0 0 경기77바1047 3 45 221000033 277103309 24 
2020-12-05T19:37:22 0 0 경기77바1014 3 33 221000033 106000203 31 
2020-12-05T19:37:22 0 0 경기74사1100 3 44 221000033 221000233 11 
2020-12-05T19:37:22 0 0 경기77바1047 3 45 221000033 277103308 25 
2020-12-05T19:38:22 0 0 경기77바1014 3 33 221000033 106000203 31 
2020-12-05T19:38:22 0 0 경기74사1100 3 44 221000033 221000355 12 
2020-12-05T19:38:22 0 0 경기77바1047 3 45 221000033 277103308 25 
2020-12-05T19:39:22 0 0 경기74사1100 3 44 221000033 221000355 12 
2020-12-05T19:39:22 0 0 경기77바1014 3 36 221000033 221000127 32 
2020-12-05T19:39:22 0 0 경기77바1047 3 45 221000033 277103308 25 
2020-12-05T19:40:22 0 0 경기77바1014 3 36 221000033 221000127 32 
2020-12-05T19:40:22 0 0 경기74사1100 3 44 221000033 221000253 13 
2020-12-05T19:40:22 0 0 경기77바1047 3 45 221000033 277103308 25 
2020-12-05T19:41:21 0 0 경기77바1014 3 36 221000033 221000344 34 
2020-12-05T19:41:21 0 0 경기74사1100 3 44 221000033 106000471 14 
2020-12-05T19:41:21 0 0 경기77바1047 3 45 221000033 277103308 25 
2020-12-05T19:42:21 0 0 경기74사1100 3 44 221000033 106000457 15 
2020-12-05T19:42:21 0 0 경기77바1014 3 37 221000033 221000234 35 
2020-12-05T19:42:21 0 0 경기77바1047 3 45 221000033 123000611 26 
2020-12-05T19:43:21 0 0 경기77바1014 3 38 221000033 221000234 35 
2020-12-05T19:43:21 0 0 경기74사1100 3 44 221000033 106000461 16 
2020-12-05T19:43:21 0 0 경기77바1047 3 45 221000033 123000611 26 
2020-12-05T19:44:21 0 0 경기74사1100 3 44 221000033 106000459 17 
2020-12-05T19:44:21 0 0 경기77바1014 3 42 221000033 221000339 37 
2020-12-05T19:44:21 0 0 경기77바1047 3 45 221000033 123000611 26 
2020-12-05T19:45:21 0 0 경기77바1014 3 43 221000033 221000192 38 
2020-12-05T19:45:21 0 0 경기74사1100 3 44 221000033 106000462 18 
2020-12-05T19:45:21 0 0 경기77바1047 3 45 221000033 123000611 26 
2020-12-05T19:46:20 0 0 경기74사1100 3 44 221000033 106000242 19 
2020-12-05T19:46:20 0 0 경기77바1014 3 45 221000033 221000232 39 
2020-12-05T19:46:20 0 0 경기77바1047 3 35 221000033 123000611 26 
2020-12-05T19:47:20 0 0 경기74사1100 3 44 221000033 106000205 20 
2020-12-05T19:47:20 0 0 경기77바1014 3 45 221000033 221000232 39 
2020-12-05T19:47:20 0 0 경기77바1047 3 35 221000033 123000611 26 
2020-12-05T19:48:19 0 0 경기74사1100 3 45 221000033 277103909 21 
2020-12-05T19:48:19 0 0 경기77바1014 3 45 221000033 221000330 40 
2020-12-05T19:48:19 0 0 경기77바1047 3 35 221000033 123000611 26 
2020-12-05T19:49:19 0 0 경기77바1014 3 45 221000033 221000155 41 
2020-12-05T19:49:19 0 0 경기74사1100 3 45 221000033 277103909 21 
2020-12-05T19:49:19 0 0 경기77바1047 3 35 221000033 277102842 27 
2020-12-05T19:50:18 0 0 경기74사1100 3 45 221000033 277103909 21 
2020-12-05T19:50:18 0 0 경기77바1047 3 35 221000033 277102842 27 
2020-12-05T19:51:17 0 0 경기74사1100 3 45 221000033 277103909 21 
2020-12-05T19:51:17 0 0 경기77바1200 3 45 221000033 277102939 2 
2020-12-05T19:51:17 0 0 경기77바1047 3 35 221000033 277103353 28 
2020-12-05T19:52:17 0 0 경기74사1100 3 45 221000033 277103909 21 
2020-12-05T19:52:17 0 0 경기77바1200 3 45 221000033 277102939 2 
2020-12-05T19:52:17 0 0 경기77바1047 3 35 221000033 277103353 28 
2020-12-05T19:53:16 0 0 경기74사1100 3 45 221000033 277103909 21 
2020-12-05T19:53:16 0 0 경기77바1200 3 45 221000033 277102940 3 
2020-12-05T19:53:16 0 0 경기77바1047 3 35 221000033 277103353 28 
2020-12-05T19:54:15 0 0 경기74사1100 3 45 221000033 277103306 22 
2020-12-05T19:54:15 0 0 경기77바1200 3 45 221000033 221000192 4 
2020-12-05T19:54:15 0 0 경기77바1047 3 35 221000033 277102841 29 
2020-12-05T19:55:15 0 0 경기74사1100 3 45 221000033 277103306 22 
2020-12-05T19:55:15 0 0 경기77바1200 3 45 221000033 221000232 5 
2020-12-05T19:55:15 0 0 경기77바1047 3 35 221000033 277102841 29 
2020-12-05T19:56:15 0 0 경기74사1100 3 45 221000033 277103306 22 
2020-12-05T19:56:15 0 0 경기77바1200 3 44 221000033 221000232 5 
2020-12-05T19:56:15 0 0 경기77바1047 3 35 221000033 277102841 29 
2020-12-05T19:57:14 0 0 경기74사1100 3 45 221000033 277102674 23 
2020-12-05T19:57:14 0 0 경기77바1200 3 44 221000033 221000334 6 
2020-12-05T19:57:14 0 0 경기77바1047 3 35 221000033 277102841 29 
2020-12-05T19:58:13 0 0 경기74사1100 3 45 221000033 277103309 24 
2020-12-05T19:58:13 0 0 경기77바1200 3 44 221000033 221000335 7 
2020-12-05T19:58:13 0 0 경기77바1047 3 35 221000033 277102841 29 
2020-12-05T19:59:13 0 0 경기77바1200 3 44 221000033 221000335 7 
2020-12-05T19:59:13 0 0 경기74사1100 3 45 221000033 277103309 24 
2020-12-05T19:59:13 0 0 경기77바1047 3 35 221000033 277102841 29 
2020-12-05T20:00:13 0 0 경기77바1200 3 44 221000033 221000336 8 
2020-12-05T20:00:13 0 0 경기74사1100 3 45 221000033 277103308 25 
2020-12-05T20:00:13 0 0 경기77바1047 3 35 221000033 277102841 29 
2020-12-05T20:01:13 0 0 경기77바1200 3 44 221000033 221000231 9 
2020-12-05T20:01:13 0 0 경기74사1100 3 45 221000033 277103308 25 
2020-12-05T20:01:13 0 0 경기77바1047 3 35 221000033 277102841 29 
2020-12-05T20:02:13 0 0 경기74사1100 3 45 221000033 277103308 25 
2020-12-05T20:02:13 0 0 경기77바1200 3 44 221000033 221000377 10 
2020-12-05T20:02:13 0 0 경기77바1047 3 35 221000033 277103910 30 
2020-12-05T20:03:13 0 0 경기77바1200 3 43 221000033 221000377 10 
2020-12-05T20:03:13 0 0 경기74사1100 3 45 221000033 277103308 25 
2020-12-05T20:03:13 0 0 경기77바1047 3 35 221000033 277103910 30 
2020-12-05T20:04:12 0 0 경기77바1200 3 43 221000033 221000377 10 
2020-12-05T20:04:12 0 0 경기74사1100 3 45 221000033 123000611 26 
2020-12-05T20:04:12 0 0 경기77바1047 3 35 221000033 106000203 31 
2020-12-05T20:05:12 0 0 경기74사1100 3 45 221000033 123000611 26 
2020-12-05T20:05:12 0 0 경기77바1200 3 43 221000033 221000355 12 
2020-12-05T20:05:12 0 0 경기77바1047 3 35 221000033 106000203 31 
2020-12-05T20:06:11 0 0 경기74사1100 3 45 221000033 123000611 26 
2020-12-05T20:06:11 0 0 경기77바1200 3 43 221000033 221000355 12 
2020-12-05T20:06:11 0 0 경기77바1047 3 35 221000033 221000127 32 
2020-12-05T20:07:11 0 0 경기74사1100 3 45 221000033 123000611 26 
2020-12-05T20:07:11 0 0 경기77바1200 3 43 221000033 221000355 12 
2020-12-05T20:07:11 0 0 경기77바1047 3 35 221000033 221000254 33 
2020-12-05T20:08:10 0 0 경기74사1100 3 45 221000033 123000611 26 
2020-12-05T20:08:10 0 0 경기77바1200 3 43 221000033 221000355 12 
2020-12-05T20:08:10 0 0 경기77바1047 3 35 221000033 221000254 33 
2020-12-05T20:09:09 0 0 경기74사1100 3 45 221000033 123000611 26 
2020-12-05T20:09:09 0 0 경기77바1200 3 43 221000033 221000253 13 
2020-12-05T20:09:09 0 0 경기77바1047 3 35 221000033 221000344 34 
2020-12-05T20:10:09 0 0 경기74사1100 3 45 221000033 123000611 26 
2020-12-05T20:10:09 0 0 경기77바1200 3 43 221000033 221000253 13 
2020-12-05T20:10:09 0 0 경기77바1047 3 36 221000033 221000234 35 
2020-12-05T20:11:08 0 0 경기74사1100 3 45 221000033 123000611 26 
2020-12-05T20:11:08 0 0 경기77바1200 3 43 221000033 106000457 15 
2020-12-05T20:11:08 0 0 경기77바1047 3 36 221000033 221000234 35 
2020-12-05T20:12:07 0 0 경기77바1200 3 43 221000033 106000457 15 
2020-12-05T20:12:07 0 0 경기74사1100 3 43 221000033 123000611 26 
2020-12-05T20:12:07 0 0 경기77바1047 3 38 221000033 221000376 36 
2020-12-05T20:13:07 0 0 경기74사1100 3 43 221000033 123000611 26 
2020-12-05T20:13:07 0 0 경기77바1200 3 43 221000033 106000459 17 
2020-12-05T20:13:07 0 0 경기77바1047 3 41 221000033 221000339 37 
2020-12-05T20:14:07 0 0 경기74사1100 3 43 221000033 123000611 26 
2020-12-05T20:14:07 0 0 경기77바1200 3 43 221000033 106000462 18 
2020-12-05T20:14:07 0 0 경기77바1047 3 41 221000033 221000339 37 
2020-12-05T20:15:06 0 0 경기77바1200 3 43 221000033 106000462 18 
2020-12-05T20:15:06 0 0 경기74사1100 3 43 221000033 123000611 26 
2020-12-05T20:15:06 0 0 경기77바1047 3 41 221000033 221000192 38 
2020-12-05T20:16:05 0 0 경기77바1200 3 43 221000033 106000205 20 
2020-12-05T20:16:05 0 0 경기74사1100 3 43 221000033 123000611 26 
2020-12-05T20:16:05 0 0 경기77바1047 3 44 221000033 221000192 38 
2020-12-05T20:17:05 0 0 경기74사1100 3 43 221000033 123000611 26 
2020-12-05T20:17:05 0 0 경기77바1200 3 42 221000033 106000205 20 
2020-12-05T20:17:05 0 0 경기77바1047 3 44 221000033 221000232 39 
2020-12-05T20:17:05 0 0 경기74사1072 3 45 221000033 221000192 4 
2020-12-05T20:18:05 0 0 경기74사1100 3 43 221000033 123000611 26 
2020-12-05T20:18:05 0 0 경기77바1200 3 42 221000033 277103909 21 
2020-12-05T20:18:05 0 0 경기74사1072 3 45 221000033 221000192 4 
2020-12-05T20:18:05 0 0 경기77바1047 3 45 221000033 221000232 39 
2020-12-05T20:19:05 0 0 경기74사1100 3 43 221000033 123000611 26 
2020-12-05T20:19:05 0 0 경기77바1200 3 42 221000033 277103909 21 
2020-12-05T20:19:05 0 0 경기77바1047 3 45 221000033 221000330 40 
2020-12-05T20:19:05 0 0 경기74사1072 3 45 221000033 221000232 5 
2020-12-05T20:20:04 0 0 경기74사1100 3 43 221000033 123000611 26 
2020-12-05T20:20:04 0 0 경기77바1200 3 42 221000033 277103909 21 
2020-12-05T20:20:04 0 0 경기77바1047 3 45 221000033 221000330 40 
2020-12-05T20:20:04 0 0 경기74사1072 3 45 221000033 221000334 6 
2020-12-05T20:21:04 0 0 경기74사1100 3 43 221000033 123000611 26 
2020-12-05T20:21:04 0 0 경기77바1200 3 42 221000033 277103909 21 
2020-12-05T20:21:04 0 0 경기74사1072 3 45 221000033 221000334 6 
2020-12-05T20:21:04 0 0 경기77바1047 3 45 221000033 221000155 41 
2020-12-05T20:22:04 0 0 경기77바1200 3 42 221000033 277103909 21 
2020-12-05T20:22:04 0 0 경기74사1100 3 43 221000033 277102841 29 
2020-12-05T20:22:04 0 0 경기74사1072 3 45 221000033 221000335 7 
2020-12-05T20:23:04 0 0 경기74사1100 3 43 221000033 277102841 29 
2020-12-05T20:23:04 0 0 경기77바1200 3 42 221000033 277103306 22 
2020-12-05T20:23:04 0 0 경기74사1072 3 45 221000033 221000336 8 
2020-12-05T20:24:04 0 0 경기77바1200 3 42 221000033 277103306 22 
2020-12-05T20:24:04 0 0 경기74사1100 3 43 221000033 277102841 29 
2020-12-05T20:24:04 0 0 경기74사1072 3 45 221000033 221000231 9 
2020-12-05T20:25:03 0 0 경기77바1200 3 42 221000033 277103306 22 
2020-12-05T20:25:03 0 0 경기74사1100 3 43 221000033 277102841 29 
2020-12-05T20:25:03 0 0 경기74사1072 3 45 221000033 221000231 9 
2020-12-05T20:26:02 0 0 경기74사1100 3 43 221000033 277102841 29 
2020-12-05T20:26:02 0 0 경기77바1200 3 42 221000033 277102674 23 
2020-12-05T20:26:02 0 0 경기74사1072 3 45 221000033 221000233 11 
2020-12-05T20:27:02 0 0 경기74사1100 3 43 221000033 277102841 29 
2020-12-05T20:27:02 0 0 경기77바1200 3 42 221000033 277103309 24 
2020-12-05T20:27:02 0 0 경기74사1072 3 45 221000033 221000355 12 
2020-12-05T20:28:02 0 0 경기74사1100 3 43 221000033 277102841 29 
2020-12-05T20:28:02 0 0 경기77바1200 3 42 221000033 277103308 25 
2020-12-05T20:28:02 0 0 경기74사1072 3 45 221000033 221000253 13 
2020-12-05T20:29:02 0 0 경기77바1200 3 42 221000033 277103308 25 
2020-12-05T20:29:02 0 0 경기74사1100 3 43 221000033 277103910 30 
2020-12-05T20:29:02 0 0 경기74사1072 3 45 221000033 221000253 13 
2020-12-05T20:30:02 0 0 경기77바1200 3 42 221000033 277103308 25 
2020-12-05T20:30:02 0 0 경기74사1100 3 43 221000033 277103910 30 
2020-12-05T20:30:02 0 0 경기74사1072 3 45 221000033 221000253 13 
2020-12-05T20:31:02 0 0 경기77바1200 3 42 221000033 277103308 25 
2020-12-05T20:31:02 0 0 경기74사1100 3 44 221000033 106000203 31 
2020-12-05T20:31:02 0 0 경기74사1072 3 45 221000033 106000457 15 
2020-12-05T20:32:02 0 0 경기77바1200 3 42 221000033 277103308 25 
2020-12-05T20:32:02 0 0 경기74사1100 3 44 221000033 221000127 32 
2020-12-05T20:32:02 0 0 경기74사1072 3 44 221000033 106000457 15 
2020-12-05T20:33:01 0 0 경기77바1200 3 42 221000033 123000611 26 
2020-12-05T20:33:01 0 0 경기74사1100 3 44 221000033 221000344 34 
2020-12-05T20:33:01 0 0 경기74사1072 3 44 221000033 106000459 17 
2020-12-05T20:34:02 0 0 경기77바1200 3 42 221000033 123000611 26 
2020-12-05T20:34:02 0 0 경기74사1100 3 44 221000033 221000234 35 
2020-12-05T20:34:02 0 0 경기74사1072 3 44 221000033 106000459 17 
2020-12-05T20:35:01 0 0 경기77바1200 3 42 221000033 123000611 26 
2020-12-05T20:35:01 0 0 경기74사1100 3 44 221000033 221000376 36 
2020-12-05T20:35:01 0 0 경기74사1072 3 44 221000033 106000462 18 
2020-12-05T20:36:01 0 0 경기77바1200 3 42 221000033 123000611 26 
2020-12-05T20:36:01 0 0 경기74사1100 3 45 221000033 221000339 37 
2020-12-05T20:36:01 0 0 경기74사1072 3 44 221000033 106000242 19 
2020-12-05T20:37:01 0 0 경기74사1100 3 45 221000033 221000192 38 
2020-12-05T20:37:01 0 0 경기77바1200 3 41 221000033 123000611 26 
2020-12-05T20:37:01 0 0 경기74사1072 3 44 221000033 106000205 20 
2020-12-05T20:38:00 0 0 경기74사1100 3 45 221000033 221000232 39 
2020-12-05T20:38:00 0 0 경기77바1200 3 41 221000033 123000611 26 
2020-12-05T20:38:00 0 0 경기74사1072 3 44 221000033 106000205 20 
2020-12-05T20:38:59 0 0 경기74사1100 3 45 221000033 221000232 39 
2020-12-05T20:38:59 0 0 경기77바1200 3 41 221000033 123000611 26 
2020-12-05T20:38:59 0 0 경기74사1072 3 44 221000033 277103909 21 
2020-12-05T20:39:59 0 0 경기74사1100 3 45 221000033 221000330 40 
2020-12-05T20:39:59 0 0 경기77바1200 3 41 221000033 277102842 27 
2020-12-05T20:39:59 0 0 경기74사1072 3 44 221000033 277103909 21 
2020-12-05T20:40:59 0 0 경기74사1100 3 45 221000033 221000330 40 
2020-12-05T20:40:59 0 0 경기77바1014 3 45 221000033 277102939 2 
2020-12-05T20:40:59 0 0 경기77바1200 3 41 221000033 277103353 28 
2020-12-05T20:40:59 0 0 경기74사1072 3 44 221000033 277103909 21 
2020-12-05T20:41:59 0 0 경기77바1014 3 45 221000033 277102939 2 
2020-12-05T20:41:59 0 0 경기74사1100 3 45 221000033 221000155 41 
2020-12-05T20:41:59 0 0 경기77바1200 3 41 221000033 277103353 28 
2020-12-05T20:41:59 0 0 경기74사1072 3 44 221000033 277103909 21 
2020-12-05T20:42:59 0 0 경기77바1200 3 41 221000033 277103353 28 
2020-12-05T20:42:59 0 0 경기77바1014 3 45 221000033 277102939 2 
2020-12-05T20:42:59 0 0 경기74사1072 3 44 221000033 277103909 21 
2020-12-05T20:43:58 0 0 경기77바1014 3 45 221000033 277102939 2 
2020-12-05T20:43:58 0 0 경기77바1200 3 41 221000033 277102841 29 
2020-12-05T20:43:58 0 0 경기74사1072 3 44 221000033 277103909 21 
2020-12-05T20:44:58 0 0 경기77바1200 3 41 221000033 277102841 29 
2020-12-05T20:44:58 0 0 경기77바1014 3 45 221000033 277102940 3 
2020-12-05T20:44:58 0 0 경기74사1072 3 44 221000033 277103909 21 
2020-12-05T20:45:57 0 0 경기77바1014 3 45 221000033 221000192 4 
2020-12-05T20:45:57 0 0 경기77바1200 3 41 221000033 277102841 29 
2020-12-05T20:45:57 0 0 경기74사1072 3 44 221000033 277103306 22 
2020-12-05T20:46:57 0 0 경기77바1200 3 41 221000033 277102841 29 
2020-12-05T20:46:57 0 0 경기77바1014 3 45 221000033 221000232 5 
2020-12-05T20:46:57 0 0 경기74사1072 3 44 221000033 277103306 22 
2020-12-05T20:47:56 0 0 경기77바1200 3 41 221000033 277102841 29 
2020-12-05T20:47:56 0 0 경기77바1014 3 45 221000033 221000334 6 
2020-12-05T20:47:56 0 0 경기74사1072 3 44 221000033 277103306 22 
2020-12-05T20:48:56 0 0 경기77바1200 3 41 221000033 277102841 29 
2020-12-05T20:48:56 0 0 경기77바1014 3 45 221000033 221000334 6 
2020-12-05T20:48:56 0 0 경기74사1072 3 44 221000033 277103306 22 
2020-12-05T20:49:55 0 0 경기77바1200 3 41 221000033 277102841 29 
2020-12-05T20:49:55 0 0 경기77바1014 3 44 221000033 221000335 7 
2020-12-05T20:49:55 0 0 경기74사1072 3 44 221000033 277102674 23 
2020-12-05T20:50:55 0 0 경기77바1200 3 41 221000033 277102841 29 
2020-12-05T20:50:55 0 0 경기77바1014 3 44 221000033 221000336 8 
2020-12-05T20:50:55 0 0 경기74사1072 3 44 221000033 277103309 24 
2020-12-05T20:51:55 0 0 경기77바1014 3 44 221000033 221000231 9 
2020-12-05T20:51:55 0 0 경기77바1200 3 41 221000033 277103910 30 
2020-12-05T20:51:55 0 0 경기74사1072 3 44 221000033 277103309 24 
2020-12-05T20:52:54 0 0 경기77바1014 3 44 221000033 221000231 9 
2020-12-05T20:52:54 0 0 경기77바1200 3 41 221000033 277103910 30 
2020-12-05T20:52:54 0 0 경기74사1072 3 44 221000033 277103308 25 
2020-12-05T20:53:54 0 0 경기77바1014 3 44 221000033 221000233 11 
2020-12-05T20:53:54 0 0 경기77바1200 3 41 221000033 221000127 32 
2020-12-05T20:53:54 0 0 경기74사1072 3 44 221000033 277103308 25 
2020-12-05T20:54:54 0 0 경기77바1014 3 44 221000033 221000355 12 
2020-12-05T20:54:54 0 0 경기77바1200 3 42 221000033 221000127 32 
2020-12-05T20:54:54 0 0 경기74사1072 3 44 221000033 277103308 25 
2020-12-05T20:55:53 0 0 경기77바1014 3 43 221000033 221000355 12 
2020-12-05T20:55:53 0 0 경기77바1200 3 42 221000033 221000344 34 
2020-12-05T20:55:53 0 0 경기74사1072 3 44 221000033 277103308 25 
