200000120 2020-12-08T00:00:42.168752+09:00
2020-12-08T13:17:20 0 0 경기70바3993 3 46 200000120 205000001 32 
2020-12-08T13:17:20 0 0 경기70사1037 3 30 200000120 226000190 41 
2020-12-08T13:17:20 0 0 경기70바3995 3 33 200000120 226000039 24 
2020-12-08T13:17:20 0 0 경기70바3997 3 48 200000120 202000208 63 
2020-12-08T13:17:20 0 0 경기70사1031 3 46 200000120 200000184 53 
2020-12-08T13:17:20 0 0 경기70바3951 3 44 200000120 204000007 36 
2020-12-08T13:17:20 0 0 경기70바3996 3 47 200000120 200000188 13 
2020-12-08T13:17:20 0 0 경기70바3994 3 41 200000120 277103271 29 
2020-12-08T13:17:20 0 0 경기70바3998 3 41 200000120 277103690 3 
