229000111 2020-12-02T00:00:29.586794+09:00
2020-12-02T14:23:35.864460+09:00 0 0 경기76자1918 3 40 229000111 229001583 3 
2020-12-02T14:23:35.864528+09:00 0 0 경기76자1982 4 60 229000111 277103463 50 
2020-12-02T14:23:35.864549+09:00 0 0 경기76자1916 3 29 229000111 277103503 22 
2020-12-02T14:23:35.864565+09:00 0 0 경기76자1919 3 41 229000111 121000194 31 
2020-12-02T14:23:35.864581+09:00 0 0 경기76자1917 3 35 229000111 277103462 9 
2020-12-02T14:23:35.864597+09:00 0 0 경기73아3291 3 38 229000111 277103405 45 
2020-12-02T14:24:36.098629+09:00 0 0 경기76자1982 4 60 229000111 277103463 50 
2020-12-02T14:24:36.098691+09:00 0 0 경기76자1918 3 40 229000111 229001583 3 
2020-12-02T14:24:36.098712+09:00 0 0 경기76자1916 3 29 229000111 277103503 22 
2020-12-02T14:24:36.098732+09:00 0 0 경기76자1919 3 41 229000111 121000194 31 
2020-12-02T14:24:36.098748+09:00 0 0 경기73아3291 3 38 229000111 277103405 45 
2020-12-02T14:24:36.098763+09:00 0 0 경기76자1917 3 35 229000111 277103458 10 
2020-12-02T14:25:35.192612+09:00 0 0 경기76자1982 4 60 229000111 277103463 50 
2020-12-02T14:25:35.192672+09:00 0 0 경기76자1918 3 40 229000111 229000968 4 
2020-12-02T14:25:35.192692+09:00 0 0 경기76자1916 3 29 229000111 277103503 22 
2020-12-02T14:25:35.192709+09:00 0 0 경기76자1919 3 41 229000111 121000194 31 
2020-12-02T14:25:35.192724+09:00 0 0 경기76자1917 3 35 229000111 277103458 10 
2020-12-02T14:25:35.192738+09:00 0 0 경기73아3291 3 38 229000111 277103405 45 
2020-12-02T14:26:34.906675+09:00 0 0 경기76자1982 4 60 229000111 277103463 50 
2020-12-02T14:26:34.906737+09:00 0 0 경기76자1916 3 29 229000111 277103399 23 
2020-12-02T14:26:34.906757+09:00 0 0 경기76자1918 3 40 229000111 229001504 6 
2020-12-02T14:26:34.906773+09:00 0 0 경기76자1919 3 41 229000111 121000194 31 
2020-12-02T14:26:34.906789+09:00 0 0 경기76자1917 3 35 229000111 277103458 10 
2020-12-02T14:26:34.906803+09:00 0 0 경기73아3291 3 38 229000111 277103405 45 
2020-12-02T14:27:34.680766+09:00 0 0 경기76자1916 3 29 229000111 277103399 23 
2020-12-02T14:27:34.680825+09:00 0 0 경기76자1918 3 37 229000111 229001504 6 
2020-12-02T14:27:34.680846+09:00 0 0 경기76자1982 4 60 229000111 277103463 50 
2020-12-02T14:27:34.680861+09:00 0 0 경기73아3291 3 38 229000111 277103405 45 
2020-12-02T14:27:34.680877+09:00 0 0 경기76자1917 3 35 229000111 277103456 11 
2020-12-02T14:27:34.680891+09:00 0 0 경기76자1919 3 41 229000111 121000194 31 
2020-12-02T14:28:34.374954+09:00 0 0 경기76자1916 3 29 229000111 277103399 23 
2020-12-02T14:28:34.375016+09:00 0 0 경기76자1918 3 37 229000111 229001504 6 
2020-12-02T14:28:34.375037+09:00 0 0 경기76자1982 4 60 229000111 277103463 50 
2020-12-02T14:28:34.375054+09:00 0 0 경기76자1919 3 41 229000111 121000194 31 
2020-12-02T14:28:34.375071+09:00 0 0 경기73아3291 3 38 229000111 277103405 45 
2020-12-02T14:28:34.375086+09:00 0 0 경기76자1917 3 35 229000111 277103456 11 
2020-12-02T14:29:33.298928+09:00 0 0 경기76자1918 3 37 229000111 229001504 6 
2020-12-02T14:29:33.298991+09:00 0 0 경기76자1916 3 32 229000111 121000015 24 
2020-12-02T14:29:33.299012+09:00 0 0 경기76자1982 4 60 229000111 277103482 51 
2020-12-02T14:29:33.299028+09:00 0 0 경기73아3291 3 38 229000111 277103405 45 
2020-12-02T14:29:33.299044+09:00 0 0 경기76자1917 3 35 229000111 277103485 12 
2020-12-02T14:29:33.299058+09:00 0 0 경기76자1919 3 41 229000111 121000008 32 
2020-12-02T14:30:32.853077+09:00 0 0 경기76자1916 3 32 229000111 121000015 24 
2020-12-02T14:30:32.853139+09:00 0 0 경기76자1982 4 60 229000111 277103482 51 
2020-12-02T14:30:32.853159+09:00 0 0 경기76자1918 3 37 229000111 229001501 7 
2020-12-02T14:30:32.853175+09:00 0 0 경기73아3291 3 38 229000111 277103405 45 
2020-12-02T14:30:32.853190+09:00 0 0 경기76자1919 3 41 229000111 122000614 33 
2020-12-02T14:30:32.853204+09:00 0 0 경기76자1917 3 35 229000111 277103489 13 
2020-12-02T14:31:32.157172+09:00 0 0 경기76자1916 3 33 229000111 121000013 25 
2020-12-02T14:31:32.157244+09:00 0 0 경기76자1918 3 34 229000111 229001501 7 
2020-12-02T14:31:32.157265+09:00 0 0 경기76자1982 4 60 229000111 277103482 51 
2020-12-02T14:31:32.157282+09:00 0 0 경기76자1917 3 35 229000111 277103489 13 
2020-12-02T14:31:32.157298+09:00 0 0 경기76자1919 3 40 229000111 122000614 33 
2020-12-02T14:31:32.157313+09:00 0 0 경기73아3291 3 38 229000111 277103490 46 
2020-12-02T14:32:31.721246+09:00 0 0 경기76자1982 4 60 229000111 277103482 51 
2020-12-02T14:32:31.721308+09:00 0 0 경기76자1918 3 34 229000111 229001501 7 
2020-12-02T14:32:31.721329+09:00 0 0 경기76자1916 3 36 229000111 121000013 25 
2020-12-02T14:32:31.721344+09:00 0 0 경기76자1919 3 40 229000111 122000614 33 
2020-12-02T14:32:31.721361+09:00 0 0 경기73아3291 3 38 229000111 277103490 46 
2020-12-02T14:32:31.721375+09:00 0 0 경기76자1917 3 35 229000111 277103489 13 
2020-12-02T14:33:31.505324+09:00 0 0 경기76자1916 3 36 229000111 121000013 25 
2020-12-02T14:33:31.505384+09:00 0 0 경기76자1982 4 60 229000111 277103482 51 
2020-12-02T14:33:31.505406+09:00 0 0 경기76자1918 3 34 229000111 229001501 7 
2020-12-02T14:33:31.505422+09:00 0 0 경기73아3291 3 38 229000111 277103486 47 
2020-12-02T14:33:31.505439+09:00 0 0 경기76자1917 3 35 229000111 277103428 14 
2020-12-02T14:33:31.505454+09:00 0 0 경기76자1919 3 40 229000111 121000012 34 
2020-12-02T14:34:31.529634+09:00 0 0 경기76자1918 3 34 229000111 229001501 7 
2020-12-02T14:34:31.529698+09:00 0 0 경기76자1916 3 36 229000111 121000013 25 
2020-12-02T14:34:31.529719+09:00 0 0 경기76자1982 4 64 229000111 229001502 52 
2020-12-02T14:34:31.529734+09:00 0 0 경기76자1917 3 35 229000111 277103428 14 
2020-12-02T14:34:31.529750+09:00 0 0 경기76자1919 3 38 229000111 121000012 34 
2020-12-02T14:34:31.529765+09:00 0 0 경기73아3291 3 38 229000111 277103457 48 
2020-12-02T14:35:30.873536+09:00 0 0 경기76자1982 4 67 229000111 229001502 52 
2020-12-02T14:35:30.873611+09:00 0 0 경기76자1918 3 34 229000111 277103481 8 
2020-12-02T14:35:30.873631+09:00 0 0 경기76자1916 3 39 229000111 121000011 26 
2020-12-02T14:35:30.873647+09:00 0 0 경기76자1919 3 38 229000111 121000012 34 
2020-12-02T14:35:30.873664+09:00 0 0 경기73아3291 3 38 229000111 277103457 48 
2020-12-02T14:35:30.873678+09:00 0 0 경기76자1917 3 35 229000111 277103428 14 
2020-12-02T14:36:30.777885+09:00 0 0 경기76자1918 3 34 229000111 277103481 8 
2020-12-02T14:36:30.777960+09:00 0 0 경기76자1916 3 39 229000111 277102911 27 
2020-12-02T14:36:30.777980+09:00 0 0 경기76자1982 4 69 229000111 229001503 53 
2020-12-02T14:36:30.777996+09:00 0 0 경기73아3291 3 38 229000111 277103457 48 
2020-12-02T14:36:30.778012+09:00 0 0 경기76자1919 3 38 229000111 121000014 35 
2020-12-02T14:36:30.778026+09:00 0 0 경기76자1917 3 35 229000111 277103426 15 
2020-12-02T14:37:30.571762+09:00 0 0 경기76자1916 3 39 229000111 277102911 27 
2020-12-02T14:37:30.571826+09:00 0 0 경기76자1982 4 69 229000111 229001503 53 
2020-12-02T14:37:30.571847+09:00 0 0 경기76자1918 3 34 229000111 277103481 8 
2020-12-02T14:37:30.571862+09:00 0 0 경기73아3291 3 38 229000111 277103457 48 
2020-12-02T14:37:30.571879+09:00 0 0 경기76자1919 3 37 229000111 121000014 35 
2020-12-02T14:37:30.571893+09:00 0 0 경기76자1917 3 35 229000111 277103426 15 
2020-12-02T14:38:30.155839+09:00 0 0 경기76자1982 4 69 229000111 229001503 53 
2020-12-02T14:38:30.155915+09:00 0 0 경기76자1918 3 34 229000111 277103481 8 
2020-12-02T14:38:30.155936+09:00 0 0 경기76자1916 3 39 229000111 277102911 27 
2020-12-02T14:38:30.155953+09:00 0 0 경기76자1919 3 37 229000111 121000014 35 
2020-12-02T14:38:30.155969+09:00 0 0 경기76자1917 3 35 229000111 277103491 16 
2020-12-02T14:38:30.155984+09:00 0 0 경기73아3291 3 38 229000111 277103459 49 
2020-12-02T14:39:29.759968+09:00 0 0 경기76자1918 3 34 229000111 277103481 8 
2020-12-02T14:39:29.760031+09:00 0 0 경기76자1982 4 69 229000111 229001505 54 
2020-12-02T14:39:29.760052+09:00 0 0 경기76자1916 3 40 229000111 121000009 28 
2020-12-02T14:39:29.760069+09:00 0 0 경기76자1917 3 35 229000111 277103491 16 
2020-12-02T14:39:29.760085+09:00 0 0 경기73아3291 3 38 229000111 277103459 49 
2020-12-02T14:39:29.760100+09:00 0 0 경기76자1919 3 37 229000111 121000016 36 
2020-12-02T14:40:29.384307+09:00 0 0 경기76자1918 3 34 229000111 277103481 8 
2020-12-02T14:40:29.384371+09:00 0 0 경기76자1982 4 69 229000111 229001505 54 
2020-12-02T14:40:29.384391+09:00 0 0 경기76자1916 3 40 229000111 121000009 28 
2020-12-02T14:40:29.384407+09:00 0 0 경기76자1919 3 36 229000111 121000016 36 
2020-12-02T14:40:29.384424+09:00 0 0 경기76자1917 3 35 229000111 277103493 17 
2020-12-02T14:40:29.384438+09:00 0 0 경기73아3291 3 38 229000111 277103459 49 
2020-12-02T14:41:29.278296+09:00 0 0 경기76자1982 4 69 229000111 229000979 55 
2020-12-02T14:41:29.278359+09:00 0 0 경기76자1918 3 34 229000111 277103462 9 
2020-12-02T14:41:29.278379+09:00 0 0 경기76자1916 3 41 229000111 277101867 29 
2020-12-02T14:41:29.278396+09:00 0 0 경기76자1919 3 36 229000111 121000016 36 
2020-12-02T14:41:29.278413+09:00 0 0 경기73아3291 3 38 229000111 277103463 50 
2020-12-02T14:41:29.278428+09:00 0 0 경기76자1921 3 39 229000111 229001583 3 
2020-12-02T14:41:29.278442+09:00 0 0 경기76자1917 3 35 229000111 277103495 18 
2020-12-02T14:42:28.892435+09:00 0 0 경기76자1918 3 34 229000111 277103462 9 
2020-12-02T14:42:28.892499+09:00 0 0 경기76자1916 3 41 229000111 277101867 29 
2020-12-02T14:42:28.892520+09:00 0 0 경기76자1982 4 72 229000111 229000979 55 
2020-12-02T14:42:28.892541+09:00 0 0 경기73아3291 3 38 229000111 277103463 50 
2020-12-02T14:42:28.892560+09:00 0 0 경기76자1921 3 37 229000111 229001583 3 
2020-12-02T14:42:28.892576+09:00 0 0 경기76자1917 3 35 229000111 277103495 18 
2020-12-02T14:42:28.892590+09:00 0 0 경기76자1919 3 36 229000111 121000016 36 
2020-12-02T14:43:28.756805+09:00 0 0 경기76자1916 3 41 229000111 121000005 30 
2020-12-02T14:43:28.756867+09:00 0 0 경기76자1918 3 34 229000111 277103462 9 
2020-12-02T14:43:28.756887+09:00 0 0 경기76자1982 4 72 229000111 229000979 55 
2020-12-02T14:43:28.756904+09:00 0 0 경기73아3291 3 38 229000111 277103463 50 
2020-12-02T14:43:28.756920+09:00 0 0 경기76자1921 3 37 229000111 229001583 3 
2020-12-02T14:43:28.756935+09:00 0 0 경기76자1917 3 35 229000111 277103497 19 
2020-12-02T14:43:28.756948+09:00 0 0 경기76자1919 3 37 229000111 277103400 37 
2020-12-02T14:44:27.761026+09:00 0 0 경기76자1916 3 41 229000111 121000005 30 
2020-12-02T14:44:27.761119+09:00 0 0 경기76자1918 3 34 229000111 277103458 10 
2020-12-02T14:44:27.761139+09:00 0 0 경기76자1982 4 72 229000111 229000979 55 
2020-12-02T14:44:27.761155+09:00 0 0 경기73아3291 3 38 229000111 277103463 50 
2020-12-02T14:44:27.761172+09:00 0 0 경기76자1921 3 37 229000111 229001583 3 
2020-12-02T14:44:27.761187+09:00 0 0 경기76자1919 3 37 229000111 277103400 37 
2020-12-02T14:44:27.761201+09:00 0 0 경기76자1917 3 35 229000111 277103497 19 
2020-12-02T14:45:27.355187+09:00 0 0 경기76자1916 3 41 229000111 121000005 30 
2020-12-02T14:45:27.355248+09:00 0 0 경기76자1918 3 34 229000111 277103458 10 
2020-12-02T14:45:27.355267+09:00 0 0 경기76자1982 4 72 229000111 229000979 55 
2020-12-02T14:45:27.355283+09:00 0 0 경기76자1921 3 37 229000111 229001583 3 
2020-12-02T14:45:27.355299+09:00 0 0 경기76자1917 3 35 229000111 277103497 19 
2020-12-02T14:45:27.355314+09:00 0 0 경기76자1919 3 37 229000111 277103400 37 
2020-12-02T14:45:27.355328+09:00 0 0 경기73아3291 3 38 229000111 277103463 50 
2020-12-02T14:46:26.929324+09:00 0 0 경기76자1918 3 34 229000111 277103458 10 
2020-12-02T14:46:26.929388+09:00 0 0 경기76자1916 3 41 229000111 121000005 30 
2020-12-02T14:46:26.929409+09:00 0 0 경기76자1982 4 72 229000111 229001584 56 
2020-12-02T14:46:26.929425+09:00 0 0 경기76자1919 3 37 229000111 277103400 37 
2020-12-02T14:46:26.929441+09:00 0 0 경기76자1917 3 35 229000111 277103497 19 
2020-12-02T14:46:26.929456+09:00 0 0 경기73아3291 3 38 229000111 277103463 50 
2020-12-02T14:46:26.929470+09:00 0 0 경기76자1921 3 37 229000111 229000968 4 
2020-12-02T14:47:26.803507+09:00 0 0 경기76자1916 3 40 229000111 121000194 31 
2020-12-02T14:47:26.803567+09:00 0 0 경기76자1918 3 34 229000111 277103456 11 
2020-12-02T14:47:26.803588+09:00 0 0 경기76자1921 3 37 229000111 229000968 4 
2020-12-02T14:47:26.803604+09:00 0 0 경기76자1919 3 37 229000111 277103400 37 
2020-12-02T14:47:26.803620+09:00 0 0 경기76자1917 3 35 229000111 277103499 20 
2020-12-02T14:47:26.803635+09:00 0 0 경기73아3291 3 38 229000111 277103482 51 
2020-12-02T14:48:26.627632+09:00 0 0 경기76자1916 3 40 229000111 121000194 31 
2020-12-02T14:48:26.627691+09:00 0 0 경기76자1918 3 34 229000111 277103456 11 
2020-12-02T14:48:26.627710+09:00 0 0 경기76자1917 3 35 229000111 277103499 20 
2020-12-02T14:48:26.627730+09:00 0 0 경기76자1919 3 37 229000111 277103393 38 
2020-12-02T14:48:26.627746+09:00 0 0 경기76자1921 3 37 229000111 229001506 5 
2020-12-02T14:48:26.627761+09:00 0 0 경기73아3291 3 38 229000111 277103482 51 
2020-12-02T14:49:26.051825+09:00 0 0 경기76자1916 3 40 229000111 121000194 31 
2020-12-02T14:49:26.051891+09:00 0 0 경기76자1918 3 34 229000111 277103485 12 
2020-12-02T14:49:26.051913+09:00 0 0 경기73아3291 3 38 229000111 277103482 51 
2020-12-02T14:49:26.051929+09:00 0 0 경기76자1919 3 37 229000111 277103393 38 
2020-12-02T14:49:26.051947+09:00 0 0 경기76자1921 3 36 229000111 229001504 6 
2020-12-02T14:49:26.051962+09:00 0 0 경기76자1917 3 35 229000111 277103499 20 
2020-12-02T14:50:25.795851+09:00 0 0 경기76자1916 3 40 229000111 121000194 31 
2020-12-02T14:50:25.795900+09:00 0 0 경기76자1918 3 34 229000111 277103489 13 
2020-12-02T14:50:25.795920+09:00 0 0 경기76자1921 3 36 229000111 229001504 6 
2020-12-02T14:50:25.795936+09:00 0 0 경기76자1917 3 35 229000111 277103499 20 
2020-12-02T14:50:25.795952+09:00 0 0 경기73아3291 3 38 229000111 277103482 51 
2020-12-02T14:50:25.795967+09:00 0 0 경기76자1919 3 37 229000111 277103395 39 
2020-12-02T14:51:25.540135+09:00 0 0 경기76자1916 3 40 229000111 121000194 31 
2020-12-02T14:51:25.540199+09:00 0 0 경기76자1918 3 34 229000111 277103489 13 
2020-12-02T14:51:25.540219+09:00 0 0 경기76자1921 3 36 229000111 229001504 6 
2020-12-02T14:51:25.540235+09:00 0 0 경기76자1919 3 37 229000111 277103395 39 
2020-12-02T14:51:25.540251+09:00 0 0 경기73아3291 3 38 229000111 229001502 52 
2020-12-02T14:51:25.540266+09:00 0 0 경기76자1917 3 35 229000111 277103501 21 
2020-12-02T14:52:24.504240+09:00 0 0 경기76자1916 3 40 229000111 121000194 31 
2020-12-02T14:52:24.504305+09:00 0 0 경기76자1918 3 34 229000111 277103489 13 
2020-12-02T14:52:24.504331+09:00 0 0 경기76자1919 3 37 229000111 277103395 39 
2020-12-02T14:52:24.504350+09:00 0 0 경기76자1917 3 35 229000111 277103503 22 
2020-12-02T14:52:24.504369+09:00 0 0 경기73아3291 3 40 229000111 229001502 52 
2020-12-02T14:52:24.504384+09:00 0 0 경기76자1921 3 36 229000111 229001504 6 
2020-12-02T14:53:24.468514+09:00 0 0 경기76자1916 3 40 229000111 121000194 31 
2020-12-02T14:53:24.468576+09:00 0 0 경기76자1918 3 34 229000111 277103428 14 
2020-12-02T14:53:24.468597+09:00 0 0 경기76자1919 3 37 229000111 277103397 40 
2020-12-02T14:53:24.468613+09:00 0 0 경기76자1917 3 35 229000111 277103503 22 
2020-12-02T14:53:24.468629+09:00 0 0 경기73아3291 3 40 229000111 229001503 53 
2020-12-02T14:53:24.468645+09:00 0 0 경기76자1921 3 34 229000111 229001501 7 
2020-12-02T14:54:28.432939+09:00 0 0 경기76자1916 3 40 229000111 121000194 31 
2020-12-02T14:54:28.433004+09:00 0 0 경기76자1918 3 34 229000111 277103428 14 
2020-12-02T14:54:28.433024+09:00 0 0 경기76자1921 3 34 229000111 229001501 7 
2020-12-02T14:54:28.433090+09:00 0 0 경기73아3291 3 40 229000111 229001503 53 
2020-12-02T14:54:28.433109+09:00 0 0 경기76자1919 3 37 229000111 277103408 41 
2020-12-02T14:54:28.433124+09:00 0 0 경기76자1917 3 35 229000111 277103503 22 
2020-12-02T14:55:23.056697+09:00 0 0 경기76자1916 3 40 229000111 121000194 31 
2020-12-02T14:55:23.056760+09:00 0 0 경기76자1918 3 34 229000111 277103428 14 
2020-12-02T14:55:23.056780+09:00 0 0 경기76자1921 3 34 229000111 229001501 7 
2020-12-02T14:55:23.056796+09:00 0 0 경기76자1919 3 37 229000111 277103408 41 
2020-12-02T14:55:23.056812+09:00 0 0 경기76자1917 3 35 229000111 277103503 22 
2020-12-02T14:55:23.056826+09:00 0 0 경기73아3291 3 40 229000111 229001503 53 
2020-12-02T14:56:23.040877+09:00 0 0 경기76자1916 3 40 229000111 121000194 31 
2020-12-02T14:56:23.040941+09:00 0 0 경기76자1918 3 34 229000111 277103426 15 
2020-12-02T14:56:23.040961+09:00 0 0 경기76자1921 3 34 229000111 229001501 7 
2020-12-02T14:56:23.040977+09:00 0 0 경기73아3291 3 40 229000111 229001505 54 
2020-12-02T14:56:23.041039+09:00 0 0 경기76자1919 3 37 229000111 277100138 42 
2020-12-02T14:56:23.041057+09:00 0 0 경기76자1917 3 35 229000111 277103399 23 
2020-12-02T14:57:23.195022+09:00 0 0 경기76자1918 3 34 229000111 277103426 15 
2020-12-02T14:57:23.195095+09:00 0 0 경기76자1916 3 40 229000111 121000194 31 
2020-12-02T14:57:23.195115+09:00 0 0 경기76자1917 3 35 229000111 277103399 23 
2020-12-02T14:57:23.195131+09:00 0 0 경기73아3291 3 40 229000111 229000979 55 
2020-12-02T14:57:23.195146+09:00 0 0 경기76자1921 3 34 229000111 229001501 7 
2020-12-02T14:57:23.195161+09:00 0 0 경기76자1919 3 37 229000111 277100138 42 
2020-12-02T14:58:22.139083+09:00 0 0 경기76자1916 3 40 229000111 121000194 31 
2020-12-02T14:58:22.139146+09:00 0 0 경기76자1918 3 34 229000111 277103491 16 
2020-12-02T14:58:22.139167+09:00 0 0 경기76자1921 3 34 229000111 277103481 8 
2020-12-02T14:58:22.139183+09:00 0 0 경기73아3291 3 42 229000111 229000979 55 
2020-12-02T14:58:22.139199+09:00 0 0 경기76자1917 3 35 229000111 277103399 23 
2020-12-02T14:58:22.139214+09:00 0 0 경기76자1919 3 37 229000111 277103407 44 
2020-12-02T14:59:22.383257+09:00 0 0 경기76자1916 3 39 229000111 121000008 32 
2020-12-02T14:59:22.383319+09:00 0 0 경기76자1918 3 34 229000111 277103493 17 
2020-12-02T14:59:22.383340+09:00 0 0 경기76자1919 3 37 229000111 277103407 44 
2020-12-02T14:59:22.383356+09:00 0 0 경기76자1921 3 34 229000111 277103481 8 
2020-12-02T14:59:22.383372+09:00 0 0 경기73아3291 3 42 229000111 229000979 55 
2020-12-02T14:59:22.383387+09:00 0 0 경기76자1917 3 35 229000111 121000015 24 
2020-12-02T15:00:21.367449+09:00 0 0 경기76자1916 3 39 229000111 122000614 33 
2020-12-02T15:00:21.367515+09:00 0 0 경기76자1918 3 34 229000111 277103493 17 
2020-12-02T15:00:21.367536+09:00 0 0 경기73아3291 3 42 229000111 229000979 55 
2020-12-02T15:00:21.367553+09:00 0 0 경기76자1919 3 37 229000111 277103405 45 
2020-12-02T15:00:21.367569+09:00 0 0 경기76자1917 3 35 229000111 121000015 24 
2020-12-02T15:00:21.367583+09:00 0 0 경기76자1921 3 34 229000111 277103481 8 
2020-12-02T15:01:20.781523+09:00 0 0 경기76자1918 3 34 229000111 277103495 18 
2020-12-02T15:01:20.781588+09:00 0 0 경기76자1916 3 39 229000111 122000614 33 
2020-12-02T15:01:20.781608+09:00 0 0 경기76자1922 3 39 229000111 229001583 3 
2020-12-02T15:01:20.781624+09:00 0 0 경기76자1921 3 34 229000111 277103481 8 
2020-12-02T15:01:20.781640+09:00 0 0 경기76자1919 3 37 229000111 277103405 45 
2020-12-02T15:01:20.781655+09:00 0 0 경기76자1917 3 35 229000111 121000015 24 
2020-12-02T15:01:20.781669+09:00 0 0 경기73아3291 3 42 229000111 229000979 55 
2020-12-02T15:02:20.685628+09:00 0 0 경기76자1916 3 39 229000111 122000614 33 
2020-12-02T15:02:20.685689+09:00 0 0 경기76자1922 3 39 229000111 229001583 3 
2020-12-02T15:02:20.685710+09:00 0 0 경기76자1918 3 34 229000111 277103497 19 
2020-12-02T15:02:20.685726+09:00 0 0 경기76자1921 3 34 229000111 277103481 8 
2020-12-02T15:02:20.685742+09:00 0 0 경기76자1917 3 35 229000111 121000015 24 
2020-12-02T15:02:20.685757+09:00 0 0 경기76자1919 3 37 229000111 277103405 45 
2020-12-02T15:02:20.685772+09:00 0 0 경기73아3291 3 42 229000111 229001584 56 
2020-12-02T15:03:20.239769+09:00 0 0 경기76자1922 3 39 229000111 229001583 3 
2020-12-02T15:03:20.239833+09:00 0 0 경기76자1916 3 32 229000111 122000614 33 
2020-12-02T15:03:20.239853+09:00 0 0 경기76자1918 3 34 229000111 277103497 19 
2020-12-02T15:03:20.239868+09:00 0 0 경기73아3291 3 42 229000111 229001584 56 
2020-12-02T15:03:20.239885+09:00 0 0 경기76자1917 3 35 229000111 121000013 25 
2020-12-02T15:03:20.239900+09:00 0 0 경기76자1921 3 34 229000111 277103462 9 
2020-12-02T15:03:20.239913+09:00 0 0 경기76자1919 3 37 229000111 277103405 45 
2020-12-02T15:04:19.573936+09:00 0 0 경기76자1916 3 32 229000111 122000614 33 
2020-12-02T15:04:19.573999+09:00 0 0 경기76자1918 3 34 229000111 277103497 19 
2020-12-02T15:04:19.574020+09:00 0 0 경기76자1922 3 39 229000111 229001583 3 
2020-12-02T15:04:19.574040+09:00 0 0 경기76자1917 3 35 229000111 121000013 25 
2020-12-02T15:04:19.574057+09:00 0 0 경기76자1919 3 37 229000111 277103405 45 
2020-12-02T15:04:19.574071+09:00 0 0 경기76자1921 3 34 229000111 277103462 9 
2020-12-02T15:05:19.248047+09:00 0 0 경기76자1916 3 31 229000111 121000012 34 
2020-12-02T15:05:19.248110+09:00 0 0 경기76자1922 3 36 229000111 229000968 4 
2020-12-02T15:05:19.248131+09:00 0 0 경기76자1918 3 34 229000111 277103499 20 
2020-12-02T15:05:19.248147+09:00 0 0 경기76자1921 3 34 229000111 277103462 9 
2020-12-02T15:05:19.248164+09:00 0 0 경기76자1919 3 37 229000111 277103405 45 
2020-12-02T15:05:19.248179+09:00 0 0 경기76자1917 3 35 229000111 121000013 25 
2020-12-02T15:06:19.342411+09:00 0 0 경기76자1918 3 34 229000111 277103499 20 
2020-12-02T15:06:19.342474+09:00 0 0 경기76자1916 3 25 229000111 121000012 34 
2020-12-02T15:06:19.342494+09:00 0 0 경기76자1922 3 36 229000111 229001506 5 
2020-12-02T15:06:19.342510+09:00 0 0 경기76자1919 3 37 229000111 277103405 45 
2020-12-02T15:06:19.342527+09:00 0 0 경기76자1917 3 37 229000111 121000011 26 
2020-12-02T15:06:19.342542+09:00 0 0 경기76자1921 3 34 229000111 277103458 10 
2020-12-02T15:07:18.436367+09:00 0 0 경기76자1918 3 34 229000111 277103499 20 
2020-12-02T15:07:18.436430+09:00 0 0 경기76자1916 3 25 229000111 121000012 34 
2020-12-02T15:07:18.436451+09:00 0 0 경기76자1922 3 36 229000111 229001506 5 
2020-12-02T15:07:18.436468+09:00 0 0 경기76자1921 3 34 229000111 277103458 10 
2020-12-02T15:07:18.436484+09:00 0 0 경기76자1917 3 37 229000111 121000011 26 
2020-12-02T15:07:18.436499+09:00 0 0 경기76자1919 3 37 229000111 277103405 45 
2020-12-02T15:08:18.460450+09:00 0 0 경기76자1918 3 34 229000111 277103499 20 
2020-12-02T15:08:18.460513+09:00 0 0 경기76자1922 3 36 229000111 229001504 6 
2020-12-02T15:08:18.460534+09:00 0 0 경기76자1916 3 25 229000111 121000012 34 
2020-12-02T15:08:18.460550+09:00 0 0 경기76자1921 3 34 229000111 277103458 10 
2020-12-02T15:08:18.460567+09:00 0 0 경기76자1917 3 37 229000111 277102911 27 
2020-12-02T15:08:18.460582+09:00 0 0 경기76자1919 3 37 229000111 277103490 46 
2020-12-02T15:09:17.484574+09:00 0 0 경기76자1918 3 34 229000111 277103499 20 
2020-12-02T15:09:17.484636+09:00 0 0 경기76자1916 3 25 229000111 121000012 34 
2020-12-02T15:09:17.484657+09:00 0 0 경기76자1922 3 35 229000111 229001504 6 
2020-12-02T15:09:17.484674+09:00 0 0 경기76자1919 3 37 229000111 277103490 46 
2020-12-02T15:09:17.484691+09:00 0 0 경기76자1921 3 34 229000111 277103456 11 
2020-12-02T15:09:17.484706+09:00 0 0 경기76자1917 3 37 229000111 121000009 28 
2020-12-02T15:10:17.308640+09:00 0 0 경기76자1918 3 34 229000111 277103501 21 
2020-12-02T15:10:17.308701+09:00 0 0 경기76자1916 3 23 229000111 121000014 35 
2020-12-02T15:10:17.308721+09:00 0 0 경기76자1922 3 35 229000111 229001501 7 
2020-12-02T15:10:17.308738+09:00 0 0 경기76자1917 3 37 229000111 121000009 28 
2020-12-02T15:10:17.308754+09:00 0 0 경기76자1919 3 37 229000111 277103486 47 
2020-12-02T15:10:17.308769+09:00 0 0 경기76자1921 3 34 229000111 277103485 12 
2020-12-02T15:11:17.032849+09:00 0 0 경기76자1916 3 23 229000111 121000014 35 
2020-12-02T15:11:17.032910+09:00 0 0 경기76자1918 3 34 229000111 277103501 21 
2020-12-02T15:11:17.032930+09:00 0 0 경기76자1922 3 35 229000111 229001501 7 
2020-12-02T15:11:17.032949+09:00 0 0 경기76자1917 3 37 229000111 121000009 28 
2020-12-02T15:11:17.032966+09:00 0 0 경기76자1919 3 37 229000111 277103457 48 
2020-12-02T15:11:17.032981+09:00 0 0 경기76자1921 3 34 229000111 277103485 12 
2020-12-02T15:12:17.016998+09:00 0 0 경기76자1922 3 35 229000111 229001501 7 
2020-12-02T15:12:17.017089+09:00 0 0 경기76자1916 3 23 229000111 121000016 36 
2020-12-02T15:12:17.017111+09:00 0 0 경기76자1918 3 34 229000111 277103503 22 
2020-12-02T15:12:17.017127+09:00 0 0 경기76자1919 3 37 229000111 277103457 48 
2020-12-02T15:12:17.017143+09:00 0 0 경기76자1917 3 37 229000111 277101867 29 
2020-12-02T15:12:17.017158+09:00 0 0 경기76자1921 3 34 229000111 277103489 13 
2020-12-02T15:13:16.571077+09:00 0 0 경기76자1922 3 35 229000111 229001501 7 
2020-12-02T15:13:16.571138+09:00 0 0 경기76자1918 3 34 229000111 277103503 22 
2020-12-02T15:13:16.571158+09:00 0 0 경기76자1916 3 22 229000111 121000016 36 
2020-12-02T15:13:16.571174+09:00 0 0 경기76자1919 3 37 229000111 277103457 48 
2020-12-02T15:13:16.571190+09:00 0 0 경기76자1917 3 37 229000111 277101867 29 
2020-12-02T15:13:16.571205+09:00 0 0 경기76자1921 3 34 229000111 277103489 13 
2020-12-02T15:14:16.225238+09:00 0 0 경기76자1922 3 35 229000111 229001501 7 
2020-12-02T15:14:16.225301+09:00 0 0 경기76자1918 3 34 229000111 277103503 22 
2020-12-02T15:14:16.225320+09:00 0 0 경기76자1916 3 22 229000111 121000016 36 
2020-12-02T15:14:16.225339+09:00 0 0 경기76자1919 3 37 229000111 277103459 49 
2020-12-02T15:14:16.225357+09:00 0 0 경기76자1917 3 37 229000111 277101867 29 
2020-12-02T15:14:16.225372+09:00 0 0 경기76자1921 3 34 229000111 277103428 14 
2020-12-02T15:15:15.709350+09:00 0 0 경기76자1918 3 34 229000111 277103503 22 
2020-12-02T15:15:15.709413+09:00 0 0 경기76자1916 3 22 229000111 121000016 36 
2020-12-02T15:15:15.709434+09:00 0 0 경기76자1922 3 35 229000111 277103481 8 
2020-12-02T15:15:15.709451+09:00 0 0 경기76자1917 3 40 229000111 121000005 30 
2020-12-02T15:15:15.709467+09:00 0 0 경기76자1919 3 37 229000111 277103459 49 
2020-12-02T15:15:15.709482+09:00 0 0 경기76자1921 3 34 229000111 277103428 14 
2020-12-02T15:16:15.483423+09:00 0 0 경기76자1918 3 34 229000111 277103503 22 
2020-12-02T15:16:15.483495+09:00 0 0 경기76자1922 3 35 229000111 277103481 8 
2020-12-02T15:16:15.483514+09:00 0 0 경기76자1916 3 22 229000111 277103400 37 
2020-12-02T15:16:15.483530+09:00 0 0 경기76자1919 3 37 229000111 277103459 49 
2020-12-02T15:16:15.483545+09:00 0 0 경기76자1921 3 34 229000111 277103428 14 
2020-12-02T15:16:15.483559+09:00 0 0 경기76자1917 3 40 229000111 121000005 30 
2020-12-02T15:17:15.287608+09:00 0 0 경기76자1916 3 22 229000111 277103400 37 
2020-12-02T15:17:15.287671+09:00 0 0 경기76자1918 3 34 229000111 277103503 22 
2020-12-02T15:17:15.287691+09:00 0 0 경기76자1922 3 35 229000111 277103481 8 
2020-12-02T15:17:15.287706+09:00 0 0 경기76자1921 3 34 229000111 277103428 14 
2020-12-02T15:17:15.287723+09:00 0 0 경기76자1917 3 40 229000111 121000005 30 
2020-12-02T15:17:15.287737+09:00 0 0 경기76자1919 3 37 229000111 277103463 50 
2020-12-02T15:18:14.981693+09:00 0 0 경기76자1922 3 35 229000111 277103481 8 
2020-12-02T15:18:14.981754+09:00 0 0 경기76자1918 3 34 229000111 277103399 23 
2020-12-02T15:18:14.981774+09:00 0 0 경기76자1916 3 22 229000111 277103400 37 
2020-12-02T15:18:14.981790+09:00 0 0 경기76자1917 3 40 229000111 121000005 30 
2020-12-02T15:18:14.981806+09:00 0 0 경기76자1919 3 37 229000111 277103463 50 
2020-12-02T15:18:14.981821+09:00 0 0 경기76자1921 3 34 229000111 277103428 14 
2020-12-02T15:19:14.925906+09:00 0 0 경기76자1922 3 35 229000111 277103481 8 
2020-12-02T15:19:14.925971+09:00 0 0 경기76자1918 3 34 229000111 277103399 23 
2020-12-02T15:19:14.925992+09:00 0 0 경기76자1916 3 22 229000111 277103400 37 
2020-12-02T15:19:14.926008+09:00 0 0 경기76자1919 3 37 229000111 277103463 50 
2020-12-02T15:19:14.926025+09:00 0 0 경기76자1921 3 34 229000111 277103426 15 
2020-12-02T15:19:14.926040+09:00 0 0 경기76자1917 3 40 229000111 121000005 30 
2020-12-02T15:20:13.609847+09:00 0 0 경기76자1922 3 35 229000111 277103481 8 
2020-12-02T15:20:13.609910+09:00 0 0 경기76자1916 3 22 229000111 277103400 37 
2020-12-02T15:20:13.609930+09:00 0 0 경기76자1918 3 34 229000111 277103399 23 
2020-12-02T15:20:13.609946+09:00 0 0 경기76자1919 3 37 229000111 277103463 50 
2020-12-02T15:20:13.609963+09:00 0 0 경기76자1917 3 41 229000111 121000194 31 
2020-12-02T15:20:13.609978+09:00 0 0 경기76자1921 3 34 229000111 277103426 15 
2020-12-02T15:21:13.333983+09:00 0 0 경기76자1916 3 22 229000111 277103400 37 
2020-12-02T15:21:13.334045+09:00 0 0 경기76자1922 3 35 229000111 277103462 9 
2020-12-02T15:21:13.334065+09:00 0 0 경기76자1918 3 35 229000111 121000015 24 
2020-12-02T15:21:13.334081+09:00 0 0 경기76자1917 3 41 229000111 121000194 31 
2020-12-02T15:21:13.334097+09:00 0 0 경기76자1915 3 41 229000111 229001583 3 
2020-12-02T15:21:13.334111+09:00 0 0 경기76자1921 3 34 229000111 277103426 15 
2020-12-02T15:21:13.334125+09:00 0 0 경기76자1919 3 37 229000111 277103463 50 
2020-12-02T15:22:13.018137+09:00 0 0 경기76자1922 3 35 229000111 277103462 9 
2020-12-02T15:22:13.018205+09:00 0 0 경기76자1918 3 35 229000111 121000015 24 
2020-12-02T15:22:13.018225+09:00 0 0 경기76자1916 3 22 229000111 277103393 38 
2020-12-02T15:22:13.018241+09:00 0 0 경기76자1917 3 41 229000111 121000194 31 
2020-12-02T15:22:13.018257+09:00 0 0 경기76자1921 3 34 229000111 277103426 15 
2020-12-02T15:22:13.018272+09:00 0 0 경기76자1915 3 41 229000111 229001583 3 
2020-12-02T15:22:13.018286+09:00 0 0 경기76자1919 3 37 229000111 277103482 51 
2020-12-02T15:23:13.012225+09:00 0 0 경기76자1922 3 35 229000111 277103462 9 
2020-12-02T15:23:13.012287+09:00 0 0 경기76자1916 3 22 229000111 277103393 38 
2020-12-02T15:23:13.012307+09:00 0 0 경기76자1918 3 35 229000111 121000015 24 
2020-12-02T15:23:13.012322+09:00 0 0 경기76자1917 3 41 229000111 121000194 31 
2020-12-02T15:23:13.012338+09:00 0 0 경기76자1921 3 34 229000111 277103426 15 
2020-12-02T15:23:13.012353+09:00 0 0 경기76자1915 3 41 229000111 229001583 3 
2020-12-02T15:23:13.012367+09:00 0 0 경기76자1919 3 37 229000111 277103482 51 
2020-12-02T15:24:12.686377+09:00 0 0 경기76자1918 3 35 229000111 121000015 24 
2020-12-02T15:24:12.686439+09:00 0 0 경기76자1922 3 35 229000111 277103458 10 
2020-12-02T15:24:12.686459+09:00 0 0 경기76자1916 3 22 229000111 277103395 39 
2020-12-02T15:24:12.686474+09:00 0 0 경기76자1917 3 41 229000111 121000194 31 
2020-12-02T15:24:12.686490+09:00 0 0 경기76자1921 3 34 229000111 277103491 16 
2020-12-02T15:24:12.686505+09:00 0 0 경기76자1919 3 37 229000111 277103482 51 
2020-12-02T15:24:12.686519+09:00 0 0 경기76자1915 3 39 229000111 229000968 4 
2020-12-02T15:25:12.510468+09:00 0 0 경기76자1922 3 35 229000111 277103458 10 
2020-12-02T15:25:12.510531+09:00 0 0 경기76자1916 3 22 229000111 277103395 39 
2020-12-02T15:25:12.510551+09:00 0 0 경기76자1918 3 35 229000111 121000013 25 
2020-12-02T15:25:12.510568+09:00 0 0 경기76자1919 3 37 229000111 277103482 51 
2020-12-02T15:25:12.510585+09:00 0 0 경기76자1915 3 39 229000111 229000968 4 
2020-12-02T15:25:12.510599+09:00 0 0 경기76자1917 3 41 229000111 121000194 31 
2020-12-02T15:25:12.510614+09:00 0 0 경기76자1921 3 34 229000111 277103493 17 
2020-12-02T15:26:12.474693+09:00 0 0 경기76자1916 3 22 229000111 277103395 39 
2020-12-02T15:26:12.474756+09:00 0 0 경기76자1918 3 35 229000111 121000013 25 
2020-12-02T15:26:12.474776+09:00 0 0 경기76자1922 3 35 229000111 277103458 10 
2020-12-02T15:26:12.474792+09:00 0 0 경기76자1919 3 37 229000111 277103482 51 
2020-12-02T15:26:12.474808+09:00 0 0 경기76자1915 3 39 229000111 229001506 5 
2020-12-02T15:26:12.474822+09:00 0 0 경기76자1921 3 34 229000111 277103495 18 
2020-12-02T15:26:12.474836+09:00 0 0 경기76자1917 3 39 229000111 121000008 32 
2020-12-02T15:27:11.068688+09:00 0 0 경기76자1916 3 22 229000111 277103397 40 
2020-12-02T15:27:11.068751+09:00 0 0 경기76자1918 3 35 229000111 121000013 25 
2020-12-02T15:27:11.068771+09:00 0 0 경기76자1922 3 35 229000111 277103456 11 
2020-12-02T15:27:11.068787+09:00 0 0 경기76자1919 3 37 229000111 277103482 51 
2020-12-02T15:27:11.068804+09:00 0 0 경기76자1915 3 38 229000111 229001504 6 
2020-12-02T15:27:11.068818+09:00 0 0 경기76자1917 3 39 229000111 122000614 33 
2020-12-02T15:27:11.068833+09:00 0 0 경기76자1921 3 34 229000111 277103497 19 
2020-12-02T15:28:10.972830+09:00 0 0 경기76자1918 3 35 229000111 121000013 25 
2020-12-02T15:28:10.972893+09:00 0 0 경기76자1916 3 22 229000111 277103408 41 
2020-12-02T15:28:10.972916+09:00 0 0 경기76자1922 3 35 229000111 277103485 12 
2020-12-02T15:28:10.972936+09:00 0 0 경기76자1915 3 38 229000111 229001504 6 
2020-12-02T15:28:10.972956+09:00 0 0 경기76자1917 3 39 229000111 122000614 33 
2020-12-02T15:28:10.972973+09:00 0 0 경기76자1919 3 37 229000111 277103482 51 
2020-12-02T15:28:10.972990+09:00 0 0 경기76자1921 3 34 229000111 277103497 19 
2020-12-02T15:29:09.956871+09:00 0 0 경기76자1916 3 22 229000111 277103408 41 
2020-12-02T15:29:09.956934+09:00 0 0 경기76자1922 3 35 229000111 277103485 12 
2020-12-02T15:29:09.956955+09:00 0 0 경기76자1918 3 40 229000111 121000011 26 
2020-12-02T15:29:09.956971+09:00 0 0 경기76자1915 3 38 229000111 229001504 6 
2020-12-02T15:29:09.956987+09:00 0 0 경기76자1921 3 34 229000111 277103497 19 
2020-12-02T15:29:09.957002+09:00 0 0 경기76자1919 3 38 229000111 229001502 52 
2020-12-02T15:29:09.957015+09:00 0 0 경기76자1917 3 33 229000111 122000614 33 
2020-12-02T15:30:10.021123+09:00 0 0 경기76자1918 3 40 229000111 277102911 27 
2020-12-02T15:30:10.021185+09:00 0 0 경기76자1922 3 35 229000111 277103489 13 
2020-12-02T15:30:10.021204+09:00 0 0 경기76자1916 3 22 229000111 277100138 42 
2020-12-02T15:30:10.021219+09:00 0 0 경기76자1919 3 38 229000111 229001502 52 
2020-12-02T15:30:10.021235+09:00 0 0 경기76자1921 3 34 229000111 277103497 19 
2020-12-02T15:30:10.021249+09:00 0 0 경기76자1915 3 38 229000111 229001504 6 
2020-12-02T15:30:10.021263+09:00 0 0 경기76자1917 3 33 229000111 121000012 34 
2020-12-02T15:31:08.915326+09:00 0 0 경기76자1918 3 40 229000111 277102911 27 
2020-12-02T15:31:08.915390+09:00 0 0 경기76자1922 3 35 229000111 277103489 13 
2020-12-02T15:31:08.915411+09:00 0 0 경기76자1916 3 22 229000111 277100138 42 
2020-12-02T15:31:08.915426+09:00 0 0 경기76자1917 3 33 229000111 121000012 34 
2020-12-02T15:31:08.915442+09:00 0 0 경기76자1915 3 36 229000111 229001501 7 
2020-12-02T15:31:08.915457+09:00 0 0 경기76자1921 3 34 229000111 277103499 20 
2020-12-02T15:31:08.915471+09:00 0 0 경기76자1919 3 39 229000111 229001503 53 
2020-12-02T15:32:08.999255+09:00 0 0 경기76자1916 3 22 229000111 277103411 43 
2020-12-02T15:32:08.999319+09:00 0 0 경기76자1918 3 40 229000111 121000009 28 
2020-12-02T15:32:08.999340+09:00 0 0 경기76자1922 3 35 229000111 277103428 14 
2020-12-02T15:32:08.999356+09:00 0 0 경기76자1921 3 34 229000111 277103499 20 
2020-12-02T15:32:08.999372+09:00 0 0 경기76자1915 3 36 229000111 229001501 7 
2020-12-02T15:32:08.999387+09:00 0 0 경기76자1917 3 32 229000111 121000012 34 
2020-12-02T15:32:08.999401+09:00 0 0 경기76자1919 3 39 229000111 229001503 53 
2020-12-02T15:33:07.793343+09:00 0 0 경기76자1916 3 22 229000111 277103407 44 
2020-12-02T15:33:07.793406+09:00 0 0 경기76자1922 3 35 229000111 277103428 14 
2020-12-02T15:33:07.793425+09:00 0 0 경기76자1918 3 41 229000111 277101867 29 
2020-12-02T15:33:07.793442+09:00 0 0 경기76자1917 3 32 229000111 121000014 35 
2020-12-02T15:33:07.793458+09:00 0 0 경기76자1915 3 36 229000111 229001501 7 
2020-12-02T15:33:07.793472+09:00 0 0 경기76자1921 3 34 229000111 277103499 20 
2020-12-02T15:33:07.793486+09:00 0 0 경기76자1919 3 39 229000111 229001505 54 
2020-12-02T15:34:07.685545+09:00 0 0 경기76자1922 3 35 229000111 277103428 14 
2020-12-02T15:34:07.685611+09:00 0 0 경기76자1916 3 22 229000111 277103405 45 
2020-12-02T15:34:07.685631+09:00 0 0 경기76자1918 3 41 229000111 121000005 30 
2020-12-02T15:34:07.685647+09:00 0 0 경기76자1921 3 34 229000111 277103499 20 
2020-12-02T15:34:07.685663+09:00 0 0 경기76자1915 3 36 229000111 229001501 7 
2020-12-02T15:34:07.685678+09:00 0 0 경기76자1919 3 39 229000111 229001505 54 
2020-12-02T15:34:07.685691+09:00 0 0 경기76자1917 3 31 229000111 121000014 35 
2020-12-02T15:35:07.441580+09:00 0 0 경기76자1922 3 35 229000111 277103428 14 
2020-12-02T15:35:07.441643+09:00 0 0 경기76자1918 3 41 229000111 121000005 30 
2020-12-02T15:35:07.441663+09:00 0 0 경기76자1916 3 22 229000111 277103405 45 
2020-12-02T15:35:07.441680+09:00 0 0 경기76자1917 3 31 229000111 121000014 35 
2020-12-02T15:35:07.441697+09:00 0 0 경기76자1915 3 36 229000111 277103481 8 
2020-12-02T15:35:07.441712+09:00 0 0 경기76자1921 3 34 229000111 277103501 21 
2020-12-02T15:35:07.441726+09:00 0 0 경기76자1919 3 40 229000111 229000979 55 
2020-12-02T15:36:07.155780+09:00 0 0 경기76자1922 3 35 229000111 277103428 14 
2020-12-02T15:36:07.155845+09:00 0 0 경기76자1918 3 41 229000111 121000005 30 
2020-12-02T15:36:07.155865+09:00 0 0 경기76자1916 3 22 229000111 277103405 45 
2020-12-02T15:36:07.155881+09:00 0 0 경기76자1919 3 40 229000111 229000979 55 
2020-12-02T15:36:07.155898+09:00 0 0 경기76자1915 3 36 229000111 277103481 8 
2020-12-02T15:36:07.155912+09:00 0 0 경기76자1917 3 31 229000111 121000014 35 
2020-12-02T15:36:07.155926+09:00 0 0 경기76자1921 3 34 229000111 277103501 21 
2020-12-02T15:37:06.759885+09:00 0 0 경기76자1922 3 35 229000111 277103428 14 
2020-12-02T15:37:06.759963+09:00 0 0 경기76자1918 3 41 229000111 121000005 30 
2020-12-02T15:37:06.759986+09:00 0 0 경기76자1916 3 22 229000111 277103405 45 
2020-12-02T15:37:06.760002+09:00 0 0 경기76자1919 3 40 229000111 229000979 55 
2020-12-02T15:37:06.760019+09:00 0 0 경기76자1917 3 31 229000111 121000016 36 
2020-12-02T15:37:06.760034+09:00 0 0 경기76자1915 3 36 229000111 277103481 8 
2020-12-02T15:37:06.760047+09:00 0 0 경기76자1921 3 34 229000111 277103503 22 
2020-12-02T15:38:06.264001+09:00 0 0 경기76자1918 3 41 229000111 121000005 30 
2020-12-02T15:38:06.264064+09:00 0 0 경기76자1916 3 22 229000111 277103405 45 
2020-12-02T15:38:06.264084+09:00 0 0 경기76자1922 3 35 229000111 277103428 14 
2020-12-02T15:38:06.264100+09:00 0 0 경기76자1919 3 40 229000111 229000979 55 
2020-12-02T15:38:06.264117+09:00 0 0 경기76자1917 3 31 229000111 121000016 36 
2020-12-02T15:38:06.264143+09:00 0 0 경기76자1915 3 36 229000111 277103481 8 
2020-12-02T15:38:06.264157+09:00 0 0 경기76자1921 3 34 229000111 277103503 22 
2020-12-02T15:39:06.298176+09:00 0 0 경기76자1916 3 22 229000111 277103405 45 
2020-12-02T15:39:06.298240+09:00 0 0 경기76자1922 3 35 229000111 277103428 14 
2020-12-02T15:39:06.298261+09:00 0 0 경기76자1918 3 41 229000111 121000005 30 
2020-12-02T15:39:06.298277+09:00 0 0 경기76자1917 3 31 229000111 121000016 36 
2020-12-02T15:39:06.298293+09:00 0 0 경기76자1915 3 36 229000111 277103481 8 
2020-12-02T15:39:06.298308+09:00 0 0 경기76자1921 3 34 229000111 277103503 22 
2020-12-02T15:39:06.298322+09:00 0 0 경기76자1919 3 40 229000111 229000979 55 
2020-12-02T15:40:05.152109+09:00 0 0 경기76자1922 3 35 229000111 277103426 15 
2020-12-02T15:40:05.152174+09:00 0 0 경기76자1916 3 22 229000111 277103405 45 
2020-12-02T15:40:05.152195+09:00 0 0 경기76자1918 3 40 229000111 121000194 31 
2020-12-02T15:40:05.152210+09:00 0 0 경기76자1915 3 36 229000111 277103481 8 
2020-12-02T15:40:05.152227+09:00 0 0 경기76자1921 3 34 229000111 277103503 22 
2020-12-02T15:40:05.152242+09:00 0 0 경기76자1919 3 40 229000111 229001584 56 
2020-12-02T15:40:05.152256+09:00 0 0 경기76자1917 3 31 229000111 121000016 36 
2020-12-02T15:41:04.636295+09:00 0 0 경기76자1918 3 40 229000111 121000194 31 
2020-12-02T15:41:04.636357+09:00 0 0 경기76자1916 3 22 229000111 277103405 45 
2020-12-02T15:41:04.636379+09:00 0 0 경기76자1922 3 35 229000111 277103426 15 
2020-12-02T15:41:04.636397+09:00 0 0 경기76자1921 3 34 229000111 277103503 22 
2020-12-02T15:41:04.636416+09:00 0 0 경기76자1919 3 41 229000111 229001584 56 
2020-12-02T15:41:04.636432+09:00 0 0 경기76자1917 3 31 229000111 277103400 37 
2020-12-02T15:41:04.636447+09:00 0 0 경기76자1983 4 72 229000111 277102444 2 
2020-12-02T15:41:04.636463+09:00 0 0 경기76자1915 3 36 229000111 277103462 9 
2020-12-02T15:42:04.340402+09:00 0 0 경기76자1918 3 40 229000111 121000194 31 
2020-12-02T15:42:04.340465+09:00 0 0 경기76자1916 3 22 229000111 277103405 45 
2020-12-02T15:42:04.340485+09:00 0 0 경기76자1922 3 35 229000111 277103426 15 
2020-12-02T15:42:04.340502+09:00 0 0 경기76자1917 3 31 229000111 277103400 37 
2020-12-02T15:42:04.340519+09:00 0 0 경기76자1915 3 36 229000111 277103462 9 
2020-12-02T15:42:04.340535+09:00 0 0 경기76자1983 4 72 229000111 229001583 3 
2020-12-02T15:42:04.340549+09:00 0 0 경기76자1921 3 34 229000111 277103503 22 
2020-12-02T15:43:04.105247+09:00 0 0 경기76자1918 3 40 229000111 121000194 31 
2020-12-02T15:43:04.105310+09:00 0 0 경기76자1922 3 35 229000111 277103426 15 
2020-12-02T15:43:04.105330+09:00 0 0 경기76자1916 3 22 229000111 277103405 45 
2020-12-02T15:43:04.105346+09:00 0 0 경기76자1983 4 72 229000111 229001583 3 
2020-12-02T15:43:04.105361+09:00 0 0 경기76자1917 3 31 229000111 277103400 37 
2020-12-02T15:43:04.105377+09:00 0 0 경기76자1915 3 36 229000111 277103462 9 
2020-12-02T15:43:04.105390+09:00 0 0 경기76자1921 3 34 229000111 277103503 22 
2020-12-02T15:44:03.878630+09:00 0 0 경기76자1918 3 40 229000111 121000194 31 
2020-12-02T15:44:03.878693+09:00 0 0 경기76자1916 3 22 229000111 277103405 45 
2020-12-02T15:44:03.878713+09:00 0 0 경기76자1922 3 35 229000111 277103491 16 
2020-12-02T15:44:03.878729+09:00 0 0 경기76자1983 4 72 229000111 229001583 3 
2020-12-02T15:44:03.878744+09:00 0 0 경기76자1915 3 36 229000111 277103458 10 
2020-12-02T15:44:03.878759+09:00 0 0 경기76자1917 3 31 229000111 277103400 37 
2020-12-02T15:44:03.878773+09:00 0 0 경기76자1921 3 34 229000111 277103399 23 
2020-12-02T15:45:03.732808+09:00 0 0 경기76자1918 3 40 229000111 121000194 31 
2020-12-02T15:45:03.732871+09:00 0 0 경기76자1922 3 35 229000111 277103491 16 
2020-12-02T15:45:03.732892+09:00 0 0 경기76자1916 3 22 229000111 277103405 45 
2020-12-02T15:45:03.732908+09:00 0 0 경기76자1983 4 72 229000111 229001583 3 
2020-12-02T15:45:03.732924+09:00 0 0 경기76자1915 3 36 229000111 277103458 10 
2020-12-02T15:45:03.732938+09:00 0 0 경기76자1921 3 34 229000111 277103399 23 
2020-12-02T15:45:03.732952+09:00 0 0 경기76자1917 3 31 229000111 277103400 37 
2020-12-02T15:46:03.517190+09:00 0 0 경기76자1918 3 40 229000111 121000194 31 
2020-12-02T15:46:03.517282+09:00 0 0 경기76자1916 3 22 229000111 277103405 45 
2020-12-02T15:46:03.517304+09:00 0 0 경기76자1922 3 35 229000111 277103493 17 
2020-12-02T15:46:03.517320+09:00 0 0 경기76자1915 3 36 229000111 277103458 10 
2020-12-02T15:46:03.517337+09:00 0 0 경기76자1983 4 72 229000111 229000968 4 
2020-12-02T15:46:03.517352+09:00 0 0 경기76자1917 3 31 229000111 277103400 37 
2020-12-02T15:46:03.517366+09:00 0 0 경기76자1921 3 35 229000111 121000015 24 
2020-12-02T15:47:03.221095+09:00 0 0 경기76자1918 3 40 229000111 121000194 31 
2020-12-02T15:47:03.221158+09:00 0 0 경기76자1922 3 35 229000111 277103495 18 
2020-12-02T15:47:03.221178+09:00 0 0 경기76자1916 3 22 229000111 277103405 45 
2020-12-02T15:47:03.221194+09:00 0 0 경기76자1983 4 72 229000111 229000968 4 
2020-12-02T15:47:03.221210+09:00 0 0 경기76자1921 3 35 229000111 121000015 24 
2020-12-02T15:47:03.221225+09:00 0 0 경기76자1917 3 31 229000111 277103400 37 
2020-12-02T15:47:03.221239+09:00 0 0 경기76자1915 3 36 229000111 277103456 11 
2020-12-02T15:48:03.106723+09:00 0 0 경기76자1918 3 40 229000111 121000194 31 
2020-12-02T15:48:03.106786+09:00 0 0 경기76자1916 3 22 229000111 277103490 46 
2020-12-02T15:48:03.106805+09:00 0 0 경기76자1922 3 35 229000111 277103497 19 
2020-12-02T15:48:03.106820+09:00 0 0 경기76자1921 3 35 229000111 121000015 24 
2020-12-02T15:48:03.106836+09:00 0 0 경기76자1917 3 31 229000111 277103393 38 
2020-12-02T15:48:03.106850+09:00 0 0 경기76자1983 4 72 229000111 229001506 5 
2020-12-02T15:48:03.106864+09:00 0 0 경기76자1915 3 36 229000111 277103485 12 
2020-12-02T15:49:02.909383+09:00 0 0 경기76자1922 3 35 229000111 277103499 20 
2020-12-02T15:49:02.909451+09:00 0 0 경기76자1918 3 40 229000111 121000194 31 
2020-12-02T15:49:02.909473+09:00 0 0 경기76자1916 3 22 229000111 277103486 47 
2020-12-02T15:49:02.909491+09:00 0 0 경기76자1921 3 35 229000111 121000015 24 
2020-12-02T15:49:02.909510+09:00 0 0 경기76자1917 3 31 229000111 277103393 38 
2020-12-02T15:49:02.909527+09:00 0 0 경기76자1983 4 72 229000111 229001504 6 
2020-12-02T15:49:02.909542+09:00 0 0 경기76자1915 3 36 229000111 277103485 12 
2020-12-02T15:50:02.533529+09:00 0 0 경기76자1922 3 35 229000111 277103499 20 
2020-12-02T15:50:02.533593+09:00 0 0 경기76자1916 3 22 229000111 277103486 47 
2020-12-02T15:50:02.533613+09:00 0 0 경기76자1918 3 39 229000111 121000008 32 
2020-12-02T15:50:02.533628+09:00 0 0 경기76자1983 4 72 229000111 229001504 6 
2020-12-02T15:50:02.533645+09:00 0 0 경기76자1915 3 36 229000111 277103489 13 
2020-12-02T15:50:02.533660+09:00 0 0 경기76자1921 3 35 229000111 121000013 25 
2020-12-02T15:50:02.533674+09:00 0 0 경기76자1917 3 31 229000111 277103395 39 
2020-12-02T15:51:02.297288+09:00 0 0 경기76자1918 3 39 229000111 122000614 33 
2020-12-02T15:51:02.297350+09:00 0 0 경기76자1922 3 35 229000111 277103501 21 
2020-12-02T15:51:02.297371+09:00 0 0 경기76자1916 3 22 229000111 277103457 48 
2020-12-02T15:51:02.297387+09:00 0 0 경기76자1983 4 72 229000111 229001504 6 
2020-12-02T15:51:02.297403+09:00 0 0 경기76자1921 3 36 229000111 121000013 25 
2020-12-02T15:51:02.297418+09:00 0 0 경기76자1917 3 31 229000111 277103395 39 
2020-12-02T15:51:02.297432+09:00 0 0 경기76자1915 3 36 229000111 277103489 13 
2020-12-02T15:52:01.871312+09:00 0 0 경기76자1918 3 39 229000111 122000614 33 
2020-12-02T15:52:01.871375+09:00 0 0 경기76자1916 3 22 229000111 277103457 48 
2020-12-02T15:52:01.871395+09:00 0 0 경기76자1922 3 35 229000111 277103503 22 
2020-12-02T15:52:01.871412+09:00 0 0 경기76자1983 4 72 229000111 229001504 6 
2020-12-02T15:52:01.871428+09:00 0 0 경기76자1921 3 36 229000111 121000011 26 
2020-12-02T15:52:01.871443+09:00 0 0 경기76자1915 3 36 229000111 277103428 14 
2020-12-02T15:52:01.871457+09:00 0 0 경기76자1917 3 31 229000111 277103397 40 
2020-12-02T15:53:01.865401+09:00 0 0 경기76자1916 3 22 229000111 277103457 48 
2020-12-02T15:53:01.865464+09:00 0 0 경기76자1922 3 35 229000111 277103503 22 
2020-12-02T15:53:01.865494+09:00 0 0 경기76자1918 3 36 229000111 122000614 33 
2020-12-02T15:53:01.865516+09:00 0 0 경기76자1915 3 36 229000111 277103428 14 
2020-12-02T15:53:01.865532+09:00 0 0 경기76자1917 3 31 229000111 277103397 40 
2020-12-02T15:53:01.865546+09:00 0 0 경기76자1983 4 72 229000111 229001501 7 
2020-12-02T15:53:01.865560+09:00 0 0 경기76자1921 3 37 229000111 121000011 26 
2020-12-02T15:54:01.509414+09:00 0 0 경기76자1922 3 35 229000111 277103503 22 
2020-12-02T15:54:01.509476+09:00 0 0 경기76자1918 3 36 229000111 121000012 34 
2020-12-02T15:54:01.509496+09:00 0 0 경기76자1916 3 22 229000111 277103459 49 
2020-12-02T15:54:01.509511+09:00 0 0 경기76자1915 3 36 229000111 277103428 14 
2020-12-02T15:54:01.509527+09:00 0 0 경기76자1983 4 70 229000111 229001501 7 
2020-12-02T15:54:01.509542+09:00 0 0 경기76자1921 3 38 229000111 277102911 27 
2020-12-02T15:54:01.509555+09:00 0 0 경기76자1917 3 31 229000111 277103408 41 
2020-12-02T15:55:01.193447+09:00 0 0 경기76자1922 3 35 229000111 277103503 22 
2020-12-02T15:55:01.193510+09:00 0 0 경기76자1918 3 36 229000111 121000012 34 
2020-12-02T15:55:01.193530+09:00 0 0 경기76자1916 3 22 229000111 277103459 49 
2020-12-02T15:55:01.193546+09:00 0 0 경기76자1915 3 36 229000111 277103428 14 
2020-12-02T15:55:01.193563+09:00 0 0 경기76자1983 4 70 229000111 229001501 7 
2020-12-02T15:55:01.193578+09:00 0 0 경기76자1921 3 39 229000111 121000009 28 
2020-12-02T15:55:01.193591+09:00 0 0 경기76자1917 3 31 229000111 277103408 41 
2020-12-02T15:56:00.967566+09:00 0 0 경기76자1922 3 35 229000111 277103503 22 
2020-12-02T15:56:00.967631+09:00 0 0 경기76자1916 3 22 229000111 277103459 49 
2020-12-02T15:56:00.967652+09:00 0 0 경기76자1918 3 36 229000111 121000012 34 
2020-12-02T15:56:00.967668+09:00 0 0 경기76자1915 3 36 229000111 277103428 14 
2020-12-02T15:56:00.967684+09:00 0 0 경기76자1917 3 31 229000111 277103408 41 
2020-12-02T15:56:00.967699+09:00 0 0 경기76자1983 4 70 229000111 229001501 7 
2020-12-02T15:56:00.967713+09:00 0 0 경기76자1921 3 39 229000111 121000009 28 
2020-12-02T15:57:00.711569+09:00 0 0 경기76자1916 3 22 229000111 277103463 50 
2020-12-02T15:57:00.711634+09:00 0 0 경기76자1922 3 35 229000111 277103503 22 
2020-12-02T15:57:00.711654+09:00 0 0 경기76자1918 3 34 229000111 121000014 35 
2020-12-02T15:57:00.711670+09:00 0 0 경기76자1915 3 36 229000111 277103428 14 
2020-12-02T15:57:00.711686+09:00 0 0 경기76자1983 4 70 229000111 229001501 7 
2020-12-02T15:57:00.711700+09:00 0 0 경기76자1921 3 39 229000111 277101867 29 
2020-12-02T15:57:00.711714+09:00 0 0 경기76자1917 3 31 229000111 277100138 42 
2020-12-02T15:58:00.575620+09:00 0 0 경기76자1916 3 22 229000111 277103463 50 
2020-12-02T15:58:00.575678+09:00 0 0 경기76자1918 3 34 229000111 121000014 35 
2020-12-02T15:58:00.575698+09:00 0 0 경기76자1922 3 35 229000111 277103399 23 
2020-12-02T15:58:00.575714+09:00 0 0 경기76자1915 3 36 229000111 277103428 14 
2020-12-02T15:58:00.575730+09:00 0 0 경기76자1921 3 39 229000111 277101867 29 
2020-12-02T15:58:00.575745+09:00 0 0 경기76자1917 3 31 229000111 277103411 43 
2020-12-02T15:58:00.575758+09:00 0 0 경기76자1983 4 70 229000111 277103481 8 
2020-12-02T15:59:00.479735+09:00 0 0 경기76자1916 3 22 229000111 277103463 50 
2020-12-02T15:59:00.479798+09:00 0 0 경기76자1922 3 35 229000111 121000015 24 
2020-12-02T15:59:00.479818+09:00 0 0 경기76자1918 3 34 229000111 121000016 36 
2020-12-02T15:59:00.479834+09:00 0 0 경기76자1921 3 39 229000111 277101867 29 
2020-12-02T15:59:00.479851+09:00 0 0 경기76자1983 4 70 229000111 277103481 8 
2020-12-02T15:59:00.479865+09:00 0 0 경기76자1915 3 36 229000111 277103428 14 
2020-12-02T15:59:00.479879+09:00 0 0 경기76자1917 3 31 229000111 277103407 44 
2020-12-02T16:00:00.273673+09:00 0 0 경기76자1916 3 22 229000111 277103463 50 
2020-12-02T16:00:00.273734+09:00 0 0 경기76자1922 3 35 229000111 121000015 24 
2020-12-02T16:00:00.273754+09:00 0 0 경기76자1918 3 34 229000111 121000016 36 
2020-12-02T16:00:00.273770+09:00 0 0 경기76자1917 3 31 229000111 277103407 44 
2020-12-02T16:00:00.273789+09:00 0 0 경기76자1921 3 39 229000111 121000005 30 
2020-12-02T16:00:00.273807+09:00 0 0 경기76자1915 3 36 229000111 277103428 14 
2020-12-02T16:00:00.273821+09:00 0 0 경기76자1983 4 70 229000111 277103481 8 
2020-12-02T16:00:59.837730+09:00 0 0 경기76자1918 3 34 229000111 121000016 36 
2020-12-02T16:00:59.837791+09:00 0 0 경기76자1920 3 39 229000111 277102444 2 
2020-12-02T16:00:59.837812+09:00 0 0 경기76자1916 3 22 229000111 277103463 50 
2020-12-02T16:00:59.837828+09:00 0 0 경기76자1922 3 35 229000111 121000015 24 
2020-12-02T16:00:59.837844+09:00 0 0 경기76자1983 4 70 229000111 277103481 8 
2020-12-02T16:00:59.837859+09:00 0 0 경기76자1917 3 31 229000111 277103405 45 
2020-12-02T16:00:59.837873+09:00 0 0 경기76자1915 3 36 229000111 277103426 15 
2020-12-02T16:00:59.837886+09:00 0 0 경기76자1921 3 39 229000111 121000005 30 
2020-12-02T16:01:59.591823+09:00 0 0 경기76자1916 3 22 229000111 277103463 50 
2020-12-02T16:01:59.591883+09:00 0 0 경기76자1918 3 34 229000111 121000016 36 
2020-12-02T16:01:59.591903+09:00 0 0 경기76자1920 3 39 229000111 229001583 3 
2020-12-02T16:01:59.591919+09:00 0 0 경기76자1922 3 35 229000111 121000013 25 
2020-12-02T16:01:59.591935+09:00 0 0 경기76자1917 3 31 229000111 277103405 45 
2020-12-02T16:01:59.591950+09:00 0 0 경기76자1983 4 70 229000111 277103481 8 
2020-12-02T16:01:59.591963+09:00 0 0 경기76자1921 3 39 229000111 121000005 30 
2020-12-02T16:01:59.591977+09:00 0 0 경기76자1915 3 36 229000111 277103426 15 
2020-12-02T16:02:59.215911+09:00 0 0 경기76자1920 3 39 229000111 229001583 3 
2020-12-02T16:02:59.215973+09:00 0 0 경기76자1922 3 35 229000111 121000013 25 
2020-12-02T16:02:59.215993+09:00 0 0 경기76자1918 3 34 229000111 277103400 37 
2020-12-02T16:02:59.216008+09:00 0 0 경기76자1916 3 22 229000111 277103482 51 
2020-12-02T16:02:59.216024+09:00 0 0 경기76자1983 4 70 229000111 277103481 8 
2020-12-02T16:02:59.216038+09:00 0 0 경기76자1915 3 36 229000111 277103426 15 
2020-12-02T16:02:59.216052+09:00 0 0 경기76자1921 3 39 229000111 121000005 30 
2020-12-02T16:02:59.216065+09:00 0 0 경기76자1917 3 31 229000111 277103405 45 
2020-12-02T16:03:59.070226+09:00 0 0 경기76자1916 3 22 229000111 277103482 51 
2020-12-02T16:03:59.070287+09:00 0 0 경기76자1918 3 34 229000111 277103400 37 
2020-12-02T16:03:59.070307+09:00 0 0 경기76자1922 3 35 229000111 121000013 25 
2020-12-02T16:03:59.070322+09:00 0 0 경기76자1920 3 39 229000111 229000968 4 
2020-12-02T16:03:59.070339+09:00 0 0 경기76자1917 3 31 229000111 277103405 45 
2020-12-02T16:03:59.070354+09:00 0 0 경기76자1921 3 38 229000111 121000194 31 
2020-12-02T16:03:59.070367+09:00 0 0 경기76자1983 4 70 229000111 277103462 9 
2020-12-02T16:03:59.070381+09:00 0 0 경기76자1915 3 36 229000111 277103491 16 
2020-12-02T16:04:58.764189+09:00 0 0 경기76자1918 3 34 229000111 277103400 37 
2020-12-02T16:04:58.764250+09:00 0 0 경기76자1920 3 37 229000111 229000968 4 
2020-12-02T16:04:58.764270+09:00 0 0 경기76자1922 3 35 229000111 121000011 26 
2020-12-02T16:04:58.764286+09:00 0 0 경기76자1916 3 22 229000111 277103482 51 
2020-12-02T16:04:58.764303+09:00 0 0 경기76자1921 3 38 229000111 121000194 31 
2020-12-02T16:04:58.764318+09:00 0 0 경기76자1915 3 36 229000111 277103491 16 
2020-12-02T16:04:58.764332+09:00 0 0 경기76자1917 3 31 229000111 277103405 45 
2020-12-02T16:04:58.764345+09:00 0 0 경기76자1983 4 70 229000111 277103462 9 
2020-12-02T16:05:58.438252+09:00 0 0 경기76자1920 3 37 229000111 229000968 4 
2020-12-02T16:05:58.438315+09:00 0 0 경기76자1916 3 22 229000111 277103482 51 
2020-12-02T16:05:58.438334+09:00 0 0 경기76자1918 3 34 229000111 277103400 37 
2020-12-02T16:05:58.438350+09:00 0 0 경기76자1922 3 38 229000111 121000011 26 
2020-12-02T16:05:58.438365+09:00 0 0 경기76자1921 3 38 229000111 121000194 31 
2020-12-02T16:05:58.438380+09:00 0 0 경기76자1917 3 31 229000111 277103405 45 
2020-12-02T16:05:58.438393+09:00 0 0 경기76자1983 4 70 229000111 277103462 9 
2020-12-02T16:05:58.438407+09:00 0 0 경기76자1915 3 36 229000111 277103493 17 
2020-12-02T16:06:58.192271+09:00 0 0 경기76자1918 3 34 229000111 277103400 37 
2020-12-02T16:06:58.192334+09:00 0 0 경기76자1916 3 22 229000111 277103482 51 
2020-12-02T16:06:58.192354+09:00 0 0 경기76자1922 3 38 229000111 277102911 27 
2020-12-02T16:06:58.192370+09:00 0 0 경기76자1920 3 37 229000111 229001506 5 
2020-12-02T16:06:58.192387+09:00 0 0 경기76자1921 3 38 229000111 121000194 31 
2020-12-02T16:06:58.192402+09:00 0 0 경기76자1983 4 70 229000111 277103458 10 
2020-12-02T16:06:58.192416+09:00 0 0 경기76자1915 3 36 229000111 277103495 18 
2020-12-02T16:06:58.192429+09:00 0 0 경기76자1917 3 31 229000111 277103405 45 
2020-12-02T16:07:58.036402+09:00 0 0 경기76자1922 3 38 229000111 121000009 28 
2020-12-02T16:07:58.036467+09:00 0 0 경기76자1920 3 37 229000111 229001504 6 
2020-12-02T16:07:58.036488+09:00 0 0 경기76자1916 3 23 229000111 229001502 52 
2020-12-02T16:07:58.036504+09:00 0 0 경기76자1918 3 34 229000111 277103400 37 
2020-12-02T16:07:58.036519+09:00 0 0 경기76자1921 3 38 229000111 121000194 31 
2020-12-02T16:07:58.036534+09:00 0 0 경기76자1983 4 70 229000111 277103458 10 
2020-12-02T16:07:58.036548+09:00 0 0 경기76자1917 3 31 229000111 277103405 45 
2020-12-02T16:07:58.036561+09:00 0 0 경기76자1915 3 36 229000111 277103497 19 
2020-12-02T16:08:57.670479+09:00 0 0 경기76자1920 3 37 229000111 229001504 6 
2020-12-02T16:08:57.670541+09:00 0 0 경기76자1916 3 32 229000111 229001502 52 
2020-12-02T16:08:57.670561+09:00 0 0 경기76자1922 3 39 229000111 121000009 28 
2020-12-02T16:08:57.670578+09:00 0 0 경기76자1918 3 34 229000111 277103400 37 
2020-12-02T16:08:57.670594+09:00 0 0 경기76자1921 3 38 229000111 121000194 31 
2020-12-02T16:08:57.670609+09:00 0 0 경기76자1915 3 36 229000111 277103499 20 
2020-12-02T16:08:57.670623+09:00 0 0 경기76자1983 4 70 229000111 277103458 10 
2020-12-02T16:08:57.670637+09:00 0 0 경기76자1917 3 31 229000111 277103405 45 
2020-12-02T16:09:57.234592+09:00 0 0 경기76자1922 3 39 229000111 121000009 28 
2020-12-02T16:09:57.234652+09:00 0 0 경기76자1918 3 34 229000111 277103400 37 
2020-12-02T16:09:57.234671+09:00 0 0 경기76자1920 3 34 229000111 229001501 7 
2020-12-02T16:09:57.234687+09:00 0 0 경기76자1916 3 34 229000111 229001503 53 
2020-12-02T16:09:57.234704+09:00 0 0 경기76자1921 3 38 229000111 121000194 31 
2020-12-02T16:09:57.234719+09:00 0 0 경기76자1917 3 31 229000111 277103405 45 
2020-12-02T16:09:57.234733+09:00 0 0 경기76자1915 3 36 229000111 277103499 20 
2020-12-02T16:09:57.234746+09:00 0 0 경기76자1983 4 70 229000111 277103458 10 
2020-12-02T16:10:56.738597+09:00 0 0 경기76자1922 3 39 229000111 121000009 28 
2020-12-02T16:10:56.738659+09:00 0 0 경기76자1918 3 34 229000111 277103400 37 
2020-12-02T16:10:56.738679+09:00 0 0 경기76자1920 3 34 229000111 229001501 7 
2020-12-02T16:10:56.738696+09:00 0 0 경기76자1916 3 35 229000111 229001503 53 
2020-12-02T16:10:56.738713+09:00 0 0 경기76자1917 3 31 229000111 277103405 45 
2020-12-02T16:10:56.738728+09:00 0 0 경기76자1983 4 70 229000111 277103456 11 
2020-12-02T16:10:56.738742+09:00 0 0 경기76자1915 3 36 229000111 277103501 21 
2020-12-02T16:10:56.738756+09:00 0 0 경기76자1921 3 38 229000111 121000008 32 
2020-12-02T16:11:56.852776+09:00 0 0 경기76자1920 3 34 229000111 229001501 7 
2020-12-02T16:11:56.852839+09:00 0 0 경기76자1916 3 35 229000111 229001503 53 
2020-12-02T16:11:56.852859+09:00 0 0 경기76자1922 3 39 229000111 277101867 29 
2020-12-02T16:11:56.852875+09:00 0 0 경기76자1918 3 34 229000111 277103393 38 
2020-12-02T16:11:56.852891+09:00 0 0 경기76자1917 3 31 229000111 277103405 45 
2020-12-02T16:11:56.852905+09:00 0 0 경기76자1921 3 38 229000111 122000614 33 
2020-12-02T16:11:56.852920+09:00 0 0 경기76자1915 3 36 229000111 277103503 22 
2020-12-02T16:11:56.852933+09:00 0 0 경기76자1983 4 70 229000111 277103485 12 
2020-12-02T16:12:56.596893+09:00 0 0 경기76자1918 3 34 229000111 277103393 38 
2020-12-02T16:12:56.596954+09:00 0 0 경기76자1920 3 34 229000111 229001501 7 
2020-12-02T16:12:56.596973+09:00 0 0 경기76자1922 3 39 229000111 121000005 30 
2020-12-02T16:12:56.596988+09:00 0 0 경기76자1916 3 36 229000111 229001505 54 
2020-12-02T16:12:56.597004+09:00 0 0 경기76자1921 3 38 229000111 122000614 33 
2020-12-02T16:12:56.597019+09:00 0 0 경기76자1917 3 31 229000111 277103405 45 
2020-12-02T16:12:56.597072+09:00 0 0 경기76자1915 3 36 229000111 277103503 22 
2020-12-02T16:12:56.597094+09:00 0 0 경기76자1983 4 70 229000111 277103485 12 
2020-12-02T16:13:56.080943+09:00 0 0 경기76자1916 3 36 229000111 229001505 54 
2020-12-02T16:13:56.081006+09:00 0 0 경기76자1922 3 38 229000111 121000005 30 
2020-12-02T16:13:56.081026+09:00 0 0 경기76자1918 3 34 229000111 277103395 39 
2020-12-02T16:13:56.081076+09:00 0 0 경기76자1920 3 34 229000111 229001501 7 
2020-12-02T16:13:56.081095+09:00 0 0 경기76자1921 3 38 229000111 122000614 33 
2020-12-02T16:13:56.081109+09:00 0 0 경기76자1915 3 36 229000111 277103503 22 
2020-12-02T16:13:56.081124+09:00 0 0 경기76자1983 4 70 229000111 277103489 13 
2020-12-02T16:13:56.081137+09:00 0 0 경기76자1917 3 31 229000111 277103490 46 
2020-12-02T16:14:56.115072+09:00 0 0 경기76자1922 3 38 229000111 121000005 30 
2020-12-02T16:14:56.115134+09:00 0 0 경기76자1918 3 34 229000111 277103395 39 
2020-12-02T16:14:56.115154+09:00 0 0 경기76자1920 3 34 229000111 277103481 8 
2020-12-02T16:14:56.115170+09:00 0 0 경기76자1916 3 36 229000111 229000979 55 
2020-12-02T16:14:56.115186+09:00 0 0 경기76자1983 4 70 229000111 277103489 13 
2020-12-02T16:14:56.115201+09:00 0 0 경기76자1921 3 33 229000111 121000012 34 
2020-12-02T16:14:56.115214+09:00 0 0 경기76자1917 3 31 229000111 277103490 46 
2020-12-02T16:14:56.115228+09:00 0 0 경기76자1915 3 36 229000111 277103503 22 
2020-12-02T16:15:55.291294+09:00 0 0 경기76자1916 3 36 229000111 229000979 55 
2020-12-02T16:15:55.291355+09:00 0 0 경기76자1920 3 34 229000111 277103481 8 
2020-12-02T16:15:55.291375+09:00 0 0 경기76자1918 3 34 229000111 277103397 40 
2020-12-02T16:15:55.291390+09:00 0 0 경기76자1922 3 38 229000111 121000005 30 
2020-12-02T16:15:55.291407+09:00 0 0 경기76자1983 4 70 229000111 277103489 13 
2020-12-02T16:15:55.291421+09:00 0 0 경기76자1921 3 29 229000111 121000012 34 
2020-12-02T16:15:55.291435+09:00 0 0 경기76자1915 3 36 229000111 277103399 23 
2020-12-02T16:15:55.291448+09:00 0 0 경기76자1917 3 31 229000111 277103486 47 
2020-12-02T16:16:55.073270+09:00 0 0 경기76자1918 3 34 229000111 277103397 40 
2020-12-02T16:16:55.073332+09:00 0 0 경기76자1916 3 36 229000111 229000979 55 
2020-12-02T16:16:55.073352+09:00 0 0 경기76자1922 3 38 229000111 121000194 31 
2020-12-02T16:16:55.073369+09:00 0 0 경기76자1920 3 34 229000111 277103481 8 
2020-12-02T16:16:55.073386+09:00 0 0 경기76자1921 3 29 229000111 121000012 34 
2020-12-02T16:16:55.073401+09:00 0 0 경기76자1915 3 36 229000111 277103399 23 
2020-12-02T16:16:55.073415+09:00 0 0 경기76자1983 4 70 229000111 277103428 14 
2020-12-02T16:16:55.073429+09:00 0 0 경기76자1917 3 31 229000111 277103486 47 
2020-12-02T16:17:54.787244+09:00 0 0 경기76자1916 3 36 229000111 229000979 55 
2020-12-02T16:17:54.787313+09:00 0 0 경기76자1920 3 34 229000111 277103481 8 
2020-12-02T16:17:54.787332+09:00 0 0 경기76자1922 3 38 229000111 121000194 31 
2020-12-02T16:17:54.787347+09:00 0 0 경기76자1918 3 34 229000111 277103408 41 
2020-12-02T16:17:54.787363+09:00 0 0 경기76자1983 4 70 229000111 277103428 14 
2020-12-02T16:17:54.787377+09:00 0 0 경기76자1921 3 29 229000111 121000014 35 
2020-12-02T16:17:54.787390+09:00 0 0 경기76자1915 3 38 229000111 121000015 24 
2020-12-02T16:17:54.787403+09:00 0 0 경기76자1917 3 31 229000111 277103457 48 
2020-12-02T16:18:54.551463+09:00 0 0 경기76자1920 3 34 229000111 277103481 8 
2020-12-02T16:18:54.551524+09:00 0 0 경기76자1922 3 38 229000111 121000194 31 
2020-12-02T16:18:54.551544+09:00 0 0 경기76자1918 3 34 229000111 277103408 41 
2020-12-02T16:18:54.551560+09:00 0 0 경기76자1916 3 36 229000111 229000979 55 
2020-12-02T16:18:54.551576+09:00 0 0 경기76자1983 4 70 229000111 277103428 14 
2020-12-02T16:18:54.551591+09:00 0 0 경기76자1917 3 31 229000111 277103457 48 
2020-12-02T16:18:54.551605+09:00 0 0 경기76자1921 3 29 229000111 121000014 35 
2020-12-02T16:18:54.551618+09:00 0 0 경기76자1915 3 38 229000111 121000015 24 
2020-12-02T16:19:53.835641+09:00 0 0 경기76자1922 3 38 229000111 121000194 31 
2020-12-02T16:19:53.835702+09:00 0 0 경기76자1918 3 34 229000111 277103408 41 
2020-12-02T16:19:53.835721+09:00 0 0 경기76자1916 3 36 229000111 229001584 56 
2020-12-02T16:19:53.835737+09:00 0 0 경기76자1920 3 34 229000111 277103462 9 
2020-12-02T16:19:53.835753+09:00 0 0 경기76자1983 4 70 229000111 277103428 14 
2020-12-02T16:19:53.835768+09:00 0 0 경기76자1915 3 38 229000111 121000015 24 
2020-12-02T16:19:53.835782+09:00 0 0 경기76자1917 3 31 229000111 277103457 48 
2020-12-02T16:19:53.835795+09:00 0 0 경기76자1921 3 28 229000111 121000014 35 
2020-12-02T16:20:52.989543+09:00 0 0 경기76자1922 3 38 229000111 121000194 31 
2020-12-02T16:20:52.989605+09:00 0 0 경기76자1916 3 36 229000111 229001584 56 
2020-12-02T16:20:52.989624+09:00 0 0 경기76자1920 3 34 229000111 277103462 9 
2020-12-02T16:20:52.989640+09:00 0 0 경기76자1918 3 34 229000111 277100138 42 
2020-12-02T16:20:52.989657+09:00 0 0 경기76자1983 4 70 229000111 277103426 15 
2020-12-02T16:20:52.989672+09:00 0 0 경기76자1915 3 38 229000111 121000013 25 
2020-12-02T16:20:52.989685+09:00 0 0 경기76자1921 3 28 229000111 121000016 36 
2020-12-02T16:20:52.989698+09:00 0 0 경기76자1917 3 31 229000111 277103459 49 
2020-12-02T16:21:52.983807+09:00 0 0 경기76자1922 3 38 229000111 121000194 31 
2020-12-02T16:21:52.983873+09:00 0 0 경기76자1920 3 34 229000111 277103462 9 
2020-12-02T16:21:52.983893+09:00 0 0 경기76자1916 3 38 229000111 229001584 56 
2020-12-02T16:21:52.983909+09:00 0 0 경기76자1918 3 34 229000111 277103411 43 
2020-12-02T16:21:52.983926+09:00 0 0 경기76자1921 3 27 229000111 121000016 36 
2020-12-02T16:21:52.983940+09:00 0 0 경기76자1983 4 70 229000111 277103426 15 
2020-12-02T16:21:52.983954+09:00 0 0 경기76자1917 3 31 229000111 277103459 49 
2020-12-02T16:21:52.983967+09:00 0 0 경기73아3291 3 43 229000111 229001583 3 
2020-12-02T16:21:52.983980+09:00 0 0 경기76자1915 3 38 229000111 121000013 25 
2020-12-02T16:22:52.957806+09:00 0 0 경기76자1922 3 38 229000111 121000194 31 
2020-12-02T16:22:52.957864+09:00 0 0 경기76자1918 3 34 229000111 277103411 43 
2020-12-02T16:22:52.957883+09:00 0 0 경기76자1920 3 34 229000111 277103458 10 
2020-12-02T16:22:52.957899+09:00 0 0 경기76자1921 3 27 229000111 121000016 36 
2020-12-02T16:22:52.957915+09:00 0 0 경기76자1917 3 31 229000111 277103459 49 
2020-12-02T16:22:52.957929+09:00 0 0 경기73아3291 3 43 229000111 229001583 3 
2020-12-02T16:22:52.957943+09:00 0 0 경기76자1915 3 38 229000111 121000013 25 
2020-12-02T16:22:52.957957+09:00 0 0 경기76자1983 4 70 229000111 277103426 15 
2020-12-02T16:23:51.571860+09:00 0 0 경기76자1922 3 38 229000111 121000194 31 
2020-12-02T16:23:51.571923+09:00 0 0 경기76자1920 3 34 229000111 277103458 10 
2020-12-02T16:23:51.571943+09:00 0 0 경기76자1918 3 34 229000111 277103407 44 
2020-12-02T16:23:51.571959+09:00 0 0 경기76자1983 4 70 229000111 277103426 15 
2020-12-02T16:23:51.571976+09:00 0 0 경기76자1921 3 27 229000111 121000016 36 
2020-12-02T16:23:51.571990+09:00 0 0 경기73아3291 3 43 229000111 229001583 3 
2020-12-02T16:23:51.572004+09:00 0 0 경기76자1915 3 39 229000111 121000011 26 
2020-12-02T16:23:51.572018+09:00 0 0 경기76자1917 3 31 229000111 277103463 50 
2020-12-02T16:24:51.085522+09:00 0 0 경기76자1920 3 34 229000111 277103458 10 
2020-12-02T16:24:51.085585+09:00 0 0 경기76자1922 3 38 229000111 121000194 31 
2020-12-02T16:24:51.085605+09:00 0 0 경기76자1918 3 34 229000111 277103405 45 
2020-12-02T16:24:51.085621+09:00 0 0 경기76자1917 3 31 229000111 277103463 50 
2020-12-02T16:24:51.085638+09:00 0 0 경기76자1983 4 70 229000111 277103491 16 
2020-12-02T16:24:51.085652+09:00 0 0 경기76자1915 3 40 229000111 121000011 26 
2020-12-02T16:24:51.085666+09:00 0 0 경기76자1921 3 27 229000111 277103400 37 
2020-12-02T16:24:51.085680+09:00 0 0 경기73아3291 3 43 229000111 229001583 3 
2020-12-02T16:25:50.979270+09:00 0 0 경기76자1918 3 34 229000111 277103405 45 
2020-12-02T16:25:50.979332+09:00 0 0 경기76자1922 3 38 229000111 121000008 32 
2020-12-02T16:25:50.979354+09:00 0 0 경기76자1920 3 34 229000111 277103456 11 
2020-12-02T16:25:50.979372+09:00 0 0 경기76자1917 3 31 229000111 277103463 50 
2020-12-02T16:25:50.979390+09:00 0 0 경기76자1983 4 70 229000111 277103491 16 
2020-12-02T16:25:50.979407+09:00 0 0 경기76자1915 3 41 229000111 121000009 28 
2020-12-02T16:25:50.979422+09:00 0 0 경기73아3291 3 43 229000111 229000968 4 
2020-12-02T16:25:50.979438+09:00 0 0 경기76자1921 3 27 229000111 277103400 37 
2020-12-02T16:26:50.862990+09:00 0 0 경기76자1920 3 34 229000111 277103456 11 
2020-12-02T16:26:50.863051+09:00 0 0 경기76자1918 3 34 229000111 277103405 45 
2020-12-02T16:26:50.863071+09:00 0 0 경기76자1922 3 38 229000111 122000614 33 
2020-12-02T16:26:50.863088+09:00 0 0 경기76자1921 3 27 229000111 277103400 37 
2020-12-02T16:26:50.863105+09:00 0 0 경기76자1983 4 70 229000111 277103491 16 
2020-12-02T16:26:50.863119+09:00 0 0 경기73아3291 3 43 229000111 229001506 5 
2020-12-02T16:26:50.863133+09:00 0 0 경기76자1915 3 41 229000111 121000009 28 
2020-12-02T16:26:50.863147+09:00 0 0 경기76자1917 3 31 229000111 277103463 50 
2020-12-02T16:27:50.316781+09:00 0 0 경기76자1918 3 34 229000111 277103405 45 
2020-12-02T16:27:50.316843+09:00 0 0 경기76자1922 3 38 229000111 122000614 33 
2020-12-02T16:27:50.316863+09:00 0 0 경기76자1920 3 34 229000111 277103485 12 
2020-12-02T16:27:50.316880+09:00 0 0 경기76자1921 3 27 229000111 277103400 37 
2020-12-02T16:27:50.316896+09:00 0 0 경기76자1983 4 70 229000111 277103493 17 
2020-12-02T16:27:50.316911+09:00 0 0 경기73아3291 3 42 229000111 229001504 6 
2020-12-02T16:27:50.316925+09:00 0 0 경기76자1917 3 31 229000111 277103463 50 
2020-12-02T16:27:50.316938+09:00 0 0 경기76자1915 3 41 229000111 121000009 28 
2020-12-02T16:28:50.290712+09:00 0 0 경기76자1918 3 34 229000111 277103405 45 
2020-12-02T16:28:50.290774+09:00 0 0 경기76자1922 3 35 229000111 122000614 33 
2020-12-02T16:28:50.290795+09:00 0 0 경기76자1920 3 34 229000111 277103489 13 
2020-12-02T16:28:50.290811+09:00 0 0 경기76자1915 3 41 229000111 121000009 28 
2020-12-02T16:28:50.290827+09:00 0 0 경기73아3291 3 42 229000111 229001504 6 
2020-12-02T16:28:50.290842+09:00 0 0 경기76자1917 3 31 229000111 277103463 50 
2020-12-02T16:28:50.290855+09:00 0 0 경기76자1921 3 27 229000111 277103400 37 
2020-12-02T16:28:50.290869+09:00 0 0 경기76자1983 4 70 229000111 277103495 18 
2020-12-02T16:29:50.294571+09:00 0 0 경기76자1918 3 34 229000111 277103405 45 
2020-12-02T16:29:50.294635+09:00 0 0 경기76자1922 3 35 229000111 122000614 33 
2020-12-02T16:29:50.294654+09:00 0 0 경기76자1920 3 34 229000111 277103489 13 
2020-12-02T16:29:50.294671+09:00 0 0 경기73아3291 3 42 229000111 229001504 6 
2020-12-02T16:29:50.294687+09:00 0 0 경기76자1921 3 27 229000111 277103400 37 
2020-12-02T16:29:50.294702+09:00 0 0 경기76자1983 4 70 229000111 277103497 19 
2020-12-02T16:29:50.294716+09:00 0 0 경기76자1915 3 41 229000111 277101867 29 
2020-12-02T16:29:50.294730+09:00 0 0 경기76자1917 3 31 229000111 277103482 51 
2020-12-02T16:30:49.448431+09:00 0 0 경기76자1920 3 34 229000111 277103489 13 
2020-12-02T16:30:49.448493+09:00 0 0 경기76자1918 3 34 229000111 277103405 45 
2020-12-02T16:30:49.448514+09:00 0 0 경기76자1922 3 35 229000111 121000012 34 
2020-12-02T16:30:49.448530+09:00 0 0 경기73아3291 3 42 229000111 229001504 6 
2020-12-02T16:30:49.448545+09:00 0 0 경기76자1983 4 70 229000111 277103497 19 
2020-12-02T16:30:49.448560+09:00 0 0 경기76자1921 3 27 229000111 277103400 37 
2020-12-02T16:30:49.448574+09:00 0 0 경기76자1917 3 31 229000111 277103482 51 
2020-12-02T16:30:49.448588+09:00 0 0 경기76자1915 3 41 229000111 121000005 30 
2020-12-02T16:31:49.042294+09:00 0 0 경기76자1922 3 35 229000111 121000012 34 
2020-12-02T16:31:49.042357+09:00 0 0 경기76자1920 3 34 229000111 277103428 14 
2020-12-02T16:31:49.042377+09:00 0 0 경기76자1918 3 34 229000111 277103405 45 
2020-12-02T16:31:49.042393+09:00 0 0 경기76자1917 3 31 229000111 277103482 51 
2020-12-02T16:31:49.042409+09:00 0 0 경기76자1983 4 70 229000111 277103497 19 
2020-12-02T16:31:49.042424+09:00 0 0 경기76자1915 3 41 229000111 121000005 30 
2020-12-02T16:31:49.042438+09:00 0 0 경기76자1921 3 27 229000111 277103400 37 
2020-12-02T16:31:49.042451+09:00 0 0 경기73아3291 3 42 229000111 229001504 6 
2020-12-02T16:32:48.806345+09:00 0 0 경기76자1918 3 34 229000111 277103405 45 
2020-12-02T16:32:48.806407+09:00 0 0 경기76자1922 3 28 229000111 121000012 34 
2020-12-02T16:32:48.806427+09:00 0 0 경기76자1920 3 34 229000111 277103428 14 
2020-12-02T16:32:48.806443+09:00 0 0 경기76자1915 3 41 229000111 121000005 30 
2020-12-02T16:32:48.806459+09:00 0 0 경기76자1983 4 70 229000111 277103497 19 
2020-12-02T16:32:48.806473+09:00 0 0 경기76자1921 3 27 229000111 277103393 38 
2020-12-02T16:32:48.806487+09:00 0 0 경기73아3291 3 38 229000111 229001501 7 
2020-12-02T16:32:48.806500+09:00 0 0 경기76자1917 3 31 229000111 277103482 51 
2020-12-02T16:33:48.770143+09:00 0 0 경기76자1920 3 34 229000111 277103428 14 
2020-12-02T16:33:48.770201+09:00 0 0 경기76자1918 3 34 229000111 277103405 45 
2020-12-02T16:33:48.770221+09:00 0 0 경기76자1922 3 28 229000111 121000014 35 
2020-12-02T16:33:48.770238+09:00 0 0 경기76자1917 3 31 229000111 277103482 51 
2020-12-02T16:33:48.770255+09:00 0 0 경기76자1915 3 41 229000111 121000005 30 
2020-12-02T16:33:48.770270+09:00 0 0 경기76자1921 3 27 229000111 277103393 38 
2020-12-02T16:33:48.770284+09:00 0 0 경기73아3291 3 38 229000111 229001501 7 
2020-12-02T16:33:48.770297+09:00 0 0 경기76자1983 4 70 229000111 277103499 20 
2020-12-02T16:34:48.104114+09:00 0 0 경기76자1920 3 34 229000111 277103428 14 
2020-12-02T16:34:48.104178+09:00 0 0 경기76자1918 3 34 229000111 277103405 45 
2020-12-02T16:34:48.104199+09:00 0 0 경기76자1922 3 27 229000111 121000014 35 
2020-12-02T16:34:48.104215+09:00 0 0 경기76자1915 3 41 229000111 121000005 30 
2020-12-02T16:34:48.104232+09:00 0 0 경기76자1921 3 27 229000111 277103395 39 
2020-12-02T16:34:48.104247+09:00 0 0 경기76자1917 3 31 229000111 277103482 51 
2020-12-02T16:34:48.104268+09:00 0 0 경기73아3291 3 38 229000111 229001501 7 
2020-12-02T16:34:48.104284+09:00 0 0 경기76자1983 4 70 229000111 277103499 20 
2020-12-02T16:35:47.288202+09:00 0 0 경기76자1920 3 34 229000111 277103428 14 
2020-12-02T16:35:47.288264+09:00 0 0 경기76자1918 3 34 229000111 277103405 45 
2020-12-02T16:35:47.288283+09:00 0 0 경기76자1922 3 27 229000111 121000014 35 
2020-12-02T16:35:47.288299+09:00 0 0 경기76자1983 4 70 229000111 277103499 20 
2020-12-02T16:35:47.288316+09:00 0 0 경기76자1921 3 27 229000111 277103395 39 
2020-12-02T16:35:47.288330+09:00 0 0 경기73아3291 3 38 229000111 229001501 7 
2020-12-02T16:35:47.288344+09:00 0 0 경기76자1917 3 31 229000111 229001502 52 
2020-12-02T16:35:47.288357+09:00 0 0 경기76자1915 3 41 229000111 121000005 30 
2020-12-02T16:36:46.851903+09:00 0 0 경기76자1918 3 34 229000111 277103405 45 
2020-12-02T16:36:46.851966+09:00 0 0 경기76자1922 3 27 229000111 121000016 36 
2020-12-02T16:36:46.851986+09:00 0 0 경기76자1920 3 34 229000111 277103428 14 
2020-12-02T16:36:46.852001+09:00 0 0 경기76자1917 3 37 229000111 229001502 52 
2020-12-02T16:36:46.852018+09:00 0 0 경기76자1915 3 41 229000111 121000194 31 
2020-12-02T16:36:46.852032+09:00 0 0 경기76자1921 3 27 229000111 277103397 40 
2020-12-02T16:36:46.852046+09:00 0 0 경기76자1983 4 70 229000111 277103499 20 
2020-12-02T16:36:46.852060+09:00 0 0 경기73아3291 3 38 229000111 277103481 8 
2020-12-02T16:37:46.755925+09:00 0 0 경기76자1922 3 26 229000111 121000016 36 
2020-12-02T16:37:46.755990+09:00 0 0 경기76자1918 3 34 229000111 277103405 45 
2020-12-02T16:37:46.756009+09:00 0 0 경기76자1920 3 34 229000111 277103426 15 
2020-12-02T16:37:46.756025+09:00 0 0 경기76자1917 3 37 229000111 229001502 52 
2020-12-02T16:37:46.756042+09:00 0 0 경기76자1921 3 27 229000111 277103397 40 
2020-12-02T16:37:46.756056+09:00 0 0 경기76자1983 4 70 229000111 277103499 20 
2020-12-02T16:37:46.756070+09:00 0 0 경기73아3291 3 38 229000111 277103481 8 
2020-12-02T16:37:46.756083+09:00 0 0 경기76자1915 3 40 229000111 121000194 31 
2020-12-02T16:38:46.629999+09:00 0 0 경기76자1922 3 26 229000111 121000016 36 
2020-12-02T16:38:46.630062+09:00 0 0 경기76자1918 3 34 229000111 277103490 46 
2020-12-02T16:38:46.630083+09:00 0 0 경기76자1920 3 34 229000111 277103426 15 
2020-12-02T16:38:46.630099+09:00 0 0 경기76자1983 4 70 229000111 277103499 20 
2020-12-02T16:38:46.630115+09:00 0 0 경기76자1915 3 40 229000111 121000194 31 
2020-12-02T16:38:46.630130+09:00 0 0 경기73아3291 3 38 229000111 277103481 8 
2020-12-02T16:38:46.630144+09:00 0 0 경기76자1917 3 37 229000111 229001505 54 
2020-12-02T16:38:46.630159+09:00 0 0 경기76자1921 3 27 229000111 277103408 41 
2020-12-02T16:39:45.403783+09:00 0 0 경기76자1922 3 26 229000111 121000016 36 
2020-12-02T16:39:45.403844+09:00 0 0 경기76자1918 3 34 229000111 277103486 47 
2020-12-02T16:39:45.403864+09:00 0 0 경기76자1920 3 34 229000111 277103426 15 
2020-12-02T16:39:45.403880+09:00 0 0 경기76자1915 3 40 229000111 121000194 31 
2020-12-02T16:39:45.403898+09:00 0 0 경기76자1983 4 70 229000111 277103501 21 
2020-12-02T16:39:45.403913+09:00 0 0 경기76자1921 3 27 229000111 277103408 41 
2020-12-02T16:39:45.403927+09:00 0 0 경기76자1917 3 37 229000111 229001505 54 
2020-12-02T16:39:45.403941+09:00 0 0 경기73아3291 3 38 229000111 277103481 8 
2020-12-02T16:40:44.897678+09:00 0 0 경기76자1918 3 34 229000111 277103486 47 
2020-12-02T16:40:44.897716+09:00 0 0 경기76자1920 3 34 229000111 277103491 16 
2020-12-02T16:40:44.897735+09:00 0 0 경기76자1922 3 26 229000111 277103400 37 
2020-12-02T16:40:44.897750+09:00 0 0 경기76자1915 3 40 229000111 121000194 31 
2020-12-02T16:40:44.897766+09:00 0 0 경기76자1921 3 27 229000111 277103408 41 
2020-12-02T16:40:44.897780+09:00 0 0 경기73아3291 3 38 229000111 277103481 8 
2020-12-02T16:40:44.897794+09:00 0 0 경기76자1983 4 70 229000111 277103501 21 
2020-12-02T16:40:44.897808+09:00 0 0 경기76자1917 3 37 229000111 229001505 54 
2020-12-02T16:41:44.241811+09:00 0 0 경기76자1920 3 34 229000111 277103491 16 
2020-12-02T16:41:44.241874+09:00 0 0 경기76자1922 3 26 229000111 277103400 37 
2020-12-02T16:41:44.241894+09:00 0 0 경기76자1918 3 34 229000111 277103457 48 
2020-12-02T16:41:44.241909+09:00 0 0 경기76자1982 4 71 229000111 277102444 2 
2020-12-02T16:41:44.241926+09:00 0 0 경기73아3291 3 38 229000111 277103481 8 
2020-12-02T16:41:44.241941+09:00 0 0 경기76자1921 3 27 229000111 277100138 42 
2020-12-02T16:41:44.241954+09:00 0 0 경기76자1983 4 70 229000111 277103503 22 
2020-12-02T16:41:44.241969+09:00 0 0 경기76자1915 3 40 229000111 121000194 31 
2020-12-02T16:41:44.241983+09:00 0 0 경기76자1917 3 39 229000111 229000979 55 
2020-12-02T16:42:44.095724+09:00 0 0 경기76자1922 3 26 229000111 277103400 37 
2020-12-02T16:42:44.095785+09:00 0 0 경기76자1918 3 34 229000111 277103457 48 
2020-12-02T16:42:44.095806+09:00 0 0 경기76자1982 4 71 229000111 277102444 2 
2020-12-02T16:42:44.095821+09:00 0 0 경기76자1920 3 34 229000111 277103493 17 
2020-12-02T16:42:44.095837+09:00 0 0 경기76자1983 4 70 229000111 277103503 22 
2020-12-02T16:42:44.095852+09:00 0 0 경기76자1915 3 40 229000111 121000008 32 
2020-12-02T16:42:44.095865+09:00 0 0 경기76자1921 3 27 229000111 277103411 43 
2020-12-02T16:42:44.095880+09:00 0 0 경기73아3291 3 38 229000111 277103462 9 
2020-12-02T16:42:44.095893+09:00 0 0 경기76자1917 3 39 229000111 229000979 55 
2020-12-02T16:43:43.929754+09:00 0 0 경기76자1918 3 34 229000111 277103457 48 
2020-12-02T16:43:43.929814+09:00 0 0 경기76자1922 3 26 229000111 277103400 37 
2020-12-02T16:43:43.929834+09:00 0 0 경기76자1982 4 71 229000111 277102444 2 
2020-12-02T16:43:43.929850+09:00 0 0 경기76자1920 3 34 229000111 277103495 18 
2020-12-02T16:43:43.929867+09:00 0 0 경기76자1921 3 27 229000111 277103411 43 
2020-12-02T16:43:43.929882+09:00 0 0 경기76자1917 3 39 229000111 229000979 55 
2020-12-02T16:43:43.929897+09:00 0 0 경기76자1915 3 40 229000111 122000614 33 
2020-12-02T16:43:43.929913+09:00 0 0 경기76자1983 4 70 229000111 277103503 22 
2020-12-02T16:43:43.929926+09:00 0 0 경기73아3291 3 38 229000111 277103462 9 
2020-12-02T16:44:43.563830+09:00 0 0 경기76자1922 3 26 229000111 277103400 37 
2020-12-02T16:44:43.563894+09:00 0 0 경기76자1920 3 34 229000111 277103495 18 
2020-12-02T16:44:43.563915+09:00 0 0 경기76자1982 4 71 229000111 229001583 3 
2020-12-02T16:44:43.563931+09:00 0 0 경기76자1918 3 34 229000111 277103459 49 
2020-12-02T16:44:43.563948+09:00 0 0 경기76자1983 4 70 229000111 277103399 23 
2020-12-02T16:44:43.563963+09:00 0 0 경기73아3291 3 38 229000111 277103462 9 
2020-12-02T16:44:43.563976+09:00 0 0 경기76자1915 3 36 229000111 122000614 33 
2020-12-02T16:44:43.563990+09:00 0 0 경기76자1917 3 39 229000111 229000979 55 
2020-12-02T16:44:43.564004+09:00 0 0 경기76자1921 3 27 229000111 277103407 44 
2020-12-02T16:45:43.367836+09:00 0 0 경기76자1920 3 34 229000111 277103495 18 
2020-12-02T16:45:43.367896+09:00 0 0 경기76자1982 4 71 229000111 229001583 3 
2020-12-02T16:45:43.367928+09:00 0 0 경기76자1922 3 26 229000111 277103400 37 
2020-12-02T16:45:43.367944+09:00 0 0 경기76자1918 3 34 229000111 277103459 49 
2020-12-02T16:45:43.367960+09:00 0 0 경기76자1921 3 27 229000111 277103407 44 
2020-12-02T16:45:43.367974+09:00 0 0 경기73아3291 3 38 229000111 277103458 10 
2020-12-02T16:45:43.367988+09:00 0 0 경기76자1917 3 40 229000111 229001584 56 
2020-12-02T16:45:43.368003+09:00 0 0 경기76자1915 3 36 229000111 122000614 33 
2020-12-02T16:45:43.368017+09:00 0 0 경기76자1983 4 70 229000111 277103399 23 
