229000263 2020-12-15T03:19:30.245611+09:00
2020-12-15T04:50:30 0 0 경기76자1792 3 40 229000263 229000744 3 
2020-12-15T04:51:32 0 0 경기76자1792 3 40 229000263 229000742 5 
2020-12-15T04:52:31 0 0 경기76자1792 3 39 229000263 229000741 6 
2020-12-15T04:53:30 0 0 경기76자1792 3 37 229000263 229000739 8 
2020-12-15T04:54:30 0 0 경기76자1792 3 37 229000263 229000738 9 
2020-12-15T04:55:29 0 0 경기76자1792 3 36 229000263 229000565 10 
2020-12-15T04:56:28 0 0 경기76자1792 3 34 229000263 229000564 11 
2020-12-15T04:57:27 0 0 경기76자1792 3 35 229000263 229000582 13 
2020-12-15T04:58:28 0 0 경기76자1792 3 34 229000263 229000582 13 
2020-12-15T04:59:27 0 0 경기76자1792 3 34 229000263 229000533 15 
2020-12-15T05:00:26 0 0 경기76자1792 3 34 229000263 229000532 16 
2020-12-15T05:01:26 0 0 경기76자1792 3 34 229000263 229000529 19 
2020-12-15T05:02:26 0 0 경기76자1792 3 33 229000263 229000529 19 
2020-12-15T05:03:26 0 0 경기76자1792 3 33 229000263 229000527 21 
2020-12-15T05:04:26 0 0 경기76자1792 3 33 229000263 277101746 22 
2020-12-15T05:05:26 0 0 경기76자1792 3 33 229000263 277101746 22 
2020-12-15T05:06:25 0 0 경기76자1792 3 31 229000263 229000495 24 
2020-12-15T05:07:24 0 0 경기76자1792 3 30 229000263 229000495 24 
2020-12-15T05:08:23 0 0 경기76자1792 3 30 229000263 229000494 25 
2020-12-15T05:09:23 0 0 경기76자1792 3 29 229000263 229000524 26 
2020-12-15T05:10:23 0 0 경기76자1792 3 28 229000263 229000523 27 
2020-12-15T05:11:23 0 0 경기76자1792 3 28 229000263 229000522 29 
2020-12-15T05:12:22 0 0 경기76자1792 3 27 229000263 229000521 30 
2020-12-15T05:13:21 0 0 경기76자1792 3 27 229000263 218000165 31 
2020-12-15T05:14:21 0 0 경기76자1792 3 27 229000263 218000677 32 
2020-12-15T05:15:20 0 0 경기76자1792 3 26 229000263 218000163 34 
2020-12-15T05:16:20 0 0 경기76자1792 3 24 229000263 218000162 36 
2020-12-15T05:17:19 0 0 경기76자1792 3 24 229000263 218000160 38 
2020-12-15T05:18:19 0 0 경기76자1792 3 24 229000263 218000159 39 
2020-12-15T05:19:18 0 0 경기76자1792 3 24 229000263 218000157 41 
2020-12-15T05:20:18 0 0 경기76자1792 3 22 229000263 218000155 43 
2020-12-15T05:21:18 0 0 경기76자1792 3 22 229000263 218000154 44 
2020-12-15T05:22:18 0 0 경기76자1792 3 22 229000263 218000153 45 
2020-12-15T05:23:18 0 0 경기76자1792 3 21 229000263 218000152 46 
2020-12-15T05:24:18 0 0 경기76자1792 3 21 229000263 218000226 48 
2020-12-15T05:25:18 0 0 경기76자1792 3 22 229000263 218000653 49 
2020-12-15T05:26:17 0 0 경기76자1792 3 22 229000263 218000225 50 
2020-12-15T05:27:17 0 0 경기76자1792 3 23 229000263 218000223 52 
2020-12-15T05:28:16 0 0 경기76자1792 3 23 229000263 218000223 52 
2020-12-15T05:29:16 0 0 경기76자1792 3 23 229000263 218000223 52 
2020-12-15T05:30:16 0 0 경기76자1792 3 23 229000263 218000223 52 
2020-12-15T05:31:15 0 0 경기76자1792 3 23 229000263 218000223 52 
2020-12-15T05:32:15 0 0 경기76자1792 3 23 229000263 111000012 54 
2020-12-15T05:33:15 0 0 경기76자1792 3 23 229000263 111000012 54 
2020-12-15T05:34:15 0 0 경기76자1792 3 25 229000263 111000012 54 
2020-12-15T05:35:15 0 0 경기76자1792 3 26 229000263 111000014 55 
2020-12-15T05:36:15 0 0 경기76자1792 3 26 229000263 111000014 55 
2020-12-15T05:37:13 0 0 경기76자1792 3 26 229000263 111000925 56 
2020-12-15T05:38:13 0 0 경기76자1792 3 27 229000263 111000927 57 
2020-12-15T05:39:13 0 0 경기76자1792 3 29 229000263 111000927 57 
2020-12-15T05:40:14 0 0 경기76자1792 3 29 229000263 111000929 58 
2020-12-15T05:41:12 0 0 경기76자1792 3 29 229000263 111000931 59 
2020-12-15T05:42:12 0 0 경기76자1792 3 29 229000263 111000933 60 
2020-12-15T05:43:12 0 0 경기76자1792 3 29 229000263 111000933 60 
2020-12-15T05:44:11 0 0 경기76자1792 3 29 229000263 111000933 60 
2020-12-15T05:45:11 0 0 경기76자1792 3 29 229000263 111000937 61 
2020-12-15T05:46:10 0 0 경기76자1792 3 29 229000263 112000405 62 
2020-12-15T05:47:10 0 0 경기76자1792 3 29 229000263 112000405 62 
2020-12-15T05:48:10 0 0 경기76자1792 3 29 229000263 112000405 62 
2020-12-15T05:49:09 0 0 경기76자1792 3 29 229000263 112000407 63 
2020-12-15T05:50:09 0 0 경기76자1792 3 29 229000263 112000416 64 
2020-12-15T05:51:09 0 0 경기76자1792 3 29 229000263 112000398 65 
2020-12-15T05:52:08 0 0 경기76자1792 3 30 229000263 112000402 67 
2020-12-15T05:53:07 0 0 경기76자1792 3 30 229000263 112000402 67 
2020-12-15T05:54:07 0 0 경기76자1792 3 31 229000263 100000363 68 
2020-12-15T05:55:07 0 0 경기76자1792 3 31 229000263 100000363 68 
2020-12-15T05:56:06 0 0 경기76자1792 3 31 229000263 100000363 68 
2020-12-15T05:57:06 0 0 경기76자1792 3 31 229000263 100000363 68 
2020-12-15T05:58:05 0 0 경기76자1792 3 31 229000263 100000154 69 
2020-12-15T05:59:05 0 0 경기76자1792 3 34 229000263 100000025 70 
2020-12-15T06:00:04 0 0 경기76자1792 3 34 229000263 277104283 71 
2020-12-15T06:01:04 0 0 경기76자1792 3 36 229000263 101000128 72 
2020-12-15T06:02:03 0 0 경기76자1792 3 36 229000263 101000128 72 
2020-12-15T06:03:03 0 0 경기76자1792 3 40 229000263 101000022 73 
2020-12-15T06:04:02 0 0 경기76자1792 3 40 229000263 101000020 76 
2020-12-15T06:05:02 0 0 경기76자1792 3 39 229000263 101000020 76 
2020-12-15T06:06:01 0 0 경기76자1792 3 39 229000263 101000020 76 
2020-12-15T06:07:01 0 0 경기76자1792 3 38 229000263 100000362 77 
2020-12-15T06:08:01 0 0 경기76자1792 3 38 229000263 112000401 78 
2020-12-15T06:09:00 0 0 경기76자1792 3 38 229000263 112000401 78 
2020-12-15T06:10:00 0 0 경기76자1792 3 38 229000263 112000400 79 
2020-12-15T06:10:59 0 0 경기76자1792 3 37 229000263 112000408 81 
2020-12-15T06:11:59 0 0 경기76자1792 3 37 229000263 112000408 81 
2020-12-15T06:12:58 0 0 경기76자1792 3 36 229000263 112000408 81 
2020-12-15T06:13:57 0 0 경기76자1792 3 36 229000263 112000408 81 
2020-12-15T06:14:57 0 0 경기76자1792 3 36 229000263 112000408 81 
2020-12-15T06:15:57 0 0 경기76자1792 3 36 229000263 112000406 82 
2020-12-15T06:16:56 0 0 경기76자1792 3 36 229000263 112000406 82 
2020-12-15T06:17:55 0 0 경기76자1792 3 36 229000263 111000936 84 
2020-12-15T06:18:55 0 0 경기76자1792 3 36 229000263 111000936 84 
2020-12-15T06:19:55 0 0 경기76자1792 3 36 229000263 111000932 86 
2020-12-15T06:20:55 0 0 경기76자1792 3 36 229000263 111000932 86 
2020-12-15T06:21:54 0 0 경기76자1792 3 36 229000263 111000928 88 
2020-12-15T06:22:54 0 0 경기76자1792 3 36 229000263 111000928 88 
2020-12-15T06:23:53 0 0 경기76자1792 3 35 229000263 111000928 88 
2020-12-15T06:24:53 0 0 경기76자1792 3 33 229000263 111000926 89 
2020-12-15T06:25:52 0 0 경기76자1792 3 33 229000263 111000926 89 
2020-12-15T06:26:52 0 0 경기76자1792 3 33 229000263 111000013 90 
2020-12-15T06:27:52 0 0 경기76자1792 3 33 229000263 111000013 90 
2020-12-15T06:28:51 0 0 경기76자1792 3 33 229000263 111000009 92 
2020-12-15T06:29:51 0 0 경기76자1792 3 33 229000263 111000009 92 
2020-12-15T06:30:51 0 0 경기76자1792 3 33 229000263 111000009 92 
2020-12-15T06:30:51 0 0 경기76자1856 3 41 229000263 229000745 2 
2020-12-15T06:31:51 0 0 경기76자1856 3 41 229000263 229000744 3 
2020-12-15T06:31:51 0 0 경기76자1792 3 33 229000263 111000009 92 
2020-12-15T06:32:51 0 0 경기76자1792 3 33 229000263 111000009 92 
2020-12-15T06:32:51 0 0 경기76자1856 3 40 229000263 229000743 4 
2020-12-15T06:33:50 0 0 경기76자1856 3 39 229000263 229000741 6 
2020-12-15T06:33:50 0 0 경기76자1792 3 33 229000263 218000218 93 
2020-12-15T06:34:50 0 0 경기76자1792 3 33 229000263 218000217 94 
2020-12-15T06:34:50 0 0 경기76자1856 3 39 229000263 229000740 7 
2020-12-15T06:35:49 0 0 경기76자1792 3 33 229000263 218000459 95 
2020-12-15T06:35:49 0 0 경기76자1856 3 39 229000263 229000738 9 
2020-12-15T06:36:49 0 0 경기76자1856 3 39 229000263 229000738 9 
2020-12-15T06:36:49 0 0 경기76자1792 3 33 229000263 218000459 95 
2020-12-15T06:37:48 0 0 경기76자1792 3 33 229000263 218000215 97 
2020-12-15T06:37:48 0 0 경기76자1856 3 39 229000263 229000565 10 
2020-12-15T06:38:48 0 0 경기76자1792 3 33 229000263 218000214 98 
2020-12-15T06:38:48 0 0 경기76자1856 3 39 229000263 229000564 11 
2020-12-15T06:39:47 0 0 경기76자1856 3 35 229000263 229000564 11 
2020-12-15T06:39:47 0 0 경기76자1792 3 33 229000263 218000213 99 
2020-12-15T06:40:47 0 0 경기76자1792 3 33 229000263 218000212 100 
2020-12-15T06:40:47 0 0 경기76자1856 3 35 229000263 229000582 13 
2020-12-15T06:41:47 0 0 경기76자1856 3 35 229000263 229000582 13 
2020-12-15T06:41:47 0 0 경기76자1792 3 33 229000263 218000032 101 
2020-12-15T06:42:47 0 0 경기76자1856 3 35 229000263 229000582 13 
2020-12-15T06:42:47 0 0 경기76자1792 3 33 229000263 218000703 103 
2020-12-15T06:43:46 0 0 경기76자1792 3 34 229000263 218000030 104 
2020-12-15T06:43:46 0 0 경기76자1856 3 35 229000263 229000582 13 
2020-12-15T06:44:46 0 0 경기76자1856 3 35 229000263 229000533 15 
2020-12-15T06:44:46 0 0 경기76자1792 3 34 229000263 218000029 106 
2020-12-15T06:45:45 0 0 경기76자1792 3 34 229000263 218000028 107 
2020-12-15T06:45:45 0 0 경기76자1856 3 35 229000263 229000531 17 
2020-12-15T06:46:44 0 0 경기76자1792 3 34 229000263 218000027 108 
2020-12-15T06:46:44 0 0 경기76자1856 3 35 229000263 229000530 18 
2020-12-15T06:47:43 0 0 경기76자1792 3 34 229000263 218000025 110 
2020-12-15T06:47:43 0 0 경기76자1856 3 32 229000263 229000529 19 
2020-12-15T06:48:44 0 0 경기76자1792 3 35 229000263 218000025 110 
2020-12-15T06:48:44 0 0 경기76자1856 3 32 229000263 229000528 20 
2020-12-15T06:49:43 0 0 경기76자1856 3 32 229000263 229000528 20 
2020-12-15T06:49:43 0 0 경기76자1792 3 35 229000263 218000025 110 
2020-12-15T06:50:43 0 0 경기76자1792 3 35 229000263 218000023 112 
2020-12-15T06:50:43 0 0 경기76자1856 3 32 229000263 277101746 22 
2020-12-15T06:51:42 0 0 경기76자1792 3 35 229000263 218000023 112 
2020-12-15T06:51:42 0 0 경기76자1856 3 28 229000263 229000496 23 
2020-12-15T06:52:42 0 0 경기76자1792 3 33 229000263 218000022 113 
2020-12-15T06:52:42 0 0 경기76자1856 3 27 229000263 229000495 24 
2020-12-15T06:53:41 0 0 경기76자1856 3 27 229000263 229000495 24 
2020-12-15T06:53:41 0 0 경기76자1792 3 33 229000263 218000676 114 
2020-12-15T06:54:40 0 0 경기76자1792 3 33 229000263 218000676 114 
2020-12-15T06:54:40 0 0 경기76자1856 3 27 229000263 229000494 25 
2020-12-15T06:55:40 0 0 경기76자1856 3 23 229000263 229000494 25 
2020-12-15T06:55:40 0 0 경기76자1792 3 33 229000263 218000493 115 
2020-12-15T06:56:40 0 0 경기76자1856 3 23 229000263 229000494 25 
2020-12-15T06:56:40 0 0 경기76자1792 3 33 229000263 229000520 116 
2020-12-15T06:57:39 0 0 경기76자1792 3 33 229000263 229000519 117 
2020-12-15T06:57:39 0 0 경기76자1856 3 23 229000263 229000494 25 
2020-12-15T06:58:38 0 0 경기76자1792 3 33 229000263 229000517 119 
2020-12-15T06:58:38 0 0 경기76자1856 3 23 229000263 229001479 28 
2020-12-15T06:59:37 0 0 경기76자1856 3 22 229000263 229001479 28 
2020-12-15T06:59:37 0 0 경기76자1792 3 33 229000263 229000517 119 
2020-12-15T07:00:37 0 0 경기76자1856 3 22 229000263 229000522 29 
2020-12-15T07:00:37 0 0 경기76자1792 3 33 229000263 229000493 120 
2020-12-15T07:01:37 0 0 경기76자1792 3 33 229000263 229000492 121 
2020-12-15T07:01:37 0 0 경기76자1856 3 20 229000263 229000521 30 
2020-12-15T07:02:37 0 0 경기76자1856 3 20 229000263 229000521 30 
2020-12-15T07:02:37 0 0 경기76자1792 3 33 229000263 229000492 121 
2020-12-15T07:03:39 0 0 경기76자1792 3 33 229000263 229000491 122 
2020-12-15T07:03:39 0 0 경기76자1856 3 16 229000263 218000165 31 
2020-12-15T07:04:37 0 0 경기76자1792 3 33 229000263 229000491 122 
2020-12-15T07:04:37 0 0 경기76자1856 3 13 229000263 218000677 32 
2020-12-15T07:05:36 0 0 경기76자1792 3 33 229000263 229000491 122 
2020-12-15T07:05:36 0 0 경기76자1856 3 11 229000263 218000164 33 
2020-12-15T07:06:36 0 0 경기76자1856 3 8 229000263 218000530 35 
2020-12-15T07:06:36 0 0 경기76자1792 3 33 229000263 229000514 123 
2020-12-15T07:07:36 0 0 경기76자1856 3 7 229000263 218000162 36 
2020-12-15T07:07:36 0 0 경기76자1792 3 33 229000263 229000512 125 
2020-12-15T07:08:35 0 0 경기76자1792 3 34 229000263 229000510 127 
2020-12-15T07:08:35 0 0 경기76자1856 3 2 229000263 218000161 37 
2020-12-15T07:09:34 0 0 경기76자1792 3 35 229000263 229000509 128 
2020-12-15T07:09:34 0 0 경기76자1856 3 2 229000263 218000161 37 
2020-12-15T07:10:33 0 0 경기76자1792 3 36 229000263 229000508 129 
2020-12-15T07:10:33 0 0 경기76자1856 3 3 229000263 218000159 39 
2020-12-15T07:11:33 0 0 경기76자1856 3 3 229000263 218000159 39 
2020-12-15T07:11:33 0 0 경기76자1792 3 36 229000263 229000585 131 
2020-12-15T07:12:34 0 0 경기76자1792 3 36 229000263 229000584 132 
2020-12-15T07:12:34 0 0 경기76자1856 3 3 229000263 218000159 39 
2020-12-15T07:13:32 0 0 경기76자1792 3 36 229000263 229000584 132 
2020-12-15T07:13:32 0 0 경기76자1856 3 1 229000263 218000157 41 
2020-12-15T07:14:32 0 0 경기76자1792 3 36 229000263 229000584 132 
2020-12-15T07:14:32 0 0 경기76자1856 3 0 229000263 218000155 43 
2020-12-15T07:15:33 0 0 경기76자1856 3 0 229000263 218000155 43 
2020-12-15T07:15:33 0 0 경기76자1792 3 37 229000263 229000567 133 
2020-12-15T07:16:32 0 0 경기76자1856 3 0 229000263 218000154 44 
2020-12-15T07:16:32 0 0 경기76자1792 3 37 229000263 229000566 134 
2020-12-15T07:17:31 0 0 경기76자1856 3 0 229000263 218000153 45 
2020-12-15T07:17:31 0 0 경기76자1792 3 38 229000263 229000723 137 
2020-12-15T07:18:31 0 0 경기76자1792 3 38 229000263 229000722 138 
2020-12-15T07:18:31 0 0 경기76자1856 3 0 229000263 218000152 46 
2020-12-15T07:19:30 0 0 경기76자1856 3 0 229000263 218000152 46 
2020-12-15T07:19:30 0 0 경기76자1792 3 38 229000263 229000721 139 
2020-12-15T07:20:29 0 0 경기76자1856 3 0 229000263 218000151 47 
2020-12-15T07:20:29 0 0 경기76자1792 3 38 229000263 229000718 142 
2020-12-15T07:21:29 0 0 경기76자1792 3 38 229000263 229000718 142 
2020-12-15T07:21:29 0 0 경기76자1856 3 0 229000263 218000226 48 
2020-12-15T07:22:29 0 0 경기76자1792 3 38 229000263 229000718 142 
2020-12-15T07:22:29 0 0 경기76자1856 3 0 229000263 218000653 49 
2020-12-15T07:23:29 0 0 경기76자1792 3 38 229000263 229000718 142 
2020-12-15T07:23:29 0 0 경기76자1856 3 0 229000263 218000653 49 
2020-12-15T07:24:28 0 0 경기76자1792 3 38 229000263 229000718 142 
2020-12-15T07:24:28 0 0 경기76자1856 3 0 229000263 218000225 50 
2020-12-15T07:25:28 0 0 경기76자1792 3 38 229000263 229000718 142 
2020-12-15T07:25:28 0 0 경기76자1856 3 0 229000263 218000224 51 
2020-12-15T07:26:28 0 0 경기76자1792 3 38 229000263 229000718 142 
2020-12-15T07:26:28 0 0 경기76자1856 3 0 229000263 218000224 51 
2020-12-15T07:27:27 0 0 경기76자1792 3 38 229000263 229000718 142 
2020-12-15T07:27:27 0 0 경기76자1856 3 0 229000263 218000223 52 
2020-12-15T07:28:27 0 0 경기76자1792 3 38 229000263 229000718 142 
2020-12-15T07:28:27 0 0 경기76자1856 3 0 229000263 218000223 52 
2020-12-15T07:29:27 0 0 경기76자1792 3 38 229000263 229000718 142 
2020-12-15T07:29:27 0 0 경기76자1856 3 0 229000263 218000223 52 
2020-12-15T07:30:26 0 0 경기76자1792 3 38 229000263 229000718 142 
2020-12-15T07:30:26 0 0 경기76자1856 3 0 229000263 111000010 53 
2020-12-15T07:31:25 0 0 경기76자1792 3 38 229000263 229000718 142 
2020-12-15T07:31:25 0 0 경기76자1856 3 0 229000263 111000012 54 
2020-12-15T07:32:25 0 0 경기76자1792 3 38 229000263 229000718 142 
2020-12-15T07:32:25 0 0 경기76자1856 3 0 229000263 111000012 54 
2020-12-15T07:33:25 0 0 경기76자1792 3 38 229000263 229000718 142 
2020-12-15T07:33:25 0 0 경기76자1856 3 0 229000263 111000012 54 
2020-12-15T07:34:25 0 0 경기76자1792 3 38 229000263 229000718 142 
2020-12-15T07:34:25 0 0 경기76자1856 3 1 229000263 111000014 55 
2020-12-15T07:35:25 0 0 경기76자1792 3 38 229000263 229000718 142 
2020-12-15T07:35:25 0 0 경기76자1856 3 2 229000263 111000014 55 
2020-12-15T07:36:24 0 0 경기76자1856 3 2 229000263 111000925 56 
2020-12-15T07:37:24 0 0 경기76자1856 3 14 229000263 111000927 57 
2020-12-15T07:38:23 0 0 경기76자1856 3 13 229000263 111000927 57 
2020-12-15T07:39:23 0 0 경기76자1856 3 13 229000263 111000929 58 
2020-12-15T07:40:22 0 0 경기76자1856 3 13 229000263 111000931 59 
2020-12-15T07:41:22 0 0 경기76자1856 3 13 229000263 111000931 59 
2020-12-15T07:42:21 0 0 경기76자1856 3 13 229000263 111000933 60 
2020-12-15T07:43:20 0 0 경기76자1856 3 13 229000263 111000933 60 
2020-12-15T07:44:20 0 0 경기76자1856 3 13 229000263 111000937 61 
2020-12-15T07:45:19 0 0 경기76자1856 3 14 229000263 112000405 62 
2020-12-15T07:46:18 0 0 경기76자1856 3 14 229000263 112000405 62 
2020-12-15T07:47:18 0 0 경기76자1856 3 14 229000263 112000405 62 
2020-12-15T07:48:16 0 0 경기76자1856 3 14 229000263 112000405 62 
2020-12-15T07:49:17 0 0 경기76자1856 3 14 229000263 112000416 64 
2020-12-15T07:50:16 0 0 경기76자1856 3 14 229000263 112000398 65 
2020-12-15T07:51:15 0 0 경기76자1856 3 14 229000263 112000398 65 
2020-12-15T07:52:16 0 0 경기76자1856 3 14 229000263 112000404 66 
2020-12-15T07:53:15 0 0 경기76자1856 3 14 229000263 112000404 66 
2020-12-15T07:54:15 0 0 경기76자1856 3 14 229000263 112000402 67 
2020-12-15T07:55:18 0 0 경기76자1856 3 15 229000263 112000402 67 
2020-12-15T07:56:21 0 0 경기76자1856 3 15 229000263 112000402 67 
2020-12-15T07:57:19 0 0 경기76자1856 3 16 229000263 112000402 67 
2020-12-15T07:58:19 0 0 경기76자1856 3 17 229000263 100000363 68 
2020-12-15T07:59:19 0 0 경기76자1856 3 17 229000263 100000363 68 
2020-12-15T07:59:19 0 0 경기76자1882 3 40 229000263 229000745 2 
2020-12-15T08:00:18 0 0 경기76자1882 3 40 229000263 229000744 3 
2020-12-15T08:00:18 0 0 경기76자1856 3 17 229000263 100000363 68 
2020-12-15T08:01:19 0 0 경기76자1856 3 17 229000263 100000363 68 
2020-12-15T08:01:19 0 0 경기76자1882 3 40 229000263 229000743 4 
2020-12-15T08:02:18 0 0 경기76자1856 3 19 229000263 100000154 69 
2020-12-15T08:02:18 0 0 경기76자1882 3 40 229000263 229000742 5 
2020-12-15T08:03:21 0 0 경기76자1856 3 21 229000263 100000025 70 
2020-12-15T08:03:21 0 0 경기76자1882 3 39 229000263 229000741 6 
2020-12-15T08:04:16 0 0 경기76자1856 3 31 229000263 100000025 70 
2020-12-15T08:04:16 0 0 경기76자1882 3 39 229000263 229000740 7 
2020-12-15T08:05:15 0 0 경기76자1856 3 31 229000263 100000025 70 
2020-12-15T08:05:15 0 0 경기76자1882 3 39 229000263 229000739 8 
2020-12-15T08:06:14 0 0 경기76자1882 3 39 229000263 229000738 9 
2020-12-15T08:06:14 0 0 경기76자1856 3 31 229000263 277104283 71 
2020-12-15T08:07:14 0 0 경기76자1882 3 39 229000263 229000738 9 
2020-12-15T08:07:14 0 0 경기76자1856 3 38 229000263 101000128 72 
2020-12-15T08:08:10 0 0 경기76자1856 3 38 229000263 101000128 72 
2020-12-15T08:08:10 0 0 경기76자1882 3 39 229000263 229000565 10 
2020-12-15T08:09:10 0 0 경기76자1856 3 41 229000263 101000022 73 
2020-12-15T08:09:10 0 0 경기76자1882 3 39 229000263 229000564 11 
2020-12-15T08:10:07 0 0 경기76자1882 3 39 229000263 229000583 12 
2020-12-15T08:10:07 0 0 경기76자1856 3 41 229000263 277101885 74 
2020-12-15T08:11:07 0 0 경기76자1856 3 41 229000263 277101993 75 
2020-12-15T08:11:07 0 0 경기76자1882 3 36 229000263 229000582 13 
2020-12-15T08:12:05 0 0 경기76자1856 3 41 229000263 101000020 76 
2020-12-15T08:12:05 0 0 경기76자1882 3 36 229000263 229000534 14 
2020-12-15T08:13:06 0 0 경기76자1856 3 41 229000263 101000020 76 
2020-12-15T08:13:06 0 0 경기76자1882 3 36 229000263 229000533 15 
2020-12-15T08:14:05 0 0 경기76자1856 3 41 229000263 101000020 76 
2020-12-15T08:14:05 0 0 경기76자1882 3 36 229000263 229000531 17 
2020-12-15T08:15:04 0 0 경기76자1882 3 36 229000263 229000531 17 
2020-12-15T08:15:04 0 0 경기76자1856 3 41 229000263 100000362 77 
2020-12-15T08:16:03 0 0 경기76자1856 3 41 229000263 100000362 77 
2020-12-15T08:16:03 0 0 경기76자1882 3 34 229000263 229000530 18 
2020-12-15T08:17:03 0 0 경기76자1882 3 34 229000263 229000530 18 
2020-12-15T08:17:03 0 0 경기76자1856 3 41 229000263 112000401 78 
2020-12-15T08:18:02 0 0 경기76자1856 3 41 229000263 112000401 78 
2020-12-15T08:18:02 0 0 경기76자1882 3 34 229000263 229000529 19 
2020-12-15T08:19:01 0 0 경기76자1856 3 41 229000263 112000401 78 
2020-12-15T08:19:01 0 0 경기76자1882 3 34 229000263 229000528 20 
2020-12-15T08:20:00 0 0 경기76자1882 3 34 229000263 229000528 20 
2020-12-15T08:20:00 0 0 경기76자1856 3 41 229000263 112000409 80 
2020-12-15T08:21:00 0 0 경기76자1882 3 34 229000263 229000528 20 
2020-12-15T08:21:00 0 0 경기76자1856 3 41 229000263 112000408 81 
2020-12-15T08:21:58 0 0 경기76자1882 3 34 229000263 229000528 20 
2020-12-15T08:21:58 0 0 경기76자1856 3 41 229000263 112000408 81 
2020-12-15T08:22:59 0 0 경기76자1856 3 41 229000263 112000408 81 
2020-12-15T08:22:59 0 0 경기76자1882 3 34 229000263 229000527 21 
2020-12-15T08:23:58 0 0 경기76자1856 3 41 229000263 112000408 81 
2020-12-15T08:23:58 0 0 경기76자1882 3 34 229000263 277101746 22 
2020-12-15T08:24:57 0 0 경기76자1856 3 41 229000263 112000408 81 
2020-12-15T08:24:57 0 0 경기76자1882 3 34 229000263 277101746 22 
2020-12-15T08:25:57 0 0 경기76자1882 3 35 229000263 229000496 23 
2020-12-15T08:25:57 0 0 경기76자1856 3 41 229000263 112000406 82 
2020-12-15T08:26:57 0 0 경기76자1856 3 41 229000263 112000406 82 
2020-12-15T08:26:57 0 0 경기76자1882 3 33 229000263 229000496 23 
2020-12-15T08:27:56 0 0 경기76자1882 3 30 229000263 229000495 24 
2020-12-15T08:27:56 0 0 경기76자1856 3 41 229000263 111000938 83 
2020-12-15T08:28:55 0 0 경기76자1882 3 30 229000263 229000494 25 
2020-12-15T08:28:55 0 0 경기76자1856 3 41 229000263 111000938 83 
2020-12-15T08:29:54 0 0 경기76자1882 3 29 229000263 229000494 25 
2020-12-15T08:29:54 0 0 경기76자1856 3 41 229000263 111000936 84 
2020-12-15T08:30:53 0 0 경기76자1856 3 41 229000263 111000934 85 
2020-12-15T08:30:53 0 0 경기76자1882 3 29 229000263 229000524 26 
2020-12-15T08:31:54 0 0 경기76자1856 3 41 229000263 111000934 85 
2020-12-15T08:31:54 0 0 경기76자1882 3 30 229000263 229001479 28 
2020-12-15T08:32:53 0 0 경기76자1882 3 30 229000263 229001479 28 
2020-12-15T08:32:53 0 0 경기76자1856 3 41 229000263 111000932 86 
2020-12-15T08:33:52 0 0 경기76자1882 3 30 229000263 229000522 29 
2020-12-15T08:33:52 0 0 경기76자1856 3 41 229000263 111000930 87 
2020-12-15T08:34:51 0 0 경기76자1856 3 41 229000263 111000928 88 
2020-12-15T08:34:51 0 0 경기76자1882 3 30 229000263 229000521 30 
2020-12-15T08:35:50 0 0 경기76자1856 3 41 229000263 111000928 88 
2020-12-15T08:35:50 0 0 경기76자1882 3 27 229000263 229000521 30 
2020-12-15T08:36:50 0 0 경기76자1882 3 27 229000263 229000521 30 
2020-12-15T08:36:50 0 0 경기76자1856 3 41 229000263 111000926 89 
2020-12-15T08:37:49 0 0 경기76자1882 3 26 229000263 218000165 31 
2020-12-15T08:37:49 0 0 경기76자1856 3 41 229000263 111000926 89 
2020-12-15T08:38:48 0 0 경기76자1882 3 26 229000263 218000677 32 
2020-12-15T08:38:48 0 0 경기76자1856 3 41 229000263 111000013 90 
2020-12-15T08:39:49 0 0 경기76자1882 3 26 229000263 218000677 32 
2020-12-15T08:39:49 0 0 경기76자1856 3 41 229000263 111000013 90 
2020-12-15T08:40:48 0 0 경기76자1856 3 41 229000263 111000013 90 
2020-12-15T08:40:48 0 0 경기76자1882 3 26 229000263 218000164 33 
2020-12-15T08:41:47 0 0 경기76자1856 3 41 229000263 111000013 90 
2020-12-15T08:41:47 0 0 경기76자1882 3 21 229000263 218000163 34 
2020-12-15T08:42:46 0 0 경기76자1882 3 20 229000263 218000530 35 
2020-12-15T08:42:46 0 0 경기76자1856 3 41 229000263 111000013 90 
2020-12-15T08:43:46 0 0 경기76자1856 3 41 229000263 111000011 91 
2020-12-15T08:43:46 0 0 경기76자1882 3 20 229000263 218000162 36 
2020-12-15T08:44:46 0 0 경기76자1856 3 41 229000263 111000009 92 
2020-12-15T08:44:46 0 0 경기76자1882 3 20 229000263 218000161 37 
2020-12-15T08:45:47 0 0 경기76자1856 3 41 229000263 111000009 92 
2020-12-15T08:45:47 0 0 경기76자1882 3 20 229000263 218000160 38 
2020-12-15T08:46:46 0 0 경기76자1856 3 41 229000263 111000009 92 
2020-12-15T08:46:46 0 0 경기76자1882 3 20 229000263 218000159 39 
2020-12-15T08:47:45 0 0 경기76자1882 3 20 229000263 218000159 39 
2020-12-15T08:47:45 0 0 경기76자1856 3 41 229000263 218000217 94 
2020-12-15T08:48:44 0 0 경기76자1882 3 20 229000263 218000159 39 
2020-12-15T08:48:44 0 0 경기76자1856 3 41 229000263 218000459 95 
2020-12-15T08:49:45 0 0 경기76자1856 3 41 229000263 218000459 95 
2020-12-15T08:49:45 0 0 경기76자1882 3 21 229000263 218000157 41 
2020-12-15T08:50:44 0 0 경기76자1882 3 20 229000263 218000156 42 
2020-12-15T08:50:44 0 0 경기76자1856 3 41 229000263 218000652 96 
2020-12-15T08:51:43 0 0 경기76자1882 3 20 229000263 218000156 42 
2020-12-15T08:51:43 0 0 경기76자1856 3 41 229000263 218000214 98 
2020-12-15T08:52:43 0 0 경기76자1882 3 17 229000263 218000155 43 
2020-12-15T08:52:43 0 0 경기76자1856 3 41 229000263 218000213 99 
2020-12-15T08:53:42 0 0 경기76자1882 3 17 229000263 218000154 44 
2020-12-15T08:53:42 0 0 경기76자1856 3 39 229000263 218000212 100 
2020-12-15T08:54:41 0 0 경기76자1856 3 39 229000263 218000212 100 
2020-12-15T08:54:41 0 0 경기76자1882 3 17 229000263 218000153 45 
2020-12-15T08:55:40 0 0 경기76자1882 3 17 229000263 218000152 46 
2020-12-15T08:55:40 0 0 경기76자1856 3 39 229000263 218000031 102 
2020-12-15T08:56:39 0 0 경기76자1882 3 16 229000263 218000152 46 
2020-12-15T08:56:39 0 0 경기76자1856 3 39 229000263 218000725 105 
2020-12-15T08:57:40 0 0 경기76자1882 3 16 229000263 218000151 47 
2020-12-15T08:57:40 0 0 경기76자1856 3 39 229000263 218000029 106 
2020-12-15T08:58:39 0 0 경기76자1792 3 41 229000263 229000745 2 
2020-12-15T08:58:39 0 0 경기76자1856 3 39 229000263 218000028 107 
2020-12-15T08:58:39 0 0 경기76자1882 3 13 229000263 218000226 48 
2020-12-15T08:59:39 0 0 경기76자1792 3 41 229000263 229000745 2 
2020-12-15T08:59:39 0 0 경기76자1856 3 39 229000263 218000027 108 
2020-12-15T08:59:39 0 0 경기76자1882 3 12 229000263 218000653 49 
2020-12-15T09:00:38 0 0 경기76자1792 3 41 229000263 229000744 3 
2020-12-15T09:00:38 0 0 경기76자1856 3 39 229000263 218000026 109 
2020-12-15T09:00:38 0 0 경기76자1882 3 12 229000263 218000225 50 
2020-12-15T09:01:38 0 0 경기76자1792 3 40 229000263 229000742 5 
2020-12-15T09:01:38 0 0 경기76자1882 3 12 229000263 218000223 52 
2020-12-15T09:01:38 0 0 경기76자1856 3 39 229000263 218000024 111 
2020-12-15T09:02:37 0 0 경기76자1882 3 13 229000263 218000223 52 
2020-12-15T09:02:37 0 0 경기76자1792 3 40 229000263 229000741 6 
2020-12-15T09:02:37 0 0 경기76자1856 3 39 229000263 218000022 113 
2020-12-15T09:03:36 0 0 경기76자1882 3 13 229000263 218000223 52 
2020-12-15T09:03:36 0 0 경기76자1856 3 39 229000263 218000676 114 
2020-12-15T09:03:36 0 0 경기76자1792 3 38 229000263 229000740 7 
2020-12-15T09:04:35 0 0 경기76자1856 3 39 229000263 218000676 114 
2020-12-15T09:04:35 0 0 경기76자1882 3 13 229000263 218000223 52 
2020-12-15T09:04:35 0 0 경기76자1792 3 38 229000263 229000738 9 
2020-12-15T09:05:36 0 0 경기76자1792 3 38 229000263 229000738 9 
2020-12-15T09:05:36 0 0 경기76자1856 3 39 229000263 218000493 115 
2020-12-15T09:05:36 0 0 경기76자1882 3 13 229000263 218000223 52 
2020-12-15T09:06:35 0 0 경기76자1792 3 38 229000263 229000738 9 
2020-12-15T09:06:35 0 0 경기76자1856 3 40 229000263 229000520 116 
2020-12-15T09:06:35 0 0 경기76자1882 3 13 229000263 111000012 54 
2020-12-15T09:07:34 0 0 경기76자1856 3 40 229000263 229000519 117 
2020-12-15T09:07:34 0 0 경기76자1792 3 38 229000263 229000738 9 
2020-12-15T09:07:34 0 0 경기76자1882 3 14 229000263 111000014 55 
2020-12-15T09:08:33 0 0 경기76자1792 3 38 229000263 229000564 11 
2020-12-15T09:08:33 0 0 경기76자1856 3 40 229000263 229000518 118 
2020-12-15T09:08:33 0 0 경기76자1882 3 14 229000263 111000925 56 
2020-12-15T09:09:32 0 0 경기76자1792 3 37 229000263 229000564 11 
2020-12-15T09:09:32 0 0 경기76자1856 3 40 229000263 229000517 119 
2020-12-15T09:09:32 0 0 경기76자1882 3 16 229000263 111000925 56 
2020-12-15T09:10:32 0 0 경기76자1792 3 37 229000263 229000564 11 
2020-12-15T09:10:32 0 0 경기76자1856 3 40 229000263 229000517 119 
2020-12-15T09:10:32 0 0 경기76자1882 3 16 229000263 111000927 57 
2020-12-15T09:11:31 0 0 경기76자1882 3 21 229000263 111000927 57 
2020-12-15T09:11:31 0 0 경기76자1792 3 37 229000263 229000583 12 
2020-12-15T09:11:31 0 0 경기76자1856 3 39 229000263 229000492 121 
2020-12-15T09:12:30 0 0 경기76자1856 3 39 229000263 229000492 121 
2020-12-15T09:12:30 0 0 경기76자1792 3 37 229000263 229000582 13 
2020-12-15T09:12:30 0 0 경기76자1882 3 23 229000263 111000929 58 
2020-12-15T09:13:29 0 0 경기76자1792 3 37 229000263 229000582 13 
2020-12-15T09:13:29 0 0 경기76자1856 3 39 229000263 229000491 122 
2020-12-15T09:13:29 0 0 경기76자1882 3 23 229000263 111000929 58 
2020-12-15T09:14:28 0 0 경기76자1882 3 24 229000263 111000931 59 
2020-12-15T09:14:28 0 0 경기76자1792 3 37 229000263 229000534 14 
2020-12-15T09:14:28 0 0 경기76자1856 3 39 229000263 229000491 122 
2020-12-15T09:15:28 0 0 경기76자1856 3 39 229000263 229000491 122 
2020-12-15T09:15:28 0 0 경기76자1882 3 24 229000263 111000931 59 
2020-12-15T09:15:28 0 0 경기76자1792 3 35 229000263 229000533 15 
2020-12-15T09:16:27 0 0 경기76자1856 3 39 229000263 229000491 122 
2020-12-15T09:16:27 0 0 경기76자1792 3 34 229000263 229000531 17 
2020-12-15T09:16:27 0 0 경기76자1882 3 25 229000263 111000933 60 
2020-12-15T09:17:27 0 0 경기76자1882 3 25 229000263 111000933 60 
2020-12-15T09:17:27 0 0 경기76자1856 3 39 229000263 229000513 124 
2020-12-15T09:17:27 0 0 경기76자1792 3 34 229000263 229000530 18 
2020-12-15T09:18:28 0 0 경기76자1882 3 25 229000263 111000933 60 
2020-12-15T09:18:28 0 0 경기76자1792 3 34 229000263 229000529 19 
2020-12-15T09:18:28 0 0 경기76자1856 3 39 229000263 229000511 126 
2020-12-15T09:19:27 0 0 경기76자1792 3 34 229000263 229000529 19 
2020-12-15T09:19:27 0 0 경기76자1882 3 25 229000263 111000937 61 
2020-12-15T09:19:27 0 0 경기76자1856 3 39 229000263 229000510 127 
2020-12-15T09:20:26 0 0 경기76자1882 3 25 229000263 111000937 61 
2020-12-15T09:20:26 0 0 경기76자1856 3 39 229000263 229000509 128 
2020-12-15T09:20:26 0 0 경기76자1792 3 34 229000263 229000528 20 
2020-12-15T09:21:27 0 0 경기76자1792 3 34 229000263 229000528 20 
2020-12-15T09:21:27 0 0 경기76자1856 3 39 229000263 229000508 129 
2020-12-15T09:21:27 0 0 경기76자1882 3 25 229000263 112000405 62 
2020-12-15T09:22:26 0 0 경기76자1856 3 40 229000263 229000507 130 
2020-12-15T09:22:26 0 0 경기76자1792 3 34 229000263 229000527 21 
2020-12-15T09:22:26 0 0 경기76자1882 3 25 229000263 112000407 63 
2020-12-15T09:23:25 0 0 경기76자1856 3 40 229000263 229000507 130 
2020-12-15T09:23:25 0 0 경기76자1792 3 34 229000263 229000496 23 
2020-12-15T09:23:25 0 0 경기76자1882 3 24 229000263 112000407 63 
2020-12-15T09:24:25 0 0 경기76자1792 3 31 229000263 229000495 24 
2020-12-15T09:24:25 0 0 경기76자1856 3 40 229000263 229000584 132 
2020-12-15T09:24:25 0 0 경기76자1882 3 24 229000263 112000416 64 
2020-12-15T09:25:25 0 0 경기76자1792 3 31 229000263 229000495 24 
2020-12-15T09:25:25 0 0 경기76자1882 3 24 229000263 112000398 65 
2020-12-15T09:25:25 0 0 경기76자1856 3 40 229000263 229000584 132 
2020-12-15T09:26:24 0 0 경기76자1882 3 24 229000263 112000404 66 
2020-12-15T09:26:24 0 0 경기76자1792 3 31 229000263 229000494 25 
2020-12-15T09:26:24 0 0 경기76자1856 3 40 229000263 229000567 133 
2020-12-15T09:27:23 0 0 경기76자1882 3 24 229000263 112000402 67 
2020-12-15T09:27:23 0 0 경기76자1856 3 41 229000263 229000566 134 
2020-12-15T09:27:23 0 0 경기76자1792 3 30 229000263 229000494 25 
2020-12-15T09:28:22 0 0 경기76자1856 3 41 229000263 229000566 134 
2020-12-15T09:28:22 0 0 경기76자1882 3 25 229000263 112000402 67 
2020-12-15T09:28:22 0 0 경기76자1792 3 30 229000263 229000524 26 
2020-12-15T09:29:21 0 0 경기76자1792 3 30 229000263 229001479 28 
2020-12-15T09:29:21 0 0 경기76자1856 3 41 229000263 229000724 136 
2020-12-15T09:29:21 0 0 경기76자1882 3 25 229000263 100000363 68 
2020-12-15T09:30:21 0 0 경기76자1792 3 30 229000263 229001479 28 
2020-12-15T09:30:21 0 0 경기76자1882 3 25 229000263 100000363 68 
2020-12-15T09:30:21 0 0 경기76자1856 3 41 229000263 229000722 138 
2020-12-15T09:31:21 0 0 경기76자1792 3 29 229000263 229000521 30 
2020-12-15T09:31:21 0 0 경기76자1882 3 25 229000263 100000363 68 
2020-12-15T09:31:21 0 0 경기76자1856 3 41 229000263 229000719 141 
2020-12-15T09:32:20 0 0 경기76자1882 3 25 229000263 100000363 68 
2020-12-15T09:32:20 0 0 경기76자1792 3 28 229000263 229000521 30 
2020-12-15T09:32:20 0 0 경기76자1856 3 41 229000263 229000719 141 
2020-12-15T09:33:20 0 0 경기76자1792 3 28 229000263 218000165 31 
2020-12-15T09:33:20 0 0 경기76자1882 3 25 229000263 100000154 69 
2020-12-15T09:33:20 0 0 경기76자1856 3 41 229000263 229001168 143 
2020-12-15T09:34:20 0 0 경기76자1856 3 41 229000263 229001168 143 
2020-12-15T09:34:20 0 0 경기76자1792 3 26 229000263 218000165 31 
2020-12-15T09:34:20 0 0 경기76자1882 3 28 229000263 100000025 70 
2020-12-15T09:35:20 0 0 경기76자1856 3 41 229000263 229001168 143 
2020-12-15T09:35:20 0 0 경기76자1792 3 26 229000263 218000677 32 
2020-12-15T09:35:20 0 0 경기76자1882 3 35 229000263 100000025 70 
2020-12-15T09:36:20 0 0 경기76자1856 3 41 229000263 229001168 143 
2020-12-15T09:36:20 0 0 경기76자1882 3 35 229000263 100000025 70 
2020-12-15T09:36:20 0 0 경기76자1792 3 25 229000263 218000164 33 
2020-12-15T09:37:20 0 0 경기76자1856 3 41 229000263 229001168 143 
2020-12-15T09:37:20 0 0 경기76자1882 3 35 229000263 277104283 71 
2020-12-15T09:37:20 0 0 경기76자1792 3 25 229000263 218000530 35 
2020-12-15T09:38:20 0 0 경기76자1856 3 41 229000263 229001168 143 
2020-12-15T09:38:20 0 0 경기76자1882 3 35 229000263 277104283 71 
2020-12-15T09:38:20 0 0 경기76자1792 3 23 229000263 218000162 36 
2020-12-15T09:39:19 0 0 경기76자1856 3 41 229000263 229001168 143 
2020-12-15T09:39:19 0 0 경기76자1882 3 37 229000263 101000128 72 
2020-12-15T09:39:19 0 0 경기76자1792 3 21 229000263 218000161 37 
2020-12-15T09:40:18 0 0 경기76자1856 3 41 229000263 229001168 143 
2020-12-15T09:40:18 0 0 경기76자1882 3 37 229000263 101000128 72 
2020-12-15T09:40:18 0 0 경기76자1792 3 21 229000263 218000160 38 
2020-12-15T09:41:18 0 0 경기76자1856 3 41 229000263 229001168 143 
2020-12-15T09:41:18 0 0 경기76자1882 3 37 229000263 101000128 72 
2020-12-15T09:41:18 0 0 경기76자1792 3 21 229000263 218000159 39 
2020-12-15T09:42:18 0 0 경기76자1856 3 41 229000263 229001168 143 
2020-12-15T09:42:18 0 0 경기76자1792 3 21 229000263 218000159 39 
2020-12-15T09:42:18 0 0 경기76자1882 3 41 229000263 101000022 73 
2020-12-15T09:43:17 0 0 경기76자1856 3 41 229000263 229001168 143 
2020-12-15T09:43:17 0 0 경기76자1792 3 21 229000263 218000157 41 
2020-12-15T09:43:17 0 0 경기76자1882 3 41 229000263 277101885 74 
2020-12-15T09:44:16 0 0 경기76자1856 3 41 229000263 229001168 143 
2020-12-15T09:44:16 0 0 경기76자1882 3 41 229000263 277101885 74 
2020-12-15T09:44:16 0 0 경기76자1792 3 18 229000263 218000156 42 
2020-12-15T09:45:18 0 0 경기76자1856 3 41 229000263 229001168 143 
2020-12-15T09:45:18 0 0 경기76자1792 3 16 229000263 218000156 42 
2020-12-15T09:45:18 0 0 경기76자1882 3 41 229000263 277101993 75 
2020-12-15T09:46:16 0 0 경기76자1856 3 41 229000263 229001168 143 
2020-12-15T09:46:16 0 0 경기76자1882 3 41 229000263 101000020 76 
2020-12-15T09:46:16 0 0 경기76자1792 3 16 229000263 218000154 44 
2020-12-15T09:47:15 0 0 경기76자1856 3 41 229000263 229001168 143 
2020-12-15T09:47:15 0 0 경기76자1882 3 41 229000263 101000020 76 
2020-12-15T09:47:15 0 0 경기76자1792 3 15 229000263 218000154 44 
2020-12-15T09:48:15 0 0 경기76자1882 3 41 229000263 101000020 76 
2020-12-15T09:48:15 0 0 경기76자1792 3 16 229000263 218000153 45 
2020-12-15T09:49:14 0 0 경기76자1882 3 41 229000263 101000020 76 
2020-12-15T09:49:14 0 0 경기76자1792 3 17 229000263 218000152 46 
2020-12-15T09:50:13 0 0 경기76자1792 3 17 229000263 218000152 46 
2020-12-15T09:50:13 0 0 경기76자1882 3 41 229000263 100000362 77 
2020-12-15T09:51:13 0 0 경기76자1882 3 41 229000263 100000362 77 
2020-12-15T09:51:13 0 0 경기76자1792 3 17 229000263 218000226 48 
2020-12-15T09:52:13 0 0 경기76자1882 3 41 229000263 100000362 77 
2020-12-15T09:52:13 0 0 경기76자1792 3 15 229000263 218000653 49 
2020-12-15T09:53:12 0 0 경기76자1792 3 15 229000263 218000225 50 
2020-12-15T09:53:12 0 0 경기76자1882 3 41 229000263 112000401 78 
2020-12-15T09:54:12 0 0 경기76자1792 3 15 229000263 218000225 50 
2020-12-15T09:54:12 0 0 경기76자1882 3 41 229000263 112000400 79 
2020-12-15T09:55:11 0 0 경기76자1882 3 41 229000263 112000400 79 
2020-12-15T09:55:11 0 0 경기76자1792 3 16 229000263 218000223 52 
2020-12-15T09:56:10 0 0 경기76자1792 3 17 229000263 218000223 52 
2020-12-15T09:56:10 0 0 경기76자1882 3 41 229000263 112000409 80 
2020-12-15T09:57:09 0 0 경기76자1882 3 41 229000263 112000408 81 
2020-12-15T09:57:09 0 0 경기76자1792 3 18 229000263 218000223 52 
2020-12-15T09:58:08 0 0 경기76자1792 3 18 229000263 111000010 53 
2020-12-15T09:58:08 0 0 경기76자1882 3 41 229000263 112000408 81 
2020-12-15T09:59:08 0 0 경기76자1882 3 41 229000263 112000408 81 
2020-12-15T09:59:08 0 0 경기76자1792 3 18 229000263 111000012 54 
2020-12-15T10:00:08 0 0 경기76자1882 3 41 229000263 112000406 82 
2020-12-15T10:00:08 0 0 경기76자1792 3 18 229000263 111000014 55 
2020-12-15T10:01:07 0 0 경기76자1792 3 20 229000263 111000014 55 
2020-12-15T10:01:07 0 0 경기76자1882 3 41 229000263 111000938 83 
2020-12-15T10:02:06 0 0 경기76자1882 3 41 229000263 111000938 83 
2020-12-15T10:02:06 0 0 경기76자1792 3 21 229000263 111000925 56 
2020-12-15T10:03:06 0 0 경기76자1792 3 21 229000263 111000927 57 
2020-12-15T10:03:06 0 0 경기76자1882 3 41 229000263 111000936 84 
2020-12-15T10:04:06 0 0 경기76자1792 3 21 229000263 111000927 57 
2020-12-15T10:04:06 0 0 경기76자1882 3 41 229000263 111000934 85 
2020-12-15T10:05:05 0 0 경기76자1882 3 41 229000263 111000934 85 
2020-12-15T10:05:05 0 0 경기76자1792 3 26 229000263 111000929 58 
2020-12-15T10:06:04 0 0 경기76자1882 3 40 229000263 111000932 86 
2020-12-15T10:06:04 0 0 경기76자1792 3 26 229000263 111000931 59 
2020-12-15T10:07:05 0 0 경기76자1882 3 40 229000263 111000932 86 
2020-12-15T10:07:05 0 0 경기76자1792 3 27 229000263 111000933 60 
2020-12-15T10:08:03 0 0 경기76자1792 3 27 229000263 111000933 60 
2020-12-15T10:08:03 0 0 경기76자1882 3 40 229000263 111000930 87 
2020-12-15T10:09:03 0 0 경기76자1882 3 40 229000263 111000928 88 
2020-12-15T10:09:03 0 0 경기76자1792 3 27 229000263 111000937 61 
2020-12-15T10:10:03 0 0 경기76자1792 3 27 229000263 111000937 61 
2020-12-15T10:10:03 0 0 경기76자1882 3 40 229000263 111000928 88 
2020-12-15T10:11:03 0 0 경기76자1792 3 27 229000263 111000937 61 
2020-12-15T10:11:03 0 0 경기76자1882 3 40 229000263 111000926 89 
2020-12-15T10:12:03 0 0 경기76자1882 3 40 229000263 111000013 90 
2020-12-15T10:12:03 0 0 경기76자1792 3 27 229000263 112000405 62 
2020-12-15T10:13:03 0 0 경기76자1882 3 40 229000263 111000013 90 
2020-12-15T10:13:03 0 0 경기76자1792 3 28 229000263 112000405 62 
2020-12-15T10:14:03 0 0 경기76자1882 3 40 229000263 111000011 91 
2020-12-15T10:14:03 0 0 경기76자1792 3 28 229000263 112000407 63 
2020-12-15T10:15:02 0 0 경기76자1792 3 28 229000263 112000407 63 
2020-12-15T10:15:02 0 0 경기76자1882 3 40 229000263 111000011 91 
2020-12-15T10:16:01 0 0 경기76자1882 3 40 229000263 111000009 92 
2020-12-15T10:16:01 0 0 경기76자1792 3 28 229000263 112000416 64 
2020-12-15T10:17:01 0 0 경기76자1882 3 40 229000263 111000009 92 
2020-12-15T10:17:01 0 0 경기76자1792 3 28 229000263 112000398 65 
2020-12-15T10:18:01 0 0 경기76자1882 3 40 229000263 111000009 92 
2020-12-15T10:18:01 0 0 경기76자1792 3 28 229000263 112000404 66 
2020-12-15T10:19:01 0 0 경기76자1792 3 28 229000263 112000404 66 
2020-12-15T10:19:01 0 0 경기76자1882 3 40 229000263 218000217 94 
2020-12-15T10:20:00 0 0 경기76자1792 3 29 229000263 112000402 67 
2020-12-15T10:20:00 0 0 경기76자1882 3 40 229000263 218000459 95 
2020-12-15T10:21:00 0 0 경기76자1792 3 29 229000263 112000402 67 
2020-12-15T10:21:00 0 0 경기76자1882 3 40 229000263 218000214 98 
2020-12-15T10:21:59 0 0 경기76자1792 3 30 229000263 112000402 67 
2020-12-15T10:21:59 0 0 경기76자1882 3 40 229000263 218000213 99 
2020-12-15T10:22:59 0 0 경기76자1882 3 40 229000263 218000212 100 
2020-12-15T10:22:59 0 0 경기76자1792 3 31 229000263 100000363 68 
2020-12-15T10:23:59 0 0 경기76자1792 3 31 229000263 100000363 68 
2020-12-15T10:23:59 0 0 경기76자1882 3 40 229000263 218000032 101 
2020-12-15T10:24:59 0 0 경기76자1792 3 31 229000263 100000363 68 
2020-12-15T10:24:59 0 0 경기76자1882 3 40 229000263 218000031 102 
2020-12-15T10:25:58 0 0 경기76자1792 3 31 229000263 100000363 68 
2020-12-15T10:25:58 0 0 경기76자1882 3 40 229000263 218000030 104 
2020-12-15T10:26:58 0 0 경기76자1792 3 31 229000263 100000363 68 
2020-12-15T10:26:58 0 0 경기76자1882 3 40 229000263 218000029 106 
2020-12-15T10:27:58 0 0 경기76자1792 3 31 229000263 100000154 69 
2020-12-15T10:27:58 0 0 경기76자1882 3 40 229000263 218000027 108 
2020-12-15T10:28:57 0 0 경기76자1792 3 31 229000263 100000025 70 
2020-12-15T10:28:57 0 0 경기76자1882 3 40 229000263 218000026 109 
2020-12-15T10:29:57 0 0 경기76자1882 3 40 229000263 218000025 110 
2020-12-15T10:29:57 0 0 경기76자1792 3 35 229000263 100000025 70 
2020-12-15T10:30:57 0 0 경기76자1882 3 39 229000263 218000025 110 
2020-12-15T10:30:57 0 0 경기76자1856 3 41 229000263 229000745 2 
2020-12-15T10:30:57 0 0 경기76자1792 3 35 229000263 100000025 70 
2020-12-15T10:31:57 0 0 경기76자1792 3 35 229000263 277104283 71 
2020-12-15T10:31:57 0 0 경기76자1856 3 41 229000263 229000744 3 
2020-12-15T10:31:57 0 0 경기76자1882 3 39 229000263 218000024 111 
2020-12-15T10:32:57 0 0 경기76자1792 3 36 229000263 101000128 72 
2020-12-15T10:32:57 0 0 경기76자1856 3 41 229000263 229000741 6 
2020-12-15T10:32:57 0 0 경기76자1882 3 40 229000263 218000022 113 
2020-12-15T10:33:57 0 0 경기76자1792 3 36 229000263 101000128 72 
2020-12-15T10:33:57 0 0 경기76자1882 3 40 229000263 218000676 114 
2020-12-15T10:33:57 0 0 경기76자1856 3 40 229000263 229000740 7 
2020-12-15T10:34:56 0 0 경기76자1882 3 40 229000263 218000676 114 
2020-12-15T10:34:56 0 0 경기76자1856 3 40 229000263 229000740 7 
2020-12-15T10:34:56 0 0 경기76자1792 3 39 229000263 101000022 73 
2020-12-15T10:35:56 0 0 경기76자1856 3 40 229000263 229000738 9 
2020-12-15T10:35:56 0 0 경기76자1792 3 39 229000263 277101993 75 
2020-12-15T10:35:56 0 0 경기76자1882 3 40 229000263 218000493 115 
2020-12-15T10:36:56 0 0 경기76자1882 3 40 229000263 218000493 115 
2020-12-15T10:36:56 0 0 경기76자1856 3 40 229000263 229000738 9 
2020-12-15T10:36:56 0 0 경기76자1792 3 39 229000263 101000020 76 
2020-12-15T10:37:55 0 0 경기76자1882 3 40 229000263 218000493 115 
2020-12-15T10:37:55 0 0 경기76자1792 3 39 229000263 100000362 77 
2020-12-15T10:37:55 0 0 경기76자1856 3 40 229000263 229000565 10 
2020-12-15T10:38:55 0 0 경기76자1856 3 40 229000263 229000564 11 
2020-12-15T10:38:55 0 0 경기76자1882 3 40 229000263 229000519 117 
2020-12-15T10:38:55 0 0 경기76자1792 3 39 229000263 100000362 77 
2020-12-15T10:39:54 0 0 경기76자1856 3 40 229000263 229000564 11 
2020-12-15T10:39:54 0 0 경기76자1882 3 40 229000263 229000518 118 
2020-12-15T10:39:54 0 0 경기76자1792 3 39 229000263 112000401 78 
2020-12-15T10:40:55 0 0 경기76자1792 3 38 229000263 112000401 78 
2020-12-15T10:40:55 0 0 경기76자1856 3 40 229000263 229000583 12 
2020-12-15T10:40:55 0 0 경기76자1882 3 40 229000263 229000517 119 
2020-12-15T10:41:54 0 0 경기76자1882 3 40 229000263 229000517 119 
2020-12-15T10:41:54 0 0 경기76자1856 3 39 229000263 229000582 13 
2020-12-15T10:41:54 0 0 경기76자1792 3 38 229000263 112000400 79 
2020-12-15T10:42:54 0 0 경기76자1856 3 39 229000263 229000582 13 
2020-12-15T10:42:54 0 0 경기76자1792 3 38 229000263 112000409 80 
2020-12-15T10:42:54 0 0 경기76자1882 3 40 229000263 229000517 119 
2020-12-15T10:43:54 0 0 경기76자1792 3 38 229000263 112000409 80 
2020-12-15T10:43:54 0 0 경기76자1856 3 39 229000263 229000582 13 
2020-12-15T10:43:54 0 0 경기76자1882 3 40 229000263 229000492 121 
2020-12-15T10:44:53 0 0 경기76자1882 3 40 229000263 229000492 121 
2020-12-15T10:44:53 0 0 경기76자1856 3 39 229000263 229000534 14 
2020-12-15T10:44:53 0 0 경기76자1792 3 38 229000263 112000408 81 
2020-12-15T10:45:53 0 0 경기76자1792 3 38 229000263 112000408 81 
2020-12-15T10:45:53 0 0 경기76자1882 3 40 229000263 229000491 122 
2020-12-15T10:45:53 0 0 경기76자1856 3 39 229000263 229000533 15 
2020-12-15T10:46:53 0 0 경기76자1792 3 38 229000263 112000408 81 
2020-12-15T10:46:53 0 0 경기76자1882 3 40 229000263 229000491 122 
2020-12-15T10:46:53 0 0 경기76자1856 3 39 229000263 229000533 15 
2020-12-15T10:47:53 0 0 경기76자1882 3 40 229000263 229000491 122 
2020-12-15T10:47:53 0 0 경기76자1792 3 38 229000263 112000406 82 
2020-12-15T10:47:53 0 0 경기76자1856 3 39 229000263 229000532 16 
2020-12-15T10:48:53 0 0 경기76자1882 3 40 229000263 229000491 122 
2020-12-15T10:48:53 0 0 경기76자1792 3 38 229000263 112000406 82 
2020-12-15T10:48:53 0 0 경기76자1856 3 38 229000263 229000531 17 
2020-12-15T10:49:52 0 0 경기76자1792 3 38 229000263 112000406 82 
2020-12-15T10:49:52 0 0 경기76자1856 3 38 229000263 229000531 17 
2020-12-15T10:49:52 0 0 경기76자1882 3 40 229000263 229000491 122 
2020-12-15T10:50:51 0 0 경기76자1882 3 40 229000263 229000491 122 
2020-12-15T10:50:51 0 0 경기76자1856 3 38 229000263 229000530 18 
2020-12-15T10:50:51 0 0 경기76자1792 3 38 229000263 111000938 83 
2020-12-15T10:51:50 0 0 경기76자1792 3 38 229000263 111000936 84 
2020-12-15T10:51:50 0 0 경기76자1882 3 40 229000263 229000514 123 
2020-12-15T10:51:50 0 0 경기76자1856 3 38 229000263 229000529 19 
2020-12-15T10:52:50 0 0 경기76자1792 3 38 229000263 111000936 84 
2020-12-15T10:52:50 0 0 경기76자1882 3 40 229000263 229000512 125 
2020-12-15T10:52:50 0 0 경기76자1856 3 38 229000263 229000528 20 
2020-12-15T10:53:50 0 0 경기76자1856 3 38 229000263 229000528 20 
2020-12-15T10:53:50 0 0 경기76자1792 3 38 229000263 111000934 85 
2020-12-15T10:53:50 0 0 경기76자1882 3 40 229000263 229000511 126 
2020-12-15T10:54:49 0 0 경기76자1792 3 38 229000263 111000932 86 
2020-12-15T10:54:49 0 0 경기76자1882 3 40 229000263 229000509 128 
2020-12-15T10:54:49 0 0 경기76자1856 3 38 229000263 229000527 21 
2020-12-15T10:55:48 0 0 경기76자1856 3 38 229000263 277101746 22 
2020-12-15T10:55:48 0 0 경기76자1792 3 38 229000263 111000930 87 
2020-12-15T10:55:48 0 0 경기76자1882 3 40 229000263 229000509 128 
2020-12-15T10:56:47 0 0 경기76자1792 3 38 229000263 111000928 88 
2020-12-15T10:56:47 0 0 경기76자1856 3 38 229000263 277101746 22 
2020-12-15T10:56:47 0 0 경기76자1882 3 41 229000263 229000507 130 
2020-12-15T10:57:47 0 0 경기76자1792 3 38 229000263 111000928 88 
2020-12-15T10:57:47 0 0 경기76자1856 3 38 229000263 229000496 23 
2020-12-15T10:57:47 0 0 경기76자1882 3 41 229000263 229000507 130 
2020-12-15T10:58:46 0 0 경기76자1856 3 38 229000263 229000495 24 
2020-12-15T10:58:46 0 0 경기76자1792 3 37 229000263 111000926 89 
2020-12-15T10:58:46 0 0 경기76자1882 3 41 229000263 229000585 131 
2020-12-15T10:59:45 0 0 경기76자1856 3 38 229000263 229000495 24 
2020-12-15T10:59:45 0 0 경기76자1792 3 37 229000263 111000013 90 
2020-12-15T10:59:45 0 0 경기76자1882 3 41 229000263 229000584 132 
2020-12-15T11:00:45 0 0 경기76자1882 3 41 229000263 229000567 133 
2020-12-15T11:00:45 0 0 경기76자1856 3 38 229000263 229000494 25 
2020-12-15T11:00:45 0 0 경기76자1792 3 37 229000263 111000013 90 
2020-12-15T11:01:44 0 0 경기76자1856 3 38 229000263 229000494 25 
2020-12-15T11:01:44 0 0 경기76자1792 3 37 229000263 111000011 91 
2020-12-15T11:01:44 0 0 경기76자1882 3 41 229000263 229000566 134 
2020-12-15T11:02:44 0 0 경기76자1792 3 37 229000263 111000011 91 
2020-12-15T11:02:44 0 0 경기76자1882 3 41 229000263 229000566 134 
2020-12-15T11:02:44 0 0 경기76자1856 3 38 229000263 229000494 25 
2020-12-15T11:03:43 0 0 경기76자1882 3 41 229000263 229000566 134 
2020-12-15T11:03:43 0 0 경기76자1792 3 37 229000263 111000009 92 
2020-12-15T11:03:43 0 0 경기76자1856 3 38 229000263 229000523 27 
2020-12-15T11:04:43 0 0 경기76자1792 3 37 229000263 111000009 92 
2020-12-15T11:04:43 0 0 경기76자1856 3 39 229000263 229001479 28 
2020-12-15T11:04:43 0 0 경기76자1882 3 41 229000263 229000723 137 
2020-12-15T11:05:42 0 0 경기76자1856 3 39 229000263 229000522 29 
2020-12-15T11:05:42 0 0 경기76자1882 3 41 229000263 229000722 138 
2020-12-15T11:05:42 0 0 경기76자1792 3 35 229000263 111000009 92 
2020-12-15T11:06:41 0 0 경기76자1882 3 41 229000263 229000721 139 
2020-12-15T11:06:41 0 0 경기76자1856 3 39 229000263 229000521 30 
2020-12-15T11:06:41 0 0 경기76자1792 3 35 229000263 111000009 92 
2020-12-15T11:07:40 0 0 경기76자1856 3 39 229000263 229000521 30 
2020-12-15T11:07:40 0 0 경기76자1792 3 35 229000263 111000009 92 
2020-12-15T11:07:40 0 0 경기76자1882 3 41 229000263 229000719 141 
2020-12-15T11:08:40 0 0 경기76자1882 3 41 229000263 229000718 142 
2020-12-15T11:08:40 0 0 경기76자1856 3 39 229000263 218000165 31 
2020-12-15T11:08:40 0 0 경기76자1792 3 35 229000263 218000218 93 
2020-12-15T11:09:39 0 0 경기76자1882 3 41 229000263 229001168 143 
2020-12-15T11:09:39 0 0 경기76자1792 3 34 229000263 218000217 94 
2020-12-15T11:09:39 0 0 경기76자1856 3 36 229000263 218000164 33 
2020-12-15T11:10:39 0 0 경기76자1882 3 41 229000263 229001168 143 
2020-12-15T11:10:39 0 0 경기76자1792 3 34 229000263 218000652 96 
2020-12-15T11:10:39 0 0 경기76자1856 3 35 229000263 218000530 35 
2020-12-15T11:11:39 0 0 경기76자1882 3 41 229000263 229001168 143 
2020-12-15T11:11:39 0 0 경기76자1856 3 35 229000263 218000162 36 
2020-12-15T11:11:39 0 0 경기76자1792 3 34 229000263 218000214 98 
2020-12-15T11:12:40 0 0 경기76자1882 3 41 229000263 229001168 143 
2020-12-15T11:12:40 0 0 경기76자1856 3 35 229000263 218000161 37 
2020-12-15T11:12:40 0 0 경기76자1792 3 34 229000263 218000214 98 
2020-12-15T11:13:38 0 0 경기76자1882 3 41 229000263 229001168 143 
2020-12-15T11:13:38 0 0 경기76자1856 3 35 229000263 218000160 38 
2020-12-15T11:13:38 0 0 경기76자1792 3 34 229000263 218000212 100 
2020-12-15T11:14:38 0 0 경기76자1882 3 41 229000263 229001168 143 
2020-12-15T11:14:38 0 0 경기76자1792 3 34 229000263 218000212 100 
2020-12-15T11:14:38 0 0 경기76자1856 3 35 229000263 218000159 39 
2020-12-15T11:15:38 0 0 경기76자1882 3 41 229000263 229001168 143 
2020-12-15T11:15:38 0 0 경기76자1792 3 34 229000263 218000032 101 
2020-12-15T11:15:38 0 0 경기76자1856 3 35 229000263 218000159 39 
2020-12-15T11:16:37 0 0 경기76자1882 3 41 229000263 229001168 143 
2020-12-15T11:16:37 0 0 경기76자1856 3 35 229000263 218000157 41 
2020-12-15T11:16:37 0 0 경기76자1792 3 34 229000263 218000031 102 
2020-12-15T11:17:36 0 0 경기76자1882 3 41 229000263 229001168 143 
2020-12-15T11:17:36 0 0 경기76자1792 3 35 229000263 218000029 106 
2020-12-15T11:17:36 0 0 경기76자1856 3 35 229000263 218000154 44 
2020-12-15T11:18:36 0 0 경기76자1882 3 41 229000263 229001168 143 
2020-12-15T11:18:36 0 0 경기76자1856 3 35 229000263 218000154 44 
2020-12-15T11:18:36 0 0 경기76자1792 3 35 229000263 218000028 107 
2020-12-15T11:19:36 0 0 경기76자1882 3 41 229000263 229001168 143 
2020-12-15T11:19:36 0 0 경기76자1792 3 35 229000263 218000026 109 
2020-12-15T11:19:36 0 0 경기76자1856 3 35 229000263 218000152 46 
2020-12-15T11:20:35 0 0 경기76자1882 3 41 229000263 229001168 143 
2020-12-15T11:20:35 0 0 경기76자1792 3 34 229000263 218000025 110 
2020-12-15T11:20:35 0 0 경기76자1856 3 35 229000263 218000151 47 
2020-12-15T11:21:35 0 0 경기76자1882 3 41 229000263 229001168 143 
2020-12-15T11:21:35 0 0 경기76자1792 3 34 229000263 218000024 111 
2020-12-15T11:21:35 0 0 경기76자1856 3 35 229000263 218000653 49 
2020-12-15T11:22:35 0 0 경기76자1882 3 41 229000263 229001168 143 
2020-12-15T11:22:35 0 0 경기76자1856 3 35 229000263 218000653 49 
2020-12-15T11:22:35 0 0 경기76자1792 3 34 229000263 218000023 112 
2020-12-15T11:23:35 0 0 경기76자1882 3 41 229000263 229001168 143 
2020-12-15T11:23:35 0 0 경기76자1792 3 33 229000263 218000022 113 
2020-12-15T11:23:35 0 0 경기76자1856 3 35 229000263 218000225 50 
2020-12-15T11:24:34 0 0 경기76자1856 3 35 229000263 218000225 50 
2020-12-15T11:24:34 0 0 경기76자1792 3 33 229000263 218000676 114 
2020-12-15T11:25:34 0 0 경기76자1792 3 33 229000263 218000676 114 
2020-12-15T11:25:34 0 0 경기76자1856 3 35 229000263 218000223 52 
2020-12-15T11:26:34 0 0 경기76자1856 3 35 229000263 218000223 52 
2020-12-15T11:26:34 0 0 경기76자1792 3 33 229000263 218000493 115 
2020-12-15T11:27:33 0 0 경기76자1792 3 33 229000263 218000493 115 
2020-12-15T11:27:33 0 0 경기76자1856 3 36 229000263 111000010 53 
2020-12-15T11:28:34 0 0 경기76자1856 3 36 229000263 111000010 53 
2020-12-15T11:28:34 0 0 경기76자1792 3 34 229000263 229000520 116 
2020-12-15T11:29:33 0 0 경기76자1792 3 34 229000263 229000519 117 
2020-12-15T11:29:33 0 0 경기76자1856 3 36 229000263 111000010 53 
2020-12-15T11:30:32 0 0 경기76자1856 3 36 229000263 111000012 54 
2020-12-15T11:30:32 0 0 경기76자1792 3 34 229000263 229000518 118 
2020-12-15T11:31:30 0 0 경기76자1856 3 36 229000263 111000014 55 
2020-12-15T11:31:30 0 0 경기76자1792 3 34 229000263 229000517 119 
2020-12-15T11:32:30 0 0 경기76자1792 3 34 229000263 229000517 119 
2020-12-15T11:32:30 0 0 경기76자1856 3 36 229000263 111000925 56 
2020-12-15T11:33:30 0 0 경기76자1792 3 34 229000263 229000493 120 
2020-12-15T11:33:30 0 0 경기76자1856 3 37 229000263 111000927 57 
2020-12-15T11:34:29 0 0 경기76자1856 3 37 229000263 111000927 57 
2020-12-15T11:34:29 0 0 경기76자1792 3 34 229000263 229000492 121 
2020-12-15T11:35:29 0 0 경기76자1792 3 34 229000263 229000492 121 
2020-12-15T11:35:29 0 0 경기76자1856 3 38 229000263 111000927 57 
2020-12-15T11:36:28 0 0 경기76자1792 3 34 229000263 229000491 122 
2020-12-15T11:36:28 0 0 경기76자1856 3 39 229000263 111000931 59 
2020-12-15T11:37:27 0 0 경기76자1792 3 34 229000263 229000491 122 
2020-12-15T11:37:27 0 0 경기76자1856 3 40 229000263 111000931 59 
2020-12-15T11:38:26 0 0 경기76자1792 3 34 229000263 229000491 122 
2020-12-15T11:38:26 0 0 경기76자1856 3 40 229000263 111000933 60 
2020-12-15T11:39:26 0 0 경기76자1792 3 34 229000263 229000491 122 
2020-12-15T11:39:26 0 0 경기76자1856 3 40 229000263 111000933 60 
2020-12-15T11:40:25 0 0 경기76자1856 3 40 229000263 111000937 61 
2020-12-15T11:40:25 0 0 경기76자1792 3 34 229000263 229000491 122 
2020-12-15T11:41:25 0 0 경기76자1792 3 34 229000263 229000491 122 
2020-12-15T11:41:25 0 0 경기76자1856 3 40 229000263 111000937 61 
2020-12-15T11:42:25 0 0 경기76자1792 3 34 229000263 229000514 123 
2020-12-15T11:42:25 0 0 경기76자1856 3 41 229000263 112000405 62 
2020-12-15T11:43:25 0 0 경기76자1856 3 41 229000263 112000405 62 
2020-12-15T11:43:25 0 0 경기76자1792 3 34 229000263 229000512 125 
2020-12-15T11:44:25 0 0 경기76자1856 3 41 229000263 112000407 63 
2020-12-15T11:44:25 0 0 경기76자1792 3 36 229000263 229000511 126 
2020-12-15T11:45:23 0 0 경기76자1792 3 37 229000263 229000510 127 
2020-12-15T11:45:23 0 0 경기76자1856 3 41 229000263 112000416 64 
2020-12-15T11:46:23 0 0 경기76자1792 3 39 229000263 229000509 128 
2020-12-15T11:46:23 0 0 경기76자1856 3 41 229000263 112000398 65 
2020-12-15T11:47:23 0 0 경기76자1792 3 39 229000263 229000509 128 
2020-12-15T11:47:23 0 0 경기76자1856 3 41 229000263 112000398 65 
2020-12-15T11:48:23 0 0 경기76자1856 3 41 229000263 112000404 66 
2020-12-15T11:48:23 0 0 경기76자1792 3 39 229000263 229000508 129 
2020-12-15T11:49:23 0 0 경기76자1856 3 41 229000263 112000404 66 
2020-12-15T11:49:23 0 0 경기76자1792 3 39 229000263 229000585 131 
2020-12-15T11:50:22 0 0 경기76자1856 3 41 229000263 112000402 67 
2020-12-15T11:50:22 0 0 경기76자1792 3 39 229000263 229000584 132 
2020-12-15T11:51:21 0 0 경기76자1856 3 41 229000263 112000402 67 
2020-12-15T11:51:21 0 0 경기76자1792 3 39 229000263 229000584 132 
2020-12-15T11:52:21 0 0 경기76자1792 3 39 229000263 229000584 132 
2020-12-15T11:52:21 0 0 경기76자1856 3 41 229000263 112000402 67 
2020-12-15T11:53:21 0 0 경기76자1856 3 41 229000263 100000363 68 
2020-12-15T11:53:21 0 0 경기76자1792 3 39 229000263 229000567 133 
2020-12-15T11:54:20 0 0 경기76자1856 3 41 229000263 100000363 68 
2020-12-15T11:54:20 0 0 경기76자1792 3 39 229000263 229000566 134 
2020-12-15T11:55:20 0 0 경기76자1856 3 41 229000263 100000363 68 
2020-12-15T11:55:20 0 0 경기76자1792 3 39 229000263 229000566 134 
2020-12-15T11:56:19 0 0 경기76자1856 3 41 229000263 100000363 68 
2020-12-15T11:56:19 0 0 경기76자1792 3 39 229000263 229000566 134 
2020-12-15T11:57:19 0 0 경기76자1856 3 41 229000263 100000363 68 
2020-12-15T11:57:19 0 0 경기76자1792 3 39 229000263 229000723 137 
2020-12-15T11:58:18 0 0 경기76자1856 3 41 229000263 100000154 69 
2020-12-15T11:58:18 0 0 경기76자1792 3 39 229000263 229000721 139 
2020-12-15T11:59:18 0 0 경기76자1792 3 39 229000263 229000719 141 
2020-12-15T11:59:18 0 0 경기76자1856 3 40 229000263 100000025 70 
2020-12-15T11:59:18 0 0 경기76자1882 3 41 229000263 229000745 2 
2020-12-15T12:00:18 0 0 경기76자1856 3 40 229000263 100000025 70 
2020-12-15T12:00:18 0 0 경기76자1792 3 39 229000263 229000719 141 
2020-12-15T12:00:18 0 0 경기76자1882 3 41 229000263 229000744 3 
2020-12-15T12:01:17 0 0 경기76자1856 3 40 229000263 277104283 71 
2020-12-15T12:01:17 0 0 경기76자1792 3 39 229000263 229001168 143 
2020-12-15T12:01:17 0 0 경기76자1882 3 40 229000263 229000742 5 
2020-12-15T12:02:16 0 0 경기76자1792 3 40 229000263 229001168 143 
2020-12-15T12:02:16 0 0 경기76자1856 3 40 229000263 101000128 72 
2020-12-15T12:02:16 0 0 경기76자1882 3 40 229000263 229000741 6 
2020-12-15T12:03:16 0 0 경기76자1792 3 40 229000263 229001168 143 
2020-12-15T12:03:16 0 0 경기76자1856 3 40 229000263 101000128 72 
2020-12-15T12:03:16 0 0 경기76자1882 3 40 229000263 229000740 7 
2020-12-15T12:04:16 0 0 경기76자1792 3 40 229000263 229001168 143 
2020-12-15T12:04:16 0 0 경기76자1856 3 40 229000263 101000022 73 
2020-12-15T12:04:16 0 0 경기76자1882 3 40 229000263 229000738 9 
2020-12-15T12:05:16 0 0 경기76자1792 3 40 229000263 229001168 143 
2020-12-15T12:05:16 0 0 경기76자1882 3 40 229000263 229000738 9 
2020-12-15T12:05:16 0 0 경기76자1856 3 40 229000263 277101885 74 
2020-12-15T12:06:15 0 0 경기76자1792 3 40 229000263 229001168 143 
2020-12-15T12:06:15 0 0 경기76자1882 3 40 229000263 229000565 10 
2020-12-15T12:06:15 0 0 경기76자1856 3 40 229000263 101000020 76 
2020-12-15T12:07:15 0 0 경기76자1792 3 40 229000263 229001168 143 
2020-12-15T12:07:15 0 0 경기76자1882 3 40 229000263 229000564 11 
2020-12-15T12:07:15 0 0 경기76자1856 3 40 229000263 100000362 77 
2020-12-15T12:08:15 0 0 경기76자1792 3 40 229000263 229001168 143 
2020-12-15T12:08:15 0 0 경기76자1856 3 40 229000263 100000362 77 
2020-12-15T12:08:15 0 0 경기76자1882 3 40 229000263 229000582 13 
2020-12-15T12:09:14 0 0 경기76자1792 3 40 229000263 229001168 143 
2020-12-15T12:09:14 0 0 경기76자1882 3 39 229000263 229000582 13 
2020-12-15T12:09:14 0 0 경기76자1856 3 40 229000263 100000362 77 
2020-12-15T12:10:14 0 0 경기76자1792 3 40 229000263 229001168 143 
2020-12-15T12:10:14 0 0 경기76자1856 3 40 229000263 112000401 78 
2020-12-15T12:10:14 0 0 경기76자1882 3 39 229000263 229000582 13 
2020-12-15T12:11:13 0 0 경기76자1792 3 40 229000263 229001168 143 
2020-12-15T12:11:13 0 0 경기76자1882 3 39 229000263 229000582 13 
2020-12-15T12:11:13 0 0 경기76자1856 3 40 229000263 112000400 79 
2020-12-15T12:12:14 0 0 경기76자1792 3 40 229000263 229001168 143 
2020-12-15T12:12:14 0 0 경기76자1856 3 40 229000263 112000409 80 
2020-12-15T12:12:14 0 0 경기76자1882 3 39 229000263 229000533 15 
2020-12-15T12:13:12 0 0 경기76자1792 3 40 229000263 229001168 143 
2020-12-15T12:13:12 0 0 경기76자1856 3 40 229000263 112000408 81 
2020-12-15T12:13:12 0 0 경기76자1882 3 39 229000263 229000532 16 
2020-12-15T12:14:12 0 0 경기76자1792 3 40 229000263 229001168 143 
2020-12-15T12:14:12 0 0 경기76자1882 3 38 229000263 229000530 18 
2020-12-15T12:14:12 0 0 경기76자1856 3 40 229000263 112000408 81 
2020-12-15T12:15:11 0 0 경기76자1792 3 40 229000263 229001168 143 
2020-12-15T12:15:11 0 0 경기76자1856 3 40 229000263 112000408 81 
2020-12-15T12:15:11 0 0 경기76자1882 3 38 229000263 229000529 19 
2020-12-15T12:16:11 0 0 경기76자1792 3 40 229000263 229001168 143 
2020-12-15T12:16:11 0 0 경기76자1856 3 40 229000263 112000406 82 
2020-12-15T12:16:11 0 0 경기76자1882 3 38 229000263 229000529 19 
2020-12-15T12:17:10 0 0 경기76자1856 3 40 229000263 112000406 82 
2020-12-15T12:17:10 0 0 경기76자1882 3 38 229000263 229000529 19 
2020-12-15T12:18:10 0 0 경기76자1882 3 38 229000263 229000528 20 
2020-12-15T12:18:10 0 0 경기76자1856 3 40 229000263 112000406 82 
2020-12-15T12:19:10 0 0 경기76자1882 3 38 229000263 229000528 20 
2020-12-15T12:19:10 0 0 경기76자1856 3 40 229000263 111000934 85 
2020-12-15T12:20:09 0 0 경기76자1856 3 40 229000263 111000934 85 
2020-12-15T12:20:09 0 0 경기76자1882 3 38 229000263 277101746 22 
2020-12-15T12:21:09 0 0 경기76자1882 3 38 229000263 229000496 23 
2020-12-15T12:21:09 0 0 경기76자1856 3 40 229000263 111000932 86 
2020-12-15T12:22:08 0 0 경기76자1882 3 38 229000263 229000495 24 
2020-12-15T12:22:08 0 0 경기76자1856 3 38 229000263 111000930 87 
2020-12-15T12:23:08 0 0 경기76자1856 3 38 229000263 111000928 88 
2020-12-15T12:23:08 0 0 경기76자1882 3 36 229000263 229000495 24 
2020-12-15T12:24:08 0 0 경기76자1882 3 36 229000263 229000494 25 
2020-12-15T12:24:08 0 0 경기76자1856 3 37 229000263 111000928 88 
2020-12-15T12:25:08 0 0 경기76자1882 3 36 229000263 229000494 25 
2020-12-15T12:25:08 0 0 경기76자1856 3 37 229000263 111000926 89 
2020-12-15T12:26:08 0 0 경기76자1856 3 37 229000263 111000926 89 
2020-12-15T12:26:08 0 0 경기76자1882 3 37 229000263 229000523 27 
2020-12-15T12:27:06 0 0 경기76자1882 3 37 229000263 229001479 28 
2020-12-15T12:27:06 0 0 경기76자1856 3 37 229000263 111000013 90 
2020-12-15T12:28:06 0 0 경기76자1882 3 37 229000263 229000522 29 
2020-12-15T12:28:06 0 0 경기76자1856 3 37 229000263 111000011 91 
2020-12-15T12:29:06 0 0 경기76자1882 3 37 229000263 229000521 30 
2020-12-15T12:29:06 0 0 경기76자1856 3 37 229000263 111000009 92 
2020-12-15T12:30:05 0 0 경기76자1882 3 37 229000263 229000521 30 
2020-12-15T12:30:05 0 0 경기76자1856 3 37 229000263 111000009 92 
2020-12-15T12:31:04 0 0 경기76자1856 3 37 229000263 111000009 92 
2020-12-15T12:31:04 0 0 경기76자1882 3 38 229000263 218000165 31 
2020-12-15T12:32:03 0 0 경기76자1882 3 38 229000263 218000164 33 
2020-12-15T12:32:03 0 0 경기76자1856 3 37 229000263 218000218 93 
2020-12-15T12:33:03 0 0 경기76자1856 3 37 229000263 218000459 95 
2020-12-15T12:33:03 0 0 경기76자1882 3 37 229000263 218000530 35 
2020-12-15T12:34:03 0 0 경기76자1856 3 37 229000263 218000652 96 
2020-12-15T12:34:03 0 0 경기76자1882 3 36 229000263 218000162 36 
2020-12-15T12:35:03 0 0 경기76자1882 3 36 229000263 218000161 37 
2020-12-15T12:35:03 0 0 경기76자1856 3 37 229000263 218000215 97 
2020-12-15T12:36:03 0 0 경기76자1856 3 37 229000263 218000214 98 
2020-12-15T12:36:03 0 0 경기76자1882 3 36 229000263 218000160 38 
2020-12-15T12:37:03 0 0 경기76자1882 3 36 229000263 218000159 39 
2020-12-15T12:37:03 0 0 경기76자1856 3 37 229000263 218000213 99 
2020-12-15T12:38:03 0 0 경기76자1856 3 37 229000263 218000212 100 
2020-12-15T12:38:03 0 0 경기76자1882 3 36 229000263 218000159 39 
2020-12-15T12:39:01 0 0 경기76자1856 3 37 229000263 218000032 101 
2020-12-15T12:39:01 0 0 경기76자1882 3 35 229000263 218000157 41 
2020-12-15T12:40:01 0 0 경기76자1882 3 31 229000263 218000156 42 
2020-12-15T12:40:01 0 0 경기76자1856 3 36 229000263 218000030 104 
2020-12-15T12:41:01 0 0 경기76자1856 3 36 229000263 218000725 105 
2020-12-15T12:41:01 0 0 경기76자1882 3 29 229000263 218000155 43 
2020-12-15T12:42:00 0 0 경기76자1882 3 29 229000263 218000154 44 
2020-12-15T12:42:00 0 0 경기76자1856 3 36 229000263 218000029 106 
2020-12-15T12:42:59 0 0 경기76자1882 3 29 229000263 218000153 45 
2020-12-15T12:42:59 0 0 경기76자1856 3 36 229000263 218000028 107 
2020-12-15T12:43:59 0 0 경기76자1882 3 29 229000263 218000152 46 
2020-12-15T12:43:59 0 0 경기76자1856 3 36 229000263 218000027 108 
