218000011 2020-12-19T01:28:41.579957+09:00
2020-12-19T07:03:48 0 0 경기73아1597 3 41 218000011 219000644 1 
2020-12-19T07:04:47 0 0 경기73아1597 3 41 218000011 219000644 1 
2020-12-19T07:05:46 0 0 경기73아1597 3 41 218000011 277102634 2 
2020-12-19T07:06:46 0 0 경기73아1597 3 41 218000011 219000565 4 
2020-12-19T07:07:45 0 0 경기73아1597 3 41 218000011 219000440 6 
2020-12-19T07:08:45 0 0 경기73아1597 3 41 218000011 219000443 7 
2020-12-19T07:09:44 0 0 경기73아1597 3 41 218000011 219000443 7 
2020-12-19T07:10:44 0 0 경기73아1597 3 41 218000011 219000435 8 
2020-12-19T07:11:44 0 0 경기73아1597 3 41 218000011 219000434 9 
2020-12-19T07:12:43 0 0 경기73아1597 3 41 218000011 219000434 9 
2020-12-19T07:13:43 0 0 경기73아1597 3 41 218000011 219000434 9 
2020-12-19T07:14:43 0 0 경기73아1597 3 41 218000011 219000434 9 
2020-12-19T07:15:43 0 0 경기73아1597 3 41 218000011 219000434 9 
2020-12-19T07:16:42 0 0 경기73아1597 3 41 218000011 219001153 10 
2020-12-19T07:17:43 0 0 경기73아1597 3 41 218000011 219000450 11 
2020-12-19T07:18:42 0 0 경기73아1597 3 41 218000011 219000343 12 
2020-12-19T07:19:42 0 0 경기73아1597 3 41 218000011 219000673 13 
2020-12-19T07:20:41 0 0 경기73아1597 3 41 218000011 219000673 13 
2020-12-19T07:21:40 0 0 경기73아1597 3 41 218000011 219000673 13 
2020-12-19T07:22:40 0 0 경기73아1597 3 41 218000011 219000999 15 
2020-12-19T07:23:40 0 0 경기73아1597 3 41 218000011 219000627 16 
2020-12-19T07:24:40 0 0 경기73아1597 3 41 218000011 219000627 16 
2020-12-19T07:25:39 0 0 경기73아1597 3 41 218000011 219000363 17 
2020-12-19T07:26:39 0 0 경기73아1597 3 41 218000011 219000363 17 
2020-12-19T07:27:39 0 0 경기73아1597 3 41 218000011 219000192 18 
2020-12-19T07:28:39 0 0 경기73아1597 3 41 218000011 219000192 18 
2020-12-19T07:29:38 0 0 경기73아1597 3 41 218000011 219000131 19 
2020-12-19T07:30:38 0 0 경기73아1597 3 41 218000011 219000131 19 
2020-12-19T07:31:38 0 0 경기73아1597 3 40 218000011 219000356 20 
2020-12-19T07:32:37 0 0 경기73아1597 3 40 218000011 219000370 21 
2020-12-19T07:33:36 0 0 경기73아1597 3 39 218000011 219000370 21 
2020-12-19T07:34:36 0 0 경기73아1597 3 39 218000011 219000370 21 
2020-12-19T07:35:36 0 0 경기73아1597 3 38 218000011 219000368 23 
2020-12-19T07:36:35 0 0 경기73아1597 3 38 218000011 219000368 23 
2020-12-19T07:37:34 0 0 경기73아1597 3 38 218000011 219000163 24 
2020-12-19T07:38:34 0 0 경기73아1597 3 38 218000011 219000163 24 
2020-12-19T07:39:33 0 0 경기73아1597 3 38 218000011 219000163 24 
2020-12-19T07:40:32 0 0 경기73아1597 3 38 218000011 219000163 24 
2020-12-19T07:41:32 0 0 경기73아1597 3 38 218000011 219000163 24 
2020-12-19T07:42:31 0 0 경기73아1597 3 38 218000011 219000163 24 
2020-12-19T07:43:30 0 0 경기73아1597 3 38 218000011 219000163 24 
2020-12-19T07:44:30 0 0 경기73아1597 3 37 218000011 218000316 25 
2020-12-19T07:45:30 0 0 경기73아1597 3 37 218000011 218000316 25 
2020-12-19T07:46:29 0 0 경기73아1597 3 37 218000011 218000317 26 
2020-12-19T07:47:28 0 0 경기73아1597 3 36 218000011 218000318 27 
2020-12-19T07:48:28 0 0 경기73아1597 3 36 218000011 218000637 28 
2020-12-19T07:49:28 0 0 경기73아1597 3 36 218000011 218000637 28 
2020-12-19T07:50:27 0 0 경기73아1597 3 36 218000011 218000637 28 
2020-12-19T07:51:27 0 0 경기73아1597 3 36 218000011 218000145 29 
2020-12-19T07:52:26 0 0 경기73아1597 3 36 218000011 218000145 29 
2020-12-19T07:53:25 0 0 경기73아1597 3 36 218000011 277103090 30 
2020-12-19T07:54:25 0 0 경기73아1597 3 36 218000011 277103090 30 
2020-12-19T07:55:25 0 0 경기73아1597 3 36 218000011 277103090 30 
2020-12-19T07:56:25 0 0 경기73아1597 3 36 218000011 218000140 31 
2020-12-19T07:57:25 0 0 경기73아1597 3 36 218000011 218000140 31 
2020-12-19T07:58:24 0 0 경기73아1597 3 36 218000011 218000140 31 
2020-12-19T07:59:24 0 0 경기73아1597 3 36 218000011 218000140 31 
2020-12-19T08:00:24 0 0 경기73아1597 3 36 218000011 218000140 31 
2020-12-19T08:01:24 0 0 경기73아1597 3 36 218000011 218000140 31 
2020-12-19T08:02:24 0 0 경기73아1597 3 36 218000011 218000140 31 
2020-12-19T08:03:23 0 0 경기73아1597 3 36 218000011 111000007 32 
2020-12-19T08:04:24 0 0 경기73아1597 3 38 218000011 111000007 32 
2020-12-19T08:05:24 0 0 경기73아1597 3 38 218000011 111000007 32 
2020-12-19T08:06:25 0 0 경기73아1597 3 38 218000011 111000007 32 
2020-12-19T08:07:23 0 0 경기73아1597 3 38 218000011 111000007 32 
2020-12-19T08:08:23 0 0 경기73아1597 3 38 218000011 111000007 32 
2020-12-19T08:09:23 0 0 경기73아1597 3 38 218000011 111000007 32 
2020-12-19T08:10:23 0 0 경기73아1597 3 38 218000011 111000007 32 
2020-12-19T08:11:23 0 0 경기73아1597 3 38 218000011 111000007 32 
2020-12-19T08:12:22 0 0 경기73아1597 3 38 218000011 111000007 32 
2020-12-19T08:13:23 0 0 경기73아1597 3 38 218000011 111000007 32 
2020-12-19T08:14:22 0 0 경기73아1597 3 38 218000011 111000007 32 
2020-12-19T08:15:21 0 0 경기73아1597 3 39 218000011 112000012 33 
2020-12-19T08:16:21 0 0 경기73아1597 3 41 218000011 112000012 33 
2020-12-19T08:17:21 0 0 경기73아1597 3 41 218000011 277101784 34 
2020-12-19T08:18:20 0 0 경기73아1597 3 41 218000011 277101784 34 
2020-12-19T08:19:20 0 0 경기73아1597 3 41 218000011 277101784 34 
2020-12-19T08:20:20 0 0 경기73아1597 3 41 218000011 277101784 34 
2020-12-19T08:21:20 0 0 경기73아1597 3 41 218000011 277103098 35 
2020-12-19T08:22:19 0 0 경기73아1597 3 41 218000011 277103098 35 
2020-12-19T08:23:18 0 0 경기73아1597 3 41 218000011 277103099 36 
2020-12-19T08:24:18 0 0 경기73아1597 3 41 218000011 100000034 37 
2020-12-19T08:25:18 0 0 경기73아1597 3 41 218000011 100000034 37 
2020-12-19T08:26:18 0 0 경기73아1597 3 41 218000011 277104283 38 
2020-12-19T08:27:18 0 0 경기73아1597 3 41 218000011 277104283 38 
2020-12-19T08:28:17 0 0 경기73아1597 3 41 218000011 101000128 39 
2020-12-19T08:29:18 0 0 경기73아1597 3 41 218000011 101000022 40 
2020-12-19T08:30:17 0 0 경기73아1597 3 41 218000011 277101885 41 
2020-12-19T08:31:17 0 0 경기73아1597 3 41 218000011 101000020 43 
2020-12-19T08:32:17 0 0 경기73아1597 3 41 218000011 101000020 43 
2020-12-19T08:33:16 0 0 경기73아1597 3 41 218000011 101000020 43 
2020-12-19T08:34:16 0 0 경기73아1597 3 41 218000011 101000020 43 
2020-12-19T08:35:15 0 0 경기73아1597 3 41 218000011 277102320 44 
2020-12-19T08:36:15 0 0 경기73아1597 3 41 218000011 277102320 44 
2020-12-19T08:37:14 0 0 경기73아1597 3 41 218000011 277104396 45 
2020-12-19T08:38:14 0 0 경기73아1597 3 41 218000011 277104396 45 
2020-12-19T08:39:14 0 0 경기73아1597 3 41 218000011 277104396 45 
2020-12-19T08:40:13 0 0 경기73아1597 3 41 218000011 112000013 46 
2020-12-19T08:41:13 0 0 경기73아1597 3 41 218000011 112000013 46 
2020-12-19T08:42:13 0 0 경기73아1597 3 41 218000011 112000013 46 
2020-12-19T08:43:12 0 0 경기73아1597 3 41 218000011 112000013 46 
2020-12-19T08:44:11 0 0 경기73아1597 3 41 218000011 112000013 46 
2020-12-19T08:45:12 0 0 경기73아1597 3 41 218000011 112000013 46 
2020-12-19T08:46:11 0 0 경기73아1597 3 41 218000011 112000013 46 
2020-12-19T08:47:11 0 0 경기73아1597 3 41 218000011 112000013 46 
2020-12-19T08:48:10 0 0 경기73아1597 3 41 218000011 112000013 46 
2020-12-19T08:49:09 0 0 경기73아1597 3 41 218000011 112000013 46 
2020-12-19T08:50:09 0 0 경기73아1597 3 41 218000011 112000013 46 
2020-12-19T08:51:08 0 0 경기73아1597 3 41 218000011 111000008 47 
2020-12-19T08:52:07 0 0 경기73아1597 3 41 218000011 111000008 47 
2020-12-19T08:53:07 0 0 경기73아1597 3 41 218000011 111000008 47 
2020-12-19T08:54:06 0 0 경기73아1597 3 41 218000011 111000008 47 
2020-12-19T08:55:06 0 0 경기73아1597 3 41 218000011 111000008 47 
2020-12-19T08:56:05 0 0 경기73아1597 3 41 218000011 111000008 47 
2020-12-19T08:57:05 0 0 경기73아1597 3 41 218000011 111000008 47 
2020-12-19T08:58:05 0 0 경기73아1597 3 41 218000011 111000008 47 
2020-12-19T08:59:05 0 0 경기73아1597 3 41 218000011 218000139 48 
2020-12-19T09:00:04 0 0 경기73아1597 3 41 218000011 218000139 48 
2020-12-19T09:01:04 0 0 경기73아1597 3 41 218000011 218000139 48 
2020-12-19T09:02:03 0 0 경기73아1597 3 41 218000011 277103091 49 
2020-12-19T09:03:03 0 0 경기73아1597 3 41 218000011 277103091 49 
2020-12-19T09:04:02 0 0 경기73아1597 3 41 218000011 277103091 49 
2020-12-19T09:05:01 0 0 경기73아1597 3 41 218000011 277103091 49 
2020-12-19T09:06:01 0 0 경기73아1597 3 41 218000011 218000134 50 
2020-12-19T09:07:01 0 0 경기73아1597 3 41 218000011 218000134 50 
2020-12-19T09:08:01 0 0 경기73아1597 3 41 218000011 218000134 50 
2020-12-19T09:09:00 0 0 경기73아1597 3 41 218000011 218000636 51 
2020-12-19T09:09:59 0 0 경기73아1597 3 40 218000011 218000078 52 
2020-12-19T09:10:59 0 0 경기73아1597 3 40 218000011 218000078 52 
2020-12-19T09:11:59 0 0 경기73아1597 3 40 218000011 218000319 53 
2020-12-19T09:12:59 0 0 경기73아1597 3 38 218000011 218000319 53 
2020-12-19T09:13:58 0 0 경기73아1597 3 37 218000011 218000320 54 
2020-12-19T09:14:58 0 0 경기73아1597 3 37 218000011 218000320 54 
2020-12-19T09:15:58 0 0 경기73아1597 3 37 218000011 218000320 54 
2020-12-19T09:16:58 0 0 경기73아1597 3 37 218000011 218000320 54 
2020-12-19T09:17:58 0 0 경기73아1597 3 37 218000011 218000320 54 
2020-12-19T09:18:57 0 0 경기73아1597 3 37 218000011 219000386 55 
2020-12-19T09:19:56 0 0 경기73아1597 3 37 218000011 219000386 55 
2020-12-19T09:20:56 0 0 경기73아1597 3 37 218000011 219000386 55 
2020-12-19T09:21:57 0 0 경기73아1597 3 37 218000011 219000385 56 
2020-12-19T09:22:56 0 0 경기73아1597 3 37 218000011 219000385 56 
2020-12-19T09:23:55 0 0 경기73아1597 3 37 218000011 219000385 56 
2020-12-19T09:24:55 0 0 경기73아1597 3 37 218000011 219000383 57 
2020-12-19T09:25:55 0 0 경기73아1597 3 38 218000011 219000383 57 
2020-12-19T09:26:54 0 0 경기73아1597 3 39 218000011 219000191 58 
2020-12-19T09:27:54 0 0 경기73아1597 3 39 218000011 219000191 58 
2020-12-19T09:28:54 0 0 경기73아1597 3 39 218000011 219000130 59 
2020-12-19T09:29:53 0 0 경기73아1597 3 39 218000011 219000190 60 
2020-12-19T09:30:53 0 0 경기73아1597 3 39 218000011 219000190 60 
2020-12-19T09:31:52 0 0 경기73아1597 3 39 218000011 219000190 60 
2020-12-19T09:32:52 0 0 경기73아1597 3 39 218000011 219000189 61 
2020-12-19T09:33:51 0 0 경기73아1597 3 39 218000011 219000189 61 
2020-12-19T09:34:51 0 0 경기73아1597 3 40 218000011 219000129 62 
2020-12-19T09:35:51 0 0 경기73아1597 3 40 218000011 219000623 63 
2020-12-19T09:36:51 0 0 경기73아1597 3 40 218000011 219000623 63 
2020-12-19T09:37:51 0 0 경기73아1597 3 40 218000011 219001155 64 
2020-12-19T09:38:50 0 0 경기73아1597 3 40 218000011 219000674 65 
2020-12-19T09:39:50 0 0 경기73아1597 3 40 218000011 219000119 66 
2020-12-19T09:40:49 0 0 경기73아1597 3 40 218000011 219000119 66 
2020-12-19T09:41:49 0 0 경기73아1597 3 40 218000011 219000119 66 
2020-12-19T09:42:49 0 0 경기73아1597 3 40 218000011 219000119 66 
2020-12-19T09:43:49 0 0 경기73아1597 3 40 218000011 219000451 67 
2020-12-19T09:44:48 0 0 경기73아1597 3 40 218000011 219001152 68 
2020-12-19T09:45:48 0 0 경기73아1597 3 40 218000011 219001152 68 
2020-12-19T09:46:48 0 0 경기73아1597 3 40 218000011 219001152 68 
2020-12-19T09:47:47 0 0 경기73아1597 3 40 218000011 219000565 4 
2020-12-19T09:48:46 0 0 경기73아1597 3 40 218000011 219000440 6 
2020-12-19T09:49:46 0 0 경기73아1597 3 40 218000011 219000443 7 
2020-12-19T09:50:45 0 0 경기73아1597 3 40 218000011 219000443 7 
2020-12-19T09:51:44 0 0 경기73아1597 3 40 218000011 219000435 8 
2020-12-19T09:52:44 0 0 경기73아1597 3 41 218000011 219000434 9 
2020-12-19T09:53:44 0 0 경기73아1597 3 41 218000011 219000434 9 
2020-12-19T09:54:43 0 0 경기73아1597 3 41 218000011 219000434 9 
2020-12-19T09:55:43 0 0 경기73아1597 3 41 218000011 219000434 9 
2020-12-19T09:56:43 0 0 경기73아1597 3 41 218000011 219000434 9 
2020-12-19T09:57:42 0 0 경기73아1597 3 41 218000011 219000645 75 
2020-12-19T09:58:42 0 0 경기73아1597 3 41 218000011 219000645 75 
2020-12-19T09:59:41 0 0 경기73아1597 3 41 218000011 219000645 75 
2020-12-19T10:00:41 0 0 경기73아1597 3 41 218000011 219000645 75 
2020-12-19T10:01:40 0 0 경기73아1597 3 41 218000011 219000645 75 
2020-12-19T10:02:40 0 0 경기73아1597 3 41 218000011 219000645 75 
2020-12-19T10:03:40 0 0 경기73아1597 3 41 218000011 219000645 75 
2020-12-19T10:04:40 0 0 경기73아1597 3 41 218000011 219000645 75 
2020-12-19T10:05:39 0 0 경기73아1597 3 41 218000011 219000645 75 
2020-12-19T10:06:39 0 0 경기73아1597 3 41 218000011 219000645 75 
2020-12-19T10:07:39 0 0 경기73아1597 3 41 218000011 219000645 75 
2020-12-19T10:08:38 0 0 경기73아1597 3 41 218000011 219000645 75 
2020-12-19T10:09:38 0 0 경기73아1597 3 41 218000011 219000645 75 
2020-12-19T10:10:38 0 0 경기73아1597 3 41 218000011 219000645 75 
2020-12-19T10:11:37 0 0 경기73아1597 3 41 218000011 219000645 75 
2020-12-19T10:55:20 0 0 경기73아1596 3 41 218000011 219000644 1 
2020-12-19T10:56:20 0 0 경기73아1596 3 41 218000011 277102634 2 
2020-12-19T10:57:20 0 0 경기73아1596 3 41 218000011 219000752 3 
2020-12-19T10:58:19 0 0 경기73아1596 3 41 218000011 219000565 4 
2020-12-19T10:59:19 0 0 경기73아1596 3 41 218000011 219000440 6 
2020-12-19T11:00:18 0 0 경기73아1596 3 41 218000011 219000443 7 
2020-12-19T11:01:18 0 0 경기73아1596 3 41 218000011 219000435 8 
2020-12-19T11:02:18 0 0 경기73아1596 3 41 218000011 219000435 8 
2020-12-19T11:03:17 0 0 경기73아1596 3 41 218000011 219000434 9 
2020-12-19T11:04:17 0 0 경기73아1596 3 41 218000011 219000434 9 
2020-12-19T11:05:16 0 0 경기73아1596 3 41 218000011 219000434 9 
2020-12-19T11:06:16 0 0 경기73아1596 3 41 218000011 219000434 9 
2020-12-19T11:07:15 0 0 경기73아1596 3 41 218000011 219001153 10 
2020-12-19T11:08:15 0 0 경기73아1596 3 41 218000011 219001153 10 
2020-12-19T11:09:14 0 0 경기73아1596 3 41 218000011 219000450 11 
2020-12-19T11:10:14 0 0 경기73아1596 3 41 218000011 219000450 11 
2020-12-19T11:11:14 0 0 경기73아1596 3 41 218000011 219000343 12 
2020-12-19T11:12:13 0 0 경기73아1596 3 41 218000011 219000343 12 
2020-12-19T11:13:13 0 0 경기73아1596 3 41 218000011 219000343 12 
2020-12-19T11:14:12 0 0 경기73아1596 3 41 218000011 219000673 13 
2020-12-19T11:15:12 0 0 경기73아1596 3 41 218000011 219001172 14 
2020-12-19T11:16:11 0 0 경기73아1596 3 41 218000011 219001172 14 
2020-12-19T11:17:11 0 0 경기73아1596 3 41 218000011 219001172 14 
2020-12-19T11:18:10 0 0 경기73아1596 3 41 218000011 219000999 15 
2020-12-19T11:19:10 0 0 경기73아1596 3 41 218000011 219000627 16 
2020-12-19T11:20:09 0 0 경기73아1596 3 41 218000011 219000627 16 
2020-12-19T11:21:08 0 0 경기73아1596 3 40 218000011 219000363 17 
2020-12-19T11:22:07 0 0 경기73아1596 3 39 218000011 219000192 18 
2020-12-19T11:23:07 0 0 경기73아1596 3 39 218000011 219000192 18 
2020-12-19T11:24:06 0 0 경기73아1596 3 39 218000011 219000192 18 
2020-12-19T11:25:05 0 0 경기73아1596 3 39 218000011 219000131 19 
2020-12-19T11:26:05 0 0 경기73아1596 3 39 218000011 219000356 20 
2020-12-19T11:27:04 0 0 경기73아1596 3 39 218000011 219000356 20 
2020-12-19T11:28:03 0 0 경기73아1596 3 38 218000011 219000356 20 
2020-12-19T11:29:03 0 0 경기73아1596 3 37 218000011 219000370 21 
2020-12-19T11:30:03 0 0 경기73아1596 3 37 218000011 219000370 21 
2020-12-19T11:31:02 0 0 경기73아1596 3 37 218000011 219000454 22 
2020-12-19T11:32:01 0 0 경기73아1596 3 37 218000011 219000368 23 
2020-12-19T11:33:00 0 0 경기73아1596 3 37 218000011 219000368 23 
2020-12-19T11:34:00 0 0 경기73아1596 3 37 218000011 219000368 23 
2020-12-19T11:35:00 0 0 경기73아1596 3 37 218000011 219000163 24 
2020-12-19T11:35:59 0 0 경기73아1596 3 36 218000011 219000163 24 
2020-12-19T11:36:59 0 0 경기73아1596 3 36 218000011 219000163 24 
2020-12-19T11:37:59 0 0 경기73아1596 3 36 218000011 219000163 24 
2020-12-19T11:38:58 0 0 경기73아1596 3 36 218000011 219000163 24 
2020-12-19T11:39:57 0 0 경기73아1596 3 36 218000011 219000163 24 
2020-12-19T11:40:58 0 0 경기73아1596 3 36 218000011 219000163 24 
2020-12-19T11:41:57 0 0 경기73아1596 3 33 218000011 218000316 25 
2020-12-19T11:42:57 0 0 경기73아1596 3 33 218000011 218000316 25 
2020-12-19T11:43:56 0 0 경기73아1596 3 30 218000011 218000317 26 
2020-12-19T11:44:55 0 0 경기73아1596 3 29 218000011 218000318 27 
2020-12-19T11:45:55 0 0 경기73아1596 3 29 218000011 218000318 27 
2020-12-19T11:46:55 0 0 경기73아1596 3 29 218000011 218000318 27 
2020-12-19T11:47:54 0 0 경기73아1596 3 28 218000011 218000637 28 
2020-12-19T11:48:53 0 0 경기73아1596 3 28 218000011 218000637 28 
2020-12-19T11:49:53 0 0 경기73아1596 3 28 218000011 218000637 28 
2020-12-19T11:50:52 0 0 경기73아1596 3 28 218000011 218000145 29 
2020-12-19T11:51:52 0 0 경기73아1596 3 28 218000011 218000145 29 
2020-12-19T11:52:51 0 0 경기73아1596 3 28 218000011 218000145 29 
2020-12-19T11:53:51 0 0 경기73아1596 3 28 218000011 277103090 30 
2020-12-19T11:54:51 0 0 경기73아1596 3 28 218000011 218000140 31 
2020-12-19T11:55:50 0 0 경기73아1596 3 28 218000011 218000140 31 
2020-12-19T11:56:50 0 0 경기73아1596 3 28 218000011 218000140 31 
2020-12-19T11:57:49 0 0 경기73아1596 3 28 218000011 218000140 31 
2020-12-19T11:58:48 0 0 경기73아1596 3 28 218000011 218000140 31 
2020-12-19T11:59:48 0 0 경기73아1596 3 28 218000011 218000140 31 
2020-12-19T12:00:48 0 0 경기73아1596 3 28 218000011 218000140 31 
2020-12-19T12:01:48 0 0 경기73아1596 3 30 218000011 111000007 32 
2020-12-19T12:02:47 0 0 경기73아1596 3 30 218000011 111000007 32 
2020-12-19T12:03:47 0 0 경기73아1596 3 30 218000011 111000007 32 
2020-12-19T12:04:47 0 0 경기73아1596 3 30 218000011 111000007 32 
2020-12-19T12:05:46 0 0 경기73아1596 3 30 218000011 111000007 32 
2020-12-19T12:06:46 0 0 경기73아1596 3 30 218000011 111000007 32 
2020-12-19T12:07:45 0 0 경기73아1596 3 30 218000011 111000007 32 
2020-12-19T12:08:44 0 0 경기73아1596 3 30 218000011 111000007 32 
2020-12-19T12:09:44 0 0 경기73아1596 3 30 218000011 111000007 32 
2020-12-19T12:10:44 0 0 경기73아1596 3 30 218000011 111000007 32 
2020-12-19T12:11:44 0 0 경기73아1596 3 37 218000011 112000012 33 
2020-12-19T12:12:43 0 0 경기73아1596 3 37 218000011 277101784 34 
2020-12-19T12:13:43 0 0 경기73아1596 3 37 218000011 277101784 34 
2020-12-19T12:14:42 0 0 경기73아1596 3 37 218000011 277101784 34 
2020-12-19T12:15:42 0 0 경기73아1596 3 37 218000011 277103098 35 
2020-12-19T12:16:41 0 0 경기73아1596 3 37 218000011 277103098 35 
2020-12-19T12:17:41 0 0 경기73아1596 3 37 218000011 277103098 35 
2020-12-19T12:18:41 0 0 경기73아1596 3 37 218000011 277103099 36 
2020-12-19T12:19:40 0 0 경기73아1596 3 37 218000011 277103099 36 
2020-12-19T12:20:39 0 0 경기73아1596 3 37 218000011 277103099 36 
2020-12-19T12:21:39 0 0 경기73아1596 3 38 218000011 100000034 37 
2020-12-19T12:22:38 0 0 경기73아1596 3 38 218000011 100000034 37 
2020-12-19T12:23:38 0 0 경기73아1596 3 39 218000011 277104283 38 
2020-12-19T12:24:37 0 0 경기73아1596 3 40 218000011 101000128 39 
2020-12-19T12:25:37 0 0 경기73아1596 3 40 218000011 101000128 39 
2020-12-19T12:26:36 0 0 경기73아1596 3 40 218000011 101000128 39 
2020-12-19T12:27:35 0 0 경기73아1596 3 37 218000011 277101885 41 
2020-12-19T12:28:35 0 0 경기73아1596 3 37 218000011 277101885 41 
2020-12-19T12:29:35 0 0 경기73아1596 3 37 218000011 101000020 43 
2020-12-19T12:30:34 0 0 경기73아1596 3 37 218000011 101000020 43 
2020-12-19T12:31:34 0 0 경기73아1596 3 37 218000011 101000020 43 
2020-12-19T12:32:34 0 0 경기73아1596 3 37 218000011 101000020 43 
2020-12-19T12:33:34 0 0 경기73아1596 3 37 218000011 277102320 44 
2020-12-19T12:34:33 0 0 경기73아1596 3 37 218000011 277102320 44 
2020-12-19T12:35:33 0 0 경기73아1596 3 37 218000011 277104396 45 
2020-12-19T12:36:32 0 0 경기73아1596 3 37 218000011 277104396 45 
2020-12-19T12:37:32 0 0 경기73아1596 3 37 218000011 277104396 45 
2020-12-19T12:38:32 0 0 경기73아1596 3 37 218000011 277104396 45 
2020-12-19T12:39:32 0 0 경기73아1596 3 34 218000011 112000013 46 
2020-12-19T12:40:31 0 0 경기73아1596 3 34 218000011 112000013 46 
2020-12-19T12:41:31 0 0 경기73아1596 3 34 218000011 112000013 46 
2020-12-19T12:42:30 0 0 경기73아1596 3 34 218000011 112000013 46 
2020-12-19T12:43:30 0 0 경기73아1596 3 34 218000011 112000013 46 
2020-12-19T12:44:29 0 0 경기73아1596 3 34 218000011 112000013 46 
2020-12-19T12:45:29 0 0 경기73아1596 3 34 218000011 112000013 46 
2020-12-19T12:46:29 0 0 경기73아1596 3 34 218000011 112000013 46 
2020-12-19T12:47:28 0 0 경기73아1596 3 34 218000011 112000013 46 
2020-12-19T12:48:28 0 0 경기73아1596 3 34 218000011 111000008 47 
2020-12-19T12:49:28 0 0 경기73아1596 3 34 218000011 111000008 47 
2020-12-19T12:50:28 0 0 경기73아1596 3 34 218000011 111000008 47 
2020-12-19T12:51:28 0 0 경기73아1596 3 34 218000011 111000008 47 
2020-12-19T12:52:27 0 0 경기73아1596 3 34 218000011 111000008 47 
2020-12-19T12:53:27 0 0 경기73아1596 3 34 218000011 111000008 47 
2020-12-19T12:54:26 0 0 경기73아1596 3 34 218000011 111000008 47 
2020-12-19T12:55:25 0 0 경기73아1596 3 34 218000011 111000008 47 
2020-12-19T12:56:24 0 0 경기73아1596 3 34 218000011 111000008 47 
2020-12-19T12:57:24 0 0 경기73아1596 3 34 218000011 218000139 48 
2020-12-19T12:58:23 0 0 경기73아1596 3 34 218000011 218000139 48 
2020-12-19T12:59:23 0 0 경기73아1596 3 34 218000011 277103091 49 
2020-12-19T13:00:22 0 0 경기73아1596 3 34 218000011 277103091 49 
2020-12-19T13:01:21 0 0 경기73아1596 3 34 218000011 277103091 49 
2020-12-19T13:02:21 0 0 경기73아1596 3 34 218000011 277103091 49 
2020-12-19T13:03:20 0 0 경기73아1596 3 34 218000011 218000134 50 
2020-12-19T13:04:20 0 0 경기73아1596 3 34 218000011 218000134 50 
2020-12-19T13:05:20 0 0 경기73아1596 3 34 218000011 218000134 50 
2020-12-19T13:06:20 0 0 경기73아1596 3 34 218000011 218000636 51 
2020-12-19T13:07:19 0 0 경기73아1596 3 34 218000011 218000636 51 
2020-12-19T13:08:19 0 0 경기73아1596 3 35 218000011 218000078 52 
2020-12-19T13:09:19 0 0 경기73아1596 3 35 218000011 218000319 53 
2020-12-19T13:10:18 0 0 경기73아1596 3 35 218000011 218000319 53 
2020-12-19T13:11:17 0 0 경기73아1596 3 35 218000011 218000319 53 
2020-12-19T13:12:17 0 0 경기73아1596 3 34 218000011 218000320 54 
2020-12-19T13:13:16 0 0 경기73아1596 3 34 218000011 218000320 54 
2020-12-19T13:14:16 0 0 경기73아1596 3 34 218000011 218000320 54 
2020-12-19T13:15:15 0 0 경기73아1596 3 34 218000011 218000320 54 
2020-12-19T13:16:14 0 0 경기73아1596 3 34 218000011 219000386 55 
2020-12-19T13:17:14 0 0 경기73아1596 3 35 218000011 219000386 55 
2020-12-19T13:18:14 0 0 경기73아1596 3 35 218000011 219000386 55 
2020-12-19T13:19:13 0 0 경기73아1596 3 35 218000011 219000385 56 
2020-12-19T13:20:13 0 0 경기73아1596 3 35 218000011 219000385 56 
2020-12-19T13:21:12 0 0 경기73아1596 3 34 218000011 219000385 56 
2020-12-19T13:22:11 0 0 경기73아1596 3 35 218000011 219000383 57 
2020-12-19T13:23:11 0 0 경기73아1596 3 38 218000011 219000191 58 
2020-12-19T13:24:11 0 0 경기73아1596 3 38 218000011 219000191 58 
2020-12-19T13:25:10 0 0 경기73아1596 3 38 218000011 219000130 59 
2020-12-19T13:26:10 0 0 경기73아1596 3 38 218000011 219000130 59 
2020-12-19T13:27:09 0 0 경기73아1596 3 39 218000011 219000190 60 
2020-12-19T13:28:09 0 0 경기73아1596 3 39 218000011 219000190 60 
2020-12-19T13:29:08 0 0 경기73아1596 3 39 218000011 219000190 60 
2020-12-19T13:30:08 0 0 경기73아1596 3 39 218000011 219000189 61 
2020-12-19T13:31:07 0 0 경기73아1596 3 39 218000011 219000189 61 
2020-12-19T13:32:07 0 0 경기73아1596 3 39 218000011 219000129 62 
2020-12-19T13:33:06 0 0 경기73아1596 3 39 218000011 219000129 62 
2020-12-19T13:34:06 0 0 경기73아1596 3 39 218000011 219000129 62 
2020-12-19T13:35:06 0 0 경기73아1596 3 39 218000011 219000129 62 
2020-12-19T13:36:06 0 0 경기73아1596 3 39 218000011 219000623 63 
2020-12-19T13:37:05 0 0 경기73아1596 3 39 218000011 219000623 63 
2020-12-19T13:38:04 0 0 경기73아1596 3 39 218000011 219001155 64 
2020-12-19T13:39:03 0 0 경기73아1596 3 39 218000011 219000674 65 
2020-12-19T13:40:02 0 0 경기73아1596 3 39 218000011 219000119 66 
2020-12-19T13:41:02 0 0 경기73아1596 3 39 218000011 219000119 66 
2020-12-19T13:42:01 0 0 경기73아1596 3 39 218000011 219000119 66 
2020-12-19T13:43:01 0 0 경기73아1596 3 39 218000011 219000119 66 
2020-12-19T13:44:01 0 0 경기73아1596 3 39 218000011 219000451 67 
2020-12-19T13:45:01 0 0 경기73아1596 3 39 218000011 219000645 75 
2020-12-19T13:46:01 0 0 경기73아1596 3 39 218000011 219000645 75 
2020-12-19T13:47:01 0 0 경기73아1596 3 39 218000011 219000645 75 
2020-12-19T13:48:01 0 0 경기73아1596 3 39 218000011 219000645 75 
2020-12-19T13:49:00 0 0 경기73아1596 3 39 218000011 219000645 75 
2020-12-19T13:49:59 0 0 경기73아1596 3 39 218000011 219000645 75 
2020-12-19T13:50:59 0 0 경기73아1596 3 39 218000011 219000645 75 
2020-12-19T13:51:59 0 0 경기73아1596 3 39 218000011 219000645 75 
2020-12-19T13:52:58 0 0 경기73아1596 3 39 218000011 219000645 75 
2020-12-19T13:53:57 0 0 경기73아1596 3 39 218000011 219000645 75 
2020-12-19T13:54:57 0 0 경기73아1596 3 39 218000011 219000645 75 
2020-12-19T13:55:57 0 0 경기73아1596 3 39 218000011 219000645 75 
2020-12-19T13:56:56 0 0 경기73아1596 3 39 218000011 219000645 75 
2020-12-19T13:57:55 0 0 경기73아1596 3 39 218000011 219000645 75 
2020-12-19T13:58:55 0 0 경기73아1596 3 39 218000011 219000645 75 
2020-12-19T14:42:35 0 0 경기73아1596 3 41 218000011 219000644 1 
2020-12-19T14:43:35 0 0 경기73아1596 3 41 218000011 219000644 1 
2020-12-19T14:44:34 0 0 경기73아1596 3 41 218000011 219000644 1 
2020-12-19T14:45:34 0 0 경기73아1596 3 41 218000011 277102634 2 
2020-12-19T14:46:33 0 0 경기73아1596 3 41 218000011 219000565 4 
2020-12-19T14:47:33 0 0 경기73아1596 3 41 218000011 219000440 6 
2020-12-19T14:48:32 0 0 경기73아1596 3 41 218000011 219000443 7 
2020-12-19T14:49:32 0 0 경기73아1596 3 41 218000011 219000443 7 
2020-12-19T14:50:31 0 0 경기73아1596 3 41 218000011 219000435 8 
2020-12-19T14:51:31 0 0 경기73아1596 3 41 218000011 219000434 9 
2020-12-19T14:52:30 0 0 경기73아1596 3 41 218000011 219000434 9 
2020-12-19T14:53:30 0 0 경기73아1596 3 41 218000011 219000434 9 
2020-12-19T14:54:30 0 0 경기73아1596 3 41 218000011 219000434 9 
2020-12-19T14:55:30 0 0 경기73아1596 3 41 218000011 219000434 9 
2020-12-19T14:56:30 0 0 경기73아1596 3 41 218000011 219000450 11 
2020-12-19T14:57:30 0 0 경기73아1596 3 41 218000011 219000343 12 
2020-12-19T14:58:29 0 0 경기73아1596 3 41 218000011 219000343 12 
2020-12-19T14:59:28 0 0 경기73아1596 3 41 218000011 219000343 12 
2020-12-19T15:00:28 0 0 경기73아1596 3 41 218000011 219000673 13 
2020-12-19T15:01:28 0 0 경기73아1596 3 41 218000011 219000673 13 
2020-12-19T15:02:28 0 0 경기73아1596 3 41 218000011 219000673 13 
2020-12-19T15:03:28 0 0 경기73아1596 3 41 218000011 219001172 14 
2020-12-19T15:04:27 0 0 경기73아1596 3 41 218000011 219000999 15 
2020-12-19T15:05:27 0 0 경기73아1596 3 41 218000011 219000627 16 
2020-12-19T15:06:27 0 0 경기73아1596 3 41 218000011 219000627 16 
2020-12-19T15:07:27 0 0 경기73아1596 3 41 218000011 219000363 17 
2020-12-19T15:08:26 0 0 경기73아1596 3 41 218000011 219000192 18 
2020-12-19T15:09:26 0 0 경기73아1596 3 41 218000011 219000192 18 
2020-12-19T15:10:26 0 0 경기73아1596 3 41 218000011 219000192 18 
2020-12-19T15:11:26 0 0 경기73아1596 3 41 218000011 219000131 19 
2020-12-19T15:12:26 0 0 경기73아1596 3 41 218000011 219000131 19 
2020-12-19T15:13:26 0 0 경기73아1596 3 39 218000011 219000356 20 
2020-12-19T15:14:26 0 0 경기73아1596 3 39 218000011 219000356 20 
2020-12-19T15:15:25 0 0 경기73아1596 3 39 218000011 219000370 21 
2020-12-19T15:16:25 0 0 경기73아1596 3 36 218000011 219000370 21 
2020-12-19T15:17:24 0 0 경기73아1596 3 36 218000011 219000370 21 
2020-12-19T15:18:24 0 0 경기73아1596 3 36 218000011 219000370 21 
2020-12-19T15:19:24 0 0 경기73아1596 3 36 218000011 219000368 23 
2020-12-19T15:20:23 0 0 경기73아1596 3 34 218000011 219000368 23 
2020-12-19T15:21:23 0 0 경기73아1596 3 35 218000011 219000368 23 
2020-12-19T15:22:23 0 0 경기73아1596 3 34 218000011 219000163 24 
2020-12-19T15:23:22 0 0 경기73아1596 3 34 218000011 219000163 24 
2020-12-19T15:24:22 0 0 경기73아1596 3 34 218000011 219000163 24 
2020-12-19T15:25:22 0 0 경기73아1596 3 34 218000011 219000163 24 
2020-12-19T15:26:22 0 0 경기73아1596 3 34 218000011 219000163 24 
2020-12-19T15:27:21 0 0 경기73아1596 3 34 218000011 219000163 24 
2020-12-19T15:28:20 0 0 경기73아1596 3 34 218000011 218000316 25 
2020-12-19T15:29:20 0 0 경기73아1596 3 34 218000011 218000317 26 
2020-12-19T15:30:20 0 0 경기73아1596 3 36 218000011 218000317 26 
2020-12-19T15:31:19 0 0 경기73아1596 3 36 218000011 218000318 27 
2020-12-19T15:32:18 0 0 경기73아1596 3 36 218000011 218000637 28 
2020-12-19T15:33:18 0 0 경기73아1596 3 36 218000011 218000637 28 
2020-12-19T15:34:18 0 0 경기73아1596 3 36 218000011 218000637 28 
2020-12-19T15:35:18 0 0 경기73아1596 3 36 218000011 218000637 28 
2020-12-19T15:36:17 0 0 경기73아1596 3 36 218000011 218000145 29 
2020-12-19T15:37:17 0 0 경기73아1596 3 36 218000011 218000145 29 
2020-12-19T15:38:16 0 0 경기73아1596 3 36 218000011 218000145 29 
2020-12-19T15:39:16 0 0 경기73아1596 3 36 218000011 277103090 30 
2020-12-19T15:40:16 0 0 경기73아1596 3 36 218000011 277103090 30 
2020-12-19T15:41:16 0 0 경기73아1596 3 36 218000011 218000140 31 
2020-12-19T15:42:15 0 0 경기73아1596 3 36 218000011 218000140 31 
2020-12-19T15:43:15 0 0 경기73아1596 3 36 218000011 218000140 31 
2020-12-19T15:44:15 0 0 경기73아1596 3 36 218000011 218000140 31 
2020-12-19T15:45:15 0 0 경기73아1596 3 36 218000011 218000140 31 
2020-12-19T15:46:15 0 0 경기73아1596 3 36 218000011 218000140 31 
2020-12-19T15:47:14 0 0 경기73아1596 3 36 218000011 218000140 31 
2020-12-19T15:48:14 0 0 경기73아1596 3 36 218000011 111000007 32 
2020-12-19T15:49:14 0 0 경기73아1596 3 36 218000011 111000007 32 
2020-12-19T15:50:13 0 0 경기73아1596 3 36 218000011 111000007 32 
2020-12-19T15:51:13 0 0 경기73아1596 3 36 218000011 111000007 32 
2020-12-19T15:52:13 0 0 경기73아1596 3 36 218000011 111000007 32 
2020-12-19T15:53:13 0 0 경기73아1596 3 36 218000011 111000007 32 
2020-12-19T15:54:13 0 0 경기73아1596 3 36 218000011 111000007 32 
2020-12-19T15:55:12 0 0 경기73아1596 3 36 218000011 111000007 32 
2020-12-19T15:56:12 0 0 경기73아1596 3 36 218000011 111000007 32 
2020-12-19T15:57:12 0 0 경기73아1596 3 37 218000011 112000012 33 
2020-12-19T15:58:12 0 0 경기73아1596 3 38 218000011 277101784 34 
2020-12-19T15:59:12 0 0 경기73아1596 3 38 218000011 277101784 34 
2020-12-19T16:00:11 0 0 경기73아1596 3 38 218000011 277101784 34 
2020-12-19T16:01:11 0 0 경기73아1596 3 38 218000011 277103098 35 
2020-12-19T16:02:11 0 0 경기73아1596 3 38 218000011 277103098 35 
2020-12-19T16:03:10 0 0 경기73아1596 3 38 218000011 277103098 35 
2020-12-19T16:04:09 0 0 경기73아1596 3 38 218000011 277103098 35 
2020-12-19T16:05:09 0 0 경기73아1596 3 38 218000011 277103099 36 
2020-12-19T16:06:09 0 0 경기73아1596 3 38 218000011 277103099 36 
2020-12-19T16:07:08 0 0 경기73아1596 3 38 218000011 277103099 36 
2020-12-19T16:08:07 0 0 경기73아1596 3 38 218000011 277103099 36 
2020-12-19T16:09:07 0 0 경기73아1596 3 38 218000011 100000034 37 
2020-12-19T16:10:06 0 0 경기73아1596 3 39 218000011 100000034 37 
2020-12-19T16:11:05 0 0 경기73아1596 3 39 218000011 100000034 37 
2020-12-19T16:12:05 0 0 경기73아1596 3 39 218000011 277104283 38 
2020-12-19T16:13:04 0 0 경기73아1596 3 39 218000011 101000128 39 
2020-12-19T16:14:03 0 0 경기73아1596 3 39 218000011 101000128 39 
2020-12-19T16:15:02 0 0 경기73아1596 3 39 218000011 101000128 39 
2020-12-19T16:16:02 0 0 경기73아1596 3 39 218000011 101000128 39 
2020-12-19T16:17:02 0 0 경기73아1596 3 40 218000011 277101885 41 
2020-12-19T16:18:02 0 0 경기73아1596 3 40 218000011 277101885 41 
2020-12-19T16:19:01 0 0 경기73아1596 3 40 218000011 277101993 42 
2020-12-19T16:20:01 0 0 경기73아1596 3 40 218000011 101000020 43 
2020-12-19T16:21:00 0 0 경기73아1596 3 40 218000011 101000020 43 
2020-12-19T16:22:00 0 0 경기73아1596 3 40 218000011 101000020 43 
2020-12-19T16:22:59 0 0 경기73아1596 3 40 218000011 277102320 44 
2020-12-19T16:23:59 0 0 경기73아1596 3 40 218000011 277102320 44 
2020-12-19T16:24:59 0 0 경기73아1596 3 40 218000011 277102320 44 
2020-12-19T16:25:59 0 0 경기73아1596 3 40 218000011 277102320 44 
2020-12-19T16:26:59 0 0 경기73아1596 3 40 218000011 277102320 44 
2020-12-19T16:27:59 0 0 경기73아1596 3 40 218000011 277102320 44 
2020-12-19T16:28:59 0 0 경기73아1596 3 40 218000011 277102320 44 
2020-12-19T16:29:58 0 0 경기73아1596 3 40 218000011 277104396 45 
2020-12-19T16:30:58 0 0 경기73아1596 3 40 218000011 277104396 45 
2020-12-19T16:31:57 0 0 경기73아1596 3 40 218000011 277104396 45 
2020-12-19T16:32:57 0 0 경기73아1596 3 40 218000011 277104396 45 
2020-12-19T16:33:57 0 0 경기73아1596 3 40 218000011 277104396 45 
2020-12-19T16:34:57 0 0 경기73아1596 3 40 218000011 277104396 45 
2020-12-19T16:35:56 0 0 경기73아1596 3 40 218000011 277104396 45 
2020-12-19T16:36:56 0 0 경기73아1596 3 40 218000011 277104396 45 
2020-12-19T16:37:55 0 0 경기73아1596 3 40 218000011 277104396 45 
2020-12-19T16:38:54 0 0 경기73아1596 3 40 218000011 277104396 45 
2020-12-19T16:39:54 0 0 경기73아1596 3 40 218000011 112000013 46 
2020-12-19T16:40:54 0 0 경기73아1596 3 39 218000011 112000013 46 
2020-12-19T16:41:53 0 0 경기73아1596 3 39 218000011 112000013 46 
2020-12-19T16:42:53 0 0 경기73아1596 3 39 218000011 112000013 46 
2020-12-19T16:43:52 0 0 경기73아1596 3 39 218000011 112000013 46 
2020-12-19T16:44:52 0 0 경기73아1596 3 39 218000011 112000013 46 
2020-12-19T16:45:51 0 0 경기73아1596 3 39 218000011 112000013 46 
2020-12-19T16:46:51 0 0 경기73아1596 3 39 218000011 112000013 46 
2020-12-19T16:47:51 0 0 경기73아1596 3 39 218000011 112000013 46 
2020-12-19T16:48:51 0 0 경기73아1596 3 39 218000011 111000008 47 
2020-12-19T16:49:50 0 0 경기73아1596 3 39 218000011 111000008 47 
2020-12-19T16:50:50 0 0 경기73아1596 3 39 218000011 111000008 47 
2020-12-19T16:51:50 0 0 경기73아1596 3 39 218000011 111000008 47 
2020-12-19T16:52:49 0 0 경기73아1596 3 39 218000011 111000008 47 
2020-12-19T16:53:49 0 0 경기73아1596 3 39 218000011 111000008 47 
2020-12-19T16:54:49 0 0 경기73아1596 3 39 218000011 111000008 47 
2020-12-19T16:55:49 0 0 경기73아1596 3 39 218000011 218000139 48 
2020-12-19T16:56:48 0 0 경기73아1596 3 39 218000011 218000139 48 
2020-12-19T16:57:48 0 0 경기73아1596 3 39 218000011 218000139 48 
2020-12-19T16:58:48 0 0 경기73아1596 3 39 218000011 277103091 49 
2020-12-19T16:59:48 0 0 경기73아1596 3 39 218000011 277103091 49 
2020-12-19T17:00:47 0 0 경기73아1596 3 39 218000011 218000134 50 
2020-12-19T17:01:47 0 0 경기73아1596 3 39 218000011 218000134 50 
2020-12-19T17:02:46 0 0 경기73아1596 3 39 218000011 218000636 51 
2020-12-19T17:03:46 0 0 경기73아1596 3 39 218000011 218000636 51 
2020-12-19T17:04:46 0 0 경기73아1596 3 39 218000011 218000636 51 
2020-12-19T17:05:46 0 0 경기73아1596 3 39 218000011 218000078 52 
2020-12-19T17:06:45 0 0 경기73아1596 3 40 218000011 218000319 53 
2020-12-19T17:07:45 0 0 경기73아1596 3 40 218000011 218000319 53 
2020-12-19T17:08:45 0 0 경기73아1596 3 40 218000011 218000319 53 
2020-12-19T17:09:44 0 0 경기73아1596 3 40 218000011 218000320 54 
2020-12-19T17:10:44 0 0 경기73아1596 3 40 218000011 218000320 54 
2020-12-19T17:11:44 0 0 경기73아1596 3 40 218000011 218000320 54 
2020-12-19T17:12:44 0 0 경기73아1596 3 40 218000011 218000320 54 
2020-12-19T17:13:43 0 0 경기73아1596 3 41 218000011 219000386 55 
2020-12-19T17:14:43 0 0 경기73아1596 3 41 218000011 219000386 55 
2020-12-19T17:15:43 0 0 경기73아1596 3 41 218000011 219000386 55 
2020-12-19T17:16:42 0 0 경기73아1596 3 41 218000011 219000385 56 
2020-12-19T17:17:42 0 0 경기73아1596 3 41 218000011 219000385 56 
2020-12-19T17:18:42 0 0 경기73아1596 3 41 218000011 219000385 56 
2020-12-19T17:19:41 0 0 경기73아1596 3 41 218000011 219000383 57 
2020-12-19T17:20:41 0 0 경기73아1596 3 41 218000011 219000383 57 
2020-12-19T17:21:41 0 0 경기73아1596 3 41 218000011 219000383 57 
2020-12-19T17:22:40 0 0 경기73아1596 3 41 218000011 219000191 58 
2020-12-19T17:23:40 0 0 경기73아1596 3 41 218000011 219000191 58 
2020-12-19T17:24:40 0 0 경기73아1596 3 41 218000011 219000191 58 
2020-12-19T17:25:40 0 0 경기73아1596 3 41 218000011 219000130 59 
2020-12-19T17:26:40 0 0 경기73아1596 3 41 218000011 219000130 59 
2020-12-19T17:27:39 0 0 경기73아1596 3 41 218000011 219000190 60 
2020-12-19T17:28:39 0 0 경기73아1596 3 41 218000011 219000190 60 
2020-12-19T17:29:38 0 0 경기73아1596 3 41 218000011 219000189 61 
2020-12-19T17:30:37 0 0 경기73아1596 3 41 218000011 219000129 62 
2020-12-19T17:31:37 0 0 경기73아1596 3 41 218000011 219000129 62 
2020-12-19T17:32:36 0 0 경기73아1596 3 41 218000011 219000129 62 
2020-12-19T17:33:36 0 0 경기73아1596 3 41 218000011 219000623 63 
2020-12-19T17:34:35 0 0 경기73아1596 3 41 218000011 219001155 64 
2020-12-19T17:35:35 0 0 경기73아1596 3 41 218000011 219000674 65 
2020-12-19T17:36:35 0 0 경기73아1596 3 41 218000011 219000674 65 
2020-12-19T17:37:35 0 0 경기73아1596 3 41 218000011 219000119 66 
2020-12-19T17:38:34 0 0 경기73아1596 3 41 218000011 219000119 66 
2020-12-19T17:39:34 0 0 경기73아1596 3 41 218000011 219000119 66 
2020-12-19T17:40:34 0 0 경기73아1596 3 41 218000011 219000119 66 
2020-12-19T17:41:34 0 0 경기73아1596 3 41 218000011 219000451 67 
2020-12-19T17:42:34 0 0 경기73아1596 3 41 218000011 219000451 67 
2020-12-19T17:43:33 0 0 경기73아1596 3 41 218000011 219001152 68 
2020-12-19T18:43:12 0 0 경기73아1596 3 41 218000011 219000644 1 
2020-12-19T18:44:12 0 0 경기73아1596 3 41 218000011 219000644 1 
2020-12-19T18:45:11 0 0 경기73아1596 3 41 218000011 277102634 2 
2020-12-19T18:46:10 0 0 경기73아1596 3 41 218000011 277102634 2 
2020-12-19T18:47:10 0 0 경기73아1596 3 41 218000011 219000565 4 
2020-12-19T18:48:10 0 0 경기73아1596 3 41 218000011 219000573 5 
2020-12-19T18:49:10 0 0 경기73아1596 3 41 218000011 219000443 7 
2020-12-19T18:50:10 0 0 경기73아1596 3 41 218000011 219000443 7 
2020-12-19T18:51:10 0 0 경기73아1596 3 41 218000011 219000435 8 
2020-12-19T18:52:09 0 0 경기73아1596 3 41 218000011 219000434 9 
2020-12-19T18:53:09 0 0 경기73아1596 3 41 218000011 219000434 9 
2020-12-19T18:54:09 0 0 경기73아1596 3 41 218000011 219000434 9 
2020-12-19T18:55:09 0 0 경기73아1596 3 41 218000011 219000450 11 
2020-12-19T18:56:09 0 0 경기73아1596 3 41 218000011 219000343 12 
2020-12-19T18:57:09 0 0 경기73아1596 3 41 218000011 219000343 12 
2020-12-19T18:58:08 0 0 경기73아1596 3 41 218000011 219000673 13 
2020-12-19T18:59:07 0 0 경기73아1596 3 41 218000011 219000673 13 
2020-12-19T19:00:06 0 0 경기73아1596 3 41 218000011 219000673 13 
2020-12-19T19:01:06 0 0 경기73아1596 3 41 218000011 219001172 14 
2020-12-19T19:02:05 0 0 경기73아1596 3 41 218000011 219000999 15 
2020-12-19T19:03:05 0 0 경기73아1596 3 41 218000011 219000627 16 
2020-12-19T19:04:05 0 0 경기73아1596 3 41 218000011 219000627 16 
2020-12-19T19:05:04 0 0 경기73아1596 3 41 218000011 219000363 17 
2020-12-19T19:06:03 0 0 경기73아1596 3 41 218000011 219000363 17 
2020-12-19T19:07:03 0 0 경기73아1596 3 41 218000011 219000192 18 
2020-12-19T19:08:03 0 0 경기73아1596 3 41 218000011 219000192 18 
2020-12-19T19:09:03 0 0 경기73아1596 3 41 218000011 219000131 19 
2020-12-19T19:10:02 0 0 경기73아1596 3 41 218000011 219000131 19 
2020-12-19T19:11:02 0 0 경기73아1596 3 41 218000011 219000131 19 
2020-12-19T19:12:02 0 0 경기73아1596 3 41 218000011 219000131 19 
2020-12-19T19:13:02 0 0 경기73아1596 3 41 218000011 219000131 19 
2020-12-19T19:14:01 0 0 경기73아1596 3 40 218000011 219000356 20 
2020-12-19T19:15:01 0 0 경기73아1596 3 40 218000011 219000370 21 
2020-12-19T19:16:00 0 0 경기73아1596 3 39 218000011 219000370 21 
2020-12-19T19:16:59 0 0 경기73아1596 3 39 218000011 219000370 21 
2020-12-19T19:17:59 0 0 경기73아1596 3 39 218000011 219000370 21 
2020-12-19T19:18:59 0 0 경기73아1596 3 39 218000011 219000454 22 
2020-12-19T19:19:59 0 0 경기73아1596 3 39 218000011 219000368 23 
2020-12-19T19:20:58 0 0 경기73아1596 3 39 218000011 219000368 23 
2020-12-19T19:21:58 0 0 경기73아1596 3 38 218000011 219000163 24 
2020-12-19T19:22:58 0 0 경기73아1596 3 38 218000011 219000163 24 
2020-12-19T19:23:58 0 0 경기73아1596 3 38 218000011 219000163 24 
2020-12-19T19:24:57 0 0 경기73아1596 3 38 218000011 219000163 24 
2020-12-19T19:25:57 0 0 경기73아1596 3 38 218000011 219000163 24 
2020-12-19T19:26:57 0 0 경기73아1596 3 38 218000011 219000163 24 
2020-12-19T19:27:57 0 0 경기73아1596 3 38 218000011 218000316 25 
2020-12-19T19:28:56 0 0 경기73아1596 3 39 218000011 218000317 26 
2020-12-19T19:29:56 0 0 경기73아1596 3 39 218000011 218000317 26 
2020-12-19T19:30:56 0 0 경기73아1596 3 39 218000011 218000318 27 
2020-12-19T19:31:55 0 0 경기73아1596 3 39 218000011 218000318 27 
2020-12-19T19:32:55 0 0 경기73아1596 3 39 218000011 218000637 28 
2020-12-19T19:33:54 0 0 경기73아1596 3 39 218000011 218000637 28 
2020-12-19T19:34:55 0 0 경기73아1596 3 39 218000011 218000637 28 
2020-12-19T19:35:54 0 0 경기73아1596 3 39 218000011 218000145 29 
2020-12-19T19:36:54 0 0 경기73아1596 3 39 218000011 218000145 29 
2020-12-19T19:37:53 0 0 경기73아1596 3 39 218000011 218000145 29 
2020-12-19T19:38:53 0 0 경기73아1596 3 39 218000011 277103090 30 
2020-12-19T19:39:53 0 0 경기73아1596 3 39 218000011 277103090 30 
2020-12-19T19:40:52 0 0 경기73아1596 3 39 218000011 277103090 30 
2020-12-19T19:41:51 0 0 경기73아1596 3 39 218000011 218000140 31 
2020-12-19T19:42:51 0 0 경기73아1596 3 39 218000011 218000140 31 
2020-12-19T19:43:51 0 0 경기73아1596 3 39 218000011 218000140 31 
2020-12-19T19:44:51 0 0 경기73아1596 3 39 218000011 218000140 31 
2020-12-19T19:45:50 0 0 경기73아1596 3 39 218000011 218000140 31 
2020-12-19T19:46:50 0 0 경기73아1596 3 39 218000011 218000140 31 
2020-12-19T19:47:50 0 0 경기73아1596 3 40 218000011 111000007 32 
2020-12-19T19:48:50 0 0 경기73아1596 3 40 218000011 111000007 32 
2020-12-19T19:49:49 0 0 경기73아1596 3 40 218000011 111000007 32 
2020-12-19T19:50:49 0 0 경기73아1596 3 40 218000011 111000007 32 
2020-12-19T19:51:49 0 0 경기73아1596 3 40 218000011 111000007 32 
2020-12-19T19:52:49 0 0 경기73아1596 3 40 218000011 111000007 32 
2020-12-19T19:53:48 0 0 경기73아1596 3 40 218000011 111000007 32 
2020-12-19T19:54:48 0 0 경기73아1596 3 40 218000011 111000007 32 
2020-12-19T19:55:48 0 0 경기73아1596 3 40 218000011 111000007 32 
2020-12-19T19:56:48 0 0 경기73아1596 3 40 218000011 111000007 32 
2020-12-19T19:57:48 0 0 경기73아1596 3 40 218000011 112000012 33 
2020-12-19T19:58:47 0 0 경기73아1596 3 38 218000011 112000012 33 
2020-12-19T19:59:47 0 0 경기73아1596 3 38 218000011 277101784 34 
2020-12-19T20:00:46 0 0 경기73아1596 3 38 218000011 277101784 34 
2020-12-19T20:01:46 0 0 경기73아1596 3 38 218000011 277101784 34 
2020-12-19T20:02:46 0 0 경기73아1596 3 38 218000011 277103098 35 
2020-12-19T20:03:46 0 0 경기73아1596 3 38 218000011 277103098 35 
2020-12-19T20:04:46 0 0 경기73아1596 3 38 218000011 277103099 36 
2020-12-19T20:05:45 0 0 경기73아1596 3 38 218000011 277103099 36 
2020-12-19T20:06:45 0 0 경기73아1596 3 38 218000011 277103099 36 
2020-12-19T20:07:44 0 0 경기73아1596 3 38 218000011 100000034 37 
2020-12-19T20:08:44 0 0 경기73아1596 3 38 218000011 277104283 38 
2020-12-19T20:09:44 0 0 경기73아1596 3 36 218000011 101000128 39 
2020-12-19T20:10:44 0 0 경기73아1596 3 36 218000011 101000128 39 
2020-12-19T20:11:43 0 0 경기73아1596 3 36 218000011 101000128 39 
2020-12-19T20:12:42 0 0 경기73아1596 3 36 218000011 101000128 39 
2020-12-19T20:13:42 0 0 경기73아1596 3 35 218000011 277101885 41 
2020-12-19T20:14:42 0 0 경기73아1596 3 35 218000011 277101993 42 
2020-12-19T20:15:42 0 0 경기73아1596 3 35 218000011 277101993 42 
2020-12-19T20:16:41 0 0 경기73아1596 3 35 218000011 101000020 43 
2020-12-19T20:17:40 0 0 경기73아1596 3 35 218000011 101000020 43 
2020-12-19T20:18:40 0 0 경기73아1596 3 35 218000011 101000020 43 
2020-12-19T20:19:40 0 0 경기73아1596 3 35 218000011 101000020 43 
2020-12-19T20:20:39 0 0 경기73아1596 3 35 218000011 277102320 44 
2020-12-19T20:21:39 0 0 경기73아1596 3 35 218000011 277102320 44 
2020-12-19T20:22:39 0 0 경기73아1596 3 35 218000011 277102320 44 
2020-12-19T20:23:39 0 0 경기73아1596 3 35 218000011 277104396 45 
2020-12-19T20:24:39 0 0 경기73아1596 3 35 218000011 277104396 45 
2020-12-19T20:25:39 0 0 경기73아1596 3 35 218000011 112000013 46 
2020-12-19T20:26:38 0 0 경기73아1596 3 33 218000011 112000013 46 
2020-12-19T20:27:38 0 0 경기73아1596 3 33 218000011 112000013 46 
2020-12-19T20:28:38 0 0 경기73아1596 3 33 218000011 112000013 46 
2020-12-19T20:29:37 0 0 경기73아1596 3 33 218000011 112000013 46 
2020-12-19T20:30:37 0 0 경기73아1596 3 33 218000011 112000013 46 
2020-12-19T20:31:37 0 0 경기73아1596 3 33 218000011 112000013 46 
2020-12-19T20:32:36 0 0 경기73아1596 3 33 218000011 112000013 46 
2020-12-19T20:33:36 0 0 경기73아1596 3 33 218000011 112000013 46 
2020-12-19T20:34:35 0 0 경기73아1596 3 33 218000011 111000008 47 
2020-12-19T20:35:35 0 0 경기73아1596 3 33 218000011 111000008 47 
2020-12-19T20:36:34 0 0 경기73아1596 3 33 218000011 111000008 47 
2020-12-19T20:37:34 0 0 경기73아1596 3 33 218000011 111000008 47 
2020-12-19T20:38:33 0 0 경기73아1596 3 33 218000011 111000008 47 
2020-12-19T20:39:33 0 0 경기73아1596 3 33 218000011 111000008 47 
2020-12-19T20:40:33 0 0 경기73아1596 3 33 218000011 111000008 47 
2020-12-19T20:41:31 0 0 경기73아1596 3 33 218000011 111000008 47 
2020-12-19T20:42:31 0 0 경기73아1596 3 33 218000011 218000139 48 
2020-12-19T20:43:31 0 0 경기73아1596 3 33 218000011 218000139 48 
2020-12-19T20:44:30 0 0 경기73아1596 3 33 218000011 277103091 49 
2020-12-19T20:45:30 0 0 경기73아1596 3 33 218000011 277103091 49 
2020-12-19T20:46:30 0 0 경기73아1596 3 33 218000011 277103091 49 
2020-12-19T20:47:29 0 0 경기73아1596 3 33 218000011 277103091 49 
2020-12-19T20:48:28 0 0 경기73아1596 3 33 218000011 218000134 50 
2020-12-19T20:49:28 0 0 경기73아1596 3 33 218000011 218000134 50 
2020-12-19T20:50:28 0 0 경기73아1596 3 34 218000011 218000636 51 
2020-12-19T20:51:27 0 0 경기73아1596 3 35 218000011 218000636 51 
2020-12-19T20:52:27 0 0 경기73아1596 3 35 218000011 218000636 51 
2020-12-19T20:53:26 0 0 경기73아1596 3 35 218000011 218000078 52 
2020-12-19T20:54:25 0 0 경기73아1596 3 35 218000011 218000078 52 
2020-12-19T20:55:24 0 0 경기73아1596 3 35 218000011 218000078 52 
2020-12-19T20:56:24 0 0 경기73아1596 3 35 218000011 218000319 53 
2020-12-19T20:57:24 0 0 경기73아1596 3 36 218000011 218000320 54 
2020-12-19T20:58:23 0 0 경기73아1596 3 36 218000011 218000320 54 
2020-12-19T20:59:23 0 0 경기73아1596 3 36 218000011 218000320 54 
2020-12-19T21:00:22 0 0 경기73아1596 3 36 218000011 218000320 54 
2020-12-19T21:01:22 0 0 경기73아1596 3 36 218000011 218000320 54 
2020-12-19T21:02:21 0 0 경기73아1596 3 36 218000011 218000320 54 
2020-12-19T21:03:21 0 0 경기73아1596 3 35 218000011 219000386 55 
2020-12-19T21:04:20 0 0 경기73아1596 3 35 218000011 219000386 55 
2020-12-19T21:05:20 0 0 경기73아1596 3 35 218000011 219000386 55 
2020-12-19T21:06:19 0 0 경기73아1596 3 35 218000011 219000385 56 
2020-12-19T21:07:19 0 0 경기73아1596 3 35 218000011 219000385 56 
2020-12-19T21:08:18 0 0 경기73아1596 3 35 218000011 219000383 57 
2020-12-19T21:09:18 0 0 경기73아1596 3 36 218000011 219000383 57 
2020-12-19T21:10:17 0 0 경기73아1596 3 36 218000011 219000383 57 
2020-12-19T21:11:17 0 0 경기73아1596 3 36 218000011 219000191 58 
2020-12-19T21:12:17 0 0 경기73아1596 3 36 218000011 219000191 58 
2020-12-19T21:13:16 0 0 경기73아1596 3 36 218000011 219000191 58 
2020-12-19T21:14:16 0 0 경기73아1596 3 36 218000011 219000130 59 
2020-12-19T21:15:15 0 0 경기73아1596 3 36 218000011 219000130 59 
2020-12-19T21:16:15 0 0 경기73아1596 3 36 218000011 219000190 60 
2020-12-19T21:17:15 0 0 경기73아1596 3 36 218000011 219000190 60 
2020-12-19T21:18:14 0 0 경기73아1596 3 36 218000011 219000190 60 
2020-12-19T21:19:14 0 0 경기73아1596 3 36 218000011 219000189 61 
2020-12-19T21:20:13 0 0 경기73아1596 3 36 218000011 219000189 61 
2020-12-19T21:21:13 0 0 경기73아1596 3 36 218000011 219000189 61 
2020-12-19T21:22:12 0 0 경기73아1596 3 36 218000011 219000129 62 
2020-12-19T21:23:12 0 0 경기73아1596 3 36 218000011 219000129 62 
2020-12-19T21:24:12 0 0 경기73아1596 3 36 218000011 219000129 62 
2020-12-19T21:25:11 0 0 경기73아1596 3 36 218000011 219000623 63 
2020-12-19T21:26:11 0 0 경기73아1596 3 36 218000011 219000623 63 
2020-12-19T21:27:10 0 0 경기73아1596 3 36 218000011 219001155 64 
2020-12-19T21:28:10 0 0 경기73아1596 3 38 218000011 219000674 65 
2020-12-19T21:29:10 0 0 경기73아1596 3 38 218000011 219000119 66 
2020-12-19T21:30:10 0 0 경기73아1596 3 38 218000011 219000119 66 
2020-12-19T21:31:09 0 0 경기73아1596 3 38 218000011 219001152 68 
2020-12-19T21:32:09 0 0 경기73아1596 3 38 218000011 219001152 68 
2020-12-19T21:33:09 0 0 경기73아1596 3 38 218000011 219001152 68 
2020-12-19T21:34:08 0 0 경기73아1596 3 38 218000011 219001152 68 
2020-12-19T21:35:08 0 0 경기73아1596 3 38 218000011 219000424 70 
2020-12-19T21:36:07 0 0 경기73아1596 3 39 218000011 219000442 71 
2020-12-19T21:37:07 0 0 경기73아1596 3 41 218000011 219000441 72 
2020-12-19T21:38:06 0 0 경기73아1596 3 41 218000011 219000444 73 
2020-12-19T21:39:05 0 0 경기73아1596 3 41 218000011 219000445 74 
2020-12-19T21:40:05 0 0 경기73아1596 3 41 218000011 219000445 74 
2020-12-19T21:41:04 0 0 경기73아1596 3 41 218000011 219000445 74 
2020-12-19T21:42:03 0 0 경기73아1596 3 41 218000011 219000445 74 
2020-12-19T21:43:03 0 0 경기73아1596 3 41 218000011 219000445 74 
2020-12-19T21:44:03 0 0 경기73아1596 3 41 218000011 219000645 75 
2020-12-19T21:45:03 0 0 경기73아1596 3 41 218000011 219000645 75 
2020-12-19T21:46:02 0 0 경기73아1596 3 41 218000011 219000645 75 
2020-12-19T21:47:01 0 0 경기73아1596 3 41 218000011 219000645 75 
2020-12-19T21:48:01 0 0 경기73아1596 3 41 218000011 219000645 75 
2020-12-19T21:49:01 0 0 경기73아1596 3 41 218000011 219000645 75 
2020-12-19T21:50:00 0 0 경기73아1596 3 41 218000011 219000645 75 
2020-12-19T21:50:59 0 0 경기73아1596 3 41 218000011 219000645 75 
2020-12-19T21:51:59 0 0 경기73아1596 3 41 218000011 219000645 75 
2020-12-19T21:52:59 0 0 경기73아1596 3 41 218000011 219000645 75 
2020-12-19T21:53:58 0 0 경기73아1596 3 41 218000011 219000645 75 
2020-12-19T21:54:58 0 0 경기73아1596 3 41 218000011 219000645 75 
2020-12-19T21:55:58 0 0 경기73아1596 3 41 218000011 219000645 75 
2020-12-19T21:56:57 0 0 경기73아1596 3 41 218000011 219000645 75 
2020-12-19T21:57:57 0 0 경기73아1596 3 41 218000011 219000645 75 
