218000011 2020-12-25T01:24:11.371095+09:00
2020-12-25T10:50:25 0 0 경기73아1596 3 41 218000011 219000644 1 
2020-12-25T10:51:24 0 0 경기73아1596 3 41 218000011 219000644 1 
2020-12-25T10:52:23 0 0 경기73아1596 3 41 218000011 219000644 1 
2020-12-25T10:53:23 0 0 경기73아1596 3 41 218000011 277102634 2 
2020-12-25T10:54:23 0 0 경기73아1596 3 41 218000011 277102634 2 
2020-12-25T10:55:22 0 0 경기73아1596 3 41 218000011 219000565 4 
2020-12-25T10:56:22 0 0 경기73아1596 3 41 218000011 219000573 5 
2020-12-25T10:57:22 0 0 경기73아1596 3 41 218000011 219000443 7 
2020-12-25T10:58:21 0 0 경기73아1596 3 41 218000011 219000443 7 
2020-12-25T10:59:20 0 0 경기73아1596 3 41 218000011 219000435 8 
2020-12-25T11:00:20 0 0 경기73아1596 3 41 218000011 219000434 9 
2020-12-25T11:01:20 0 0 경기73아1596 3 41 218000011 219000434 9 
2020-12-25T11:02:20 0 0 경기73아1596 3 41 218000011 219000434 9 
2020-12-25T11:03:20 0 0 경기73아1596 3 41 218000011 219001153 10 
2020-12-25T11:04:19 0 0 경기73아1596 3 41 218000011 219000450 11 
2020-12-25T11:05:18 0 0 경기73아1596 3 41 218000011 219000343 12 
2020-12-25T11:06:17 0 0 경기73아1596 3 41 218000011 219000673 13 
2020-12-25T11:07:17 0 0 경기73아1596 3 41 218000011 219000673 13 
2020-12-25T11:08:17 0 0 경기73아1596 3 41 218000011 219000673 13 
2020-12-25T11:09:16 0 0 경기73아1596 3 41 218000011 219000999 15 
2020-12-25T11:10:15 0 0 경기73아1596 3 41 218000011 219000999 15 
2020-12-25T11:11:15 0 0 경기73아1596 3 41 218000011 219000627 16 
2020-12-25T11:12:14 0 0 경기73아1596 3 41 218000011 219000627 16 
2020-12-25T11:13:14 0 0 경기73아1596 3 41 218000011 219000363 17 
2020-12-25T11:14:13 0 0 경기73아1596 3 41 218000011 219000192 18 
2020-12-25T11:15:13 0 0 경기73아1596 3 41 218000011 219000192 18 
2020-12-25T11:16:13 0 0 경기73아1596 3 41 218000011 219000131 19 
2020-12-25T11:17:13 0 0 경기73아1596 3 41 218000011 219000131 19 
2020-12-25T11:18:13 0 0 경기73아1596 3 41 218000011 219000131 19 
2020-12-25T11:19:11 0 0 경기73아1596 3 41 218000011 219000356 20 
2020-12-25T11:20:11 0 0 경기73아1596 3 41 218000011 219000370 21 
2020-12-25T11:21:11 0 0 경기73아1596 3 41 218000011 219000370 21 
2020-12-25T11:22:11 0 0 경기73아1596 3 41 218000011 219000454 22 
2020-12-25T11:23:10 0 0 경기73아1596 3 41 218000011 219000454 22 
2020-12-25T11:24:11 0 0 경기73아1596 3 41 218000011 219000368 23 
2020-12-25T11:25:10 0 0 경기73아1596 3 41 218000011 219000368 23 
2020-12-25T11:26:09 0 0 경기73아1596 3 41 218000011 219000368 23 
2020-12-25T11:27:09 0 0 경기73아1596 3 41 218000011 219000163 24 
2020-12-25T11:28:08 0 0 경기73아1596 3 41 218000011 219000163 24 
2020-12-25T11:29:07 0 0 경기73아1596 3 41 218000011 219000163 24 
2020-12-25T11:30:06 0 0 경기73아1596 3 41 218000011 219000163 24 
2020-12-25T11:31:06 0 0 경기73아1596 3 41 218000011 219000163 24 
2020-12-25T11:32:06 0 0 경기73아1596 3 41 218000011 219000163 24 
2020-12-25T11:33:05 0 0 경기73아1596 3 41 218000011 218000316 25 
2020-12-25T11:34:04 0 0 경기73아1596 3 39 218000011 218000317 26 
2020-12-25T11:35:03 0 0 경기73아1596 3 39 218000011 218000317 26 
2020-12-25T11:36:02 0 0 경기73아1596 3 39 218000011 218000318 27 
2020-12-25T11:37:03 0 0 경기73아1596 3 37 218000011 218000318 27 
2020-12-25T11:38:01 0 0 경기73아1596 3 37 218000011 218000318 27 
2020-12-25T11:39:02 0 0 경기73아1596 3 37 218000011 218000145 29 
2020-12-25T11:40:01 0 0 경기73아1596 3 37 218000011 218000145 29 
2020-12-25T11:41:00 0 0 경기73아1596 3 37 218000011 277103090 30 
2020-12-25T11:42:00 0 0 경기73아1596 3 37 218000011 277103090 30 
2020-12-25T11:42:59 0 0 경기73아1596 3 37 218000011 277103090 30 
2020-12-25T11:43:58 0 0 경기73아1596 3 37 218000011 218000140 31 
2020-12-25T11:44:57 0 0 경기73아1596 3 37 218000011 218000140 31 
2020-12-25T11:45:57 0 0 경기73아1596 3 37 218000011 218000140 31 
2020-12-25T11:46:57 0 0 경기73아1596 3 37 218000011 218000140 31 
2020-12-25T11:47:56 0 0 경기73아1596 3 36 218000011 111000007 32 
2020-12-25T11:48:55 0 0 경기73아1596 3 36 218000011 111000007 32 
2020-12-25T11:49:55 0 0 경기73아1596 3 36 218000011 111000007 32 
2020-12-25T11:50:55 0 0 경기73아1596 3 36 218000011 111000007 32 
2020-12-25T11:51:55 0 0 경기73아1596 3 36 218000011 111000007 32 
2020-12-25T11:52:54 0 0 경기73아1596 3 36 218000011 111000007 32 
2020-12-25T11:53:54 0 0 경기73아1596 3 36 218000011 111000007 32 
2020-12-25T11:54:54 0 0 경기73아1596 3 37 218000011 112000012 33 
2020-12-25T11:55:53 0 0 경기73아1596 3 37 218000011 277101784 34 
2020-12-25T11:56:53 0 0 경기73아1596 3 37 218000011 277101784 34 
2020-12-25T11:57:53 0 0 경기73아1596 3 37 218000011 277101784 34 
2020-12-25T11:58:53 0 0 경기73아1596 3 37 218000011 277103098 35 
2020-12-25T11:59:53 0 0 경기73아1596 3 37 218000011 277103098 35 
2020-12-25T12:00:52 0 0 경기73아1596 3 37 218000011 277103099 36 
2020-12-25T12:01:51 0 0 경기73아1596 3 37 218000011 277103099 36 
2020-12-25T12:02:51 0 0 경기73아1596 3 38 218000011 100000034 37 
2020-12-25T12:03:51 0 0 경기73아1596 3 38 218000011 277104283 38 
2020-12-25T12:04:51 0 0 경기73아1596 3 39 218000011 101000128 39 
2020-12-25T12:05:50 0 0 경기73아1596 3 39 218000011 101000128 39 
2020-12-25T12:06:50 0 0 경기73아1596 3 39 218000011 101000128 39 
2020-12-25T12:07:49 0 0 경기73아1596 3 41 218000011 277101885 41 
2020-12-25T12:08:48 0 0 경기73아1596 3 41 218000011 277101993 42 
2020-12-25T12:09:48 0 0 경기73아1596 3 41 218000011 101000020 43 
2020-12-25T12:10:47 0 0 경기73아1596 3 41 218000011 101000020 43 
2020-12-25T12:11:47 0 0 경기73아1596 3 41 218000011 101000020 43 
2020-12-25T12:12:47 0 0 경기73아1596 3 41 218000011 101000020 43 
2020-12-25T12:13:46 0 0 경기73아1596 3 41 218000011 277102320 44 
2020-12-25T12:14:46 0 0 경기73아1596 3 41 218000011 277102320 44 
2020-12-25T12:15:45 0 0 경기73아1596 3 41 218000011 277104396 45 
2020-12-25T12:16:45 0 0 경기73아1596 3 41 218000011 277104396 45 
2020-12-25T12:17:44 0 0 경기73아1596 3 41 218000011 112000013 46 
2020-12-25T12:18:43 0 0 경기73아1596 3 41 218000011 112000013 46 
2020-12-25T12:19:42 0 0 경기73아1596 3 41 218000011 112000013 46 
2020-12-25T12:20:42 0 0 경기73아1596 3 41 218000011 112000013 46 
2020-12-25T12:21:41 0 0 경기73아1596 3 41 218000011 112000013 46 
2020-12-25T12:22:41 0 0 경기73아1596 3 41 218000011 112000013 46 
2020-12-25T12:23:41 0 0 경기73아1596 3 41 218000011 112000013 46 
2020-12-25T12:24:41 0 0 경기73아1596 3 41 218000011 112000013 46 
2020-12-25T12:25:40 0 0 경기73아1596 3 41 218000011 111000008 47 
2020-12-25T12:26:40 0 0 경기73아1596 3 41 218000011 111000008 47 
2020-12-25T12:27:40 0 0 경기73아1596 3 41 218000011 111000008 47 
2020-12-25T12:28:40 0 0 경기73아1596 3 41 218000011 111000008 47 
2020-12-25T12:29:40 0 0 경기73아1596 3 41 218000011 111000008 47 
2020-12-25T12:30:39 0 0 경기73아1596 3 41 218000011 111000008 47 
2020-12-25T12:31:39 0 0 경기73아1596 3 41 218000011 218000139 48 
2020-12-25T12:32:39 0 0 경기73아1596 3 41 218000011 218000139 48 
2020-12-25T12:33:39 0 0 경기73아1596 3 41 218000011 277103091 49 
2020-12-25T12:34:38 0 0 경기73아1596 3 41 218000011 277103091 49 
2020-12-25T12:35:38 0 0 경기73아1596 3 41 218000011 277103091 49 
2020-12-25T12:36:38 0 0 경기73아1596 3 41 218000011 277103091 49 
2020-12-25T12:37:37 0 0 경기73아1596 3 41 218000011 277103091 49 
2020-12-25T12:38:37 0 0 경기73아1596 3 41 218000011 218000134 50 
2020-12-25T12:39:37 0 0 경기73아1596 3 41 218000011 218000636 51 
2020-12-25T12:40:36 0 0 경기73아1596 3 41 218000011 218000636 51 
2020-12-25T12:41:35 0 0 경기73아1596 3 41 218000011 218000078 52 
2020-12-25T12:42:35 0 0 경기73아1596 3 40 218000011 218000319 53 
2020-12-25T12:43:35 0 0 경기73아1596 3 40 218000011 218000319 53 
2020-12-25T12:44:35 0 0 경기73아1596 3 40 218000011 218000320 54 
2020-12-25T12:45:34 0 0 경기73아1596 3 40 218000011 218000320 54 
2020-12-25T12:46:33 0 0 경기73아1596 3 40 218000011 218000320 54 
2020-12-25T12:47:33 0 0 경기73아1596 3 40 218000011 218000320 54 
2020-12-25T12:48:32 0 0 경기73아1596 3 40 218000011 218000320 54 
2020-12-25T12:49:31 0 0 경기73아1596 3 40 218000011 219000386 55 
2020-12-25T12:50:31 0 0 경기73아1596 3 40 218000011 219000386 55 
2020-12-25T12:51:31 0 0 경기73아1596 3 40 218000011 219000386 55 
2020-12-25T12:52:30 0 0 경기73아1596 3 40 218000011 219000385 56 
2020-12-25T12:53:29 0 0 경기73아1596 3 40 218000011 219000385 56 
2020-12-25T12:54:29 0 0 경기73아1596 3 40 218000011 219000385 56 
2020-12-25T12:55:29 0 0 경기73아1596 3 40 218000011 219000383 57 
2020-12-25T12:56:28 0 0 경기73아1596 3 40 218000011 219000191 58 
2020-12-25T12:57:28 0 0 경기73아1596 3 40 218000011 219000191 58 
2020-12-25T12:58:28 0 0 경기73아1596 3 40 218000011 219000191 58 
2020-12-25T12:59:27 0 0 경기73아1596 3 40 218000011 219000130 59 
2020-12-25T13:00:26 0 0 경기73아1596 3 40 218000011 219000130 59 
2020-12-25T13:01:26 0 0 경기73아1596 3 40 218000011 219000190 60 
2020-12-25T13:02:25 0 0 경기73아1596 3 40 218000011 219000190 60 
2020-12-25T13:03:24 0 0 경기73아1596 3 40 218000011 219000189 61 
2020-12-25T13:04:24 0 0 경기73아1596 3 40 218000011 219000189 61 
2020-12-25T13:05:23 0 0 경기73아1596 3 40 218000011 219000129 62 
2020-12-25T13:06:23 0 0 경기73아1596 3 40 218000011 219000623 63 
2020-12-25T13:07:23 0 0 경기73아1596 3 40 218000011 219000623 63 
2020-12-25T13:08:22 0 0 경기73아1596 3 41 218000011 219001155 64 
2020-12-25T13:09:22 0 0 경기73아1596 3 41 218000011 219000674 65 
2020-12-25T13:10:21 0 0 경기73아1596 3 41 218000011 219000119 66 
2020-12-25T13:11:21 0 0 경기73아1596 3 41 218000011 219000119 66 
2020-12-25T13:12:20 0 0 경기73아1596 3 41 218000011 219000119 66 
2020-12-25T13:13:20 0 0 경기73아1596 3 41 218000011 219000119 66 
2020-12-25T13:14:19 0 0 경기73아1596 3 41 218000011 219000119 66 
2020-12-25T13:15:19 0 0 경기73아1596 3 41 218000011 219001152 68 
2020-12-25T13:16:18 0 0 경기73아1596 3 41 218000011 219001152 68 
2020-12-25T13:17:18 0 0 경기73아1596 3 41 218000011 219000645 75 
2020-12-25T13:18:17 0 0 경기73아1596 3 41 218000011 219000645 75 
2020-12-25T13:19:17 0 0 경기73아1596 3 41 218000011 219000645 75 
2020-12-25T13:20:17 0 0 경기73아1596 3 41 218000011 219000645 75 
2020-12-25T13:21:16 0 0 경기73아1596 3 41 218000011 219000645 75 
2020-12-25T13:22:15 0 0 경기73아1596 3 41 218000011 219000645 75 
2020-12-25T13:23:15 0 0 경기73아1596 3 41 218000011 219000645 75 
2020-12-25T13:24:14 0 0 경기73아1596 3 41 218000011 219000645 75 
2020-12-25T13:25:14 0 0 경기73아1596 3 41 218000011 219000645 75 
2020-12-25T13:26:14 0 0 경기73아1596 3 41 218000011 219000645 75 
2020-12-25T13:27:14 0 0 경기73아1596 3 41 218000011 219000645 75 
2020-12-25T13:28:13 0 0 경기73아1596 3 41 218000011 219000645 75 
2020-12-25T13:29:13 0 0 경기73아1596 3 41 218000011 219000645 75 
2020-12-25T13:30:13 0 0 경기73아1596 3 41 218000011 219000645 75 
2020-12-25T13:31:13 0 0 경기73아1596 3 41 218000011 219000645 75 
2020-12-25T14:40:49 0 0 경기73아1596 3 41 218000011 219000644 1 
2020-12-25T14:41:49 0 0 경기73아1596 3 41 218000011 219000644 1 
2020-12-25T14:42:48 0 0 경기73아1596 3 41 218000011 277102634 2 
2020-12-25T14:43:48 0 0 경기73아1596 3 41 218000011 219000565 4 
2020-12-25T14:44:48 0 0 경기73아1596 3 41 218000011 219000573 5 
2020-12-25T14:45:47 0 0 경기73아1596 3 41 218000011 219000443 7 
2020-12-25T14:46:47 0 0 경기73아1596 3 41 218000011 219000443 7 
2020-12-25T14:47:47 0 0 경기73아1596 3 41 218000011 219000435 8 
2020-12-25T14:48:47 0 0 경기73아1596 3 41 218000011 219000435 8 
2020-12-25T14:49:46 0 0 경기73아1596 3 41 218000011 219000434 9 
2020-12-25T14:50:46 0 0 경기73아1596 3 41 218000011 219000434 9 
2020-12-25T14:51:46 0 0 경기73아1596 3 41 218000011 219001153 10 
2020-12-25T14:52:45 0 0 경기73아1596 3 41 218000011 219001153 10 
2020-12-25T14:53:45 0 0 경기73아1596 3 41 218000011 219000450 11 
2020-12-25T14:54:45 0 0 경기73아1596 3 41 218000011 219000343 12 
2020-12-25T14:55:45 0 0 경기73아1596 3 41 218000011 219000343 12 
2020-12-25T14:56:44 0 0 경기73아1596 3 41 218000011 219000343 12 
2020-12-25T14:57:44 0 0 경기73아1596 3 41 218000011 219000343 12 
2020-12-25T14:58:44 0 0 경기73아1596 3 41 218000011 219000673 13 
2020-12-25T14:59:44 0 0 경기73아1596 3 41 218000011 219000673 13 
2020-12-25T15:00:43 0 0 경기73아1596 3 41 218000011 219001172 14 
2020-12-25T15:01:43 0 0 경기73아1596 3 40 218000011 219000999 15 
2020-12-25T15:02:43 0 0 경기73아1596 3 40 218000011 219000627 16 
2020-12-25T15:03:43 0 0 경기73아1596 3 40 218000011 219000627 16 
2020-12-25T15:04:42 0 0 경기73아1596 3 40 218000011 219000363 17 
2020-12-25T15:05:42 0 0 경기73아1596 3 41 218000011 219000192 18 
2020-12-25T15:06:41 0 0 경기73아1596 3 40 218000011 219000192 18 
2020-12-25T15:07:41 0 0 경기73아1596 3 40 218000011 219000192 18 
2020-12-25T15:08:41 0 0 경기73아1596 3 40 218000011 219000131 19 
2020-12-25T15:09:41 0 0 경기73아1596 3 40 218000011 219000131 19 
2020-12-25T15:10:40 0 0 경기73아1596 3 40 218000011 219000356 20 
2020-12-25T15:11:40 0 0 경기73아1596 3 40 218000011 219000370 21 
2020-12-25T15:12:40 0 0 경기73아1596 3 40 218000011 219000370 21 
2020-12-25T15:13:40 0 0 경기73아1596 3 40 218000011 219000370 21 
2020-12-25T15:14:39 0 0 경기73아1596 3 40 218000011 219000368 23 
2020-12-25T15:15:39 0 0 경기73아1596 3 40 218000011 219000368 23 
2020-12-25T15:16:39 0 0 경기73아1596 3 40 218000011 219000163 24 
2020-12-25T15:17:38 0 0 경기73아1596 3 38 218000011 219000163 24 
2020-12-25T15:18:38 0 0 경기73아1596 3 38 218000011 219000163 24 
2020-12-25T15:19:38 0 0 경기73아1596 3 38 218000011 219000163 24 
2020-12-25T15:20:37 0 0 경기73아1596 3 38 218000011 219000163 24 
2020-12-25T15:21:37 0 0 경기73아1596 3 38 218000011 219000163 24 
2020-12-25T15:22:37 0 0 경기73아1596 3 38 218000011 218000316 25 
2020-12-25T15:23:37 0 0 경기73아1596 3 38 218000011 218000316 25 
2020-12-25T15:24:37 0 0 경기73아1596 3 37 218000011 218000317 26 
2020-12-25T15:25:37 0 0 경기73아1596 3 36 218000011 218000318 27 
2020-12-25T15:26:36 0 0 경기73아1596 3 34 218000011 218000637 28 
2020-12-25T15:27:36 0 0 경기73아1596 3 32 218000011 218000637 28 
2020-12-25T15:28:36 0 0 경기73아1596 3 32 218000011 218000637 28 
2020-12-25T15:29:35 0 0 경기73아1596 3 32 218000011 218000145 29 
2020-12-25T15:30:35 0 0 경기73아1596 3 31 218000011 218000145 29 
2020-12-25T15:31:35 0 0 경기73아1596 3 31 218000011 218000145 29 
2020-12-25T15:32:35 0 0 경기73아1596 3 31 218000011 277103090 30 
2020-12-25T15:33:34 0 0 경기73아1596 3 31 218000011 218000140 31 
2020-12-25T15:34:35 0 0 경기73아1596 3 31 218000011 218000140 31 
2020-12-25T15:35:34 0 0 경기73아1596 3 31 218000011 218000140 31 
2020-12-25T15:36:33 0 0 경기73아1596 3 31 218000011 218000140 31 
2020-12-25T15:37:33 0 0 경기73아1596 3 31 218000011 218000140 31 
2020-12-25T15:38:33 0 0 경기73아1596 3 31 218000011 218000140 31 
2020-12-25T15:39:33 0 0 경기73아1596 3 31 218000011 218000140 31 
2020-12-25T15:40:33 0 0 경기73아1596 3 32 218000011 111000007 32 
2020-12-25T15:41:33 0 0 경기73아1596 3 31 218000011 111000007 32 
2020-12-25T15:42:33 0 0 경기73아1596 3 31 218000011 111000007 32 
2020-12-25T15:43:31 0 0 경기73아1596 3 31 218000011 111000007 32 
2020-12-25T15:44:31 0 0 경기73아1596 3 31 218000011 111000007 32 
2020-12-25T15:45:31 0 0 경기73아1596 3 31 218000011 111000007 32 
2020-12-25T15:46:31 0 0 경기73아1596 3 31 218000011 111000007 32 
2020-12-25T15:47:31 0 0 경기73아1596 3 31 218000011 111000007 32 
2020-12-25T15:48:30 0 0 경기73아1596 3 31 218000011 111000007 32 
2020-12-25T15:49:29 0 0 경기73아1596 3 31 218000011 111000007 32 
2020-12-25T15:50:29 0 0 경기73아1596 3 31 218000011 112000012 33 
2020-12-25T15:51:28 0 0 경기73아1596 3 38 218000011 277101784 34 
2020-12-25T15:52:28 0 0 경기73아1596 3 38 218000011 277101784 34 
2020-12-25T15:53:27 0 0 경기73아1596 3 38 218000011 277101784 34 
2020-12-25T15:54:27 0 0 경기73아1596 3 38 218000011 277101784 34 
2020-12-25T15:55:27 0 0 경기73아1596 3 38 218000011 277103098 35 
2020-12-25T15:56:26 0 0 경기73아1596 3 38 218000011 277103098 35 
2020-12-25T15:57:26 0 0 경기73아1596 3 39 218000011 277103099 36 
2020-12-25T15:58:26 0 0 경기73아1596 3 39 218000011 277103099 36 
2020-12-25T15:59:25 0 0 경기73아1596 3 39 218000011 277103099 36 
2020-12-25T16:00:25 0 0 경기73아1596 3 39 218000011 100000034 37 
2020-12-25T16:01:25 0 0 경기73아1596 3 39 218000011 100000034 37 
2020-12-25T16:02:24 0 0 경기73아1596 3 39 218000011 100000034 37 
2020-12-25T16:03:24 0 0 경기73아1596 3 38 218000011 100000034 37 
2020-12-25T16:04:23 0 0 경기73아1596 3 38 218000011 277104283 38 
2020-12-25T16:05:23 0 0 경기73아1596 3 38 218000011 277104283 38 
2020-12-25T16:06:22 0 0 경기73아1596 3 38 218000011 101000128 39 
2020-12-25T16:07:22 0 0 경기73아1596 3 38 218000011 101000128 39 
2020-12-25T16:08:22 0 0 경기73아1596 3 38 218000011 101000022 40 
2020-12-25T16:09:22 0 0 경기73아1596 3 38 218000011 101000022 40 
2020-12-25T16:10:21 0 0 경기73아1596 3 38 218000011 277101885 41 
2020-12-25T16:11:21 0 0 경기73아1596 3 38 218000011 277101993 42 
2020-12-25T16:12:20 0 0 경기73아1596 3 38 218000011 277101993 42 
2020-12-25T16:13:19 0 0 경기73아1596 3 38 218000011 101000020 43 
2020-12-25T16:14:19 0 0 경기73아1596 3 38 218000011 101000020 43 
2020-12-25T16:15:19 0 0 경기73아1596 3 38 218000011 101000020 43 
2020-12-25T16:16:18 0 0 경기73아1596 3 38 218000011 101000020 43 
2020-12-25T16:17:18 0 0 경기73아1596 3 38 218000011 277102320 44 
2020-12-25T16:18:18 0 0 경기73아1596 3 38 218000011 277102320 44 
2020-12-25T16:19:18 0 0 경기73아1596 3 38 218000011 277104396 45 
2020-12-25T16:20:17 0 0 경기73아1596 3 38 218000011 277104396 45 
2020-12-25T16:21:17 0 0 경기73아1596 3 38 218000011 277104396 45 
2020-12-25T16:22:16 0 0 경기73아1596 3 38 218000011 112000013 46 
2020-12-25T16:23:16 0 0 경기73아1596 3 38 218000011 112000013 46 
2020-12-25T16:24:16 0 0 경기73아1596 3 38 218000011 112000013 46 
2020-12-25T16:25:15 0 0 경기73아1596 3 38 218000011 112000013 46 
2020-12-25T16:26:15 0 0 경기73아1596 3 38 218000011 112000013 46 
2020-12-25T16:27:14 0 0 경기73아1596 3 38 218000011 112000013 46 
2020-12-25T16:28:14 0 0 경기73아1596 3 38 218000011 112000013 46 
2020-12-25T16:29:13 0 0 경기73아1596 3 38 218000011 112000013 46 
2020-12-25T16:30:13 0 0 경기73아1596 3 38 218000011 111000008 47 
2020-12-25T16:31:13 0 0 경기73아1596 3 37 218000011 111000008 47 
2020-12-25T16:32:13 0 0 경기73아1596 3 37 218000011 111000008 47 
2020-12-25T16:33:12 0 0 경기73아1596 3 37 218000011 111000008 47 
2020-12-25T16:34:12 0 0 경기73아1596 3 37 218000011 111000008 47 
2020-12-25T16:35:11 0 0 경기73아1596 3 37 218000011 111000008 47 
2020-12-25T16:36:11 0 0 경기73아1596 3 37 218000011 111000008 47 
2020-12-25T16:37:10 0 0 경기73아1596 3 37 218000011 218000139 48 
2020-12-25T16:38:09 0 0 경기73아1596 3 37 218000011 218000139 48 
2020-12-25T16:39:09 0 0 경기73아1596 3 37 218000011 277103091 49 
2020-12-25T16:40:08 0 0 경기73아1596 3 37 218000011 277103091 49 
2020-12-25T16:41:08 0 0 경기73아1596 3 37 218000011 277103091 49 
2020-12-25T16:42:07 0 0 경기73아1596 3 37 218000011 218000134 50 
2020-12-25T16:43:07 0 0 경기73아1596 3 37 218000011 218000134 50 
2020-12-25T16:44:07 0 0 경기73아1596 3 37 218000011 218000134 50 
2020-12-25T16:45:07 0 0 경기73아1596 3 38 218000011 218000636 51 
2020-12-25T16:46:06 0 0 경기73아1596 3 38 218000011 218000636 51 
2020-12-25T16:47:06 0 0 경기73아1596 3 38 218000011 218000636 51 
2020-12-25T16:48:05 0 0 경기73아1596 3 38 218000011 218000078 52 
2020-12-25T16:49:05 0 0 경기73아1596 3 38 218000011 218000319 53 
2020-12-25T16:50:05 0 0 경기73아1596 3 38 218000011 218000319 53 
2020-12-25T16:51:05 0 0 경기73아1596 3 38 218000011 218000320 54 
2020-12-25T16:52:04 0 0 경기73아1596 3 38 218000011 218000320 54 
2020-12-25T16:53:04 0 0 경기73아1596 3 38 218000011 218000320 54 
2020-12-25T16:54:03 0 0 경기73아1596 3 38 218000011 218000320 54 
2020-12-25T16:55:03 0 0 경기73아1596 3 38 218000011 218000320 54 
2020-12-25T16:56:02 0 0 경기73아1596 3 38 218000011 219000386 55 
2020-12-25T16:57:02 0 0 경기73아1596 3 38 218000011 219000386 55 
2020-12-25T16:58:01 0 0 경기73아1596 3 39 218000011 219000385 56 
2020-12-25T16:59:01 0 0 경기73아1596 3 39 218000011 219000385 56 
2020-12-25T17:00:00 0 0 경기73아1596 3 39 218000011 219000385 56 
2020-12-25T17:01:01 0 0 경기73아1596 3 39 218000011 219000383 57 
2020-12-25T17:01:59 0 0 경기73아1596 3 39 218000011 219000191 58 
2020-12-25T17:02:59 0 0 경기73아1596 3 39 218000011 219000191 58 
2020-12-25T17:03:59 0 0 경기73아1596 3 39 218000011 219000130 59 
2020-12-25T17:04:58 0 0 경기73아1596 3 39 218000011 219000130 59 
2020-12-25T17:05:57 0 0 경기73아1596 3 39 218000011 219000190 60 
2020-12-25T17:06:57 0 0 경기73아1596 3 39 218000011 219000189 61 
2020-12-25T17:07:57 0 0 경기73아1596 3 39 218000011 219000189 61 
2020-12-25T17:08:57 0 0 경기73아1596 3 39 218000011 219000129 62 
2020-12-25T17:09:56 0 0 경기73아1596 3 39 218000011 219000623 63 
2020-12-25T17:10:56 0 0 경기73아1596 3 40 218000011 219001155 64 
2020-12-25T17:11:56 0 0 경기73아1596 3 40 218000011 219000674 65 
2020-12-25T17:12:56 0 0 경기73아1596 3 40 218000011 219000674 65 
2020-12-25T17:13:55 0 0 경기73아1596 3 40 218000011 219000119 66 
2020-12-25T17:14:55 0 0 경기73아1596 3 40 218000011 219000119 66 
2020-12-25T17:15:55 0 0 경기73아1596 3 40 218000011 219000119 66 
2020-12-25T17:16:54 0 0 경기73아1596 3 40 218000011 219000119 66 
2020-12-25T17:17:54 0 0 경기73아1596 3 40 218000011 219000451 67 
2020-12-25T17:18:54 0 0 경기73아1596 3 40 218000011 219001152 68 
2020-12-25T17:19:54 0 0 경기73아1596 3 40 218000011 219000645 75 
2020-12-25T17:20:53 0 0 경기73아1596 3 40 218000011 219000645 75 
2020-12-25T17:21:53 0 0 경기73아1596 3 40 218000011 219000645 75 
2020-12-25T17:22:53 0 0 경기73아1596 3 40 218000011 219000645 75 
2020-12-25T17:23:52 0 0 경기73아1596 3 40 218000011 219000645 75 
2020-12-25T17:24:52 0 0 경기73아1596 3 40 218000011 219000645 75 
2020-12-25T17:25:52 0 0 경기73아1596 3 40 218000011 219000645 75 
2020-12-25T17:26:52 0 0 경기73아1596 3 40 218000011 219000645 75 
2020-12-25T17:27:52 0 0 경기73아1596 3 40 218000011 219000645 75 
2020-12-25T17:28:51 0 0 경기73아1596 3 40 218000011 219000645 75 
2020-12-25T17:29:51 0 0 경기73아1596 3 40 218000011 219000645 75 
2020-12-25T17:30:50 0 0 경기73아1596 3 40 218000011 219000645 75 
2020-12-25T17:31:49 0 0 경기73아1596 3 40 218000011 219000645 75 
2020-12-25T17:32:49 0 0 경기73아1596 3 40 218000011 219000645 75 
2020-12-25T17:33:48 0 0 경기73아1596 3 40 218000011 219000645 75 
2020-12-25T17:34:48 0 0 경기73아1596 3 40 218000011 219000645 75 
2020-12-25T18:40:20 0 0 경기73아1596 3 41 218000011 219000644 1 
2020-12-25T18:41:20 0 0 경기73아1596 3 41 218000011 219000644 1 
2020-12-25T18:42:19 0 0 경기73아1596 3 41 218000011 277102634 2 
2020-12-25T18:43:19 0 0 경기73아1596 3 41 218000011 277102634 2 
2020-12-25T18:44:18 0 0 경기73아1596 3 41 218000011 219000565 4 
2020-12-25T18:45:18 0 0 경기73아1596 3 41 218000011 219000573 5 
2020-12-25T18:46:17 0 0 경기73아1596 3 41 218000011 219000443 7 
2020-12-25T18:47:16 0 0 경기73아1596 3 41 218000011 219000443 7 
2020-12-25T18:48:16 0 0 경기73아1596 3 41 218000011 219000435 8 
2020-12-25T18:49:16 0 0 경기73아1596 3 41 218000011 219000434 9 
2020-12-25T18:50:15 0 0 경기73아1596 3 41 218000011 219000434 9 
2020-12-25T18:51:15 0 0 경기73아1596 3 41 218000011 219000434 9 
2020-12-25T18:52:14 0 0 경기73아1596 3 41 218000011 219001153 10 
2020-12-25T18:53:14 0 0 경기73아1596 3 41 218000011 219000343 12 
2020-12-25T18:54:13 0 0 경기73아1596 3 41 218000011 219000343 12 
2020-12-25T18:55:13 0 0 경기73아1596 3 41 218000011 219000673 13 
2020-12-25T18:56:13 0 0 경기73아1596 3 41 218000011 219001172 14 
2020-12-25T18:57:13 0 0 경기73아1596 3 41 218000011 219001172 14 
2020-12-25T18:58:13 0 0 경기73아1596 3 41 218000011 219001172 14 
2020-12-25T18:59:12 0 0 경기73아1596 3 41 218000011 219000999 15 
2020-12-25T19:00:12 0 0 경기73아1596 3 41 218000011 219000627 16 
2020-12-25T19:01:12 0 0 경기73아1596 3 41 218000011 219000627 16 
2020-12-25T19:02:12 0 0 경기73아1596 3 41 218000011 219000363 17 
2020-12-25T19:03:11 0 0 경기73아1596 3 41 218000011 219000192 18 
2020-12-25T19:04:11 0 0 경기73아1596 3 41 218000011 219000192 18 
2020-12-25T19:05:11 0 0 경기73아1596 3 41 218000011 219000192 18 
2020-12-25T19:06:11 0 0 경기73아1596 3 41 218000011 219000131 19 
2020-12-25T19:07:10 0 0 경기73아1596 3 41 218000011 219000356 20 
2020-12-25T19:08:10 0 0 경기73아1596 3 41 218000011 219000356 20 
2020-12-25T19:09:10 0 0 경기73아1596 3 41 218000011 219000370 21 
2020-12-25T19:10:10 0 0 경기73아1596 3 41 218000011 219000370 21 
2020-12-25T19:11:09 0 0 경기73아1596 3 41 218000011 219000454 22 
2020-12-25T19:12:09 0 0 경기73아1596 3 41 218000011 219000368 23 
2020-12-25T19:13:09 0 0 경기73아1596 3 41 218000011 219000368 23 
2020-12-25T19:14:09 0 0 경기73아1596 3 41 218000011 219000163 24 
2020-12-25T19:15:08 0 0 경기73아1596 3 41 218000011 219000163 24 
2020-12-25T19:16:07 0 0 경기73아1596 3 41 218000011 219000163 24 
2020-12-25T19:17:06 0 0 경기73아1596 3 41 218000011 219000163 24 
2020-12-25T19:18:06 0 0 경기73아1596 3 41 218000011 219000163 24 
2020-12-25T19:19:06 0 0 경기73아1596 3 41 218000011 219000163 24 
2020-12-25T19:20:06 0 0 경기73아1596 3 41 218000011 218000316 25 
2020-12-25T19:21:06 0 0 경기73아1596 3 41 218000011 218000317 26 
2020-12-25T19:22:06 0 0 경기73아1596 3 41 218000011 218000317 26 
2020-12-25T19:23:06 0 0 경기73아1596 3 40 218000011 218000318 27 
2020-12-25T19:24:06 0 0 경기73아1596 3 40 218000011 218000145 29 
2020-12-25T19:25:06 0 0 경기73아1596 3 40 218000011 218000145 29 
2020-12-25T19:26:05 0 0 경기73아1596 3 40 218000011 277103090 30 
2020-12-25T19:27:05 0 0 경기73아1596 3 40 218000011 277103090 30 
2020-12-25T19:28:04 0 0 경기73아1596 3 40 218000011 277103090 30 
2020-12-25T19:29:04 0 0 경기73아1596 3 40 218000011 218000140 31 
2020-12-25T19:30:03 0 0 경기73아1596 3 40 218000011 218000140 31 
2020-12-25T19:31:02 0 0 경기73아1596 3 40 218000011 218000140 31 
2020-12-25T19:32:02 0 0 경기73아1596 3 40 218000011 218000140 31 
2020-12-25T19:33:02 0 0 경기73아1596 3 40 218000011 218000140 31 
2020-12-25T19:34:02 0 0 경기73아1596 3 40 218000011 111000007 32 
2020-12-25T19:35:01 0 0 경기73아1596 3 40 218000011 111000007 32 
2020-12-25T19:36:01 0 0 경기73아1596 3 40 218000011 111000007 32 
2020-12-25T19:37:01 0 0 경기73아1596 3 40 218000011 111000007 32 
2020-12-25T19:38:00 0 0 경기73아1596 3 40 218000011 111000007 32 
2020-12-25T19:38:59 0 0 경기73아1596 3 40 218000011 111000007 32 
2020-12-25T19:39:58 0 0 경기73아1596 3 40 218000011 111000007 32 
2020-12-25T19:40:58 0 0 경기73아1596 3 40 218000011 111000007 32 
2020-12-25T19:41:58 0 0 경기73아1596 3 40 218000011 111000007 32 
2020-12-25T19:42:57 0 0 경기73아1596 3 40 218000011 111000007 32 
2020-12-25T19:43:57 0 0 경기73아1596 3 39 218000011 112000012 33 
2020-12-25T19:44:57 0 0 경기73아1596 3 39 218000011 277101784 34 
2020-12-25T19:45:57 0 0 경기73아1596 3 39 218000011 277101784 34 
2020-12-25T19:46:57 0 0 경기73아1596 3 39 218000011 277103098 35 
2020-12-25T19:47:56 0 0 경기73아1596 3 39 218000011 277103098 35 
2020-12-25T19:48:56 0 0 경기73아1596 3 39 218000011 277103099 36 
2020-12-25T19:49:56 0 0 경기73아1596 3 40 218000011 100000034 37 
2020-12-25T19:50:55 0 0 경기73아1596 3 40 218000011 100000034 37 
2020-12-25T19:51:54 0 0 경기73아1596 3 40 218000011 100000034 37 
2020-12-25T19:52:54 0 0 경기73아1596 3 40 218000011 277104283 38 
2020-12-25T19:53:54 0 0 경기73아1596 3 40 218000011 101000128 39 
2020-12-25T19:54:54 0 0 경기73아1596 3 40 218000011 101000128 39 
2020-12-25T19:55:54 0 0 경기73아1596 3 40 218000011 101000128 39 
2020-12-25T19:56:53 0 0 경기73아1596 3 41 218000011 277101885 41 
2020-12-25T19:57:53 0 0 경기73아1596 3 41 218000011 277101993 42 
2020-12-25T19:58:53 0 0 경기73아1596 3 41 218000011 101000020 43 
2020-12-25T19:59:53 0 0 경기73아1596 3 41 218000011 101000020 43 
2020-12-25T20:00:53 0 0 경기73아1596 3 41 218000011 101000020 43 
2020-12-25T20:01:53 0 0 경기73아1596 3 41 218000011 101000020 43 
2020-12-25T20:02:52 0 0 경기73아1596 3 41 218000011 277102320 44 
2020-12-25T20:03:52 0 0 경기73아1596 3 41 218000011 277102320 44 
2020-12-25T20:04:52 0 0 경기73아1596 3 41 218000011 277104396 45 
2020-12-25T20:05:52 0 0 경기73아1596 3 41 218000011 277104396 45 
2020-12-25T20:06:52 0 0 경기73아1596 3 41 218000011 277104396 45 
2020-12-25T20:07:51 0 0 경기73아1596 3 40 218000011 112000013 46 
2020-12-25T20:08:50 0 0 경기73아1596 3 40 218000011 112000013 46 
2020-12-25T20:09:50 0 0 경기73아1596 3 40 218000011 112000013 46 
2020-12-25T20:10:50 0 0 경기73아1596 3 40 218000011 112000013 46 
2020-12-25T20:11:49 0 0 경기73아1596 3 40 218000011 112000013 46 
2020-12-25T20:12:49 0 0 경기73아1596 3 40 218000011 112000013 46 
2020-12-25T20:13:48 0 0 경기73아1596 3 40 218000011 112000013 46 
2020-12-25T20:14:48 0 0 경기73아1596 3 40 218000011 111000008 47 
2020-12-25T20:15:47 0 0 경기73아1596 3 40 218000011 111000008 47 
2020-12-25T20:16:47 0 0 경기73아1596 3 40 218000011 111000008 47 
2020-12-25T20:17:47 0 0 경기73아1596 3 40 218000011 111000008 47 
2020-12-25T20:18:47 0 0 경기73아1596 3 40 218000011 111000008 47 
2020-12-25T20:19:46 0 0 경기73아1596 3 40 218000011 111000008 47 
2020-12-25T20:20:46 0 0 경기73아1596 3 40 218000011 218000139 48 
2020-12-25T20:21:45 0 0 경기73아1596 3 40 218000011 218000139 48 
2020-12-25T20:22:45 0 0 경기73아1596 3 40 218000011 277103091 49 
2020-12-25T20:23:45 0 0 경기73아1596 3 40 218000011 277103091 49 
2020-12-25T20:24:45 0 0 경기73아1596 3 40 218000011 277103091 49 
2020-12-25T20:25:45 0 0 경기73아1596 3 40 218000011 277103091 49 
2020-12-25T20:26:44 0 0 경기73아1596 3 40 218000011 218000134 50 
2020-12-25T20:27:44 0 0 경기73아1596 3 40 218000011 218000134 50 
2020-12-25T20:28:44 0 0 경기73아1596 3 40 218000011 218000134 50 
2020-12-25T20:29:43 0 0 경기73아1596 3 40 218000011 218000636 51 
2020-12-25T20:30:43 0 0 경기73아1596 3 40 218000011 218000078 52 
2020-12-25T20:31:42 0 0 경기73아1596 3 40 218000011 218000078 52 
2020-12-25T20:32:42 0 0 경기73아1596 3 40 218000011 218000319 53 
2020-12-25T20:33:42 0 0 경기73아1596 3 40 218000011 218000320 54 
2020-12-25T20:34:42 0 0 경기73아1596 3 39 218000011 218000320 54 
2020-12-25T20:35:41 0 0 경기73아1596 3 39 218000011 218000320 54 
2020-12-25T20:36:41 0 0 경기73아1596 3 39 218000011 218000320 54 
2020-12-25T20:37:41 0 0 경기73아1596 3 39 218000011 218000320 54 
2020-12-25T20:38:41 0 0 경기73아1596 3 39 218000011 219000386 55 
2020-12-25T20:39:40 0 0 경기73아1596 3 39 218000011 219000386 55 
2020-12-25T20:40:40 0 0 경기73아1596 3 39 218000011 219000386 55 
2020-12-25T20:41:39 0 0 경기73아1596 3 39 218000011 219000385 56 
2020-12-25T20:42:39 0 0 경기73아1596 3 40 218000011 219000385 56 
2020-12-25T20:43:39 0 0 경기73아1596 3 40 218000011 219000385 56 
2020-12-25T20:44:38 0 0 경기73아1596 3 40 218000011 219000383 57 
2020-12-25T20:45:38 0 0 경기73아1596 3 40 218000011 219000383 57 
2020-12-25T20:46:38 0 0 경기73아1596 3 40 218000011 219000383 57 
2020-12-25T20:47:38 0 0 경기73아1596 3 40 218000011 219000191 58 
2020-12-25T20:48:37 0 0 경기73아1596 3 40 218000011 219000191 58 
2020-12-25T20:49:36 0 0 경기73아1596 3 40 218000011 219000130 59 
2020-12-25T20:50:36 0 0 경기73아1596 3 40 218000011 219000190 60 
2020-12-25T20:51:36 0 0 경기73아1596 3 40 218000011 219000190 60 
2020-12-25T20:52:36 0 0 경기73아1596 3 40 218000011 219000189 61 
2020-12-25T20:53:35 0 0 경기73아1596 3 40 218000011 219000189 61 
2020-12-25T20:54:35 0 0 경기73아1596 3 40 218000011 219000129 62 
2020-12-25T20:55:35 0 0 경기73아1596 3 40 218000011 219000129 62 
2020-12-25T20:56:35 0 0 경기73아1596 3 40 218000011 219000623 63 
2020-12-25T20:57:34 0 0 경기73아1596 3 40 218000011 219001155 64 
2020-12-25T20:58:34 0 0 경기73아1596 3 40 218000011 219000674 65 
2020-12-25T20:59:34 0 0 경기73아1596 3 40 218000011 219000119 66 
2020-12-25T21:00:33 0 0 경기73아1596 3 40 218000011 219000119 66 
2020-12-25T21:01:33 0 0 경기73아1596 3 40 218000011 219000451 67 
2020-12-25T21:02:33 0 0 경기73아1596 3 40 218000011 219001152 68 
2020-12-25T21:03:32 0 0 경기73아1596 3 40 218000011 219001152 68 
2020-12-25T21:04:31 0 0 경기73아1596 3 40 218000011 219000425 69 
2020-12-25T21:05:31 0 0 경기73아1596 3 40 218000011 219000424 70 
2020-12-25T21:06:31 0 0 경기73아1596 3 41 218000011 219000442 71 
2020-12-25T21:07:31 0 0 경기73아1596 3 41 218000011 219000445 74 
2020-12-25T21:08:31 0 0 경기73아1596 3 41 218000011 219000445 74 
2020-12-25T21:09:30 0 0 경기73아1596 3 41 218000011 219000445 74 
2020-12-25T21:10:29 0 0 경기73아1596 3 41 218000011 219000445 74 
2020-12-25T21:11:29 0 0 경기73아1596 3 41 218000011 219000445 74 
2020-12-25T21:12:29 0 0 경기73아1596 3 41 218000011 219000645 75 
2020-12-25T21:13:28 0 0 경기73아1596 3 41 218000011 219000645 75 
2020-12-25T21:14:28 0 0 경기73아1596 3 41 218000011 219000645 75 
2020-12-25T21:15:27 0 0 경기73아1596 3 41 218000011 219000645 75 
2020-12-25T21:16:27 0 0 경기73아1596 3 41 218000011 219000645 75 
2020-12-25T21:17:26 0 0 경기73아1596 3 41 218000011 219000645 75 
2020-12-25T21:18:26 0 0 경기73아1596 3 41 218000011 219000645 75 
2020-12-25T21:19:25 0 0 경기73아1596 3 41 218000011 219000645 75 
2020-12-25T21:20:25 0 0 경기73아1596 3 41 218000011 219000645 75 
2020-12-25T21:21:25 0 0 경기73아1596 3 41 218000011 219000645 75 
2020-12-25T21:22:25 0 0 경기73아1596 3 41 218000011 219000645 75 
2020-12-25T21:23:25 0 0 경기73아1596 3 41 218000011 219000645 75 
2020-12-25T21:24:24 0 0 경기73아1596 3 41 218000011 219000645 75 
2020-12-25T21:25:24 0 0 경기73아1596 3 41 218000011 219000645 75 
2020-12-25T21:26:23 0 0 경기73아1596 3 41 218000011 219000645 75 
