218000011 2020-12-19T22:40:34.630021+09:00
2020-12-20T10:52:08 0 0 경기73아1599 3 41 218000011 219000644 1 
2020-12-20T10:53:08 0 0 경기73아1599 3 41 218000011 219000644 1 
2020-12-20T10:54:08 0 0 경기73아1599 3 41 218000011 219000644 1 
2020-12-20T10:55:08 0 0 경기73아1599 3 41 218000011 277102634 2 
2020-12-20T10:56:07 0 0 경기73아1599 3 41 218000011 277102634 2 
2020-12-20T10:57:06 0 0 경기73아1599 3 41 218000011 277102634 2 
2020-12-20T10:58:05 0 0 경기73아1599 3 41 218000011 219000573 5 
2020-12-20T10:59:05 0 0 경기73아1599 3 41 218000011 219000443 7 
2020-12-20T11:00:04 0 0 경기73아1599 3 41 218000011 219000443 7 
2020-12-20T11:01:03 0 0 경기73아1599 3 41 218000011 219000435 8 
2020-12-20T11:02:03 0 0 경기73아1599 3 40 218000011 219000435 8 
2020-12-20T11:03:03 0 0 경기73아1599 3 40 218000011 219000434 9 
2020-12-20T11:04:03 0 0 경기73아1599 3 40 218000011 219000434 9 
2020-12-20T11:05:02 0 0 경기73아1599 3 40 218000011 219000434 9 
2020-12-20T11:06:01 0 0 경기73아1599 3 40 218000011 219001153 10 
2020-12-20T11:07:01 0 0 경기73아1599 3 40 218000011 219000450 11 
2020-12-20T11:08:00 0 0 경기73아1599 3 40 218000011 219000343 12 
2020-12-20T11:09:00 0 0 경기73아1599 3 41 218000011 219000673 13 
2020-12-20T11:10:00 0 0 경기73아1599 3 41 218000011 219000673 13 
2020-12-20T11:10:59 0 0 경기73아1599 3 41 218000011 219000673 13 
2020-12-20T11:11:59 0 0 경기73아1599 3 41 218000011 219001172 14 
2020-12-20T11:12:59 0 0 경기73아1599 3 41 218000011 219000999 15 
2020-12-20T11:13:58 0 0 경기73아1599 3 41 218000011 219000627 16 
2020-12-20T11:14:58 0 0 경기73아1599 3 41 218000011 219000627 16 
2020-12-20T11:15:58 0 0 경기73아1599 3 41 218000011 219000363 17 
2020-12-20T11:16:57 0 0 경기73아1599 3 41 218000011 219000192 18 
2020-12-20T11:17:57 0 0 경기73아1599 3 41 218000011 219000192 18 
2020-12-20T11:18:57 0 0 경기73아1599 3 41 218000011 219000131 19 
2020-12-20T11:19:56 0 0 경기73아1599 3 41 218000011 219000356 20 
2020-12-20T11:20:55 0 0 경기73아1599 3 41 218000011 219000356 20 
2020-12-20T11:21:55 0 0 경기73아1599 3 41 218000011 219000356 20 
2020-12-20T11:22:55 0 0 경기73아1599 3 41 218000011 219000370 21 
2020-12-20T11:23:54 0 0 경기73아1599 3 41 218000011 219000370 21 
2020-12-20T11:24:54 0 0 경기73아1599 3 41 218000011 219000368 23 
2020-12-20T11:25:54 0 0 경기73아1599 3 41 218000011 219000368 23 
2020-12-20T11:26:53 0 0 경기73아1599 3 41 218000011 219000163 24 
2020-12-20T11:27:53 0 0 경기73아1599 3 41 218000011 219000163 24 
2020-12-20T11:28:52 0 0 경기73아1599 3 41 218000011 219000163 24 
2020-12-20T11:29:52 0 0 경기73아1599 3 41 218000011 219000163 24 
2020-12-20T11:30:52 0 0 경기73아1599 3 41 218000011 218000316 25 
2020-12-20T11:31:51 0 0 경기73아1599 3 41 218000011 218000316 25 
2020-12-20T11:32:51 0 0 경기73아1599 3 39 218000011 218000317 26 
2020-12-20T11:33:51 0 0 경기73아1599 3 39 218000011 218000318 27 
2020-12-20T11:34:51 0 0 경기73아1599 3 38 218000011 218000318 27 
2020-12-20T11:35:51 0 0 경기73아1599 3 37 218000011 218000637 28 
2020-12-20T11:36:51 0 0 경기73아1599 3 37 218000011 218000637 28 
2020-12-20T11:37:51 0 0 경기73아1599 3 37 218000011 218000637 28 
2020-12-20T11:38:50 0 0 경기73아1599 3 37 218000011 218000145 29 
2020-12-20T11:39:49 0 0 경기73아1599 3 37 218000011 218000145 29 
2020-12-20T11:40:48 0 0 경기73아1599 3 37 218000011 218000145 29 
2020-12-20T11:41:48 0 0 경기73아1599 3 37 218000011 277103090 30 
2020-12-20T11:42:48 0 0 경기73아1599 3 37 218000011 277103090 30 
2020-12-20T11:43:48 0 0 경기73아1599 3 37 218000011 218000140 31 
2020-12-20T11:44:47 0 0 경기73아1599 3 37 218000011 218000140 31 
2020-12-20T11:45:47 0 0 경기73아1599 3 37 218000011 218000140 31 
2020-12-20T11:46:47 0 0 경기73아1599 3 38 218000011 218000140 31 
2020-12-20T11:47:46 0 0 경기73아1599 3 38 218000011 111000007 32 
2020-12-20T11:48:45 0 0 경기73아1599 3 38 218000011 111000007 32 
2020-12-20T11:49:45 0 0 경기73아1599 3 38 218000011 111000007 32 
2020-12-20T11:50:44 0 0 경기73아1599 3 38 218000011 111000007 32 
2020-12-20T11:51:44 0 0 경기73아1599 3 38 218000011 111000007 32 
2020-12-20T11:52:43 0 0 경기73아1599 3 38 218000011 111000007 32 
2020-12-20T11:53:42 0 0 경기73아1599 3 38 218000011 111000007 32 
2020-12-20T11:54:42 0 0 경기73아1599 3 39 218000011 112000012 33 
2020-12-20T11:55:42 0 0 경기73아1599 3 39 218000011 112000012 33 
2020-12-20T11:56:41 0 0 경기73아1599 3 39 218000011 277101784 34 
2020-12-20T11:57:41 0 0 경기73아1599 3 39 218000011 277101784 34 
2020-12-20T11:58:40 0 0 경기73아1599 3 39 218000011 277101784 34 
2020-12-20T11:59:40 0 0 경기73아1599 3 39 218000011 277103098 35 
2020-12-20T12:00:39 0 0 경기73아1599 3 39 218000011 277103098 35 
2020-12-20T12:01:38 0 0 경기73아1599 3 39 218000011 277103099 36 
2020-12-20T12:02:38 0 0 경기73아1599 3 39 218000011 277103099 36 
2020-12-20T12:03:38 0 0 경기73아1599 3 39 218000011 277103099 36 
2020-12-20T12:04:37 0 0 경기73아1599 3 40 218000011 277103099 36 
2020-12-20T12:05:36 0 0 경기73아1599 3 40 218000011 100000034 37 
2020-12-20T12:06:36 0 0 경기73아1599 3 40 218000011 100000034 37 
2020-12-20T12:07:35 0 0 경기73아1599 3 40 218000011 277104283 38 
2020-12-20T12:08:35 0 0 경기73아1599 3 40 218000011 101000128 39 
2020-12-20T12:09:34 0 0 경기73아1599 3 40 218000011 101000128 39 
2020-12-20T12:10:34 0 0 경기73아1599 3 41 218000011 101000022 40 
2020-12-20T12:11:34 0 0 경기73아1599 3 41 218000011 277101993 42 
2020-12-20T12:12:33 0 0 경기73아1599 3 41 218000011 101000020 43 
2020-12-20T12:13:32 0 0 경기73아1599 3 41 218000011 101000020 43 
2020-12-20T12:14:32 0 0 경기73아1599 3 41 218000011 277102320 44 
2020-12-20T12:15:31 0 0 경기73아1599 3 41 218000011 277104396 45 
2020-12-20T12:16:31 0 0 경기73아1599 3 41 218000011 277104396 45 
2020-12-20T12:17:31 0 0 경기73아1599 3 41 218000011 277104396 45 
2020-12-20T12:18:30 0 0 경기73아1599 3 41 218000011 277104396 45 
2020-12-20T12:19:30 0 0 경기73아1599 3 41 218000011 277104396 45 
2020-12-20T12:20:30 0 0 경기73아1599 3 41 218000011 112000013 46 
2020-12-20T12:21:30 0 0 경기73아1599 3 41 218000011 112000013 46 
2020-12-20T12:22:29 0 0 경기73아1599 3 41 218000011 112000013 46 
2020-12-20T12:23:29 0 0 경기73아1599 3 41 218000011 112000013 46 
2020-12-20T12:24:28 0 0 경기73아1599 3 41 218000011 112000013 46 
2020-12-20T12:25:28 0 0 경기73아1599 3 41 218000011 112000013 46 
2020-12-20T12:26:26 0 0 경기73아1599 3 41 218000011 112000013 46 
2020-12-20T12:27:26 0 0 경기73아1599 3 41 218000011 111000008 47 
2020-12-20T12:28:26 0 0 경기73아1599 3 41 218000011 111000008 47 
2020-12-20T12:29:25 0 0 경기73아1599 3 41 218000011 111000008 47 
2020-12-20T12:30:25 0 0 경기73아1599 3 41 218000011 111000008 47 
2020-12-20T12:31:25 0 0 경기73아1599 3 41 218000011 111000008 47 
2020-12-20T12:32:24 0 0 경기73아1599 3 41 218000011 111000008 47 
2020-12-20T12:33:24 0 0 경기73아1599 3 41 218000011 111000008 47 
2020-12-20T12:34:23 0 0 경기73아1599 3 41 218000011 111000008 47 
2020-12-20T12:35:23 0 0 경기73아1599 3 41 218000011 218000139 48 
2020-12-20T12:36:23 0 0 경기73아1599 3 41 218000011 218000139 48 
2020-12-20T12:37:23 0 0 경기73아1599 3 41 218000011 277103091 49 
2020-12-20T12:38:23 0 0 경기73아1599 3 41 218000011 277103091 49 
2020-12-20T12:39:23 0 0 경기73아1599 3 41 218000011 277103091 49 
2020-12-20T12:40:22 0 0 경기73아1599 3 41 218000011 218000134 50 
2020-12-20T12:41:21 0 0 경기73아1599 3 41 218000011 218000134 50 
2020-12-20T12:42:21 0 0 경기73아1599 3 41 218000011 218000636 51 
2020-12-20T12:43:20 0 0 경기73아1599 3 41 218000011 218000636 51 
2020-12-20T12:44:20 0 0 경기73아1599 3 41 218000011 218000078 52 
2020-12-20T12:45:20 0 0 경기73아1599 3 41 218000011 218000319 53 
2020-12-20T12:46:20 0 0 경기73아1599 3 41 218000011 218000319 53 
2020-12-20T12:47:19 0 0 경기73아1599 3 41 218000011 218000320 54 
2020-12-20T12:48:19 0 0 경기73아1599 3 41 218000011 218000320 54 
2020-12-20T12:49:19 0 0 경기73아1599 3 41 218000011 218000320 54 
2020-12-20T12:50:19 0 0 경기73아1599 3 41 218000011 218000320 54 
2020-12-20T12:51:18 0 0 경기73아1599 3 41 218000011 218000320 54 
2020-12-20T12:52:17 0 0 경기73아1599 3 41 218000011 219000386 55 
2020-12-20T12:53:17 0 0 경기73아1599 3 41 218000011 219000386 55 
2020-12-20T12:54:17 0 0 경기73아1599 3 41 218000011 219000386 55 
2020-12-20T12:55:16 0 0 경기73아1599 3 41 218000011 219000385 56 
2020-12-20T12:56:16 0 0 경기73아1599 3 41 218000011 219000385 56 
2020-12-20T12:57:16 0 0 경기73아1599 3 41 218000011 219000385 56 
2020-12-20T12:58:16 0 0 경기73아1599 3 41 218000011 219000383 57 
2020-12-20T12:59:15 0 0 경기73아1599 3 41 218000011 219000191 58 
2020-12-20T13:00:14 0 0 경기73아1599 3 41 218000011 219000191 58 
2020-12-20T13:01:14 0 0 경기73아1599 3 41 218000011 219000130 59 
2020-12-20T13:02:14 0 0 경기73아1599 3 41 218000011 219000130 59 
2020-12-20T13:03:14 0 0 경기73아1599 3 41 218000011 219000190 60 
2020-12-20T13:04:14 0 0 경기73아1599 3 41 218000011 219000189 61 
2020-12-20T13:05:14 0 0 경기73아1599 3 41 218000011 219000189 61 
2020-12-20T13:06:13 0 0 경기73아1599 3 41 218000011 219000129 62 
2020-12-20T13:07:13 0 0 경기73아1599 3 41 218000011 219000129 62 
2020-12-20T13:08:13 0 0 경기73아1599 3 41 218000011 219000129 62 
2020-12-20T13:09:12 0 0 경기73아1599 3 41 218000011 219000623 63 
2020-12-20T13:10:12 0 0 경기73아1599 3 41 218000011 219000623 63 
2020-12-20T13:11:12 0 0 경기73아1599 3 41 218000011 219001155 64 
2020-12-20T13:12:11 0 0 경기73아1599 3 41 218000011 219000674 65 
2020-12-20T13:13:11 0 0 경기73아1599 3 41 218000011 219000119 66 
2020-12-20T13:14:11 0 0 경기73아1599 3 41 218000011 219000119 66 
2020-12-20T13:15:10 0 0 경기73아1599 3 41 218000011 219001152 68 
2020-12-20T13:16:09 0 0 경기73아1599 3 41 218000011 219000645 75 
2020-12-20T13:17:09 0 0 경기73아1599 3 41 218000011 219000645 75 
2020-12-20T13:18:08 0 0 경기73아1599 3 41 218000011 219000645 75 
2020-12-20T13:19:08 0 0 경기73아1599 3 41 218000011 219000645 75 
2020-12-20T13:20:07 0 0 경기73아1599 3 41 218000011 219000645 75 
2020-12-20T13:22:05 0 0 경기73아1599 3 41 218000011 219000645 75 
2020-12-20T13:23:05 0 0 경기73아1599 3 41 218000011 219000645 75 
2020-12-20T13:24:04 0 0 경기73아1599 3 41 218000011 219000645 75 
2020-12-20T13:25:03 0 0 경기73아1599 3 41 218000011 219000645 75 
2020-12-20T13:26:03 0 0 경기73아1599 3 41 218000011 219000645 75 
2020-12-20T13:27:02 0 0 경기73아1599 3 41 218000011 219000645 75 
2020-12-20T13:28:01 0 0 경기73아1599 3 41 218000011 219000645 75 
2020-12-20T13:29:01 0 0 경기73아1599 3 41 218000011 219000645 75 
2020-12-20T13:30:01 0 0 경기73아1599 3 41 218000011 219000645 75 
2020-12-20T14:41:36 0 0 경기73아1599 3 41 218000011 219000644 1 
2020-12-20T14:42:36 0 0 경기73아1599 3 41 218000011 219000644 1 
2020-12-20T14:43:35 0 0 경기73아1599 3 41 218000011 219000644 1 
2020-12-20T14:44:35 0 0 경기73아1599 3 41 218000011 277102634 2 
2020-12-20T14:45:35 0 0 경기73아1599 3 41 218000011 277102634 2 
2020-12-20T14:46:35 0 0 경기73아1599 3 41 218000011 219000565 4 
2020-12-20T14:47:34 0 0 경기73아1599 3 41 218000011 219000443 7 
2020-12-20T14:48:34 0 0 경기73아1599 3 41 218000011 219000443 7 
2020-12-20T14:49:33 0 0 경기73아1599 3 41 218000011 219000443 7 
2020-12-20T14:50:32 0 0 경기73아1599 3 41 218000011 219000435 8 
2020-12-20T14:51:32 0 0 경기73아1599 3 41 218000011 219000434 9 
2020-12-20T14:52:32 0 0 경기73아1599 3 41 218000011 219000434 9 
2020-12-20T14:53:32 0 0 경기73아1599 3 41 218000011 219000434 9 
2020-12-20T14:54:32 0 0 경기73아1599 3 41 218000011 219001153 10 
2020-12-20T14:55:31 0 0 경기73아1599 3 41 218000011 219001153 10 
2020-12-20T14:56:31 0 0 경기73아1599 3 41 218000011 219000343 12 
2020-12-20T14:57:30 0 0 경기73아1599 3 41 218000011 219000343 12 
2020-12-20T14:58:30 0 0 경기73아1599 3 41 218000011 219000673 13 
2020-12-20T14:59:30 0 0 경기73아1599 3 41 218000011 219000673 13 
2020-12-20T15:00:30 0 0 경기73아1599 3 41 218000011 219001172 14 
2020-12-20T15:01:30 0 0 경기73아1599 3 41 218000011 219000999 15 
2020-12-20T15:02:29 0 0 경기73아1599 3 41 218000011 219000627 16 
2020-12-20T15:03:29 0 0 경기73아1599 3 41 218000011 219000627 16 
2020-12-20T15:04:29 0 0 경기73아1599 3 41 218000011 219000363 17 
2020-12-20T15:05:28 0 0 경기73아1599 3 41 218000011 219000192 18 
2020-12-20T15:06:28 0 0 경기73아1599 3 41 218000011 219000192 18 
2020-12-20T15:07:28 0 0 경기73아1599 3 41 218000011 219000192 18 
2020-12-20T15:08:28 0 0 경기73아1599 3 41 218000011 219000131 19 
2020-12-20T15:09:28 0 0 경기73아1599 3 41 218000011 219000131 19 
2020-12-20T15:10:27 0 0 경기73아1599 3 40 218000011 219000356 20 
2020-12-20T15:11:27 0 0 경기73아1599 3 40 218000011 219000370 21 
2020-12-20T15:12:26 0 0 경기73아1599 3 38 218000011 219000370 21 
2020-12-20T15:13:26 0 0 경기73아1599 3 38 218000011 219000454 22 
2020-12-20T15:14:26 0 0 경기73아1599 3 37 218000011 219000368 23 
2020-12-20T15:15:26 0 0 경기73아1599 3 37 218000011 219000368 23 
2020-12-20T15:16:25 0 0 경기73아1599 3 37 218000011 219000163 24 
2020-12-20T15:17:25 0 0 경기73아1599 3 35 218000011 219000163 24 
2020-12-20T15:18:25 0 0 경기73아1599 3 35 218000011 219000163 24 
2020-12-20T15:19:24 0 0 경기73아1599 3 35 218000011 219000163 24 
2020-12-20T15:20:24 0 0 경기73아1599 3 35 218000011 219000163 24 
2020-12-20T15:21:24 0 0 경기73아1599 3 35 218000011 219000163 24 
2020-12-20T15:22:24 0 0 경기73아1599 3 35 218000011 218000316 25 
2020-12-20T15:23:23 0 0 경기73아1599 3 35 218000011 218000316 25 
2020-12-20T15:24:23 0 0 경기73아1599 3 35 218000011 218000317 26 
2020-12-20T15:25:23 0 0 경기73아1599 3 35 218000011 218000318 27 
2020-12-20T15:26:23 0 0 경기73아1599 3 35 218000011 218000637 28 
2020-12-20T15:27:22 0 0 경기73아1599 3 34 218000011 218000637 28 
2020-12-20T15:28:22 0 0 경기73아1599 3 34 218000011 218000637 28 
2020-12-20T15:29:22 0 0 경기73아1599 3 34 218000011 218000637 28 
2020-12-20T15:30:22 0 0 경기73아1599 3 33 218000011 218000145 29 
2020-12-20T15:31:21 0 0 경기73아1599 3 33 218000011 218000145 29 
2020-12-20T15:32:21 0 0 경기73아1599 3 33 218000011 277103090 30 
2020-12-20T15:33:21 0 0 경기73아1599 3 33 218000011 218000140 31 
2020-12-20T15:34:21 0 0 경기73아1599 3 33 218000011 218000140 31 
2020-12-20T15:35:20 0 0 경기73아1599 3 33 218000011 218000140 31 
2020-12-20T15:36:20 0 0 경기73아1599 3 33 218000011 218000140 31 
2020-12-20T15:37:20 0 0 경기73아1599 3 33 218000011 218000140 31 
2020-12-20T15:38:20 0 0 경기73아1599 3 34 218000011 111000007 32 
2020-12-20T15:39:19 0 0 경기73아1599 3 35 218000011 111000007 32 
2020-12-20T15:40:19 0 0 경기73아1599 3 35 218000011 111000007 32 
2020-12-20T15:41:18 0 0 경기73아1599 3 35 218000011 111000007 32 
2020-12-20T15:42:19 0 0 경기73아1599 3 35 218000011 111000007 32 
2020-12-20T15:43:18 0 0 경기73아1599 3 35 218000011 111000007 32 
2020-12-20T15:44:18 0 0 경기73아1599 3 35 218000011 111000007 32 
2020-12-20T15:45:18 0 0 경기73아1599 3 35 218000011 111000007 32 
2020-12-20T15:46:18 0 0 경기73아1599 3 36 218000011 112000012 33 
2020-12-20T15:47:18 0 0 경기73아1599 3 38 218000011 112000012 33 
2020-12-20T15:48:17 0 0 경기73아1599 3 38 218000011 277101784 34 
2020-12-20T15:49:17 0 0 경기73아1599 3 38 218000011 277101784 34 
2020-12-20T15:50:17 0 0 경기73아1599 3 38 218000011 277101784 34 
2020-12-20T15:51:16 0 0 경기73아1599 3 38 218000011 277103098 35 
2020-12-20T15:52:16 0 0 경기73아1599 3 38 218000011 277103099 36 
2020-12-20T15:53:15 0 0 경기73아1599 3 38 218000011 277103099 36 
2020-12-20T15:54:15 0 0 경기73아1599 3 38 218000011 277103099 36 
2020-12-20T15:55:15 0 0 경기73아1599 3 38 218000011 100000034 37 
2020-12-20T15:56:14 0 0 경기73아1599 3 38 218000011 100000034 37 
2020-12-20T15:57:14 0 0 경기73아1599 3 38 218000011 277104283 38 
2020-12-20T15:58:13 0 0 경기73아1599 3 39 218000011 101000128 39 
2020-12-20T15:59:12 0 0 경기73아1599 3 39 218000011 101000128 39 
2020-12-20T16:00:11 0 0 경기73아1599 3 39 218000011 101000128 39 
2020-12-20T16:01:11 0 0 경기73아1599 3 39 218000011 101000022 40 
2020-12-20T16:02:11 0 0 경기73아1599 3 39 218000011 277101993 42 
2020-12-20T16:03:10 0 0 경기73아1599 3 39 218000011 277101993 42 
2020-12-20T16:04:09 0 0 경기73아1599 3 39 218000011 101000020 43 
2020-12-20T16:05:09 0 0 경기73아1599 3 39 218000011 101000020 43 
2020-12-20T16:06:09 0 0 경기73아1599 3 39 218000011 101000020 43 
2020-12-20T16:07:08 0 0 경기73아1599 3 39 218000011 101000020 43 
2020-12-20T16:08:08 0 0 경기73아1599 3 39 218000011 101000020 43 
2020-12-20T16:09:07 0 0 경기73아1599 3 39 218000011 277102320 44 
2020-12-20T16:10:07 0 0 경기73아1599 3 39 218000011 277102320 44 
2020-12-20T16:11:06 0 0 경기73아1599 3 39 218000011 277104396 45 
2020-12-20T16:12:06 0 0 경기73아1599 3 39 218000011 277104396 45 
2020-12-20T16:13:05 0 0 경기73아1599 3 39 218000011 112000013 46 
2020-12-20T16:14:05 0 0 경기73아1599 3 39 218000011 112000013 46 
2020-12-20T16:15:04 0 0 경기73아1599 3 37 218000011 112000013 46 
2020-12-20T16:16:04 0 0 경기73아1599 3 37 218000011 112000013 46 
2020-12-20T16:17:03 0 0 경기73아1599 3 37 218000011 112000013 46 
2020-12-20T16:18:02 0 0 경기73아1599 3 37 218000011 112000013 46 
2020-12-20T16:19:02 0 0 경기73아1599 3 37 218000011 112000013 46 
2020-12-20T16:20:01 0 0 경기73아1599 3 37 218000011 112000013 46 
2020-12-20T16:21:01 0 0 경기73아1599 3 37 218000011 112000013 46 
2020-12-20T16:22:01 0 0 경기73아1599 3 37 218000011 112000013 46 
2020-12-20T16:23:01 0 0 경기73아1599 3 37 218000011 111000008 47 
2020-12-20T16:24:00 0 0 경기73아1599 3 37 218000011 111000008 47 
2020-12-20T16:25:00 0 0 경기73아1599 3 37 218000011 111000008 47 
2020-12-20T16:25:59 0 0 경기73아1599 3 37 218000011 111000008 47 
2020-12-20T16:26:59 0 0 경기73아1599 3 37 218000011 111000008 47 
2020-12-20T16:27:58 0 0 경기73아1599 3 37 218000011 111000008 47 
2020-12-20T16:28:57 0 0 경기73아1599 3 37 218000011 111000008 47 
2020-12-20T16:29:57 0 0 경기73아1599 3 37 218000011 218000139 48 
2020-12-20T16:30:56 0 0 경기73아1599 3 37 218000011 218000139 48 
2020-12-20T16:31:56 0 0 경기73아1599 3 37 218000011 277103091 49 
2020-12-20T16:32:55 0 0 경기73아1599 3 37 218000011 277103091 49 
2020-12-20T16:33:55 0 0 경기73아1599 3 37 218000011 277103091 49 
2020-12-20T16:34:55 0 0 경기73아1599 3 38 218000011 218000134 50 
2020-12-20T16:35:54 0 0 경기73아1599 3 39 218000011 218000636 51 
2020-12-20T16:36:53 0 0 경기73아1599 3 39 218000011 218000636 51 
2020-12-20T16:37:53 0 0 경기73아1599 3 39 218000011 218000636 51 
2020-12-20T16:38:53 0 0 경기73아1599 3 39 218000011 218000078 52 
2020-12-20T16:39:53 0 0 경기73아1599 3 40 218000011 218000319 53 
2020-12-20T16:40:53 0 0 경기73아1599 3 40 218000011 218000319 53 
2020-12-20T16:41:53 0 0 경기73아1599 3 40 218000011 218000319 53 
2020-12-20T16:42:53 0 0 경기73아1599 3 40 218000011 218000320 54 
2020-12-20T16:43:52 0 0 경기73아1599 3 40 218000011 218000320 54 
2020-12-20T16:44:52 0 0 경기73아1599 3 40 218000011 218000320 54 
2020-12-20T16:45:52 0 0 경기73아1599 3 40 218000011 218000320 54 
2020-12-20T16:46:51 0 0 경기73아1599 3 40 218000011 219000386 55 
2020-12-20T16:47:51 0 0 경기73아1599 3 40 218000011 219000386 55 
2020-12-20T16:48:51 0 0 경기73아1599 3 40 218000011 219000386 55 
2020-12-20T16:49:50 0 0 경기73아1599 3 40 218000011 219000385 56 
2020-12-20T16:50:49 0 0 경기73아1599 3 40 218000011 219000385 56 
2020-12-20T16:51:49 0 0 경기73아1599 3 40 218000011 219000385 56 
2020-12-20T16:52:49 0 0 경기73아1599 3 40 218000011 219000383 57 
2020-12-20T16:53:48 0 0 경기73아1599 3 40 218000011 219000383 57 
2020-12-20T16:54:48 0 0 경기73아1599 3 40 218000011 219000383 57 
2020-12-20T16:55:47 0 0 경기73아1599 3 40 218000011 219000191 58 
2020-12-20T16:56:47 0 0 경기73아1599 3 40 218000011 219000191 58 
2020-12-20T16:57:47 0 0 경기73아1599 3 40 218000011 219000191 58 
2020-12-20T16:58:46 0 0 경기73아1599 3 40 218000011 219000130 59 
2020-12-20T16:59:46 0 0 경기73아1599 3 39 218000011 219000130 59 
2020-12-20T17:00:46 0 0 경기73아1599 3 40 218000011 219000189 61 
2020-12-20T17:01:46 0 0 경기73아1599 3 40 218000011 219000189 61 
2020-12-20T17:02:45 0 0 경기73아1599 3 40 218000011 219000129 62 
2020-12-20T17:03:45 0 0 경기73아1599 3 40 218000011 219000623 63 
2020-12-20T17:04:44 0 0 경기73아1599 3 40 218000011 219000623 63 
2020-12-20T17:05:43 0 0 경기73아1599 3 40 218000011 219001155 64 
2020-12-20T17:06:43 0 0 경기73아1599 3 40 218000011 219000674 65 
2020-12-20T17:07:42 0 0 경기73아1599 3 40 218000011 219000119 66 
2020-12-20T17:08:42 0 0 경기73아1599 3 40 218000011 219000119 66 
2020-12-20T17:09:42 0 0 경기73아1599 3 40 218000011 219000119 66 
2020-12-20T17:10:41 0 0 경기73아1599 3 40 218000011 219000119 66 
2020-12-20T17:11:41 0 0 경기73아1599 3 40 218000011 219000451 67 
2020-12-20T17:12:40 0 0 경기73아1599 3 40 218000011 219000451 67 
2020-12-20T17:13:40 0 0 경기73아1599 3 40 218000011 219001152 68 
2020-12-20T17:14:39 0 0 경기73아1599 3 40 218000011 219001152 68 
2020-12-20T17:15:39 0 0 경기73아1599 3 40 218000011 219001152 68 
2020-12-20T17:16:39 0 0 경기73아1599 3 40 218000011 219001152 68 
2020-12-20T17:17:39 0 0 경기73아1599 3 41 218000011 219001152 68 
2020-12-20T17:18:38 0 0 경기73아1599 3 41 218000011 219000425 69 
2020-12-20T17:19:38 0 0 경기73아1599 3 41 218000011 219000425 69 
2020-12-20T17:20:38 0 0 경기73아1599 3 41 218000011 219000424 70 
2020-12-20T17:21:37 0 0 경기73아1599 3 41 218000011 219000441 72 
2020-12-20T17:22:37 0 0 경기73아1599 3 41 218000011 219000441 72 
2020-12-20T17:23:37 0 0 경기73아1599 3 41 218000011 219000444 73 
2020-12-20T17:24:36 0 0 경기73아1599 3 41 218000011 219000445 74 
2020-12-20T17:25:35 0 0 경기73아1599 3 41 218000011 219000445 74 
2020-12-20T17:26:34 0 0 경기73아1599 3 41 218000011 219000445 74 
2020-12-20T17:27:34 0 0 경기73아1599 3 41 218000011 219000445 74 
2020-12-20T17:28:34 0 0 경기73아1599 3 41 218000011 219000445 74 
2020-12-20T17:29:33 0 0 경기73아1599 3 41 218000011 219000645 75 
2020-12-20T18:41:06 0 0 경기73아1599 3 41 218000011 219000644 1 
2020-12-20T18:42:05 0 0 경기73아1599 3 41 218000011 277102634 2 
2020-12-20T18:43:04 0 0 경기73아1599 3 41 218000011 277102634 2 
2020-12-20T18:44:03 0 0 경기73아1599 3 41 218000011 219000752 3 
2020-12-20T18:45:03 0 0 경기73아1599 3 41 218000011 219000573 5 
2020-12-20T18:46:03 0 0 경기73아1599 3 41 218000011 219000443 7 
2020-12-20T18:47:02 0 0 경기73아1599 3 41 218000011 219000443 7 
2020-12-20T18:48:01 0 0 경기73아1599 3 41 218000011 219000435 8 
2020-12-20T18:49:01 0 0 경기73아1599 3 41 218000011 219000434 9 
2020-12-20T18:50:01 0 0 경기73아1599 3 41 218000011 219000434 9 
2020-12-20T18:51:00 0 0 경기73아1599 3 41 218000011 219000434 9 
2020-12-20T18:51:59 0 0 경기73아1599 3 41 218000011 219001153 10 
2020-12-20T18:52:59 0 0 경기73아1599 3 41 218000011 219000450 11 
2020-12-20T18:53:59 0 0 경기73아1599 3 41 218000011 219000343 12 
2020-12-20T18:54:59 0 0 경기73아1599 3 41 218000011 219000343 12 
2020-12-20T18:55:58 0 0 경기73아1599 3 41 218000011 219000673 13 
2020-12-20T18:56:58 0 0 경기73아1599 3 41 218000011 219000673 13 
2020-12-20T18:57:57 0 0 경기73아1599 3 41 218000011 219001172 14 
2020-12-20T18:58:57 0 0 경기73아1599 3 41 218000011 219000999 15 
2020-12-20T18:59:56 0 0 경기73아1599 3 41 218000011 219000627 16 
2020-12-20T19:00:56 0 0 경기73아1599 3 41 218000011 219000627 16 
2020-12-20T19:01:56 0 0 경기73아1599 3 41 218000011 219000363 17 
2020-12-20T19:02:56 0 0 경기73아1599 3 41 218000011 219000192 18 
2020-12-20T19:03:55 0 0 경기73아1599 3 41 218000011 219000192 18 
2020-12-20T19:04:54 0 0 경기73아1599 3 41 218000011 219000131 19 
2020-12-20T19:05:55 0 0 경기73아1599 3 41 218000011 219000131 19 
2020-12-20T19:06:54 0 0 경기73아1599 3 41 218000011 219000131 19 
2020-12-20T19:07:54 0 0 경기73아1599 3 41 218000011 219000356 20 
2020-12-20T19:08:54 0 0 경기73아1599 3 41 218000011 219000356 20 
2020-12-20T19:09:54 0 0 경기73아1599 3 41 218000011 219000370 21 
2020-12-20T19:10:53 0 0 경기73아1599 3 40 218000011 219000370 21 
2020-12-20T19:11:53 0 0 경기73아1599 3 39 218000011 219000368 23 
2020-12-20T19:12:53 0 0 경기73아1599 3 39 218000011 219000368 23 
2020-12-20T19:13:53 0 0 경기73아1599 3 39 218000011 219000163 24 
2020-12-20T19:14:53 0 0 경기73아1599 3 39 218000011 219000163 24 
2020-12-20T19:15:53 0 0 경기73아1599 3 39 218000011 219000163 24 
2020-12-20T19:16:52 0 0 경기73아1599 3 39 218000011 219000163 24 
2020-12-20T19:17:52 0 0 경기73아1599 3 39 218000011 219000163 24 
2020-12-20T19:18:52 0 0 경기73아1599 3 39 218000011 219000163 24 
2020-12-20T19:19:52 0 0 경기73아1599 3 39 218000011 218000316 25 
2020-12-20T19:20:51 0 0 경기73아1599 3 39 218000011 218000317 26 
2020-12-20T19:21:51 0 0 경기73아1599 3 39 218000011 218000317 26 
2020-12-20T19:22:51 0 0 경기73아1599 3 39 218000011 218000318 27 
2020-12-20T19:23:51 0 0 경기73아1599 3 39 218000011 218000145 29 
2020-12-20T19:24:51 0 0 경기73아1599 3 39 218000011 218000145 29 
2020-12-20T19:25:50 0 0 경기73아1599 3 39 218000011 218000145 29 
2020-12-20T19:26:50 0 0 경기73아1599 3 39 218000011 277103090 30 
2020-12-20T19:27:50 0 0 경기73아1599 3 39 218000011 277103090 30 
2020-12-20T19:28:49 0 0 경기73아1599 3 39 218000011 277103090 30 
2020-12-20T19:29:49 0 0 경기73아1599 3 39 218000011 218000140 31 
2020-12-20T19:30:49 0 0 경기73아1599 3 39 218000011 218000140 31 
2020-12-20T19:31:48 0 0 경기73아1599 3 39 218000011 218000140 31 
2020-12-20T19:32:48 0 0 경기73아1599 3 39 218000011 218000140 31 
2020-12-20T19:33:48 0 0 경기73아1599 3 39 218000011 218000140 31 
2020-12-20T19:34:48 0 0 경기73아1599 3 39 218000011 111000007 32 
2020-12-20T19:35:47 0 0 경기73아1599 3 39 218000011 111000007 32 
2020-12-20T19:36:46 0 0 경기73아1599 3 39 218000011 111000007 32 
2020-12-20T19:37:46 0 0 경기73아1599 3 39 218000011 111000007 32 
2020-12-20T19:38:46 0 0 경기73아1599 3 39 218000011 111000007 32 
2020-12-20T19:39:46 0 0 경기73아1599 3 39 218000011 111000007 32 
2020-12-20T19:40:45 0 0 경기73아1599 3 39 218000011 111000007 32 
2020-12-20T19:41:45 0 0 경기73아1599 3 39 218000011 111000007 32 
2020-12-20T19:42:45 0 0 경기73아1599 3 39 218000011 111000007 32 
2020-12-20T19:43:44 0 0 경기73아1599 3 39 218000011 111000007 32 
2020-12-20T19:44:44 0 0 경기73아1599 3 40 218000011 112000012 33 
2020-12-20T19:45:43 0 0 경기73아1599 3 40 218000011 277101784 34 
2020-12-20T19:46:43 0 0 경기73아1599 3 40 218000011 277101784 34 
2020-12-20T19:47:43 0 0 경기73아1599 3 40 218000011 277101784 34 
2020-12-20T19:48:42 0 0 경기73아1599 3 40 218000011 277101784 34 
2020-12-20T19:49:42 0 0 경기73아1599 3 40 218000011 277103098 35 
2020-12-20T19:50:42 0 0 경기73아1599 3 40 218000011 277103098 35 
2020-12-20T19:51:41 0 0 경기73아1599 3 40 218000011 277103099 36 
2020-12-20T19:52:41 0 0 경기73아1599 3 40 218000011 100000034 37 
2020-12-20T19:53:41 0 0 경기73아1599 3 39 218000011 277104283 38 
2020-12-20T19:54:40 0 0 경기73아1599 3 39 218000011 277104283 38 
2020-12-20T19:55:40 0 0 경기73아1599 3 40 218000011 101000128 39 
2020-12-20T19:56:40 0 0 경기73아1599 3 40 218000011 101000128 39 
2020-12-20T19:57:39 0 0 경기73아1599 3 39 218000011 101000022 40 
2020-12-20T19:58:38 0 0 경기73아1599 3 39 218000011 277101885 41 
2020-12-20T19:59:38 0 0 경기73아1599 3 39 218000011 101000020 43 
2020-12-20T20:00:38 0 0 경기73아1599 3 39 218000011 101000020 43 
2020-12-20T20:01:37 0 0 경기73아1599 3 39 218000011 277102320 44 
2020-12-20T20:02:36 0 0 경기73아1599 3 39 218000011 277102320 44 
2020-12-20T20:03:35 0 0 경기73아1599 3 39 218000011 277104396 45 
2020-12-20T20:04:34 0 0 경기73아1599 3 39 218000011 277104396 45 
2020-12-20T20:05:34 0 0 경기73아1599 3 39 218000011 112000013 46 
2020-12-20T20:06:33 0 0 경기73아1599 3 39 218000011 112000013 46 
2020-12-20T20:07:33 0 0 경기73아1599 3 39 218000011 112000013 46 
2020-12-20T20:08:32 0 0 경기73아1599 3 39 218000011 112000013 46 
2020-12-20T20:09:32 0 0 경기73아1599 3 39 218000011 112000013 46 
2020-12-20T20:10:31 0 0 경기73아1599 3 39 218000011 112000013 46 
2020-12-20T20:11:31 0 0 경기73아1599 3 39 218000011 112000013 46 
2020-12-20T20:12:31 0 0 경기73아1599 3 39 218000011 112000013 46 
2020-12-20T20:13:31 0 0 경기73아1599 3 39 218000011 111000008 47 
2020-12-20T20:14:31 0 0 경기73아1599 3 39 218000011 111000008 47 
2020-12-20T20:15:30 0 0 경기73아1599 3 39 218000011 111000008 47 
2020-12-20T20:16:30 0 0 경기73아1599 3 39 218000011 111000008 47 
2020-12-20T20:17:30 0 0 경기73아1599 3 39 218000011 111000008 47 
2020-12-20T20:18:29 0 0 경기73아1599 3 39 218000011 111000008 47 
2020-12-20T20:19:29 0 0 경기73아1599 3 39 218000011 111000008 47 
2020-12-20T20:20:29 0 0 경기73아1599 3 39 218000011 218000139 48 
2020-12-20T20:21:28 0 0 경기73아1599 3 39 218000011 218000139 48 
2020-12-20T20:22:28 0 0 경기73아1599 3 39 218000011 218000139 48 
2020-12-20T20:23:28 0 0 경기73아1599 3 39 218000011 277103091 49 
2020-12-20T20:24:27 0 0 경기73아1599 3 39 218000011 277103091 49 
2020-12-20T20:25:27 0 0 경기73아1599 3 39 218000011 277103091 49 
2020-12-20T20:26:27 0 0 경기73아1599 3 39 218000011 218000134 50 
2020-12-20T20:27:27 0 0 경기73아1599 3 39 218000011 218000134 50 
2020-12-20T20:28:26 0 0 경기73아1599 3 39 218000011 218000134 50 
2020-12-20T20:29:26 0 0 경기73아1599 3 39 218000011 218000636 51 
2020-12-20T20:30:25 0 0 경기73아1599 3 39 218000011 218000078 52 
2020-12-20T20:31:25 0 0 경기73아1599 3 39 218000011 218000078 52 
2020-12-20T20:32:24 0 0 경기73아1599 3 39 218000011 218000319 53 
2020-12-20T20:33:24 0 0 경기73아1599 3 39 218000011 218000320 54 
2020-12-20T20:34:24 0 0 경기73아1599 3 35 218000011 218000320 54 
2020-12-20T20:35:23 0 0 경기73아1599 3 35 218000011 218000320 54 
2020-12-20T20:36:23 0 0 경기73아1599 3 35 218000011 218000320 54 
2020-12-20T20:37:23 0 0 경기73아1599 3 35 218000011 218000320 54 
2020-12-20T20:38:22 0 0 경기73아1599 3 35 218000011 218000320 54 
2020-12-20T20:39:22 0 0 경기73아1599 3 35 218000011 219000386 55 
2020-12-20T20:40:21 0 0 경기73아1599 3 35 218000011 219000386 55 
2020-12-20T20:41:21 0 0 경기73아1599 3 35 218000011 219000386 55 
2020-12-20T20:42:21 0 0 경기73아1599 3 35 218000011 219000385 56 
2020-12-20T20:43:20 0 0 경기73아1599 3 35 218000011 219000385 56 
2020-12-20T20:44:20 0 0 경기73아1599 3 35 218000011 219000383 57 
2020-12-20T20:45:19 0 0 경기73아1599 3 36 218000011 219000383 57 
2020-12-20T20:46:19 0 0 경기73아1599 3 36 218000011 219000383 57 
2020-12-20T20:47:19 0 0 경기73아1599 3 36 218000011 219000191 58 
2020-12-20T20:48:19 0 0 경기73아1599 3 36 218000011 219000191 58 
2020-12-20T20:49:18 0 0 경기73아1599 3 36 218000011 219000130 59 
2020-12-20T20:50:18 0 0 경기73아1599 3 37 218000011 219000190 60 
2020-12-20T20:51:17 0 0 경기73아1599 3 37 218000011 219000190 60 
2020-12-20T20:52:17 0 0 경기73아1599 3 37 218000011 219000189 61 
2020-12-20T20:53:17 0 0 경기73아1599 3 39 218000011 219000189 61 
2020-12-20T20:54:16 0 0 경기73아1599 3 39 218000011 219000189 61 
2020-12-20T20:55:16 0 0 경기73아1599 3 39 218000011 219000129 62 
2020-12-20T20:56:16 0 0 경기73아1599 3 39 218000011 219000623 63 
2020-12-20T20:57:16 0 0 경기73아1599 3 39 218000011 219001155 64 
2020-12-20T20:58:16 0 0 경기73아1599 3 39 218000011 219001155 64 
2020-12-20T20:59:15 0 0 경기73아1599 3 41 218000011 219000674 65 
2020-12-20T21:00:14 0 0 경기73아1599 3 41 218000011 219000119 66 
2020-12-20T21:01:14 0 0 경기73아1599 3 41 218000011 219000119 66 
2020-12-20T21:02:14 0 0 경기73아1599 3 41 218000011 219000119 66 
2020-12-20T21:03:13 0 0 경기73아1599 3 41 218000011 219000119 66 
2020-12-20T21:04:13 0 0 경기73아1599 3 41 218000011 219001152 68 
2020-12-20T21:05:12 0 0 경기73아1599 3 41 218000011 219000645 75 
2020-12-20T21:06:12 0 0 경기73아1599 3 41 218000011 219000645 75 
2020-12-20T21:07:11 0 0 경기73아1599 3 41 218000011 219000645 75 
2020-12-20T21:08:11 0 0 경기73아1599 3 41 218000011 219000645 75 
2020-12-20T21:09:10 0 0 경기73아1599 3 41 218000011 219000645 75 
2020-12-20T21:10:09 0 0 경기73아1599 3 41 218000011 219000645 75 
2020-12-20T21:11:09 0 0 경기73아1599 3 41 218000011 219000645 75 
2020-12-20T21:12:09 0 0 경기73아1599 3 41 218000011 219000645 75 
2020-12-20T21:13:09 0 0 경기73아1599 3 41 218000011 219000645 75 
2020-12-20T21:14:09 0 0 경기73아1599 3 41 218000011 219000645 75 
2020-12-20T21:15:08 0 0 경기73아1599 3 41 218000011 219000645 75 
2020-12-20T21:16:08 0 0 경기73아1599 3 41 218000011 219000645 75 
2020-12-20T21:17:08 0 0 경기73아1599 3 41 218000011 219000645 75 
2020-12-20T21:18:06 0 0 경기73아1599 3 41 218000011 219000645 75 
2020-12-20T21:19:06 0 0 경기73아1599 3 41 218000011 219000645 75 
