218000011 2020-11-28T22:40:27.928880+09:00
2020-11-29T07:02:43.559363+09:00 0 0 경기73아1597 3 41 218000011 219000644 1 
2020-11-29T07:03:42.852959+09:00 0 0 경기73아1597 3 41 218000011 219000644 1 
2020-11-29T07:04:42.476552+09:00 0 0 경기73아1597 3 41 218000011 277102634 2 
2020-11-29T07:05:42.090257+09:00 0 0 경기73아1597 3 41 218000011 219000565 4 
2020-11-29T07:06:41.344025+09:00 0 0 경기73아1597 3 41 218000011 219000565 4 
2020-11-29T07:07:40.517866+09:00 0 0 경기73아1597 3 41 218000011 219000443 7 
2020-11-29T07:08:39.781536+09:00 0 0 경기73아1597 3 41 218000011 219000443 7 
2020-11-29T07:09:39.555397+09:00 0 0 경기73아1597 3 41 218000011 219000434 9 
2020-11-29T07:10:39.529325+09:00 0 0 경기73아1597 3 41 218000011 219000434 9 
2020-11-29T07:11:38.403165+09:00 0 0 경기73아1597 3 41 218000011 219000434 9 
2020-11-29T07:12:38.377138+09:00 0 0 경기73아1597 3 41 218000011 219000434 9 
2020-11-29T07:13:37.501092+09:00 0 0 경기73아1597 3 41 218000011 219001153 10 
2020-11-29T07:14:36.524944+09:00 0 0 경기73아1597 3 41 218000011 219000450 11 
2020-11-29T07:15:36.169018+09:00 0 0 경기73아1597 3 41 218000011 219000343 12 
2020-11-29T07:16:36.343080+09:00 0 0 경기73아1597 3 41 218000011 219000673 13 
2020-11-29T07:17:35.466891+09:00 0 0 경기73아1597 3 41 218000011 219000673 13 
2020-11-29T07:18:35.240974+09:00 0 0 경기73아1597 3 41 218000011 219000673 13 
2020-11-29T07:19:33.984900+09:00 0 0 경기73아1597 3 41 218000011 219001172 14 
2020-11-29T07:20:33.479013+09:00 0 0 경기73아1597 3 41 218000011 219000999 15 
2020-11-29T07:21:33.353075+09:00 0 0 경기73아1597 3 41 218000011 219000627 16 
2020-11-29T07:22:32.997198+09:00 0 0 경기73아1597 3 41 218000011 219000627 16 
2020-11-29T07:23:33.071235+09:00 0 0 경기73아1597 3 40 218000011 219000363 17 
2020-11-29T07:24:32.115248+09:00 0 0 경기73아1597 3 40 218000011 219000192 18 
2020-11-29T07:25:31.669361+09:00 0 0 경기73아1597 3 40 218000011 219000192 18 
2020-11-29T07:26:31.813469+09:00 0 0 경기73아1597 3 40 218000011 219000192 18 
2020-11-29T07:27:30.887548+09:00 0 0 경기73아1597 3 40 218000011 219000131 19 
2020-11-29T07:28:30.571691+09:00 0 0 경기73아1597 3 40 218000011 219000356 20 
2020-11-29T07:29:30.635731+09:00 0 0 경기73아1597 3 40 218000011 219000370 21 
2020-11-29T07:30:29.749905+09:00 0 0 경기73아1597 3 40 218000011 219000370 21 
2020-11-29T07:31:28.783950+09:00 0 0 경기73아1597 3 40 218000011 219000368 23 
2020-11-29T07:32:28.917995+09:00 0 0 경기73아1597 3 40 218000011 219000368 23 
2020-11-29T07:33:27.891931+09:00 0 0 경기73아1597 3 40 218000011 219000163 24 
2020-11-29T07:34:27.476527+09:00 0 0 경기73아1597 3 40 218000011 219000163 24 
2020-11-29T07:35:26.730525+09:00 0 0 경기73아1597 3 40 218000011 219000163 24 
2020-11-29T07:36:26.755184+09:00 0 0 경기73아1597 3 40 218000011 219000163 24 
2020-11-29T07:37:25.989537+09:00 0 0 경기73아1597 3 40 218000011 219000163 24 
2020-11-29T07:38:25.744019+09:00 0 0 경기73아1597 3 40 218000011 219000163 24 
2020-11-29T07:39:24.688364+09:00 0 0 경기73아1597 3 40 218000011 218000316 25 
2020-11-29T07:40:23.932907+09:00 0 0 경기73아1597 3 39 218000011 218000317 26 
2020-11-29T07:41:23.427247+09:00 0 0 경기73아1597 3 37 218000011 218000318 27 
2020-11-29T07:42:23.561690+09:00 0 0 경기73아1597 3 36 218000011 218000318 27 
2020-11-29T07:43:23.475867+09:00 0 0 경기73아1597 3 36 218000011 218000637 28 
2020-11-29T07:44:22.510185+09:00 0 0 경기73아1597 3 36 218000011 218000637 28 
2020-11-29T07:45:22.714613+09:00 0 0 경기73아1597 3 36 218000011 218000145 29 
2020-11-29T07:46:22.158864+09:00 0 0 경기73아1597 3 36 218000011 218000145 29 
2020-11-29T07:47:21.263120+09:00 0 0 경기73아1597 3 36 218000011 277103090 30 
2020-11-29T07:48:21.137519+09:00 0 0 경기73아1597 3 36 218000011 277103090 30 
2020-11-29T07:49:20.291557+09:00 0 0 경기73아1597 3 36 218000011 277103090 30 
2020-11-29T07:50:19.565821+09:00 0 0 경기73아1597 3 36 218000011 218000140 31 
2020-11-29T07:51:19.530097+09:00 0 0 경기73아1597 3 36 218000011 218000140 31 
2020-11-29T07:52:19.524428+09:00 0 0 경기73아1597 3 36 218000011 218000140 31 
2020-11-29T07:53:18.598680+09:00 0 0 경기73아1597 3 36 218000011 218000140 31 
2020-11-29T07:54:17.562780+09:00 0 0 경기73아1597 3 36 218000011 218000140 31 
2020-11-29T07:55:16.737009+09:00 0 0 경기73아1597 3 36 218000011 218000140 31 
2020-11-29T07:56:15.911169+09:00 0 0 경기73아1597 3 36 218000011 218000140 31 
2020-11-29T07:57:15.705473+09:00 0 0 경기73아1597 3 36 218000011 111000007 32 
2020-11-29T07:58:15.419617+09:00 0 0 경기73아1597 3 36 218000011 111000007 32 
2020-11-29T07:59:15.283836+09:00 0 0 경기73아1597 3 36 218000011 111000007 32 
2020-11-29T08:00:15.208145+09:00 0 0 경기73아1597 3 36 218000011 111000007 32 
2020-11-29T08:01:14.202362+09:00 0 0 경기73아1597 3 36 218000011 111000007 32 
2020-11-29T08:02:13.296383+09:00 0 0 경기73아1597 3 36 218000011 111000007 32 
2020-11-29T08:03:13.180645+09:00 0 0 경기73아1597 3 36 218000011 111000007 32 
2020-11-29T08:04:12.244873+09:00 0 0 경기73아1597 3 36 218000011 111000007 32 
2020-11-29T08:05:11.189126+09:00 0 0 경기73아1597 3 36 218000011 112000012 33 
2020-11-29T08:06:10.783229+09:00 0 0 경기73아1597 3 37 218000011 277101784 34 
2020-11-29T08:07:09.617373+09:00 0 0 경기73아1597 3 37 218000011 277101784 34 
2020-11-29T08:08:08.821569+09:00 0 0 경기73아1597 3 37 218000011 277101784 34 
2020-11-29T08:09:08.595704+09:00 0 0 경기73아1597 3 37 218000011 277103098 35 
2020-11-29T08:10:08.249128+09:00 0 0 경기73아1597 3 37 218000011 277103099 36 
2020-11-29T08:11:07.482723+09:00 0 0 경기73아1597 3 37 218000011 277103099 36 
2020-11-29T08:12:07.506384+09:00 0 0 경기73아1597 3 37 218000011 277103099 36 
2020-11-29T08:13:06.780058+09:00 0 0 경기73아1597 3 38 218000011 100000034 37 
2020-11-29T08:14:06.833818+09:00 0 0 경기73아1597 3 40 218000011 100000034 37 
2020-11-29T08:15:06.747598+09:00 0 0 경기73아1597 3 41 218000011 101000128 39 
2020-11-29T08:16:06.101367+09:00 0 0 경기73아1597 3 41 218000011 101000128 39 
2020-11-29T08:17:05.135194+09:00 0 0 경기73아1597 3 41 218000011 277101885 41 
2020-11-29T08:18:04.839111+09:00 0 0 경기73아1597 3 41 218000011 277101993 42 
2020-11-29T08:19:04.212982+09:00 0 0 경기73아1597 3 41 218000011 277101993 42 
2020-11-29T08:20:04.196961+09:00 0 0 경기73아1597 3 41 218000011 277101993 42 
2020-11-29T08:21:04.090853+09:00 0 0 경기73아1597 3 41 218000011 101000020 43 
2020-11-29T08:22:04.014935+09:00 0 0 경기73아1597 3 41 218000011 101000020 43 
2020-11-29T08:23:03.188846+09:00 0 0 경기73아1597 3 41 218000011 101000020 43 
2020-11-29T08:24:03.162814+09:00 0 0 경기73아1597 3 41 218000011 277102320 44 
2020-11-29T08:25:03.016823+09:00 0 0 경기73아1597 3 41 218000011 277102320 44 
2020-11-29T08:26:02.270935+09:00 0 0 경기73아1597 3 41 218000011 277104396 45 
2020-11-29T08:27:01.554923+09:00 0 0 경기73아1597 3 41 218000011 277104396 45 
2020-11-29T08:28:01.288923+09:00 0 0 경기73아1597 3 41 218000011 112000013 46 
2020-11-29T08:29:01.402986+09:00 0 0 경기73아1597 3 41 218000011 112000013 46 
2020-11-29T08:30:00.957016+09:00 0 0 경기73아1597 3 41 218000011 112000013 46 
2020-11-29T08:31:00.891188+09:00 0 0 경기73아1597 3 41 218000011 112000013 46 
2020-11-29T08:31:59.895176+09:00 0 0 경기73아1597 3 41 218000011 112000013 46 
2020-11-29T08:33:00.029334+09:00 0 0 경기73아1597 3 41 218000011 112000013 46 
2020-11-29T08:33:59.033314+09:00 0 0 경기73아1597 3 41 218000011 111000008 47 
2020-11-29T08:34:58.877355+09:00 0 0 경기73아1597 3 41 218000011 111000008 47 
2020-11-29T08:35:58.651448+09:00 0 0 경기73아1597 3 41 218000011 111000008 47 
2020-11-29T08:36:58.645660+09:00 0 0 경기73아1597 3 41 218000011 111000008 47 
2020-11-29T08:37:58.699697+09:00 0 0 경기73아1597 3 41 218000011 111000008 47 
2020-11-29T08:38:57.643782+09:00 0 0 경기73아1597 3 41 218000011 111000008 47 
2020-11-29T08:39:57.287876+09:00 0 0 경기73아1597 3 41 218000011 111000008 47 
2020-11-29T08:40:56.721963+09:00 0 0 경기73아1597 3 41 218000011 218000139 48 
2020-11-29T08:41:56.396068+09:00 0 0 경기73아1597 3 41 218000011 218000139 48 
2020-11-29T08:42:56.300196+09:00 0 0 경기73아1597 3 41 218000011 218000139 48 
2020-11-29T08:43:55.504678+09:00 0 0 경기73아1597 3 41 218000011 277103091 49 
2020-11-29T08:44:55.649246+09:00 0 0 경기73아1597 3 41 218000011 277103091 49 
2020-11-29T08:45:54.463568+09:00 0 0 경기73아1597 3 41 218000011 277103091 49 
2020-11-29T08:46:53.668132+09:00 0 0 경기73아1597 3 41 218000011 277103091 49 
2020-11-29T08:47:53.212519+09:00 0 0 경기73아1597 3 41 218000011 277103091 49 
2020-11-29T08:48:52.206896+09:00 0 0 경기73아1597 3 41 218000011 218000134 50 
2020-11-29T08:49:51.361362+09:00 0 0 경기73아1597 3 41 218000011 218000134 50 
2020-11-29T08:50:50.646168+09:00 0 0 경기73아1597 3 41 218000011 218000134 50 
2020-11-29T08:51:50.359994+09:00 0 0 경기73아1597 3 41 218000011 218000636 51 
2020-11-29T08:52:49.454287+09:00 0 0 경기73아1597 3 41 218000011 218000636 51 
2020-11-29T08:53:48.468577+09:00 0 0 경기73아1597 3 41 218000011 218000078 52 
2020-11-29T08:54:47.692834+09:00 0 0 경기73아1597 3 41 218000011 218000078 52 
2020-11-29T08:55:47.347123+09:00 0 0 경기73아1597 3 41 218000011 218000319 53 
2020-11-29T08:56:46.341355+09:00 0 0 경기73아1597 3 41 218000011 218000319 53 
2020-11-29T08:57:46.105725+09:00 0 0 경기73아1597 3 41 218000011 218000320 54 
2020-11-29T08:58:45.919916+09:00 0 0 경기73아1597 3 41 218000011 218000320 54 
2020-11-29T08:59:45.374116+09:00 0 0 경기73아1597 3 41 218000011 218000320 54 
2020-11-29T09:00:45.048352+09:00 0 0 경기73아1597 3 41 218000011 218000320 54 
2020-11-29T09:01:45.122743+09:00 0 0 경기73아1597 3 41 218000011 218000320 54 
2020-11-29T09:02:44.236832+09:00 0 0 경기73아1597 3 41 218000011 218000320 54 
2020-11-29T09:03:43.841072+09:00 0 0 경기73아1597 3 41 218000011 219000385 56 
2020-11-29T09:04:42.925282+09:00 0 0 경기73아1597 3 41 218000011 219000385 56 
2020-11-29T09:05:41.949575+09:00 0 0 경기73아1597 3 41 218000011 219000383 57 
2020-11-29T09:06:41.873726+09:00 0 0 경기73아1597 3 41 218000011 219000383 57 
2020-11-29T09:07:41.467944+09:00 0 0 경기73아1597 3 41 218000011 219000383 57 
2020-11-29T09:08:41.272343+09:00 0 0 경기73아1597 3 41 218000011 219000191 58 
2020-11-29T09:09:41.066407+09:00 0 0 경기73아1597 3 41 218000011 219000191 58 
2020-11-29T09:10:41.140728+09:00 0 0 경기73아1597 3 41 218000011 219000191 58 
2020-11-29T09:11:40.904875+09:00 0 0 경기73아1597 3 41 218000011 219000189 61 
2020-11-29T09:12:39.579122+09:00 0 0 경기73아1597 3 41 218000011 219000189 61 
2020-11-29T09:13:39.393273+09:00 0 0 경기73아1597 3 41 218000011 219000189 61 
2020-11-29T09:14:38.527509+09:00 0 0 경기73아1597 3 41 218000011 219000129 62 
2020-11-29T09:15:38.351590+09:00 0 0 경기73아1597 3 41 218000011 219000129 62 
2020-11-29T09:16:38.305821+09:00 0 0 경기73아1597 3 41 218000011 219000129 62 
2020-11-29T09:17:38.069573+09:00 0 0 경기73아1597 3 41 218000011 219000623 63 
2020-11-29T09:18:37.822705+09:00 0 0 경기73아1597 3 41 218000011 219000623 63 
2020-11-29T09:19:37.645934+09:00 0 0 경기73아1597 3 41 218000011 219000674 65 
2020-11-29T09:20:37.789280+09:00 0 0 경기73아1597 3 41 218000011 219000674 65 
2020-11-29T09:21:36.882646+09:00 0 0 경기73아1597 3 41 218000011 219000119 66 
2020-11-29T09:22:36.636088+09:00 0 0 경기73아1597 3 41 218000011 219000119 66 
2020-11-29T09:23:36.409578+09:00 0 0 경기73아1597 3 41 218000011 219000451 67 
2020-11-29T09:24:35.923176+09:00 0 0 경기73아1597 3 41 218000011 219001152 68 
2020-11-29T09:25:35.136883+09:00 0 0 경기73아1597 3 41 218000011 219001152 68 
2020-11-29T09:26:34.840479+09:00 0 0 경기73아1597 3 41 218000011 219001152 68 
2020-11-29T09:27:33.654158+09:00 0 0 경기73아1597 3 41 218000011 219001152 68 
2020-11-29T09:28:33.728007+09:00 0 0 경기73아1597 3 41 218000011 219001152 68 
2020-11-29T09:29:33.481705+09:00 0 0 경기73아1597 3 41 218000011 219001152 68 
2020-11-29T09:30:33.435602+09:00 0 0 경기73아1597 3 41 218000011 219001152 68 
2020-11-29T09:31:33.069471+09:00 0 0 경기73아1597 3 41 218000011 219001152 68 
2020-11-29T09:32:32.953384+09:00 0 0 경기73아1597 3 41 218000011 219001152 68 
2020-11-29T09:33:32.977288+09:00 0 0 경기73아1597 3 41 218000011 219001152 68 
2020-11-29T09:34:32.061255+09:00 0 0 경기73아1597 3 41 218000011 219001152 68 
2020-11-29T09:35:31.165116+09:00 0 0 경기73아1597 3 41 218000011 219001152 68 
2020-11-29T09:36:30.388865+09:00 0 0 경기73아1597 3 41 218000011 219001152 68 
2020-11-29T09:37:30.213003+09:00 0 0 경기73아1597 3 41 218000011 219001152 68 
2020-11-29T09:38:29.976928+09:00 0 0 경기73아1597 3 41 218000011 219001152 68 
2020-11-29T10:51:55.665446+09:00 0 0 경기73아1597 3 41 218000011 219001152 68 
2020-11-29T10:52:55.529488+09:00 0 0 경기73아1597 3 41 218000011 277102634 2 
2020-11-29T10:53:54.773587+09:00 0 0 경기73아1597 3 41 218000011 219000565 4 
2020-11-29T10:54:53.607646+09:00 0 0 경기73아1597 3 41 218000011 219000573 5 
2020-11-29T10:55:53.611737+09:00 0 0 경기73아1597 3 41 218000011 219000443 7 
2020-11-29T10:56:53.646028+09:00 0 0 경기73아1597 3 41 218000011 219000435 8 
2020-11-29T10:57:53.490044+09:00 0 0 경기73아1597 3 41 218000011 219000435 8 
2020-11-29T10:58:52.634125+09:00 0 0 경기73아1597 3 41 218000011 219000434 9 
2020-11-29T10:59:51.918257+09:00 0 0 경기73아1597 3 41 218000011 219000434 9 
2020-11-29T11:00:51.182859+09:00 0 0 경기73아1597 3 41 218000011 219001153 10 
2020-11-29T11:01:51.297457+09:00 0 0 경기73아1597 3 41 218000011 219001153 10 
2020-11-29T11:02:51.212031+09:00 0 0 경기73아1597 3 41 218000011 219000343 12 
2020-11-29T11:03:50.966382+09:00 0 0 경기73아1597 3 41 218000011 219000673 13 
2020-11-29T11:04:50.570899+09:00 0 0 경기73아1597 3 41 218000011 219000673 13 
2020-11-29T11:05:49.835360+09:00 0 0 경기73아1597 3 41 218000011 219000673 13 
2020-11-29T11:06:49.029767+09:00 0 0 경기73아1597 3 41 218000011 219000999 15 
2020-11-29T11:07:48.904123+09:00 0 0 경기73아1597 3 41 218000011 219000627 16 
2020-11-29T11:08:48.798443+09:00 0 0 경기73아1597 3 41 218000011 219000627 16 
2020-11-29T11:09:48.722731+09:00 0 0 경기73아1597 3 41 218000011 219000363 17 
2020-11-29T11:10:48.487175+09:00 0 0 경기73아1597 3 40 218000011 219000363 17 
2020-11-29T11:11:48.361551+09:00 0 0 경기73아1597 3 40 218000011 219000192 18 
2020-11-29T11:12:48.055961+09:00 0 0 경기73아1597 3 40 218000011 219000192 18 
2020-11-29T11:13:47.600128+09:00 0 0 경기73아1597 3 40 218000011 219000192 18 
2020-11-29T11:14:47.314333+09:00 0 0 경기73아1597 3 39 218000011 219000131 19 
2020-11-29T11:15:47.178776+09:00 0 0 경기73아1597 3 39 218000011 219000131 19 
2020-11-29T11:16:46.923043+09:00 0 0 경기73아1597 3 39 218000011 219000356 20 
2020-11-29T11:17:46.727314+09:00 0 0 경기73아1597 3 39 218000011 219000370 21 
2020-11-29T11:18:46.331594+09:00 0 0 경기73아1597 3 39 218000011 219000370 21 
2020-11-29T11:19:45.385821+09:00 0 0 경기73아1597 3 39 218000011 219000454 22 
2020-11-29T11:20:45.480161+09:00 0 0 경기73아1597 3 39 218000011 219000454 22 
2020-11-29T11:21:45.074375+09:00 0 0 경기73아1597 3 40 218000011 219000368 23 
2020-11-29T11:22:44.468484+09:00 0 0 경기73아1597 3 40 218000011 219000368 23 
2020-11-29T11:23:44.122823+09:00 0 0 경기73아1597 3 40 218000011 219000368 23 
2020-11-29T11:24:44.147063+09:00 0 0 경기73아1597 3 40 218000011 219000368 23 
2020-11-29T11:25:43.241279+09:00 0 0 경기73아1597 3 39 218000011 219000163 24 
2020-11-29T11:26:43.385465+09:00 0 0 경기73아1597 3 39 218000011 219000163 24 
2020-11-29T11:27:42.549698+09:00 0 0 경기73아1597 3 39 218000011 219000163 24 
2020-11-29T11:28:41.793945+09:00 0 0 경기73아1597 3 39 218000011 219000163 24 
2020-11-29T11:29:41.548191+09:00 0 0 경기73아1597 3 39 218000011 219000163 24 
2020-11-29T11:30:40.512358+09:00 0 0 경기73아1597 3 39 218000011 218000316 25 
2020-11-29T11:31:40.376596+09:00 0 0 경기73아1597 3 39 218000011 218000316 25 
2020-11-29T11:32:40.390733+09:00 0 0 경기73아1597 3 40 218000011 218000317 26 
2020-11-29T11:33:39.885119+09:00 0 0 경기73아1597 3 40 218000011 218000318 27 
2020-11-29T11:34:39.928484+09:00 0 0 경기73아1597 3 40 218000011 218000318 27 
2020-11-29T11:35:39.381629+09:00 0 0 경기73아1597 3 38 218000011 218000637 28 
2020-11-29T11:36:39.075289+09:00 0 0 경기73아1597 3 35 218000011 218000637 28 
2020-11-29T11:37:38.878773+09:00 0 0 경기73아1597 3 35 218000011 218000637 28 
2020-11-29T11:38:37.882313+09:00 0 0 경기73아1597 3 35 218000011 218000145 29 
2020-11-29T11:39:37.715920+09:00 0 0 경기73아1597 3 35 218000011 218000145 29 
2020-11-29T11:40:36.979511+09:00 0 0 경기73아1597 3 35 218000011 218000145 29 
2020-11-29T11:41:36.723224+09:00 0 0 경기73아1597 3 35 218000011 277103090 30 
2020-11-29T11:42:36.627056+09:00 0 0 경기73아1597 3 35 218000011 277103090 30 
2020-11-29T11:43:36.511026+09:00 0 0 경기73아1597 3 35 218000011 218000140 31 
2020-11-29T11:44:36.214782+09:00 0 0 경기73아1597 3 35 218000011 218000140 31 
2020-11-29T11:45:35.548505+09:00 0 0 경기73아1597 3 35 218000011 218000140 31 
2020-11-29T11:46:35.242467+09:00 0 0 경기73아1597 3 35 218000011 218000140 31 
2020-11-29T11:47:34.326347+09:00 0 0 경기73아1597 3 35 218000011 218000140 31 
2020-11-29T11:48:34.150179+09:00 0 0 경기73아1597 3 35 218000011 218000140 31 
2020-11-29T11:49:34.144359+09:00 0 0 경기73아1597 3 35 218000011 218000140 31 
2020-11-29T11:50:33.018084+09:00 0 0 경기73아1597 3 35 218000011 218000140 31 
2020-11-29T11:51:32.702126+09:00 0 0 경기73아1597 3 35 218000011 218000140 31 
2020-11-29T11:52:32.466169+09:00 0 0 경기73아1597 3 37 218000011 111000007 32 
2020-11-29T11:53:31.920071+09:00 0 0 경기73아1597 3 37 218000011 111000007 32 
2020-11-29T11:54:31.804190+09:00 0 0 경기73아1597 3 37 218000011 111000007 32 
2020-11-29T11:55:31.718168+09:00 0 0 경기73아1597 3 37 218000011 111000007 32 
2020-11-29T11:56:30.832271+09:00 0 0 경기73아1597 3 37 218000011 111000007 32 
2020-11-29T11:57:30.666351+09:00 0 0 경기73아1597 3 37 218000011 111000007 32 
2020-11-29T11:58:30.660340+09:00 0 0 경기73아1597 3 37 218000011 111000007 32 
2020-11-29T11:59:30.734443+09:00 0 0 경기73아1597 3 37 218000011 111000007 32 
2020-11-29T12:00:30.488478+09:00 0 0 경기73아1597 3 37 218000011 111000007 32 
2020-11-29T12:01:29.962598+09:00 0 0 경기73아1597 3 37 218000011 112000012 33 
2020-11-29T12:02:29.706664+09:00 0 0 경기73아1597 3 38 218000011 112000012 33 
2020-11-29T12:03:28.880743+09:00 0 0 경기73아1597 3 38 218000011 277101784 34 
2020-11-29T12:04:28.384789+09:00 0 0 경기73아1597 3 38 218000011 277101784 34 
2020-11-29T12:05:28.198870+09:00 0 0 경기73아1597 3 38 218000011 277103098 35 
2020-11-29T12:06:27.283029+09:00 0 0 경기73아1597 3 38 218000011 277103098 35 
2020-11-29T12:07:26.937154+09:00 0 0 경기73아1597 3 38 218000011 277103099 36 
2020-11-29T12:08:27.041329+09:00 0 0 경기73아1597 3 38 218000011 277103099 36 
2020-11-29T12:09:26.345504+09:00 0 0 경기73아1597 3 38 218000011 277103099 36 
2020-11-29T12:10:26.309852+09:00 0 0 경기73아1597 3 39 218000011 100000034 37 
2020-11-29T12:11:26.344061+09:00 0 0 경기73아1597 3 38 218000011 100000034 37 
2020-11-29T12:12:25.938396+09:00 0 0 경기73아1597 3 38 218000011 100000034 37 
2020-11-29T12:13:25.022528+09:00 0 0 경기73아1597 3 39 218000011 101000128 39 
2020-11-29T12:14:25.206870+09:00 0 0 경기73아1597 3 39 218000011 101000128 39 
2020-11-29T12:15:23.980992+09:00 0 0 경기73아1597 3 38 218000011 101000128 39 
2020-11-29T12:16:24.105274+09:00 0 0 경기73아1597 3 37 218000011 101000022 40 
2020-11-29T12:17:23.529428+09:00 0 0 경기73아1597 3 37 218000011 277101993 42 
2020-11-29T12:18:22.683580+09:00 0 0 경기73아1597 3 37 218000011 277101993 42 
2020-11-29T12:19:22.637786+09:00 0 0 경기73아1597 3 37 218000011 101000020 43 
2020-11-29T12:20:21.712005+09:00 0 0 경기73아1597 3 37 218000011 101000020 43 
2020-11-29T12:21:21.806094+09:00 0 0 경기73아1597 3 37 218000011 101000020 43 
2020-11-29T12:22:20.860255+09:00 0 0 경기73아1597 3 37 218000011 277102320 44 
2020-11-29T12:23:20.064395+09:00 0 0 경기73아1597 3 37 218000011 277102320 44 
2020-11-29T12:24:20.168664+09:00 0 0 경기73아1597 3 37 218000011 277102320 44 
2020-11-29T12:25:19.352728+09:00 0 0 경기73아1597 3 37 218000011 277102320 44 
2020-11-29T12:26:18.596881+09:00 0 0 경기73아1597 3 37 218000011 277102320 44 
2020-11-29T12:27:18.280985+09:00 0 0 경기73아1597 3 37 218000011 277104396 45 
2020-11-29T12:28:17.075123+09:00 0 0 경기73아1597 3 37 218000011 277104396 45 
2020-11-29T12:29:16.639291+09:00 0 0 경기73아1597 3 37 218000011 277104396 45 
2020-11-29T12:30:16.363394+09:00 0 0 경기73아1597 3 35 218000011 112000013 46 
2020-11-29T12:31:16.307607+09:00 0 0 경기73아1597 3 35 218000011 112000013 46 
2020-11-29T12:32:16.321755+09:00 0 0 경기73아1597 3 35 218000011 112000013 46 
2020-11-29T12:33:15.435890+09:00 0 0 경기73아1597 3 35 218000011 112000013 46 
2020-11-29T12:34:14.700031+09:00 0 0 경기73아1597 3 35 218000011 112000013 46 
2020-11-29T12:35:14.314155+09:00 0 0 경기73아1597 3 35 218000011 112000013 46 
2020-11-29T12:36:13.778237+09:00 0 0 경기73아1597 3 35 218000011 112000013 46 
2020-11-29T12:37:13.882469+09:00 0 0 경기73아1597 3 35 218000011 112000013 46 
2020-11-29T12:38:12.996550+09:00 0 0 경기73아1597 3 35 218000011 112000013 46 
2020-11-29T12:39:11.980702+09:00 0 0 경기73아1597 3 35 218000011 111000008 47 
2020-11-29T12:40:10.944763+09:00 0 0 경기73아1597 3 35 218000011 111000008 47 
2020-11-29T12:41:10.338939+09:00 0 0 경기73아1597 3 35 218000011 111000008 47 
2020-11-29T12:42:09.383081+09:00 0 0 경기73아1597 3 35 218000011 111000008 47 
2020-11-29T12:43:08.337498+09:00 0 0 경기73아1597 3 34 218000011 111000008 47 
2020-11-29T12:44:08.462208+09:00 0 0 경기73아1597 3 34 218000011 111000008 47 
2020-11-29T12:45:07.576652+09:00 0 0 경기73아1597 3 34 218000011 111000008 47 
2020-11-29T12:46:06.910992+09:00 0 0 경기73아1597 3 34 218000011 111000008 47 
2020-11-29T12:47:06.618065+09:00 0 0 경기73아1597 3 34 218000011 218000139 48 
2020-11-29T12:48:06.099817+09:00 0 0 경기73아1597 3 34 218000011 277103091 49 
2020-11-29T12:49:05.984202+09:00 0 0 경기73아1597 3 34 218000011 277103091 49 
2020-11-29T12:50:05.678512+09:00 0 0 경기73아1597 3 34 218000011 277103091 49 
2020-11-29T12:51:04.682841+09:00 0 0 경기73아1597 3 34 218000011 218000134 50 
2020-11-29T12:52:04.837215+09:00 0 0 경기73아1597 3 34 218000011 218000134 50 
2020-11-29T12:53:04.611534+09:00 0 0 경기73아1597 3 34 218000011 218000134 50 
2020-11-29T12:54:04.735926+09:00 0 0 경기73아1597 3 36 218000011 218000636 51 
2020-11-29T12:55:03.770037+09:00 0 0 경기73아1597 3 36 218000011 218000636 51 
2020-11-29T12:56:03.804362+09:00 0 0 경기73아1597 3 36 218000011 218000636 51 
2020-11-29T12:57:03.628653+09:00 0 0 경기73아1597 3 35 218000011 218000078 52 
2020-11-29T12:58:03.482967+09:00 0 0 경기73아1597 3 35 218000011 218000078 52 
2020-11-29T12:59:02.567146+09:00 0 0 경기73아1597 3 36 218000011 218000319 53 
2020-11-29T13:00:02.581381+09:00 0 0 경기73아1597 3 36 218000011 218000320 54 
2020-11-29T13:01:01.915721+09:00 0 0 경기73아1597 3 36 218000011 218000320 54 
2020-11-29T13:02:01.699785+09:00 0 0 경기73아1597 3 36 218000011 218000320 54 
2020-11-29T13:03:01.534071+09:00 0 0 경기73아1597 3 36 218000011 218000320 54 
2020-11-29T13:04:01.568347+09:00 0 0 경기73아1597 3 36 218000011 218000320 54 
2020-11-29T13:05:01.442628+09:00 0 0 경기73아1597 3 36 218000011 218000320 54 
2020-11-29T13:06:00.656741+09:00 0 0 경기73아1597 3 37 218000011 219000386 55 
2020-11-29T13:06:59.620896+09:00 0 0 경기73아1597 3 37 218000011 219000385 56 
2020-11-29T13:07:59.285224+09:00 0 0 경기73아1597 3 37 218000011 219000385 56 
2020-11-29T13:08:59.249409+09:00 0 0 경기73아1597 3 37 218000011 219000383 57 
2020-11-29T13:09:59.193621+09:00 0 0 경기73아1597 3 37 218000011 219000383 57 
2020-11-29T13:10:59.077832+09:00 0 0 경기73아1597 3 37 218000011 219000191 58 
2020-11-29T13:11:58.962000+09:00 0 0 경기73아1597 3 37 218000011 219000191 58 
2020-11-29T13:12:58.796214+09:00 0 0 경기73아1597 3 38 218000011 219000130 59 
2020-11-29T13:13:58.780453+09:00 0 0 경기73아1597 3 38 218000011 219000130 59 
2020-11-29T13:14:58.624684+09:00 0 0 경기73아1597 3 38 218000011 219000190 60 
2020-11-29T13:15:57.658860+09:00 0 0 경기73아1597 3 38 218000011 219000190 60 
2020-11-29T13:16:57.492848+09:00 0 0 경기73아1597 3 38 218000011 219000129 62 
2020-11-29T13:17:57.196875+09:00 0 0 경기73아1597 3 39 218000011 219000129 62 
2020-11-29T13:18:57.241340+09:00 0 0 경기73아1597 3 39 218000011 219000129 62 
2020-11-29T13:19:57.005138+09:00 0 0 경기73아1597 3 39 218000011 219000623 63 
2020-11-29T13:20:56.629176+09:00 0 0 경기73아1597 3 39 218000011 219000623 63 
2020-11-29T13:21:56.523155+09:00 0 0 경기73아1597 3 39 218000011 219001155 64 
2020-11-29T13:22:56.287376+09:00 0 0 경기73아1597 3 39 218000011 219000674 65 
2020-11-29T13:23:56.071489+09:00 0 0 경기73아1597 3 39 218000011 219000674 65 
2020-11-29T13:24:56.095620+09:00 0 0 경기73아1597 3 39 218000011 219000119 66 
2020-11-29T13:25:55.999832+09:00 0 0 경기73아1597 3 39 218000011 219001152 68 
2020-11-29T13:26:56.204018+09:00 0 0 경기73아1597 3 39 218000011 219001152 68 
2020-11-29T13:27:55.938044+09:00 0 0 경기73아1597 3 39 218000011 219001152 68 
2020-11-29T13:28:55.772206+09:00 0 0 경기73아1597 3 39 218000011 219001152 68 
2020-11-29T13:29:55.296243+09:00 0 0 경기73아1597 3 39 218000011 219000425 69 
2020-11-29T13:30:55.250464+09:00 0 0 경기73아1597 3 39 218000011 219000425 69 
2020-11-29T13:31:55.084603+09:00 0 0 경기73아1597 3 39 218000011 219000441 72 
2020-11-29T13:32:55.118839+09:00 0 0 경기73아1597 3 40 218000011 219000445 74 
2020-11-29T13:33:54.862971+09:00 0 0 경기73아1597 3 40 218000011 219000445 74 
2020-11-29T13:34:53.596974+09:00 0 0 경기73아1597 3 40 218000011 219000445 74 
2020-11-29T13:35:53.591268+09:00 0 0 경기73아1597 3 40 218000011 219000445 74 
2020-11-29T13:36:52.615318+09:00 0 0 경기73아1597 3 40 218000011 219000445 74 
2020-11-29T13:37:52.419459+09:00 0 0 경기73아1597 3 40 218000011 219000445 74 
2020-11-29T13:38:52.363632+09:00 0 0 경기73아1597 3 40 218000011 219000445 74 
2020-11-29T13:39:52.038018+09:00 0 0 경기73아1597 3 40 218000011 219000445 74 
2020-11-29T13:40:51.952040+09:00 0 0 경기73아1597 3 40 218000011 219000445 74 
2020-11-29T13:41:51.865937+09:00 0 0 경기73아1597 3 40 218000011 219000445 74 
2020-11-29T13:42:51.980299+09:00 0 0 경기73아1597 3 40 218000011 219000445 74 
2020-11-29T13:43:51.214590+09:00 0 0 경기73아1597 3 40 218000011 219000445 74 
2020-11-29T13:44:50.888629+09:00 0 0 경기73아1597 3 40 218000011 219000445 74 
2020-11-29T13:45:50.592755+09:00 0 0 경기73아1597 3 40 218000011 219000445 74 
2020-11-29T13:46:49.997021+09:00 0 0 경기73아1597 3 40 218000011 219000445 74 
2020-11-29T13:47:49.211078+09:00 0 0 경기73아1597 3 40 218000011 219000445 74 
2020-11-29T13:48:47.985174+09:00 0 0 경기73아1597 3 40 218000011 219000445 74 
2020-11-29T13:49:47.549269+09:00 0 0 경기73아1597 3 40 218000011 219000445 74 
2020-11-29T14:42:28.941866+09:00 0 0 경기73아1597 3 41 218000011 219000644 1 
2020-11-29T14:43:28.455934+09:00 0 0 경기73아1597 3 41 218000011 219000644 1 
2020-11-29T14:44:28.079816+09:00 0 0 경기73아1597 3 41 218000011 277102634 2 
2020-11-29T14:45:27.693800+09:00 0 0 경기73아1597 3 41 218000011 219000752 3 
2020-11-29T14:46:27.477848+09:00 0 0 경기73아1597 3 41 218000011 219000565 4 
2020-11-29T14:47:27.151860+09:00 0 0 경기73아1597 3 41 218000011 219000443 7 
2020-11-29T14:48:26.815881+09:00 0 0 경기73아1597 3 41 218000011 219000443 7 
2020-11-29T14:49:26.759930+09:00 0 0 경기73아1597 3 41 218000011 219000435 8 
2020-11-29T14:50:26.733975+09:00 0 0 경기73아1597 3 41 218000011 219000434 9 
2020-11-29T14:51:26.007967+09:00 0 0 경기73아1597 3 41 218000011 219000434 9 
2020-11-29T14:52:25.782094+09:00 0 0 경기73아1597 3 41 218000011 219000434 9 
2020-11-29T14:53:25.565998+09:00 0 0 경기73아1597 3 41 218000011 219000434 9 
2020-11-29T14:54:25.150078+09:00 0 0 경기73아1597 3 41 218000011 219001153 10 
2020-11-29T14:55:23.914027+09:00 0 0 경기73아1597 3 41 218000011 219001153 10 
2020-11-29T14:56:23.978189+09:00 0 0 경기73아1597 3 41 218000011 219000450 11 
2020-11-29T14:57:23.652157+09:00 0 0 경기73아1597 3 41 218000011 219000343 12 
2020-11-29T14:58:22.846143+09:00 0 0 경기73아1597 3 41 218000011 219000673 13 
2020-11-29T14:59:22.860835+09:00 0 0 경기73아1597 3 41 218000011 219000673 13 
2020-11-29T15:00:22.295642+09:00 0 0 경기73아1597 3 41 218000011 219000673 13 
2020-11-29T15:01:22.030473+09:00 0 0 경기73아1597 3 41 218000011 219001172 14 
2020-11-29T15:02:21.795107+09:00 0 0 경기73아1597 3 41 218000011 219000999 15 
2020-11-29T15:03:20.899728+09:00 0 0 경기73아1597 3 41 218000011 219000627 16 
2020-11-29T15:04:05.523234+09:00 0 0 경기73아1597 3 41 218000011 219000627 16 
2020-11-29T15:05:05.327750+09:00 0 0 경기73아1597 3 41 218000011 219000363 17 
2020-11-29T15:06:04.992354+09:00 0 0 경기73아1597 3 40 218000011 219000192 18 
2020-11-29T15:07:04.136785+09:00 0 0 경기73아1597 3 40 218000011 219000192 18 
2020-11-29T15:07:06.727078+09:00 0 0 경기73아1597 3 40 218000011 219000192 18 
2020-11-29T15:08:06.791314+09:00 0 0 경기73아1597 3 40 218000011 219000192 18 
2020-11-29T15:09:05.655735+09:00 0 0 경기73아1597 3 40 218000011 219000131 19 
2020-11-29T15:10:05.460058+09:00 0 0 경기73아1597 3 40 218000011 219000131 19 
2020-11-29T15:11:05.004502+09:00 0 0 경기73아1597 3 40 218000011 219000131 19 
2020-11-29T15:12:04.558854+09:00 0 0 경기73아1597 3 40 218000011 219000356 20 
2020-11-29T15:13:04.293197+09:00 0 0 경기73아1597 3 40 218000011 219000356 20 
2020-11-29T15:14:03.917340+09:00 0 0 경기73아1597 3 40 218000011 219000356 20 
2020-11-29T15:15:03.881715+09:00 0 0 경기73아1597 3 40 218000011 219000370 21 
2020-11-29T15:16:03.825947+09:00 0 0 경기73아1597 3 40 218000011 219000370 21 
2020-11-29T15:17:02.940130+09:00 0 0 경기73아1597 3 40 218000011 219000370 21 
2020-11-29T15:18:02.744417+09:00 0 0 경기73아1597 3 40 218000011 219000370 21 
2020-11-29T15:19:02.698653+09:00 0 0 경기73아1597 3 40 218000011 219000454 22 
2020-11-29T15:20:01.802888+09:00 0 0 경기73아1597 3 39 218000011 219000368 23 
2020-11-29T15:21:01.687135+09:00 0 0 경기73아1597 3 39 218000011 219000368 23 
2020-11-29T15:22:01.221301+09:00 0 0 경기73아1597 3 39 218000011 219000163 24 
2020-11-29T15:23:00.825418+09:00 0 0 경기73아1597 3 39 218000011 219000163 24 
2020-11-29T15:24:00.649536+09:00 0 0 경기73아1597 3 39 218000011 219000163 24 
2020-11-29T15:25:00.333877+09:00 0 0 경기73아1597 3 39 218000011 219000163 24 
2020-11-29T15:26:00.048200+09:00 0 0 경기73아1597 3 39 218000011 219000163 24 
2020-11-29T15:26:59.702193+09:00 0 0 경기73아1597 3 39 218000011 219000163 24 
2020-11-29T15:27:59.536423+09:00 0 0 경기73아1597 3 39 218000011 218000316 25 
2020-11-29T15:28:59.060694+09:00 0 0 경기73아1597 3 38 218000011 218000316 25 
2020-11-29T15:29:59.114697+09:00 0 0 경기73아1597 3 38 218000011 218000317 26 
2020-11-29T15:30:58.008942+09:00 0 0 경기73아1597 3 38 218000011 218000317 26 
2020-11-29T15:31:57.442953+09:00 0 0 경기73아1597 3 38 218000011 218000318 27 
2020-11-29T15:32:26.784969+09:00 0 0 경기73아1597 3 38 218000011 218000318 27 
2020-11-29T15:33:26.238736+09:00 0 0 경기73아1597 3 39 218000011 218000145 29 
2020-11-29T15:33:43.279691+09:00 0 0 경기73아1597 3 39 218000011 218000145 29 
2020-11-29T15:34:42.823113+09:00 0 0 경기73아1597 3 39 218000011 218000145 29 
2020-11-29T15:35:42.416698+09:00 0 0 경기73아1597 3 39 218000011 218000145 29 
2020-11-29T15:36:42.400071+09:00 0 0 경기73아1597 3 39 218000011 218000145 29 
2020-11-29T15:37:42.093931+09:00 0 0 경기73아1597 3 39 218000011 218000145 29 
2020-11-29T15:38:41.717657+09:00 0 0 경기73아1597 3 39 218000011 277103090 30 
2020-11-29T15:39:41.271432+09:00 0 0 경기73아1597 3 39 218000011 277103090 30 
2020-11-29T15:40:40.945026+09:00 0 0 경기73아1597 3 39 218000011 218000140 31 
2020-11-29T15:41:40.768889+09:00 0 0 경기73아1597 3 39 218000011 218000140 31 
2020-11-29T15:42:40.702702+09:00 0 0 경기73아1597 3 39 218000011 218000140 31 
2020-11-29T15:43:40.736430+09:00 0 0 경기73아1597 3 39 218000011 218000140 31 
2020-11-29T15:44:39.690290+09:00 0 0 경기73아1597 3 39 218000011 218000140 31 
2020-11-29T15:45:39.424140+09:00 0 0 경기73아1597 3 39 218000011 218000140 31 
2020-11-29T15:46:39.068157+09:00 0 0 경기73아1597 3 39 218000011 218000140 31 
2020-11-29T15:47:39.191984+09:00 0 0 경기73아1597 3 39 218000011 111000007 32 
2020-11-29T15:48:38.965812+09:00 0 0 경기73아1597 3 39 218000011 111000007 32 
2020-11-29T15:49:38.529846+09:00 0 0 경기73아1597 3 39 218000011 111000007 32 
2020-11-29T15:50:38.263757+09:00 0 0 경기73아1597 3 39 218000011 111000007 32 
2020-11-29T15:51:37.987642+09:00 0 0 경기73아1597 3 39 218000011 111000007 32 
2020-11-29T15:52:37.521636+09:00 0 0 경기73아1597 3 39 218000011 111000007 32 
2020-11-29T15:52:49.042427+09:00 0 0 경기73아1597 3 39 218000011 111000007 32 
2020-11-29T15:53:48.406391+09:00 0 0 경기73아1597 3 39 218000011 111000007 32 
2020-11-29T15:54:48.400341+09:00 0 0 경기73아1597 3 41 218000011 112000012 33 
2020-11-29T15:55:31.663260+09:00 0 0 경기73아1597 3 41 218000011 112000012 33 
2020-11-29T15:56:39.577773+09:00 0 0 경기73아1597 3 41 218000011 277101784 34 
2020-11-29T15:57:39.271763+09:00 0 0 경기73아1597 3 41 218000011 277101784 34 
2020-11-29T15:57:45.222263+09:00 0 0 경기73아1597 3 41 218000011 277101784 34 
2020-11-29T15:58:45.306181+09:00 0 0 경기73아1597 3 41 218000011 277101784 34 
2020-11-29T15:58:49.846577+09:00 0 0 경기73아1597 3 41 218000011 277101784 34 
2020-11-29T15:59:49.790508+09:00 0 0 경기73아1597 3 41 218000011 277103098 35 
2020-11-29T16:00:49.724512+09:00 0 0 경기73아1597 3 41 218000011 277103099 36 
2020-11-29T16:01:49.628591+09:00 0 0 경기73아1597 3 41 218000011 277103099 36 
2020-11-29T16:02:49.512575+09:00 0 0 경기73아1597 3 41 218000011 277103099 36 
2020-11-29T16:03:48.946819+09:00 0 0 경기73아1597 3 41 218000011 277103099 36 
2020-11-29T16:04:48.280568+09:00 0 0 경기73아1597 3 38 218000011 100000034 37 
2020-11-29T16:05:47.924632+09:00 0 0 경기73아1597 3 38 218000011 100000034 37 
2020-11-29T16:06:47.604575+09:00 0 0 경기73아1597 3 38 218000011 100000034 37 
2020-11-29T16:07:47.263332+09:00 0 0 경기73아1597 3 38 218000011 101000128 39 
2020-11-29T16:08:46.818290+09:00 0 0 경기73아1597 3 38 218000011 101000128 39 
2020-11-29T16:09:46.833235+09:00 0 0 경기73아1597 3 35 218000011 101000022 40 
2020-11-29T16:10:45.807810+09:00 0 0 경기73아1597 3 35 218000011 277101885 41 
2020-11-29T16:11:45.402855+09:00 0 0 경기73아1597 3 35 218000011 277101885 41 
2020-11-29T16:12:44.957018+09:00 0 0 경기73아1597 3 35 218000011 277101993 42 
2020-11-29T16:13:44.251597+09:00 0 0 경기73아1597 3 34 218000011 101000020 43 
2020-11-29T16:14:43.816041+09:00 0 0 경기73아1597 3 34 218000011 101000020 43 
2020-11-29T16:15:43.660520+09:00 0 0 경기73아1597 3 34 218000011 101000020 43 
2020-11-29T16:16:43.094955+09:00 0 0 경기73아1597 3 34 218000011 101000020 43 
2020-11-29T16:17:42.669508+09:00 0 0 경기73아1597 3 34 218000011 277102320 44 
2020-11-29T16:18:42.473859+09:00 0 0 경기73아1597 3 34 218000011 277102320 44 
2020-11-29T16:19:42.228198+09:00 0 0 경기73아1597 3 34 218000011 277104396 45 
2020-11-29T16:20:42.102460+09:00 0 0 경기73아1597 3 34 218000011 277104396 45 
2020-11-29T16:21:41.736734+09:00 0 0 경기73아1597 3 34 218000011 112000013 46 
2020-11-29T16:22:40.760993+09:00 0 0 경기73아1597 3 34 218000011 112000013 46 
2020-11-29T16:23:40.555176+09:00 0 0 경기73아1597 3 34 218000011 112000013 46 
2020-11-29T16:24:40.367033+09:00 0 0 경기73아1597 3 34 218000011 112000013 46 
2020-11-29T16:25:39.853789+09:00 0 0 경기73아1597 3 34 218000011 112000013 46 
2020-11-29T16:26:39.368090+09:00 0 0 경기73아1597 3 34 218000011 112000013 46 
2020-11-29T16:27:39.082225+09:00 0 0 경기73아1597 3 34 218000011 112000013 46 
2020-11-29T16:28:39.136455+09:00 0 0 경기73아1597 3 34 218000011 112000013 46 
2020-11-29T16:29:38.560738+09:00 0 0 경기73아1597 3 34 218000011 112000013 46 
2020-11-29T16:30:38.384754+09:00 0 0 경기73아1597 3 34 218000011 111000008 47 
2020-11-29T16:31:38.459079+09:00 0 0 경기73아1597 3 32 218000011 111000008 47 
2020-11-29T16:32:37.793212+09:00 0 0 경기73아1597 3 32 218000011 111000008 47 
2020-11-29T16:33:37.767402+09:00 0 0 경기73아1597 3 32 218000011 111000008 47 
2020-11-29T16:34:36.901671+09:00 0 0 경기73아1597 3 32 218000011 111000008 47 
2020-11-29T16:35:36.285692+09:00 0 0 경기73아1597 3 32 218000011 111000008 47 
2020-11-29T16:36:36.059912+09:00 0 0 경기73아1597 3 32 218000011 111000008 47 
2020-11-29T16:37:35.573987+09:00 0 0 경기73아1597 3 32 218000011 218000139 48 
2020-11-29T16:38:35.158165+09:00 0 0 경기73아1597 3 32 218000011 218000139 48 
2020-11-29T16:39:34.972323+09:00 0 0 경기73아1597 3 32 218000011 277103091 49 
2020-11-29T16:40:34.646436+09:00 0 0 경기73아1597 3 32 218000011 277103091 49 
2020-11-29T16:41:34.270425+09:00 0 0 경기73아1597 3 32 218000011 277103091 49 
2020-11-29T16:42:34.124110+09:00 0 0 경기73아1597 3 32 218000011 218000134 50 
2020-11-29T16:43:33.777752+09:00 0 0 경기73아1597 3 32 218000011 218000134 50 
2020-11-29T16:44:33.111420+09:00 0 0 경기73아1597 3 32 218000011 218000134 50 
2020-11-29T16:45:32.965229+09:00 0 0 경기73아1597 3 33 218000011 218000636 51 
2020-11-29T16:46:32.739070+09:00 0 0 경기73아1597 3 33 218000011 218000636 51 
2020-11-29T16:47:31.362830+09:00 0 0 경기73아1597 3 33 218000011 218000636 51 
2020-11-29T16:48:31.376667+09:00 0 0 경기73아1597 3 33 218000011 218000078 52 
2020-11-29T16:49:30.420495+09:00 0 0 경기73아1597 3 34 218000011 218000319 53 
2020-11-29T16:50:30.404416+09:00 0 0 경기73아1597 3 34 218000011 218000320 54 
2020-11-29T16:51:30.088349+09:00 0 0 경기73아1597 3 34 218000011 218000320 54 
2020-11-29T16:52:30.032333+09:00 0 0 경기73아1597 3 34 218000011 218000320 54 
2020-11-29T16:53:29.916312+09:00 0 0 경기73아1597 3 34 218000011 218000320 54 
2020-11-29T16:54:29.660245+09:00 0 0 경기73아1597 3 34 218000011 218000320 54 
2020-11-29T16:55:29.384099+09:00 0 0 경기73아1597 3 34 218000011 219000386 55 
2020-11-29T16:56:29.238097+09:00 0 0 경기73아1597 3 34 218000011 219000386 55 
2020-11-29T16:57:29.122168+09:00 0 0 경기73아1597 3 34 218000011 219000386 55 
2020-11-29T16:58:28.736076+09:00 0 0 경기73아1597 3 35 218000011 219000385 56 
2020-11-29T16:59:28.750145+09:00 0 0 경기73아1597 3 35 218000011 219000385 56 
2020-11-29T17:00:28.714494+09:00 0 0 경기73아1597 3 35 218000011 219000385 56 
2020-11-29T17:01:27.598119+09:00 0 0 경기73아1597 3 35 218000011 219000383 57 
2020-11-29T17:02:26.962148+09:00 0 0 경기73아1597 3 37 218000011 219000191 58 
2020-11-29T17:03:26.876271+09:00 0 0 경기73아1597 3 37 218000011 219000191 58 
2020-11-29T17:04:26.910220+09:00 0 0 경기73아1597 3 37 218000011 219000130 59 
2020-11-29T17:05:26.404154+09:00 0 0 경기73아1597 3 39 218000011 219000130 59 
2020-11-29T17:06:26.268311+09:00 0 0 경기73아1597 3 39 218000011 219000190 60 
2020-11-29T17:07:25.902550+09:00 0 0 경기73아1597 3 39 218000011 219000190 60 
2020-11-29T17:08:25.716402+09:00 0 0 경기73아1597 3 39 218000011 219000190 60 
2020-11-29T17:09:25.330260+09:00 0 0 경기73아1597 3 39 218000011 219000189 61 
2020-11-29T17:10:25.254482+09:00 0 0 경기73아1597 3 39 218000011 219000189 61 
2020-11-29T17:11:24.878528+09:00 0 0 경기73아1597 3 39 218000011 219000129 62 
2020-11-29T17:12:24.652480+09:00 0 0 경기73아1597 3 39 218000011 219000623 63 
2020-11-29T17:13:24.616668+09:00 0 0 경기73아1597 3 39 218000011 219000623 63 
2020-11-29T17:14:23.350661+09:00 0 0 경기73아1597 3 39 218000011 219001155 64 
2020-11-29T17:15:23.094725+09:00 0 0 경기73아1597 3 39 218000011 219000674 65 
2020-11-29T17:16:23.019113+09:00 0 0 경기73아1597 3 39 218000011 219000119 66 
2020-11-29T17:17:22.733624+09:00 0 0 경기73아1597 3 39 218000011 219000119 66 
2020-11-29T17:18:22.457732+09:00 0 0 경기73아1597 3 39 218000011 219000119 66 
2020-11-29T17:19:22.302140+09:00 0 0 경기73아1597 3 39 218000011 219000119 66 
2020-11-29T17:20:22.386454+09:00 0 0 경기73아1597 3 39 218000011 219000451 67 
2020-11-29T17:21:21.290700+09:00 0 0 경기73아1597 3 39 218000011 219000451 67 
2020-11-29T17:22:20.985010+09:00 0 0 경기73아1597 3 39 218000011 219001152 68 
2020-11-29T17:23:20.269133+09:00 0 0 경기73아1597 3 39 218000011 219001152 68 
2020-11-29T17:24:19.553291+09:00 0 0 경기73아1597 3 39 218000011 219001152 68 
2020-11-29T17:25:19.247573+09:00 0 0 경기73아1597 3 39 218000011 219001152 68 
2020-11-29T17:26:18.301702+09:00 0 0 경기73아1597 3 39 218000011 219001152 68 
2020-11-29T17:27:17.355894+09:00 0 0 경기73아1597 3 39 218000011 219001152 68 
2020-11-29T17:28:16.340417+09:00 0 0 경기73아1597 3 39 218000011 219001152 68 
2020-11-29T17:29:15.904154+09:00 0 0 경기73아1597 3 39 218000011 219001152 68 
2020-11-29T17:30:15.908381+09:00 0 0 경기73아1597 3 39 218000011 219001152 68 
2020-11-29T17:31:15.032433+09:00 0 0 경기73아1597 3 39 218000011 219001152 68 
2020-11-29T17:32:14.696402+09:00 0 0 경기73아1597 3 39 218000011 219001152 68 
2020-11-29T17:33:14.480787+09:00 0 0 경기73아1597 3 39 218000011 219001152 68 
2020-11-29T17:34:14.214918+09:00 0 0 경기73아1597 3 39 218000011 219001152 68 
2020-11-29T17:35:13.929310+09:00 0 0 경기73아1597 3 39 218000011 219001152 68 
2020-11-29T17:36:13.093142+09:00 0 0 경기73아1597 3 39 218000011 219001152 68 
2020-11-29T18:41:50.026970+09:00 0 0 경기73아1597 3 41 218000011 219001152 68 
2020-11-29T18:42:49.721114+09:00 0 0 경기73아1597 3 41 218000011 219001152 68 
2020-11-29T18:43:49.735089+09:00 0 0 경기73아1597 3 41 218000011 219001152 68 
2020-11-29T18:44:49.689361+09:00 0 0 경기73아1597 3 41 218000011 219001152 68 
2020-11-29T18:45:49.473398+09:00 0 0 경기73아1597 3 41 218000011 219000565 4 
2020-11-29T18:46:49.557581+09:00 0 0 경기73아1597 3 41 218000011 219000573 5 
2020-11-29T18:47:48.521708+09:00 0 0 경기73아1597 3 41 218000011 219000440 6 
2020-11-29T18:48:48.275711+09:00 0 0 경기73아1597 3 41 218000011 219000435 8 
2020-11-29T18:49:48.300022+09:00 0 0 경기73아1597 3 41 218000011 219000434 9 
2020-11-29T18:50:47.874092+09:00 0 0 경기73아1597 3 41 218000011 219000434 9 
2020-11-29T18:51:47.718259+09:00 0 0 경기73아1597 3 41 218000011 219000434 9 
2020-11-29T18:52:47.332274+09:00 0 0 경기73아1597 3 41 218000011 219000450 11 
2020-11-29T18:53:47.236456+09:00 0 0 경기73아1597 3 41 218000011 219000343 12 
2020-11-29T18:54:47.120652+09:00 0 0 경기73아1597 3 41 218000011 219000343 12 
2020-11-29T18:55:46.924829+09:00 0 0 경기73아1597 3 41 218000011 219000673 13 
2020-11-29T18:56:46.708928+09:00 0 0 경기73아1597 3 41 218000011 219000673 13 
2020-11-29T18:57:46.623069+09:00 0 0 경기73아1597 3 41 218000011 219000673 13 
2020-11-29T18:58:45.607763+09:00 0 0 경기73아1597 3 41 218000011 219000999 15 
2020-11-29T18:59:45.332558+09:00 0 0 경기73아1597 3 41 218000011 219000999 15 
2020-11-29T19:00:45.287264+09:00 0 0 경기73아1597 3 41 218000011 219000627 16 
2020-11-29T19:01:45.101944+09:00 0 0 경기73아1597 3 41 218000011 219000627 16 
2020-11-29T19:02:44.996583+09:00 0 0 경기73아1597 3 41 218000011 219000627 16 
2020-11-29T19:03:44.421218+09:00 0 0 경기73아1597 3 41 218000011 219000192 18 
2020-11-29T19:04:44.085586+09:00 0 0 경기73아1597 3 41 218000011 219000192 18 
2020-11-29T19:05:43.520059+09:00 0 0 경기73아1597 3 41 218000011 219000192 18 
2020-11-29T19:06:43.264591+09:00 0 0 경기73아1597 3 41 218000011 219000131 19 
2020-11-29T19:07:42.689151+09:00 0 0 경기73아1597 3 41 218000011 219000356 20 
2020-11-29T19:08:41.624285+09:00 0 0 경기73아1597 3 41 218000011 219000356 20 
2020-11-29T19:09:41.447717+09:00 0 0 경기73아1597 3 41 218000011 219000370 21 
2020-11-29T19:10:40.732152+09:00 0 0 경기73아1597 3 41 218000011 219000370 21 
2020-11-29T19:11:40.326452+09:00 0 0 경기73아1597 3 41 218000011 219000370 21 
2020-11-29T19:12:39.630761+09:00 0 0 경기73아1597 3 41 218000011 219000368 23 
2020-11-29T19:13:38.615081+09:00 0 0 경기73아1597 3 41 218000011 219000163 24 
2020-11-29T19:14:38.459486+09:00 0 0 경기73아1597 3 41 218000011 219000163 24 
2020-11-29T19:15:37.933669+09:00 0 0 경기73아1597 3 41 218000011 219000163 24 
2020-11-29T19:16:37.477926+09:00 0 0 경기73아1597 3 41 218000011 219000163 24 
2020-11-29T19:17:37.222640+09:00 0 0 경기73아1597 3 41 218000011 219000163 24 
2020-11-29T19:18:36.926777+09:00 0 0 경기73아1597 3 41 218000011 219000163 24 
2020-11-29T19:19:36.640944+09:00 0 0 경기73아1597 3 41 218000011 219000163 24 
2020-11-29T19:20:36.575216+09:00 0 0 경기73아1597 3 41 218000011 218000316 25 
2020-11-29T19:21:35.499434+09:00 0 0 경기73아1597 3 41 218000011 218000317 26 
2020-11-29T19:22:35.323822+09:00 0 0 경기73아1597 3 41 218000011 218000317 26 
2020-11-29T19:23:34.927927+09:00 0 0 경기73아1597 3 40 218000011 218000318 27 
2020-11-29T19:24:35.102288+09:00 0 0 경기73아1597 3 40 218000011 218000637 28 
2020-11-29T19:25:34.776574+09:00 0 0 경기73아1597 3 40 218000011 218000637 28 
2020-11-29T19:26:34.560883+09:00 0 0 경기73아1597 3 40 218000011 218000145 29 
2020-11-29T19:27:34.355065+09:00 0 0 경기73아1597 3 40 218000011 218000145 29 
2020-11-29T19:28:33.969200+09:00 0 0 경기73아1597 3 40 218000011 218000145 29 
2020-11-29T19:29:33.393622+09:00 0 0 경기73아1597 3 40 218000011 277103090 30 
2020-11-29T19:30:32.727757+09:00 0 0 경기73아1597 3 40 218000011 277103090 30 
2020-11-29T19:31:32.622176+09:00 0 0 경기73아1597 3 40 218000011 277103090 30 
2020-11-29T19:32:32.475507+09:00 0 0 경기73아1597 3 40 218000011 218000140 31 
2020-11-29T19:33:31.628756+09:00 0 0 경기73아1597 3 40 218000011 218000140 31 
2020-11-29T19:34:31.321995+09:00 0 0 경기73아1597 3 40 218000011 218000140 31 
2020-11-29T19:35:30.915335+09:00 0 0 경기73아1597 3 40 218000011 218000140 31 
2020-11-29T19:36:30.438760+09:00 0 0 경기73아1597 3 40 218000011 218000140 31 
2020-11-29T19:37:30.232346+09:00 0 0 경기73아1597 3 40 218000011 111000007 32 
2020-11-29T19:38:30.135869+09:00 0 0 경기73아1597 3 40 218000011 111000007 32 
2020-11-29T19:39:29.899580+09:00 0 0 경기73아1597 3 40 218000011 111000007 32 
2020-11-29T19:40:29.633280+09:00 0 0 경기73아1597 3 40 218000011 111000007 32 
2020-11-29T19:41:29.447000+09:00 0 0 경기73아1597 3 40 218000011 111000007 32 
2020-11-29T19:42:28.530663+09:00 0 0 경기73아1597 3 40 218000011 111000007 32 
2020-11-29T19:43:28.334825+09:00 0 0 경기73아1597 3 40 218000011 111000007 32 
2020-11-29T19:44:28.078525+09:00 0 0 경기73아1597 3 40 218000011 111000007 32 
2020-11-29T19:45:27.412299+09:00 0 0 경기73아1597 3 40 218000011 111000007 32 
2020-11-29T19:46:27.296280+09:00 0 0 경기73아1597 3 40 218000011 111000007 32 
2020-11-29T19:47:27.300196+09:00 0 0 경기73아1597 3 40 218000011 277101784 34 
2020-11-29T19:48:26.864136+09:00 0 0 경기73아1597 3 40 218000011 277101784 34 
2020-11-29T19:49:26.818120+09:00 0 0 경기73아1597 3 40 218000011 277101784 34 
2020-11-29T19:50:26.732126+09:00 0 0 경기73아1597 3 40 218000011 277103098 35 
2020-11-29T19:51:25.935981+09:00 0 0 경기73아1597 3 40 218000011 277103098 35 
2020-11-29T19:52:25.030077+09:00 0 0 경기73아1597 3 40 218000011 277103098 35 
2020-11-29T19:53:24.893950+09:00 0 0 경기73아1597 3 40 218000011 277103099 36 
2020-11-29T19:54:24.708122+09:00 0 0 경기73아1597 3 40 218000011 277103099 36 
2020-11-29T19:55:24.802186+09:00 0 0 경기73아1597 3 41 218000011 100000034 37 
2020-11-29T19:56:23.546365+09:00 0 0 경기73아1597 3 41 218000011 100000034 37 
2020-11-29T19:57:23.230199+09:00 0 0 경기73아1597 3 37 218000011 100000034 37 
2020-11-29T19:58:22.624352+09:00 0 0 경기73아1597 3 37 218000011 277104283 38 
2020-11-29T19:59:21.788253+09:00 0 0 경기73아1597 3 36 218000011 101000128 39 
2020-11-29T20:00:21.272341+09:00 0 0 경기73아1597 3 36 218000011 101000128 39 
2020-11-29T20:01:21.016532+09:00 0 0 경기73아1597 3 35 218000011 277101885 41 
2020-11-29T20:02:21.060614+09:00 0 0 경기73아1597 3 35 218000011 277101885 41 
2020-11-29T20:03:20.034592+09:00 0 0 경기73아1597 3 35 218000011 101000020 43 
2020-11-29T20:04:19.468577+09:00 0 0 경기73아1597 3 35 218000011 101000020 43 
2020-11-29T20:05:18.282767+09:00 0 0 경기73아1597 3 35 218000011 101000020 43 
2020-11-29T20:06:18.147140+09:00 0 0 경기73아1597 3 35 218000011 277102320 44 
2020-11-29T20:07:17.491639+09:00 0 0 경기73아1597 3 35 218000011 277102320 44 
2020-11-29T20:08:17.276153+09:00 0 0 경기73아1597 3 35 218000011 277102320 44 
2020-11-29T20:09:16.900774+09:00 0 0 경기73아1597 3 35 218000011 277104396 45 
2020-11-29T20:10:16.435220+09:00 0 0 경기73아1597 3 35 218000011 277104396 45 
2020-11-29T20:11:16.229773+09:00 0 0 경기73아1597 3 29 218000011 112000013 46 
2020-11-29T20:12:16.094232+09:00 0 0 경기73아1597 3 29 218000011 112000013 46 
2020-11-29T20:13:15.828648+09:00 0 0 경기73아1597 3 29 218000011 112000013 46 
2020-11-29T20:14:15.412981+09:00 0 0 경기73아1597 3 29 218000011 112000013 46 
2020-11-29T20:15:15.457446+09:00 0 0 경기73아1597 3 29 218000011 112000013 46 
2020-11-29T20:16:15.281722+09:00 0 0 경기73아1597 3 29 218000011 112000013 46 
2020-11-29T20:17:15.276167+09:00 0 0 경기73아1597 3 29 218000011 112000013 46 
2020-11-29T20:18:14.460439+09:00 0 0 경기73아1597 3 26 218000011 111000008 47 
2020-11-29T20:19:14.174754+09:00 0 0 경기73아1597 3 26 218000011 111000008 47 
2020-11-29T20:20:13.748948+09:00 0 0 경기73아1597 3 26 218000011 111000008 47 
2020-11-29T20:21:13.603300+09:00 0 0 경기73아1597 3 26 218000011 111000008 47 
2020-11-29T20:22:13.477658+09:00 0 0 경기73아1597 3 26 218000011 111000008 47 
2020-11-29T20:23:12.372425+09:00 0 0 경기73아1597 3 26 218000011 111000008 47 
2020-11-29T20:24:11.976115+09:00 0 0 경기73아1597 3 26 218000011 218000139 48 
2020-11-29T20:25:11.390416+09:00 0 0 경기73아1597 3 26 218000011 218000139 48 
2020-11-29T20:26:11.354559+09:00 0 0 경기73아1597 3 26 218000011 277103091 49 
2020-11-29T20:27:10.648805+09:00 0 0 경기73아1597 3 26 218000011 277103091 49 
2020-11-29T20:28:10.283045+09:00 0 0 경기73아1597 3 27 218000011 277103091 49 
2020-11-29T20:29:10.107198+09:00 0 0 경기73아1597 3 27 218000011 277103091 49 
2020-11-29T20:30:09.081507+09:00 0 0 경기73아1597 3 27 218000011 218000134 50 
2020-11-29T20:31:08.625692+09:00 0 0 경기73아1597 3 27 218000011 218000134 50 
2020-11-29T20:32:08.509902+09:00 0 0 경기73아1597 3 27 218000011 218000636 51 
2020-11-29T20:33:07.744152+09:00 0 0 경기73아1597 3 30 218000011 218000078 52 
2020-11-29T20:34:06.858294+09:00 0 0 경기73아1597 3 32 218000011 218000078 52 
2020-11-29T20:35:06.562690+09:00 0 0 경기73아1597 3 35 218000011 218000319 53 
2020-11-29T20:36:06.456741+09:00 0 0 경기73아1597 3 35 218000011 218000319 53 
2020-11-29T20:37:05.578056+09:00 0 0 경기73아1597 3 36 218000011 218000320 54 
2020-11-29T20:38:05.285124+09:00 0 0 경기73아1597 3 36 218000011 218000320 54 
2020-11-29T20:39:04.839528+09:00 0 0 경기73아1597 3 36 218000011 218000320 54 
2020-11-29T20:40:04.503539+09:00 0 0 경기73아1597 3 35 218000011 218000320 54 
2020-11-29T20:41:04.117417+09:00 0 0 경기73아1597 3 35 218000011 218000320 54 
2020-11-29T20:42:03.161372+09:00 0 0 경기73아1597 3 35 218000011 218000320 54 
2020-11-29T20:43:02.665201+09:00 0 0 경기73아1597 3 35 218000011 218000320 54 
2020-11-29T20:44:02.560020+09:00 0 0 경기73아1597 3 36 218000011 219000386 55 
2020-11-29T20:45:02.383370+09:00 0 0 경기73아1597 3 36 218000011 219000385 56 
2020-11-29T20:46:02.367292+09:00 0 0 경기73아1597 3 36 218000011 219000385 56 
2020-11-29T20:47:02.151405+09:00 0 0 경기73아1597 3 36 218000011 219000385 56 
2020-11-29T20:48:01.415314+09:00 0 0 경기73아1597 3 37 218000011 219000383 57 
2020-11-29T20:49:01.309459+09:00 0 0 경기73아1597 3 37 218000011 219000383 57 
2020-11-29T20:50:01.073573+09:00 0 0 경기73아1597 3 39 218000011 219000383 57 
2020-11-29T20:51:00.867571+09:00 0 0 경기73아1597 3 39 218000011 219000383 57 
2020-11-29T20:52:00.671892+09:00 0 0 경기73아1597 3 40 218000011 219000191 58 
2020-11-29T20:53:00.385815+09:00 0 0 경기73아1597 3 41 218000011 219000191 58 
2020-11-29T20:54:00.249959+09:00 0 0 경기73아1597 3 41 218000011 219000130 59 
2020-11-29T20:55:00.204069+09:00 0 0 경기73아1597 3 41 218000011 219000130 59 
2020-11-29T20:55:59.948137+09:00 0 0 경기73아1597 3 41 218000011 219000130 59 
2020-11-29T20:56:59.512648+09:00 0 0 경기73아1597 3 41 218000011 219000130 59 
2020-11-29T20:57:59.436641+09:00 0 0 경기73아1597 3 41 218000011 219000190 60 
2020-11-29T20:58:59.140546+09:00 0 0 경기73아1597 3 41 218000011 219000189 61 
2020-11-29T20:59:58.624608+09:00 0 0 경기73아1597 3 41 218000011 219000189 61 
2020-11-29T21:00:58.528865+09:00 0 0 경기73아1597 3 41 218000011 219000129 62 
2020-11-29T21:01:58.133019+09:00 0 0 경기73아1597 3 41 218000011 219000129 62 
2020-11-29T21:02:57.767108+09:00 0 0 경기73아1597 3 41 218000011 219000129 62 
2020-11-29T21:03:57.641273+09:00 0 0 경기73아1597 3 41 218000011 219000623 63 
2020-11-29T21:04:57.145453+09:00 0 0 경기73아1597 3 41 218000011 219000623 63 
2020-11-29T21:05:56.389497+09:00 0 0 경기73아1597 3 41 218000011 219001155 64 
2020-11-29T21:06:56.193642+09:00 0 0 경기73아1597 3 40 218000011 219000674 65 
2020-11-29T21:07:55.557896+09:00 0 0 경기73아1597 3 40 218000011 219000674 65 
2020-11-29T21:08:55.352029+09:00 0 0 경기73아1597 3 40 218000011 219000674 65 
2020-11-29T21:09:54.226116+09:00 0 0 경기73아1597 3 40 218000011 219000119 66 
2020-11-29T21:10:53.830285+09:00 0 0 경기73아1597 3 40 218000011 219000119 66 
2020-11-29T21:11:53.714373+09:00 0 0 경기73아1597 3 40 218000011 219000451 67 
2020-11-29T21:12:52.968694+09:00 0 0 경기73아1597 3 40 218000011 219000451 67 
2020-11-29T21:13:52.952702+09:00 0 0 경기73아1597 3 40 218000011 219001152 68 
2020-11-29T21:14:52.926597+09:00 0 0 경기73아1597 3 40 218000011 219001152 68 
2020-11-29T21:15:52.501183+09:00 0 0 경기73아1597 3 40 218000011 219001152 68 
2020-11-29T21:16:52.134358+09:00 0 0 경기73아1597 3 41 218000011 219001152 68 
2020-11-29T21:17:52.087989+09:00 0 0 경기73아1597 3 41 218000011 219001152 68 
2020-11-29T21:18:51.261911+09:00 0 0 경기73아1597 3 41 218000011 219000424 70 
2020-11-29T21:19:51.125723+09:00 0 0 경기73아1597 3 41 218000011 219000424 70 
2020-11-29T21:20:51.119540+09:00 0 0 경기73아1597 3 41 218000011 219000444 73 
2020-11-29T21:21:50.523460+09:00 0 0 경기73아1597 3 41 218000011 219000444 73 
2020-11-29T21:22:50.027474+09:00 0 0 경기73아1597 3 41 218000011 219000445 74 
2020-11-29T21:23:49.721523+09:00 0 0 경기73아1597 3 41 218000011 219000445 74 
2020-11-29T21:24:49.295266+09:00 0 0 경기73아1597 3 41 218000011 219000445 74 
2020-11-29T21:25:48.899312+09:00 0 0 경기73아1597 3 41 218000011 219000445 74 
2020-11-29T21:26:47.913180+09:00 0 0 경기73아1597 3 41 218000011 219000445 74 
2020-11-29T21:27:47.547248+09:00 0 0 경기73아1597 3 41 218000011 219000445 74 
2020-11-29T21:28:47.291258+09:00 0 0 경기73아1597 3 41 218000011 219000445 74 
2020-11-29T21:29:46.615384+09:00 0 0 경기73아1597 3 41 218000011 219000445 74 
2020-11-29T21:30:46.259348+09:00 0 0 경기73아1597 3 41 218000011 219000445 74 
2020-11-29T21:31:45.833217+09:00 0 0 경기73아1597 3 41 218000011 219000445 74 
2020-11-29T21:32:45.657452+09:00 0 0 경기73아1597 3 41 218000011 219000445 74 
2020-11-29T21:33:45.761407+09:00 0 0 경기73아1597 3 41 218000011 219000445 74 
2020-11-29T21:34:45.185544+09:00 0 0 경기73아1597 3 41 218000011 219000445 74 
2020-11-29T21:35:44.499614+09:00 0 0 경기73아1597 3 41 218000011 219000445 74 
2020-11-29T21:36:43.963709+09:00 0 0 경기73아1597 3 41 218000011 219000445 74 
