218000011 2020-12-05T00:00:20.748193+09:00
2020-12-05T13:27:19 0 0 경기73아1599 3 41 218000011 219000129 62 
2020-12-05T13:28:18 0 0 경기73아1599 3 41 218000011 219000623 63 
2020-12-05T13:29:18 0 0 경기73아1599 3 41 218000011 219000623 63 
2020-12-05T13:29:40 0 0 경기73아1599 3 41 218000011 219000623 63 
2020-12-05T13:30:40 0 0 경기73아1599 3 41 218000011 219000623 63 
2020-12-05T13:31:39 0 0 경기73아1599 3 41 218000011 219001155 64 
2020-12-05T13:32:38 0 0 경기73아1599 3 41 218000011 219001155 64 
2020-12-05T13:33:38 0 0 경기73아1599 3 41 218000011 219000674 65 
2020-12-05T13:34:37 0 0 경기73아1599 3 41 218000011 219000119 66 
2020-12-05T13:35:37 0 0 경기73아1599 3 41 218000011 219000119 66 
2020-12-05T13:36:36 0 0 경기73아1599 3 41 218000011 219000119 66 
2020-12-05T13:37:36 0 0 경기73아1599 3 41 218000011 219000119 66 
2020-12-05T13:38:36 0 0 경기73아1599 3 41 218000011 219000119 66 
2020-12-05T13:39:36 0 0 경기73아1599 3 41 218000011 219001152 68 
2020-12-05T13:40:35 0 0 경기73아1599 3 41 218000011 219001152 68 
2020-12-05T13:41:35 0 0 경기73아1599 3 41 218000011 219001152 68 
2020-12-05T13:42:34 0 0 경기73아1599 3 41 218000011 219001152 68 
2020-12-05T13:43:34 0 0 경기73아1599 3 41 218000011 219001152 68 
2020-12-05T13:44:33 0 0 경기73아1599 3 41 218000011 219001152 68 
2020-12-05T13:45:34 0 0 경기73아1599 3 41 218000011 219001152 68 
2020-12-05T13:46:32 0 0 경기73아1599 3 41 218000011 219001152 68 
2020-12-05T13:47:32 0 0 경기73아1599 3 41 218000011 219001152 68 
2020-12-05T13:48:32 0 0 경기73아1599 3 41 218000011 219001152 68 
2020-12-05T13:49:31 0 0 경기73아1599 3 41 218000011 219001152 68 
2020-12-05T13:50:31 0 0 경기73아1599 3 41 218000011 219001152 68 
2020-12-05T13:51:31 0 0 경기73아1599 3 41 218000011 219001152 68 
2020-12-05T13:52:31 0 0 경기73아1599 3 41 218000011 219001152 68 
2020-12-05T13:53:30 0 0 경기73아1599 3 41 218000011 219001152 68 
2020-12-05T14:42:08 0 0 경기73아1599 3 41 218000011 219001152 68 
2020-12-05T14:43:08 0 0 경기73아1599 3 41 218000011 219001152 68 
2020-12-05T14:44:07 0 0 경기73아1599 3 41 218000011 219001152 68 
2020-12-05T14:45:07 0 0 경기73아1599 3 41 218000011 277102634 2 
2020-12-05T14:46:06 0 0 경기73아1599 3 41 218000011 219000565 4 
2020-12-05T14:47:06 0 0 경기73아1599 3 41 218000011 219000440 6 
2020-12-05T14:48:06 0 0 경기73아1599 3 41 218000011 219000443 7 
2020-12-05T14:49:06 0 0 경기73아1599 3 41 218000011 219000435 8 
2020-12-05T14:50:05 0 0 경기73아1599 3 41 218000011 219000435 8 
2020-12-05T14:51:04 0 0 경기73아1599 3 41 218000011 219000434 9 
2020-12-05T14:52:03 0 0 경기73아1599 3 41 218000011 219000434 9 
2020-12-05T14:53:02 0 0 경기73아1599 3 41 218000011 219000434 9 
2020-12-05T14:54:02 0 0 경기73아1599 3 41 218000011 219000434 9 
2020-12-05T14:55:01 0 0 경기73아1599 3 41 218000011 219000434 9 
2020-12-05T14:56:00 0 0 경기73아1599 3 41 218000011 219001153 10 
2020-12-05T14:57:00 0 0 경기73아1599 3 41 218000011 219000343 12 
2020-12-05T14:58:00 0 0 경기73아1599 3 41 218000011 219000673 13 
2020-12-05T14:58:59 0 0 경기73아1599 3 41 218000011 219000673 13 
2020-12-05T14:59:59 0 0 경기73아1599 3 41 218000011 219000673 13 
2020-12-05T15:00:59 0 0 경기73아1599 3 41 218000011 219001172 14 
2020-12-05T15:01:58 0 0 경기73아1599 3 41 218000011 219000999 15 
2020-12-05T15:02:58 0 0 경기73아1599 3 41 218000011 219000627 16 
2020-12-05T15:03:57 0 0 경기73아1599 3 41 218000011 219000627 16 
2020-12-05T15:04:57 0 0 경기73아1599 3 41 218000011 219000363 17 
2020-12-05T15:05:57 0 0 경기73아1599 3 40 218000011 219000363 17 
2020-12-05T15:06:57 0 0 경기73아1599 3 40 218000011 219000192 18 
2020-12-05T15:07:57 0 0 경기73아1599 3 40 218000011 219000192 18 
2020-12-05T15:08:56 0 0 경기73아1599 3 40 218000011 219000131 19 
2020-12-05T15:09:56 0 0 경기73아1599 3 40 218000011 219000131 19 
2020-12-05T15:10:55 0 0 경기73아1599 3 39 218000011 219000131 19 
2020-12-05T15:11:55 0 0 경기73아1599 3 39 218000011 219000356 20 
2020-12-05T15:12:54 0 0 경기73아1599 3 39 218000011 219000356 20 
2020-12-05T15:13:54 0 0 경기73아1599 3 39 218000011 219000370 21 
2020-12-05T15:14:54 0 0 경기73아1599 3 39 218000011 219000370 21 
2020-12-05T15:15:54 0 0 경기73아1599 3 39 218000011 219000370 21 
2020-12-05T15:16:54 0 0 경기73아1599 3 39 218000011 219000368 23 
2020-12-05T15:17:54 0 0 경기73아1599 3 39 218000011 219000368 23 
2020-12-05T15:18:54 0 0 경기73아1599 3 39 218000011 219000368 23 
2020-12-05T15:19:53 0 0 경기73아1599 3 39 218000011 219000163 24 
2020-12-05T15:20:53 0 0 경기73아1599 3 39 218000011 219000163 24 
2020-12-05T15:21:53 0 0 경기73아1599 3 39 218000011 219000163 24 
2020-12-05T15:22:53 0 0 경기73아1599 3 39 218000011 219000163 24 
2020-12-05T15:23:52 0 0 경기73아1599 3 39 218000011 219000163 24 
2020-12-05T15:24:52 0 0 경기73아1599 3 39 218000011 219000163 24 
2020-12-05T15:25:52 0 0 경기73아1599 3 39 218000011 218000316 25 
2020-12-05T15:26:51 0 0 경기73아1599 3 39 218000011 218000317 26 
2020-12-05T15:27:51 0 0 경기73아1599 3 39 218000011 218000317 26 
2020-12-05T15:28:50 0 0 경기73아1599 3 39 218000011 218000318 27 
2020-12-05T15:29:49 0 0 경기73아1599 3 40 218000011 218000637 28 
2020-12-05T15:30:49 0 0 경기73아1599 3 40 218000011 218000637 28 
2020-12-05T15:31:48 0 0 경기73아1599 3 40 218000011 218000637 28 
2020-12-05T15:32:48 0 0 경기73아1599 3 40 218000011 218000145 29 
2020-12-05T15:33:47 0 0 경기73아1599 3 40 218000011 218000145 29 
2020-12-05T15:34:47 0 0 경기73아1599 3 40 218000011 277103090 30 
2020-12-05T15:35:47 0 0 경기73아1599 3 40 218000011 277103090 30 
2020-12-05T15:36:47 0 0 경기73아1599 3 40 218000011 277103090 30 
2020-12-05T15:37:47 0 0 경기73아1599 3 40 218000011 277103090 30 
2020-12-05T15:38:46 0 0 경기73아1599 3 40 218000011 218000140 31 
2020-12-05T15:39:45 0 0 경기73아1599 3 40 218000011 218000140 31 
2020-12-05T15:40:45 0 0 경기73아1599 3 40 218000011 218000140 31 
2020-12-05T15:41:45 0 0 경기73아1599 3 40 218000011 218000140 31 
2020-12-05T15:42:44 0 0 경기73아1599 3 40 218000011 218000140 31 
2020-12-05T15:43:43 0 0 경기73아1599 3 40 218000011 111000007 32 
2020-12-05T15:44:43 0 0 경기73아1599 3 40 218000011 111000007 32 
2020-12-05T15:45:42 0 0 경기73아1599 3 40 218000011 111000007 32 
2020-12-05T15:46:42 0 0 경기73아1599 3 40 218000011 111000007 32 
2020-12-05T15:47:42 0 0 경기73아1599 3 40 218000011 111000007 32 
2020-12-05T15:48:42 0 0 경기73아1599 3 40 218000011 111000007 32 
2020-12-05T15:49:41 0 0 경기73아1599 3 40 218000011 111000007 32 
2020-12-05T15:50:41 0 0 경기73아1599 3 40 218000011 111000007 32 
2020-12-05T15:51:41 0 0 경기73아1599 3 39 218000011 112000012 33 
2020-12-05T15:52:41 0 0 경기73아1599 3 39 218000011 277101784 34 
2020-12-05T15:53:41 0 0 경기73아1599 3 39 218000011 277101784 34 
2020-12-05T15:54:40 0 0 경기73아1599 3 39 218000011 277101784 34 
2020-12-05T15:55:40 0 0 경기73아1599 3 39 218000011 277101784 34 
2020-12-05T15:56:40 0 0 경기73아1599 3 39 218000011 277103098 35 
2020-12-05T15:57:39 0 0 경기73아1599 3 39 218000011 277103098 35 
2020-12-05T15:58:39 0 0 경기73아1599 3 39 218000011 277103099 36 
2020-12-05T15:59:39 0 0 경기73아1599 3 39 218000011 277103099 36 
2020-12-05T16:00:38 0 0 경기73아1599 3 39 218000011 100000034 37 
2020-12-05T16:01:38 0 0 경기73아1599 3 39 218000011 100000034 37 
2020-12-05T16:02:37 0 0 경기73아1599 3 36 218000011 100000034 37 
2020-12-05T16:03:37 0 0 경기73아1599 3 38 218000011 101000128 39 
2020-12-05T16:04:37 0 0 경기73아1599 3 38 218000011 101000128 39 
2020-12-05T16:05:36 0 0 경기73아1599 3 33 218000011 101000128 39 
2020-12-05T16:06:36 0 0 경기73아1599 3 32 218000011 101000022 40 
2020-12-05T16:07:35 0 0 경기73아1599 3 32 218000011 277101885 41 
2020-12-05T16:08:35 0 0 경기73아1599 3 32 218000011 277101885 41 
2020-12-05T16:09:35 0 0 경기73아1599 3 32 218000011 277101993 42 
2020-12-05T16:10:35 0 0 경기73아1599 3 32 218000011 277101993 42 
2020-12-05T16:11:35 0 0 경기73아1599 3 32 218000011 277101993 42 
2020-12-05T16:12:35 0 0 경기73아1599 3 32 218000011 101000020 43 
2020-12-05T16:13:35 0 0 경기73아1599 3 32 218000011 101000020 43 
2020-12-05T16:14:34 0 0 경기73아1599 3 32 218000011 277102320 44 
2020-12-05T16:15:34 0 0 경기73아1599 3 32 218000011 277102320 44 
2020-12-05T16:16:34 0 0 경기73아1599 3 32 218000011 277104396 45 
2020-12-05T16:17:34 0 0 경기73아1599 3 32 218000011 277104396 45 
2020-12-05T16:18:33 0 0 경기73아1599 3 32 218000011 277104396 45 
2020-12-05T16:19:33 0 0 경기73아1599 3 32 218000011 277104396 45 
2020-12-05T16:20:32 0 0 경기73아1599 3 32 218000011 277104396 45 
2020-12-05T16:21:32 0 0 경기73아1599 3 32 218000011 112000013 46 
2020-12-05T16:22:31 0 0 경기73아1599 3 31 218000011 112000013 46 
2020-12-05T16:23:30 0 0 경기73아1599 3 31 218000011 112000013 46 
2020-12-05T16:24:30 0 0 경기73아1599 3 31 218000011 112000013 46 
2020-12-05T16:25:29 0 0 경기73아1599 3 31 218000011 112000013 46 
2020-12-05T16:26:30 0 0 경기73아1599 3 31 218000011 112000013 46 
2020-12-05T16:27:29 0 0 경기73아1599 3 31 218000011 112000013 46 
2020-12-05T16:28:29 0 0 경기73아1599 3 31 218000011 111000008 47 
2020-12-05T16:29:29 0 0 경기73아1599 3 31 218000011 111000008 47 
2020-12-05T16:30:29 0 0 경기73아1599 3 31 218000011 111000008 47 
2020-12-05T16:31:28 0 0 경기73아1599 3 31 218000011 111000008 47 
2020-12-05T16:32:28 0 0 경기73아1599 3 31 218000011 111000008 47 
2020-12-05T16:33:28 0 0 경기73아1599 3 31 218000011 111000008 47 
2020-12-05T16:34:28 0 0 경기73아1599 3 31 218000011 111000008 47 
2020-12-05T16:35:27 0 0 경기73아1599 3 31 218000011 218000139 48 
2020-12-05T16:36:27 0 0 경기73아1599 3 31 218000011 218000139 48 
2020-12-05T16:37:27 0 0 경기73아1599 3 31 218000011 277103091 49 
2020-12-05T16:38:27 0 0 경기73아1599 3 31 218000011 277103091 49 
2020-12-05T16:39:27 0 0 경기73아1599 3 31 218000011 218000134 50 
2020-12-05T16:40:26 0 0 경기73아1599 3 31 218000011 218000134 50 
2020-12-05T16:41:26 0 0 경기73아1599 3 31 218000011 218000134 50 
2020-12-05T16:42:25 0 0 경기73아1599 3 31 218000011 218000636 51 
2020-12-05T16:43:26 0 0 경기73아1599 3 31 218000011 218000636 51 
2020-12-05T16:44:25 0 0 경기73아1599 3 34 218000011 218000078 52 
2020-12-05T16:45:25 0 0 경기73아1599 3 35 218000011 218000078 52 
2020-12-05T16:46:25 0 0 경기73아1599 3 36 218000011 218000319 53 
2020-12-05T16:47:25 0 0 경기73아1599 3 37 218000011 218000319 53 
2020-12-05T16:48:25 0 0 경기73아1599 3 37 218000011 218000320 54 
2020-12-05T16:49:24 0 0 경기73아1599 3 37 218000011 218000320 54 
2020-12-05T16:50:24 0 0 경기73아1599 3 36 218000011 218000320 54 
2020-12-05T16:51:23 0 0 경기73아1599 3 36 218000011 218000320 54 
2020-12-05T16:52:23 0 0 경기73아1599 3 36 218000011 218000320 54 
2020-12-05T16:53:22 0 0 경기73아1599 3 36 218000011 218000320 54 
2020-12-05T16:54:22 0 0 경기73아1599 3 36 218000011 218000320 54 
2020-12-05T16:55:21 0 0 경기73아1599 3 36 218000011 219000386 55 
2020-12-05T16:56:21 0 0 경기73아1599 3 36 218000011 219000386 55 
2020-12-05T16:57:21 0 0 경기73아1599 3 36 218000011 219000386 55 
2020-12-05T16:58:21 0 0 경기73아1599 3 36 218000011 219000385 56 
2020-12-05T16:59:21 0 0 경기73아1599 3 36 218000011 219000385 56 
2020-12-05T17:00:20 0 0 경기73아1599 3 36 218000011 219000383 57 
2020-12-05T17:01:20 0 0 경기73아1599 3 36 218000011 219000383 57 
2020-12-05T17:02:19 0 0 경기73아1599 3 37 218000011 219000191 58 
2020-12-05T17:03:18 0 0 경기73아1599 3 37 218000011 219000191 58 
2020-12-05T17:04:17 0 0 경기73아1599 3 38 218000011 219000191 58 
2020-12-05T17:05:17 0 0 경기73아1599 3 40 218000011 219000130 59 
2020-12-05T17:06:16 0 0 경기73아1599 3 40 218000011 219000190 60 
2020-12-05T17:07:16 0 0 경기73아1599 3 40 218000011 219000190 60 
2020-12-05T17:08:15 0 0 경기73아1599 3 41 218000011 219000190 60 
2020-12-05T17:09:15 0 0 경기73아1599 3 41 218000011 219000189 61 
2020-12-05T17:10:15 0 0 경기73아1599 3 41 218000011 219000189 61 
2020-12-05T17:11:15 0 0 경기73아1599 3 41 218000011 219000129 62 
2020-12-05T17:12:14 0 0 경기73아1599 3 41 218000011 219000623 63 
2020-12-05T17:13:14 0 0 경기73아1599 3 41 218000011 219000623 63 
2020-12-05T17:14:14 0 0 경기73아1599 3 41 218000011 219000623 63 
2020-12-05T17:15:13 0 0 경기73아1599 3 41 218000011 219000623 63 
2020-12-05T17:16:12 0 0 경기73아1599 3 41 218000011 219001155 64 
2020-12-05T17:17:12 0 0 경기73아1599 3 41 218000011 219000674 65 
2020-12-05T17:18:11 0 0 경기73아1599 3 41 218000011 219000674 65 
2020-12-05T17:19:11 0 0 경기73아1599 3 41 218000011 219000119 66 
2020-12-05T17:20:11 0 0 경기73아1599 3 41 218000011 219000119 66 
2020-12-05T17:21:11 0 0 경기73아1599 3 41 218000011 219000119 66 
2020-12-05T17:22:10 0 0 경기73아1599 3 41 218000011 219000119 66 
2020-12-05T17:23:10 0 0 경기73아1599 3 41 218000011 219000451 67 
2020-12-05T17:24:10 0 0 경기73아1599 3 41 218000011 219000451 67 
2020-12-05T17:25:10 0 0 경기73아1599 3 41 218000011 219001152 68 
2020-12-05T17:26:09 0 0 경기73아1599 3 41 218000011 219001152 68 
2020-12-05T17:27:09 0 0 경기73아1599 3 41 218000011 219001152 68 
2020-12-05T17:28:08 0 0 경기73아1599 3 41 218000011 219001152 68 
2020-12-05T17:29:08 0 0 경기73아1599 3 41 218000011 219001152 68 
2020-12-05T17:30:07 0 0 경기73아1599 3 41 218000011 219001152 68 
2020-12-05T17:31:06 0 0 경기73아1599 3 41 218000011 219001152 68 
2020-12-05T17:32:06 0 0 경기73아1599 3 41 218000011 219001152 68 
2020-12-05T17:33:05 0 0 경기73아1599 3 41 218000011 219001152 68 
2020-12-05T17:34:04 0 0 경기73아1599 3 41 218000011 219001152 68 
2020-12-05T17:35:04 0 0 경기73아1599 3 41 218000011 219001152 68 
2020-12-05T17:36:03 0 0 경기73아1599 3 41 218000011 219001152 68 
2020-12-05T17:37:02 0 0 경기73아1599 3 41 218000011 219001152 68 
2020-12-05T17:38:02 0 0 경기73아1599 3 41 218000011 219001152 68 
2020-12-05T17:39:02 0 0 경기73아1599 3 41 218000011 219001152 68 
2020-12-05T18:42:38 0 0 경기73아1599 3 41 218000011 219001152 68 
2020-12-05T18:43:38 0 0 경기73아1599 3 41 218000011 219001152 68 
2020-12-05T18:44:38 0 0 경기73아1599 3 41 218000011 277102634 2 
2020-12-05T18:45:37 0 0 경기73아1599 3 41 218000011 219000752 3 
2020-12-05T18:46:37 0 0 경기73아1599 3 41 218000011 219000573 5 
2020-12-05T18:47:37 0 0 경기73아1599 3 41 218000011 219000443 7 
2020-12-05T18:48:37 0 0 경기73아1599 3 41 218000011 219000435 8 
2020-12-05T18:49:36 0 0 경기73아1599 3 41 218000011 219000435 8 
2020-12-05T18:50:36 0 0 경기73아1599 3 41 218000011 219000434 9 
2020-12-05T18:51:36 0 0 경기73아1599 3 41 218000011 219000434 9 
2020-12-05T18:52:35 0 0 경기73아1599 3 41 218000011 219001153 10 
2020-12-05T18:53:35 0 0 경기73아1599 3 41 218000011 219001153 10 
2020-12-05T18:54:35 0 0 경기73아1599 3 41 218000011 219001153 10 
2020-12-05T18:55:34 0 0 경기73아1599 3 41 218000011 219000343 12 
2020-12-05T18:56:34 0 0 경기73아1599 3 41 218000011 219000343 12 
2020-12-05T18:57:34 0 0 경기73아1599 3 41 218000011 219000343 12 
2020-12-05T18:58:34 0 0 경기73아1599 3 39 218000011 219000673 13 
2020-12-05T18:59:34 0 0 경기73아1599 3 39 218000011 219000673 13 
2020-12-05T19:00:33 0 0 경기73아1599 3 39 218000011 219000673 13 
2020-12-05T19:01:33 0 0 경기73아1599 3 39 218000011 219001172 14 
2020-12-05T19:02:33 0 0 경기73아1599 3 39 218000011 219001172 14 
2020-12-05T19:03:32 0 0 경기73아1599 3 39 218000011 219001172 14 
2020-12-05T19:04:32 0 0 경기73아1599 3 39 218000011 219000999 15 
2020-12-05T19:05:32 0 0 경기73아1599 3 39 218000011 219000627 16 
2020-12-05T19:06:32 0 0 경기73아1599 3 39 218000011 219000627 16 
2020-12-05T19:07:31 0 0 경기73아1599 3 39 218000011 219000363 17 
2020-12-05T19:08:31 0 0 경기73아1599 3 39 218000011 219000192 18 
2020-12-05T19:09:30 0 0 경기73아1599 3 39 218000011 219000192 18 
2020-12-05T19:10:30 0 0 경기73아1599 3 39 218000011 219000192 18 
2020-12-05T19:11:30 0 0 경기73아1599 3 39 218000011 219000131 19 
2020-12-05T19:12:29 0 0 경기73아1599 3 39 218000011 219000131 19 
2020-12-05T19:13:29 0 0 경기73아1599 3 39 218000011 219000131 19 
2020-12-05T19:14:28 0 0 경기73아1599 3 39 218000011 219000356 20 
2020-12-05T19:15:27 0 0 경기73아1599 3 39 218000011 219000356 20 
2020-12-05T19:16:27 0 0 경기73아1599 3 39 218000011 219000356 20 
2020-12-05T19:17:27 0 0 경기73아1599 3 39 218000011 219000370 21 
2020-12-05T19:18:26 0 0 경기73아1599 3 39 218000011 219000370 21 
2020-12-05T19:19:25 0 0 경기73아1599 3 39 218000011 219000370 21 
2020-12-05T19:20:25 0 0 경기73아1599 3 39 218000011 219000370 21 
2020-12-05T19:21:25 0 0 경기73아1599 3 39 218000011 219000370 21 
2020-12-05T19:22:25 0 0 경기73아1599 3 38 218000011 219000368 23 
2020-12-05T19:23:25 0 0 경기73아1599 3 38 218000011 219000368 23 
2020-12-05T19:24:24 0 0 경기73아1599 3 38 218000011 219000163 24 
2020-12-05T19:25:24 0 0 경기73아1599 3 38 218000011 219000163 24 
2020-12-05T19:26:24 0 0 경기73아1599 3 38 218000011 219000163 24 
2020-12-05T19:27:23 0 0 경기73아1599 3 38 218000011 219000163 24 
2020-12-05T19:28:23 0 0 경기73아1599 3 38 218000011 219000163 24 
2020-12-05T19:29:23 0 0 경기73아1599 3 38 218000011 219000163 24 
2020-12-05T19:30:23 0 0 경기73아1599 3 38 218000011 219000163 24 
2020-12-05T19:31:23 0 0 경기73아1599 3 38 218000011 218000317 26 
2020-12-05T19:32:23 0 0 경기73아1599 3 38 218000011 218000317 26 
2020-12-05T19:33:23 0 0 경기73아1599 3 38 218000011 218000318 27 
2020-12-05T19:34:23 0 0 경기73아1599 3 38 218000011 218000318 27 
2020-12-05T19:35:22 0 0 경기73아1599 3 38 218000011 218000637 28 
2020-12-05T19:36:22 0 0 경기73아1599 3 37 218000011 218000145 29 
2020-12-05T19:37:22 0 0 경기73아1599 3 37 218000011 218000145 29 
2020-12-05T19:38:22 0 0 경기73아1599 3 37 218000011 218000145 29 
2020-12-05T19:39:22 0 0 경기73아1599 3 37 218000011 218000145 29 
2020-12-05T19:40:21 0 0 경기73아1599 3 37 218000011 218000145 29 
2020-12-05T19:41:21 0 0 경기73아1599 3 37 218000011 277103090 30 
2020-12-05T19:42:21 0 0 경기73아1599 3 37 218000011 277103090 30 
2020-12-05T19:43:20 0 0 경기73아1599 3 37 218000011 277103090 30 
2020-12-05T19:44:21 0 0 경기73아1599 3 37 218000011 218000140 31 
2020-12-05T19:45:20 0 0 경기73아1599 3 37 218000011 218000140 31 
2020-12-05T19:46:20 0 0 경기73아1599 3 37 218000011 218000140 31 
2020-12-05T19:47:19 0 0 경기73아1599 3 37 218000011 218000140 31 
2020-12-05T19:48:18 0 0 경기73아1599 3 37 218000011 218000140 31 
2020-12-05T19:49:18 0 0 경기73아1599 3 37 218000011 218000140 31 
2020-12-05T19:50:17 0 0 경기73아1599 3 38 218000011 111000007 32 
2020-12-05T19:51:17 0 0 경기73아1599 3 38 218000011 111000007 32 
2020-12-05T19:52:17 0 0 경기73아1599 3 38 218000011 111000007 32 
2020-12-05T19:53:16 0 0 경기73아1599 3 38 218000011 111000007 32 
2020-12-05T19:54:15 0 0 경기73아1599 3 38 218000011 111000007 32 
2020-12-05T19:55:15 0 0 경기73아1599 3 38 218000011 111000007 32 
2020-12-05T19:56:14 0 0 경기73아1599 3 38 218000011 111000007 32 
2020-12-05T19:57:13 0 0 경기73아1599 3 38 218000011 111000007 32 
2020-12-05T19:58:13 0 0 경기73아1599 3 38 218000011 111000007 32 
2020-12-05T19:59:13 0 0 경기73아1599 3 40 218000011 112000012 33 
2020-12-05T20:00:13 0 0 경기73아1599 3 40 218000011 277101784 34 
2020-12-05T20:01:13 0 0 경기73아1599 3 40 218000011 277101784 34 
2020-12-05T20:02:13 0 0 경기73아1599 3 40 218000011 277101784 34 
2020-12-05T20:03:12 0 0 경기73아1599 3 40 218000011 277103098 35 
2020-12-05T20:04:12 0 0 경기73아1599 3 40 218000011 277103098 35 
2020-12-05T20:05:11 0 0 경기73아1599 3 40 218000011 277103099 36 
2020-12-05T20:06:11 0 0 경기73아1599 3 40 218000011 277103099 36 
2020-12-05T20:07:11 0 0 경기73아1599 3 40 218000011 100000034 37 
2020-12-05T20:08:10 0 0 경기73아1599 3 40 218000011 100000034 37 
2020-12-05T20:09:09 0 0 경기73아1599 3 38 218000011 101000128 39 
2020-12-05T20:10:09 0 0 경기73아1599 3 38 218000011 101000128 39 
2020-12-05T20:11:08 0 0 경기73아1599 3 38 218000011 101000022 40 
2020-12-05T20:12:07 0 0 경기73아1599 3 38 218000011 277101885 41 
2020-12-05T20:13:07 0 0 경기73아1599 3 38 218000011 277101993 42 
2020-12-05T20:14:07 0 0 경기73아1599 3 38 218000011 101000020 43 
2020-12-05T20:15:06 0 0 경기73아1599 3 38 218000011 101000020 43 
2020-12-05T20:16:05 0 0 경기73아1599 3 38 218000011 101000020 43 
2020-12-05T20:17:05 0 0 경기73아1599 3 38 218000011 101000020 43 
2020-12-05T20:18:05 0 0 경기73아1599 3 38 218000011 277102320 44 
2020-12-05T20:19:04 0 0 경기73아1599 3 38 218000011 277102320 44 
2020-12-05T20:20:04 0 0 경기73아1599 3 38 218000011 277104396 45 
2020-12-05T20:21:04 0 0 경기73아1599 3 38 218000011 277104396 45 
2020-12-05T20:22:04 0 0 경기73아1599 3 38 218000011 112000013 46 
2020-12-05T20:23:04 0 0 경기73아1599 3 38 218000011 112000013 46 
2020-12-05T20:24:04 0 0 경기73아1599 3 38 218000011 112000013 46 
2020-12-05T20:25:03 0 0 경기73아1599 3 38 218000011 112000013 46 
2020-12-05T20:26:02 0 0 경기73아1599 3 38 218000011 112000013 46 
2020-12-05T20:27:02 0 0 경기73아1599 3 38 218000011 112000013 46 
2020-12-05T20:28:02 0 0 경기73아1599 3 38 218000011 112000013 46 
2020-12-05T20:29:01 0 0 경기73아1599 3 38 218000011 112000013 46 
2020-12-05T20:30:01 0 0 경기73아1599 3 38 218000011 112000013 46 
2020-12-05T20:31:01 0 0 경기73아1599 3 37 218000011 111000008 47 
2020-12-05T20:32:01 0 0 경기73아1599 3 37 218000011 111000008 47 
2020-12-05T20:33:01 0 0 경기73아1599 3 37 218000011 111000008 47 
2020-12-05T20:34:01 0 0 경기73아1599 3 37 218000011 111000008 47 
2020-12-05T20:35:01 0 0 경기73아1599 3 37 218000011 111000008 47 
2020-12-05T20:36:01 0 0 경기73아1599 3 37 218000011 218000139 48 
2020-12-05T20:37:01 0 0 경기73아1599 3 37 218000011 218000139 48 
2020-12-05T20:38:00 0 0 경기73아1599 3 37 218000011 277103091 49 
2020-12-05T20:38:59 0 0 경기73아1599 3 37 218000011 277103091 49 
2020-12-05T20:39:59 0 0 경기73아1599 3 37 218000011 277103091 49 
2020-12-05T20:40:59 0 0 경기73아1599 3 37 218000011 277103091 49 
2020-12-05T20:41:58 0 0 경기73아1599 3 37 218000011 218000134 50 
2020-12-05T20:42:58 0 0 경기73아1599 3 37 218000011 218000134 50 
2020-12-05T20:43:58 0 0 경기73아1599 3 37 218000011 218000134 50 
2020-12-05T20:44:58 0 0 경기73아1599 3 38 218000011 218000636 51 
2020-12-05T20:45:57 0 0 경기73아1599 3 38 218000011 218000636 51 
2020-12-05T20:46:56 0 0 경기73아1599 3 38 218000011 218000636 51 
2020-12-05T20:47:56 0 0 경기73아1599 3 38 218000011 218000078 52 
2020-12-05T20:48:56 0 0 경기73아1599 3 38 218000011 218000319 53 
2020-12-05T20:49:55 0 0 경기73아1599 3 38 218000011 218000319 53 
2020-12-05T20:50:55 0 0 경기73아1599 3 38 218000011 218000320 54 
2020-12-05T20:51:54 0 0 경기73아1599 3 38 218000011 218000320 54 
2020-12-05T20:52:54 0 0 경기73아1599 3 38 218000011 218000320 54 
2020-12-05T20:53:53 0 0 경기73아1599 3 38 218000011 218000320 54 
2020-12-05T20:54:53 0 0 경기73아1599 3 38 218000011 219000386 55 
2020-12-05T20:55:52 0 0 경기73아1599 3 38 218000011 219000386 55 
