218000011 2020-12-05T22:40:06.663931+09:00
2020-12-06T07:05:43 0 0 경기73아1599 3 41 218000011 219000644 1 
2020-12-06T07:06:26 0 0 경기73아1599 3 41 218000011 219000644 1 
2020-12-06T07:06:43 0 0 경기73아1599 3 41 218000011 219000644 1 
2020-12-06T07:07:26 0 0 경기73아1599 3 41 218000011 219000644 1 
2020-12-06T07:07:42 0 0 경기73아1599 3 41 218000011 219000644 1 
2020-12-06T07:08:26 0 0 경기73아1599 3 41 218000011 219000644 1 
2020-12-06T07:08:42 0 0 경기73아1599 3 41 218000011 277102634 2 
2020-12-06T07:09:25 0 0 경기73아1599 3 41 218000011 277102634 2 
2020-12-06T07:09:41 0 0 경기73아1599 3 41 218000011 219000752 3 
2020-12-06T07:10:25 0 0 경기73아1599 3 41 218000011 219000573 5 
2020-12-06T07:10:40 0 0 경기73아1599 3 41 218000011 219000573 5 
2020-12-06T07:11:24 0 0 경기73아1599 3 41 218000011 219000440 6 
2020-12-06T07:11:40 0 0 경기73아1599 3 41 218000011 219000440 6 
2020-12-06T07:12:23 0 0 경기73아1599 3 41 218000011 219000443 7 
2020-12-06T07:12:40 0 0 경기73아1599 3 41 218000011 219000443 7 
2020-12-06T07:13:22 0 0 경기73아1599 3 41 218000011 219000435 8 
2020-12-06T07:13:40 0 0 경기73아1599 3 41 218000011 219000434 9 
2020-12-06T07:14:21 0 0 경기73아1599 3 41 218000011 219000434 9 
2020-12-06T07:14:40 0 0 경기73아1599 3 41 218000011 219000434 9 
2020-12-06T07:15:20 0 0 경기73아1599 3 41 218000011 219000434 9 
2020-12-06T07:15:39 0 0 경기73아1599 3 41 218000011 219000434 9 
2020-12-06T07:16:20 0 0 경기73아1599 3 41 218000011 219000434 9 
2020-12-06T07:16:39 0 0 경기73아1599 3 41 218000011 219001153 10 
2020-12-06T07:17:20 0 0 경기73아1599 3 41 218000011 219001153 10 
2020-12-06T07:17:38 0 0 경기73아1599 3 41 218000011 219001153 10 
2020-12-06T07:18:19 0 0 경기73아1599 3 41 218000011 219001153 10 
2020-12-06T07:18:38 0 0 경기73아1599 3 41 218000011 219000450 11 
2020-12-06T07:19:19 0 0 경기73아1599 3 41 218000011 219000343 12 
2020-12-06T07:19:38 0 0 경기73아1599 3 41 218000011 219000343 12 
2020-12-06T07:20:18 0 0 경기73아1599 3 41 218000011 219000343 12 
2020-12-06T07:20:37 0 0 경기73아1599 3 41 218000011 219000343 12 
2020-12-06T07:21:17 0 0 경기73아1599 3 41 218000011 219000343 12 
2020-12-06T07:21:37 0 0 경기73아1599 3 41 218000011 219000343 12 
2020-12-06T07:22:16 0 0 경기73아1599 3 41 218000011 219000673 13 
2020-12-06T07:22:36 0 0 경기73아1599 3 41 218000011 219000673 13 
2020-12-06T07:23:15 0 0 경기73아1599 3 41 218000011 219000673 13 
2020-12-06T07:23:36 0 0 경기73아1599 3 41 218000011 219000673 13 
2020-12-06T07:24:15 0 0 경기73아1599 3 41 218000011 219000673 13 
2020-12-06T07:24:36 0 0 경기73아1599 3 41 218000011 219001172 14 
2020-12-06T07:25:15 0 0 경기73아1599 3 40 218000011 219001172 14 
2020-12-06T07:25:35 0 0 경기73아1599 3 40 218000011 219000999 15 
2020-12-06T07:26:15 0 0 경기73아1599 3 40 218000011 219000999 15 
2020-12-06T07:26:35 0 0 경기73아1599 3 40 218000011 219000627 16 
2020-12-06T07:27:15 0 0 경기73아1599 3 40 218000011 219000627 16 
2020-12-06T07:27:34 0 0 경기73아1599 3 40 218000011 219000627 16 
2020-12-06T07:28:14 0 0 경기73아1599 3 40 218000011 219000627 16 
2020-12-06T07:28:33 0 0 경기73아1599 3 40 218000011 219000363 17 
2020-12-06T07:29:14 0 0 경기73아1599 3 40 218000011 219000363 17 
2020-12-06T07:29:32 0 0 경기73아1599 3 40 218000011 219000363 17 
2020-12-06T07:30:14 0 0 경기73아1599 3 40 218000011 219000192 18 
2020-12-06T07:30:32 0 0 경기73아1599 3 40 218000011 219000192 18 
2020-12-06T07:31:13 0 0 경기73아1599 3 40 218000011 219000192 18 
2020-12-06T07:31:31 0 0 경기73아1599 3 40 218000011 219000192 18 
2020-12-06T07:32:13 0 0 경기73아1599 3 40 218000011 219000192 18 
2020-12-06T07:32:30 0 0 경기73아1599 3 40 218000011 219000131 19 
2020-12-06T07:33:12 0 0 경기73아1599 3 40 218000011 219000131 19 
2020-12-06T07:33:30 0 0 경기73아1599 3 40 218000011 219000131 19 
2020-12-06T07:34:12 0 0 경기73아1599 3 40 218000011 219000131 19 
2020-12-06T07:34:29 0 0 경기73아1599 3 40 218000011 219000131 19 
2020-12-06T07:35:13 0 0 경기73아1599 3 40 218000011 219000356 20 
2020-12-06T07:35:29 0 0 경기73아1599 3 40 218000011 219000356 20 
2020-12-06T07:36:12 0 0 경기73아1599 3 40 218000011 219000356 20 
2020-12-06T07:36:28 0 0 경기73아1599 3 40 218000011 219000356 20 
2020-12-06T07:37:11 0 0 경기73아1599 3 40 218000011 219000356 20 
2020-12-06T07:37:27 0 0 경기73아1599 3 40 218000011 219000356 20 
2020-12-06T07:38:11 0 0 경기73아1599 3 40 218000011 219000370 21 
2020-12-06T07:38:26 0 0 경기73아1599 3 40 218000011 219000370 21 
2020-12-06T07:39:10 0 0 경기73아1599 3 40 218000011 219000370 21 
2020-12-06T07:39:26 0 0 경기73아1599 3 40 218000011 219000370 21 
2020-12-06T07:40:09 0 0 경기73아1599 3 40 218000011 219000370 21 
2020-12-06T07:40:26 0 0 경기73아1599 3 40 218000011 219000370 21 
2020-12-06T07:41:08 0 0 경기73아1599 3 40 218000011 219000368 23 
2020-12-06T07:41:26 0 0 경기73아1599 3 40 218000011 219000368 23 
2020-12-06T07:42:08 0 0 경기73아1599 3 40 218000011 219000368 23 
2020-12-06T07:42:25 0 0 경기73아1599 3 40 218000011 219000368 23 
2020-12-06T07:43:08 0 0 경기73아1599 3 40 218000011 219000163 24 
2020-12-06T07:43:24 0 0 경기73아1599 3 40 218000011 219000163 24 
2020-12-06T07:44:07 0 0 경기73아1599 3 41 218000011 219000163 24 
2020-12-06T07:44:24 0 0 경기73아1599 3 41 218000011 219000163 24 
2020-12-06T07:45:07 0 0 경기73아1599 3 41 218000011 219000163 24 
2020-12-06T07:45:24 0 0 경기73아1599 3 41 218000011 219000163 24 
2020-12-06T07:46:06 0 0 경기73아1599 3 41 218000011 219000163 24 
2020-12-06T07:46:23 0 0 경기73아1599 3 41 218000011 219000163 24 
2020-12-06T07:47:05 0 0 경기73아1599 3 41 218000011 219000163 24 
2020-12-06T07:47:22 0 0 경기73아1599 3 41 218000011 219000163 24 
2020-12-06T07:48:05 0 0 경기73아1599 3 41 218000011 219000163 24 
2020-12-06T07:48:22 0 0 경기73아1599 3 41 218000011 219000163 24 
2020-12-06T07:49:05 0 0 경기73아1599 3 41 218000011 219000163 24 
2020-12-06T07:49:22 0 0 경기73아1599 3 41 218000011 218000316 25 
2020-12-06T07:50:05 0 0 경기73아1599 3 41 218000011 218000317 26 
2020-12-06T07:50:22 0 0 경기73아1599 3 41 218000011 218000317 26 
2020-12-06T07:51:04 0 0 경기73아1599 3 34 218000011 218000317 26 
2020-12-06T07:51:21 0 0 경기73아1599 3 34 218000011 218000317 26 
2020-12-06T07:52:03 0 0 경기73아1599 3 34 218000011 218000318 27 
2020-12-06T07:52:20 0 0 경기73아1599 3 34 218000011 218000318 27 
2020-12-06T07:53:03 0 0 경기73아1599 3 33 218000011 218000318 27 
2020-12-06T07:53:19 0 0 경기73아1599 3 33 218000011 218000637 28 
2020-12-06T07:54:02 0 0 경기73아1599 3 33 218000011 218000145 29 
2020-12-06T07:54:19 0 0 경기73아1599 3 33 218000011 218000145 29 
2020-12-06T07:55:02 0 0 경기73아1599 3 33 218000011 218000145 29 
2020-12-06T07:55:18 0 0 경기73아1599 3 33 218000011 218000145 29 
2020-12-06T07:56:01 0 0 경기73아1599 3 33 218000011 277103090 30 
2020-12-06T07:56:18 0 0 경기73아1599 3 33 218000011 277103090 30 
2020-12-06T07:57:01 0 0 경기73아1599 3 33 218000011 277103090 30 
2020-12-06T07:57:17 0 0 경기73아1599 3 33 218000011 277103090 30 
2020-12-06T07:58:00 0 0 경기73아1599 3 33 218000011 277103090 30 
2020-12-06T07:58:16 0 0 경기73아1599 3 33 218000011 277103090 30 
2020-12-06T07:59:00 0 0 경기73아1599 3 33 218000011 277103090 30 
2020-12-06T07:59:16 0 0 경기73아1599 3 33 218000011 218000140 31 
2020-12-06T08:00:00 0 0 경기73아1599 3 33 218000011 218000140 31 
2020-12-06T08:00:16 0 0 경기73아1599 3 33 218000011 218000140 31 
2020-12-06T08:00:59 0 0 경기73아1599 3 33 218000011 218000140 31 
2020-12-06T08:01:16 0 0 경기73아1599 3 33 218000011 218000140 31 
2020-12-06T08:01:59 0 0 경기73아1599 3 33 218000011 218000140 31 
2020-12-06T08:02:15 0 0 경기73아1599 3 33 218000011 218000140 31 
2020-12-06T08:02:58 0 0 경기73아1599 3 33 218000011 218000140 31 
2020-12-06T08:03:14 0 0 경기73아1599 3 33 218000011 218000140 31 
2020-12-06T08:03:58 0 0 경기73아1599 3 33 218000011 218000140 31 
2020-12-06T08:04:14 0 0 경기73아1599 3 33 218000011 218000140 31 
2020-12-06T08:04:57 0 0 경기73아1599 3 33 218000011 218000140 31 
2020-12-06T08:05:13 0 0 경기73아1599 3 33 218000011 111000007 32 
2020-12-06T08:05:56 0 0 경기73아1599 3 33 218000011 111000007 32 
2020-12-06T08:06:13 0 0 경기73아1599 3 33 218000011 111000007 32 
2020-12-06T08:06:56 0 0 경기73아1599 3 33 218000011 111000007 32 
2020-12-06T08:07:11 0 0 경기73아1599 3 33 218000011 111000007 32 
2020-12-06T08:07:55 0 0 경기73아1599 3 33 218000011 111000007 32 
2020-12-06T08:08:12 0 0 경기73아1599 3 33 218000011 111000007 32 
2020-12-06T08:08:54 0 0 경기73아1599 3 33 218000011 111000007 32 
2020-12-06T08:09:11 0 0 경기73아1599 3 33 218000011 111000007 32 
2020-12-06T08:09:54 0 0 경기73아1599 3 33 218000011 111000007 32 
2020-12-06T08:10:10 0 0 경기73아1599 3 33 218000011 111000007 32 
2020-12-06T08:10:53 0 0 경기73아1599 3 33 218000011 111000007 32 
2020-12-06T08:11:10 0 0 경기73아1599 3 33 218000011 111000007 32 
2020-12-06T08:11:52 0 0 경기73아1599 3 33 218000011 111000007 32 
2020-12-06T08:12:09 0 0 경기73아1599 3 33 218000011 111000007 32 
2020-12-06T08:12:53 0 0 경기73아1599 3 33 218000011 111000007 32 
2020-12-06T08:13:08 0 0 경기73아1599 3 33 218000011 111000007 32 
2020-12-06T08:13:52 0 0 경기73아1599 3 33 218000011 111000007 32 
2020-12-06T08:14:08 0 0 경기73아1599 3 33 218000011 111000007 32 
2020-12-06T08:14:51 0 0 경기73아1599 3 33 218000011 111000007 32 
2020-12-06T08:15:07 0 0 경기73아1599 3 33 218000011 111000007 32 
2020-12-06T08:15:51 0 0 경기73아1599 3 36 218000011 112000012 33 
2020-12-06T08:16:06 0 0 경기73아1599 3 36 218000011 112000012 33 
2020-12-06T08:16:51 0 0 경기73아1599 3 36 218000011 112000012 33 
2020-12-06T08:17:05 0 0 경기73아1599 3 36 218000011 112000012 33 
2020-12-06T08:17:51 0 0 경기73아1599 3 36 218000011 112000012 33 
2020-12-06T08:18:04 0 0 경기73아1599 3 36 218000011 277101784 34 
2020-12-06T08:18:50 0 0 경기73아1599 3 36 218000011 277101784 34 
2020-12-06T08:19:04 0 0 경기73아1599 3 36 218000011 277101784 34 
2020-12-06T08:19:50 0 0 경기73아1599 3 36 218000011 277101784 34 
2020-12-06T08:20:03 0 0 경기73아1599 3 36 218000011 277101784 34 
2020-12-06T08:20:50 0 0 경기73아1599 3 36 218000011 277103098 35 
2020-12-06T08:21:03 0 0 경기73아1599 3 36 218000011 277103098 35 
2020-12-06T08:21:49 0 0 경기73아1599 3 36 218000011 277103098 35 
2020-12-06T08:22:03 0 0 경기73아1599 3 36 218000011 277103098 35 
2020-12-06T08:22:49 0 0 경기73아1599 3 36 218000011 277103099 36 
2020-12-06T08:23:02 0 0 경기73아1599 3 36 218000011 277103099 36 
2020-12-06T08:23:48 0 0 경기73아1599 3 36 218000011 100000034 37 
2020-12-06T08:24:02 0 0 경기73아1599 3 36 218000011 100000034 37 
2020-12-06T08:24:47 0 0 경기73아1599 3 36 218000011 100000034 37 
2020-12-06T08:25:01 0 0 경기73아1599 3 36 218000011 100000034 37 
2020-12-06T08:25:46 0 0 경기73아1599 3 39 218000011 277104283 38 
2020-12-06T08:26:00 0 0 경기73아1599 3 39 218000011 277104283 38 
2020-12-06T08:26:46 0 0 경기73아1599 3 40 218000011 101000128 39 
2020-12-06T08:27:00 0 0 경기73아1599 3 40 218000011 101000128 39 
2020-12-06T08:27:45 0 0 경기73아1599 3 40 218000011 101000128 39 
2020-12-06T08:27:59 0 0 경기73아1599 3 40 218000011 101000128 39 
2020-12-06T08:28:45 0 0 경기73아1599 3 40 218000011 101000022 40 
2020-12-06T08:28:59 0 0 경기73아1599 3 40 218000011 101000022 40 
2020-12-06T08:29:44 0 0 경기73아1599 3 40 218000011 277101885 41 
2020-12-06T08:29:59 0 0 경기73아1599 3 40 218000011 277101993 42 
2020-12-06T08:30:44 0 0 경기73아1599 3 40 218000011 101000020 43 
2020-12-06T08:30:58 0 0 경기73아1599 3 40 218000011 101000020 43 
2020-12-06T08:31:43 0 0 경기73아1599 3 39 218000011 101000020 43 
2020-12-06T08:31:57 0 0 경기73아1599 3 39 218000011 101000020 43 
2020-12-06T08:32:42 0 0 경기73아1599 3 39 218000011 101000020 43 
2020-12-06T08:32:57 0 0 경기73아1599 3 39 218000011 101000020 43 
2020-12-06T08:33:42 0 0 경기73아1599 3 39 218000011 101000020 43 
2020-12-06T08:33:56 0 0 경기73아1599 3 39 218000011 101000020 43 
2020-12-06T08:34:41 0 0 경기73아1599 3 39 218000011 277102320 44 
2020-12-06T08:34:56 0 0 경기73아1599 3 39 218000011 277102320 44 
2020-12-06T08:35:40 0 0 경기73아1599 3 39 218000011 277102320 44 
2020-12-06T08:35:56 0 0 경기73아1599 3 39 218000011 277102320 44 
2020-12-06T08:36:40 0 0 경기73아1599 3 39 218000011 277102320 44 
2020-12-06T08:36:55 0 0 경기73아1599 3 39 218000011 277102320 44 
2020-12-06T08:37:40 0 0 경기73아1599 3 39 218000011 277104396 45 
2020-12-06T08:37:55 0 0 경기73아1599 3 39 218000011 277104396 45 
2020-12-06T08:38:40 0 0 경기73아1599 3 39 218000011 277104396 45 
2020-12-06T08:38:54 0 0 경기73아1599 3 39 218000011 277104396 45 
2020-12-06T08:39:39 0 0 경기73아1599 3 39 218000011 277104396 45 
2020-12-06T08:39:54 0 0 경기73아1599 3 39 218000011 277104396 45 
2020-12-06T08:40:38 0 0 경기73아1599 3 39 218000011 112000013 46 
2020-12-06T08:40:54 0 0 경기73아1599 3 39 218000011 112000013 46 
2020-12-06T08:41:39 0 0 경기73아1599 3 39 218000011 112000013 46 
2020-12-06T08:41:53 0 0 경기73아1599 3 39 218000011 112000013 46 
2020-12-06T08:42:37 0 0 경기73아1599 3 39 218000011 112000013 46 
2020-12-06T08:42:53 0 0 경기73아1599 3 39 218000011 112000013 46 
2020-12-06T08:43:37 0 0 경기73아1599 3 39 218000011 112000013 46 
2020-12-06T08:43:53 0 0 경기73아1599 3 39 218000011 112000013 46 
2020-12-06T08:44:36 0 0 경기73아1599 3 39 218000011 112000013 46 
2020-12-06T08:44:53 0 0 경기73아1599 3 39 218000011 112000013 46 
2020-12-06T08:45:36 0 0 경기73아1599 3 39 218000011 112000013 46 
2020-12-06T08:45:52 0 0 경기73아1599 3 39 218000011 112000013 46 
2020-12-06T08:46:36 0 0 경기73아1599 3 39 218000011 112000013 46 
2020-12-06T08:46:52 0 0 경기73아1599 3 39 218000011 112000013 46 
2020-12-06T08:47:35 0 0 경기73아1599 3 39 218000011 112000013 46 
2020-12-06T08:47:51 0 0 경기73아1599 3 39 218000011 112000013 46 
2020-12-06T08:48:35 0 0 경기73아1599 3 39 218000011 112000013 46 
2020-12-06T08:48:50 0 0 경기73아1599 3 39 218000011 112000013 46 
2020-12-06T08:49:34 0 0 경기73아1599 3 39 218000011 112000013 46 
2020-12-06T08:49:50 0 0 경기73아1599 3 39 218000011 112000013 46 
2020-12-06T08:50:33 0 0 경기73아1599 3 39 218000011 111000008 47 
2020-12-06T08:50:50 0 0 경기73아1599 3 39 218000011 111000008 47 
2020-12-06T08:51:32 0 0 경기73아1599 3 39 218000011 111000008 47 
2020-12-06T08:51:49 0 0 경기73아1599 3 39 218000011 111000008 47 
2020-12-06T08:52:32 0 0 경기73아1599 3 39 218000011 111000008 47 
2020-12-06T08:52:48 0 0 경기73아1599 3 39 218000011 111000008 47 
2020-12-06T08:53:32 0 0 경기73아1599 3 39 218000011 111000008 47 
2020-12-06T08:53:47 0 0 경기73아1599 3 39 218000011 111000008 47 
2020-12-06T08:54:32 0 0 경기73아1599 3 39 218000011 111000008 47 
2020-12-06T08:54:46 0 0 경기73아1599 3 39 218000011 111000008 47 
2020-12-06T08:55:31 0 0 경기73아1599 3 39 218000011 111000008 47 
2020-12-06T08:55:46 0 0 경기73아1599 3 39 218000011 111000008 47 
2020-12-06T08:56:31 0 0 경기73아1599 3 39 218000011 218000139 48 
2020-12-06T08:56:45 0 0 경기73아1599 3 39 218000011 218000139 48 
2020-12-06T08:57:31 0 0 경기73아1599 3 39 218000011 218000139 48 
2020-12-06T08:57:46 0 0 경기73아1599 3 39 218000011 218000139 48 
2020-12-06T08:58:30 0 0 경기73아1599 3 39 218000011 218000139 48 
2020-12-06T08:58:46 0 0 경기73아1599 3 39 218000011 277103091 49 
2020-12-06T08:59:29 0 0 경기73아1599 3 39 218000011 277103091 49 
2020-12-06T08:59:45 0 0 경기73아1599 3 39 218000011 277103091 49 
2020-12-06T09:00:28 0 0 경기73아1599 3 39 218000011 277103091 49 
2020-12-06T09:00:44 0 0 경기73아1599 3 39 218000011 277103091 49 
2020-12-06T09:01:28 0 0 경기73아1599 3 39 218000011 277103091 49 
2020-12-06T09:01:43 0 0 경기73아1599 3 39 218000011 277103091 49 
2020-12-06T09:02:28 0 0 경기73아1599 3 39 218000011 277103091 49 
2020-12-06T09:02:42 0 0 경기73아1599 3 39 218000011 277103091 49 
2020-12-06T09:03:27 0 0 경기73아1599 3 40 218000011 218000134 50 
2020-12-06T09:03:42 0 0 경기73아1599 3 40 218000011 218000134 50 
2020-12-06T09:04:26 0 0 경기73아1599 3 40 218000011 218000134 50 
2020-12-06T09:04:41 0 0 경기73아1599 3 40 218000011 218000134 50 
2020-12-06T09:05:25 0 0 경기73아1599 3 40 218000011 218000134 50 
2020-12-06T09:05:41 0 0 경기73아1599 3 40 218000011 218000636 51 
2020-12-06T09:06:25 0 0 경기73아1599 3 40 218000011 218000636 51 
2020-12-06T09:06:41 0 0 경기73아1599 3 40 218000011 218000636 51 
2020-12-06T09:07:24 0 0 경기73아1599 3 40 218000011 218000636 51 
2020-12-06T09:07:40 0 0 경기73아1599 3 40 218000011 218000636 51 
2020-12-06T09:08:24 0 0 경기73아1599 3 40 218000011 218000078 52 
2020-12-06T09:08:39 0 0 경기73아1599 3 40 218000011 218000078 52 
2020-12-06T09:09:24 0 0 경기73아1599 3 40 218000011 218000319 53 
2020-12-06T09:09:38 0 0 경기73아1599 3 40 218000011 218000319 53 
2020-12-06T09:10:23 0 0 경기73아1599 3 40 218000011 218000319 53 
2020-12-06T09:10:38 0 0 경기73아1599 3 40 218000011 218000320 54 
2020-12-06T09:11:23 0 0 경기73아1599 3 38 218000011 218000320 54 
2020-12-06T09:11:37 0 0 경기73아1599 3 38 218000011 218000320 54 
2020-12-06T09:12:23 0 0 경기73아1599 3 38 218000011 218000320 54 
2020-12-06T09:12:37 0 0 경기73아1599 3 38 218000011 218000320 54 
2020-12-06T09:13:23 0 0 경기73아1599 3 38 218000011 218000320 54 
2020-12-06T09:13:37 0 0 경기73아1599 3 38 218000011 218000320 54 
2020-12-06T09:14:23 0 0 경기73아1599 3 38 218000011 218000320 54 
2020-12-06T09:14:37 0 0 경기73아1599 3 38 218000011 218000320 54 
2020-12-06T09:15:22 0 0 경기73아1599 3 38 218000011 218000320 54 
2020-12-06T09:15:37 0 0 경기73아1599 3 38 218000011 218000320 54 
2020-12-06T09:16:22 0 0 경기73아1599 3 38 218000011 219000386 55 
2020-12-06T09:16:36 0 0 경기73아1599 3 38 218000011 219000386 55 
2020-12-06T09:17:21 0 0 경기73아1599 3 38 218000011 219000386 55 
2020-12-06T09:17:35 0 0 경기73아1599 3 38 218000011 219000386 55 
2020-12-06T09:18:21 0 0 경기73아1599 3 38 218000011 219000386 55 
2020-12-06T09:18:36 0 0 경기73아1599 3 38 218000011 219000386 55 
2020-12-06T09:19:20 0 0 경기73아1599 3 38 218000011 219000385 56 
2020-12-06T09:19:35 0 0 경기73아1599 3 38 218000011 219000385 56 
2020-12-06T09:20:19 0 0 경기73아1599 3 38 218000011 219000385 56 
2020-12-06T09:20:34 0 0 경기73아1599 3 38 218000011 219000385 56 
2020-12-06T09:21:19 0 0 경기73아1599 3 38 218000011 219000385 56 
2020-12-06T09:21:34 0 0 경기73아1599 3 38 218000011 219000385 56 
2020-12-06T09:22:17 0 0 경기73아1599 3 38 218000011 219000383 57 
2020-12-06T09:22:33 0 0 경기73아1599 3 38 218000011 219000383 57 
2020-12-06T09:23:17 0 0 경기73아1599 3 38 218000011 219000383 57 
2020-12-06T09:23:33 0 0 경기73아1599 3 38 218000011 219000383 57 
2020-12-06T09:24:16 0 0 경기73아1599 3 37 218000011 219000191 58 
2020-12-06T09:24:32 0 0 경기73아1599 3 37 218000011 219000191 58 
2020-12-06T09:25:15 0 0 경기73아1599 3 37 218000011 219000191 58 
2020-12-06T09:25:32 0 0 경기73아1599 3 37 218000011 219000191 58 
2020-12-06T09:26:14 0 0 경기73아1599 3 37 218000011 219000130 59 
2020-12-06T09:26:31 0 0 경기73아1599 3 37 218000011 219000130 59 
2020-12-06T09:27:14 0 0 경기73아1599 3 37 218000011 219000190 60 
2020-12-06T09:27:30 0 0 경기73아1599 3 37 218000011 219000190 60 
2020-12-06T09:28:14 0 0 경기73아1599 3 37 218000011 219000190 60 
2020-12-06T09:28:30 0 0 경기73아1599 3 37 218000011 219000190 60 
2020-12-06T09:29:14 0 0 경기73아1599 3 37 218000011 219000190 60 
2020-12-06T09:29:30 0 0 경기73아1599 3 37 218000011 219000190 60 
2020-12-06T09:30:14 0 0 경기73아1599 3 37 218000011 219000129 62 
2020-12-06T09:30:29 0 0 경기73아1599 3 37 218000011 219000129 62 
2020-12-06T09:31:14 0 0 경기73아1599 3 37 218000011 219000129 62 
2020-12-06T09:31:29 0 0 경기73아1599 3 37 218000011 219000129 62 
2020-12-06T09:32:13 0 0 경기73아1599 3 37 218000011 219000129 62 
2020-12-06T09:32:28 0 0 경기73아1599 3 37 218000011 219000129 62 
2020-12-06T09:33:13 0 0 경기73아1599 3 38 218000011 219000623 63 
2020-12-06T09:33:27 0 0 경기73아1599 3 38 218000011 219000623 63 
2020-12-06T09:34:13 0 0 경기73아1599 3 39 218000011 219000623 63 
2020-12-06T09:34:27 0 0 경기73아1599 3 39 218000011 219000623 63 
2020-12-06T09:35:12 0 0 경기73아1599 3 39 218000011 219000623 63 
2020-12-06T09:35:26 0 0 경기73아1599 3 39 218000011 219000623 63 
2020-12-06T09:36:11 0 0 경기73아1599 3 39 218000011 219001155 64 
2020-12-06T09:36:25 0 0 경기73아1599 3 39 218000011 219001155 64 
2020-12-06T09:37:11 0 0 경기73아1599 3 39 218000011 219001155 64 
2020-12-06T09:37:24 0 0 경기73아1599 3 39 218000011 219001155 64 
2020-12-06T09:38:10 0 0 경기73아1599 3 40 218000011 219001155 64 
2020-12-06T09:38:24 0 0 경기73아1599 3 40 218000011 219000674 65 
2020-12-06T09:39:09 0 0 경기73아1599 3 40 218000011 219000674 65 
2020-12-06T09:39:23 0 0 경기73아1599 3 40 218000011 219000674 65 
2020-12-06T09:40:09 0 0 경기73아1599 3 40 218000011 219000119 66 
2020-12-06T09:40:23 0 0 경기73아1599 3 40 218000011 219000119 66 
2020-12-06T09:41:08 0 0 경기73아1599 3 40 218000011 219000119 66 
2020-12-06T09:41:23 0 0 경기73아1599 3 40 218000011 219000451 67 
2020-12-06T09:42:08 0 0 경기73아1599 3 40 218000011 219000451 67 
2020-12-06T09:42:23 0 0 경기73아1599 3 40 218000011 219000451 67 
2020-12-06T09:43:07 0 0 경기73아1599 3 40 218000011 219001152 68 
2020-12-06T09:43:22 0 0 경기73아1599 3 40 218000011 219001152 68 
2020-12-06T09:44:07 0 0 경기73아1599 3 40 218000011 219001152 68 
2020-12-06T09:44:21 0 0 경기73아1599 3 40 218000011 219001152 68 
2020-12-06T09:45:07 0 0 경기73아1599 3 40 218000011 219001152 68 
2020-12-06T09:45:20 0 0 경기73아1599 3 40 218000011 219001152 68 
2020-12-06T09:46:06 0 0 경기73아1599 3 40 218000011 219001152 68 
2020-12-06T09:46:21 0 0 경기73아1599 3 40 218000011 219001152 68 
2020-12-06T09:47:05 0 0 경기73아1599 3 40 218000011 219001152 68 
2020-12-06T09:47:19 0 0 경기73아1599 3 40 218000011 219001152 68 
2020-12-06T09:48:06 0 0 경기73아1599 3 40 218000011 219000425 69 
2020-12-06T09:48:19 0 0 경기73아1599 3 40 218000011 219000425 69 
2020-12-06T09:49:04 0 0 경기73아1599 3 40 218000011 219000424 70 
2020-12-06T09:49:18 0 0 경기73아1599 3 40 218000011 219000424 70 
2020-12-06T09:50:04 0 0 경기73아1599 3 40 218000011 219000441 72 
2020-12-06T09:50:17 0 0 경기73아1599 3 40 218000011 219000441 72 
2020-12-06T09:51:04 0 0 경기73아1599 3 40 218000011 219000445 74 
2020-12-06T09:51:17 0 0 경기73아1599 3 40 218000011 219000445 74 
2020-12-06T09:52:04 0 0 경기73아1599 3 40 218000011 219000445 74 
2020-12-06T09:52:16 0 0 경기73아1599 3 40 218000011 219000445 74 
2020-12-06T09:53:03 0 0 경기73아1599 3 40 218000011 219000445 74 
2020-12-06T09:53:16 0 0 경기73아1599 3 40 218000011 219000445 74 
2020-12-06T09:54:02 0 0 경기73아1599 3 40 218000011 219000445 74 
2020-12-06T09:54:15 0 0 경기73아1599 3 40 218000011 219000445 74 
2020-12-06T09:55:02 0 0 경기73아1599 3 40 218000011 219000445 74 
2020-12-06T09:55:14 0 0 경기73아1599 3 40 218000011 219000445 74 
2020-12-06T09:56:02 0 0 경기73아1599 3 40 218000011 219000645 75 
2020-12-06T09:56:14 0 0 경기73아1599 3 40 218000011 219000645 75 
2020-12-06T09:57:01 0 0 경기73아1599 3 40 218000011 219000645 75 
2020-12-06T09:57:14 0 0 경기73아1599 3 40 218000011 219000645 75 
2020-12-06T09:58:01 0 0 경기73아1599 3 40 218000011 219000645 75 
2020-12-06T09:58:13 0 0 경기73아1599 3 40 218000011 219000645 75 
2020-12-06T09:59:01 0 0 경기73아1599 3 40 218000011 219000645 75 
2020-12-06T09:59:12 0 0 경기73아1599 3 40 218000011 219000645 75 
2020-12-06T10:00:00 0 0 경기73아1599 3 40 218000011 219000645 75 
2020-12-06T10:00:12 0 0 경기73아1599 3 40 218000011 219000645 75 
2020-12-06T10:00:59 0 0 경기73아1599 3 40 218000011 219000645 75 
2020-12-06T10:01:11 0 0 경기73아1599 3 40 218000011 219000645 75 
2020-12-06T10:01:59 0 0 경기73아1599 3 40 218000011 219000645 75 
2020-12-06T10:02:10 0 0 경기73아1599 3 40 218000011 219000645 75 
2020-12-06T10:02:59 0 0 경기73아1599 3 40 218000011 219000645 75 
2020-12-06T10:03:10 0 0 경기73아1599 3 40 218000011 219000645 75 
2020-12-06T10:03:59 0 0 경기73아1599 3 40 218000011 219000645 75 
2020-12-06T10:04:09 0 0 경기73아1599 3 40 218000011 219000645 75 
2020-12-06T10:04:58 0 0 경기73아1599 3 40 218000011 219000645 75 
2020-12-06T10:05:08 0 0 경기73아1599 3 40 218000011 219000645 75 
2020-12-06T10:05:57 0 0 경기73아1599 3 40 218000011 219000645 75 
2020-12-06T10:06:08 0 0 경기73아1599 3 40 218000011 219000645 75 
2020-12-06T10:06:57 0 0 경기73아1599 3 40 218000011 219000645 75 
2020-12-06T10:07:08 0 0 경기73아1599 3 40 218000011 219000645 75 
2020-12-06T10:07:56 0 0 경기73아1599 3 40 218000011 219000645 75 
2020-12-06T10:08:07 0 0 경기73아1599 3 40 218000011 219000645 75 
2020-12-06T10:08:56 0 0 경기73아1599 3 40 218000011 219000645 75 
2020-12-06T10:09:06 0 0 경기73아1599 3 40 218000011 219000645 75 
2020-12-06T10:09:55 0 0 경기73아1599 3 40 218000011 219000645 75 
2020-12-06T10:10:05 0 0 경기73아1599 3 40 218000011 219000645 75 
2020-12-06T10:10:54 0 0 경기73아1599 3 40 218000011 219000645 75 
2020-12-06T10:53:36 0 0 경기73아1599 3 41 218000011 219000644 1 
2020-12-06T10:53:47 0 0 경기73아1599 3 41 218000011 219000644 1 
2020-12-06T10:54:36 0 0 경기73아1599 3 41 218000011 219000644 1 
2020-12-06T10:54:46 0 0 경기73아1599 3 41 218000011 219000644 1 
2020-12-06T10:55:35 0 0 경기73아1599 3 41 218000011 277102634 2 
2020-12-06T10:55:46 0 0 경기73아1599 3 41 218000011 277102634 2 
2020-12-06T10:56:35 0 0 경기73아1599 3 41 218000011 277102634 2 
2020-12-06T10:56:45 0 0 경기73아1599 3 41 218000011 277102634 2 
2020-12-06T10:57:35 0 0 경기73아1599 3 41 218000011 219000565 4 
2020-12-06T10:57:44 0 0 경기73아1599 3 41 218000011 219000565 4 
2020-12-06T10:58:34 0 0 경기73아1599 3 41 218000011 219000573 5 
2020-12-06T10:58:45 0 0 경기73아1599 3 41 218000011 219000440 6 
2020-12-06T10:59:34 0 0 경기73아1599 3 41 218000011 219000443 7 
2020-12-06T10:59:44 0 0 경기73아1599 3 41 218000011 219000443 7 
2020-12-06T11:00:33 0 0 경기73아1599 3 41 218000011 219000443 7 
2020-12-06T11:00:44 0 0 경기73아1599 3 41 218000011 219000435 8 
2020-12-06T11:01:33 0 0 경기73아1599 3 41 218000011 219000435 8 
2020-12-06T11:01:43 0 0 경기73아1599 3 41 218000011 219000434 9 
2020-12-06T11:02:32 0 0 경기73아1599 3 41 218000011 219000434 9 
2020-12-06T11:02:43 0 0 경기73아1599 3 41 218000011 219000434 9 
2020-12-06T11:03:32 0 0 경기73아1599 3 41 218000011 219000434 9 
2020-12-06T11:03:42 0 0 경기73아1599 3 41 218000011 219000434 9 
2020-12-06T11:04:31 0 0 경기73아1599 3 41 218000011 219001153 10 
2020-12-06T11:04:42 0 0 경기73아1599 3 41 218000011 219000450 11 
2020-12-06T11:05:30 0 0 경기73아1599 3 41 218000011 219000450 11 
2020-12-06T11:05:41 0 0 경기73아1599 3 41 218000011 219000343 12 
2020-12-06T11:06:30 0 0 경기73아1599 3 39 218000011 219000343 12 
2020-12-06T11:06:41 0 0 경기73아1599 3 39 218000011 219000343 12 
2020-12-06T11:07:29 0 0 경기73아1599 3 39 218000011 219000343 12 
2020-12-06T11:07:41 0 0 경기73아1599 3 39 218000011 219000343 12 
2020-12-06T11:08:29 0 0 경기73아1599 3 39 218000011 219000343 12 
2020-12-06T11:08:41 0 0 경기73아1599 3 39 218000011 219000673 13 
2020-12-06T11:09:29 0 0 경기73아1599 3 39 218000011 219000673 13 
2020-12-06T11:09:40 0 0 경기73아1599 3 39 218000011 219000673 13 
2020-12-06T11:10:28 0 0 경기73아1599 3 39 218000011 219000673 13 
2020-12-06T11:10:41 0 0 경기73아1599 3 39 218000011 219000673 13 
2020-12-06T11:11:28 0 0 경기73아1599 3 39 218000011 219001172 14 
2020-12-06T11:11:40 0 0 경기73아1599 3 38 218000011 219001172 14 
2020-12-06T11:12:27 0 0 경기73아1599 3 38 218000011 219001172 14 
2020-12-06T11:12:39 0 0 경기73아1599 3 38 218000011 219001172 14 
2020-12-06T11:13:27 0 0 경기73아1599 3 38 218000011 219001172 14 
2020-12-06T11:13:38 0 0 경기73아1599 3 38 218000011 219001172 14 
2020-12-06T11:14:27 0 0 경기73아1599 3 38 218000011 219001172 14 
2020-12-06T11:14:39 0 0 경기73아1599 3 38 218000011 219000999 15 
2020-12-06T11:15:27 0 0 경기73아1599 3 38 218000011 219000999 15 
2020-12-06T11:15:38 0 0 경기73아1599 3 38 218000011 219000627 16 
2020-12-06T11:16:26 0 0 경기73아1599 3 38 218000011 219000627 16 
2020-12-06T11:16:39 0 0 경기73아1599 3 38 218000011 219000627 16 
2020-12-06T11:17:26 0 0 경기73아1599 3 38 218000011 219000627 16 
2020-12-06T11:17:37 0 0 경기73아1599 3 38 218000011 219000627 16 
2020-12-06T11:18:26 0 0 경기73아1599 3 38 218000011 219000627 16 
2020-12-06T11:18:37 0 0 경기73아1599 3 38 218000011 219000363 17 
2020-12-06T11:19:25 0 0 경기73아1599 3 37 218000011 219000192 18 
2020-12-06T11:19:37 0 0 경기73아1599 3 37 218000011 219000192 18 
2020-12-06T11:20:25 0 0 경기73아1599 3 35 218000011 219000192 18 
2020-12-06T11:20:37 0 0 경기73아1599 3 35 218000011 219000192 18 
2020-12-06T11:21:25 0 0 경기73아1599 3 35 218000011 219000192 18 
2020-12-06T11:21:37 0 0 경기73아1599 3 35 218000011 219000192 18 
2020-12-06T11:22:24 0 0 경기73아1599 3 35 218000011 219000131 19 
2020-12-06T11:22:37 0 0 경기73아1599 3 35 218000011 219000131 19 
2020-12-06T11:23:24 0 0 경기73아1599 3 35 218000011 219000131 19 
2020-12-06T11:23:36 0 0 경기73아1599 3 35 218000011 219000131 19 
2020-12-06T11:24:23 0 0 경기73아1599 3 35 218000011 219000131 19 
2020-12-06T11:24:36 0 0 경기73아1599 3 35 218000011 219000131 19 
2020-12-06T11:25:23 0 0 경기73아1599 3 35 218000011 219000356 20 
2020-12-06T11:25:36 0 0 경기73아1599 3 35 218000011 219000356 20 
2020-12-06T11:26:23 0 0 경기73아1599 3 35 218000011 219000356 20 
2020-12-06T11:26:35 0 0 경기73아1599 3 35 218000011 219000356 20 
2020-12-06T11:27:23 0 0 경기73아1599 3 35 218000011 219000370 21 
2020-12-06T11:27:34 0 0 경기73아1599 3 35 218000011 219000370 21 
2020-12-06T11:28:22 0 0 경기73아1599 3 35 218000011 219000370 21 
2020-12-06T11:28:33 0 0 경기73아1599 3 35 218000011 219000370 21 
2020-12-06T11:29:22 0 0 경기73아1599 3 35 218000011 219000370 21 
2020-12-06T11:29:33 0 0 경기73아1599 3 35 218000011 219000370 21 
2020-12-06T11:30:21 0 0 경기73아1599 3 35 218000011 219000454 22 
2020-12-06T11:30:32 0 0 경기73아1599 3 35 218000011 219000454 22 
2020-12-06T11:31:21 0 0 경기73아1599 3 35 218000011 219000454 22 
2020-12-06T11:31:32 0 0 경기73아1599 3 35 218000011 219000454 22 
2020-12-06T11:32:21 0 0 경기73아1599 3 34 218000011 219000368 23 
2020-12-06T11:32:31 0 0 경기73아1599 3 34 218000011 219000368 23 
2020-12-06T11:33:21 0 0 경기73아1599 3 34 218000011 219000368 23 
2020-12-06T11:33:31 0 0 경기73아1599 3 34 218000011 219000368 23 
2020-12-06T11:34:21 0 0 경기73아1599 3 34 218000011 219000368 23 
2020-12-06T11:34:31 0 0 경기73아1599 3 34 218000011 219000368 23 
2020-12-06T11:35:20 0 0 경기73아1599 3 34 218000011 219000163 24 
2020-12-06T11:35:30 0 0 경기73아1599 3 34 218000011 219000163 24 
2020-12-06T11:36:19 0 0 경기73아1599 3 34 218000011 219000163 24 
2020-12-06T11:36:30 0 0 경기73아1599 3 34 218000011 219000163 24 
2020-12-06T11:37:19 0 0 경기73아1599 3 34 218000011 219000163 24 
2020-12-06T11:37:30 0 0 경기73아1599 3 34 218000011 219000163 24 
2020-12-06T11:38:18 0 0 경기73아1599 3 34 218000011 219000163 24 
2020-12-06T11:38:30 0 0 경기73아1599 3 34 218000011 219000163 24 
2020-12-06T11:39:17 0 0 경기73아1599 3 34 218000011 219000163 24 
2020-12-06T11:39:30 0 0 경기73아1599 3 34 218000011 219000163 24 
2020-12-06T11:40:16 0 0 경기73아1599 3 34 218000011 219000163 24 
2020-12-06T11:40:29 0 0 경기73아1599 3 34 218000011 219000163 24 
2020-12-06T11:41:15 0 0 경기73아1599 3 34 218000011 218000316 25 
2020-12-06T11:41:29 0 0 경기73아1599 3 34 218000011 218000316 25 
2020-12-06T11:42:15 0 0 경기73아1599 3 33 218000011 218000317 26 
2020-12-06T11:42:29 0 0 경기73아1599 3 33 218000011 218000317 26 
2020-12-06T11:43:14 0 0 경기73아1599 3 32 218000011 218000317 26 
2020-12-06T11:43:29 0 0 경기73아1599 3 32 218000011 218000317 26 
2020-12-06T11:44:14 0 0 경기73아1599 3 32 218000011 218000318 27 
2020-12-06T11:44:28 0 0 경기73아1599 3 32 218000011 218000318 27 
2020-12-06T11:45:14 0 0 경기73아1599 3 32 218000011 218000637 28 
2020-12-06T11:46:13 0 0 경기73아1599 3 32 218000011 218000637 28 
2020-12-06T11:47:13 0 0 경기73아1599 3 32 218000011 218000637 28 
2020-12-06T11:48:12 0 0 경기73아1599 3 32 218000011 218000145 29 
2020-12-06T11:49:11 0 0 경기73아1599 3 32 218000011 218000145 29 
2020-12-06T11:50:11 0 0 경기73아1599 3 32 218000011 218000145 29 
2020-12-06T11:51:11 0 0 경기73아1599 3 32 218000011 277103090 30 
2020-12-06T11:52:10 0 0 경기73아1599 3 32 218000011 218000140 31 
2020-12-06T11:53:09 0 0 경기73아1599 3 32 218000011 218000140 31 
2020-12-06T11:54:09 0 0 경기73아1599 3 32 218000011 218000140 31 
2020-12-06T11:55:08 0 0 경기73아1599 3 32 218000011 218000140 31 
2020-12-06T11:56:08 0 0 경기73아1599 3 32 218000011 218000140 31 
2020-12-06T11:57:07 0 0 경기73아1599 3 32 218000011 218000140 31 
2020-12-06T11:58:06 0 0 경기73아1599 3 32 218000011 218000140 31 
2020-12-06T11:59:05 0 0 경기73아1599 3 32 218000011 111000007 32 
2020-12-06T12:00:05 0 0 경기73아1599 3 32 218000011 111000007 32 
2020-12-06T12:01:05 0 0 경기73아1599 3 32 218000011 111000007 32 
2020-12-06T12:02:05 0 0 경기73아1599 3 32 218000011 111000007 32 
2020-12-06T12:03:04 0 0 경기73아1599 3 32 218000011 111000007 32 
2020-12-06T12:04:04 0 0 경기73아1599 3 32 218000011 111000007 32 
2020-12-06T12:05:03 0 0 경기73아1599 3 32 218000011 111000007 32 
2020-12-06T12:06:03 0 0 경기73아1599 3 32 218000011 111000007 32 
2020-12-06T12:07:03 0 0 경기73아1599 3 32 218000011 111000007 32 
2020-12-06T12:08:03 0 0 경기73아1599 3 32 218000011 111000007 32 
2020-12-06T12:09:02 0 0 경기73아1599 3 32 218000011 111000007 32 
2020-12-06T12:10:02 0 0 경기73아1599 3 32 218000011 111000007 32 
2020-12-06T12:11:02 0 0 경기73아1599 3 32 218000011 111000007 32 
2020-12-06T12:12:01 0 0 경기73아1599 3 32 218000011 112000012 33 
2020-12-06T12:13:00 0 0 경기73아1599 3 32 218000011 277101784 34 
2020-12-06T12:14:00 0 0 경기73아1599 3 32 218000011 277101784 34 
2020-12-06T12:14:59 0 0 경기73아1599 3 32 218000011 277101784 34 
2020-12-06T12:15:59 0 0 경기73아1599 3 32 218000011 277103098 35 
2020-12-06T12:16:58 0 0 경기73아1599 3 32 218000011 277103099 36 
2020-12-06T12:17:58 0 0 경기73아1599 3 32 218000011 277103099 36 
2020-12-06T12:18:58 0 0 경기73아1599 3 33 218000011 100000034 37 
2020-12-06T12:19:57 0 0 경기73아1599 3 33 218000011 100000034 37 
2020-12-06T12:20:57 0 0 경기73아1599 3 35 218000011 277104283 38 
2020-12-06T12:21:57 0 0 경기73아1599 3 37 218000011 101000128 39 
2020-12-06T12:22:56 0 0 경기73아1599 3 39 218000011 101000022 40 
2020-12-06T12:23:56 0 0 경기73아1599 3 39 218000011 277101885 41 
2020-12-06T12:24:56 0 0 경기73아1599 3 39 218000011 277101885 41 
2020-12-06T12:25:56 0 0 경기73아1599 3 39 218000011 277101993 42 
2020-12-06T12:26:55 0 0 경기73아1599 3 39 218000011 101000020 43 
2020-12-06T12:27:55 0 0 경기73아1599 3 39 218000011 101000020 43 
2020-12-06T12:28:55 0 0 경기73아1599 3 39 218000011 101000020 43 
2020-12-06T12:29:55 0 0 경기73아1599 3 39 218000011 277102320 44 
2020-12-06T12:30:55 0 0 경기73아1599 3 39 218000011 277102320 44 
2020-12-06T12:31:54 0 0 경기73아1599 3 39 218000011 277102320 44 
2020-12-06T12:32:54 0 0 경기73아1599 3 39 218000011 277104396 45 
2020-12-06T12:33:54 0 0 경기73아1599 3 39 218000011 277104396 45 
2020-12-06T12:34:54 0 0 경기73아1599 3 39 218000011 277104396 45 
2020-12-06T12:35:53 0 0 경기73아1599 3 38 218000011 112000013 46 
2020-12-06T12:36:53 0 0 경기73아1599 3 38 218000011 112000013 46 
2020-12-06T12:37:53 0 0 경기73아1599 3 38 218000011 112000013 46 
2020-12-06T12:38:53 0 0 경기73아1599 3 38 218000011 112000013 46 
2020-12-06T12:39:53 0 0 경기73아1599 3 38 218000011 112000013 46 
2020-12-06T12:40:53 0 0 경기73아1599 3 38 218000011 112000013 46 
2020-12-06T12:41:53 0 0 경기73아1599 3 38 218000011 112000013 46 
2020-12-06T12:42:52 0 0 경기73아1599 3 38 218000011 112000013 46 
2020-12-06T12:43:52 0 0 경기73아1599 3 38 218000011 111000008 47 
2020-12-06T12:44:51 0 0 경기73아1599 3 38 218000011 111000008 47 
2020-12-06T12:45:51 0 0 경기73아1599 3 38 218000011 111000008 47 
2020-12-06T12:46:51 0 0 경기73아1599 3 38 218000011 111000008 47 
2020-12-06T12:47:51 0 0 경기73아1599 3 38 218000011 111000008 47 
2020-12-06T12:48:50 0 0 경기73아1599 3 38 218000011 111000008 47 
2020-12-06T12:49:50 0 0 경기73아1599 3 38 218000011 111000008 47 
2020-12-06T12:50:50 0 0 경기73아1599 3 38 218000011 218000139 48 
2020-12-06T12:51:50 0 0 경기73아1599 3 38 218000011 218000139 48 
2020-12-06T12:52:49 0 0 경기73아1599 3 38 218000011 277103091 49 
2020-12-06T12:53:49 0 0 경기73아1599 3 38 218000011 277103091 49 
2020-12-06T12:54:48 0 0 경기73아1599 3 38 218000011 277103091 49 
2020-12-06T12:55:47 0 0 경기73아1599 3 38 218000011 218000134 50 
2020-12-06T12:56:47 0 0 경기73아1599 3 38 218000011 218000636 51 
2020-12-06T12:57:46 0 0 경기73아1599 3 38 218000011 218000078 52 
2020-12-06T12:58:45 0 0 경기73아1599 3 38 218000011 218000078 52 
2020-12-06T12:59:45 0 0 경기73아1599 3 38 218000011 218000319 53 
2020-12-06T13:00:44 0 0 경기73아1599 3 39 218000011 218000319 53 
2020-12-06T13:01:44 0 0 경기73아1599 3 39 218000011 218000320 54 
2020-12-06T13:02:44 0 0 경기73아1599 3 39 218000011 218000320 54 
2020-12-06T13:03:44 0 0 경기73아1599 3 39 218000011 218000320 54 
2020-12-06T13:04:44 0 0 경기73아1599 3 39 218000011 218000320 54 
2020-12-06T13:05:43 0 0 경기73아1599 3 40 218000011 218000320 54 
2020-12-06T13:06:43 0 0 경기73아1599 3 40 218000011 219000386 55 
2020-12-06T13:07:43 0 0 경기73아1599 3 40 218000011 219000386 55 
2020-12-06T13:08:42 0 0 경기73아1599 3 40 218000011 219000385 56 
2020-12-06T13:09:42 0 0 경기73아1599 3 40 218000011 219000385 56 
2020-12-06T13:10:41 0 0 경기73아1599 3 40 218000011 219000385 56 
2020-12-06T13:11:41 0 0 경기73아1599 3 40 218000011 219000383 57 
2020-12-06T13:12:41 0 0 경기73아1599 3 40 218000011 219000383 57 
2020-12-06T13:13:41 0 0 경기73아1599 3 40 218000011 219000383 57 
2020-12-06T13:14:40 0 0 경기73아1599 3 40 218000011 219000191 58 
2020-12-06T13:15:39 0 0 경기73아1599 3 40 218000011 219000191 58 
2020-12-06T13:16:39 0 0 경기73아1599 3 40 218000011 219000130 59 
2020-12-06T13:17:38 0 0 경기73아1599 3 40 218000011 219000130 59 
2020-12-06T13:18:38 0 0 경기73아1599 3 40 218000011 219000130 59 
2020-12-06T13:19:38 0 0 경기73아1599 3 40 218000011 219000190 60 
2020-12-06T13:20:37 0 0 경기73아1599 3 40 218000011 219000190 60 
2020-12-06T13:21:37 0 0 경기73아1599 3 41 218000011 219000189 61 
2020-12-06T13:22:37 0 0 경기73아1599 3 41 218000011 219000189 61 
2020-12-06T13:23:37 0 0 경기73아1599 3 41 218000011 219000189 61 
2020-12-06T13:24:37 0 0 경기73아1599 3 41 218000011 219000129 62 
2020-12-06T13:25:37 0 0 경기73아1599 3 41 218000011 219000623 63 
2020-12-06T13:26:37 0 0 경기73아1599 3 41 218000011 219000623 63 
2020-12-06T13:27:36 0 0 경기73아1599 3 41 218000011 219001155 64 
2020-12-06T13:28:35 0 0 경기73아1599 3 41 218000011 219000674 65 
2020-12-06T13:29:35 0 0 경기73아1599 3 41 218000011 219000119 66 
2020-12-06T13:30:35 0 0 경기73아1599 3 41 218000011 219000119 66 
2020-12-06T13:31:35 0 0 경기73아1599 3 41 218000011 219001152 68 
2020-12-06T13:32:35 0 0 경기73아1599 3 41 218000011 219001152 68 
2020-12-06T13:33:34 0 0 경기73아1599 3 41 218000011 219001152 68 
2020-12-06T13:34:33 0 0 경기73아1599 3 41 218000011 219000425 69 
2020-12-06T13:35:33 0 0 경기73아1599 3 41 218000011 219000424 70 
2020-12-06T13:36:33 0 0 경기73아1599 3 41 218000011 219000442 71 
2020-12-06T13:37:33 0 0 경기73아1599 3 41 218000011 219000445 74 
2020-12-06T13:38:33 0 0 경기73아1599 3 41 218000011 219000445 74 
2020-12-06T13:39:32 0 0 경기73아1599 3 41 218000011 219000445 74 
2020-12-06T13:40:31 0 0 경기73아1599 3 41 218000011 219000445 74 
2020-12-06T13:41:31 0 0 경기73아1599 3 41 218000011 219000445 74 
2020-12-06T13:42:31 0 0 경기73아1599 3 41 218000011 219000445 74 
2020-12-06T13:43:31 0 0 경기73아1599 3 41 218000011 219000645 75 
2020-12-06T13:44:30 0 0 경기73아1599 3 41 218000011 219000645 75 
2020-12-06T13:45:29 0 0 경기73아1599 3 41 218000011 219000645 75 
2020-12-06T13:46:29 0 0 경기73아1599 3 41 218000011 219000645 75 
2020-12-06T13:47:29 0 0 경기73아1599 3 41 218000011 219000645 75 
2020-12-06T13:48:28 0 0 경기73아1599 3 41 218000011 219000645 75 
2020-12-06T13:49:28 0 0 경기73아1599 3 41 218000011 219000645 75 
2020-12-06T13:50:27 0 0 경기73아1599 3 41 218000011 219000645 75 
2020-12-06T13:51:27 0 0 경기73아1599 3 41 218000011 219000645 75 
2020-12-06T13:52:27 0 0 경기73아1599 3 41 218000011 219000645 75 
2020-12-06T13:53:26 0 0 경기73아1599 3 41 218000011 219000645 75 
2020-12-06T13:54:26 0 0 경기73아1599 3 41 218000011 219000645 75 
2020-12-06T13:55:26 0 0 경기73아1599 3 41 218000011 219000645 75 
2020-12-06T13:56:26 0 0 경기73아1599 3 41 218000011 219000645 75 
2020-12-06T13:57:25 0 0 경기73아1599 3 41 218000011 219000645 75 
2020-12-06T14:42:20 0 0 경기73아1599 3 41 218000011 219000644 1 
2020-12-06T14:43:19 0 0 경기73아1599 3 41 218000011 219000644 1 
2020-12-06T14:44:19 0 0 경기73아1599 3 41 218000011 277102634 2 
2020-12-06T14:45:19 0 0 경기73아1599 3 41 218000011 219000752 3 
2020-12-06T14:46:19 0 0 경기73아1599 3 41 218000011 219000565 4 
2020-12-06T14:47:19 0 0 경기73아1599 3 41 218000011 219000443 7 
2020-12-06T14:48:18 0 0 경기73아1599 3 41 218000011 219000443 7 
2020-12-06T14:49:18 0 0 경기73아1599 3 41 218000011 219000435 8 
2020-12-06T14:50:18 0 0 경기73아1599 3 41 218000011 219000434 9 
2020-12-06T14:51:17 0 0 경기73아1599 3 41 218000011 219000434 9 
2020-12-06T14:52:16 0 0 경기73아1599 3 41 218000011 219000434 9 
2020-12-06T14:53:16 0 0 경기73아1599 3 41 218000011 219000434 9 
2020-12-06T14:54:16 0 0 경기73아1599 3 41 218000011 219000434 9 
2020-12-06T14:55:15 0 0 경기73아1599 3 41 218000011 219000434 9 
2020-12-06T14:56:15 0 0 경기73아1599 3 41 218000011 219000450 11 
2020-12-06T14:57:15 0 0 경기73아1599 3 41 218000011 219000450 11 
2020-12-06T14:58:14 0 0 경기73아1599 3 41 218000011 219000343 12 
2020-12-06T14:59:14 0 0 경기73아1599 3 41 218000011 219000343 12 
2020-12-06T15:00:13 0 0 경기73아1599 3 41 218000011 219000343 12 
2020-12-06T15:01:13 0 0 경기73아1599 3 41 218000011 219001172 14 
2020-12-06T15:02:13 0 0 경기73아1599 3 41 218000011 219001172 14 
2020-12-06T15:03:13 0 0 경기73아1599 3 41 218000011 219001172 14 
2020-12-06T15:04:12 0 0 경기73아1599 3 41 218000011 219000999 15 
2020-12-06T15:05:10 0 0 경기73아1599 3 41 218000011 219000999 15 
2020-12-06T15:06:10 0 0 경기73아1599 3 41 218000011 219000627 16 
2020-12-06T15:07:10 0 0 경기73아1599 3 41 218000011 219000627 16 
2020-12-06T15:08:10 0 0 경기73아1599 3 41 218000011 219000192 18 
2020-12-06T15:09:10 0 0 경기73아1599 3 41 218000011 219000192 18 
2020-12-06T15:10:10 0 0 경기73아1599 3 41 218000011 219000192 18 
2020-12-06T15:11:10 0 0 경기73아1599 3 41 218000011 219000131 19 
2020-12-06T15:12:10 0 0 경기73아1599 3 41 218000011 219000131 19 
2020-12-06T15:13:09 0 0 경기73아1599 3 41 218000011 219000131 19 
2020-12-06T15:14:08 0 0 경기73아1599 3 41 218000011 219000356 20 
2020-12-06T15:15:08 0 0 경기73아1599 3 41 218000011 219000356 20 
2020-12-06T15:16:07 0 0 경기73아1599 3 41 218000011 219000356 20 
2020-12-06T15:17:07 0 0 경기73아1599 3 41 218000011 219000370 21 
2020-12-06T15:18:07 0 0 경기73아1599 3 41 218000011 219000370 21 
2020-12-06T15:19:07 0 0 경기73아1599 3 41 218000011 219000370 21 
2020-12-06T15:20:06 0 0 경기73아1599 3 41 218000011 219000454 22 
2020-12-06T15:21:06 0 0 경기73아1599 3 41 218000011 219000454 22 
2020-12-06T15:22:06 0 0 경기73아1599 3 41 218000011 219000368 23 
2020-12-06T15:23:05 0 0 경기73아1599 3 41 218000011 219000368 23 
2020-12-06T15:24:05 0 0 경기73아1599 3 41 218000011 219000163 24 
2020-12-06T15:25:05 0 0 경기73아1599 3 41 218000011 219000163 24 
2020-12-06T15:26:05 0 0 경기73아1599 3 41 218000011 219000163 24 
2020-12-06T15:27:05 0 0 경기73아1599 3 41 218000011 219000163 24 
2020-12-06T15:28:04 0 0 경기73아1599 3 41 218000011 219000163 24 
2020-12-06T15:29:03 0 0 경기73아1599 3 41 218000011 219000163 24 
2020-12-06T15:30:03 0 0 경기73아1599 3 41 218000011 219000163 24 
2020-12-06T15:31:02 0 0 경기73아1599 3 41 218000011 218000316 25 
2020-12-06T15:32:02 0 0 경기73아1599 3 41 218000011 218000317 26 
2020-12-06T15:33:02 0 0 경기73아1599 3 41 218000011 218000318 27 
2020-12-06T15:34:01 0 0 경기73아1599 3 41 218000011 218000318 27 
2020-12-06T15:35:01 0 0 경기73아1599 3 41 218000011 218000318 27 
2020-12-06T15:36:01 0 0 경기73아1599 3 41 218000011 218000145 29 
2020-12-06T15:37:00 0 0 경기73아1599 3 41 218000011 218000145 29 
2020-12-06T15:38:00 0 0 경기73아1599 3 41 218000011 218000145 29 
2020-12-06T15:39:00 0 0 경기73아1599 3 41 218000011 218000145 29 
2020-12-06T15:40:00 0 0 경기73아1599 3 41 218000011 277103090 30 
2020-12-06T15:41:00 0 0 경기73아1599 3 41 218000011 218000140 31 
2020-12-06T15:42:00 0 0 경기73아1599 3 41 218000011 218000140 31 
2020-12-06T15:43:00 0 0 경기73아1599 3 41 218000011 218000140 31 
2020-12-06T15:44:00 0 0 경기73아1599 3 41 218000011 218000140 31 
2020-12-06T15:45:00 0 0 경기73아1599 3 41 218000011 218000140 31 
2020-12-06T15:45:59 0 0 경기73아1599 3 41 218000011 218000140 31 
2020-12-06T15:46:59 0 0 경기73아1599 3 41 218000011 218000140 31 
2020-12-06T15:47:58 0 0 경기73아1599 3 40 218000011 111000007 32 
2020-12-06T15:48:57 0 0 경기73아1599 3 40 218000011 111000007 32 
2020-12-06T15:49:57 0 0 경기73아1599 3 40 218000011 111000007 32 
2020-12-06T15:50:57 0 0 경기73아1599 3 40 218000011 111000007 32 
2020-12-06T15:51:57 0 0 경기73아1599 3 40 218000011 111000007 32 
2020-12-06T15:52:57 0 0 경기73아1599 3 40 218000011 111000007 32 
2020-12-06T15:53:57 0 0 경기73아1599 3 40 218000011 111000007 32 
2020-12-06T15:54:57 0 0 경기73아1599 3 40 218000011 111000007 32 
2020-12-06T15:55:56 0 0 경기73아1599 3 40 218000011 111000007 32 
2020-12-06T15:56:56 0 0 경기73아1599 3 40 218000011 112000012 33 
2020-12-06T15:57:55 0 0 경기73아1599 3 41 218000011 277101784 34 
2020-12-06T15:58:55 0 0 경기73아1599 3 41 218000011 277101784 34 
2020-12-06T15:59:55 0 0 경기73아1599 3 41 218000011 277101784 34 
2020-12-06T16:00:54 0 0 경기73아1599 3 41 218000011 277103098 35 
2020-12-06T16:01:55 0 0 경기73아1599 3 41 218000011 277103099 36 
2020-12-06T16:02:54 0 0 경기73아1599 3 41 218000011 277103099 36 
2020-12-06T16:03:54 0 0 경기73아1599 3 41 218000011 100000034 37 
2020-12-06T16:04:53 0 0 경기73아1599 3 40 218000011 100000034 37 
2020-12-06T16:05:53 0 0 경기73아1599 3 40 218000011 100000034 37 
2020-12-06T16:06:52 0 0 경기73아1599 3 40 218000011 101000128 39 
2020-12-06T16:07:52 0 0 경기73아1599 3 40 218000011 101000128 39 
2020-12-06T16:08:52 0 0 경기73아1599 3 40 218000011 101000022 40 
2020-12-06T16:09:51 0 0 경기73아1599 3 40 218000011 277101993 42 
2020-12-06T16:10:51 0 0 경기73아1599 3 40 218000011 101000020 43 
2020-12-06T16:11:51 0 0 경기73아1599 3 40 218000011 101000020 43 
2020-12-06T16:12:50 0 0 경기73아1599 3 40 218000011 101000020 43 
2020-12-06T16:13:49 0 0 경기73아1599 3 40 218000011 101000020 43 
2020-12-06T16:14:49 0 0 경기73아1599 3 40 218000011 277102320 44 
2020-12-06T16:15:48 0 0 경기73아1599 3 40 218000011 277102320 44 
2020-12-06T16:16:48 0 0 경기73아1599 3 40 218000011 277104396 45 
2020-12-06T16:17:48 0 0 경기73아1599 3 40 218000011 277104396 45 
2020-12-06T16:18:47 0 0 경기73아1599 3 40 218000011 112000013 46 
2020-12-06T16:19:46 0 0 경기73아1599 3 40 218000011 112000013 46 
2020-12-06T16:20:46 0 0 경기73아1599 3 40 218000011 112000013 46 
2020-12-06T16:21:46 0 0 경기73아1599 3 40 218000011 112000013 46 
2020-12-06T16:22:46 0 0 경기73아1599 3 40 218000011 112000013 46 
2020-12-06T16:23:45 0 0 경기73아1599 3 40 218000011 112000013 46 
2020-12-06T16:24:45 0 0 경기73아1599 3 40 218000011 112000013 46 
2020-12-06T16:25:44 0 0 경기73아1599 3 40 218000011 112000013 46 
2020-12-06T16:26:43 0 0 경기73아1599 3 40 218000011 112000013 46 
2020-12-06T16:27:43 0 0 경기73아1599 3 40 218000011 112000013 46 
2020-12-06T16:28:43 0 0 경기73아1599 3 40 218000011 111000008 47 
2020-12-06T16:29:42 0 0 경기73아1599 3 39 218000011 111000008 47 
2020-12-06T16:30:42 0 0 경기73아1599 3 39 218000011 111000008 47 
2020-12-06T16:31:42 0 0 경기73아1599 3 39 218000011 111000008 47 
2020-12-06T16:32:41 0 0 경기73아1599 3 39 218000011 111000008 47 
2020-12-06T16:33:41 0 0 경기73아1599 3 39 218000011 111000008 47 
2020-12-06T16:34:41 0 0 경기73아1599 3 39 218000011 111000008 47 
2020-12-06T16:35:40 0 0 경기73아1599 3 39 218000011 111000008 47 
2020-12-06T16:36:40 0 0 경기73아1599 3 39 218000011 218000139 48 
2020-12-06T16:37:40 0 0 경기73아1599 3 39 218000011 218000139 48 
2020-12-06T16:38:39 0 0 경기73아1599 3 39 218000011 277103091 49 
2020-12-06T16:39:39 0 0 경기73아1599 3 39 218000011 277103091 49 
2020-12-06T16:40:39 0 0 경기73아1599 3 39 218000011 277103091 49 
2020-12-06T16:41:38 0 0 경기73아1599 3 39 218000011 218000134 50 
2020-12-06T16:42:38 0 0 경기73아1599 3 39 218000011 218000134 50 
2020-12-06T16:43:37 0 0 경기73아1599 3 39 218000011 218000134 50 
2020-12-06T16:44:36 0 0 경기73아1599 3 39 218000011 218000636 51 
2020-12-06T16:45:36 0 0 경기73아1599 3 39 218000011 218000636 51 
2020-12-06T16:46:36 0 0 경기73아1599 3 39 218000011 218000636 51 
2020-12-06T16:47:36 0 0 경기73아1599 3 40 218000011 218000078 52 
2020-12-06T16:48:36 0 0 경기73아1599 3 40 218000011 218000319 53 
2020-12-06T16:49:35 0 0 경기73아1599 3 40 218000011 218000319 53 
2020-12-06T16:50:35 0 0 경기73아1599 3 40 218000011 218000320 54 
2020-12-06T16:51:35 0 0 경기73아1599 3 40 218000011 218000320 54 
2020-12-06T16:52:34 0 0 경기73아1599 3 40 218000011 218000320 54 
2020-12-06T16:53:34 0 0 경기73아1599 3 40 218000011 218000320 54 
2020-12-06T16:54:34 0 0 경기73아1599 3 40 218000011 218000320 54 
2020-12-06T16:55:33 0 0 경기73아1599 3 40 218000011 219000386 55 
2020-12-06T16:56:33 0 0 경기73아1599 3 40 218000011 219000386 55 
2020-12-06T16:57:33 0 0 경기73아1599 3 40 218000011 219000386 55 
2020-12-06T16:58:33 0 0 경기73아1599 3 40 218000011 219000385 56 
2020-12-06T16:59:32 0 0 경기73아1599 3 40 218000011 219000385 56 
2020-12-06T17:00:32 0 0 경기73아1599 3 40 218000011 219000383 57 
2020-12-06T17:01:32 0 0 경기73아1599 3 40 218000011 219000383 57 
2020-12-06T17:02:32 0 0 경기73아1599 3 40 218000011 219000191 58 
2020-12-06T17:03:30 0 0 경기73아1599 3 40 218000011 219000191 58 
2020-12-06T17:04:30 0 0 경기73아1599 3 40 218000011 219000130 59 
2020-12-06T17:05:30 0 0 경기73아1599 3 40 218000011 219000130 59 
2020-12-06T17:06:30 0 0 경기73아1599 3 40 218000011 219000189 61 
2020-12-06T17:07:29 0 0 경기73아1599 3 40 218000011 219000189 61 
2020-12-06T17:08:29 0 0 경기73아1599 3 40 218000011 219000129 62 
2020-12-06T17:09:29 0 0 경기73아1599 3 40 218000011 219000623 63 
2020-12-06T17:10:28 0 0 경기73아1599 3 40 218000011 219000623 63 
2020-12-06T17:11:29 0 0 경기73아1599 3 40 218000011 219001155 64 
2020-12-06T17:12:28 0 0 경기73아1599 3 40 218000011 219000674 65 
2020-12-06T17:13:27 0 0 경기73아1599 3 40 218000011 219000119 66 
2020-12-06T17:14:27 0 0 경기73아1599 3 40 218000011 219000119 66 
2020-12-06T17:15:27 0 0 경기73아1599 3 40 218000011 219000119 66 
2020-12-06T17:16:27 0 0 경기73아1599 3 40 218000011 219000119 66 
2020-12-06T17:17:27 0 0 경기73아1599 3 40 218000011 219000451 67 
2020-12-06T17:18:27 0 0 경기73아1599 3 40 218000011 219000451 67 
2020-12-06T17:19:26 0 0 경기73아1599 3 40 218000011 219001152 68 
2020-12-06T17:20:26 0 0 경기73아1599 3 40 218000011 219001152 68 
2020-12-06T17:21:25 0 0 경기73아1599 3 40 218000011 219001152 68 
2020-12-06T17:22:25 0 0 경기73아1599 3 40 218000011 219001152 68 
2020-12-06T17:23:25 0 0 경기73아1599 3 40 218000011 219001152 68 
2020-12-06T17:24:25 0 0 경기73아1599 3 40 218000011 219000424 70 
2020-12-06T17:25:24 0 0 경기73아1599 3 40 218000011 219000441 72 
2020-12-06T17:26:24 0 0 경기73아1599 3 41 218000011 219000445 74 
2020-12-06T17:27:24 0 0 경기73아1599 3 41 218000011 219000445 74 
2020-12-06T17:28:24 0 0 경기73아1599 3 41 218000011 219000445 74 
2020-12-06T17:29:24 0 0 경기73아1599 3 41 218000011 219000445 74 
2020-12-06T17:30:23 0 0 경기73아1599 3 41 218000011 219000445 74 
2020-12-06T17:31:23 0 0 경기73아1599 3 41 218000011 219000445 74 
2020-12-06T17:32:23 0 0 경기73아1599 3 41 218000011 219000645 75 
