218000011 2020-12-02T00:00:29.577151+09:00
2020-12-02T14:23:34.024303+09:00 0 0 경기73아1596 3 41 218000011 219000129 62 
2020-12-02T14:23:34.024368+09:00 0 0 경기73아1599 3 41 218000011 218000145 29 
2020-12-02T14:24:33.898426+09:00 0 0 경기73아1596 3 40 218000011 219000623 63 
2020-12-02T14:24:33.898490+09:00 0 0 경기73아1599 3 41 218000011 277103090 30 
2020-12-02T14:25:33.142411+09:00 0 0 경기73아1596 3 40 218000011 219000623 63 
2020-12-02T14:25:33.142473+09:00 0 0 경기73아1599 3 41 218000011 277103090 30 
2020-12-02T14:26:32.996518+09:00 0 0 경기73아1596 3 40 218000011 219000623 63 
2020-12-02T14:26:32.996581+09:00 0 0 경기73아1599 3 41 218000011 218000140 31 
2020-12-02T14:27:32.850658+09:00 0 0 경기73아1596 3 40 218000011 219000623 63 
2020-12-02T14:27:32.850719+09:00 0 0 경기73아1599 3 41 218000011 218000140 31 
2020-12-02T14:28:32.414652+09:00 0 0 경기73아1596 3 40 218000011 219001155 64 
2020-12-02T14:28:32.414715+09:00 0 0 경기73아1599 3 41 218000011 218000140 31 
2020-12-02T14:29:31.375918+09:00 0 0 경기73아1596 3 40 218000011 219000674 65 
2020-12-02T14:29:31.375979+09:00 0 0 경기73아1599 3 41 218000011 218000140 31 
2020-12-02T14:30:30.892883+09:00 0 0 경기73아1596 3 40 218000011 219000119 66 
2020-12-02T14:30:30.892945+09:00 0 0 경기73아1599 3 41 218000011 111000007 32 
2020-12-02T14:31:30.256924+09:00 0 0 경기73아1596 3 40 218000011 219000119 66 
2020-12-02T14:31:30.256985+09:00 0 0 경기73아1599 3 41 218000011 111000007 32 
2020-12-02T14:32:29.851006+09:00 0 0 경기73아1596 3 40 218000011 219001152 68 
2020-12-02T14:32:29.851068+09:00 0 0 경기73아1599 3 41 218000011 111000007 32 
2020-12-02T14:33:29.635241+09:00 0 0 경기73아1596 3 40 218000011 219001152 68 
2020-12-02T14:33:29.635303+09:00 0 0 경기73아1599 3 41 218000011 111000007 32 
2020-12-02T14:34:29.509238+09:00 0 0 경기73아1596 3 40 218000011 219001152 68 
2020-12-02T14:34:29.509293+09:00 0 0 경기73아1599 3 41 218000011 111000007 32 
2020-12-02T14:35:29.303364+09:00 0 0 경기73아1596 3 40 218000011 219001152 68 
2020-12-02T14:35:29.303435+09:00 0 0 경기73아1599 3 41 218000011 111000007 32 
2020-12-02T14:36:28.817480+09:00 0 0 경기73아1596 3 41 218000011 219000424 70 
2020-12-02T14:36:28.817542+09:00 0 0 경기73아1599 3 41 218000011 111000007 32 
2020-12-02T14:37:28.851613+09:00 0 0 경기73아1596 3 41 218000011 219000424 70 
2020-12-02T14:37:28.851682+09:00 0 0 경기73아1599 3 41 218000011 111000007 32 
2020-12-02T14:38:28.285778+09:00 0 0 경기73아1596 3 41 218000011 219000441 72 
2020-12-02T14:38:28.285840+09:00 0 0 경기73아1599 3 41 218000011 111000007 32 
2020-12-02T14:39:27.919803+09:00 0 0 경기73아1596 3 41 218000011 219000445 74 
2020-12-02T14:39:27.919866+09:00 0 0 경기73아1599 3 41 218000011 112000012 33 
2020-12-02T14:40:27.373893+09:00 0 0 경기73아1596 3 41 218000011 219000445 74 
2020-12-02T14:40:27.373957+09:00 0 0 경기73아1599 3 41 218000011 277101784 34 
2020-12-02T14:41:27.418035+09:00 0 0 경기73아1596 3 41 218000011 219000445 74 
2020-12-02T14:41:27.418098+09:00 0 0 경기73아1599 3 41 218000011 277101784 34 
2020-12-02T14:41:27.418119+09:00 0 0 경기73아1597 3 41 218000011 219000644 1 
2020-12-02T14:42:27.072312+09:00 0 0 경기73아1596 3 41 218000011 219000645 75 
2020-12-02T14:42:27.072375+09:00 0 0 경기73아1597 3 41 218000011 219000644 1 
2020-12-02T14:42:27.072395+09:00 0 0 경기73아1599 3 41 218000011 277103098 35 
2020-12-02T14:43:26.746546+09:00 0 0 경기73아1596 3 41 218000011 219000645 75 
2020-12-02T14:43:26.746612+09:00 0 0 경기73아1597 3 41 218000011 219000644 1 
2020-12-02T14:43:26.746632+09:00 0 0 경기73아1599 3 41 218000011 277103098 35 
2020-12-02T14:44:25.820717+09:00 0 0 경기73아1596 3 41 218000011 219000645 75 
2020-12-02T14:44:25.820778+09:00 0 0 경기73아1599 3 41 218000011 277103098 35 
2020-12-02T14:44:25.820798+09:00 0 0 경기73아1597 3 41 218000011 277102634 2 
2020-12-02T14:45:25.565099+09:00 0 0 경기73아1596 3 41 218000011 219000645 75 
2020-12-02T14:45:25.565164+09:00 0 0 경기73아1597 3 41 218000011 277102634 2 
2020-12-02T14:45:25.565184+09:00 0 0 경기73아1599 3 41 218000011 277103099 36 
2020-12-02T14:46:25.059144+09:00 0 0 경기73아1596 3 41 218000011 219000645 75 
2020-12-02T14:46:25.059207+09:00 0 0 경기73아1599 3 41 218000011 277103099 36 
2020-12-02T14:46:25.059227+09:00 0 0 경기73아1597 3 41 218000011 219000573 5 
2020-12-02T14:47:24.833275+09:00 0 0 경기73아1596 3 41 218000011 219000645 75 
2020-12-02T14:47:24.833336+09:00 0 0 경기73아1599 3 41 218000011 277103099 36 
2020-12-02T14:47:24.833357+09:00 0 0 경기73아1597 3 41 218000011 219000443 7 
2020-12-02T14:48:24.847989+09:00 0 0 경기73아1596 3 41 218000011 219000645 75 
2020-12-02T14:48:24.848051+09:00 0 0 경기73아1597 3 41 218000011 219000443 7 
2020-12-02T14:48:24.848071+09:00 0 0 경기73아1599 3 41 218000011 100000034 37 
2020-12-02T14:49:24.131649+09:00 0 0 경기73아1596 3 41 218000011 219000645 75 
2020-12-02T14:49:24.131714+09:00 0 0 경기73아1599 3 41 218000011 100000034 37 
2020-12-02T14:49:24.131736+09:00 0 0 경기73아1597 3 41 218000011 219000435 8 
2020-12-02T14:50:24.025833+09:00 0 0 경기73아1596 3 41 218000011 219000645 75 
2020-12-02T14:50:24.025895+09:00 0 0 경기73아1599 3 41 218000011 277104283 38 
2020-12-02T14:50:24.025916+09:00 0 0 경기73아1597 3 41 218000011 219000434 9 
2020-12-02T14:51:23.590165+09:00 0 0 경기73아1596 3 41 218000011 219000645 75 
2020-12-02T14:51:23.590228+09:00 0 0 경기73아1599 3 41 218000011 101000128 39 
2020-12-02T14:51:23.590250+09:00 0 0 경기73아1597 3 41 218000011 219000434 9 
2020-12-02T14:52:22.764126+09:00 0 0 경기73아1596 3 41 218000011 219000645 75 
2020-12-02T14:52:22.764189+09:00 0 0 경기73아1597 3 41 218000011 219000434 9 
2020-12-02T14:52:22.764210+09:00 0 0 경기73아1599 3 39 218000011 101000128 39 
2020-12-02T14:53:22.608276+09:00 0 0 경기73아1596 3 41 218000011 219000645 75 
2020-12-02T14:53:22.608339+09:00 0 0 경기73아1599 3 39 218000011 101000128 39 
2020-12-02T14:53:22.608359+09:00 0 0 경기73아1597 3 41 218000011 219000450 11 
2020-12-02T14:54:26.552820+09:00 0 0 경기73아1596 3 41 218000011 219000645 75 
2020-12-02T14:54:26.552883+09:00 0 0 경기73아1599 3 39 218000011 101000022 40 
2020-12-02T14:54:26.552904+09:00 0 0 경기73아1597 3 41 218000011 219000343 12 
2020-12-02T14:55:20.896605+09:00 0 0 경기73아1596 3 41 218000011 219000645 75 
2020-12-02T14:55:20.896667+09:00 0 0 경기73아1599 3 39 218000011 277101885 41 
2020-12-02T14:55:20.896687+09:00 0 0 경기73아1597 3 41 218000011 219000673 13 
2020-12-02T14:56:20.840666+09:00 0 0 경기73아1596 3 41 218000011 219000645 75 
2020-12-02T14:56:20.840730+09:00 0 0 경기73아1599 3 39 218000011 277101993 42 
2020-12-02T14:56:20.840752+09:00 0 0 경기73아1597 3 41 218000011 219000673 13 
2020-12-02T14:57:20.984853+09:00 0 0 경기73아1597 3 41 218000011 219000673 13 
2020-12-02T14:57:20.984918+09:00 0 0 경기73아1599 3 38 218000011 101000020 43 
2020-12-02T14:58:20.199058+09:00 0 0 경기73아1599 3 38 218000011 101000020 43 
2020-12-02T14:58:20.199118+09:00 0 0 경기73아1597 3 41 218000011 219001172 14 
2020-12-02T14:59:20.203164+09:00 0 0 경기73아1597 3 41 218000011 219000999 15 
2020-12-02T14:59:20.203225+09:00 0 0 경기73아1599 3 38 218000011 101000020 43 
2020-12-02T15:00:19.507501+09:00 0 0 경기73아1599 3 38 218000011 101000020 43 
2020-12-02T15:00:19.507564+09:00 0 0 경기73아1597 3 41 218000011 219000627 16 
2020-12-02T15:01:19.291539+09:00 0 0 경기73아1599 3 38 218000011 277102320 44 
2020-12-02T15:01:19.291601+09:00 0 0 경기73아1597 3 41 218000011 219000627 16 
2020-12-02T15:02:18.705581+09:00 0 0 경기73아1599 3 38 218000011 277102320 44 
2020-12-02T15:02:18.705645+09:00 0 0 경기73아1597 3 41 218000011 219000363 17 
2020-12-02T15:03:18.499643+09:00 0 0 경기73아1599 3 38 218000011 277104396 45 
2020-12-02T15:03:18.499713+09:00 0 0 경기73아1597 3 41 218000011 219000192 18 
2020-12-02T15:04:18.083843+09:00 0 0 경기73아1597 3 41 218000011 219000192 18 
2020-12-02T15:04:18.083905+09:00 0 0 경기73아1599 3 38 218000011 277104396 45 
2020-12-02T15:05:17.237853+09:00 0 0 경기73아1599 3 38 218000011 277104396 45 
2020-12-02T15:05:17.237915+09:00 0 0 경기73아1597 3 41 218000011 219000192 18 
2020-12-02T15:06:17.352121+09:00 0 0 경기73아1599 3 38 218000011 277104396 45 
2020-12-02T15:06:17.352183+09:00 0 0 경기73아1597 3 41 218000011 219000131 19 
2020-12-02T15:07:16.656091+09:00 0 0 경기73아1597 3 41 218000011 219000131 19 
2020-12-02T15:07:16.656155+09:00 0 0 경기73아1599 3 37 218000011 112000013 46 
2020-12-02T15:08:16.510259+09:00 0 0 경기73아1597 3 40 218000011 219000356 20 
2020-12-02T15:08:16.510318+09:00 0 0 경기73아1599 3 37 218000011 112000013 46 
2020-12-02T15:09:15.504440+09:00 0 0 경기73아1597 3 40 218000011 219000356 20 
2020-12-02T15:09:15.504500+09:00 0 0 경기73아1599 3 37 218000011 112000013 46 
2020-12-02T15:10:15.308507+09:00 0 0 경기73아1599 3 37 218000011 112000013 46 
2020-12-02T15:10:15.308573+09:00 0 0 경기73아1597 3 40 218000011 219000356 20 
2020-12-02T15:11:15.132810+09:00 0 0 경기73아1597 3 40 218000011 219000370 21 
2020-12-02T15:11:15.132880+09:00 0 0 경기73아1599 3 37 218000011 112000013 46 
2020-12-02T15:12:15.086815+09:00 0 0 경기73아1597 3 40 218000011 219000370 21 
2020-12-02T15:12:15.086877+09:00 0 0 경기73아1599 3 37 218000011 112000013 46 
2020-12-02T15:13:14.630946+09:00 0 0 경기73아1597 3 40 218000011 219000370 21 
2020-12-02T15:13:14.631007+09:00 0 0 경기73아1599 3 37 218000011 112000013 46 
2020-12-02T15:14:14.335155+09:00 0 0 경기73아1597 3 39 218000011 219000368 23 
2020-12-02T15:14:14.335230+09:00 0 0 경기73아1599 3 37 218000011 111000008 47 
2020-12-02T15:15:13.799223+09:00 0 0 경기73아1597 3 39 218000011 219000368 23 
2020-12-02T15:15:13.799284+09:00 0 0 경기73아1599 3 37 218000011 111000008 47 
2020-12-02T15:16:13.633294+09:00 0 0 경기73아1599 3 37 218000011 111000008 47 
2020-12-02T15:16:13.633356+09:00 0 0 경기73아1597 3 39 218000011 219000163 24 
2020-12-02T15:17:13.497383+09:00 0 0 경기73아1599 3 37 218000011 111000008 47 
2020-12-02T15:17:13.497452+09:00 0 0 경기73아1597 3 39 218000011 219000163 24 
2020-12-02T15:18:13.191502+09:00 0 0 경기73아1597 3 39 218000011 219000163 24 
2020-12-02T15:18:13.191587+09:00 0 0 경기73아1599 3 37 218000011 111000008 47 
2020-12-02T15:19:13.115689+09:00 0 0 경기73아1599 3 37 218000011 111000008 47 
2020-12-02T15:19:13.115754+09:00 0 0 경기73아1597 3 39 218000011 219000163 24 
2020-12-02T15:20:11.819719+09:00 0 0 경기73아1599 3 37 218000011 218000139 48 
2020-12-02T15:20:11.819784+09:00 0 0 경기73아1597 3 39 218000011 219000163 24 
2020-12-02T15:21:11.583821+09:00 0 0 경기73아1597 3 39 218000011 219000163 24 
2020-12-02T15:21:11.583880+09:00 0 0 경기73아1599 3 37 218000011 218000139 48 
2020-12-02T15:22:11.038032+09:00 0 0 경기73아1599 3 37 218000011 218000139 48 
2020-12-02T15:22:11.038093+09:00 0 0 경기73아1597 3 39 218000011 218000316 25 
2020-12-02T15:23:10.972190+09:00 0 0 경기73아1597 3 39 218000011 218000317 26 
2020-12-02T15:23:10.972251+09:00 0 0 경기73아1599 3 37 218000011 277103091 49 
2020-12-02T15:24:10.956276+09:00 0 0 경기73아1597 3 39 218000011 218000317 26 
2020-12-02T15:24:10.956338+09:00 0 0 경기73아1599 3 37 218000011 277103091 49 
2020-12-02T15:25:10.560348+09:00 0 0 경기73아1599 3 37 218000011 277103091 49 
2020-12-02T15:25:10.560412+09:00 0 0 경기73아1597 3 39 218000011 218000318 27 
2020-12-02T15:26:10.404444+09:00 0 0 경기73아1599 3 38 218000011 218000134 50 
2020-12-02T15:26:10.404519+09:00 0 0 경기73아1597 3 39 218000011 218000637 28 
2020-12-02T15:27:09.168455+09:00 0 0 경기73아1597 3 38 218000011 218000637 28 
2020-12-02T15:27:09.168541+09:00 0 0 경기73아1599 3 38 218000011 218000636 51 
2020-12-02T15:28:08.952709+09:00 0 0 경기73아1597 3 38 218000011 218000637 28 
2020-12-02T15:28:08.952772+09:00 0 0 경기73아1599 3 38 218000011 218000636 51 
2020-12-02T15:29:08.026821+09:00 0 0 경기73아1599 3 38 218000011 218000636 51 
2020-12-02T15:29:08.026884+09:00 0 0 경기73아1597 3 38 218000011 218000637 28 
2020-12-02T15:30:08.050888+09:00 0 0 경기73아1597 3 37 218000011 218000145 29 
2020-12-02T15:30:08.050952+09:00 0 0 경기73아1599 3 38 218000011 218000078 52 
2020-12-02T15:31:07.014903+09:00 0 0 경기73아1597 3 37 218000011 218000145 29 
2020-12-02T15:31:07.014962+09:00 0 0 경기73아1599 3 40 218000011 218000319 53 
2020-12-02T15:32:07.099099+09:00 0 0 경기73아1599 3 40 218000011 218000319 53 
2020-12-02T15:32:07.099163+09:00 0 0 경기73아1597 3 37 218000011 277103090 30 
2020-12-02T15:33:05.963374+09:00 0 0 경기73아1597 3 37 218000011 277103090 30 
2020-12-02T15:33:05.963435+09:00 0 0 경기73아1599 3 40 218000011 218000320 54 
2020-12-02T15:34:05.697282+09:00 0 0 경기73아1597 3 37 218000011 218000140 31 
2020-12-02T15:34:05.697345+09:00 0 0 경기73아1599 3 40 218000011 218000320 54 
2020-12-02T15:35:05.601440+09:00 0 0 경기73아1599 3 40 218000011 218000320 54 
2020-12-02T15:35:05.601504+09:00 0 0 경기73아1597 3 37 218000011 218000140 31 
2020-12-02T15:36:05.315619+09:00 0 0 경기73아1597 3 37 218000011 218000140 31 
2020-12-02T15:36:05.315679+09:00 0 0 경기73아1599 3 40 218000011 218000320 54 
2020-12-02T15:37:04.979687+09:00 0 0 경기73아1597 3 37 218000011 218000140 31 
2020-12-02T15:37:04.979748+09:00 0 0 경기73아1599 3 40 218000011 218000320 54 
2020-12-02T15:38:04.433837+09:00 0 0 경기73아1597 3 37 218000011 218000140 31 
2020-12-02T15:38:04.433898+09:00 0 0 경기73아1599 3 40 218000011 219000386 55 
2020-12-02T15:39:04.317969+09:00 0 0 경기73아1599 3 40 218000011 219000386 55 
2020-12-02T15:39:04.318031+09:00 0 0 경기73아1597 3 37 218000011 218000140 31 
2020-12-02T15:40:03.292710+09:00 0 0 경기73아1597 3 37 218000011 218000140 31 
2020-12-02T15:40:03.292773+09:00 0 0 경기73아1599 3 40 218000011 219000386 55 
2020-12-02T15:41:02.796125+09:00 0 0 경기73아1599 3 40 218000011 219000385 56 
2020-12-02T15:41:02.796187+09:00 0 0 경기73아1597 3 37 218000011 111000007 32 
2020-12-02T15:42:02.480254+09:00 0 0 경기73아1599 3 40 218000011 219000385 56 
2020-12-02T15:42:02.480322+09:00 0 0 경기73아1597 3 37 218000011 111000007 32 
2020-12-02T15:43:02.242596+09:00 0 0 경기73아1597 3 37 218000011 111000007 32 
2020-12-02T15:43:02.242659+09:00 0 0 경기73아1599 3 40 218000011 219000383 57 
2020-12-02T15:44:02.138520+09:00 0 0 경기73아1597 3 37 218000011 111000007 32 
2020-12-02T15:44:02.138581+09:00 0 0 경기73아1599 3 40 218000011 219000383 57 
2020-12-02T15:45:01.822616+09:00 0 0 경기73아1599 3 40 218000011 219000191 58 
2020-12-02T15:45:01.822683+09:00 0 0 경기73아1597 3 37 218000011 111000007 32 
2020-12-02T15:46:01.636775+09:00 0 0 경기73아1597 3 37 218000011 111000007 32 
2020-12-02T15:46:01.636839+09:00 0 0 경기73아1599 3 40 218000011 219000191 58 
2020-12-02T15:47:01.260938+09:00 0 0 경기73아1597 3 37 218000011 111000007 32 
2020-12-02T15:47:01.261003+09:00 0 0 경기73아1599 3 40 218000011 219000130 59 
2020-12-02T15:48:01.305013+09:00 0 0 경기73아1597 3 37 218000011 111000007 32 
2020-12-02T15:48:01.305108+09:00 0 0 경기73아1599 3 40 218000011 219000130 59 
2020-12-02T15:49:01.049219+09:00 0 0 경기73아1597 3 37 218000011 111000007 32 
2020-12-02T15:49:01.049281+09:00 0 0 경기73아1599 3 40 218000011 219000190 60 
2020-12-02T15:50:00.543238+09:00 0 0 경기73아1599 3 40 218000011 219000190 60 
2020-12-02T15:50:00.543298+09:00 0 0 경기73아1597 3 39 218000011 112000012 33 
2020-12-02T15:51:00.357197+09:00 0 0 경기73아1597 3 39 218000011 277101784 34 
2020-12-02T15:51:00.357261+09:00 0 0 경기73아1599 3 40 218000011 219000190 60 
2020-12-02T15:51:59.981111+09:00 0 0 경기73아1599 3 40 218000011 219000189 61 
2020-12-02T15:51:59.981173+09:00 0 0 경기73아1597 3 39 218000011 277101784 34 
2020-12-02T15:53:00.115251+09:00 0 0 경기73아1599 3 40 218000011 219000189 61 
2020-12-02T15:53:00.115322+09:00 0 0 경기73아1597 3 39 218000011 277101784 34 
2020-12-02T15:53:59.589277+09:00 0 0 경기73아1597 3 39 218000011 277103098 35 
2020-12-02T15:53:59.589349+09:00 0 0 경기73아1599 3 40 218000011 219000129 62 
2020-12-02T15:54:59.323335+09:00 0 0 경기73아1597 3 39 218000011 277103098 35 
2020-12-02T15:54:59.323401+09:00 0 0 경기73아1599 3 40 218000011 219000129 62 
2020-12-02T15:55:58.997271+09:00 0 0 경기73아1599 3 40 218000011 219000129 62 
2020-12-02T15:55:58.997333+09:00 0 0 경기73아1597 3 39 218000011 277103099 36 
2020-12-02T15:56:58.881400+09:00 0 0 경기73아1597 3 39 218000011 277103099 36 
2020-12-02T15:56:58.881462+09:00 0 0 경기73아1599 3 40 218000011 219000129 62 
2020-12-02T15:57:58.615352+09:00 0 0 경기73아1597 3 39 218000011 277103099 36 
2020-12-02T15:57:58.615404+09:00 0 0 경기73아1599 3 40 218000011 219000623 63 
2020-12-02T15:58:58.729484+09:00 0 0 경기73아1597 3 40 218000011 277103099 36 
2020-12-02T15:58:58.729544+09:00 0 0 경기73아1599 3 40 218000011 219001155 64 
2020-12-02T15:59:58.453595+09:00 0 0 경기73아1597 3 40 218000011 100000034 37 
2020-12-02T15:59:58.453657+09:00 0 0 경기73아1599 3 40 218000011 219000674 65 
2020-12-02T16:00:58.117509+09:00 0 0 경기73아1596 3 41 218000011 219000644 1 
2020-12-02T16:00:58.117566+09:00 0 0 경기73아1597 3 40 218000011 100000034 37 
2020-12-02T16:00:58.117587+09:00 0 0 경기73아1599 3 40 218000011 219000119 66 
2020-12-02T16:01:57.691718+09:00 0 0 경기73아1596 3 41 218000011 219000644 1 
2020-12-02T16:01:57.691795+09:00 0 0 경기73아1599 3 40 218000011 219000119 66 
2020-12-02T16:01:57.691815+09:00 0 0 경기73아1597 3 40 218000011 277104283 38 
2020-12-02T16:02:57.435799+09:00 0 0 경기73아1596 3 41 218000011 219000644 1 
2020-12-02T16:02:57.435861+09:00 0 0 경기73아1597 3 38 218000011 101000128 39 
2020-12-02T16:02:57.435881+09:00 0 0 경기73아1599 3 40 218000011 219000451 67 
2020-12-02T16:03:57.149898+09:00 0 0 경기73아1596 3 41 218000011 219000644 1 
2020-12-02T16:03:57.149960+09:00 0 0 경기73아1597 3 38 218000011 101000128 39 
2020-12-02T16:03:57.149980+09:00 0 0 경기73아1599 3 40 218000011 219001152 68 
2020-12-02T16:04:56.924331+09:00 0 0 경기73아1596 3 41 218000011 277102634 2 
2020-12-02T16:04:56.924392+09:00 0 0 경기73아1599 3 40 218000011 219001152 68 
2020-12-02T16:04:56.924412+09:00 0 0 경기73아1597 3 39 218000011 277101885 41 
2020-12-02T16:05:56.548044+09:00 0 0 경기73아1596 3 41 218000011 219000565 4 
2020-12-02T16:05:56.548107+09:00 0 0 경기73아1599 3 40 218000011 219000425 69 
2020-12-02T16:05:56.548126+09:00 0 0 경기73아1597 3 39 218000011 101000020 43 
2020-12-02T16:06:56.242081+09:00 0 0 경기73아1596 3 41 218000011 219000440 6 
2020-12-02T16:06:56.242140+09:00 0 0 경기73아1599 3 41 218000011 219000424 70 
2020-12-02T16:06:56.242160+09:00 0 0 경기73아1597 3 39 218000011 101000020 43 
2020-12-02T16:07:56.156226+09:00 0 0 경기73아1596 3 41 218000011 219000443 7 
2020-12-02T16:07:56.156285+09:00 0 0 경기73아1597 3 39 218000011 101000020 43 
2020-12-02T16:07:56.156310+09:00 0 0 경기73아1599 3 41 218000011 219000442 71 
2020-12-02T16:08:55.890243+09:00 0 0 경기73아1596 3 41 218000011 219000435 8 
2020-12-02T16:08:55.890315+09:00 0 0 경기73아1597 3 39 218000011 101000020 43 
2020-12-02T16:08:55.890335+09:00 0 0 경기73아1599 3 41 218000011 219000445 74 
2020-12-02T16:09:55.424396+09:00 0 0 경기73아1596 3 41 218000011 219000434 9 
2020-12-02T16:09:55.424461+09:00 0 0 경기73아1597 3 39 218000011 101000020 43 
2020-12-02T16:09:55.424482+09:00 0 0 경기73아1599 3 41 218000011 219000445 74 
2020-12-02T16:10:54.938493+09:00 0 0 경기73아1596 3 41 218000011 219000434 9 
2020-12-02T16:10:54.938556+09:00 0 0 경기73아1597 3 39 218000011 101000020 43 
2020-12-02T16:10:54.938577+09:00 0 0 경기73아1599 3 41 218000011 219000445 74 
2020-12-02T16:11:54.872538+09:00 0 0 경기73아1596 3 41 218000011 219000434 9 
2020-12-02T16:11:54.872613+09:00 0 0 경기73아1599 3 41 218000011 219000445 74 
2020-12-02T16:11:54.872633+09:00 0 0 경기73아1597 3 39 218000011 277102320 44 
2020-12-02T16:12:54.796857+09:00 0 0 경기73아1596 3 41 218000011 219001153 10 
2020-12-02T16:12:54.796920+09:00 0 0 경기73아1599 3 41 218000011 219000445 74 
2020-12-02T16:12:54.796942+09:00 0 0 경기73아1597 3 39 218000011 277102320 44 
2020-12-02T16:13:54.280910+09:00 0 0 경기73아1596 3 41 218000011 219000450 11 
2020-12-02T16:13:54.280974+09:00 0 0 경기73아1599 3 41 218000011 219000445 74 
2020-12-02T16:13:54.280996+09:00 0 0 경기73아1597 3 39 218000011 277104396 45 
2020-12-02T16:14:54.144938+09:00 0 0 경기73아1596 3 41 218000011 219000343 12 
2020-12-02T16:14:54.145013+09:00 0 0 경기73아1599 3 41 218000011 219000645 75 
2020-12-02T16:14:54.145066+09:00 0 0 경기73아1597 3 39 218000011 277104396 45 
2020-12-02T16:15:53.409087+09:00 0 0 경기73아1596 3 41 218000011 219000343 12 
2020-12-02T16:15:53.409149+09:00 0 0 경기73아1599 3 41 218000011 219000645 75 
2020-12-02T16:15:53.409169+09:00 0 0 경기73아1597 3 39 218000011 277104396 45 
2020-12-02T16:16:53.183006+09:00 0 0 경기73아1596 3 41 218000011 219000343 12 
2020-12-02T16:16:53.183069+09:00 0 0 경기73아1599 3 41 218000011 219000645 75 
2020-12-02T16:16:53.183088+09:00 0 0 경기73아1597 3 39 218000011 112000013 46 
2020-12-02T16:17:53.117244+09:00 0 0 경기73아1596 3 41 218000011 219000673 13 
2020-12-02T16:17:53.117305+09:00 0 0 경기73아1599 3 41 218000011 219000645 75 
2020-12-02T16:17:53.117326+09:00 0 0 경기73아1597 3 34 218000011 112000013 46 
2020-12-02T16:18:52.621375+09:00 0 0 경기73아1596 3 41 218000011 219001172 14 
2020-12-02T16:18:52.621452+09:00 0 0 경기73아1599 3 41 218000011 219000645 75 
2020-12-02T16:18:52.621472+09:00 0 0 경기73아1597 3 34 218000011 112000013 46 
2020-12-02T16:19:51.625332+09:00 0 0 경기73아1596 3 41 218000011 219001172 14 
2020-12-02T16:19:51.625392+09:00 0 0 경기73아1599 3 41 218000011 219000645 75 
2020-12-02T16:19:51.625413+09:00 0 0 경기73아1597 3 34 218000011 112000013 46 
2020-12-02T16:20:50.779505+09:00 0 0 경기73아1596 3 41 218000011 219001172 14 
2020-12-02T16:20:50.779569+09:00 0 0 경기73아1599 3 41 218000011 219000645 75 
2020-12-02T16:20:50.779589+09:00 0 0 경기73아1597 3 34 218000011 112000013 46 
2020-12-02T16:21:50.763523+09:00 0 0 경기73아1596 3 41 218000011 219000999 15 
2020-12-02T16:21:50.763599+09:00 0 0 경기73아1599 3 41 218000011 219000645 75 
2020-12-02T16:21:50.763620+09:00 0 0 경기73아1597 3 34 218000011 112000013 46 
2020-12-02T16:22:50.737656+09:00 0 0 경기73아1596 3 41 218000011 219000627 16 
2020-12-02T16:22:50.737719+09:00 0 0 경기73아1599 3 41 218000011 219000645 75 
2020-12-02T16:22:50.737738+09:00 0 0 경기73아1597 3 34 218000011 112000013 46 
2020-12-02T16:23:49.951585+09:00 0 0 경기73아1596 3 41 218000011 219000627 16 
2020-12-02T16:23:49.951647+09:00 0 0 경기73아1599 3 41 218000011 219000645 75 
2020-12-02T16:23:49.951668+09:00 0 0 경기73아1597 3 34 218000011 112000013 46 
2020-12-02T16:24:49.385324+09:00 0 0 경기73아1596 3 41 218000011 219000363 17 
2020-12-02T16:24:49.385385+09:00 0 0 경기73아1599 3 41 218000011 219000645 75 
2020-12-02T16:24:49.385406+09:00 0 0 경기73아1597 3 34 218000011 112000013 46 
2020-12-02T16:25:49.329145+09:00 0 0 경기73아1596 3 41 218000011 219000192 18 
2020-12-02T16:25:49.329207+09:00 0 0 경기73아1599 3 41 218000011 219000645 75 
2020-12-02T16:25:49.329227+09:00 0 0 경기73아1597 3 34 218000011 111000008 47 
2020-12-02T16:26:48.952841+09:00 0 0 경기73아1596 3 41 218000011 219000192 18 
2020-12-02T16:26:48.952904+09:00 0 0 경기73아1599 3 41 218000011 219000645 75 
2020-12-02T16:26:48.952925+09:00 0 0 경기73아1597 3 32 218000011 111000008 47 
2020-12-02T16:27:48.456519+09:00 0 0 경기73아1596 3 39 218000011 219000192 18 
2020-12-02T16:27:48.456561+09:00 0 0 경기73아1599 3 41 218000011 219000645 75 
2020-12-02T16:27:48.456580+09:00 0 0 경기73아1597 3 32 218000011 111000008 47 
2020-12-02T16:28:48.490990+09:00 0 0 경기73아1596 3 39 218000011 219000131 19 
2020-12-02T16:28:48.491053+09:00 0 0 경기73아1599 3 41 218000011 219000645 75 
2020-12-02T16:28:48.491072+09:00 0 0 경기73아1597 3 32 218000011 111000008 47 
2020-12-02T16:29:48.454410+09:00 0 0 경기73아1596 3 39 218000011 219000131 19 
2020-12-02T16:29:48.454473+09:00 0 0 경기73아1597 3 32 218000011 111000008 47 
2020-12-02T16:30:47.668320+09:00 0 0 경기73아1596 3 39 218000011 219000131 19 
2020-12-02T16:30:47.668382+09:00 0 0 경기73아1597 3 32 218000011 111000008 47 
2020-12-02T16:31:47.342135+09:00 0 0 경기73아1596 3 39 218000011 219000356 20 
2020-12-02T16:31:47.342198+09:00 0 0 경기73아1597 3 32 218000011 218000139 48 
2020-12-02T16:32:47.036202+09:00 0 0 경기73아1596 3 39 218000011 219000356 20 
2020-12-02T16:32:47.036264+09:00 0 0 경기73아1597 3 32 218000011 218000139 48 
2020-12-02T16:33:46.679954+09:00 0 0 경기73아1596 3 39 218000011 219000356 20 
2020-12-02T16:33:46.680015+09:00 0 0 경기73아1597 3 32 218000011 277103091 49 
2020-12-02T16:34:46.463889+09:00 0 0 경기73아1596 3 39 218000011 219000356 20 
2020-12-02T16:34:46.463950+09:00 0 0 경기73아1597 3 32 218000011 277103091 49 
2020-12-02T16:35:45.577785+09:00 0 0 경기73아1596 3 39 218000011 219000370 21 
2020-12-02T16:35:45.577847+09:00 0 0 경기73아1597 3 32 218000011 277103091 49 
2020-12-02T16:36:45.061866+09:00 0 0 경기73아1596 3 -1 218000011 219000370 21 
2020-12-02T16:36:45.061933+09:00 0 0 경기73아1597 3 32 218000011 277103091 49 
2020-12-02T16:37:44.805725+09:00 0 0 경기73아1596 3 39 218000011 219000454 22 
2020-12-02T16:37:44.805785+09:00 0 0 경기73아1597 3 31 218000011 218000134 50 
2020-12-02T16:38:44.699752+09:00 0 0 경기73아1596 3 39 218000011 219000454 22 
2020-12-02T16:38:44.699816+09:00 0 0 경기73아1597 3 31 218000011 218000636 51 
2020-12-02T16:39:43.573742+09:00 0 0 경기73아1596 3 39 218000011 219000368 23 
2020-12-02T16:39:43.573804+09:00 0 0 경기73아1597 3 31 218000011 218000636 51 
2020-12-02T16:40:43.117629+09:00 0 0 경기73아1596 3 39 218000011 219000368 23 
2020-12-02T16:40:43.117692+09:00 0 0 경기73아1597 3 31 218000011 218000636 51 
2020-12-02T16:41:42.301515+09:00 0 0 경기73아1596 3 39 218000011 219000368 23 
2020-12-02T16:41:42.301588+09:00 0 0 경기73아1597 3 31 218000011 218000078 52 
2020-12-02T16:42:42.185628+09:00 0 0 경기73아1596 3 39 218000011 219000163 24 
2020-12-02T16:42:42.185688+09:00 0 0 경기73아1597 3 33 218000011 218000319 53 
2020-12-02T16:43:42.039601+09:00 0 0 경기73아1596 3 39 218000011 219000163 24 
2020-12-02T16:43:42.039662+09:00 0 0 경기73아1597 3 33 218000011 218000320 54 
2020-12-02T16:44:41.613644+09:00 0 0 경기73아1596 3 39 218000011 219000163 24 
2020-12-02T16:44:41.613707+09:00 0 0 경기73아1597 3 33 218000011 218000320 54 
2020-12-02T16:45:41.467635+09:00 0 0 경기73아1596 3 39 218000011 219000163 24 
2020-12-02T16:45:41.467698+09:00 0 0 경기73아1597 3 33 218000011 218000320 54 
2020-12-02T16:46:41.321691+09:00 0 0 경기73아1596 3 39 218000011 219000163 24 
2020-12-02T16:46:41.321752+09:00 0 0 경기73아1597 3 33 218000011 218000320 54 
2020-12-02T16:47:40.805642+09:00 0 0 경기73아1596 3 39 218000011 218000316 25 
2020-12-02T16:47:40.805702+09:00 0 0 경기73아1597 3 33 218000011 218000320 54 
2020-12-02T16:48:40.629703+09:00 0 0 경기73아1596 3 39 218000011 218000317 26 
2020-12-02T16:48:40.629763+09:00 0 0 경기73아1597 3 33 218000011 218000320 54 
2020-12-02T16:49:40.443759+09:00 0 0 경기73아1596 3 39 218000011 218000317 26 
2020-12-02T16:49:40.443820+09:00 0 0 경기73아1597 3 33 218000011 219000386 55 
2020-12-02T16:50:39.517733+09:00 0 0 경기73아1596 3 39 218000011 218000318 27 
2020-12-02T16:50:39.517796+09:00 0 0 경기73아1597 3 33 218000011 219000386 55 
2020-12-02T16:51:39.001926+09:00 0 0 경기73아1596 3 39 218000011 218000637 28 
2020-12-02T16:51:39.001988+09:00 0 0 경기73아1597 3 33 218000011 219000386 55 
2020-12-02T16:52:38.555771+09:00 0 0 경기73아1596 3 39 218000011 218000637 28 
2020-12-02T16:52:38.555832+09:00 0 0 경기73아1597 3 33 218000011 219000385 56 
2020-12-02T16:53:38.459735+09:00 0 0 경기73아1596 3 39 218000011 218000637 28 
2020-12-02T16:53:38.459794+09:00 0 0 경기73아1597 3 33 218000011 219000385 56 
2020-12-02T16:54:38.273946+09:00 0 0 경기73아1596 3 39 218000011 218000145 29 
2020-12-02T16:54:38.274009+09:00 0 0 경기73아1597 3 33 218000011 219000385 56 
2020-12-02T16:55:37.977899+09:00 0 0 경기73아1596 3 39 218000011 218000145 29 
2020-12-02T16:55:37.977963+09:00 0 0 경기73아1597 3 34 218000011 219000383 57 
2020-12-02T16:56:37.421891+09:00 0 0 경기73아1596 3 39 218000011 277103090 30 
2020-12-02T16:56:37.421951+09:00 0 0 경기73아1597 3 34 218000011 219000383 57 
2020-12-02T16:57:37.556007+09:00 0 0 경기73아1596 3 39 218000011 277103090 30 
2020-12-02T16:57:37.556073+09:00 0 0 경기73아1597 3 37 218000011 219000191 58 
2020-12-02T16:58:36.489974+09:00 0 0 경기73아1596 3 39 218000011 277103090 30 
2020-12-02T16:58:36.490036+09:00 0 0 경기73아1597 3 37 218000011 219000191 58 
2020-12-02T16:59:35.994036+09:00 0 0 경기73아1596 3 39 218000011 218000140 31 
2020-12-02T16:59:35.994098+09:00 0 0 경기73아1597 3 37 218000011 219000130 59 
2020-12-02T17:00:35.878083+09:00 0 0 경기73아1596 3 39 218000011 218000140 31 
2020-12-02T17:00:35.878146+09:00 0 0 경기73아1597 3 37 218000011 219000130 59 
2020-12-02T17:01:35.532108+09:00 0 0 경기73아1596 3 39 218000011 218000140 31 
2020-12-02T17:01:35.532172+09:00 0 0 경기73아1597 3 38 218000011 219000190 60 
2020-12-02T17:02:35.226011+09:00 0 0 경기73아1596 3 39 218000011 218000140 31 
2020-12-02T17:02:35.226069+09:00 0 0 경기73아1597 3 38 218000011 219000190 60 
2020-12-02T17:03:34.940088+09:00 0 0 경기73아1596 3 39 218000011 218000140 31 
2020-12-02T17:03:34.940147+09:00 0 0 경기73아1597 3 40 218000011 219000189 61 
2020-12-02T17:04:34.734165+09:00 0 0 경기73아1596 3 39 218000011 111000007 32 
2020-12-02T17:04:34.734229+09:00 0 0 경기73아1597 3 40 218000011 219000189 61 
2020-12-02T17:05:34.808145+09:00 0 0 경기73아1596 3 39 218000011 111000007 32 
2020-12-02T17:05:34.808198+09:00 0 0 경기73아1597 3 40 218000011 219000189 61 
2020-12-02T17:06:34.153601+09:00 0 0 경기73아1596 3 39 218000011 111000007 32 
2020-12-02T17:06:34.153664+09:00 0 0 경기73아1597 3 40 218000011 219000129 62 
2020-12-02T17:07:33.796473+09:00 0 0 경기73아1596 3 39 218000011 111000007 32 
2020-12-02T17:07:33.796533+09:00 0 0 경기73아1597 3 40 218000011 219000623 63 
2020-12-02T17:08:33.720351+09:00 0 0 경기73아1596 3 39 218000011 111000007 32 
2020-12-02T17:08:33.720412+09:00 0 0 경기73아1597 3 40 218000011 219000623 63 
2020-12-02T17:09:33.014343+09:00 0 0 경기73아1596 3 39 218000011 111000007 32 
2020-12-02T17:09:33.014403+09:00 0 0 경기73아1597 3 40 218000011 219001155 64 
2020-12-02T17:10:32.548415+09:00 0 0 경기73아1596 3 39 218000011 111000007 32 
2020-12-02T17:10:32.548478+09:00 0 0 경기73아1597 3 40 218000011 219001155 64 
2020-12-02T17:11:32.242423+09:00 0 0 경기73아1596 3 39 218000011 111000007 32 
2020-12-02T17:11:32.242483+09:00 0 0 경기73아1597 3 40 218000011 219001155 64 
2020-12-02T17:12:32.156475+09:00 0 0 경기73아1596 3 39 218000011 111000007 32 
2020-12-02T17:12:32.156535+09:00 0 0 경기73아1597 3 40 218000011 219000674 65 
2020-12-02T17:13:31.880588+09:00 0 0 경기73아1596 3 39 218000011 111000007 32 
2020-12-02T17:13:31.880651+09:00 0 0 경기73아1597 3 40 218000011 219000119 66 
2020-12-02T17:14:31.035679+09:00 0 0 경기73아1596 3 39 218000011 112000012 33 
2020-12-02T17:14:31.035740+09:00 0 0 경기73아1597 3 40 218000011 219000119 66 
2020-12-02T17:15:30.018541+09:00 0 0 경기73아1596 3 39 218000011 112000012 33 
2020-12-02T17:15:30.018605+09:00 0 0 경기73아1597 3 40 218000011 219000119 66 
2020-12-02T17:16:29.642569+09:00 0 0 경기73아1596 3 39 218000011 277101784 34 
2020-12-02T17:16:29.642629+09:00 0 0 경기73아1597 3 40 218000011 219000119 66 
2020-12-02T17:17:29.006555+09:00 0 0 경기73아1596 3 39 218000011 277101784 34 
2020-12-02T17:17:29.006620+09:00 0 0 경기73아1597 3 40 218000011 219000451 67 
2020-12-02T17:18:28.750618+09:00 0 0 경기73아1596 3 39 218000011 277101784 34 
2020-12-02T17:18:28.750676+09:00 0 0 경기73아1597 3 40 218000011 219000451 67 
2020-12-02T17:19:28.554736+09:00 0 0 경기73아1596 3 39 218000011 277103098 35 
2020-12-02T17:19:28.554798+09:00 0 0 경기73아1597 3 40 218000011 219001152 68 
2020-12-02T17:20:28.238698+09:00 0 0 경기73아1596 3 39 218000011 277103098 35 
2020-12-02T17:20:28.238761+09:00 0 0 경기73아1597 3 40 218000011 219000645 75 
2020-12-02T17:21:27.602734+09:00 0 0 경기73아1596 3 39 218000011 277103099 36 
2020-12-02T17:21:27.602796+09:00 0 0 경기73아1597 3 40 218000011 219000645 75 
2020-12-02T17:22:27.336774+09:00 0 0 경기73아1596 3 39 218000011 277103099 36 
2020-12-02T17:22:27.336836+09:00 0 0 경기73아1597 3 40 218000011 219000645 75 
2020-12-02T17:22:27.336857+09:00 0 0 경기73아1599 3 41 218000011 219000644 1 
2020-12-02T17:23:27.330844+09:00 0 0 경기73아1596 3 39 218000011 277103099 36 
2020-12-02T17:23:27.330908+09:00 0 0 경기73아1597 3 40 218000011 219000645 75 
2020-12-02T17:23:27.330929+09:00 0 0 경기73아1599 3 41 218000011 219000644 1 
2020-12-02T17:24:26.714816+09:00 0 0 경기73아1596 3 41 218000011 100000034 37 
2020-12-02T17:24:26.714874+09:00 0 0 경기73아1597 3 40 218000011 219000645 75 
2020-12-02T17:24:26.714894+09:00 0 0 경기73아1599 3 41 218000011 277102634 2 
2020-12-02T17:25:26.618914+09:00 0 0 경기73아1596 3 41 218000011 100000034 37 
2020-12-02T17:25:26.618977+09:00 0 0 경기73아1597 3 40 218000011 219000645 75 
2020-12-02T17:25:26.618997+09:00 0 0 경기73아1599 3 41 218000011 219000752 3 
2020-12-02T17:26:26.162993+09:00 0 0 경기73아1596 3 40 218000011 100000034 37 
2020-12-02T17:26:26.163055+09:00 0 0 경기73아1597 3 40 218000011 219000645 75 
2020-12-02T17:26:26.163082+09:00 0 0 경기73아1599 3 41 218000011 219000565 4 
2020-12-02T17:27:25.666947+09:00 0 0 경기73아1596 3 40 218000011 100000034 37 
2020-12-02T17:27:25.667009+09:00 0 0 경기73아1597 3 40 218000011 219000645 75 
2020-12-02T17:27:25.667030+09:00 0 0 경기73아1599 3 41 218000011 219000443 7 
2020-12-02T17:28:25.430909+09:00 0 0 경기73아1596 3 40 218000011 277104283 38 
2020-12-02T17:28:25.430979+09:00 0 0 경기73아1597 3 40 218000011 219000645 75 
2020-12-02T17:28:25.431010+09:00 0 0 경기73아1599 3 41 218000011 219000443 7 
2020-12-02T17:29:25.405007+09:00 0 0 경기73아1596 3 40 218000011 101000128 39 
2020-12-02T17:29:25.405098+09:00 0 0 경기73아1597 3 40 218000011 219000645 75 
2020-12-02T17:29:25.405120+09:00 0 0 경기73아1599 3 41 218000011 219000435 8 
2020-12-02T17:30:25.309085+09:00 0 0 경기73아1596 3 40 218000011 101000128 39 
2020-12-02T17:30:25.309148+09:00 0 0 경기73아1597 3 40 218000011 219000645 75 
2020-12-02T17:30:25.309171+09:00 0 0 경기73아1599 3 41 218000011 219000434 9 
2020-12-02T17:31:25.263118+09:00 0 0 경기73아1596 3 38 218000011 101000128 39 
2020-12-02T17:31:25.263179+09:00 0 0 경기73아1597 3 40 218000011 219000645 75 
2020-12-02T17:31:25.263199+09:00 0 0 경기73아1599 3 41 218000011 219000434 9 
2020-12-02T17:32:24.987723+09:00 0 0 경기73아1596 3 38 218000011 101000128 39 
2020-12-02T17:32:24.987783+09:00 0 0 경기73아1597 3 40 218000011 219000645 75 
2020-12-02T17:32:24.987808+09:00 0 0 경기73아1599 3 41 218000011 219000434 9 
2020-12-02T17:33:24.852535+09:00 0 0 경기73아1596 3 36 218000011 101000022 40 
2020-12-02T17:33:24.852597+09:00 0 0 경기73아1597 3 40 218000011 219000645 75 
2020-12-02T17:33:24.852616+09:00 0 0 경기73아1599 3 41 218000011 219001153 10 
2020-12-02T17:34:23.737274+09:00 0 0 경기73아1596 3 34 218000011 101000022 40 
2020-12-02T17:34:23.737336+09:00 0 0 경기73아1597 3 40 218000011 219000645 75 
2020-12-02T17:34:23.737356+09:00 0 0 경기73아1599 3 41 218000011 219001153 10 
2020-12-02T17:35:23.631822+09:00 0 0 경기73아1596 3 34 218000011 277101885 41 
2020-12-02T17:35:23.631884+09:00 0 0 경기73아1599 3 41 218000011 219000450 11 
2020-12-02T17:36:23.376493+09:00 0 0 경기73아1596 3 34 218000011 277101993 42 
2020-12-02T17:36:23.376555+09:00 0 0 경기73아1599 3 41 218000011 219000343 12 
2020-12-02T17:37:23.340933+09:00 0 0 경기73아1596 3 34 218000011 277101993 42 
2020-12-02T17:37:23.340993+09:00 0 0 경기73아1599 3 41 218000011 219000343 12 
2020-12-02T17:38:23.445642+09:00 0 0 경기73아1596 3 34 218000011 277101993 42 
2020-12-02T17:38:23.445704+09:00 0 0 경기73아1599 3 41 218000011 219000673 13 
2020-12-02T17:39:23.129950+09:00 0 0 경기73아1596 3 28 218000011 101000020 43 
2020-12-02T17:39:23.130015+09:00 0 0 경기73아1599 3 41 218000011 219000673 13 
2020-12-02T17:40:22.174350+09:00 0 0 경기73아1596 3 28 218000011 101000020 43 
2020-12-02T17:40:22.174412+09:00 0 0 경기73아1599 3 41 218000011 219000673 13 
2020-12-02T17:41:22.188677+09:00 0 0 경기73아1596 3 28 218000011 101000020 43 
2020-12-02T17:41:22.188722+09:00 0 0 경기73아1599 3 40 218000011 219001172 14 
2020-12-02T17:42:21.093122+09:00 0 0 경기73아1596 3 28 218000011 277102320 44 
2020-12-02T17:42:21.093182+09:00 0 0 경기73아1599 3 40 218000011 219000999 15 
2020-12-02T17:43:21.027508+09:00 0 0 경기73아1596 3 28 218000011 277102320 44 
2020-12-02T17:43:21.027569+09:00 0 0 경기73아1599 3 40 218000011 219000999 15 
2020-12-02T17:44:20.981877+09:00 0 0 경기73아1596 3 28 218000011 277104396 45 
2020-12-02T17:44:20.981940+09:00 0 0 경기73아1599 3 40 218000011 219000627 16 
2020-12-02T17:45:20.176056+09:00 0 0 경기73아1596 3 28 218000011 277104396 45 
2020-12-02T17:45:20.176118+09:00 0 0 경기73아1599 3 39 218000011 219000363 17 
2020-12-02T17:46:19.980257+09:00 0 0 경기73아1596 3 28 218000011 277104396 45 
2020-12-02T17:46:19.980302+09:00 0 0 경기73아1599 3 39 218000011 219000192 18 
2020-12-02T17:47:19.564637+09:00 0 0 경기73아1596 3 28 218000011 277104396 45 
2020-12-02T17:47:19.564704+09:00 0 0 경기73아1599 3 39 218000011 219000192 18 
2020-12-02T17:48:19.458924+09:00 0 0 경기73아1596 3 28 218000011 277104396 45 
2020-12-02T17:48:19.458986+09:00 0 0 경기73아1599 3 39 218000011 219000192 18 
2020-12-02T17:49:19.313243+09:00 0 0 경기73아1596 3 28 218000011 277104396 45 
2020-12-02T17:49:19.313307+09:00 0 0 경기73아1599 3 39 218000011 219000131 19 
2020-12-02T17:50:19.237491+09:00 0 0 경기73아1596 3 28 218000011 112000013 46 
2020-12-02T17:50:19.237559+09:00 0 0 경기73아1599 3 39 218000011 219000131 19 
2020-12-02T17:51:19.251806+09:00 0 0 경기73아1596 3 26 218000011 112000013 46 
2020-12-02T17:51:19.251875+09:00 0 0 경기73아1599 3 39 218000011 219000131 19 
2020-12-02T17:52:18.245815+09:00 0 0 경기73아1596 3 26 218000011 112000013 46 
2020-12-02T17:52:18.245876+09:00 0 0 경기73아1599 3 39 218000011 219000131 19 
2020-12-02T17:53:17.950054+09:00 0 0 경기73아1596 3 26 218000011 112000013 46 
2020-12-02T17:53:17.950116+09:00 0 0 경기73아1599 3 38 218000011 219000356 20 
2020-12-02T17:54:17.604285+09:00 0 0 경기73아1596 3 26 218000011 112000013 46 
2020-12-02T17:54:17.604348+09:00 0 0 경기73아1599 3 38 218000011 219000356 20 
2020-12-02T17:55:17.598497+09:00 0 0 경기73아1596 3 26 218000011 112000013 46 
2020-12-02T17:55:17.598564+09:00 0 0 경기73아1599 3 38 218000011 219000356 20 
2020-12-02T17:56:17.432729+09:00 0 0 경기73아1596 3 26 218000011 112000013 46 
2020-12-02T17:56:17.432792+09:00 0 0 경기73아1599 3 38 218000011 219000370 21 
2020-12-02T17:57:17.046859+09:00 0 0 경기73아1596 3 26 218000011 112000013 46 
2020-12-02T17:57:17.046921+09:00 0 0 경기73아1599 3 38 218000011 219000370 21 
2020-12-02T17:58:16.931028+09:00 0 0 경기73아1596 3 26 218000011 112000013 46 
2020-12-02T17:58:16.931101+09:00 0 0 경기73아1599 3 38 218000011 219000370 21 
2020-12-02T17:59:17.035268+09:00 0 0 경기73아1596 3 26 218000011 111000008 47 
2020-12-02T17:59:17.035331+09:00 0 0 경기73아1599 3 38 218000011 219000368 23 
2020-12-02T18:00:16.649378+09:00 0 0 경기73아1596 3 23 218000011 111000008 47 
2020-12-02T18:00:16.649440+09:00 0 0 경기73아1599 3 37 218000011 219000368 23 
2020-12-02T18:01:15.463547+09:00 0 0 경기73아1596 3 23 218000011 111000008 47 
2020-12-02T18:01:15.463607+09:00 0 0 경기73아1599 3 37 218000011 219000368 23 
2020-12-02T18:02:15.297774+09:00 0 0 경기73아1596 3 23 218000011 111000008 47 
2020-12-02T18:02:15.297836+09:00 0 0 경기73아1599 3 37 218000011 219000163 24 
2020-12-02T18:03:14.951902+09:00 0 0 경기73아1596 3 23 218000011 111000008 47 
2020-12-02T18:03:14.951963+09:00 0 0 경기73아1599 3 37 218000011 219000163 24 
2020-12-02T18:04:14.686066+09:00 0 0 경기73아1596 3 23 218000011 111000008 47 
2020-12-02T18:04:14.686129+09:00 0 0 경기73아1599 3 37 218000011 219000163 24 
2020-12-02T18:05:13.710137+09:00 0 0 경기73아1596 3 23 218000011 218000139 48 
2020-12-02T18:05:13.710197+09:00 0 0 경기73아1599 3 37 218000011 219000163 24 
2020-12-02T18:06:13.624541+09:00 0 0 경기73아1596 3 23 218000011 218000139 48 
2020-12-02T18:06:13.624601+09:00 0 0 경기73아1599 3 37 218000011 219000163 24 
2020-12-02T18:07:13.488934+09:00 0 0 경기73아1596 3 23 218000011 218000139 48 
2020-12-02T18:07:13.488995+09:00 0 0 경기73아1599 3 37 218000011 219000163 24 
2020-12-02T18:08:12.714766+09:00 0 0 경기73아1596 3 23 218000011 277103091 49 
2020-12-02T18:08:12.714827+09:00 0 0 경기73아1599 3 38 218000011 218000316 25 
2020-12-02T18:09:11.687817+09:00 0 0 경기73아1596 3 23 218000011 277103091 49 
2020-12-02T18:09:11.687879+09:00 0 0 경기73아1599 3 34 218000011 218000316 25 
2020-12-02T18:10:11.642222+09:00 0 0 경기73아1596 3 23 218000011 277103091 49 
2020-12-02T18:10:11.642285+09:00 0 0 경기73아1599 3 32 218000011 218000317 26 
2020-12-02T18:11:11.716676+09:00 0 0 경기73아1596 3 23 218000011 277103091 49 
2020-12-02T18:11:11.716739+09:00 0 0 경기73아1599 3 33 218000011 218000318 27 
2020-12-02T18:12:10.681723+09:00 0 0 경기73아1596 3 24 218000011 218000134 50 
2020-12-02T18:12:10.681787+09:00 0 0 경기73아1599 3 33 218000011 218000637 28 
2020-12-02T18:13:09.845311+09:00 0 0 경기73아1596 3 24 218000011 218000134 50 
2020-12-02T18:13:09.845374+09:00 0 0 경기73아1599 3 33 218000011 218000637 28 
2020-12-02T18:14:09.809555+09:00 0 0 경기73아1596 3 24 218000011 218000134 50 
2020-12-02T18:14:09.809618+09:00 0 0 경기73아1599 3 33 218000011 218000637 28 
2020-12-02T18:15:09.753794+09:00 0 0 경기73아1596 3 25 218000011 218000636 51 
2020-12-02T18:15:09.753861+09:00 0 0 경기73아1599 3 33 218000011 218000145 29 
2020-12-02T18:16:09.658153+09:00 0 0 경기73아1596 3 25 218000011 218000636 51 
2020-12-02T18:16:09.658214+09:00 0 0 경기73아1599 3 33 218000011 218000145 29 
2020-12-02T18:17:09.212412+09:00 0 0 경기73아1596 3 26 218000011 218000078 52 
2020-12-02T18:17:09.212474+09:00 0 0 경기73아1599 3 33 218000011 218000145 29 
2020-12-02T18:18:09.007014+09:00 0 0 경기73아1596 3 26 218000011 218000078 52 
2020-12-02T18:18:09.007080+09:00 0 0 경기73아1599 3 33 218000011 218000145 29 
2020-12-02T18:19:07.960964+09:00 0 0 경기73아1596 3 27 218000011 218000319 53 
2020-12-02T18:19:07.961027+09:00 0 0 경기73아1599 3 33 218000011 277103090 30 
2020-12-02T18:20:07.755307+09:00 0 0 경기73아1596 3 29 218000011 218000320 54 
2020-12-02T18:20:07.755380+09:00 0 0 경기73아1599 3 33 218000011 218000140 31 
2020-12-02T18:21:07.219367+09:00 0 0 경기73아1596 3 30 218000011 218000320 54 
2020-12-02T18:21:07.219468+09:00 0 0 경기73아1599 3 33 218000011 218000140 31 
2020-12-02T18:22:06.713672+09:00 0 0 경기73아1596 3 30 218000011 218000320 54 
2020-12-02T18:22:06.713741+09:00 0 0 경기73아1599 3 33 218000011 218000140 31 
2020-12-02T18:23:06.247829+09:00 0 0 경기73아1596 3 30 218000011 218000320 54 
2020-12-02T18:23:06.247893+09:00 0 0 경기73아1599 3 33 218000011 218000140 31 
2020-12-02T18:24:05.292027+09:00 0 0 경기73아1596 3 30 218000011 218000320 54 
2020-12-02T18:24:05.292088+09:00 0 0 경기73아1599 3 33 218000011 218000140 31 
2020-12-02T18:25:04.686157+09:00 0 0 경기73아1596 3 30 218000011 218000320 54 
2020-12-02T18:25:04.686222+09:00 0 0 경기73아1599 3 34 218000011 218000140 31 
2020-12-02T18:26:04.580525+09:00 0 0 경기73아1596 3 30 218000011 219000386 55 
2020-12-02T18:26:04.580585+09:00 0 0 경기73아1599 3 34 218000011 111000007 32 
2020-12-02T18:27:04.404662+09:00 0 0 경기73아1596 3 30 218000011 219000386 55 
2020-12-02T18:27:04.404724+09:00 0 0 경기73아1599 3 35 218000011 111000007 32 
2020-12-02T18:28:04.018893+09:00 0 0 경기73아1596 3 30 218000011 219000386 55 
2020-12-02T18:28:04.018957+09:00 0 0 경기73아1599 3 35 218000011 111000007 32 
2020-12-02T18:29:04.103097+09:00 0 0 경기73아1596 3 30 218000011 219000385 56 
2020-12-02T18:29:04.103159+09:00 0 0 경기73아1599 3 35 218000011 111000007 32 
2020-12-02T18:30:03.157272+09:00 0 0 경기73아1596 3 30 218000011 219000385 56 
2020-12-02T18:30:03.157333+09:00 0 0 경기73아1599 3 35 218000011 111000007 32 
2020-12-02T18:31:02.471413+09:00 0 0 경기73아1596 3 32 218000011 219000385 56 
2020-12-02T18:31:02.471467+09:00 0 0 경기73아1599 3 35 218000011 111000007 32 
2020-12-02T18:32:02.575703+09:00 0 0 경기73아1596 3 33 218000011 219000383 57 
2020-12-02T18:32:02.575765+09:00 0 0 경기73아1599 3 35 218000011 111000007 32 
2020-12-02T18:33:02.420052+09:00 0 0 경기73아1596 3 34 218000011 219000383 57 
2020-12-02T18:33:02.420114+09:00 0 0 경기73아1599 3 35 218000011 111000007 32 
2020-12-02T18:34:01.464100+09:00 0 0 경기73아1596 3 34 218000011 219000383 57 
2020-12-02T18:34:01.464163+09:00 0 0 경기73아1599 3 35 218000011 111000007 32 
2020-12-02T18:35:01.008319+09:00 0 0 경기73아1596 3 34 218000011 219000383 57 
2020-12-02T18:35:01.008382+09:00 0 0 경기73아1599 3 35 218000011 111000007 32 
2020-12-02T18:36:00.972510+09:00 0 0 경기73아1596 3 35 218000011 219000191 58 
2020-12-02T18:36:00.972573+09:00 0 0 경기73아1599 3 37 218000011 112000012 33 
2020-12-02T18:37:00.756668+09:00 0 0 경기73아1596 3 35 218000011 219000191 58 
2020-12-02T18:37:00.756731+09:00 0 0 경기73아1599 3 37 218000011 277101784 34 
2020-12-02T18:38:00.760973+09:00 0 0 경기73아1596 3 35 218000011 219000191 58 
2020-12-02T18:38:00.761063+09:00 0 0 경기73아1599 3 37 218000011 277101784 34 
2020-12-02T18:39:00.455111+09:00 0 0 경기73아1596 3 36 218000011 219000130 59 
2020-12-02T18:39:00.455156+09:00 0 0 경기73아1599 3 37 218000011 277101784 34 
2020-12-02T18:40:00.539287+09:00 0 0 경기73아1596 3 37 218000011 219000130 59 
2020-12-02T18:40:00.539348+09:00 0 0 경기73아1599 3 37 218000011 277103098 35 
2020-12-02T18:41:00.262892+09:00 0 0 경기73아1596 3 37 218000011 219000130 59 
2020-12-02T18:41:00.262955+09:00 0 0 경기73아1599 3 37 218000011 277103098 35 
2020-12-02T18:41:59.826387+09:00 0 0 경기73아1596 3 37 218000011 219000190 60 
2020-12-02T18:41:59.826454+09:00 0 0 경기73아1599 3 37 218000011 277103099 36 
2020-12-02T18:41:59.826475+09:00 0 0 경기73아1597 3 41 218000011 219000644 1 
2020-12-02T18:42:59.680051+09:00 0 0 경기73아1596 3 37 218000011 219000190 60 
2020-12-02T18:42:59.680112+09:00 0 0 경기73아1597 3 41 218000011 219000644 1 
2020-12-02T18:42:59.680132+09:00 0 0 경기73아1599 3 38 218000011 100000034 37 
2020-12-02T18:43:59.453653+09:00 0 0 경기73아1596 3 37 218000011 219000189 61 
2020-12-02T18:43:59.453715+09:00 0 0 경기73아1597 3 41 218000011 219000644 1 
2020-12-02T18:43:59.453736+09:00 0 0 경기73아1599 3 38 218000011 100000034 37 
2020-12-02T18:44:58.957426+09:00 0 0 경기73아1596 3 37 218000011 219000129 62 
2020-12-02T18:44:58.957490+09:00 0 0 경기73아1597 3 41 218000011 277102634 2 
2020-12-02T18:44:58.957511+09:00 0 0 경기73아1599 3 33 218000011 277104283 38 
2020-12-02T18:45:58.841255+09:00 0 0 경기73아1596 3 37 218000011 219000129 62 
2020-12-02T18:45:58.841318+09:00 0 0 경기73아1597 3 41 218000011 219000565 4 
2020-12-02T18:45:58.841338+09:00 0 0 경기73아1599 3 31 218000011 101000128 39 
2020-12-02T18:46:58.565024+09:00 0 0 경기73아1596 3 37 218000011 219000129 62 
2020-12-02T18:46:58.565126+09:00 0 0 경기73아1599 3 31 218000011 101000128 39 
2020-12-02T18:46:58.565149+09:00 0 0 경기73아1597 3 41 218000011 219000440 6 
2020-12-02T18:47:58.616602+09:00 0 0 경기73아1596 3 37 218000011 219000623 63 
2020-12-02T18:47:58.616664+09:00 0 0 경기73아1599 3 31 218000011 101000128 39 
2020-12-02T18:47:58.616684+09:00 0 0 경기73아1597 3 41 218000011 219000443 7 
2020-12-02T18:48:58.412683+09:00 0 0 경기73아1596 3 37 218000011 219000623 63 
2020-12-02T18:48:58.412747+09:00 0 0 경기73아1599 3 31 218000011 101000128 39 
2020-12-02T18:48:58.412768+09:00 0 0 경기73아1597 3 41 218000011 219000435 8 
2020-12-02T18:49:58.026608+09:00 0 0 경기73아1596 3 39 218000011 219001155 64 
2020-12-02T18:49:58.026673+09:00 0 0 경기73아1599 3 29 218000011 101000022 40 
2020-12-02T18:49:58.026702+09:00 0 0 경기73아1597 3 41 218000011 219000434 9 
2020-12-02T18:50:57.020545+09:00 0 0 경기73아1596 3 39 218000011 219000674 65 
2020-12-02T18:50:57.020611+09:00 0 0 경기73아1599 3 29 218000011 101000022 40 
2020-12-02T18:50:57.020631+09:00 0 0 경기73아1597 3 41 218000011 219000434 9 
2020-12-02T18:51:56.834358+09:00 0 0 경기73아1596 3 39 218000011 219000119 66 
2020-12-02T18:51:56.834418+09:00 0 0 경기73아1597 3 41 218000011 219000434 9 
2020-12-02T18:51:56.834438+09:00 0 0 경기73아1599 3 29 218000011 277101993 42 
2020-12-02T18:52:56.898252+09:00 0 0 경기73아1596 3 39 218000011 219000119 66 
2020-12-02T18:52:56.898314+09:00 0 0 경기73아1599 3 29 218000011 277101993 42 
2020-12-02T18:52:56.898342+09:00 0 0 경기73아1597 3 41 218000011 219001153 10 
2020-12-02T18:53:56.472336+09:00 0 0 경기73아1596 3 39 218000011 219000119 66 
2020-12-02T18:53:56.472400+09:00 0 0 경기73아1597 3 41 218000011 219001153 10 
2020-12-02T18:53:56.472421+09:00 0 0 경기73아1599 3 29 218000011 277101993 42 
2020-12-02T18:54:56.256196+09:00 0 0 경기73아1596 3 39 218000011 219000119 66 
2020-12-02T18:54:56.256258+09:00 0 0 경기73아1599 3 29 218000011 277101993 42 
2020-12-02T18:54:56.256278+09:00 0 0 경기73아1597 3 41 218000011 219000450 11 
2020-12-02T18:55:56.150256+09:00 0 0 경기73아1596 3 39 218000011 219000451 67 
2020-12-02T18:55:56.150319+09:00 0 0 경기73아1599 3 29 218000011 101000020 43 
2020-12-02T18:55:56.150339+09:00 0 0 경기73아1597 3 41 218000011 219000343 12 
2020-12-02T18:56:55.994206+09:00 0 0 경기73아1596 3 39 218000011 219000451 67 
2020-12-02T18:56:55.994270+09:00 0 0 경기73아1599 3 29 218000011 101000020 43 
2020-12-02T18:56:55.994291+09:00 0 0 경기73아1597 3 41 218000011 219000343 12 
2020-12-02T18:57:55.818109+09:00 0 0 경기73아1596 3 39 218000011 219001152 68 
2020-12-02T18:57:55.818171+09:00 0 0 경기73아1599 3 26 218000011 101000020 43 
2020-12-02T18:57:55.818192+09:00 0 0 경기73아1597 3 41 218000011 219000673 13 
2020-12-02T18:58:55.602120+09:00 0 0 경기73아1596 3 39 218000011 219001152 68 
2020-12-02T18:58:55.602181+09:00 0 0 경기73아1599 3 26 218000011 101000020 43 
2020-12-02T18:58:55.602202+09:00 0 0 경기73아1597 3 41 218000011 219000673 13 
2020-12-02T18:59:55.546221+09:00 0 0 경기73아1596 3 39 218000011 219001152 68 
2020-12-02T18:59:55.546284+09:00 0 0 경기73아1597 3 41 218000011 219000673 13 
2020-12-02T18:59:55.546304+09:00 0 0 경기73아1599 3 26 218000011 277102320 44 
2020-12-02T19:00:54.730105+09:00 0 0 경기73아1596 3 39 218000011 219001152 68 
2020-12-02T19:00:54.730164+09:00 0 0 경기73아1599 3 26 218000011 277102320 44 
2020-12-02T19:00:54.730184+09:00 0 0 경기73아1597 3 41 218000011 219001172 14 
2020-12-02T19:01:54.644234+09:00 0 0 경기73아1596 3 40 218000011 219000425 69 
2020-12-02T19:01:54.644297+09:00 0 0 경기73아1599 3 26 218000011 277102320 44 
2020-12-02T19:01:54.644318+09:00 0 0 경기73아1597 3 41 218000011 219000999 15 
2020-12-02T19:02:54.418256+09:00 0 0 경기73아1596 3 40 218000011 219000424 70 
2020-12-02T19:02:54.418318+09:00 0 0 경기73아1599 3 26 218000011 277102320 44 
2020-12-02T19:02:54.418338+09:00 0 0 경기73아1597 3 41 218000011 219000627 16 
2020-12-02T19:03:54.462280+09:00 0 0 경기73아1596 3 40 218000011 219000444 73 
2020-12-02T19:03:54.462353+09:00 0 0 경기73아1599 3 26 218000011 277102320 44 
2020-12-02T19:03:54.462373+09:00 0 0 경기73아1597 3 41 218000011 219000627 16 
2020-12-02T19:04:54.296661+09:00 0 0 경기73아1596 3 40 218000011 219000445 74 
2020-12-02T19:04:54.296722+09:00 0 0 경기73아1597 3 41 218000011 219000363 17 
2020-12-02T19:04:54.296742+09:00 0 0 경기73아1599 3 26 218000011 277104396 45 
2020-12-02T19:05:54.060472+09:00 0 0 경기73아1596 3 40 218000011 219000445 74 
2020-12-02T19:05:54.060532+09:00 0 0 경기73아1599 3 26 218000011 277104396 45 
2020-12-02T19:05:54.060552+09:00 0 0 경기73아1597 3 41 218000011 219000192 18 
2020-12-02T19:06:53.584492+09:00 0 0 경기73아1596 3 40 218000011 219000445 74 
2020-12-02T19:06:53.584545+09:00 0 0 경기73아1599 3 26 218000011 277104396 45 
2020-12-02T19:06:53.584565+09:00 0 0 경기73아1597 3 41 218000011 219000192 18 
2020-12-02T19:07:53.428552+09:00 0 0 경기73아1596 3 40 218000011 219000445 74 
2020-12-02T19:07:53.428613+09:00 0 0 경기73아1599 3 26 218000011 277104396 45 
2020-12-02T19:07:53.428633+09:00 0 0 경기73아1597 3 41 218000011 219000192 18 
2020-12-02T19:08:52.362684+09:00 0 0 경기73아1596 3 40 218000011 219000445 74 
2020-12-02T19:08:52.362746+09:00 0 0 경기73아1599 3 26 218000011 277104396 45 
2020-12-02T19:08:52.362766+09:00 0 0 경기73아1597 3 41 218000011 219000131 19 
2020-12-02T19:09:52.446655+09:00 0 0 경기73아1596 3 40 218000011 219000445 74 
2020-12-02T19:09:52.446717+09:00 0 0 경기73아1597 3 41 218000011 219000131 19 
2020-12-02T19:09:52.446738+09:00 0 0 경기73아1599 3 26 218000011 277104396 45 
2020-12-02T19:10:51.500745+09:00 0 0 경기73아1596 3 40 218000011 219000645 75 
2020-12-02T19:10:51.500806+09:00 0 0 경기73아1599 3 23 218000011 112000013 46 
2020-12-02T19:10:51.500827+09:00 0 0 경기73아1597 3 41 218000011 219000131 19 
2020-12-02T19:11:51.264720+09:00 0 0 경기73아1596 3 40 218000011 219000645 75 
2020-12-02T19:11:51.264780+09:00 0 0 경기73아1599 3 23 218000011 112000013 46 
2020-12-02T19:11:51.264800+09:00 0 0 경기73아1597 3 41 218000011 219000356 20 
2020-12-02T19:12:51.168736+09:00 0 0 경기73아1596 3 40 218000011 219000645 75 
2020-12-02T19:12:51.168800+09:00 0 0 경기73아1599 3 23 218000011 112000013 46 
2020-12-02T19:12:51.168821+09:00 0 0 경기73아1597 3 41 218000011 219000356 20 
2020-12-02T19:13:50.812976+09:00 0 0 경기73아1596 3 40 218000011 219000645 75 
2020-12-02T19:13:50.813062+09:00 0 0 경기73아1599 3 23 218000011 112000013 46 
2020-12-02T19:13:50.813087+09:00 0 0 경기73아1597 3 41 218000011 219000356 20 
2020-12-02T19:14:49.806869+09:00 0 0 경기73아1596 3 40 218000011 219000645 75 
2020-12-02T19:14:49.806930+09:00 0 0 경기73아1599 3 23 218000011 112000013 46 
2020-12-02T19:14:49.806951+09:00 0 0 경기73아1597 3 41 218000011 219000370 21 
2020-12-02T19:15:49.710918+09:00 0 0 경기73아1596 3 40 218000011 219000645 75 
2020-12-02T19:15:49.710988+09:00 0 0 경기73아1599 3 23 218000011 112000013 46 
2020-12-02T19:15:49.711009+09:00 0 0 경기73아1597 3 41 218000011 219000370 21 
2020-12-02T19:16:49.705157+09:00 0 0 경기73아1596 3 40 218000011 219000645 75 
2020-12-02T19:16:49.705211+09:00 0 0 경기73아1599 3 23 218000011 112000013 46 
2020-12-02T19:16:49.705231+09:00 0 0 경기73아1597 3 41 218000011 219000368 23 
2020-12-02T19:17:49.499064+09:00 0 0 경기73아1596 3 40 218000011 219000645 75 
2020-12-02T19:17:49.499126+09:00 0 0 경기73아1597 3 41 218000011 219000368 23 
2020-12-02T19:17:49.499146+09:00 0 0 경기73아1599 3 23 218000011 111000008 47 
2020-12-02T19:18:49.113284+09:00 0 0 경기73아1596 3 40 218000011 219000645 75 
2020-12-02T19:18:49.113346+09:00 0 0 경기73아1599 3 21 218000011 111000008 47 
2020-12-02T19:18:49.113366+09:00 0 0 경기73아1597 3 41 218000011 219000163 24 
2020-12-02T19:19:48.907226+09:00 0 0 경기73아1596 3 40 218000011 219000645 75 
2020-12-02T19:19:48.907286+09:00 0 0 경기73아1599 3 21 218000011 111000008 47 
2020-12-02T19:19:48.907306+09:00 0 0 경기73아1597 3 41 218000011 219000163 24 
2020-12-02T19:20:47.931562+09:00 0 0 경기73아1596 3 40 218000011 219000645 75 
2020-12-02T19:20:47.931626+09:00 0 0 경기73아1599 3 21 218000011 111000008 47 
2020-12-02T19:20:47.931646+09:00 0 0 경기73아1597 3 41 218000011 219000163 24 
2020-12-02T19:21:48.055439+09:00 0 0 경기73아1596 3 40 218000011 219000645 75 
2020-12-02T19:21:48.055505+09:00 0 0 경기73아1599 3 21 218000011 111000008 47 
2020-12-02T19:21:48.055525+09:00 0 0 경기73아1597 3 41 218000011 219000163 24 
2020-12-02T19:22:47.179433+09:00 0 0 경기73아1596 3 40 218000011 219000645 75 
2020-12-02T19:22:47.179494+09:00 0 0 경기73아1599 3 21 218000011 111000008 47 
2020-12-02T19:22:47.179514+09:00 0 0 경기73아1597 3 41 218000011 219000163 24 
2020-12-02T19:23:46.803439+09:00 0 0 경기73아1596 3 40 218000011 219000645 75 
2020-12-02T19:23:46.803499+09:00 0 0 경기73아1597 3 41 218000011 219000163 24 
2020-12-02T19:23:46.803524+09:00 0 0 경기73아1599 3 21 218000011 111000008 47 
2020-12-02T19:24:46.317580+09:00 0 0 경기73아1596 3 40 218000011 219000645 75 
2020-12-02T19:24:46.317642+09:00 0 0 경기73아1599 3 21 218000011 111000008 47 
2020-12-02T19:24:46.317661+09:00 0 0 경기73아1597 3 41 218000011 218000316 25 
2020-12-02T19:25:46.391742+09:00 0 0 경기73아1599 3 21 218000011 218000139 48 
2020-12-02T19:25:46.391803+09:00 0 0 경기73아1597 3 41 218000011 218000317 26 
2020-12-02T19:26:45.825777+09:00 0 0 경기73아1597 3 41 218000011 218000317 26 
2020-12-02T19:26:45.825838+09:00 0 0 경기73아1599 3 21 218000011 218000139 48 
2020-12-02T19:27:45.639780+09:00 0 0 경기73아1597 3 41 218000011 218000318 27 
2020-12-02T19:27:45.639841+09:00 0 0 경기73아1599 3 21 218000011 277103091 49 
2020-12-02T19:28:45.373925+09:00 0 0 경기73아1597 3 41 218000011 218000318 27 
2020-12-02T19:28:45.373987+09:00 0 0 경기73아1599 3 21 218000011 277103091 49 
2020-12-02T19:29:45.267941+09:00 0 0 경기73아1599 3 21 218000011 277103091 49 
2020-12-02T19:29:45.268003+09:00 0 0 경기73아1597 3 41 218000011 218000145 29 
2020-12-02T19:30:45.132048+09:00 0 0 경기73아1599 3 21 218000011 277103091 49 
2020-12-02T19:30:45.132109+09:00 0 0 경기73아1597 3 41 218000011 218000145 29 
2020-12-02T19:31:44.826081+09:00 0 0 경기73아1599 3 21 218000011 277103091 49 
2020-12-02T19:31:44.826150+09:00 0 0 경기73아1597 3 41 218000011 218000145 29 
2020-12-02T19:32:44.460250+09:00 0 0 경기73아1597 3 41 218000011 218000145 29 
2020-12-02T19:32:44.460314+09:00 0 0 경기73아1599 3 22 218000011 218000134 50 
2020-12-02T19:33:44.314474+09:00 0 0 경기73아1599 3 23 218000011 218000636 51 
2020-12-02T19:33:44.314534+09:00 0 0 경기73아1597 3 41 218000011 277103090 30 
2020-12-02T19:34:43.938372+09:00 0 0 경기73아1599 3 23 218000011 218000636 51 
2020-12-02T19:34:43.938436+09:00 0 0 경기73아1597 3 41 218000011 277103090 30 
2020-12-02T19:35:43.572447+09:00 0 0 경기73아1599 3 23 218000011 218000078 52 
2020-12-02T19:35:43.572514+09:00 0 0 경기73아1597 3 41 218000011 218000140 31 
2020-12-02T19:36:42.806533+09:00 0 0 경기73아1597 3 41 218000011 218000140 31 
2020-12-02T19:36:42.806598+09:00 0 0 경기73아1599 3 25 218000011 218000078 52 
2020-12-02T19:37:42.700483+09:00 0 0 경기73아1599 3 25 218000011 218000078 52 
2020-12-02T19:37:42.700543+09:00 0 0 경기73아1597 3 41 218000011 218000140 31 
2020-12-02T19:38:42.334542+09:00 0 0 경기73아1597 3 41 218000011 218000140 31 
2020-12-02T19:38:42.334615+09:00 0 0 경기73아1599 3 27 218000011 218000319 53 
2020-12-02T19:39:42.028826+09:00 0 0 경기73아1599 3 31 218000011 218000319 53 
2020-12-02T19:39:42.028890+09:00 0 0 경기73아1597 3 41 218000011 218000140 31 
2020-12-02T19:40:41.722787+09:00 0 0 경기73아1597 3 41 218000011 111000007 32 
2020-12-02T19:40:41.722850+09:00 0 0 경기73아1599 3 31 218000011 218000320 54 
2020-12-02T19:41:41.706843+09:00 0 0 경기73아1597 3 41 218000011 111000007 32 
2020-12-02T19:41:41.706906+09:00 0 0 경기73아1599 3 31 218000011 218000320 54 
2020-12-02T19:42:40.920968+09:00 0 0 경기73아1599 3 31 218000011 218000320 54 
2020-12-02T19:42:40.921062+09:00 0 0 경기73아1597 3 41 218000011 111000007 32 
2020-12-02T19:43:40.404885+09:00 0 0 경기73아1599 3 31 218000011 218000320 54 
2020-12-02T19:43:40.404951+09:00 0 0 경기73아1597 3 41 218000011 111000007 32 
2020-12-02T19:44:40.329013+09:00 0 0 경기73아1599 3 31 218000011 218000320 54 
2020-12-02T19:44:40.329108+09:00 0 0 경기73아1597 3 41 218000011 111000007 32 
2020-12-02T19:45:39.523067+09:00 0 0 경기73아1597 3 41 218000011 111000007 32 
2020-12-02T19:45:39.523126+09:00 0 0 경기73아1599 3 31 218000011 218000320 54 
2020-12-02T19:46:39.297200+09:00 0 0 경기73아1599 3 32 218000011 219000386 55 
2020-12-02T19:46:39.297269+09:00 0 0 경기73아1597 3 41 218000011 111000007 32 
2020-12-02T19:47:38.361229+09:00 0 0 경기73아1599 3 32 218000011 219000386 55 
2020-12-02T19:47:38.361291+09:00 0 0 경기73아1597 3 41 218000011 111000007 32 
2020-12-02T19:48:38.035292+09:00 0 0 경기73아1597 3 41 218000011 111000007 32 
2020-12-02T19:48:38.035355+09:00 0 0 경기73아1599 3 32 218000011 219000386 55 
2020-12-02T19:49:37.609952+09:00 0 0 경기73아1597 3 41 218000011 111000007 32 
2020-12-02T19:49:37.610016+09:00 0 0 경기73아1599 3 32 218000011 219000385 56 
2020-12-02T19:50:37.074779+09:00 0 0 경기73아1599 3 32 218000011 219000385 56 
2020-12-02T19:50:37.074840+09:00 0 0 경기73아1597 3 41 218000011 111000007 32 
2020-12-02T19:51:36.919598+09:00 0 0 경기73아1597 3 41 218000011 112000012 33 
2020-12-02T19:51:36.919654+09:00 0 0 경기73아1599 3 32 218000011 219000385 56 
2020-12-02T19:52:36.514104+09:00 0 0 경기73아1599 3 32 218000011 219000383 57 
2020-12-02T19:52:36.514164+09:00 0 0 경기73아1597 3 41 218000011 112000012 33 
2020-12-02T19:53:36.478780+09:00 0 0 경기73아1599 3 32 218000011 219000383 57 
2020-12-02T19:53:36.478853+09:00 0 0 경기73아1597 3 41 218000011 277101784 34 
2020-12-02T19:54:36.323400+09:00 0 0 경기73아1599 3 32 218000011 219000191 58 
2020-12-02T19:54:36.323459+09:00 0 0 경기73아1597 3 41 218000011 277101784 34 
2020-12-02T19:55:35.987952+09:00 0 0 경기73아1599 3 32 218000011 219000191 58 
2020-12-02T19:55:35.988006+09:00 0 0 경기73아1597 3 41 218000011 277103098 35 
2020-12-02T19:56:35.702428+09:00 0 0 경기73아1597 3 41 218000011 277103098 35 
2020-12-02T19:56:35.702486+09:00 0 0 경기73아1599 3 32 218000011 219000130 59 
2020-12-02T19:57:35.457065+09:00 0 0 경기73아1599 3 35 218000011 219000130 59 
2020-12-02T19:57:35.457128+09:00 0 0 경기73아1597 3 41 218000011 277103099 36 
2020-12-02T19:58:34.921462+09:00 0 0 경기73아1599 3 35 218000011 219000130 59 
2020-12-02T19:58:34.921522+09:00 0 0 경기73아1597 3 41 218000011 277103099 36 
2020-12-02T19:59:34.595883+09:00 0 0 경기73아1599 3 36 218000011 219000190 60 
2020-12-02T19:59:34.595945+09:00 0 0 경기73아1597 3 41 218000011 100000034 37 
2020-12-02T20:00:34.100214+09:00 0 0 경기73아1599 3 36 218000011 219000190 60 
2020-12-02T20:00:34.100274+09:00 0 0 경기73아1597 3 41 218000011 100000034 37 
2020-12-02T20:01:33.734532+09:00 0 0 경기73아1596 3 41 218000011 219000644 1 
2020-12-02T20:01:33.734592+09:00 0 0 경기73아1599 3 36 218000011 219000190 60 
2020-12-02T20:01:33.734611+09:00 0 0 경기73아1597 3 40 218000011 277104283 38 
2020-12-02T20:02:33.468887+09:00 0 0 경기73아1596 3 41 218000011 219000644 1 
2020-12-02T20:02:33.468949+09:00 0 0 경기73아1597 3 40 218000011 101000128 39 
2020-12-02T20:02:33.468970+09:00 0 0 경기73아1599 3 36 218000011 219000189 61 
2020-12-02T20:03:33.303189+09:00 0 0 경기73아1596 3 41 218000011 219000644 1 
2020-12-02T20:03:33.303250+09:00 0 0 경기73아1599 3 36 218000011 219000189 61 
2020-12-02T20:03:33.303270+09:00 0 0 경기73아1597 3 40 218000011 101000128 39 
2020-12-02T20:04:32.537451+09:00 0 0 경기73아1596 3 41 218000011 277102634 2 
2020-12-02T20:04:32.537514+09:00 0 0 경기73아1597 3 40 218000011 101000128 39 
2020-12-02T20:04:32.537534+09:00 0 0 경기73아1599 3 37 218000011 219000129 62 
2020-12-02T20:05:32.451853+09:00 0 0 경기73아1596 3 41 218000011 219000752 3 
2020-12-02T20:05:32.451914+09:00 0 0 경기73아1597 3 39 218000011 101000022 40 
2020-12-02T20:05:32.451934+09:00 0 0 경기73아1599 3 37 218000011 219000623 63 
2020-12-02T20:06:32.196153+09:00 0 0 경기73아1596 3 41 218000011 219000573 5 
2020-12-02T20:06:32.196217+09:00 0 0 경기73아1597 3 39 218000011 101000022 40 
2020-12-02T20:06:32.196237+09:00 0 0 경기73아1599 3 37 218000011 219000623 63 
2020-12-02T20:07:31.640403+09:00 0 0 경기73아1596 3 41 218000011 219000443 7 
2020-12-02T20:07:31.640466+09:00 0 0 경기73아1597 3 39 218000011 277101993 42 
2020-12-02T20:07:31.640486+09:00 0 0 경기73아1599 3 39 218000011 219001155 64 
2020-12-02T20:08:30.944626+09:00 0 0 경기73아1596 3 41 218000011 219000443 7 
2020-12-02T20:08:30.944687+09:00 0 0 경기73아1597 3 39 218000011 101000020 43 
2020-12-02T20:08:30.944706+09:00 0 0 경기73아1599 3 39 218000011 219000674 65 
2020-12-02T20:09:30.378926+09:00 0 0 경기73아1596 3 41 218000011 219000435 8 
2020-12-02T20:09:30.378988+09:00 0 0 경기73아1597 3 39 218000011 101000020 43 
2020-12-02T20:09:30.379009+09:00 0 0 경기73아1599 3 39 218000011 219000119 66 
2020-12-02T20:10:30.243164+09:00 0 0 경기73아1596 3 41 218000011 219000434 9 
2020-12-02T20:10:30.243224+09:00 0 0 경기73아1599 3 39 218000011 219000119 66 
2020-12-02T20:10:30.243244+09:00 0 0 경기73아1597 3 39 218000011 101000020 43 
2020-12-02T20:11:29.737434+09:00 0 0 경기73아1596 3 41 218000011 219000434 9 
2020-12-02T20:11:29.737496+09:00 0 0 경기73아1597 3 39 218000011 101000020 43 
2020-12-02T20:11:29.737517+09:00 0 0 경기73아1599 3 39 218000011 219000119 66 
2020-12-02T20:12:29.933681+09:00 0 0 경기73아1596 3 41 218000011 219000434 9 
2020-12-02T20:12:29.933743+09:00 0 0 경기73아1597 3 39 218000011 101000020 43 
2020-12-02T20:12:29.933763+09:00 0 0 경기73아1599 3 39 218000011 219000119 66 
2020-12-02T20:13:28.835873+09:00 0 0 경기73아1596 3 41 218000011 219000450 11 
2020-12-02T20:13:28.835934+09:00 0 0 경기73아1597 3 39 218000011 277102320 44 
2020-12-02T20:13:28.835953+09:00 0 0 경기73아1599 3 39 218000011 219000451 67 
2020-12-02T20:14:28.420132+09:00 0 0 경기73아1596 3 41 218000011 219000343 12 
2020-12-02T20:14:28.420193+09:00 0 0 경기73아1597 3 39 218000011 277102320 44 
2020-12-02T20:14:28.420213+09:00 0 0 경기73아1599 3 40 218000011 219001152 68 
2020-12-02T20:15:28.274545+09:00 0 0 경기73아1596 3 41 218000011 219000343 12 
2020-12-02T20:15:28.274610+09:00 0 0 경기73아1599 3 40 218000011 219001152 68 
2020-12-02T20:15:28.274631+09:00 0 0 경기73아1597 3 39 218000011 277104396 45 
2020-12-02T20:16:28.188615+09:00 0 0 경기73아1596 3 41 218000011 219000673 13 
2020-12-02T20:16:28.188676+09:00 0 0 경기73아1599 3 40 218000011 219001152 68 
2020-12-02T20:16:28.188697+09:00 0 0 경기73아1597 3 39 218000011 277104396 45 
2020-12-02T20:17:27.933104+09:00 0 0 경기73아1596 3 41 218000011 219000673 13 
2020-12-02T20:17:27.933173+09:00 0 0 경기73아1599 3 40 218000011 219001152 68 
2020-12-02T20:17:27.933193+09:00 0 0 경기73아1597 3 39 218000011 112000013 46 
2020-12-02T20:18:27.877089+09:00 0 0 경기73아1596 3 41 218000011 219001172 14 
2020-12-02T20:18:27.877152+09:00 0 0 경기73아1599 3 40 218000011 219001152 68 
2020-12-02T20:18:27.877173+09:00 0 0 경기73아1597 3 39 218000011 112000013 46 
2020-12-02T20:19:27.801409+09:00 0 0 경기73아1596 3 41 218000011 219000999 15 
2020-12-02T20:19:27.801471+09:00 0 0 경기73아1597 3 39 218000011 112000013 46 
2020-12-02T20:19:27.801509+09:00 0 0 경기73아1599 3 40 218000011 219001152 68 
2020-12-02T20:20:27.585607+09:00 0 0 경기73아1596 3 41 218000011 219000627 16 
2020-12-02T20:20:27.585669+09:00 0 0 경기73아1599 3 40 218000011 219000424 70 
2020-12-02T20:20:27.585689+09:00 0 0 경기73아1597 3 39 218000011 112000013 46 
2020-12-02T20:21:27.419917+09:00 0 0 경기73아1596 3 41 218000011 219000627 16 
2020-12-02T20:21:27.419982+09:00 0 0 경기73아1597 3 39 218000011 112000013 46 
2020-12-02T20:21:27.420003+09:00 0 0 경기73아1599 3 40 218000011 219000442 71 
2020-12-02T20:22:26.904040+09:00 0 0 경기73아1596 3 41 218000011 219000363 17 
2020-12-02T20:22:26.904101+09:00 0 0 경기73아1597 3 39 218000011 112000013 46 
2020-12-02T20:22:26.904121+09:00 0 0 경기73아1599 3 41 218000011 219000444 73 
2020-12-02T20:23:26.498061+09:00 0 0 경기73아1596 3 41 218000011 219000192 18 
2020-12-02T20:23:26.498125+09:00 0 0 경기73아1597 3 39 218000011 112000013 46 
2020-12-02T20:23:26.498146+09:00 0 0 경기73아1599 3 41 218000011 219000445 74 
2020-12-02T20:24:26.151968+09:00 0 0 경기73아1596 3 41 218000011 219000131 19 
2020-12-02T20:24:26.152029+09:00 0 0 경기73아1597 3 39 218000011 112000013 46 
2020-12-02T20:24:26.152049+09:00 0 0 경기73아1599 3 41 218000011 219000445 74 
2020-12-02T20:25:25.866035+09:00 0 0 경기73아1596 3 41 218000011 219000131 19 
2020-12-02T20:25:25.866098+09:00 0 0 경기73아1597 3 39 218000011 112000013 46 
2020-12-02T20:25:25.866118+09:00 0 0 경기73아1599 3 41 218000011 219000445 74 
2020-12-02T20:26:25.249748+09:00 0 0 경기73아1596 3 41 218000011 219000131 19 
2020-12-02T20:26:25.249809+09:00 0 0 경기73아1599 3 41 218000011 219000445 74 
2020-12-02T20:26:25.249830+09:00 0 0 경기73아1597 3 39 218000011 112000013 46 
2020-12-02T20:27:25.023806+09:00 0 0 경기73아1596 3 40 218000011 219000356 20 
2020-12-02T20:27:25.023872+09:00 0 0 경기73아1599 3 41 218000011 219000645 75 
2020-12-02T20:27:25.023893+09:00 0 0 경기73아1597 3 39 218000011 111000008 47 
2020-12-02T20:28:24.867679+09:00 0 0 경기73아1596 3 40 218000011 219000356 20 
2020-12-02T20:28:24.867742+09:00 0 0 경기73아1599 3 41 218000011 219000645 75 
2020-12-02T20:28:24.867762+09:00 0 0 경기73아1597 3 38 218000011 111000008 47 
2020-12-02T20:29:23.841738+09:00 0 0 경기73아1596 3 40 218000011 219000356 20 
2020-12-02T20:29:23.841800+09:00 0 0 경기73아1599 3 41 218000011 219000645 75 
2020-12-02T20:29:23.841821+09:00 0 0 경기73아1597 3 38 218000011 111000008 47 
2020-12-02T20:30:23.695662+09:00 0 0 경기73아1596 3 40 218000011 219000370 21 
2020-12-02T20:30:23.695724+09:00 0 0 경기73아1599 3 41 218000011 219000645 75 
2020-12-02T20:30:23.695744+09:00 0 0 경기73아1597 3 38 218000011 111000008 47 
2020-12-02T20:31:23.239619+09:00 0 0 경기73아1596 3 40 218000011 219000370 21 
2020-12-02T20:31:23.239681+09:00 0 0 경기73아1599 3 41 218000011 219000645 75 
2020-12-02T20:31:23.239704+09:00 0 0 경기73아1597 3 38 218000011 111000008 47 
2020-12-02T20:32:22.693677+09:00 0 0 경기73아1596 3 40 218000011 219000370 21 
2020-12-02T20:32:22.693740+09:00 0 0 경기73아1599 3 41 218000011 219000645 75 
2020-12-02T20:32:22.693761+09:00 0 0 경기73아1597 3 38 218000011 111000008 47 
2020-12-02T20:33:22.787858+09:00 0 0 경기73아1596 3 40 218000011 219000370 21 
2020-12-02T20:33:22.787921+09:00 0 0 경기73아1599 3 41 218000011 219000645 75 
2020-12-02T20:33:22.787942+09:00 0 0 경기73아1597 3 38 218000011 111000008 47 
2020-12-02T20:34:21.502075+09:00 0 0 경기73아1596 3 40 218000011 219000368 23 
2020-12-02T20:34:21.502139+09:00 0 0 경기73아1599 3 41 218000011 219000645 75 
2020-12-02T20:34:21.502160+09:00 0 0 경기73아1597 3 38 218000011 111000008 47 
2020-12-02T20:35:21.075761+09:00 0 0 경기73아1596 3 40 218000011 219000368 23 
2020-12-02T20:35:21.075818+09:00 0 0 경기73아1599 3 41 218000011 219000645 75 
2020-12-02T20:35:21.075838+09:00 0 0 경기73아1597 3 38 218000011 218000139 48 
2020-12-02T20:36:20.919897+09:00 0 0 경기73아1596 3 40 218000011 219000163 24 
2020-12-02T20:36:20.919959+09:00 0 0 경기73아1599 3 41 218000011 219000645 75 
2020-12-02T20:36:20.919979+09:00 0 0 경기73아1597 3 38 218000011 218000139 48 
2020-12-02T20:37:20.773980+09:00 0 0 경기73아1596 3 40 218000011 219000163 24 
2020-12-02T20:37:20.774040+09:00 0 0 경기73아1599 3 41 218000011 219000645 75 
2020-12-02T20:37:20.774060+09:00 0 0 경기73아1597 3 38 218000011 277103091 49 
2020-12-02T20:38:20.688114+09:00 0 0 경기73아1596 3 40 218000011 219000163 24 
2020-12-02T20:38:20.688176+09:00 0 0 경기73아1599 3 41 218000011 219000645 75 
2020-12-02T20:38:20.688197+09:00 0 0 경기73아1597 3 38 218000011 277103091 49 
2020-12-02T20:39:20.042169+09:00 0 0 경기73아1596 3 40 218000011 219000163 24 
2020-12-02T20:39:20.042231+09:00 0 0 경기73아1599 3 41 218000011 219000645 75 
2020-12-02T20:39:20.042251+09:00 0 0 경기73아1597 3 38 218000011 218000134 50 
2020-12-02T20:40:19.316275+09:00 0 0 경기73아1596 3 40 218000011 219000163 24 
2020-12-02T20:40:19.316336+09:00 0 0 경기73아1599 3 41 218000011 219000645 75 
2020-12-02T20:40:19.316356+09:00 0 0 경기73아1597 3 38 218000011 218000134 50 
2020-12-02T20:41:19.140409+09:00 0 0 경기73아1596 3 40 218000011 219000163 24 
2020-12-02T20:41:19.140473+09:00 0 0 경기73아1599 3 41 218000011 219000645 75 
2020-12-02T20:41:19.140494+09:00 0 0 경기73아1597 3 38 218000011 218000134 50 
2020-12-02T20:42:19.154585+09:00 0 0 경기73아1596 3 40 218000011 218000316 25 
2020-12-02T20:42:19.154651+09:00 0 0 경기73아1597 3 38 218000011 218000636 51 
2020-12-02T20:43:19.008647+09:00 0 0 경기73아1596 3 40 218000011 218000317 26 
2020-12-02T20:43:19.008731+09:00 0 0 경기73아1597 3 38 218000011 218000636 51 
2020-12-02T20:44:18.652747+09:00 0 0 경기73아1596 3 40 218000011 218000317 26 
2020-12-02T20:44:18.652808+09:00 0 0 경기73아1597 3 39 218000011 218000078 52 
2020-12-02T20:45:18.596927+09:00 0 0 경기73아1596 3 40 218000011 218000318 27 
2020-12-02T20:45:18.596991+09:00 0 0 경기73아1597 3 39 218000011 218000078 52 
2020-12-02T20:46:18.350966+09:00 0 0 경기73아1596 3 40 218000011 218000318 27 
2020-12-02T20:46:18.351023+09:00 0 0 경기73아1597 3 39 218000011 218000319 53 
2020-12-02T20:47:18.535277+09:00 0 0 경기73아1596 3 40 218000011 218000637 28 
2020-12-02T20:47:18.535338+09:00 0 0 경기73아1597 3 39 218000011 218000319 53 
2020-12-02T20:48:18.179377+09:00 0 0 경기73아1596 3 40 218000011 218000145 29 
2020-12-02T20:48:18.179440+09:00 0 0 경기73아1597 3 39 218000011 218000320 54 
2020-12-02T20:49:18.073517+09:00 0 0 경기73아1596 3 40 218000011 218000145 29 
2020-12-02T20:49:18.073579+09:00 0 0 경기73아1597 3 39 218000011 218000320 54 
2020-12-02T20:50:17.217703+09:00 0 0 경기73아1596 3 40 218000011 277103090 30 
2020-12-02T20:50:17.217764+09:00 0 0 경기73아1597 3 39 218000011 218000320 54 
2020-12-02T20:51:17.261766+09:00 0 0 경기73아1596 3 40 218000011 277103090 30 
2020-12-02T20:51:17.261830+09:00 0 0 경기73아1597 3 39 218000011 218000320 54 
2020-12-02T20:52:16.945869+09:00 0 0 경기73아1596 3 40 218000011 277103090 30 
2020-12-02T20:52:16.945930+09:00 0 0 경기73아1597 3 39 218000011 218000320 54 
2020-12-02T20:53:17.040186+09:00 0 0 경기73아1596 3 40 218000011 218000140 31 
2020-12-02T20:53:17.040246+09:00 0 0 경기73아1597 3 38 218000011 219000386 55 
