218000011 2020-12-12T11:11:49.560888+09:00
2020-12-12T11:12:49 0 0 경기73아1596 3 39 218000011 219000999 15 
2020-12-12T11:13:48 0 0 경기73아1596 3 39 218000011 219000627 16 
2020-12-12T11:14:48 0 0 경기73아1596 3 39 218000011 219000627 16 
2020-12-12T11:15:20 0 0 경기73아1596 3 39 218000011 219000363 17 
2020-12-12T11:16:20 0 0 경기73아1596 3 38 218000011 219000192 18 
2020-12-12T11:17:19 0 0 경기73아1596 3 38 218000011 219000192 18 
2020-12-12T11:18:19 0 0 경기73아1596 3 38 218000011 219000192 18 
2020-12-12T11:19:18 0 0 경기73아1596 3 38 218000011 219000131 19 
2020-12-12T11:20:18 0 0 경기73아1596 3 38 218000011 219000131 19 
2020-12-12T11:21:17 0 0 경기73아1596 3 36 218000011 219000356 20 
2020-12-12T11:22:16 0 0 경기73아1596 3 36 218000011 219000356 20 
2020-12-12T11:23:16 0 0 경기73아1596 3 36 218000011 219000370 21 
2020-12-12T11:24:16 0 0 경기73아1596 3 36 218000011 219000370 21 
2020-12-12T11:25:16 0 0 경기73아1596 3 35 218000011 219000370 21 
2020-12-12T11:26:15 0 0 경기73아1596 3 35 218000011 219000370 21 
2020-12-12T11:27:14 0 0 경기73아1596 3 35 218000011 219000454 22 
2020-12-12T11:28:15 0 0 경기73아1596 3 35 218000011 219000454 22 
2020-12-12T11:29:14 0 0 경기73아1596 3 35 218000011 219000368 23 
2020-12-12T11:30:14 0 0 경기73아1596 3 36 218000011 219000163 24 
2020-12-12T11:31:13 0 0 경기73아1596 3 36 218000011 219000163 24 
2020-12-12T11:32:13 0 0 경기73아1596 3 36 218000011 219000163 24 
2020-12-12T11:33:12 0 0 경기73아1596 3 36 218000011 219000163 24 
2020-12-12T11:34:11 0 0 경기73아1596 3 36 218000011 219000163 24 
2020-12-12T11:35:11 0 0 경기73아1596 3 36 218000011 219000163 24 
2020-12-12T11:36:11 0 0 경기73아1596 3 36 218000011 218000316 25 
2020-12-12T11:37:10 0 0 경기73아1596 3 36 218000011 218000316 25 
2020-12-12T11:38:09 0 0 경기73아1596 3 34 218000011 218000317 26 
2020-12-12T11:39:08 0 0 경기73아1596 3 33 218000011 218000318 27 
2020-12-12T11:40:07 0 0 경기73아1596 3 33 218000011 218000318 27 
2020-12-12T11:41:06 0 0 경기73아1596 3 33 218000011 218000318 27 
2020-12-12T11:42:06 0 0 경기73아1596 3 32 218000011 218000637 28 
2020-12-12T11:43:06 0 0 경기73아1596 3 32 218000011 218000637 28 
2020-12-12T11:44:05 0 0 경기73아1596 3 32 218000011 218000637 28 
2020-12-12T11:45:05 0 0 경기73아1596 3 32 218000011 218000145 29 
2020-12-12T11:46:04 0 0 경기73아1596 3 32 218000011 218000145 29 
2020-12-12T11:47:04 0 0 경기73아1596 3 32 218000011 218000145 29 
2020-12-12T11:48:04 0 0 경기73아1596 3 32 218000011 277103090 30 
2020-12-12T11:49:04 0 0 경기73아1596 3 32 218000011 218000140 31 
2020-12-12T11:50:03 0 0 경기73아1596 3 32 218000011 218000140 31 
2020-12-12T11:51:03 0 0 경기73아1596 3 32 218000011 218000140 31 
2020-12-12T11:52:03 0 0 경기73아1596 3 32 218000011 218000140 31 
2020-12-12T11:53:03 0 0 경기73아1596 3 32 218000011 218000140 31 
2020-12-12T11:54:02 0 0 경기73아1596 3 32 218000011 218000140 31 
2020-12-12T11:55:02 0 0 경기73아1596 3 32 218000011 218000140 31 
2020-12-12T11:56:01 0 0 경기73아1596 3 33 218000011 111000007 32 
2020-12-12T11:57:00 0 0 경기73아1596 3 33 218000011 111000007 32 
2020-12-12T11:57:59 0 0 경기73아1596 3 33 218000011 111000007 32 
2020-12-12T11:58:59 0 0 경기73아1596 3 33 218000011 111000007 32 
2020-12-12T11:59:58 0 0 경기73아1596 3 33 218000011 111000007 32 
2020-12-12T12:00:58 0 0 경기73아1596 3 33 218000011 111000007 32 
2020-12-12T12:01:57 0 0 경기73아1596 3 33 218000011 111000007 32 
2020-12-12T12:02:57 0 0 경기73아1596 3 33 218000011 111000007 32 
2020-12-12T12:03:57 0 0 경기73아1596 3 33 218000011 111000007 32 
2020-12-12T12:04:56 0 0 경기73아1596 3 33 218000011 111000007 32 
2020-12-12T12:05:56 0 0 경기73아1596 3 33 218000011 111000007 32 
2020-12-12T12:06:56 0 0 경기73아1596 3 33 218000011 111000007 32 
2020-12-12T12:07:55 0 0 경기73아1596 3 36 218000011 112000012 33 
2020-12-12T12:08:55 0 0 경기73아1596 3 36 218000011 112000012 33 
2020-12-12T12:09:55 0 0 경기73아1596 3 36 218000011 277101784 34 
2020-12-12T12:10:55 0 0 경기73아1596 3 36 218000011 277101784 34 
2020-12-12T12:11:55 0 0 경기73아1596 3 36 218000011 277101784 34 
2020-12-12T12:12:55 0 0 경기73아1596 3 36 218000011 277103098 35 
2020-12-12T12:13:54 0 0 경기73아1596 3 36 218000011 277103098 35 
2020-12-12T12:14:53 0 0 경기73아1596 3 36 218000011 277103098 35 
2020-12-12T12:15:53 0 0 경기73아1596 3 36 218000011 277103098 35 
2020-12-12T12:16:52 0 0 경기73아1596 3 36 218000011 277103099 36 
2020-12-12T12:17:52 0 0 경기73아1596 3 36 218000011 277103099 36 
2020-12-12T12:18:52 0 0 경기73아1596 3 36 218000011 100000034 37 
2020-12-12T12:19:51 0 0 경기73아1596 3 36 218000011 100000034 37 
2020-12-12T12:20:50 0 0 경기73아1596 3 38 218000011 277104283 38 
2020-12-12T12:21:50 0 0 경기73아1596 3 38 218000011 277104283 38 
2020-12-12T12:22:49 0 0 경기73아1596 3 37 218000011 101000128 39 
2020-12-12T12:23:49 0 0 경기73아1596 3 37 218000011 101000128 39 
2020-12-12T12:24:48 0 0 경기73아1596 3 37 218000011 101000128 39 
2020-12-12T12:25:48 0 0 경기73아1596 3 39 218000011 277101885 41 
2020-12-12T12:26:48 0 0 경기73아1596 3 39 218000011 101000020 43 
2020-12-12T12:27:47 0 0 경기73아1596 3 39 218000011 101000020 43 
2020-12-12T12:28:47 0 0 경기73아1596 3 39 218000011 101000020 43 
2020-12-12T12:29:47 0 0 경기73아1596 3 39 218000011 101000020 43 
2020-12-12T12:30:47 0 0 경기73아1596 3 39 218000011 101000020 43 
2020-12-12T12:31:47 0 0 경기73아1596 3 39 218000011 277102320 44 
2020-12-12T12:32:46 0 0 경기73아1596 3 39 218000011 277102320 44 
2020-12-12T12:33:46 0 0 경기73아1596 3 39 218000011 277104396 45 
2020-12-12T12:34:46 0 0 경기73아1596 3 39 218000011 277104396 45 
2020-12-12T12:35:46 0 0 경기73아1596 3 39 218000011 277104396 45 
2020-12-12T12:36:45 0 0 경기73아1596 3 39 218000011 277104396 45 
2020-12-12T12:37:45 0 0 경기73아1596 3 39 218000011 277104396 45 
2020-12-12T12:38:45 0 0 경기73아1596 3 39 218000011 277104396 45 
2020-12-12T12:39:44 0 0 경기73아1596 3 39 218000011 112000013 46 
2020-12-12T12:40:44 0 0 경기73아1596 3 39 218000011 112000013 46 
2020-12-12T12:41:43 0 0 경기73아1596 3 39 218000011 112000013 46 
2020-12-12T12:42:43 0 0 경기73아1596 3 39 218000011 112000013 46 
2020-12-12T12:43:43 0 0 경기73아1596 3 39 218000011 112000013 46 
2020-12-12T12:44:42 0 0 경기73아1596 3 39 218000011 112000013 46 
2020-12-12T12:45:42 0 0 경기73아1596 3 39 218000011 112000013 46 
2020-12-12T12:46:42 0 0 경기73아1596 3 39 218000011 111000008 47 
2020-12-12T12:47:41 0 0 경기73아1596 3 38 218000011 111000008 47 
2020-12-12T12:48:40 0 0 경기73아1596 3 38 218000011 111000008 47 
2020-12-12T12:49:39 0 0 경기73아1596 3 38 218000011 111000008 47 
2020-12-12T12:50:39 0 0 경기73아1596 3 38 218000011 111000008 47 
2020-12-12T12:51:38 0 0 경기73아1596 3 38 218000011 111000008 47 
2020-12-12T12:52:37 0 0 경기73아1596 3 38 218000011 111000008 47 
2020-12-12T12:53:37 0 0 경기73아1596 3 38 218000011 111000008 47 
2020-12-12T12:54:37 0 0 경기73아1596 3 38 218000011 111000008 47 
2020-12-12T12:55:36 0 0 경기73아1596 3 38 218000011 218000139 48 
2020-12-12T12:56:36 0 0 경기73아1596 3 38 218000011 218000139 48 
2020-12-12T12:57:36 0 0 경기73아1596 3 38 218000011 277103091 49 
2020-12-12T12:58:35 0 0 경기73아1596 3 38 218000011 277103091 49 
2020-12-12T12:59:35 0 0 경기73아1596 3 38 218000011 277103091 49 
2020-12-12T13:00:35 0 0 경기73아1596 3 38 218000011 277103091 49 
2020-12-12T13:01:35 0 0 경기73아1596 3 38 218000011 218000134 50 
2020-12-12T13:02:34 0 0 경기73아1596 3 38 218000011 218000636 51 
2020-12-12T13:03:33 0 0 경기73아1596 3 38 218000011 218000636 51 
2020-12-12T13:04:33 0 0 경기73아1596 3 38 218000011 218000636 51 
2020-12-12T13:05:33 0 0 경기73아1596 3 39 218000011 218000078 52 
2020-12-12T13:06:32 0 0 경기73아1596 3 39 218000011 218000078 52 
2020-12-12T13:07:31 0 0 경기73아1596 3 39 218000011 218000319 53 
2020-12-12T13:08:31 0 0 경기73아1596 3 39 218000011 218000319 53 
2020-12-12T13:09:30 0 0 경기73아1596 3 40 218000011 218000320 54 
2020-12-12T13:10:30 0 0 경기73아1596 3 40 218000011 218000320 54 
2020-12-12T13:11:30 0 0 경기73아1596 3 40 218000011 218000320 54 
2020-12-12T13:12:30 0 0 경기73아1596 3 40 218000011 218000320 54 
2020-12-12T13:13:29 0 0 경기73아1596 3 41 218000011 219000386 55 
2020-12-12T13:14:29 0 0 경기73아1596 3 41 218000011 219000386 55 
2020-12-12T13:15:29 0 0 경기73아1596 3 41 218000011 219000386 55 
2020-12-12T13:16:29 0 0 경기73아1596 3 41 218000011 219000385 56 
2020-12-12T13:17:28 0 0 경기73아1596 3 41 218000011 219000385 56 
2020-12-12T13:18:28 0 0 경기73아1596 3 41 218000011 219000385 56 
2020-12-12T13:19:28 0 0 경기73아1596 3 41 218000011 219000383 57 
2020-12-12T13:20:28 0 0 경기73아1596 3 41 218000011 219000191 58 
2020-12-12T13:21:27 0 0 경기73아1596 3 41 218000011 219000191 58 
2020-12-12T13:22:27 0 0 경기73아1596 3 41 218000011 219000130 59 
2020-12-12T13:23:27 0 0 경기73아1596 3 41 218000011 219000130 59 
2020-12-12T13:24:27 0 0 경기73아1596 3 41 218000011 219000190 60 
2020-12-12T13:25:26 0 0 경기73아1596 3 40 218000011 219000190 60 
2020-12-12T13:26:26 0 0 경기73아1596 3 40 218000011 219000190 60 
2020-12-12T13:27:26 0 0 경기73아1596 3 40 218000011 219000189 61 
2020-12-12T13:28:26 0 0 경기73아1596 3 40 218000011 219000189 61 
2020-12-12T13:29:25 0 0 경기73아1596 3 40 218000011 219000189 61 
2020-12-12T13:30:25 0 0 경기73아1596 3 40 218000011 219000129 62 
2020-12-12T13:31:25 0 0 경기73아1596 3 40 218000011 219000623 63 
2020-12-12T13:32:24 0 0 경기73아1596 3 40 218000011 219000623 63 
2020-12-12T13:33:24 0 0 경기73아1596 3 41 218000011 219001155 64 
2020-12-12T13:34:24 0 0 경기73아1596 3 41 218000011 219001155 64 
2020-12-12T13:35:23 0 0 경기73아1596 3 41 218000011 219001155 64 
2020-12-12T13:36:23 0 0 경기73아1596 3 41 218000011 219000674 65 
2020-12-12T13:37:22 0 0 경기73아1596 3 41 218000011 219000119 66 
2020-12-12T13:38:22 0 0 경기73아1596 3 41 218000011 219000119 66 
2020-12-12T13:39:22 0 0 경기73아1596 3 41 218000011 219000119 66 
2020-12-12T13:40:21 0 0 경기73아1596 3 41 218000011 219000119 66 
2020-12-12T13:41:20 0 0 경기73아1596 3 41 218000011 219000451 67 
2020-12-12T13:42:20 0 0 경기73아1596 3 41 218000011 219001152 68 
2020-12-12T13:43:20 0 0 경기73아1596 3 41 218000011 219001152 68 
2020-12-12T13:44:19 0 0 경기73아1596 3 41 218000011 219000645 75 
2020-12-12T13:45:18 0 0 경기73아1596 3 41 218000011 219000645 75 
2020-12-12T13:46:18 0 0 경기73아1596 3 41 218000011 219000645 75 
2020-12-12T13:47:17 0 0 경기73아1596 3 41 218000011 219000645 75 
2020-12-12T13:48:17 0 0 경기73아1596 3 41 218000011 219000645 75 
2020-12-12T13:49:17 0 0 경기73아1596 3 41 218000011 219000645 75 
2020-12-12T13:50:16 0 0 경기73아1596 3 41 218000011 219000645 75 
2020-12-12T13:51:16 0 0 경기73아1596 3 41 218000011 219000645 75 
2020-12-12T13:52:15 0 0 경기73아1596 3 41 218000011 219000645 75 
2020-12-12T13:53:15 0 0 경기73아1596 3 41 218000011 219000645 75 
2020-12-12T13:54:15 0 0 경기73아1596 3 41 218000011 219000645 75 
2020-12-12T13:55:15 0 0 경기73아1596 3 41 218000011 219000645 75 
2020-12-12T13:56:14 0 0 경기73아1596 3 41 218000011 219000645 75 
2020-12-12T13:57:15 0 0 경기73아1596 3 41 218000011 219000645 75 
2020-12-12T13:58:13 0 0 경기73아1596 3 41 218000011 219000645 75 
2020-12-12T14:41:57 0 0 경기73아1596 3 41 218000011 219000644 1 
2020-12-12T14:42:57 0 0 경기73아1596 3 41 218000011 219000644 1 
2020-12-12T14:43:57 0 0 경기73아1596 3 41 218000011 219000644 1 
2020-12-12T14:44:57 0 0 경기73아1596 3 41 218000011 219000644 1 
2020-12-12T14:45:57 0 0 경기73아1596 3 41 218000011 219000565 4 
2020-12-12T14:46:57 0 0 경기73아1596 3 41 218000011 219000440 6 
2020-12-12T14:47:56 0 0 경기73아1596 3 41 218000011 219000443 7 
2020-12-12T14:48:56 0 0 경기73아1596 3 40 218000011 219000435 8 
2020-12-12T14:49:56 0 0 경기73아1596 3 40 218000011 219000434 9 
2020-12-12T14:50:55 0 0 경기73아1596 3 40 218000011 219000434 9 
2020-12-12T14:51:55 0 0 경기73아1596 3 40 218000011 219000434 9 
2020-12-12T14:52:55 0 0 경기73아1596 3 40 218000011 219000434 9 
2020-12-12T14:53:55 0 0 경기73아1596 3 40 218000011 219000434 9 
2020-12-12T14:54:54 0 0 경기73아1596 3 40 218000011 219000343 12 
2020-12-12T14:55:54 0 0 경기73아1596 3 40 218000011 219000343 12 
2020-12-12T14:56:54 0 0 경기73아1596 3 40 218000011 219000343 12 
2020-12-12T14:57:53 0 0 경기73아1596 3 40 218000011 219000343 12 
2020-12-12T14:58:53 0 0 경기73아1596 3 40 218000011 219001172 14 
2020-12-12T14:59:52 0 0 경기73아1596 3 40 218000011 219001172 14 
2020-12-12T15:00:53 0 0 경기73아1596 3 40 218000011 219001172 14 
2020-12-12T15:01:52 0 0 경기73아1596 3 40 218000011 219000999 15 
2020-12-12T15:02:52 0 0 경기73아1596 3 40 218000011 219000627 16 
2020-12-12T15:03:52 0 0 경기73아1596 3 40 218000011 219000627 16 
2020-12-12T15:04:51 0 0 경기73아1596 3 41 218000011 219000363 17 
2020-12-12T15:05:51 0 0 경기73아1596 3 41 218000011 219000192 18 
2020-12-12T15:06:51 0 0 경기73아1596 3 40 218000011 219000192 18 
2020-12-12T15:07:51 0 0 경기73아1596 3 40 218000011 219000192 18 
2020-12-12T15:08:51 0 0 경기73아1596 3 40 218000011 219000192 18 
2020-12-12T15:09:50 0 0 경기73아1596 3 40 218000011 219000131 19 
2020-12-12T15:10:50 0 0 경기73아1596 3 40 218000011 219000131 19 
2020-12-12T15:11:50 0 0 경기73아1596 3 39 218000011 219000356 20 
2020-12-12T15:12:49 0 0 경기73아1596 3 39 218000011 219000356 20 
2020-12-12T15:13:49 0 0 경기73아1596 3 39 218000011 219000370 21 
2020-12-12T15:14:49 0 0 경기73아1596 3 37 218000011 219000370 21 
2020-12-12T15:15:49 0 0 경기73아1596 3 37 218000011 219000370 21 
2020-12-12T15:16:48 0 0 경기73아1596 3 37 218000011 219000370 21 
2020-12-12T15:17:48 0 0 경기73아1596 3 37 218000011 219000368 23 
2020-12-12T15:18:48 0 0 경기73아1596 3 37 218000011 219000368 23 
2020-12-12T15:19:48 0 0 경기73아1596 3 37 218000011 219000163 24 
2020-12-12T15:20:47 0 0 경기73아1596 3 37 218000011 219000163 24 
2020-12-12T15:21:47 0 0 경기73아1596 3 37 218000011 219000163 24 
2020-12-12T15:22:47 0 0 경기73아1596 3 37 218000011 219000163 24 
2020-12-12T15:23:46 0 0 경기73아1596 3 37 218000011 219000163 24 
2020-12-12T15:24:46 0 0 경기73아1596 3 37 218000011 219000163 24 
2020-12-12T15:25:45 0 0 경기73아1596 3 37 218000011 218000316 25 
2020-12-12T15:26:44 0 0 경기73아1596 3 36 218000011 218000316 25 
2020-12-12T15:27:45 0 0 경기73아1596 3 33 218000011 218000317 26 
2020-12-12T15:28:44 0 0 경기73아1596 3 34 218000011 218000318 27 
2020-12-12T15:29:43 0 0 경기73아1596 3 34 218000011 218000637 28 
2020-12-12T15:30:43 0 0 경기73아1596 3 34 218000011 218000637 28 
2020-12-12T15:31:43 0 0 경기73아1596 3 34 218000011 218000637 28 
2020-12-12T15:32:42 0 0 경기73아1596 3 34 218000011 218000637 28 
2020-12-12T15:33:42 0 0 경기73아1596 3 34 218000011 218000145 29 
2020-12-12T15:34:41 0 0 경기73아1596 3 34 218000011 218000145 29 
2020-12-12T15:35:41 0 0 경기73아1596 3 34 218000011 218000145 29 
2020-12-12T15:36:41 0 0 경기73아1596 3 34 218000011 277103090 30 
2020-12-12T15:37:40 0 0 경기73아1596 3 34 218000011 277103090 30 
2020-12-12T15:38:40 0 0 경기73아1596 3 34 218000011 218000140 31 
2020-12-12T15:39:40 0 0 경기73아1596 3 34 218000011 218000140 31 
2020-12-12T15:40:39 0 0 경기73아1596 3 34 218000011 218000140 31 
2020-12-12T15:41:38 0 0 경기73아1596 3 34 218000011 218000140 31 
2020-12-12T15:42:38 0 0 경기73아1596 3 34 218000011 218000140 31 
2020-12-12T15:43:37 0 0 경기73아1596 3 34 218000011 218000140 31 
2020-12-12T15:44:37 0 0 경기73아1596 3 34 218000011 218000140 31 
2020-12-12T15:45:37 0 0 경기73아1596 3 34 218000011 111000007 32 
2020-12-12T15:46:36 0 0 경기73아1596 3 35 218000011 111000007 32 
2020-12-12T15:47:36 0 0 경기73아1596 3 35 218000011 111000007 32 
2020-12-12T15:48:36 0 0 경기73아1596 3 35 218000011 111000007 32 
2020-12-12T15:49:35 0 0 경기73아1596 3 35 218000011 111000007 32 
2020-12-12T15:50:35 0 0 경기73아1596 3 35 218000011 111000007 32 
2020-12-12T15:51:34 0 0 경기73아1596 3 35 218000011 111000007 32 
2020-12-12T15:52:34 0 0 경기73아1596 3 35 218000011 111000007 32 
2020-12-12T15:53:34 0 0 경기73아1596 3 35 218000011 111000007 32 
2020-12-12T15:54:33 0 0 경기73아1596 3 35 218000011 111000007 32 
2020-12-12T15:55:33 0 0 경기73아1596 3 39 218000011 112000012 33 
2020-12-12T15:56:33 0 0 경기73아1596 3 40 218000011 112000012 33 
2020-12-12T15:57:33 0 0 경기73아1596 3 40 218000011 277101784 34 
2020-12-12T15:58:32 0 0 경기73아1596 3 40 218000011 277101784 34 
2020-12-12T15:59:32 0 0 경기73아1596 3 40 218000011 277101784 34 
2020-12-12T16:00:32 0 0 경기73아1596 3 40 218000011 277101784 34 
2020-12-12T16:01:32 0 0 경기73아1596 3 40 218000011 277103098 35 
2020-12-12T16:02:31 0 0 경기73아1596 3 40 218000011 277103098 35 
2020-12-12T16:03:31 0 0 경기73아1596 3 40 218000011 277103099 36 
2020-12-12T16:04:31 0 0 경기73아1596 3 40 218000011 277103099 36 
2020-12-12T16:05:30 0 0 경기73아1596 3 40 218000011 100000034 37 
2020-12-12T16:06:30 0 0 경기73아1596 3 40 218000011 100000034 37 
2020-12-12T16:07:29 0 0 경기73아1596 3 39 218000011 100000034 37 
2020-12-12T16:08:29 0 0 경기73아1596 3 39 218000011 277104283 38 
2020-12-12T16:09:29 0 0 경기73아1596 3 38 218000011 101000128 39 
2020-12-12T16:10:28 0 0 경기73아1596 3 38 218000011 101000128 39 
2020-12-12T16:11:28 0 0 경기73아1596 3 37 218000011 101000022 40 
2020-12-12T16:12:28 0 0 경기73아1596 3 37 218000011 277101993 42 
2020-12-12T16:13:27 0 0 경기73아1596 3 37 218000011 101000020 43 
2020-12-12T16:14:27 0 0 경기73아1596 3 37 218000011 101000020 43 
2020-12-12T16:15:27 0 0 경기73아1596 3 37 218000011 101000020 43 
2020-12-12T16:16:26 0 0 경기73아1596 3 37 218000011 101000020 43 
2020-12-12T16:17:26 0 0 경기73아1596 3 37 218000011 277102320 44 
2020-12-12T16:18:26 0 0 경기73아1596 3 37 218000011 277102320 44 
2020-12-12T16:19:26 0 0 경기73아1596 3 37 218000011 277102320 44 
2020-12-12T16:20:25 0 0 경기73아1596 3 37 218000011 277104396 45 
2020-12-12T16:21:25 0 0 경기73아1596 3 37 218000011 277104396 45 
2020-12-12T16:22:25 0 0 경기73아1596 3 37 218000011 277104396 45 
2020-12-12T16:23:25 0 0 경기73아1596 3 37 218000011 277104396 45 
2020-12-12T16:24:24 0 0 경기73아1596 3 37 218000011 277104396 45 
2020-12-12T16:25:24 0 0 경기73아1596 3 37 218000011 112000013 46 
2020-12-12T16:26:23 0 0 경기73아1596 3 37 218000011 112000013 46 
2020-12-12T16:27:23 0 0 경기73아1596 3 37 218000011 112000013 46 
2020-12-12T16:28:22 0 0 경기73아1596 3 37 218000011 112000013 46 
2020-12-12T16:29:22 0 0 경기73아1596 3 37 218000011 112000013 46 
2020-12-12T16:30:22 0 0 경기73아1596 3 37 218000011 112000013 46 
2020-12-12T16:31:22 0 0 경기73아1596 3 37 218000011 112000013 46 
2020-12-12T16:32:21 0 0 경기73아1596 3 37 218000011 112000013 46 
2020-12-12T16:33:21 0 0 경기73아1596 3 37 218000011 112000013 46 
2020-12-12T16:34:21 0 0 경기73아1596 3 37 218000011 112000013 46 
2020-12-12T16:35:21 0 0 경기73아1596 3 37 218000011 111000008 47 
2020-12-12T16:36:20 0 0 경기73아1596 3 34 218000011 111000008 47 
2020-12-12T16:37:20 0 0 경기73아1596 3 34 218000011 111000008 47 
2020-12-12T16:38:19 0 0 경기73아1596 3 34 218000011 111000008 47 
2020-12-12T16:39:19 0 0 경기73아1596 3 34 218000011 111000008 47 
2020-12-12T16:40:19 0 0 경기73아1596 3 34 218000011 111000008 47 
2020-12-12T16:41:18 0 0 경기73아1596 3 34 218000011 111000008 47 
2020-12-12T16:42:18 0 0 경기73아1596 3 34 218000011 111000008 47 
2020-12-12T16:43:17 0 0 경기73아1596 3 34 218000011 218000139 48 
2020-12-12T16:44:17 0 0 경기73아1596 3 33 218000011 218000139 48 
2020-12-12T16:45:17 0 0 경기73아1596 3 33 218000011 218000139 48 
2020-12-12T16:46:17 0 0 경기73아1596 3 33 218000011 218000139 48 
2020-12-12T16:47:16 0 0 경기73아1596 3 33 218000011 277103091 49 
2020-12-12T16:48:15 0 0 경기73아1596 3 33 218000011 277103091 49 
2020-12-12T16:49:15 0 0 경기73아1596 3 33 218000011 277103091 49 
2020-12-12T16:50:15 0 0 경기73아1596 3 33 218000011 277103091 49 
2020-12-12T16:51:14 0 0 경기73아1596 3 33 218000011 218000134 50 
2020-12-12T16:52:14 0 0 경기73아1596 3 33 218000011 218000134 50 
2020-12-12T16:53:13 0 0 경기73아1596 3 35 218000011 218000134 50 
2020-12-12T16:54:13 0 0 경기73아1596 3 35 218000011 218000134 50 
2020-12-12T16:55:13 0 0 경기73아1596 3 35 218000011 218000636 51 
2020-12-12T16:56:13 0 0 경기73아1596 3 35 218000011 218000078 52 
2020-12-12T16:57:12 0 0 경기73아1596 3 35 218000011 218000078 52 
2020-12-12T16:58:12 0 0 경기73아1596 3 36 218000011 218000078 52 
2020-12-12T16:59:11 0 0 경기73아1596 3 36 218000011 218000319 53 
2020-12-12T17:00:10 0 0 경기73아1596 3 36 218000011 218000319 53 
2020-12-12T17:01:09 0 0 경기73아1596 3 36 218000011 218000319 53 
2020-12-12T17:02:09 0 0 경기73아1596 3 36 218000011 218000320 54 
2020-12-12T17:03:09 0 0 경기73아1596 3 36 218000011 218000320 54 
2020-12-12T17:04:08 0 0 경기73아1596 3 36 218000011 218000320 54 
2020-12-12T17:05:08 0 0 경기73아1596 3 36 218000011 218000320 54 
2020-12-12T17:06:07 0 0 경기73아1596 3 36 218000011 219000386 55 
2020-12-12T17:07:07 0 0 경기73아1596 3 36 218000011 219000386 55 
2020-12-12T17:08:07 0 0 경기73아1596 3 36 218000011 219000386 55 
2020-12-12T17:09:07 0 0 경기73아1596 3 36 218000011 219000385 56 
2020-12-12T17:10:06 0 0 경기73아1596 3 36 218000011 219000385 56 
2020-12-12T17:11:05 0 0 경기73아1596 3 36 218000011 219000385 56 
2020-12-12T17:12:05 0 0 경기73아1596 3 37 218000011 219000383 57 
2020-12-12T17:13:05 0 0 경기73아1596 3 38 218000011 219000383 57 
2020-12-12T17:14:05 0 0 경기73아1596 3 38 218000011 219000383 57 
2020-12-12T17:15:05 0 0 경기73아1596 3 38 218000011 219000191 58 
2020-12-12T17:16:04 0 0 경기73아1596 3 38 218000011 219000191 58 
2020-12-12T17:17:04 0 0 경기73아1596 3 38 218000011 219000191 58 
2020-12-12T17:18:04 0 0 경기73아1596 3 38 218000011 219000130 59 
2020-12-12T17:19:04 0 0 경기73아1596 3 38 218000011 219000190 60 
2020-12-12T17:20:03 0 0 경기73아1596 3 38 218000011 219000190 60 
2020-12-12T17:21:03 0 0 경기73아1596 3 39 218000011 219000190 60 
2020-12-12T17:22:03 0 0 경기73아1596 3 40 218000011 219000189 61 
2020-12-12T17:23:02 0 0 경기73아1596 3 40 218000011 219000189 61 
2020-12-12T17:24:02 0 0 경기73아1596 3 40 218000011 219000129 62 
2020-12-12T17:25:01 0 0 경기73아1596 3 40 218000011 219000129 62 
2020-12-12T17:26:00 0 0 경기73아1596 3 41 218000011 219000623 63 
2020-12-12T17:27:00 0 0 경기73아1596 3 41 218000011 219000623 63 
2020-12-12T17:27:59 0 0 경기73아1596 3 41 218000011 219000623 63 
2020-12-12T17:28:58 0 0 경기73아1596 3 41 218000011 219000623 63 
2020-12-12T17:29:58 0 0 경기73아1596 3 41 218000011 219001155 64 
2020-12-12T17:30:58 0 0 경기73아1596 3 41 218000011 219000674 65 
2020-12-12T17:31:58 0 0 경기73아1596 3 41 218000011 219000119 66 
2020-12-12T17:32:57 0 0 경기73아1596 3 41 218000011 219000119 66 
2020-12-12T17:33:57 0 0 경기73아1596 3 41 218000011 219000119 66 
2020-12-12T17:34:57 0 0 경기73아1596 3 41 218000011 219000119 66 
2020-12-12T17:35:56 0 0 경기73아1596 3 41 218000011 219000451 67 
2020-12-12T17:36:56 0 0 경기73아1596 3 41 218000011 219000451 67 
2020-12-12T17:37:56 0 0 경기73아1596 3 41 218000011 219000451 67 
2020-12-12T17:38:56 0 0 경기73아1596 3 41 218000011 219000645 75 
2020-12-12T17:39:56 0 0 경기73아1596 3 41 218000011 219000645 75 
2020-12-12T17:40:56 0 0 경기73아1596 3 41 218000011 219000645 75 
2020-12-12T17:41:55 0 0 경기73아1596 3 41 218000011 219000645 75 
2020-12-12T17:42:55 0 0 경기73아1596 3 41 218000011 219000645 75 
2020-12-12T17:43:54 0 0 경기73아1596 3 41 218000011 219000645 75 
2020-12-12T17:44:54 0 0 경기73아1596 3 41 218000011 219000645 75 
2020-12-12T17:45:53 0 0 경기73아1596 3 41 218000011 219000645 75 
2020-12-12T17:46:53 0 0 경기73아1596 3 41 218000011 219000645 75 
2020-12-12T17:47:53 0 0 경기73아1596 3 41 218000011 219000645 75 
2020-12-12T17:48:53 0 0 경기73아1596 3 41 218000011 219000645 75 
2020-12-12T17:49:53 0 0 경기73아1596 3 41 218000011 219000645 75 
2020-12-12T17:50:53 0 0 경기73아1596 3 41 218000011 219000645 75 
2020-12-12T17:51:52 0 0 경기73아1596 3 41 218000011 219000645 75 
2020-12-12T17:52:52 0 0 경기73아1596 3 41 218000011 219000645 75 
2020-12-12T18:43:36 0 0 경기73아1596 3 41 218000011 219000644 1 
2020-12-12T18:44:35 0 0 경기73아1596 3 41 218000011 277102634 2 
2020-12-12T18:45:35 0 0 경기73아1596 3 41 218000011 277102634 2 
2020-12-12T18:46:34 0 0 경기73아1596 3 41 218000011 277102634 2 
2020-12-12T18:47:34 0 0 경기73아1596 3 41 218000011 219000573 5 
2020-12-12T18:48:34 0 0 경기73아1596 3 41 218000011 219000440 6 
2020-12-12T18:49:33 0 0 경기73아1596 3 41 218000011 219000443 7 
2020-12-12T18:50:33 0 0 경기73아1596 3 41 218000011 219000435 8 
2020-12-12T18:51:33 0 0 경기73아1596 3 41 218000011 219000435 8 
2020-12-12T18:52:33 0 0 경기73아1596 3 41 218000011 219000434 9 
2020-12-12T18:53:33 0 0 경기73아1596 3 41 218000011 219000434 9 
2020-12-12T18:54:33 0 0 경기73아1596 3 41 218000011 219000434 9 
2020-12-12T18:55:33 0 0 경기73아1596 3 41 218000011 219000450 11 
2020-12-12T18:56:32 0 0 경기73아1596 3 41 218000011 219000343 12 
2020-12-12T18:57:32 0 0 경기73아1596 3 41 218000011 219000343 12 
2020-12-12T18:58:32 0 0 경기73아1596 3 41 218000011 219000673 13 
2020-12-12T18:59:32 0 0 경기73아1596 3 41 218000011 219000673 13 
2020-12-12T19:00:32 0 0 경기73아1596 3 41 218000011 219000673 13 
2020-12-12T19:01:31 0 0 경기73아1596 3 41 218000011 219000999 15 
2020-12-12T19:02:31 0 0 경기73아1596 3 41 218000011 219000999 15 
2020-12-12T19:03:31 0 0 경기73아1596 3 41 218000011 219000627 16 
2020-12-12T19:04:30 0 0 경기73아1596 3 41 218000011 219000627 16 
2020-12-12T19:05:30 0 0 경기73아1596 3 41 218000011 219000363 17 
2020-12-12T19:06:29 0 0 경기73아1596 3 41 218000011 219000192 18 
2020-12-12T19:07:29 0 0 경기73아1596 3 41 218000011 219000192 18 
2020-12-12T19:08:29 0 0 경기73아1596 3 41 218000011 219000192 18 
2020-12-12T19:09:29 0 0 경기73아1596 3 41 218000011 219000131 19 
2020-12-12T19:10:28 0 0 경기73아1596 3 41 218000011 219000131 19 
2020-12-12T19:11:28 0 0 경기73아1596 3 40 218000011 219000131 19 
2020-12-12T19:12:27 0 0 경기73아1596 3 40 218000011 219000131 19 
2020-12-12T19:13:26 0 0 경기73아1596 3 40 218000011 219000356 20 
2020-12-12T19:14:25 0 0 경기73아1596 3 40 218000011 219000356 20 
2020-12-12T19:15:25 0 0 경기73아1596 3 40 218000011 219000370 21 
2020-12-12T19:16:25 0 0 경기73아1596 3 39 218000011 219000370 21 
2020-12-12T19:17:25 0 0 경기73아1596 3 39 218000011 219000370 21 
2020-12-12T19:18:25 0 0 경기73아1596 3 39 218000011 219000370 21 
2020-12-12T19:19:24 0 0 경기73아1596 3 39 218000011 219000454 22 
2020-12-12T19:20:23 0 0 경기73아1596 3 39 218000011 219000368 23 
2020-12-12T19:21:23 0 0 경기73아1596 3 39 218000011 219000368 23 
2020-12-12T19:22:23 0 0 경기73아1596 3 39 218000011 219000163 24 
2020-12-12T19:23:23 0 0 경기73아1596 3 39 218000011 219000163 24 
2020-12-12T19:24:22 0 0 경기73아1596 3 39 218000011 219000163 24 
2020-12-12T19:25:22 0 0 경기73아1596 3 39 218000011 219000163 24 
2020-12-12T19:26:22 0 0 경기73아1596 3 39 218000011 219000163 24 
2020-12-12T19:27:22 0 0 경기73아1596 3 39 218000011 219000163 24 
2020-12-12T19:28:22 0 0 경기73아1596 3 39 218000011 218000316 25 
2020-12-12T19:29:22 0 0 경기73아1596 3 40 218000011 218000316 25 
2020-12-12T19:30:21 0 0 경기73아1596 3 40 218000011 218000317 26 
2020-12-12T19:31:21 0 0 경기73아1596 3 40 218000011 218000318 27 
2020-12-12T19:32:20 0 0 경기73아1596 3 40 218000011 218000637 28 
2020-12-12T19:33:20 0 0 경기73아1596 3 40 218000011 218000637 28 
2020-12-12T19:34:20 0 0 경기73아1596 3 40 218000011 218000637 28 
2020-12-12T19:35:19 0 0 경기73아1596 3 40 218000011 218000637 28 
2020-12-12T19:36:19 0 0 경기73아1596 3 40 218000011 218000145 29 
2020-12-12T19:37:18 0 0 경기73아1596 3 40 218000011 218000145 29 
2020-12-12T19:38:17 0 0 경기73아1596 3 40 218000011 277103090 30 
2020-12-12T19:39:17 0 0 경기73아1596 3 40 218000011 277103090 30 
2020-12-12T19:40:17 0 0 경기73아1596 3 40 218000011 277103090 30 
2020-12-12T19:41:16 0 0 경기73아1596 3 40 218000011 218000140 31 
2020-12-12T19:42:15 0 0 경기73아1596 3 40 218000011 218000140 31 
2020-12-12T19:43:15 0 0 경기73아1596 3 40 218000011 218000140 31 
2020-12-12T19:44:15 0 0 경기73아1596 3 40 218000011 218000140 31 
2020-12-12T19:45:15 0 0 경기73아1596 3 40 218000011 218000140 31 
2020-12-12T19:46:14 0 0 경기73아1596 3 40 218000011 218000140 31 
2020-12-12T19:47:14 0 0 경기73아1596 3 40 218000011 218000140 31 
2020-12-12T19:48:13 0 0 경기73아1596 3 40 218000011 111000007 32 
2020-12-12T19:49:12 0 0 경기73아1596 3 40 218000011 111000007 32 
2020-12-12T19:50:11 0 0 경기73아1596 3 40 218000011 111000007 32 
2020-12-12T19:51:11 0 0 경기73아1596 3 40 218000011 111000007 32 
2020-12-12T19:52:10 0 0 경기73아1596 3 40 218000011 111000007 32 
2020-12-12T19:53:10 0 0 경기73아1596 3 40 218000011 111000007 32 
2020-12-12T19:54:09 0 0 경기73아1596 3 40 218000011 111000007 32 
2020-12-12T19:55:09 0 0 경기73아1596 3 40 218000011 111000007 32 
2020-12-12T19:56:08 0 0 경기73아1596 3 40 218000011 111000007 32 
2020-12-12T19:57:08 0 0 경기73아1596 3 40 218000011 111000007 32 
2020-12-12T19:58:08 0 0 경기73아1596 3 40 218000011 111000007 32 
2020-12-12T19:59:08 0 0 경기73아1596 3 40 218000011 277101784 34 
2020-12-12T20:00:07 0 0 경기73아1596 3 40 218000011 277101784 34 
2020-12-12T20:01:07 0 0 경기73아1596 3 40 218000011 277101784 34 
2020-12-12T20:02:06 0 0 경기73아1596 3 41 218000011 277103098 35 
2020-12-12T20:03:06 0 0 경기73아1596 3 41 218000011 277103098 35 
2020-12-12T20:04:05 0 0 경기73아1596 3 41 218000011 277103098 35 
2020-12-12T20:05:05 0 0 경기73아1596 3 41 218000011 277103099 36 
2020-12-12T20:06:05 0 0 경기73아1596 3 41 218000011 277103099 36 
2020-12-12T20:07:05 0 0 경기73아1596 3 41 218000011 277103099 36 
2020-12-12T20:08:04 0 0 경기73아1596 3 41 218000011 100000034 37 
2020-12-12T20:09:04 0 0 경기73아1596 3 39 218000011 277104283 38 
2020-12-12T20:10:03 0 0 경기73아1596 3 39 218000011 101000128 39 
2020-12-12T20:11:03 0 0 경기73아1596 3 39 218000011 101000128 39 
2020-12-12T20:12:03 0 0 경기73아1596 3 39 218000011 101000128 39 
2020-12-12T20:13:03 0 0 경기73아1596 3 39 218000011 277101993 42 
2020-12-12T20:14:02 0 0 경기73아1596 3 39 218000011 101000020 43 
2020-12-12T20:15:02 0 0 경기73아1596 3 39 218000011 101000020 43 
2020-12-12T20:16:02 0 0 경기73아1596 3 39 218000011 101000020 43 
2020-12-12T20:17:01 0 0 경기73아1596 3 39 218000011 101000020 43 
2020-12-12T20:18:01 0 0 경기73아1596 3 39 218000011 277102320 44 
2020-12-12T20:19:01 0 0 경기73아1596 3 39 218000011 277102320 44 
2020-12-12T20:20:01 0 0 경기73아1596 3 39 218000011 277102320 44 
2020-12-12T20:21:00 0 0 경기73아1596 3 39 218000011 277104396 45 
2020-12-12T20:22:00 0 0 경기73아1596 3 39 218000011 277104396 45 
2020-12-12T20:23:00 0 0 경기73아1596 3 39 218000011 112000013 46 
2020-12-12T20:23:59 0 0 경기73아1596 3 39 218000011 112000013 46 
2020-12-12T20:24:59 0 0 경기73아1596 3 39 218000011 112000013 46 
2020-12-12T20:25:59 0 0 경기73아1596 3 39 218000011 112000013 46 
2020-12-12T20:26:58 0 0 경기73아1596 3 39 218000011 112000013 46 
2020-12-12T20:27:58 0 0 경기73아1596 3 39 218000011 112000013 46 
2020-12-12T20:28:58 0 0 경기73아1596 3 39 218000011 112000013 46 
2020-12-12T20:29:58 0 0 경기73아1596 3 39 218000011 112000013 46 
2020-12-12T20:30:58 0 0 경기73아1596 3 39 218000011 112000013 46 
2020-12-12T20:31:57 0 0 경기73아1596 3 39 218000011 111000008 47 
2020-12-12T20:32:56 0 0 경기73아1596 3 39 218000011 111000008 47 
2020-12-12T20:33:56 0 0 경기73아1596 3 39 218000011 111000008 47 
2020-12-12T20:34:56 0 0 경기73아1596 3 39 218000011 111000008 47 
2020-12-12T20:35:55 0 0 경기73아1596 3 39 218000011 111000008 47 
2020-12-12T20:36:55 0 0 경기73아1596 3 39 218000011 111000008 47 
2020-12-12T20:37:55 0 0 경기73아1596 3 39 218000011 111000008 47 
2020-12-12T20:38:54 0 0 경기73아1596 3 39 218000011 111000008 47 
2020-12-12T20:39:54 0 0 경기73아1596 3 39 218000011 218000139 48 
2020-12-12T20:40:53 0 0 경기73아1596 3 39 218000011 218000139 48 
2020-12-12T20:41:53 0 0 경기73아1596 3 39 218000011 277103091 49 
2020-12-12T20:42:52 0 0 경기73아1596 3 39 218000011 277103091 49 
2020-12-12T20:43:52 0 0 경기73아1596 3 39 218000011 277103091 49 
2020-12-12T20:44:52 0 0 경기73아1596 3 39 218000011 218000134 50 
2020-12-12T20:45:51 0 0 경기73아1596 3 39 218000011 218000134 50 
2020-12-12T20:46:51 0 0 경기73아1596 3 39 218000011 218000134 50 
2020-12-12T20:47:51 0 0 경기73아1596 3 39 218000011 218000636 51 
2020-12-12T20:48:50 0 0 경기73아1596 3 39 218000011 218000636 51 
2020-12-12T20:49:50 0 0 경기73아1596 3 39 218000011 218000636 51 
2020-12-12T20:50:49 0 0 경기73아1596 3 39 218000011 218000078 52 
2020-12-12T20:51:49 0 0 경기73아1596 3 39 218000011 218000319 53 
2020-12-12T20:52:48 0 0 경기73아1596 3 39 218000011 218000319 53 
2020-12-12T20:53:48 0 0 경기73아1596 3 39 218000011 218000320 54 
2020-12-12T20:54:48 0 0 경기73아1596 3 39 218000011 218000320 54 
2020-12-12T20:55:48 0 0 경기73아1596 3 39 218000011 218000320 54 
2020-12-12T20:56:48 0 0 경기73아1596 3 39 218000011 218000320 54 
2020-12-12T20:57:47 0 0 경기73아1596 3 39 218000011 218000320 54 
2020-12-12T20:58:46 0 0 경기73아1596 3 39 218000011 219000386 55 
2020-12-12T20:59:45 0 0 경기73아1596 3 39 218000011 219000386 55 
2020-12-12T21:00:45 0 0 경기73아1596 3 39 218000011 219000385 56 
2020-12-12T21:01:45 0 0 경기73아1596 3 39 218000011 219000385 56 
2020-12-12T21:02:44 0 0 경기73아1596 3 39 218000011 219000383 57 
2020-12-12T21:03:44 0 0 경기73아1596 3 39 218000011 219000383 57 
2020-12-12T21:04:43 0 0 경기73아1596 3 39 218000011 219000383 57 
2020-12-12T21:05:43 0 0 경기73아1596 3 39 218000011 219000191 58 
2020-12-12T21:06:43 0 0 경기73아1596 3 39 218000011 219000191 58 
2020-12-12T21:07:42 0 0 경기73아1596 3 40 218000011 219000130 59 
2020-12-12T21:08:41 0 0 경기73아1596 3 40 218000011 219000190 60 
2020-12-12T21:09:41 0 0 경기73아1596 3 40 218000011 219000190 60 
2020-12-12T21:10:41 0 0 경기73아1596 3 40 218000011 219000190 60 
2020-12-12T21:11:41 0 0 경기73아1596 3 40 218000011 219000189 61 
2020-12-12T21:12:40 0 0 경기73아1596 3 40 218000011 219000189 61 
2020-12-12T21:13:40 0 0 경기73아1596 3 40 218000011 219000129 62 
2020-12-12T21:14:40 0 0 경기73아1596 3 40 218000011 219000129 62 
2020-12-12T21:15:40 0 0 경기73아1596 3 40 218000011 219000623 63 
2020-12-12T21:16:40 0 0 경기73아1596 3 40 218000011 219000623 63 
2020-12-12T21:17:40 0 0 경기73아1596 3 41 218000011 219001155 64 
2020-12-12T21:18:40 0 0 경기73아1596 3 41 218000011 219001155 64 
2020-12-12T21:19:39 0 0 경기73아1596 3 41 218000011 219000674 65 
2020-12-12T21:20:39 0 0 경기73아1596 3 41 218000011 219000674 65 
2020-12-12T21:21:39 0 0 경기73아1596 3 41 218000011 219000119 66 
2020-12-12T21:22:38 0 0 경기73아1596 3 41 218000011 219000119 66 
2020-12-12T21:23:37 0 0 경기73아1596 3 41 218000011 219000119 66 
2020-12-12T21:24:37 0 0 경기73아1596 3 41 218000011 219000119 66 
2020-12-12T21:25:37 0 0 경기73아1596 3 41 218000011 219000451 67 
2020-12-12T21:26:37 0 0 경기73아1596 3 41 218000011 219000645 75 
2020-12-12T21:27:36 0 0 경기73아1596 3 41 218000011 219000645 75 
2020-12-12T21:28:36 0 0 경기73아1596 3 41 218000011 219000645 75 
2020-12-12T21:29:36 0 0 경기73아1596 3 41 218000011 219000645 75 
2020-12-12T21:30:35 0 0 경기73아1596 3 41 218000011 219000645 75 
2020-12-12T21:31:35 0 0 경기73아1596 3 41 218000011 219000645 75 
2020-12-12T21:32:34 0 0 경기73아1596 3 41 218000011 219000645 75 
2020-12-12T21:33:34 0 0 경기73아1596 3 41 218000011 219000645 75 
2020-12-12T21:34:34 0 0 경기73아1596 3 41 218000011 219000645 75 
2020-12-12T21:35:33 0 0 경기73아1596 3 41 218000011 219000645 75 
2020-12-12T21:36:33 0 0 경기73아1596 3 41 218000011 219000645 75 
2020-12-12T21:37:33 0 0 경기73아1596 3 41 218000011 219000645 75 
2020-12-12T21:38:32 0 0 경기73아1596 3 41 218000011 219000645 75 
2020-12-12T21:39:32 0 0 경기73아1596 3 41 218000011 219000645 75 
2020-12-12T21:40:32 0 0 경기73아1596 3 41 218000011 219000645 75 
