200000108 2020-12-02T00:00:29.569520+09:00
2020-12-02T14:23:32.264196+09:00 0 0 경기70바5338 3 44 200000108 121000056 44 
2020-12-02T14:23:32.264262+09:00 0 0 경기70사6582 3 41 200000108 201000187 70 
2020-12-02T14:23:32.264283+09:00 0 0 경기70바5370 3 49 200000108 201000157 78 
2020-12-02T14:23:32.264299+09:00 0 0 경기70사6504 3 37 200000108 200000097 65 
2020-12-02T14:23:32.264316+09:00 0 0 경기70사6500 3 34 200000108 220000011 49 
2020-12-02T14:23:32.264331+09:00 0 0 경기70사6556 3 48 200000108 200000111 16 
2020-12-02T14:23:32.264346+09:00 0 0 경기70바3760 3 33 200000108 277103323 26 
2020-12-02T14:23:32.264360+09:00 0 0 경기70사6502 3 32 200000108 121000520 37 
2020-12-02T14:23:32.264374+09:00 0 0 경기70바5372 3 49 200000108 201000446 2 
2020-12-02T14:24:32.098333+09:00 0 0 경기70사6504 3 37 200000108 200000097 65 
2020-12-02T14:24:32.098396+09:00 0 0 경기70바5370 3 49 200000108 201000468 79 
2020-12-02T14:24:32.098418+09:00 0 0 경기70바5338 3 44 200000108 121000971 45 
2020-12-02T14:24:32.098435+09:00 0 0 경기70바3760 3 33 200000108 226000039 27 
2020-12-02T14:24:32.098451+09:00 0 0 경기70사6556 3 48 200000108 200000111 16 
2020-12-02T14:24:32.098467+09:00 0 0 경기70사6582 3 41 200000108 201000186 71 
2020-12-02T14:24:32.098482+09:00 0 0 경기70사6500 3 34 200000108 277103204 50 
2020-12-02T14:24:32.098496+09:00 0 0 경기70사6502 3 32 200000108 121000520 37 
2020-12-02T14:24:32.098510+09:00 0 0 경기70바5372 3 49 200000108 201000469 3 
2020-12-02T14:25:31.572425+09:00 0 0 경기70바5370 3 49 200000108 201000468 79 
2020-12-02T14:25:31.572487+09:00 0 0 경기70사6556 3 48 200000108 200000111 16 
2020-12-02T14:25:31.572507+09:00 0 0 경기70사6582 3 41 200000108 201000186 71 
2020-12-02T14:25:31.572523+09:00 0 0 경기70바3760 3 34 200000108 226000039 27 
2020-12-02T14:25:31.572539+09:00 0 0 경기70바5338 3 44 200000108 121000971 45 
2020-12-02T14:25:31.572553+09:00 0 0 경기70사6500 3 34 200000108 277103204 50 
2020-12-02T14:25:31.572568+09:00 0 0 경기70사6504 3 39 200000108 200000096 66 
2020-12-02T14:25:31.572581+09:00 0 0 경기70사6502 3 32 200000108 121000520 37 
2020-12-02T14:25:31.572594+09:00 0 0 경기70바5372 3 49 200000108 201000125 4 
2020-12-02T14:26:31.256399+09:00 0 0 경기70사6582 3 41 200000108 201000186 71 
2020-12-02T14:26:31.256460+09:00 0 0 경기70사6504 3 39 200000108 200000096 66 
2020-12-02T14:26:31.256480+09:00 0 0 경기70바5338 3 44 200000108 121000971 45 
2020-12-02T14:26:31.256496+09:00 0 0 경기70바5370 3 49 200000108 201000445 80 
2020-12-02T14:26:31.256515+09:00 0 0 경기70바3760 3 34 200000108 226000039 27 
2020-12-02T14:26:31.256529+09:00 0 0 경기70사6556 3 48 200000108 200000110 17 
2020-12-02T14:26:31.256546+09:00 0 0 경기70사6500 3 34 200000108 277103202 51 
2020-12-02T14:26:31.256560+09:00 0 0 경기70사6502 3 31 200000108 121000060 38 
2020-12-02T14:26:31.256573+09:00 0 0 경기70바5372 3 49 200000108 201000218 5 
2020-12-02T14:27:31.050551+09:00 0 0 경기70바5370 3 49 200000108 201000445 80 
2020-12-02T14:27:31.050613+09:00 0 0 경기70사6500 3 34 200000108 277103201 52 
2020-12-02T14:27:31.050634+09:00 0 0 경기70사6504 3 39 200000108 200000089 67 
2020-12-02T14:27:31.050651+09:00 0 0 경기70바3760 3 34 200000108 277103221 28 
2020-12-02T14:27:31.050668+09:00 0 0 경기70사6556 3 48 200000108 200000109 18 
2020-12-02T14:27:31.050683+09:00 0 0 경기70바5338 3 44 200000108 121000971 45 
2020-12-02T14:27:31.050698+09:00 0 0 경기70사6582 3 41 200000108 201000035 72 
2020-12-02T14:27:31.050712+09:00 0 0 경기70사6502 3 31 200000108 121000060 38 
2020-12-02T14:27:31.050725+09:00 0 0 경기70바5372 3 49 200000108 201000173 6 
2020-12-02T14:28:30.674710+09:00 0 0 경기70사6556 3 48 200000108 200000109 18 
2020-12-02T14:28:30.674771+09:00 0 0 경기70바3760 3 34 200000108 277103221 28 
2020-12-02T14:28:30.674790+09:00 0 0 경기70사6504 3 39 200000108 200000089 67 
2020-12-02T14:28:30.674806+09:00 0 0 경기70바5338 3 44 200000108 121000220 46 
2020-12-02T14:28:30.674832+09:00 0 0 경기70사6582 3 41 200000108 201000035 72 
2020-12-02T14:28:30.674846+09:00 0 0 경기70바5370 3 49 200000108 201000447 81 
2020-12-02T14:28:30.674860+09:00 0 0 경기70사6500 3 34 200000108 277103201 52 
2020-12-02T14:28:30.674874+09:00 0 0 경기70바5372 3 49 200000108 201000173 6 
2020-12-02T14:28:30.674887+09:00 0 0 경기70사6502 3 32 200000108 121000060 38 
2020-12-02T14:29:29.688726+09:00 0 0 경기70사6504 3 39 200000108 200000089 67 
2020-12-02T14:29:29.688789+09:00 0 0 경기70사6582 3 41 200000108 201000034 73 
2020-12-02T14:29:29.688809+09:00 0 0 경기70사6556 3 48 200000108 200000099 19 
2020-12-02T14:29:29.688825+09:00 0 0 경기70사6500 3 34 200000108 277103158 53 
2020-12-02T14:29:29.688841+09:00 0 0 경기70바3760 3 34 200000108 277103159 29 
2020-12-02T14:29:29.688855+09:00 0 0 경기70바5338 3 44 200000108 121000220 46 
2020-12-02T14:29:29.688881+09:00 0 0 경기70바5372 3 49 200000108 201000172 7 
2020-12-02T14:29:29.688899+09:00 0 0 경기70사6502 3 34 200000108 121000929 39 
2020-12-02T14:30:29.292752+09:00 0 0 경기70바5338 3 44 200000108 121000220 46 
2020-12-02T14:30:29.292811+09:00 0 0 경기70바3760 3 34 200000108 277103200 30 
2020-12-02T14:30:29.292831+09:00 0 0 경기70사6556 3 47 200000108 200000107 20 
2020-12-02T14:30:29.292847+09:00 0 0 경기70사6582 3 41 200000108 201000252 75 
2020-12-02T14:30:29.292863+09:00 0 0 경기70사6500 3 34 200000108 277103158 53 
2020-12-02T14:30:29.292891+09:00 0 0 경기70사6504 3 39 200000108 202000246 68 
2020-12-02T14:30:29.292905+09:00 0 0 경기70사6502 3 34 200000108 121000929 39 
2020-12-02T14:30:29.292918+09:00 0 0 경기70바5372 3 49 200000108 201000171 8 
2020-12-02T14:31:28.476862+09:00 0 0 경기70바5338 3 44 200000108 121000220 46 
2020-12-02T14:31:28.476922+09:00 0 0 경기70사6500 3 34 200000108 277103220 54 
2020-12-02T14:31:28.476941+09:00 0 0 경기70바3760 3 34 200000108 277103200 30 
2020-12-02T14:31:28.476957+09:00 0 0 경기70사6504 3 40 200000108 202000245 69 
2020-12-02T14:31:28.476985+09:00 0 0 경기70사6556 3 47 200000108 200000106 21 
2020-12-02T14:31:28.477000+09:00 0 0 경기70사6582 3 41 200000108 201000252 75 
2020-12-02T14:31:28.477014+09:00 0 0 경기70사6502 3 34 200000108 277104257 40 
2020-12-02T14:31:28.477028+09:00 0 0 경기70바5372 3 49 200000108 201000031 9 
2020-12-02T14:32:28.431108+09:00 0 0 경기70바5338 3 44 200000108 121000220 46 
2020-12-02T14:32:28.431171+09:00 0 0 경기70사6504 3 40 200000108 202000245 69 
2020-12-02T14:32:28.431191+09:00 0 0 경기70사6556 3 47 200000108 200000106 21 
2020-12-02T14:32:28.431207+09:00 0 0 경기70바3760 3 34 200000108 277103203 31 
2020-12-02T14:32:28.431224+09:00 0 0 경기70사6500 3 34 200000108 226000038 55 
2020-12-02T14:32:28.431239+09:00 0 0 경기70사6582 3 41 200000108 201000470 76 
2020-12-02T14:32:28.431254+09:00 0 0 경기70사6502 3 35 200000108 277104257 40 
2020-12-02T14:32:28.431269+09:00 0 0 경기70바5372 3 49 200000108 201000030 10 
2020-12-02T14:33:27.835060+09:00 0 0 경기70사6504 3 40 200000108 201000187 70 
2020-12-02T14:33:27.835123+09:00 0 0 경기70바5338 3 44 200000108 121000220 46 
2020-12-02T14:33:27.835144+09:00 0 0 경기70사6500 3 34 200000108 226000038 55 
2020-12-02T14:33:27.835161+09:00 0 0 경기70사6582 3 41 200000108 201000217 77 
2020-12-02T14:33:27.835178+09:00 0 0 경기70바3760 3 34 200000108 277103203 31 
2020-12-02T14:33:27.835192+09:00 0 0 경기70사6556 3 45 200000108 200000105 22 
2020-12-02T14:33:27.835207+09:00 0 0 경기70바5372 3 49 200000108 201000189 11 
2020-12-02T14:33:27.835221+09:00 0 0 경기70사6502 3 36 200000108 277101696 42 
2020-12-02T14:34:27.839105+09:00 0 0 경기70바5338 3 44 200000108 121000220 46 
2020-12-02T14:34:27.839166+09:00 0 0 경기70바3760 3 34 200000108 277103205 32 
2020-12-02T14:34:27.839185+09:00 0 0 경기70사6582 3 41 200000108 201000217 77 
2020-12-02T14:34:27.839200+09:00 0 0 경기70사6500 3 34 200000108 226000038 55 
2020-12-02T14:34:27.839217+09:00 0 0 경기70사6556 3 45 200000108 200000105 22 
2020-12-02T14:34:27.839231+09:00 0 0 경기70사6504 3 40 200000108 201000186 71 
2020-12-02T14:34:27.839245+09:00 0 0 경기70사6502 3 36 200000108 277101696 42 
2020-12-02T14:34:27.839258+09:00 0 0 경기70바5372 3 49 200000108 201000188 12 
2020-12-02T14:35:27.753331+09:00 0 0 경기70바5338 3 44 200000108 121000220 46 
2020-12-02T14:35:27.753399+09:00 0 0 경기70사6582 3 41 200000108 201000217 77 
2020-12-02T14:35:27.753421+09:00 0 0 경기70사6556 3 45 200000108 200000104 23 
2020-12-02T14:35:27.753438+09:00 0 0 경기70사6500 3 34 200000108 277103314 56 
2020-12-02T14:35:27.753454+09:00 0 0 경기70바3760 3 34 200000108 277103205 32 
2020-12-02T14:35:27.753469+09:00 0 0 경기70사6504 3 40 200000108 201000186 71 
2020-12-02T14:35:27.753483+09:00 0 0 경기70바5372 3 49 200000108 201000188 12 
2020-12-02T14:35:27.753497+09:00 0 0 경기70사6502 3 36 200000108 277101696 42 
2020-12-02T14:36:27.187553+09:00 0 0 경기70사6582 3 41 200000108 201000217 77 
2020-12-02T14:36:27.187618+09:00 0 0 경기70사6500 3 34 200000108 277103314 56 
2020-12-02T14:36:27.187639+09:00 0 0 경기70사6556 3 42 200000108 200000104 23 
2020-12-02T14:36:27.187655+09:00 0 0 경기70사6504 3 40 200000108 201000035 72 
2020-12-02T14:36:27.187672+09:00 0 0 경기70바5338 3 43 200000108 121000223 47 
2020-12-02T14:36:27.187686+09:00 0 0 경기70바3760 3 35 200000108 220000018 33 
2020-12-02T14:36:27.187700+09:00 0 0 경기70사6502 3 35 200000108 121000920 43 
2020-12-02T14:36:27.187727+09:00 0 0 경기70바5372 3 49 200000108 202000255 13 
2020-12-02T14:37:27.081493+09:00 0 0 경기70바5338 3 43 200000108 121000223 47 
2020-12-02T14:37:27.081549+09:00 0 0 경기70사6582 3 41 200000108 201000157 78 
2020-12-02T14:37:27.081570+09:00 0 0 경기70사6556 3 42 200000108 200000104 23 
2020-12-02T14:37:27.081586+09:00 0 0 경기70사6500 3 34 200000108 277103314 56 
2020-12-02T14:37:27.081603+09:00 0 0 경기70바3760 3 35 200000108 220000018 33 
2020-12-02T14:37:27.081618+09:00 0 0 경기70사6504 3 40 200000108 201000034 73 
2020-12-02T14:37:27.081632+09:00 0 0 경기70사6502 3 35 200000108 121000920 43 
2020-12-02T14:37:27.081645+09:00 0 0 경기70바5372 3 49 200000108 202000255 13 
2020-12-02T14:38:26.745672+09:00 0 0 경기70사6500 3 34 200000108 277103314 56 
2020-12-02T14:38:26.745735+09:00 0 0 경기70사6582 3 41 200000108 201000468 79 
2020-12-02T14:38:26.745768+09:00 0 0 경기70바5338 3 43 200000108 121000223 47 
2020-12-02T14:38:26.745784+09:00 0 0 경기70바3760 3 35 200000108 220000018 33 
2020-12-02T14:38:26.745799+09:00 0 0 경기70사6556 3 42 200000108 200000291 24 
2020-12-02T14:38:26.745813+09:00 0 0 경기70사6504 3 40 200000108 201000253 74 
2020-12-02T14:38:26.745827+09:00 0 0 경기70사6502 3 35 200000108 121000920 43 
2020-12-02T14:38:26.745840+09:00 0 0 경기70바5372 3 48 200000108 202000247 14 
2020-12-02T14:39:26.209726+09:00 0 0 경기70바3760 3 35 200000108 220000018 33 
2020-12-02T14:39:26.209786+09:00 0 0 경기70사6556 3 42 200000108 200000094 25 
2020-12-02T14:39:26.209807+09:00 0 0 경기70사6500 3 34 200000108 277103314 56 
2020-12-02T14:39:26.209823+09:00 0 0 경기70사6582 3 41 200000108 201000468 79 
2020-12-02T14:39:26.209839+09:00 0 0 경기70사6504 3 40 200000108 201000252 75 
2020-12-02T14:39:26.209853+09:00 0 0 경기70바5338 3 43 200000108 121000209 48 
2020-12-02T14:39:26.209879+09:00 0 0 경기70사6502 3 35 200000108 121000056 44 
2020-12-02T14:39:26.209893+09:00 0 0 경기70바5372 3 48 200000108 202000247 14 
2020-12-02T14:40:25.742051+09:00 0 0 경기70사6556 3 42 200000108 200000094 25 
2020-12-02T14:40:25.742107+09:00 0 0 경기70바5338 3 43 200000108 121000209 48 
2020-12-02T14:40:25.742127+09:00 0 0 경기70바3760 3 35 200000108 121000210 34 
2020-12-02T14:40:25.742142+09:00 0 0 경기70사6582 3 41 200000108 201000445 80 
2020-12-02T14:40:25.742158+09:00 0 0 경기70사6500 3 34 200000108 200000104 58 
2020-12-02T14:40:25.742172+09:00 0 0 경기70사6504 3 40 200000108 201000470 76 
2020-12-02T14:40:25.742185+09:00 0 0 경기70사6502 3 35 200000108 121000056 44 
2020-12-02T14:40:25.742198+09:00 0 0 경기70바5372 3 48 200000108 200000092 15 
2020-12-02T14:41:25.667944+09:00 0 0 경기70사6582 3 41 200000108 201000447 81 
2020-12-02T14:41:25.668008+09:00 0 0 경기70바5338 3 43 200000108 121000209 48 
2020-12-02T14:41:25.668028+09:00 0 0 경기70바3760 3 35 200000108 121000210 34 
2020-12-02T14:41:25.668044+09:00 0 0 경기70사6500 3 35 200000108 200000103 59 
2020-12-02T14:41:25.668060+09:00 0 0 경기70사6556 3 42 200000108 200000094 25 
2020-12-02T14:41:25.668074+09:00 0 0 경기70사6504 3 40 200000108 201000217 77 
2020-12-02T14:41:25.668088+09:00 0 0 경기70바5367 3 49 200000108 201000446 2 
2020-12-02T14:41:25.668102+09:00 0 0 경기70바5372 3 49 200000108 200000111 16 
2020-12-02T14:41:25.668115+09:00 0 0 경기70사6502 3 35 200000108 121000971 45 
2020-12-02T14:42:25.402168+09:00 0 0 경기70사6582 3 41 200000108 201000447 81 
2020-12-02T14:42:25.402235+09:00 0 0 경기70사6504 3 40 200000108 201000217 77 
2020-12-02T14:42:25.402255+09:00 0 0 경기70바3760 3 35 200000108 277102784 35 
2020-12-02T14:42:25.402270+09:00 0 0 경기70바5338 3 43 200000108 220000011 49 
2020-12-02T14:42:25.402286+09:00 0 0 경기70사6556 3 42 200000108 277103323 26 
2020-12-02T14:42:25.402312+09:00 0 0 경기70사6500 3 37 200000108 200000103 59 
2020-12-02T14:42:25.402325+09:00 0 0 경기70바5367 3 49 200000108 201000446 2 
2020-12-02T14:42:25.402338+09:00 0 0 경기70바5372 3 49 200000108 200000111 16 
2020-12-02T14:42:25.402351+09:00 0 0 경기70사6502 3 34 200000108 121000971 45 
2020-12-02T14:43:25.076482+09:00 0 0 경기70사6582 3 41 200000108 201000447 81 
2020-12-02T14:43:25.076544+09:00 0 0 경기70바3760 3 35 200000108 277102784 35 
2020-12-02T14:43:25.076564+09:00 0 0 경기70사6504 3 40 200000108 201000217 77 
2020-12-02T14:43:25.076580+09:00 0 0 경기70사6556 3 42 200000108 277103323 26 
2020-12-02T14:43:25.076596+09:00 0 0 경기70사6500 3 37 200000108 200000102 60 
2020-12-02T14:43:25.076611+09:00 0 0 경기70바5338 3 42 200000108 220000011 49 
2020-12-02T14:43:25.076625+09:00 0 0 경기70바5367 3 49 200000108 201000469 3 
2020-12-02T14:43:25.076638+09:00 0 0 경기70바5372 3 49 200000108 200000110 17 
2020-12-02T14:43:25.076651+09:00 0 0 경기70사6502 3 34 200000108 121000971 45 
2020-12-02T14:44:24.330684+09:00 0 0 경기70사6582 3 41 200000108 201000447 81 
2020-12-02T14:44:24.330746+09:00 0 0 경기70바5338 3 42 200000108 277103204 50 
2020-12-02T14:44:24.330766+09:00 0 0 경기70바3760 3 35 200000108 121000520 37 
2020-12-02T14:44:24.330782+09:00 0 0 경기70사6504 3 40 200000108 201000157 78 
2020-12-02T14:44:24.330798+09:00 0 0 경기70사6556 3 42 200000108 277103323 26 
2020-12-02T14:44:24.330813+09:00 0 0 경기70사6500 3 37 200000108 200000101 61 
2020-12-02T14:44:24.330827+09:00 0 0 경기70바5367 3 49 200000108 201000469 3 
2020-12-02T14:44:24.330841+09:00 0 0 경기70바5372 3 48 200000108 200000110 17 
2020-12-02T14:44:24.330854+09:00 0 0 경기70사6502 3 34 200000108 121000220 46 
2020-12-02T14:45:24.044829+09:00 0 0 경기70사6582 3 41 200000108 201000447 81 
2020-12-02T14:45:24.044894+09:00 0 0 경기70사6504 3 40 200000108 201000157 78 
2020-12-02T14:45:24.044915+09:00 0 0 경기70바3760 3 35 200000108 121000520 37 
2020-12-02T14:45:24.044932+09:00 0 0 경기70사6556 3 42 200000108 226000039 27 
2020-12-02T14:45:24.044948+09:00 0 0 경기70사6500 3 38 200000108 200000100 62 
2020-12-02T14:45:24.044963+09:00 0 0 경기70바5338 3 42 200000108 277103204 50 
2020-12-02T14:45:24.044977+09:00 0 0 경기70바5372 3 48 200000108 200000109 18 
2020-12-02T14:45:24.044991+09:00 0 0 경기70사6502 3 33 200000108 121000220 46 
2020-12-02T14:45:24.045004+09:00 0 0 경기70바5367 3 49 200000108 201000125 4 
2020-12-02T14:46:23.268971+09:00 0 0 경기70사6582 3 41 200000108 201000447 81 
2020-12-02T14:46:23.269055+09:00 0 0 경기70바3760 3 35 200000108 121000520 37 
2020-12-02T14:46:23.269076+09:00 0 0 경기70사6500 3 38 200000108 200000100 62 
2020-12-02T14:46:23.269093+09:00 0 0 경기70사6504 3 40 200000108 201000468 79 
2020-12-02T14:46:23.269109+09:00 0 0 경기70사6556 3 42 200000108 226000039 27 
2020-12-02T14:46:23.269124+09:00 0 0 경기70바5338 3 42 200000108 277103202 51 
2020-12-02T14:46:23.269138+09:00 0 0 경기70바5372 3 48 200000108 200000109 18 
2020-12-02T14:46:23.269151+09:00 0 0 경기70사6502 3 33 200000108 121000220 46 
2020-12-02T14:46:23.269164+09:00 0 0 경기70바5367 3 49 200000108 201000125 4 
2020-12-02T14:47:23.123262+09:00 0 0 경기70사6582 3 41 200000108 201000447 81 
2020-12-02T14:47:23.123326+09:00 0 0 경기70바3760 3 35 200000108 121000520 37 
2020-12-02T14:47:23.123346+09:00 0 0 경기70바5338 3 42 200000108 277103201 52 
2020-12-02T14:47:23.123362+09:00 0 0 경기70사6556 3 42 200000108 277103221 28 
2020-12-02T14:47:23.123378+09:00 0 0 경기70사6500 3 39 200000108 200000098 64 
2020-12-02T14:47:23.123392+09:00 0 0 경기70사6504 3 40 200000108 201000468 79 
2020-12-02T14:47:23.123406+09:00 0 0 경기70사6502 3 33 200000108 121000220 46 
2020-12-02T14:47:23.123420+09:00 0 0 경기70바5372 3 48 200000108 200000107 20 
2020-12-02T14:47:23.123432+09:00 0 0 경기70바5367 3 49 200000108 201000125 4 
2020-12-02T14:48:23.157551+09:00 0 0 경기70사6582 3 41 200000108 201000447 81 
2020-12-02T14:48:23.157614+09:00 0 0 경기70사6500 3 39 200000108 200000098 64 
2020-12-02T14:48:23.157635+09:00 0 0 경기70바3760 3 35 200000108 121000060 38 
2020-12-02T14:48:23.157651+09:00 0 0 경기70사6556 3 42 200000108 277103221 28 
2020-12-02T14:48:23.157668+09:00 0 0 경기70사6504 3 40 200000108 201000447 81 
2020-12-02T14:48:23.157682+09:00 0 0 경기70바5338 3 42 200000108 277103201 52 
2020-12-02T14:48:23.157697+09:00 0 0 경기70바5372 3 48 200000108 200000107 20 
2020-12-02T14:48:23.157711+09:00 0 0 경기70사6502 3 33 200000108 121000220 46 
2020-12-02T14:48:23.157724+09:00 0 0 경기70바5367 3 49 200000108 201000218 5 
2020-12-02T14:49:22.441554+09:00 0 0 경기70사6582 3 41 200000108 201000447 81 
2020-12-02T14:49:22.441616+09:00 0 0 경기70바3760 3 35 200000108 121000060 38 
2020-12-02T14:49:22.441637+09:00 0 0 경기70사6500 3 39 200000108 200000097 65 
2020-12-02T14:49:22.441653+09:00 0 0 경기70바5338 3 42 200000108 277103158 53 
2020-12-02T14:49:22.441669+09:00 0 0 경기70사6556 3 42 200000108 277103159 29 
2020-12-02T14:49:22.441684+09:00 0 0 경기70바5372 3 48 200000108 200000106 21 
2020-12-02T14:49:22.441698+09:00 0 0 경기70바5367 3 49 200000108 201000173 6 
2020-12-02T14:49:22.441711+09:00 0 0 경기70사6502 3 33 200000108 121000220 46 
2020-12-02T14:50:22.265753+09:00 0 0 경기70사6582 3 41 200000108 201000447 81 
2020-12-02T14:50:22.265816+09:00 0 0 경기70바3760 3 35 200000108 121000060 38 
2020-12-02T14:50:22.265837+09:00 0 0 경기70바5338 3 42 200000108 277103220 54 
2020-12-02T14:50:22.265854+09:00 0 0 경기70사6500 3 39 200000108 200000097 65 
2020-12-02T14:50:22.265871+09:00 0 0 경기70사6556 3 42 200000108 277103159 29 
2020-12-02T14:50:22.265885+09:00 0 0 경기70바5372 3 48 200000108 200000105 22 
2020-12-02T14:50:22.265900+09:00 0 0 경기70사6502 3 33 200000108 121000223 47 
2020-12-02T14:50:22.265914+09:00 0 0 경기70바5367 3 49 200000108 201000172 7 
2020-12-02T14:51:21.981100+09:00 0 0 경기70사6582 3 41 200000108 201000447 81 
2020-12-02T14:51:21.981158+09:00 0 0 경기70사6500 3 39 200000108 200000096 66 
2020-12-02T14:51:21.981178+09:00 0 0 경기70바5338 3 42 200000108 277103220 54 
2020-12-02T14:51:21.981193+09:00 0 0 경기70바3760 3 35 200000108 121000929 39 
2020-12-02T14:51:21.981210+09:00 0 0 경기70사6556 3 42 200000108 277103200 30 
2020-12-02T14:51:21.981224+09:00 0 0 경기70사6502 3 33 200000108 121000223 47 
2020-12-02T14:51:21.981238+09:00 0 0 경기70바5367 3 48 200000108 201000171 8 
2020-12-02T14:51:21.981256+09:00 0 0 경기70바5372 3 48 200000108 200000105 22 
2020-12-02T14:52:20.804008+09:00 0 0 경기70사6582 3 41 200000108 201000447 81 
2020-12-02T14:52:20.804068+09:00 0 0 경기70바3760 3 35 200000108 121000929 39 
2020-12-02T14:52:20.804087+09:00 0 0 경기70사6556 3 42 200000108 277103200 30 
2020-12-02T14:52:20.804102+09:00 0 0 경기70바5338 3 42 200000108 226000038 55 
2020-12-02T14:52:20.804118+09:00 0 0 경기70사6500 3 39 200000108 200000089 67 
2020-12-02T14:52:20.804131+09:00 0 0 경기70사6502 3 33 200000108 121000223 47 
2020-12-02T14:52:20.804145+09:00 0 0 경기70바5372 3 48 200000108 200000104 23 
2020-12-02T14:52:20.804158+09:00 0 0 경기70바5367 3 48 200000108 201000171 8 
2020-12-02T14:53:20.608173+09:00 0 0 경기70사6582 3 41 200000108 201000447 81 
2020-12-02T14:53:20.608235+09:00 0 0 경기70사6556 3 42 200000108 277103203 31 
2020-12-02T14:53:20.608254+09:00 0 0 경기70바5338 3 41 200000108 226000038 55 
2020-12-02T14:53:20.608270+09:00 0 0 경기70바3760 3 36 200000108 277104257 40 
2020-12-02T14:53:20.608286+09:00 0 0 경기70사6500 3 39 200000108 200000089 67 
2020-12-02T14:53:20.608301+09:00 0 0 경기70사6502 3 33 200000108 121000209 48 
2020-12-02T14:53:20.608315+09:00 0 0 경기70바5372 3 48 200000108 200000104 23 
2020-12-02T14:53:20.608328+09:00 0 0 경기70바5367 3 48 200000108 201000171 8 
2020-12-02T14:54:19.892660+09:00 0 0 경기70사6582 3 41 200000108 201000447 81 
2020-12-02T14:54:19.892728+09:00 0 0 경기70사6500 3 39 200000108 200000089 67 
2020-12-02T14:54:19.892753+09:00 0 0 경기70바5338 3 41 200000108 277103314 56 
2020-12-02T14:54:19.892769+09:00 0 0 경기70바3760 3 37 200000108 277104257 40 
2020-12-02T14:54:19.892786+09:00 0 0 경기70사6556 3 42 200000108 277103205 32 
2020-12-02T14:54:19.892800+09:00 0 0 경기70바5367 3 48 200000108 201000031 9 
2020-12-02T14:54:19.892815+09:00 0 0 경기70사6502 3 33 200000108 121000209 48 
2020-12-02T14:54:19.892828+09:00 0 0 경기70바5372 3 46 200000108 200000104 23 
2020-12-02T14:55:19.246425+09:00 0 0 경기70사6582 3 41 200000108 201000447 81 
2020-12-02T14:55:19.246488+09:00 0 0 경기70바3760 3 37 200000108 277104257 40 
2020-12-02T14:55:19.246509+09:00 0 0 경기70바5338 3 41 200000108 277103314 56 
2020-12-02T14:55:19.246526+09:00 0 0 경기70사6500 3 39 200000108 202000246 68 
2020-12-02T14:55:19.246543+09:00 0 0 경기70사6556 3 42 200000108 277103205 32 
2020-12-02T14:55:19.246558+09:00 0 0 경기70바5372 3 46 200000108 200000291 24 
2020-12-02T14:55:19.246572+09:00 0 0 경기70사6502 3 33 200000108 121000209 48 
2020-12-02T14:55:19.246586+09:00 0 0 경기70바5367 3 48 200000108 201000030 10 
2020-12-02T14:56:19.230539+09:00 0 0 경기70바5338 3 41 200000108 277103314 56 
2020-12-02T14:56:19.230603+09:00 0 0 경기70바3760 3 37 200000108 277104257 40 
2020-12-02T14:56:19.230623+09:00 0 0 경기70사6556 3 42 200000108 220000018 33 
2020-12-02T14:56:19.230639+09:00 0 0 경기70사6500 3 40 200000108 202000245 69 
2020-12-02T14:56:19.230655+09:00 0 0 경기70바5372 3 46 200000108 200000094 25 
2020-12-02T14:56:19.230670+09:00 0 0 경기70사6502 3 33 200000108 220000011 49 
2020-12-02T14:56:19.230684+09:00 0 0 경기70바5367 3 48 200000108 201000188 12 
2020-12-02T14:57:19.184800+09:00 0 0 경기70바5338 3 41 200000108 277103314 56 
2020-12-02T14:57:19.184861+09:00 0 0 경기70사6500 3 40 200000108 202000245 69 
2020-12-02T14:57:19.184882+09:00 0 0 경기70바3760 3 37 200000108 121000921 41 
2020-12-02T14:57:19.184899+09:00 0 0 경기70사6556 3 42 200000108 220000018 33 
2020-12-02T14:57:19.184915+09:00 0 0 경기70바5367 3 47 200000108 201000188 12 
2020-12-02T14:57:19.184930+09:00 0 0 경기70바5372 3 46 200000108 200000094 25 
2020-12-02T14:57:19.184944+09:00 0 0 경기70사6502 3 33 200000108 220000011 49 
2020-12-02T14:58:18.508845+09:00 0 0 경기70사6556 3 42 200000108 220000018 33 
2020-12-02T14:58:18.508906+09:00 0 0 경기70사6500 3 40 200000108 201000187 70 
2020-12-02T14:58:18.508927+09:00 0 0 경기70바3760 3 37 200000108 277101696 42 
2020-12-02T14:58:18.508944+09:00 0 0 경기70바5338 3 41 200000108 200000068 57 
2020-12-02T14:58:18.508960+09:00 0 0 경기70바5367 3 47 200000108 201000188 12 
2020-12-02T14:58:18.508975+09:00 0 0 경기70바5372 3 46 200000108 277103323 26 
2020-12-02T14:58:18.508989+09:00 0 0 경기70사6502 3 33 200000108 277103204 50 
2020-12-02T14:59:18.493111+09:00 0 0 경기70바3760 3 37 200000108 277101696 42 
2020-12-02T14:59:18.493173+09:00 0 0 경기70바5338 3 41 200000108 200000068 57 
2020-12-02T14:59:18.493193+09:00 0 0 경기70사6556 3 42 200000108 121000210 34 
2020-12-02T14:59:18.493210+09:00 0 0 경기70사6500 3 40 200000108 201000186 71 
2020-12-02T14:59:18.493226+09:00 0 0 경기70바5367 3 47 200000108 202000255 13 
2020-12-02T14:59:18.493241+09:00 0 0 경기70사6502 3 33 200000108 277103204 50 
2020-12-02T14:59:18.493255+09:00 0 0 경기70바5372 3 46 200000108 277103323 26 
2020-12-02T15:00:17.727129+09:00 0 0 경기70사6500 3 40 200000108 201000186 71 
2020-12-02T15:00:17.727190+09:00 0 0 경기70사6556 3 42 200000108 121000210 34 
2020-12-02T15:00:17.727210+09:00 0 0 경기70바5338 3 42 200000108 200000104 58 
2020-12-02T15:00:17.727226+09:00 0 0 경기70바3760 3 38 200000108 121000920 43 
2020-12-02T15:00:17.727242+09:00 0 0 경기70바5367 3 47 200000108 202000255 13 
2020-12-02T15:00:17.727257+09:00 0 0 경기70사6502 3 33 200000108 277103202 51 
2020-12-02T15:00:17.727271+09:00 0 0 경기70바5372 3 46 200000108 277103323 26 
2020-12-02T15:01:17.671300+09:00 0 0 경기70사6556 3 42 200000108 121000210 34 
2020-12-02T15:01:17.671361+09:00 0 0 경기70바5338 3 44 200000108 200000103 59 
2020-12-02T15:01:17.671381+09:00 0 0 경기70바3760 3 38 200000108 121000920 43 
2020-12-02T15:01:17.671397+09:00 0 0 경기70사6500 3 40 200000108 201000035 72 
2020-12-02T15:01:17.671414+09:00 0 0 경기70바5372 3 46 200000108 226000039 27 
2020-12-02T15:01:17.671429+09:00 0 0 경기70바5367 3 47 200000108 202000255 13 
2020-12-02T15:01:17.671443+09:00 0 0 경기70사6502 3 33 200000108 277103201 52 
2020-12-02T15:01:17.671456+09:00 0 0 경기70바5358 3 49 200000108 201000446 2 
2020-12-02T15:02:16.965501+09:00 0 0 경기70바3760 3 38 200000108 121000920 43 
2020-12-02T15:02:16.965565+09:00 0 0 경기70사6556 3 42 200000108 121000210 34 
2020-12-02T15:02:16.965584+09:00 0 0 경기70바5338 3 44 200000108 200000103 59 
2020-12-02T15:02:16.965600+09:00 0 0 경기70사6500 3 40 200000108 201000035 72 
2020-12-02T15:02:16.965617+09:00 0 0 경기70바5358 3 49 200000108 201000446 2 
2020-12-02T15:02:16.965632+09:00 0 0 경기70사6502 3 33 200000108 277103201 52 
2020-12-02T15:02:16.965646+09:00 0 0 경기70바5372 3 45 200000108 226000039 27 
2020-12-02T15:02:16.965659+09:00 0 0 경기70바5367 3 47 200000108 202000247 14 
2020-12-02T15:03:16.559592+09:00 0 0 경기70사6556 3 42 200000108 277102784 35 
2020-12-02T15:03:16.559660+09:00 0 0 경기70사6500 3 40 200000108 201000034 73 
2020-12-02T15:03:16.559681+09:00 0 0 경기70바5338 3 44 200000108 200000102 60 
2020-12-02T15:03:16.559697+09:00 0 0 경기70바3760 3 35 200000108 121000056 44 
2020-12-02T15:03:16.559713+09:00 0 0 경기70바5367 3 47 200000108 202000247 14 
2020-12-02T15:03:16.559728+09:00 0 0 경기70바5358 3 49 200000108 201000446 2 
2020-12-02T15:03:16.559742+09:00 0 0 경기70사6502 3 33 200000108 277103201 52 
2020-12-02T15:03:16.559756+09:00 0 0 경기70바5372 3 45 200000108 226000039 27 
2020-12-02T15:04:16.373656+09:00 0 0 경기70사6556 3 42 200000108 277102784 35 
2020-12-02T15:04:16.373717+09:00 0 0 경기70바5338 3 44 200000108 200000102 60 
2020-12-02T15:04:16.373738+09:00 0 0 경기70바3760 3 35 200000108 121000056 44 
2020-12-02T15:04:16.373754+09:00 0 0 경기70사6500 3 40 200000108 201000252 75 
2020-12-02T15:04:16.373782+09:00 0 0 경기70바5372 3 45 200000108 277103221 28 
2020-12-02T15:04:16.373797+09:00 0 0 경기70바5367 3 47 200000108 202000247 14 
2020-12-02T15:04:16.373811+09:00 0 0 경기70바5358 3 49 200000108 201000469 3 
2020-12-02T15:04:16.373825+09:00 0 0 경기70사6502 3 33 200000108 277103158 53 
2020-12-02T15:05:15.847713+09:00 0 0 경기70사6556 3 42 200000108 277102784 35 
2020-12-02T15:05:15.847774+09:00 0 0 경기70사6500 3 40 200000108 201000470 76 
2020-12-02T15:05:15.847795+09:00 0 0 경기70바3760 3 35 200000108 121000971 45 
2020-12-02T15:05:15.847811+09:00 0 0 경기70바5338 3 45 200000108 200000100 62 
2020-12-02T15:05:15.847827+09:00 0 0 경기70바5358 3 49 200000108 201000469 3 
2020-12-02T15:05:15.847842+09:00 0 0 경기70사6502 3 33 200000108 277103220 54 
2020-12-02T15:05:15.847856+09:00 0 0 경기70바5367 3 47 200000108 200000092 15 
2020-12-02T15:05:15.847870+09:00 0 0 경기70바5372 3 45 200000108 277103221 28 
2020-12-02T15:06:15.641952+09:00 0 0 경기70사6500 3 40 200000108 201000470 76 
2020-12-02T15:06:15.642014+09:00 0 0 경기70바3760 3 35 200000108 121000971 45 
2020-12-02T15:06:15.642034+09:00 0 0 경기70바5338 3 45 200000108 200000100 62 
2020-12-02T15:06:15.642050+09:00 0 0 경기70사6556 3 42 200000108 121000520 37 
2020-12-02T15:06:15.642067+09:00 0 0 경기70바5367 3 46 200000108 200000111 16 
2020-12-02T15:06:15.642081+09:00 0 0 경기70바5372 3 45 200000108 277103159 29 
2020-12-02T15:06:15.642095+09:00 0 0 경기70사6502 3 33 200000108 277103220 54 
2020-12-02T15:06:15.642109+09:00 0 0 경기70바5358 3 49 200000108 201000125 4 
2020-12-02T15:07:14.956050+09:00 0 0 경기70바3760 3 35 200000108 121000971 45 
2020-12-02T15:07:14.956116+09:00 0 0 경기70사6556 3 42 200000108 121000520 37 
2020-12-02T15:07:14.956137+09:00 0 0 경기70바5338 3 45 200000108 200000098 64 
2020-12-02T15:07:14.956152+09:00 0 0 경기70사6500 3 40 200000108 201000217 77 
2020-12-02T15:07:14.956168+09:00 0 0 경기70바5367 3 46 200000108 200000111 16 
2020-12-02T15:07:14.956183+09:00 0 0 경기70사6502 3 34 200000108 226000038 55 
2020-12-02T15:07:14.956197+09:00 0 0 경기70바5372 3 45 200000108 277103159 29 
2020-12-02T15:07:14.956211+09:00 0 0 경기70바5358 3 49 200000108 201000125 4 
2020-12-02T15:08:14.610111+09:00 0 0 경기70바5338 3 45 200000108 200000098 64 
2020-12-02T15:08:14.610169+09:00 0 0 경기70사6500 3 40 200000108 201000217 77 
2020-12-02T15:08:14.610190+09:00 0 0 경기70사6556 3 43 200000108 121000060 38 
2020-12-02T15:08:14.610205+09:00 0 0 경기70바3760 3 35 200000108 121000220 46 
2020-12-02T15:08:14.610222+09:00 0 0 경기70바5358 3 49 200000108 201000125 4 
2020-12-02T15:08:14.610236+09:00 0 0 경기70바5372 3 45 200000108 277103200 30 
2020-12-02T15:08:14.610250+09:00 0 0 경기70바5367 3 46 200000108 200000111 16 
2020-12-02T15:08:14.610264+09:00 0 0 경기70사6502 3 34 200000108 226000038 55 
2020-12-02T15:09:13.814374+09:00 0 0 경기70사6556 3 43 200000108 121000060 38 
2020-12-02T15:09:13.814440+09:00 0 0 경기70사6500 3 41 200000108 201000217 77 
2020-12-02T15:09:13.814460+09:00 0 0 경기70바5338 3 45 200000108 200000097 65 
2020-12-02T15:09:13.814476+09:00 0 0 경기70바3760 3 34 200000108 121000220 46 
2020-12-02T15:09:13.814492+09:00 0 0 경기70바5358 3 48 200000108 201000218 5 
2020-12-02T15:09:13.814507+09:00 0 0 경기70사6502 3 34 200000108 226000038 55 
2020-12-02T15:09:13.814521+09:00 0 0 경기70바5372 3 45 200000108 277103200 30 
2020-12-02T15:09:13.814535+09:00 0 0 경기70바5367 3 46 200000108 200000111 16 
2020-12-02T15:10:13.548411+09:00 0 0 경기70사6556 3 43 200000108 121000060 38 
2020-12-02T15:10:13.548476+09:00 0 0 경기70사6500 3 41 200000108 201000217 77 
2020-12-02T15:10:13.548496+09:00 0 0 경기70바3760 3 34 200000108 121000220 46 
2020-12-02T15:10:13.548512+09:00 0 0 경기70바5338 3 45 200000108 200000096 66 
2020-12-02T15:10:13.548528+09:00 0 0 경기70바5372 3 45 200000108 277103203 31 
2020-12-02T15:10:13.548543+09:00 0 0 경기70바5367 3 46 200000108 200000110 17 
2020-12-02T15:10:13.548558+09:00 0 0 경기70사6502 3 34 200000108 226000038 55 
2020-12-02T15:10:13.548572+09:00 0 0 경기70바5358 3 48 200000108 201000173 6 
2020-12-02T15:11:13.512569+09:00 0 0 경기70사6556 3 43 200000108 121000060 38 
2020-12-02T15:11:13.512632+09:00 0 0 경기70사6500 3 41 200000108 201000217 77 
2020-12-02T15:11:13.512653+09:00 0 0 경기70바5338 3 46 200000108 200000096 66 
2020-12-02T15:11:13.512670+09:00 0 0 경기70바3760 3 34 200000108 121000220 46 
2020-12-02T15:11:13.512686+09:00 0 0 경기70사6502 3 34 200000108 277103314 56 
2020-12-02T15:11:13.512701+09:00 0 0 경기70바5358 3 48 200000108 201000173 6 
2020-12-02T15:11:13.512716+09:00 0 0 경기70바5367 3 46 200000108 200000109 18 
2020-12-02T15:11:13.512729+09:00 0 0 경기70바5372 3 45 200000108 277103203 31 
2020-12-02T15:12:13.266821+09:00 0 0 경기70사6556 3 43 200000108 121000060 38 
2020-12-02T15:12:13.266881+09:00 0 0 경기70바3760 3 34 200000108 121000220 46 
2020-12-02T15:12:13.266900+09:00 0 0 경기70사6500 3 41 200000108 201000157 78 
2020-12-02T15:12:13.266916+09:00 0 0 경기70바5338 3 46 200000108 200000089 67 
2020-12-02T15:12:13.266932+09:00 0 0 경기70사6502 3 34 200000108 277103314 56 
2020-12-02T15:12:13.266946+09:00 0 0 경기70바5358 3 48 200000108 201000172 7 
2020-12-02T15:12:13.266960+09:00 0 0 경기70바5372 3 45 200000108 277103205 32 
2020-12-02T15:12:13.266973+09:00 0 0 경기70바5367 3 45 200000108 200000099 19 
2020-12-02T15:13:12.990840+09:00 0 0 경기70사6500 3 41 200000108 201000468 79 
2020-12-02T15:13:12.990901+09:00 0 0 경기70바5338 3 47 200000108 200000089 67 
2020-12-02T15:13:12.990924+09:00 0 0 경기70사6556 3 43 200000108 121000060 38 
2020-12-02T15:13:12.990941+09:00 0 0 경기70바3760 3 34 200000108 121000220 46 
2020-12-02T15:13:12.990958+09:00 0 0 경기70바5372 3 45 200000108 277103205 32 
2020-12-02T15:13:12.990972+09:00 0 0 경기70바5358 3 48 200000108 201000171 8 
2020-12-02T15:13:12.990987+09:00 0 0 경기70바5367 3 45 200000108 200000107 20 
2020-12-02T15:13:12.991004+09:00 0 0 경기70사6502 3 34 200000108 277103314 56 
2020-12-02T15:14:12.775018+09:00 0 0 경기70바5338 3 47 200000108 200000089 67 
2020-12-02T15:14:12.775079+09:00 0 0 경기70사6556 3 43 200000108 121000929 39 
2020-12-02T15:14:12.775099+09:00 0 0 경기70사6500 3 41 200000108 201000468 79 
2020-12-02T15:14:12.775114+09:00 0 0 경기70바3760 3 34 200000108 121000223 47 
2020-12-02T15:14:12.775130+09:00 0 0 경기70바5367 3 45 200000108 200000107 20 
2020-12-02T15:14:12.775145+09:00 0 0 경기70바5372 3 45 200000108 220000018 33 
2020-12-02T15:14:12.775159+09:00 0 0 경기70바5358 3 48 200000108 201000031 9 
2020-12-02T15:14:12.775172+09:00 0 0 경기70사6502 3 34 200000108 277103314 56 
2020-12-02T15:15:12.139108+09:00 0 0 경기70사6556 3 43 200000108 121000929 39 
2020-12-02T15:15:12.139169+09:00 0 0 경기70바3760 3 33 200000108 121000223 47 
2020-12-02T15:15:12.139190+09:00 0 0 경기70바5338 3 47 200000108 202000246 68 
2020-12-02T15:15:12.139206+09:00 0 0 경기70사6500 3 41 200000108 201000445 80 
2020-12-02T15:15:12.139222+09:00 0 0 경기70바5372 3 45 200000108 220000018 33 
2020-12-02T15:15:12.139237+09:00 0 0 경기70바5358 3 48 200000108 201000189 11 
2020-12-02T15:15:12.139251+09:00 0 0 경기70바5367 3 43 200000108 200000106 21 
2020-12-02T15:15:12.139264+09:00 0 0 경기70사6502 3 34 200000108 200000068 57 
2020-12-02T15:16:11.913245+09:00 0 0 경기70사6556 3 43 200000108 277104257 40 
2020-12-02T15:16:11.913308+09:00 0 0 경기70바3760 3 33 200000108 121000223 47 
2020-12-02T15:16:11.913329+09:00 0 0 경기70바5338 3 49 200000108 202000245 69 
2020-12-02T15:16:11.913345+09:00 0 0 경기70바5367 3 43 200000108 200000106 21 
2020-12-02T15:16:11.913362+09:00 0 0 경기70사6502 3 34 200000108 200000068 57 
2020-12-02T15:16:11.913377+09:00 0 0 경기70바5372 3 45 200000108 220000018 33 
2020-12-02T15:16:11.913391+09:00 0 0 경기70바5358 3 46 200000108 201000188 12 
2020-12-02T15:17:11.727307+09:00 0 0 경기70바3760 3 33 200000108 121000209 48 
2020-12-02T15:17:11.727380+09:00 0 0 경기70사6556 3 43 200000108 277104257 40 
2020-12-02T15:17:11.727399+09:00 0 0 경기70바5338 3 49 200000108 201000187 70 
2020-12-02T15:17:11.727415+09:00 0 0 경기70바5358 3 46 200000108 201000188 12 
2020-12-02T15:17:11.727431+09:00 0 0 경기70바5372 3 45 200000108 121000210 34 
2020-12-02T15:17:11.727446+09:00 0 0 경기70사6502 3 34 200000108 200000104 58 
2020-12-02T15:17:11.727460+09:00 0 0 경기70바5367 3 43 200000108 200000106 21 
2020-12-02T15:18:11.421398+09:00 0 0 경기70사6556 3 43 200000108 277104257 40 
2020-12-02T15:18:11.421467+09:00 0 0 경기70바5338 3 49 200000108 201000187 70 
2020-12-02T15:18:11.421487+09:00 0 0 경기70바3760 3 33 200000108 121000209 48 
2020-12-02T15:18:11.421503+09:00 0 0 경기70바5372 3 45 200000108 121000210 34 
2020-12-02T15:18:11.421519+09:00 0 0 경기70바5358 3 46 200000108 201000188 12 
2020-12-02T15:18:11.421533+09:00 0 0 경기70사6502 3 36 200000108 200000104 58 
2020-12-02T15:18:11.421547+09:00 0 0 경기70바5367 3 43 200000108 200000105 22 
2020-12-02T15:19:11.245497+09:00 0 0 경기70사6556 3 43 200000108 277104257 40 
2020-12-02T15:19:11.245560+09:00 0 0 경기70바3760 3 33 200000108 121000209 48 
2020-12-02T15:19:11.245580+09:00 0 0 경기70바5338 3 49 200000108 201000186 71 
2020-12-02T15:19:11.245595+09:00 0 0 경기70바5358 3 46 200000108 202000255 13 
2020-12-02T15:19:11.245611+09:00 0 0 경기70사6502 3 36 200000108 200000103 59 
2020-12-02T15:19:11.245626+09:00 0 0 경기70바5367 3 37 200000108 200000104 23 
2020-12-02T15:19:11.245640+09:00 0 0 경기70바5372 3 45 200000108 277102784 35 
2020-12-02T15:20:10.229741+09:00 0 0 경기70바5338 3 49 200000108 201000186 71 
2020-12-02T15:20:10.229804+09:00 0 0 경기70바3760 3 33 200000108 220000011 49 
2020-12-02T15:20:10.229824+09:00 0 0 경기70사6556 3 43 200000108 121000921 41 
2020-12-02T15:20:10.229840+09:00 0 0 경기70바5370 3 49 200000108 201000446 2 
2020-12-02T15:20:10.229856+09:00 0 0 경기70바5367 3 37 200000108 200000104 23 
2020-12-02T15:20:10.229871+09:00 0 0 경기70바5358 3 46 200000108 202000255 13 
2020-12-02T15:20:10.229890+09:00 0 0 경기70사6502 3 36 200000108 200000102 60 
2020-12-02T15:20:10.229904+09:00 0 0 경기70바5372 3 45 200000108 277102784 35 
2020-12-02T15:21:09.883781+09:00 0 0 경기70사6556 3 41 200000108 121000921 41 
2020-12-02T15:21:09.883846+09:00 0 0 경기70바5370 3 48 200000108 201000446 2 
2020-12-02T15:21:09.883866+09:00 0 0 경기70바5338 3 49 200000108 201000035 72 
2020-12-02T15:21:09.883882+09:00 0 0 경기70바3760 3 33 200000108 220000011 49 
2020-12-02T15:21:09.883898+09:00 0 0 경기70바5358 3 46 200000108 202000247 14 
2020-12-02T15:21:09.883912+09:00 0 0 경기70사6502 3 36 200000108 200000100 62 
2020-12-02T15:21:09.883927+09:00 0 0 경기70바5372 3 45 200000108 277102784 35 
2020-12-02T15:21:09.883941+09:00 0 0 경기70바5367 3 37 200000108 200000094 25 
2020-12-02T15:22:09.227819+09:00 0 0 경기70바5338 3 49 200000108 201000035 72 
2020-12-02T15:22:09.227881+09:00 0 0 경기70사6556 3 41 200000108 277101696 42 
2020-12-02T15:22:09.227901+09:00 0 0 경기70바5370 3 48 200000108 201000446 2 
2020-12-02T15:22:09.227917+09:00 0 0 경기70바3760 3 33 200000108 277103204 50 
2020-12-02T15:22:09.227933+09:00 0 0 경기70바5372 3 45 200000108 277102784 35 
2020-12-02T15:22:09.227948+09:00 0 0 경기70바5367 3 37 200000108 200000094 25 
2020-12-02T15:22:09.227961+09:00 0 0 경기70바5358 3 46 200000108 202000247 14 
2020-12-02T15:22:09.227975+09:00 0 0 경기70사6502 3 36 200000108 200000100 62 
2020-12-02T15:23:09.142040+09:00 0 0 경기70사6556 3 41 200000108 277101696 42 
2020-12-02T15:23:09.142104+09:00 0 0 경기70바3760 3 33 200000108 277103204 50 
2020-12-02T15:23:09.142124+09:00 0 0 경기70바5370 3 48 200000108 201000469 3 
2020-12-02T15:23:09.142140+09:00 0 0 경기70바5338 3 49 200000108 201000034 73 
2020-12-02T15:23:09.142156+09:00 0 0 경기70바5372 3 45 200000108 277102784 35 
2020-12-02T15:23:09.142170+09:00 0 0 경기70바5367 3 37 200000108 200000094 25 
2020-12-02T15:23:09.142185+09:00 0 0 경기70사6502 3 36 200000108 200000100 62 
2020-12-02T15:23:09.142198+09:00 0 0 경기70바5358 3 46 200000108 200000092 15 
2020-12-02T15:24:09.106128+09:00 0 0 경기70바5370 3 48 200000108 201000125 4 
2020-12-02T15:24:09.106193+09:00 0 0 경기70바5338 3 49 200000108 201000253 74 
2020-12-02T15:24:09.106213+09:00 0 0 경기70사6556 3 41 200000108 121000920 43 
2020-12-02T15:24:09.106230+09:00 0 0 경기70바3760 3 33 200000108 277103202 51 
2020-12-02T15:24:09.106246+09:00 0 0 경기70바5372 3 45 200000108 277102784 35 
2020-12-02T15:24:09.106261+09:00 0 0 경기70바5358 3 46 200000108 200000092 15 
2020-12-02T15:24:09.106275+09:00 0 0 경기70사6502 3 36 200000108 200000108 63 
2020-12-02T15:24:09.106288+09:00 0 0 경기70바5367 3 37 200000108 200000094 25 
2020-12-02T15:25:08.890230+09:00 0 0 경기70사6556 3 41 200000108 121000920 43 
2020-12-02T15:25:08.890292+09:00 0 0 경기70바5370 3 48 200000108 201000125 4 
2020-12-02T15:25:08.890313+09:00 0 0 경기70바5338 3 49 200000108 201000252 75 
2020-12-02T15:25:08.890328+09:00 0 0 경기70바3760 3 33 200000108 277103201 52 
2020-12-02T15:25:08.890345+09:00 0 0 경기70바5358 3 46 200000108 200000092 15 
2020-12-02T15:25:08.890361+09:00 0 0 경기70바5372 3 45 200000108 121000520 37 
2020-12-02T15:25:08.890375+09:00 0 0 경기70바5367 3 37 200000108 277103323 26 
2020-12-02T15:25:08.890390+09:00 0 0 경기70사6502 3 36 200000108 200000098 64 
2020-12-02T15:26:08.514310+09:00 0 0 경기70바5370 3 48 200000108 201000125 4 
2020-12-02T15:26:08.514370+09:00 0 0 경기70바5338 3 49 200000108 201000470 76 
2020-12-02T15:26:08.514390+09:00 0 0 경기70바3760 3 33 200000108 277103201 52 
2020-12-02T15:26:08.514406+09:00 0 0 경기70사6556 3 41 200000108 121000920 43 
2020-12-02T15:26:08.514422+09:00 0 0 경기70바5358 3 45 200000108 200000111 16 
2020-12-02T15:26:08.514438+09:00 0 0 경기70바5367 3 37 200000108 277103323 26 
2020-12-02T15:26:08.514452+09:00 0 0 경기70사6502 3 36 200000108 200000097 65 
2020-12-02T15:26:08.514466+09:00 0 0 경기70바5372 3 45 200000108 121000060 38 
2020-12-02T15:27:07.518344+09:00 0 0 경기70바5338 3 49 200000108 201000470 76 
2020-12-02T15:27:07.518404+09:00 0 0 경기70바3760 3 33 200000108 277103201 52 
2020-12-02T15:27:07.518425+09:00 0 0 경기70바5370 3 48 200000108 201000218 5 
2020-12-02T15:27:07.518442+09:00 0 0 경기70사6556 3 40 200000108 121000056 44 
2020-12-02T15:27:07.518458+09:00 0 0 경기70바5367 3 37 200000108 226000039 27 
2020-12-02T15:27:07.518473+09:00 0 0 경기70사6502 3 36 200000108 200000097 65 
2020-12-02T15:27:07.518487+09:00 0 0 경기70바5358 3 45 200000108 200000111 16 
2020-12-02T15:27:07.518501+09:00 0 0 경기70바5372 3 45 200000108 121000060 38 
2020-12-02T15:28:07.212580+09:00 0 0 경기70사6556 3 40 200000108 121000056 44 
2020-12-02T15:28:07.212641+09:00 0 0 경기70바3760 3 33 200000108 277103158 53 
2020-12-02T15:28:07.212660+09:00 0 0 경기70바5370 3 48 200000108 201000173 6 
2020-12-02T15:28:07.212676+09:00 0 0 경기70바5338 3 49 200000108 201000470 76 
2020-12-02T15:28:07.212691+09:00 0 0 경기70바5372 3 45 200000108 121000060 38 
2020-12-02T15:28:07.212707+09:00 0 0 경기70바5367 3 37 200000108 226000039 27 
2020-12-02T15:28:07.212721+09:00 0 0 경기70바5358 3 45 200000108 200000111 16 
2020-12-02T15:28:07.212735+09:00 0 0 경기70사6502 3 38 200000108 200000096 66 
2020-12-02T15:29:06.436576+09:00 0 0 경기70바5370 3 48 200000108 201000173 6 
2020-12-02T15:29:06.436634+09:00 0 0 경기70바5338 3 49 200000108 201000217 77 
2020-12-02T15:29:06.436654+09:00 0 0 경기70사6556 3 39 200000108 121000971 45 
2020-12-02T15:29:06.436669+09:00 0 0 경기70바3760 3 33 200000108 277103220 54 
2020-12-02T15:29:06.436686+09:00 0 0 경기70바5367 3 37 200000108 277103221 28 
2020-12-02T15:29:06.436700+09:00 0 0 경기70바5358 3 45 200000108 200000110 17 
2020-12-02T15:29:06.436722+09:00 0 0 경기70사6502 3 38 200000108 200000096 66 
2020-12-02T15:29:06.436737+09:00 0 0 경기70바5372 3 45 200000108 121000060 38 
2020-12-02T15:30:06.261268+09:00 0 0 경기70바3760 3 33 200000108 277103220 54 
2020-12-02T15:30:06.261332+09:00 0 0 경기70바5338 3 49 200000108 201000217 77 
2020-12-02T15:30:06.261352+09:00 0 0 경기70사6556 3 39 200000108 121000971 45 
2020-12-02T15:30:06.261368+09:00 0 0 경기70바5370 3 48 200000108 201000172 7 
2020-12-02T15:30:06.261384+09:00 0 0 경기70바5372 3 45 200000108 121000060 38 
2020-12-02T15:30:06.261399+09:00 0 0 경기70사6502 3 38 200000108 200000089 67 
2020-12-02T15:30:06.261413+09:00 0 0 경기70바5367 3 37 200000108 277103221 28 
2020-12-02T15:30:06.261426+09:00 0 0 경기70바5358 3 45 200000108 200000109 18 
2020-12-02T15:31:05.425111+09:00 0 0 경기70바5338 3 49 200000108 201000217 77 
2020-12-02T15:31:05.425174+09:00 0 0 경기70사6556 3 39 200000108 121000971 45 
2020-12-02T15:31:05.425193+09:00 0 0 경기70바5370 3 48 200000108 201000171 8 
2020-12-02T15:31:05.425209+09:00 0 0 경기70바3760 3 30 200000108 226000038 55 
2020-12-02T15:31:05.425225+09:00 0 0 경기70바5372 3 45 200000108 121000929 39 
2020-12-02T15:31:05.425239+09:00 0 0 경기70바5358 3 45 200000108 200000109 18 
2020-12-02T15:31:05.425253+09:00 0 0 경기70바5367 3 37 200000108 277103221 28 
2020-12-02T15:31:05.425266+09:00 0 0 경기70사6502 3 38 200000108 200000089 67 
2020-12-02T15:32:05.329080+09:00 0 0 경기70바5338 3 49 200000108 201000217 77 
2020-12-02T15:32:05.329141+09:00 0 0 경기70바5370 3 48 200000108 201000171 8 
2020-12-02T15:32:05.329166+09:00 0 0 경기70사6556 3 39 200000108 121000971 45 
2020-12-02T15:32:05.329183+09:00 0 0 경기70바3760 3 30 200000108 226000038 55 
2020-12-02T15:32:05.329200+09:00 0 0 경기70바5372 3 45 200000108 121000929 39 
2020-12-02T15:32:05.329215+09:00 0 0 경기70사6502 3 38 200000108 200000089 67 
2020-12-02T15:32:05.329229+09:00 0 0 경기70바5367 3 37 200000108 277103159 29 
2020-12-02T15:32:05.329242+09:00 0 0 경기70바5358 3 44 200000108 200000107 20 
2020-12-02T15:33:04.393082+09:00 0 0 경기70사6556 3 38 200000108 121000220 46 
2020-12-02T15:33:04.393146+09:00 0 0 경기70바5338 3 49 200000108 201000157 78 
2020-12-02T15:33:04.393166+09:00 0 0 경기70바5370 3 48 200000108 201000171 8 
2020-12-02T15:33:04.393183+09:00 0 0 경기70바3760 3 30 200000108 277103314 56 
2020-12-02T15:33:04.393199+09:00 0 0 경기70바5372 3 45 200000108 121000929 39 
2020-12-02T15:33:04.393214+09:00 0 0 경기70사6502 3 40 200000108 202000246 68 
2020-12-02T15:33:04.393228+09:00 0 0 경기70바5358 3 43 200000108 200000106 21 
2020-12-02T15:33:04.393243+09:00 0 0 경기70바5367 3 37 200000108 277103200 30 
2020-12-02T15:34:03.887208+09:00 0 0 경기70바3760 3 30 200000108 277103314 56 
2020-12-02T15:34:03.887270+09:00 0 0 경기70사6556 3 38 200000108 121000220 46 
2020-12-02T15:34:03.887290+09:00 0 0 경기70바5338 3 49 200000108 201000468 79 
2020-12-02T15:34:03.887307+09:00 0 0 경기70바5370 3 48 200000108 201000031 9 
2020-12-02T15:34:03.887324+09:00 0 0 경기70사6502 3 41 200000108 202000245 69 
2020-12-02T15:34:03.887338+09:00 0 0 경기70바5372 3 45 200000108 277104257 40 
2020-12-02T15:34:03.887353+09:00 0 0 경기70바5358 3 43 200000108 200000106 21 
2020-12-02T15:34:03.887366+09:00 0 0 경기70바5367 3 37 200000108 277103200 30 
2020-12-02T15:35:03.831442+09:00 0 0 경기70바3760 3 30 200000108 277103314 56 
2020-12-02T15:35:03.831505+09:00 0 0 경기70사6556 3 38 200000108 121000220 46 
2020-12-02T15:35:03.831525+09:00 0 0 경기70바5370 3 48 200000108 201000189 11 
2020-12-02T15:35:03.831542+09:00 0 0 경기70바5338 3 49 200000108 201000468 79 
2020-12-02T15:35:03.831558+09:00 0 0 경기70바5372 3 45 200000108 277104257 40 
2020-12-02T15:35:03.831573+09:00 0 0 경기70바5367 3 37 200000108 277103203 31 
2020-12-02T15:35:03.831586+09:00 0 0 경기70사6502 3 41 200000108 202000245 69 
2020-12-02T15:35:03.831600+09:00 0 0 경기70바5358 3 43 200000108 200000105 22 
2020-12-02T15:36:03.525418+09:00 0 0 경기70사6556 3 38 200000108 121000220 46 
2020-12-02T15:36:03.525478+09:00 0 0 경기70바5338 3 49 200000108 201000447 81 
2020-12-02T15:36:03.525497+09:00 0 0 경기70바5370 3 48 200000108 201000188 12 
2020-12-02T15:36:03.525513+09:00 0 0 경기70바3760 3 30 200000108 277103314 56 
2020-12-02T15:36:03.525528+09:00 0 0 경기70바5367 3 37 200000108 277103205 32 
2020-12-02T15:36:03.525543+09:00 0 0 경기70사6502 3 41 200000108 202000245 69 
2020-12-02T15:36:03.525557+09:00 0 0 경기70바5372 3 45 200000108 277104257 40 
2020-12-02T15:36:03.525571+09:00 0 0 경기70바5358 3 42 200000108 200000105 22 
2020-12-02T15:37:03.329649+09:00 0 0 경기70바5338 3 49 200000108 201000447 81 
2020-12-02T15:37:03.329712+09:00 0 0 경기70바3760 3 30 200000108 277103314 56 
2020-12-02T15:37:03.329733+09:00 0 0 경기70바5370 3 48 200000108 201000188 12 
2020-12-02T15:37:03.329749+09:00 0 0 경기70사6556 3 38 200000108 121000220 46 
2020-12-02T15:37:03.329766+09:00 0 0 경기70바5358 3 42 200000108 200000104 23 
2020-12-02T15:37:03.329780+09:00 0 0 경기70바5372 3 45 200000108 277104257 40 
2020-12-02T15:37:03.329794+09:00 0 0 경기70사6502 3 41 200000108 201000186 71 
2020-12-02T15:37:03.329808+09:00 0 0 경기70바5367 3 37 200000108 277103205 32 
2020-12-02T15:38:02.813746+09:00 0 0 경기70바5338 3 49 200000108 201000447 81 
2020-12-02T15:38:02.813810+09:00 0 0 경기70바3760 3 30 200000108 277103314 56 
2020-12-02T15:38:02.813831+09:00 0 0 경기70사6556 3 36 200000108 121000223 47 
2020-12-02T15:38:02.813847+09:00 0 0 경기70바5370 3 48 200000108 201000188 12 
2020-12-02T15:38:02.813864+09:00 0 0 경기70바5372 3 45 200000108 121000921 41 
2020-12-02T15:38:02.813879+09:00 0 0 경기70바5358 3 36 200000108 200000104 23 
2020-12-02T15:38:02.813893+09:00 0 0 경기70사6502 3 41 200000108 201000035 72 
2020-12-02T15:38:02.813906+09:00 0 0 경기70바5367 3 38 200000108 220000018 33 
2020-12-02T15:39:02.497837+09:00 0 0 경기70바5338 3 49 200000108 201000447 81 
2020-12-02T15:39:02.497902+09:00 0 0 경기70바5370 3 48 200000108 202000255 13 
2020-12-02T15:39:02.497923+09:00 0 0 경기70바3760 3 30 200000108 200000068 57 
2020-12-02T15:39:02.497938+09:00 0 0 경기70사6556 3 36 200000108 121000223 47 
2020-12-02T15:39:02.497954+09:00 0 0 경기70사6502 3 41 200000108 201000035 72 
2020-12-02T15:39:02.497969+09:00 0 0 경기70바5372 3 41 200000108 121000921 41 
2020-12-02T15:39:02.497983+09:00 0 0 경기70바5367 3 38 200000108 220000018 33 
2020-12-02T15:39:02.497996+09:00 0 0 경기70바5358 3 36 200000108 200000104 23 
2020-12-02T15:40:01.601924+09:00 0 0 경기70바5338 3 49 200000108 201000447 81 
2020-12-02T15:40:01.601989+09:00 0 0 경기70사6556 3 36 200000108 121000223 47 
2020-12-02T15:40:01.602009+09:00 0 0 경기70바3760 3 31 200000108 200000104 58 
2020-12-02T15:40:01.602024+09:00 0 0 경기70바5370 3 48 200000108 202000255 13 
2020-12-02T15:40:01.602041+09:00 0 0 경기70바5367 3 38 200000108 220000018 33 
2020-12-02T15:40:01.602056+09:00 0 0 경기70사6502 3 40 200000108 201000034 73 
2020-12-02T15:40:01.602070+09:00 0 0 경기70바5372 3 41 200000108 277101696 42 
2020-12-02T15:40:01.602083+09:00 0 0 경기70바5358 3 36 200000108 200000291 24 
2020-12-02T15:41:01.206021+09:00 0 0 경기70바5338 3 49 200000108 201000447 81 
2020-12-02T15:41:01.206083+09:00 0 0 경기70사6556 3 36 200000108 121000209 48 
2020-12-02T15:41:01.206103+09:00 0 0 경기70바5370 3 46 200000108 202000247 14 
2020-12-02T15:41:01.206119+09:00 0 0 경기70바3760 3 32 200000108 200000103 59 
2020-12-02T15:41:01.206135+09:00 0 0 경기70사6582 3 40 200000108 201000446 2 
2020-12-02T15:41:01.206149+09:00 0 0 경기70바5372 3 41 200000108 277101696 42 
2020-12-02T15:41:01.206163+09:00 0 0 경기70사6502 3 40 200000108 201000253 74 
2020-12-02T15:41:01.206176+09:00 0 0 경기70바5367 3 38 200000108 220000018 33 
2020-12-02T15:41:01.206190+09:00 0 0 경기70바5358 3 36 200000108 200000094 25 
2020-12-02T15:42:00.750340+09:00 0 0 경기70바5338 3 49 200000108 201000447 81 
2020-12-02T15:42:00.750403+09:00 0 0 경기70사6556 3 36 200000108 121000209 48 
2020-12-02T15:42:00.750423+09:00 0 0 경기70바3760 3 32 200000108 200000103 59 
2020-12-02T15:42:00.750439+09:00 0 0 경기70사6582 3 40 200000108 201000469 3 
2020-12-02T15:42:00.750456+09:00 0 0 경기70바5370 3 46 200000108 202000247 14 
2020-12-02T15:42:00.750471+09:00 0 0 경기70바5367 3 38 200000108 220000018 33 
2020-12-02T15:42:00.750485+09:00 0 0 경기70사6502 3 40 200000108 201000470 76 
2020-12-02T15:42:00.750498+09:00 0 0 경기70바5358 3 36 200000108 200000094 25 
2020-12-02T15:42:00.750511+09:00 0 0 경기70바5372 3 41 200000108 121000920 43 
2020-12-02T15:43:00.574142+09:00 0 0 경기70바5338 3 49 200000108 201000447 81 
2020-12-02T15:43:00.574199+09:00 0 0 경기70사6582 3 40 200000108 201000469 3 
2020-12-02T15:43:00.574219+09:00 0 0 경기70사6556 3 36 200000108 121000209 48 
2020-12-02T15:43:00.574234+09:00 0 0 경기70바5370 3 46 200000108 200000092 15 
2020-12-02T15:43:00.574250+09:00 0 0 경기70바3760 3 32 200000108 200000102 60 
2020-12-02T15:43:00.574265+09:00 0 0 경기70사6502 3 40 200000108 201000470 76 
2020-12-02T15:43:00.574279+09:00 0 0 경기70바5372 3 41 200000108 121000920 43 
2020-12-02T15:43:00.574293+09:00 0 0 경기70바5367 3 39 200000108 121000210 34 
2020-12-02T15:43:00.574306+09:00 0 0 경기70바5358 3 36 200000108 277103323 26 
2020-12-02T15:44:00.418566+09:00 0 0 경기70바5338 3 49 200000108 201000447 81 
2020-12-02T15:44:00.418628+09:00 0 0 경기70사6582 3 40 200000108 201000469 3 
2020-12-02T15:44:00.418647+09:00 0 0 경기70사6556 3 36 200000108 121000209 48 
2020-12-02T15:44:00.418664+09:00 0 0 경기70바3760 3 32 200000108 200000102 60 
2020-12-02T15:44:00.418679+09:00 0 0 경기70바5370 3 46 200000108 200000111 16 
2020-12-02T15:44:00.418694+09:00 0 0 경기70바5358 3 36 200000108 277103323 26 
2020-12-02T15:44:00.418707+09:00 0 0 경기70바5367 3 39 200000108 121000210 34 
2020-12-02T15:44:00.418721+09:00 0 0 경기70사6502 3 40 200000108 201000470 76 
2020-12-02T15:44:00.418734+09:00 0 0 경기70바5372 3 41 200000108 121000920 43 
2020-12-02T15:45:00.013690+09:00 0 0 경기70바5338 3 49 200000108 201000447 81 
2020-12-02T15:45:00.013755+09:00 0 0 경기70사6582 3 40 200000108 201000125 4 
2020-12-02T15:45:00.013776+09:00 0 0 경기70바5370 3 46 200000108 200000111 16 
2020-12-02T15:45:00.013792+09:00 0 0 경기70사6556 3 36 200000108 220000011 49 
2020-12-02T15:45:00.013808+09:00 0 0 경기70바3760 3 33 200000108 200000101 61 
2020-12-02T15:45:00.013822+09:00 0 0 경기70바5358 3 37 200000108 277103323 26 
2020-12-02T15:45:00.013837+09:00 0 0 경기70사6502 3 40 200000108 201000217 77 
2020-12-02T15:45:00.013850+09:00 0 0 경기70바5367 3 39 200000108 121000210 34 
2020-12-02T15:45:00.013864+09:00 0 0 경기70바5372 3 40 200000108 121000056 44 
2020-12-02T15:45:59.826694+09:00 0 0 경기70바5338 3 49 200000108 201000447 81 
2020-12-02T15:45:59.826757+09:00 0 0 경기70바3760 3 34 200000108 200000100 62 
2020-12-02T15:45:59.826777+09:00 0 0 경기70사6582 3 40 200000108 201000125 4 
2020-12-02T15:45:59.826792+09:00 0 0 경기70바5370 3 46 200000108 200000111 16 
2020-12-02T15:45:59.826808+09:00 0 0 경기70사6556 3 34 200000108 220000011 49 
2020-12-02T15:45:59.826823+09:00 0 0 경기70사6502 3 40 200000108 201000217 77 
2020-12-02T15:45:59.826837+09:00 0 0 경기70바5372 3 40 200000108 121000056 44 
2020-12-02T15:45:59.826850+09:00 0 0 경기70바5358 3 37 200000108 226000039 27 
2020-12-02T15:45:59.826863+09:00 0 0 경기70바5367 3 39 200000108 277102784 35 
2020-12-02T15:46:59.520817+09:00 0 0 경기70바5338 3 49 200000108 201000447 81 
2020-12-02T15:46:59.520883+09:00 0 0 경기70사6582 3 40 200000108 201000125 4 
2020-12-02T15:46:59.520904+09:00 0 0 경기70바5370 3 46 200000108 200000110 17 
2020-12-02T15:46:59.520920+09:00 0 0 경기70사6556 3 34 200000108 220000011 49 
2020-12-02T15:46:59.520937+09:00 0 0 경기70바3760 3 35 200000108 200000100 62 
2020-12-02T15:46:59.520952+09:00 0 0 경기70사6502 3 40 200000108 201000217 77 
2020-12-02T15:46:59.520966+09:00 0 0 경기70바5367 3 39 200000108 277102784 35 
2020-12-02T15:46:59.520979+09:00 0 0 경기70바5372 3 40 200000108 121000056 44 
2020-12-02T15:46:59.520992+09:00 0 0 경기70바5358 3 37 200000108 226000039 27 
2020-12-02T15:47:59.484914+09:00 0 0 경기70바5338 3 49 200000108 201000447 81 
2020-12-02T15:47:59.484975+09:00 0 0 경기70바3760 3 35 200000108 200000100 62 
2020-12-02T15:47:59.484995+09:00 0 0 경기70사6556 3 34 200000108 277103204 50 
2020-12-02T15:47:59.485010+09:00 0 0 경기70사6582 3 40 200000108 201000218 5 
2020-12-02T15:47:59.485026+09:00 0 0 경기70바5370 3 43 200000108 200000109 18 
2020-12-02T15:47:59.485084+09:00 0 0 경기70바5358 3 37 200000108 277103221 28 
2020-12-02T15:47:59.485098+09:00 0 0 경기70사6502 3 41 200000108 201000468 79 
2020-12-02T15:47:59.485112+09:00 0 0 경기70바5367 3 39 200000108 277102784 35 
2020-12-02T15:47:59.485124+09:00 0 0 경기70바5372 3 40 200000108 121000971 45 
2020-12-02T15:48:59.369066+09:00 0 0 경기70바5338 3 49 200000108 201000447 81 
2020-12-02T15:48:59.369138+09:00 0 0 경기70사6556 3 34 200000108 277103204 50 
2020-12-02T15:48:59.369157+09:00 0 0 경기70사6582 3 40 200000108 201000218 5 
2020-12-02T15:48:59.369172+09:00 0 0 경기70바3760 3 35 200000108 200000100 62 
2020-12-02T15:48:59.369188+09:00 0 0 경기70바5370 3 43 200000108 200000109 18 
2020-12-02T15:48:59.369202+09:00 0 0 경기70바5367 3 40 200000108 121000520 37 
2020-12-02T15:48:59.369215+09:00 0 0 경기70바5372 3 40 200000108 121000971 45 
2020-12-02T15:48:59.369228+09:00 0 0 경기70바5358 3 37 200000108 277103221 28 
2020-12-02T15:48:59.369241+09:00 0 0 경기70사6502 3 41 200000108 201000468 79 
2020-12-02T15:49:58.902998+09:00 0 0 경기70바5338 3 49 200000108 201000447 81 
2020-12-02T15:49:58.903054+09:00 0 0 경기70사6582 3 40 200000108 201000218 5 
2020-12-02T15:49:58.903074+09:00 0 0 경기70바3760 3 36 200000108 200000098 64 
2020-12-02T15:49:58.903089+09:00 0 0 경기70사6556 3 34 200000108 277103202 51 
2020-12-02T15:49:58.903105+09:00 0 0 경기70바5370 3 42 200000108 200000107 20 
2020-12-02T15:49:58.903119+09:00 0 0 경기70바5372 3 40 200000108 121000971 45 
2020-12-02T15:49:58.903134+09:00 0 0 경기70사6502 3 41 200000108 201000468 79 
2020-12-02T15:49:58.903147+09:00 0 0 경기70바5367 3 40 200000108 121000520 37 
2020-12-02T15:49:58.903160+09:00 0 0 경기70바5358 3 37 200000108 277103159 29 
2020-12-02T15:50:58.747075+09:00 0 0 경기70바3760 3 36 200000108 200000098 64 
2020-12-02T15:50:58.747136+09:00 0 0 경기70사6582 3 40 200000108 201000173 6 
2020-12-02T15:50:58.747156+09:00 0 0 경기70사6556 3 34 200000108 277103201 52 
2020-12-02T15:50:58.747173+09:00 0 0 경기70바5370 3 42 200000108 200000106 21 
2020-12-02T15:50:58.747189+09:00 0 0 경기70사6502 3 41 200000108 201000468 79 
2020-12-02T15:50:58.747205+09:00 0 0 경기70바5367 3 40 200000108 121000520 37 
2020-12-02T15:50:58.747219+09:00 0 0 경기70바5372 3 40 200000108 121000971 45 
2020-12-02T15:50:58.747232+09:00 0 0 경기70바5358 3 37 200000108 277103200 30 
2020-12-02T15:51:58.311037+09:00 0 0 경기70사6556 3 34 200000108 277103201 52 
2020-12-02T15:51:58.311099+09:00 0 0 경기70사6582 3 40 200000108 201000171 8 
2020-12-02T15:51:58.311119+09:00 0 0 경기70바3760 3 36 200000108 200000097 65 
2020-12-02T15:51:58.311134+09:00 0 0 경기70바5370 3 42 200000108 200000106 21 
2020-12-02T15:51:58.311149+09:00 0 0 경기70바5367 3 40 200000108 121000520 37 
2020-12-02T15:51:58.311164+09:00 0 0 경기70바5358 3 37 200000108 277103200 30 
2020-12-02T15:51:58.311177+09:00 0 0 경기70바5372 3 40 200000108 121000220 46 
2020-12-02T15:51:58.311191+09:00 0 0 경기70사6502 3 41 200000108 201000468 79 
2020-12-02T15:52:58.315309+09:00 0 0 경기70바3760 3 36 200000108 200000097 65 
2020-12-02T15:52:58.315376+09:00 0 0 경기70사6556 3 34 200000108 277103201 52 
2020-12-02T15:52:58.315397+09:00 0 0 경기70바5370 3 42 200000108 200000105 22 
2020-12-02T15:52:58.315412+09:00 0 0 경기70사6582 3 40 200000108 201000031 9 
2020-12-02T15:52:58.315428+09:00 0 0 경기70사6502 3 41 200000108 201000445 80 
2020-12-02T15:52:58.315443+09:00 0 0 경기70바5372 3 40 200000108 121000220 46 
2020-12-02T15:52:58.315457+09:00 0 0 경기70바5367 3 40 200000108 121000060 38 
2020-12-02T15:52:58.315470+09:00 0 0 경기70바5358 3 37 200000108 277103203 31 
2020-12-02T15:53:57.849173+09:00 0 0 경기70사6582 3 40 200000108 201000031 9 
2020-12-02T15:53:57.849236+09:00 0 0 경기70바5370 3 42 200000108 200000104 23 
2020-12-02T15:53:57.849257+09:00 0 0 경기70바3760 3 36 200000108 200000096 66 
2020-12-02T15:53:57.849273+09:00 0 0 경기70사6556 3 34 200000108 277103158 53 
2020-12-02T15:53:57.849289+09:00 0 0 경기70바5367 3 40 200000108 121000060 38 
2020-12-02T15:53:57.849304+09:00 0 0 경기70바5372 3 40 200000108 121000220 46 
2020-12-02T15:53:57.849318+09:00 0 0 경기70바5358 3 37 200000108 277103203 31 
2020-12-02T15:54:57.703103+09:00 0 0 경기70바5370 3 42 200000108 200000104 23 
2020-12-02T15:54:57.703163+09:00 0 0 경기70사6556 3 34 200000108 277103220 54 
2020-12-02T15:54:57.703183+09:00 0 0 경기70사6582 3 40 200000108 201000189 11 
2020-12-02T15:54:57.703198+09:00 0 0 경기70바3760 3 36 200000108 200000089 67 
2020-12-02T15:54:57.703214+09:00 0 0 경기70바5358 3 37 200000108 277103205 32 
2020-12-02T15:54:57.703229+09:00 0 0 경기70바5367 3 40 200000108 121000060 38 
2020-12-02T15:54:57.703242+09:00 0 0 경기70바5372 3 40 200000108 121000220 46 
2020-12-02T15:55:57.267272+09:00 0 0 경기70사6556 3 34 200000108 277103220 54 
2020-12-02T15:55:57.267333+09:00 0 0 경기70바3760 3 36 200000108 200000089 67 
2020-12-02T15:55:57.267358+09:00 0 0 경기70바5370 3 42 200000108 200000104 23 
2020-12-02T15:55:57.267376+09:00 0 0 경기70사6582 3 38 200000108 201000188 12 
2020-12-02T15:55:57.267393+09:00 0 0 경기70바5372 3 40 200000108 121000220 46 
2020-12-02T15:55:57.267408+09:00 0 0 경기70바5358 3 37 200000108 277103205 32 
2020-12-02T15:55:57.267422+09:00 0 0 경기70바5367 3 40 200000108 121000060 38 
2020-12-02T15:56:57.101272+09:00 0 0 경기70사6582 3 38 200000108 201000188 12 
2020-12-02T15:56:57.101336+09:00 0 0 경기70바3760 3 36 200000108 200000089 67 
2020-12-02T15:56:57.101356+09:00 0 0 경기70사6556 3 31 200000108 226000038 55 
2020-12-02T15:56:57.101372+09:00 0 0 경기70바5370 3 42 200000108 200000291 24 
2020-12-02T15:56:57.101388+09:00 0 0 경기70사6504 3 40 200000108 201000446 2 
2020-12-02T15:56:57.101403+09:00 0 0 경기70바5372 3 40 200000108 121000223 47 
2020-12-02T15:56:57.101417+09:00 0 0 경기70바5358 3 38 200000108 220000018 33 
2020-12-02T15:56:57.101430+09:00 0 0 경기70바5367 3 46 200000108 121000929 39 
2020-12-02T15:57:57.015344+09:00 0 0 경기70바3760 3 36 200000108 200000089 67 
2020-12-02T15:57:57.015404+09:00 0 0 경기70사6556 3 31 200000108 226000038 55 
2020-12-02T15:57:57.015424+09:00 0 0 경기70바5370 3 42 200000108 200000094 25 
2020-12-02T15:57:57.015440+09:00 0 0 경기70사6504 3 40 200000108 201000446 2 
2020-12-02T15:57:57.015456+09:00 0 0 경기70사6582 3 38 200000108 201000188 12 
2020-12-02T15:57:57.015471+09:00 0 0 경기70바5367 3 46 200000108 121000929 39 
2020-12-02T15:57:57.015485+09:00 0 0 경기70바5372 3 40 200000108 121000223 47 
2020-12-02T15:57:57.015498+09:00 0 0 경기70바5358 3 38 200000108 220000018 33 
2020-12-02T15:58:56.979373+09:00 0 0 경기70사6504 3 40 200000108 201000446 2 
2020-12-02T15:58:56.979432+09:00 0 0 경기70바5370 3 42 200000108 200000094 25 
2020-12-02T15:58:56.979450+09:00 0 0 경기70바3760 3 39 200000108 202000246 68 
2020-12-02T15:58:56.979465+09:00 0 0 경기70사6582 3 38 200000108 202000255 13 
2020-12-02T15:58:56.979481+09:00 0 0 경기70사6556 3 31 200000108 277103314 56 
2020-12-02T15:58:56.979495+09:00 0 0 경기70바5367 3 44 200000108 277104257 40 
2020-12-02T15:58:56.979508+09:00 0 0 경기70바5358 3 39 200000108 121000210 34 
2020-12-02T15:58:56.979521+09:00 0 0 경기70바5372 3 40 200000108 121000223 47 
2020-12-02T15:59:56.783563+09:00 0 0 경기70사6556 3 31 200000108 277103314 56 
2020-12-02T15:59:56.783637+09:00 0 0 경기70사6582 3 38 200000108 202000255 13 
2020-12-02T15:59:56.783657+09:00 0 0 경기70바5370 3 42 200000108 200000094 25 
2020-12-02T15:59:56.783673+09:00 0 0 경기70사6504 3 40 200000108 201000469 3 
2020-12-02T15:59:56.783690+09:00 0 0 경기70바3760 3 40 200000108 202000245 69 
2020-12-02T15:59:56.783704+09:00 0 0 경기70바5358 3 38 200000108 121000210 34 
2020-12-02T15:59:56.783718+09:00 0 0 경기70바5367 3 45 200000108 277104257 40 
2020-12-02T15:59:56.783731+09:00 0 0 경기70바5372 3 40 200000108 121000209 48 
2020-12-02T16:00:56.547706+09:00 0 0 경기70사6556 3 31 200000108 277103314 56 
2020-12-02T16:00:56.547767+09:00 0 0 경기70바3760 3 40 200000108 202000245 69 
2020-12-02T16:00:56.547786+09:00 0 0 경기70사6504 3 40 200000108 201000469 3 
2020-12-02T16:00:56.547815+09:00 0 0 경기70사6582 3 37 200000108 202000247 14 
2020-12-02T16:00:56.547831+09:00 0 0 경기70바5370 3 42 200000108 277103323 26 
2020-12-02T16:00:56.547846+09:00 0 0 경기70바5372 3 40 200000108 121000209 48 
2020-12-02T16:00:56.547860+09:00 0 0 경기70바5367 3 45 200000108 277104257 40 
2020-12-02T16:00:56.547873+09:00 0 0 경기70바5358 3 38 200000108 121000210 34 
2020-12-02T16:01:55.931642+09:00 0 0 경기70바3760 3 40 200000108 202000245 69 
2020-12-02T16:01:55.931703+09:00 0 0 경기70바5370 3 42 200000108 277103323 26 
2020-12-02T16:01:55.931723+09:00 0 0 경기70사6556 3 31 200000108 277103314 56 
2020-12-02T16:01:55.931739+09:00 0 0 경기70사6582 3 37 200000108 200000092 15 
2020-12-02T16:01:55.931755+09:00 0 0 경기70사6504 3 40 200000108 201000469 3 
2020-12-02T16:01:55.931770+09:00 0 0 경기70바5367 3 38 200000108 277101696 42 
2020-12-02T16:01:55.931783+09:00 0 0 경기70바5358 3 38 200000108 277102784 35 
2020-12-02T16:01:55.931796+09:00 0 0 경기70바5372 3 40 200000108 220000011 49 
2020-12-02T16:02:55.675730+09:00 0 0 경기70바5370 3 42 200000108 277103323 26 
2020-12-02T16:02:55.675793+09:00 0 0 경기70바3760 3 40 200000108 202000245 69 
2020-12-02T16:02:55.675812+09:00 0 0 경기70사6504 3 40 200000108 201000125 4 
2020-12-02T16:02:55.675828+09:00 0 0 경기70사6582 3 37 200000108 200000092 15 
2020-12-02T16:02:55.675844+09:00 0 0 경기70사6556 3 33 200000108 200000068 57 
2020-12-02T16:02:55.675859+09:00 0 0 경기70바5367 3 38 200000108 277101696 42 
2020-12-02T16:02:55.675873+09:00 0 0 경기70바5358 3 38 200000108 277102784 35 
2020-12-02T16:02:55.675886+09:00 0 0 경기70바5372 3 40 200000108 220000011 49 
2020-12-02T16:03:55.469689+09:00 0 0 경기70사6556 3 33 200000108 200000068 57 
2020-12-02T16:03:55.469737+09:00 0 0 경기70바5370 3 42 200000108 226000039 27 
2020-12-02T16:03:55.469757+09:00 0 0 경기70사6504 3 40 200000108 201000125 4 
2020-12-02T16:03:55.469773+09:00 0 0 경기70사6582 3 36 200000108 200000111 16 
2020-12-02T16:03:55.469790+09:00 0 0 경기70바3760 3 40 200000108 201000187 70 
2020-12-02T16:03:55.469804+09:00 0 0 경기70바5367 3 38 200000108 121000920 43 
2020-12-02T16:03:55.469818+09:00 0 0 경기70바5358 3 38 200000108 277102784 35 
2020-12-02T16:03:55.469831+09:00 0 0 경기70바5372 3 40 200000108 220000011 49 
2020-12-02T16:04:55.313834+09:00 0 0 경기70사6582 3 36 200000108 200000111 16 
2020-12-02T16:04:55.313897+09:00 0 0 경기70바3760 3 41 200000108 201000186 71 
2020-12-02T16:04:55.313916+09:00 0 0 경기70사6504 3 40 200000108 201000218 5 
2020-12-02T16:04:55.313931+09:00 0 0 경기70바5370 3 40 200000108 226000039 27 
2020-12-02T16:04:55.313947+09:00 0 0 경기70사6556 3 33 200000108 200000068 57 
2020-12-02T16:04:55.313963+09:00 0 0 경기70바5358 3 38 200000108 277102785 36 
2020-12-02T16:04:55.313977+09:00 0 0 경기70바5367 3 38 200000108 121000920 43 
2020-12-02T16:04:55.313992+09:00 0 0 경기70바5372 3 40 200000108 220000011 49 
2020-12-02T16:05:54.967958+09:00 0 0 경기70사6504 3 40 200000108 201000218 5 
2020-12-02T16:05:54.968019+09:00 0 0 경기70바3760 3 41 200000108 201000186 71 
2020-12-02T16:05:54.968038+09:00 0 0 경기70바5370 3 40 200000108 277103221 28 
2020-12-02T16:05:54.968054+09:00 0 0 경기70사6582 3 36 200000108 200000110 17 
2020-12-02T16:05:54.968070+09:00 0 0 경기70사6556 3 41 200000108 200000104 58 
2020-12-02T16:05:54.968085+09:00 0 0 경기70바5358 3 40 200000108 121000520 37 
2020-12-02T16:05:54.968099+09:00 0 0 경기70바5372 3 40 200000108 220000011 49 
2020-12-02T16:05:54.968113+09:00 0 0 경기70바5367 3 38 200000108 121000056 44 
2020-12-02T16:06:54.521995+09:00 0 0 경기70사6504 3 40 200000108 201000173 6 
2020-12-02T16:06:54.522054+09:00 0 0 경기70바5370 3 40 200000108 277103221 28 
2020-12-02T16:06:54.522075+09:00 0 0 경기70바3760 3 41 200000108 201000035 72 
2020-12-02T16:06:54.522091+09:00 0 0 경기70사6556 3 41 200000108 200000103 59 
2020-12-02T16:06:54.522107+09:00 0 0 경기70사6582 3 36 200000108 200000109 18 
2020-12-02T16:06:54.522122+09:00 0 0 경기70바5372 3 40 200000108 277103204 50 
2020-12-02T16:06:54.522135+09:00 0 0 경기70바5358 3 40 200000108 121000520 37 
2020-12-02T16:06:54.522149+09:00 0 0 경기70바5367 3 38 200000108 121000056 44 
2020-12-02T16:07:54.376161+09:00 0 0 경기70바5370 3 40 200000108 277103221 28 
2020-12-02T16:07:54.376223+09:00 0 0 경기70사6556 3 41 200000108 200000102 60 
2020-12-02T16:07:54.376242+09:00 0 0 경기70사6504 3 40 200000108 201000171 8 
2020-12-02T16:07:54.376259+09:00 0 0 경기70사6582 3 27 200000108 200000109 18 
2020-12-02T16:07:54.376275+09:00 0 0 경기70바3760 3 41 200000108 201000034 73 
2020-12-02T16:07:54.376289+09:00 0 0 경기70바5358 3 40 200000108 121000520 37 
2020-12-02T16:07:54.376303+09:00 0 0 경기70바5367 3 38 200000108 121000056 44 
2020-12-02T16:07:54.376317+09:00 0 0 경기70바5372 3 40 200000108 277103204 50 
2020-12-02T16:08:54.110202+09:00 0 0 경기70바3760 3 41 200000108 201000034 73 
2020-12-02T16:08:54.110263+09:00 0 0 경기70사6556 3 44 200000108 200000101 61 
2020-12-02T16:08:54.110283+09:00 0 0 경기70사6504 3 40 200000108 201000171 8 
2020-12-02T16:08:54.110299+09:00 0 0 경기70바5370 3 40 200000108 277103200 30 
2020-12-02T16:08:54.110315+09:00 0 0 경기70사6582 3 27 200000108 200000109 18 
2020-12-02T16:08:54.110330+09:00 0 0 경기70바5358 3 40 200000108 121000520 37 
2020-12-02T16:08:54.110343+09:00 0 0 경기70바5367 3 38 200000108 121000971 45 
2020-12-02T16:08:54.110357+09:00 0 0 경기70바5372 3 40 200000108 277103202 51 
2020-12-02T16:09:53.714383+09:00 0 0 경기70바5370 3 40 200000108 277103200 30 
2020-12-02T16:09:53.714445+09:00 0 0 경기70사6556 3 44 200000108 200000100 62 
2020-12-02T16:09:53.714464+09:00 0 0 경기70바3760 3 41 200000108 201000252 75 
2020-12-02T16:09:53.714480+09:00 0 0 경기70사6504 3 40 200000108 201000031 9 
2020-12-02T16:09:53.714496+09:00 0 0 경기70사6582 3 26 200000108 200000099 19 
2020-12-02T16:09:53.714510+09:00 0 0 경기70바5367 3 37 200000108 121000971 45 
2020-12-02T16:09:53.714525+09:00 0 0 경기70바5372 3 40 200000108 277103201 52 
2020-12-02T16:09:53.714538+09:00 0 0 경기70바5358 3 40 200000108 121000520 37 
2020-12-02T16:10:53.278523+09:00 0 0 경기70사6556 3 44 200000108 200000100 62 
2020-12-02T16:10:53.278582+09:00 0 0 경기70사6504 3 40 200000108 201000031 9 
2020-12-02T16:10:53.278602+09:00 0 0 경기70사6582 3 26 200000108 200000106 21 
2020-12-02T16:10:53.278618+09:00 0 0 경기70바3760 3 41 200000108 201000470 76 
2020-12-02T16:10:53.278634+09:00 0 0 경기70바5370 3 40 200000108 277103203 31 
2020-12-02T16:10:53.278649+09:00 0 0 경기70바5367 3 37 200000108 121000971 45 
2020-12-02T16:10:53.278663+09:00 0 0 경기70바5372 3 40 200000108 277103201 52 
2020-12-02T16:10:53.278676+09:00 0 0 경기70바5358 3 40 200000108 121000520 37 
2020-12-02T16:11:53.092643+09:00 0 0 경기70바5370 3 40 200000108 277103203 31 
2020-12-02T16:11:53.092703+09:00 0 0 경기70사6582 3 26 200000108 200000106 21 
2020-12-02T16:11:53.092723+09:00 0 0 경기70바3760 3 41 200000108 201000470 76 
2020-12-02T16:11:53.092739+09:00 0 0 경기70사6504 3 40 200000108 201000189 11 
2020-12-02T16:11:53.092756+09:00 0 0 경기70사6556 3 44 200000108 200000108 63 
2020-12-02T16:11:53.092770+09:00 0 0 경기70바5372 3 40 200000108 277103158 53 
2020-12-02T16:11:53.092784+09:00 0 0 경기70바5358 3 44 200000108 121000060 38 
2020-12-02T16:11:53.092798+09:00 0 0 경기70바5367 3 37 200000108 121000971 45 
2020-12-02T16:12:53.096625+09:00 0 0 경기70바3760 3 41 200000108 201000217 77 
2020-12-02T16:12:53.096688+09:00 0 0 경기70사6504 3 40 200000108 201000188 12 
2020-12-02T16:12:53.096709+09:00 0 0 경기70바5370 3 40 200000108 277103205 32 
2020-12-02T16:12:53.096725+09:00 0 0 경기70사6556 3 45 200000108 200000098 64 
2020-12-02T16:12:53.096741+09:00 0 0 경기70사6582 3 26 200000108 200000105 22 
2020-12-02T16:12:53.096756+09:00 0 0 경기70바5358 3 44 200000108 121000060 38 
2020-12-02T16:12:53.096770+09:00 0 0 경기70바5367 3 37 200000108 121000971 45 
2020-12-02T16:12:53.096783+09:00 0 0 경기70바5372 3 40 200000108 277103158 53 
2020-12-02T16:13:52.620723+09:00 0 0 경기70사6504 3 40 200000108 201000188 12 
2020-12-02T16:13:52.620785+09:00 0 0 경기70바3760 3 41 200000108 201000217 77 
2020-12-02T16:13:52.620806+09:00 0 0 경기70사6556 3 45 200000108 200000097 65 
2020-12-02T16:13:52.620823+09:00 0 0 경기70바5370 3 40 200000108 277103205 32 
2020-12-02T16:13:52.620839+09:00 0 0 경기70사6582 3 26 200000108 200000104 23 
2020-12-02T16:13:52.620854+09:00 0 0 경기70바5372 3 40 200000108 277103220 54 
2020-12-02T16:13:52.620868+09:00 0 0 경기70바5358 3 44 200000108 121000060 38 
2020-12-02T16:13:52.620882+09:00 0 0 경기70바5367 3 36 200000108 121000220 46 
2020-12-02T16:14:52.324763+09:00 0 0 경기70사6504 3 40 200000108 201000188 12 
2020-12-02T16:14:52.324825+09:00 0 0 경기70사6556 3 45 200000108 200000097 65 
2020-12-02T16:14:52.324845+09:00 0 0 경기70사6582 3 25 200000108 200000104 23 
2020-12-02T16:14:52.324861+09:00 0 0 경기70바3760 3 41 200000108 201000157 78 
2020-12-02T16:14:52.324877+09:00 0 0 경기70바5370 3 41 200000108 220000018 33 
2020-12-02T16:14:52.324892+09:00 0 0 경기70바5372 3 40 200000108 226000038 55 
2020-12-02T16:14:52.324906+09:00 0 0 경기70바5367 3 36 200000108 121000220 46 
2020-12-02T16:14:52.324919+09:00 0 0 경기70바5358 3 45 200000108 121000929 39 
2020-12-02T16:15:51.458865+09:00 0 0 경기70바3760 3 41 200000108 201000157 78 
2020-12-02T16:15:51.458926+09:00 0 0 경기70바5370 3 41 200000108 220000018 33 
2020-12-02T16:15:51.458947+09:00 0 0 경기70사6504 3 40 200000108 201000188 12 
2020-12-02T16:15:51.458963+09:00 0 0 경기70사6556 3 47 200000108 200000096 66 
2020-12-02T16:15:51.458979+09:00 0 0 경기70사6582 3 25 200000108 200000104 23 
2020-12-02T16:15:51.458994+09:00 0 0 경기70바5372 3 40 200000108 226000038 55 
2020-12-02T16:15:51.459007+09:00 0 0 경기70바5367 3 36 200000108 121000220 46 
2020-12-02T16:15:51.459020+09:00 0 0 경기70바5358 3 45 200000108 277104257 40 
2020-12-02T16:16:51.303061+09:00 0 0 경기70사6556 3 47 200000108 200000096 66 
2020-12-02T16:16:51.303122+09:00 0 0 경기70바5370 3 41 200000108 220000018 33 
2020-12-02T16:16:51.303142+09:00 0 0 경기70바3760 3 41 200000108 201000468 79 
2020-12-02T16:16:51.303158+09:00 0 0 경기70사6582 3 25 200000108 200000291 24 
2020-12-02T16:16:51.303178+09:00 0 0 경기70사6504 3 40 200000108 202000255 13 
2020-12-02T16:16:51.303193+09:00 0 0 경기70바5367 3 36 200000108 121000220 46 
2020-12-02T16:16:51.303208+09:00 0 0 경기70바5372 3 40 200000108 226000038 55 
2020-12-02T16:16:51.303221+09:00 0 0 경기70바5358 3 45 200000108 277104257 40 
2020-12-02T16:17:51.237178+09:00 0 0 경기70사6556 3 47 200000108 200000089 67 
2020-12-02T16:17:51.237241+09:00 0 0 경기70바5370 3 41 200000108 121000210 34 
2020-12-02T16:17:51.237262+09:00 0 0 경기70바3760 3 41 200000108 201000468 79 
2020-12-02T16:17:51.237277+09:00 0 0 경기70사6504 3 39 200000108 202000247 14 
2020-12-02T16:17:51.237294+09:00 0 0 경기70사6582 3 25 200000108 200000094 25 
2020-12-02T16:17:51.237309+09:00 0 0 경기70바5358 3 45 200000108 277104257 40 
2020-12-02T16:17:51.237323+09:00 0 0 경기70바5367 3 36 200000108 121000220 46 
2020-12-02T16:17:51.237337+09:00 0 0 경기70바5372 3 40 200000108 277103314 56 
2020-12-02T16:18:50.651207+09:00 0 0 경기70바5370 3 41 200000108 121000210 34 
2020-12-02T16:18:50.651287+09:00 0 0 경기70사6582 3 25 200000108 200000094 25 
2020-12-02T16:18:50.651306+09:00 0 0 경기70바3760 3 41 200000108 201000445 80 
2020-12-02T16:18:50.651321+09:00 0 0 경기70사6556 3 47 200000108 200000089 67 
2020-12-02T16:18:50.651337+09:00 0 0 경기70사6504 3 39 200000108 202000247 14 
2020-12-02T16:18:50.651351+09:00 0 0 경기70바5372 3 40 200000108 277103314 56 
2020-12-02T16:18:50.651364+09:00 0 0 경기70바5367 3 36 200000108 121000220 46 
2020-12-02T16:18:50.651377+09:00 0 0 경기70바5358 3 45 200000108 121000921 41 
2020-12-02T16:18:50.651402+09:00 0 0 경기70사6520 3 41 200000108 201000469 3 
2020-12-02T16:19:49.885319+09:00 0 0 경기70사6582 3 25 200000108 200000094 25 
2020-12-02T16:19:49.885381+09:00 0 0 경기70바3760 3 41 200000108 201000445 80 
2020-12-02T16:19:49.885401+09:00 0 0 경기70바5370 3 41 200000108 121000210 34 
2020-12-02T16:19:49.885417+09:00 0 0 경기70사6504 3 39 200000108 200000092 15 
2020-12-02T16:19:49.885434+09:00 0 0 경기70사6556 3 47 200000108 202000246 68 
2020-12-02T16:19:49.885449+09:00 0 0 경기70바5372 3 40 200000108 277103314 56 
2020-12-02T16:19:49.885463+09:00 0 0 경기70사6520 3 41 200000108 201000125 4 
2020-12-02T16:19:49.885477+09:00 0 0 경기70바5358 3 40 200000108 277101696 42 
2020-12-02T16:19:49.885490+09:00 0 0 경기70바5367 3 36 200000108 121000220 46 
2020-12-02T16:20:49.169352+09:00 0 0 경기70바5370 3 41 200000108 277102784 35 
2020-12-02T16:20:49.169413+09:00 0 0 경기70바3760 3 41 200000108 201000447 81 
2020-12-02T16:20:49.169433+09:00 0 0 경기70사6556 3 47 200000108 202000245 69 
2020-12-02T16:20:49.169450+09:00 0 0 경기70사6582 3 25 200000108 200000094 25 
2020-12-02T16:20:49.169467+09:00 0 0 경기70사6504 3 39 200000108 200000111 16 
2020-12-02T16:20:49.169482+09:00 0 0 경기70바5372 3 40 200000108 277103314 56 
2020-12-02T16:20:49.169496+09:00 0 0 경기70사6520 3 41 200000108 201000125 4 
2020-12-02T16:20:49.169510+09:00 0 0 경기70바5358 3 40 200000108 277101696 42 
2020-12-02T16:20:49.169523+09:00 0 0 경기70바5367 3 36 200000108 121000223 47 
2020-12-02T16:21:49.103351+09:00 0 0 경기70바5370 3 41 200000108 277102784 35 
2020-12-02T16:21:49.103412+09:00 0 0 경기70바3760 3 41 200000108 201000447 81 
2020-12-02T16:21:49.103432+09:00 0 0 경기70사6556 3 48 200000108 202000245 69 
2020-12-02T16:21:49.103448+09:00 0 0 경기70사6504 3 39 200000108 200000111 16 
2020-12-02T16:21:49.103465+09:00 0 0 경기70사6582 3 25 200000108 277103323 26 
2020-12-02T16:21:49.103479+09:00 0 0 경기70사6520 3 41 200000108 201000125 4 
2020-12-02T16:21:49.103497+09:00 0 0 경기70바5358 3 40 200000108 121000920 43 
2020-12-02T16:21:49.103511+09:00 0 0 경기70바5367 3 35 200000108 121000223 47 
2020-12-02T16:21:49.103524+09:00 0 0 경기70바5372 3 41 200000108 200000068 57 
2020-12-02T16:22:48.997678+09:00 0 0 경기70바3760 3 41 200000108 201000447 81 
2020-12-02T16:22:48.997739+09:00 0 0 경기70사6582 3 25 200000108 277103323 26 
2020-12-02T16:22:48.997761+09:00 0 0 경기70사6556 3 48 200000108 202000245 69 
2020-12-02T16:22:48.997779+09:00 0 0 경기70사6504 3 39 200000108 200000111 16 
2020-12-02T16:22:48.997797+09:00 0 0 경기70바5370 3 41 200000108 121000520 37 
2020-12-02T16:22:48.997814+09:00 0 0 경기70바5358 3 40 200000108 121000920 43 
2020-12-02T16:22:48.997830+09:00 0 0 경기70바5367 3 35 200000108 121000223 47 
2020-12-02T16:22:48.997846+09:00 0 0 경기70바5372 3 41 200000108 200000104 58 
2020-12-02T16:22:48.997862+09:00 0 0 경기70사6520 3 41 200000108 201000125 4 
2020-12-02T16:23:48.271585+09:00 0 0 경기70바3760 3 41 200000108 201000447 81 
2020-12-02T16:23:48.271646+09:00 0 0 경기70사6504 3 39 200000108 200000110 17 
2020-12-02T16:23:48.271667+09:00 0 0 경기70바5370 3 44 200000108 121000520 37 
2020-12-02T16:23:48.271683+09:00 0 0 경기70사6556 3 48 200000108 201000187 70 
2020-12-02T16:23:48.271700+09:00 0 0 경기70사6582 3 25 200000108 277103323 26 
2020-12-02T16:23:48.271719+09:00 0 0 경기70바5372 3 41 200000108 200000104 58 
2020-12-02T16:23:48.271735+09:00 0 0 경기70바5367 3 35 200000108 121000209 48 
2020-12-02T16:23:48.271749+09:00 0 0 경기70바5358 3 40 200000108 121000056 44 
2020-12-02T16:23:48.271763+09:00 0 0 경기70사6520 3 41 200000108 201000218 5 
2020-12-02T16:24:47.685225+09:00 0 0 경기70바3760 3 41 200000108 201000447 81 
2020-12-02T16:24:47.685286+09:00 0 0 경기70바5370 3 44 200000108 121000520 37 
2020-12-02T16:24:47.685307+09:00 0 0 경기70사6582 3 25 200000108 226000039 27 
2020-12-02T16:24:47.685322+09:00 0 0 경기70사6504 3 39 200000108 200000099 19 
2020-12-02T16:24:47.685339+09:00 0 0 경기70사6556 3 48 200000108 201000186 71 
2020-12-02T16:24:47.685353+09:00 0 0 경기70바5367 3 35 200000108 121000209 48 
2020-12-02T16:24:47.685368+09:00 0 0 경기70사6520 3 41 200000108 201000218 5 
2020-12-02T16:24:47.685381+09:00 0 0 경기70바5358 3 40 200000108 121000056 44 
2020-12-02T16:24:47.685395+09:00 0 0 경기70바5372 3 41 200000108 200000103 59 
2020-12-02T16:25:47.528966+09:00 0 0 경기70바3760 3 41 200000108 201000447 81 
2020-12-02T16:25:47.529025+09:00 0 0 경기70바5370 3 44 200000108 121000520 37 
2020-12-02T16:25:47.529095+09:00 0 0 경기70사6556 3 48 200000108 201000186 71 
2020-12-02T16:25:47.529113+09:00 0 0 경기70사6504 3 38 200000108 200000107 20 
2020-12-02T16:25:47.529130+09:00 0 0 경기70사6582 3 29 200000108 226000039 27 
2020-12-02T16:25:47.529145+09:00 0 0 경기70바5367 3 35 200000108 121000209 48 
2020-12-02T16:25:47.529159+09:00 0 0 경기70바5372 3 41 200000108 200000102 60 
2020-12-02T16:25:47.529173+09:00 0 0 경기70사6520 3 41 200000108 201000173 6 
2020-12-02T16:25:47.529186+09:00 0 0 경기70바5358 3 40 200000108 121000971 45 
2020-12-02T16:26:47.242713+09:00 0 0 경기70바3760 3 41 200000108 201000447 81 
2020-12-02T16:26:47.242773+09:00 0 0 경기70바5370 3 44 200000108 121000520 37 
2020-12-02T16:26:47.242793+09:00 0 0 경기70사6556 3 48 200000108 201000035 72 
2020-12-02T16:26:47.242809+09:00 0 0 경기70사6582 3 29 200000108 277103221 28 
2020-12-02T16:26:47.242825+09:00 0 0 경기70사6504 3 38 200000108 200000106 21 
2020-12-02T16:26:47.242840+09:00 0 0 경기70바5358 3 40 200000108 121000971 45 
2020-12-02T16:26:47.242854+09:00 0 0 경기70사6520 3 41 200000108 201000171 8 
2020-12-02T16:26:47.242867+09:00 0 0 경기70바5372 3 42 200000108 200000101 61 
2020-12-02T16:26:47.242880+09:00 0 0 경기70바5367 3 35 200000108 220000011 49 
2020-12-02T16:27:46.946452+09:00 0 0 경기70바3760 3 41 200000108 201000447 81 
2020-12-02T16:27:46.946489+09:00 0 0 경기70바5370 3 44 200000108 121000520 37 
2020-12-02T16:27:46.946508+09:00 0 0 경기70사6504 3 38 200000108 200000106 21 
2020-12-02T16:27:46.946523+09:00 0 0 경기70사6556 3 49 200000108 201000034 73 
2020-12-02T16:27:46.946539+09:00 0 0 경기70사6582 3 29 200000108 277103221 28 
2020-12-02T16:27:46.946553+09:00 0 0 경기70바5358 3 40 200000108 121000971 45 
2020-12-02T16:27:46.946567+09:00 0 0 경기70바5372 3 43 200000108 200000100 62 
2020-12-02T16:27:46.946581+09:00 0 0 경기70바5367 3 35 200000108 220000011 49 
2020-12-02T16:27:46.946594+09:00 0 0 경기70사6520 3 41 200000108 201000031 9 
2020-12-02T16:28:46.690694+09:00 0 0 경기70바3760 3 41 200000108 201000447 81 
2020-12-02T16:28:46.690756+09:00 0 0 경기70바5370 3 44 200000108 121000520 37 
2020-12-02T16:28:46.690778+09:00 0 0 경기70사6582 3 29 200000108 277103221 28 
2020-12-02T16:28:46.690794+09:00 0 0 경기70사6556 3 49 200000108 201000034 73 
2020-12-02T16:28:46.690811+09:00 0 0 경기70사6504 3 38 200000108 200000106 21 
2020-12-02T16:28:46.690826+09:00 0 0 경기70바5372 3 43 200000108 200000100 62 
2020-12-02T16:28:46.690840+09:00 0 0 경기70바5367 3 35 200000108 220000011 49 
2020-12-02T16:28:46.690865+09:00 0 0 경기70바5358 3 40 200000108 121000971 45 
2020-12-02T16:28:46.690878+09:00 0 0 경기70사6520 3 41 200000108 201000030 10 
2020-12-02T16:29:46.644303+09:00 0 0 경기70바3760 3 41 200000108 201000447 81 
2020-12-02T16:29:46.644363+09:00 0 0 경기70바5370 3 44 200000108 121000520 37 
2020-12-02T16:29:46.644383+09:00 0 0 경기70사6504 3 38 200000108 200000106 21 
2020-12-02T16:29:46.644399+09:00 0 0 경기70사6582 3 29 200000108 277103159 29 
2020-12-02T16:29:46.644416+09:00 0 0 경기70사6556 3 49 200000108 201000470 76 
2020-12-02T16:29:46.644432+09:00 0 0 경기70사6520 3 41 200000108 201000188 12 
2020-12-02T16:29:46.644446+09:00 0 0 경기70바5367 3 35 200000108 220000011 49 
2020-12-02T16:29:46.644460+09:00 0 0 경기70바5372 3 45 200000108 200000098 64 
2020-12-02T16:29:46.644473+09:00 0 0 경기70바5358 3 40 200000108 121000971 45 
2020-12-02T16:30:45.968122+09:00 0 0 경기70바3760 3 41 200000108 201000447 81 
2020-12-02T16:30:45.968178+09:00 0 0 경기70사6556 3 49 200000108 201000470 76 
2020-12-02T16:30:45.968198+09:00 0 0 경기70바5370 3 44 200000108 121000060 38 
2020-12-02T16:30:45.968214+09:00 0 0 경기70사6504 3 36 200000108 200000105 22 
2020-12-02T16:30:45.968231+09:00 0 0 경기70사6582 3 29 200000108 277103200 30 
2020-12-02T16:30:45.968246+09:00 0 0 경기70바5358 3 40 200000108 121000971 45 
2020-12-02T16:30:45.968260+09:00 0 0 경기70바5372 3 45 200000108 200000097 65 
2020-12-02T16:30:45.968274+09:00 0 0 경기70사6520 3 41 200000108 201000188 12 
2020-12-02T16:30:45.968287+09:00 0 0 경기70바5367 3 35 200000108 277103204 50 
2020-12-02T16:31:45.782047+09:00 0 0 경기70바3760 3 41 200000108 201000447 81 
2020-12-02T16:31:45.782107+09:00 0 0 경기70사6504 3 36 200000108 200000105 22 
2020-12-02T16:31:45.782126+09:00 0 0 경기70바5370 3 44 200000108 121000060 38 
2020-12-02T16:31:45.782141+09:00 0 0 경기70사6582 3 29 200000108 277103200 30 
2020-12-02T16:31:45.782157+09:00 0 0 경기70사6556 3 49 200000108 201000470 76 
2020-12-02T16:31:45.782172+09:00 0 0 경기70사6520 3 41 200000108 201000188 12 
2020-12-02T16:31:45.782186+09:00 0 0 경기70바5372 3 45 200000108 200000097 65 
2020-12-02T16:31:45.782199+09:00 0 0 경기70바5358 3 38 200000108 121000220 46 
2020-12-02T16:31:45.782212+09:00 0 0 경기70바5367 3 35 200000108 277103202 51 
2020-12-02T16:32:45.365992+09:00 0 0 경기70바3760 3 41 200000108 201000447 81 
2020-12-02T16:32:45.366056+09:00 0 0 경기70바5370 3 44 200000108 121000060 38 
2020-12-02T16:32:45.366076+09:00 0 0 경기70사6582 3 29 200000108 277103203 31 
2020-12-02T16:32:45.366091+09:00 0 0 경기70사6504 3 33 200000108 200000104 23 
2020-12-02T16:32:45.366108+09:00 0 0 경기70사6556 3 49 200000108 201000217 77 
2020-12-02T16:32:45.366123+09:00 0 0 경기70사6520 3 41 200000108 201000188 12 
2020-12-02T16:32:45.366136+09:00 0 0 경기70바5367 3 35 200000108 277103202 51 
2020-12-02T16:32:45.366150+09:00 0 0 경기70바5372 3 47 200000108 200000096 66 
2020-12-02T16:32:45.366163+09:00 0 0 경기70바5358 3 38 200000108 121000220 46 
2020-12-02T16:33:45.009946+09:00 0 0 경기70바3760 3 41 200000108 201000447 81 
2020-12-02T16:33:45.010014+09:00 0 0 경기70사6504 3 33 200000108 200000104 23 
2020-12-02T16:33:45.010035+09:00 0 0 경기70사6556 3 49 200000108 201000217 77 
2020-12-02T16:33:45.010051+09:00 0 0 경기70사6582 3 29 200000108 277103205 32 
2020-12-02T16:33:45.010067+09:00 0 0 경기70바5370 3 44 200000108 121000929 39 
2020-12-02T16:33:45.010083+09:00 0 0 경기70바5358 3 38 200000108 121000220 46 
2020-12-02T16:33:45.010096+09:00 0 0 경기70바5367 3 35 200000108 277103201 52 
2020-12-02T16:33:45.010110+09:00 0 0 경기70사6520 3 41 200000108 202000255 13 
2020-12-02T16:33:45.010123+09:00 0 0 경기70바5372 3 48 200000108 200000096 66 
2020-12-02T16:34:44.963842+09:00 0 0 경기70바3760 3 41 200000108 201000447 81 
2020-12-02T16:34:44.963904+09:00 0 0 경기70바5370 3 42 200000108 121000929 39 
2020-12-02T16:34:44.963924+09:00 0 0 경기70사6556 3 49 200000108 201000217 77 
2020-12-02T16:34:44.963940+09:00 0 0 경기70사6582 3 29 200000108 277103205 32 
2020-12-02T16:34:44.963956+09:00 0 0 경기70사6504 3 33 200000108 200000094 25 
2020-12-02T16:34:44.963970+09:00 0 0 경기70사6520 3 41 200000108 202000255 13 
2020-12-02T16:34:44.963984+09:00 0 0 경기70바5367 3 35 200000108 277103201 52 
2020-12-02T16:34:44.963997+09:00 0 0 경기70바5358 3 38 200000108 121000220 46 
2020-12-02T16:34:44.964010+09:00 0 0 경기70바5372 3 48 200000108 200000089 67 
2020-12-02T16:35:44.107865+09:00 0 0 경기70바5370 3 42 200000108 121000929 39 
2020-12-02T16:35:44.107928+09:00 0 0 경기70사6556 3 49 200000108 201000217 77 
2020-12-02T16:35:44.107948+09:00 0 0 경기70사6504 3 32 200000108 200000094 25 
2020-12-02T16:35:44.107964+09:00 0 0 경기70사6582 3 33 200000108 220000018 33 
2020-12-02T16:35:44.107980+09:00 0 0 경기70사6500 3 41 200000108 201000446 2 
2020-12-02T16:35:44.107995+09:00 0 0 경기70바5358 3 38 200000108 121000220 46 
2020-12-02T16:35:44.108009+09:00 0 0 경기70바5372 3 48 200000108 200000089 67 
2020-12-02T16:35:44.108023+09:00 0 0 경기70바5367 3 35 200000108 277103158 53 
2020-12-02T16:35:44.108036+09:00 0 0 경기70사6520 3 41 200000108 202000247 14 
2020-12-02T16:36:43.331700+09:00 0 0 경기70사6500 3 41 200000108 201000446 2 
2020-12-02T16:36:43.331763+09:00 0 0 경기70바5370 3 42 200000108 277104257 40 
2020-12-02T16:36:43.331783+09:00 0 0 경기70사6582 3 33 200000108 220000018 33 
2020-12-02T16:36:43.331799+09:00 0 0 경기70사6556 3 49 200000108 201000157 78 
2020-12-02T16:36:43.331815+09:00 0 0 경기70사6504 3 32 200000108 200000094 25 
2020-12-02T16:36:43.331830+09:00 0 0 경기70바5372 3 48 200000108 200000089 67 
2020-12-02T16:36:43.331845+09:00 0 0 경기70사6520 3 41 200000108 202000247 14 
2020-12-02T16:36:43.331858+09:00 0 0 경기70바5367 3 35 200000108 277103220 54 
2020-12-02T16:36:43.331872+09:00 0 0 경기70바5358 3 38 200000108 121000220 46 
2020-12-02T16:37:43.036188+09:00 0 0 경기70사6500 3 41 200000108 201000446 2 
2020-12-02T16:37:43.036253+09:00 0 0 경기70사6582 3 33 200000108 220000018 33 
2020-12-02T16:37:43.036274+09:00 0 0 경기70사6556 3 49 200000108 201000468 79 
2020-12-02T16:37:43.036291+09:00 0 0 경기70사6504 3 32 200000108 277103323 26 
2020-12-02T16:37:43.036309+09:00 0 0 경기70바5370 3 42 200000108 277104257 40 
2020-12-02T16:37:43.036331+09:00 0 0 경기70바5358 3 38 200000108 121000220 46 
2020-12-02T16:37:43.036346+09:00 0 0 경기70사6520 3 41 200000108 202000247 14 
2020-12-02T16:37:43.036360+09:00 0 0 경기70바5372 3 48 200000108 202000246 68 
2020-12-02T16:37:43.036373+09:00 0 0 경기70바5367 3 35 200000108 277103220 54 
2020-12-02T16:38:42.919736+09:00 0 0 경기70사6582 3 33 200000108 220000018 33 
2020-12-02T16:38:42.919799+09:00 0 0 경기70바5370 3 42 200000108 121000921 41 
2020-12-02T16:38:42.919819+09:00 0 0 경기70사6556 3 49 200000108 201000468 79 
2020-12-02T16:38:42.919834+09:00 0 0 경기70사6504 3 32 200000108 277103323 26 
2020-12-02T16:38:42.919850+09:00 0 0 경기70사6500 3 41 200000108 201000446 2 
2020-12-02T16:38:42.919865+09:00 0 0 경기70바5358 3 38 200000108 121000220 46 
2020-12-02T16:38:42.919879+09:00 0 0 경기70바5372 3 48 200000108 202000245 69 
2020-12-02T16:38:42.919893+09:00 0 0 경기70바5367 3 35 200000108 226000038 55 
2020-12-02T16:38:42.919906+09:00 0 0 경기70사6520 3 41 200000108 202000247 14 
2020-12-02T16:39:41.993582+09:00 0 0 경기70사6556 3 49 200000108 201000468 79 
2020-12-02T16:39:41.993644+09:00 0 0 경기70사6500 3 41 200000108 201000469 3 
2020-12-02T16:39:41.993665+09:00 0 0 경기70사6582 3 33 200000108 121000210 34 
2020-12-02T16:39:41.993681+09:00 0 0 경기70바5370 3 42 200000108 277101696 42 
2020-12-02T16:39:41.993698+09:00 0 0 경기70사6504 3 32 200000108 277103323 26 
2020-12-02T16:39:41.993714+09:00 0 0 경기70사6520 3 41 200000108 200000092 15 
2020-12-02T16:39:41.993728+09:00 0 0 경기70바5358 3 38 200000108 121000223 47 
2020-12-02T16:39:41.993742+09:00 0 0 경기70바5372 3 48 200000108 201000187 70 
2020-12-02T16:39:41.993756+09:00 0 0 경기70바5367 3 36 200000108 226000038 55 
2020-12-02T16:40:41.487568+09:00 0 0 경기70사6504 3 32 200000108 226000039 27 
2020-12-02T16:40:41.487629+09:00 0 0 경기70바5370 3 40 200000108 121000920 43 
2020-12-02T16:40:41.487648+09:00 0 0 경기70사6500 3 41 200000108 201000125 4 
2020-12-02T16:40:41.487664+09:00 0 0 경기70사6582 3 33 200000108 121000210 34 
2020-12-02T16:40:41.487680+09:00 0 0 경기70사6556 3 49 200000108 201000447 81 
2020-12-02T16:40:41.487695+09:00 0 0 경기70사6520 3 41 200000108 200000111 16 
2020-12-02T16:40:41.487708+09:00 0 0 경기70바5372 3 48 200000108 201000186 71 
2020-12-02T16:40:41.487722+09:00 0 0 경기70바5358 3 36 200000108 121000223 47 
2020-12-02T16:40:41.487736+09:00 0 0 경기70바5367 3 36 200000108 226000038 55 
2020-12-02T16:41:40.741490+09:00 0 0 경기70바5370 3 40 200000108 121000920 43 
2020-12-02T16:41:40.741552+09:00 0 0 경기70사6500 3 41 200000108 201000125 4 
2020-12-02T16:41:40.741573+09:00 0 0 경기70사6582 3 33 200000108 277102784 35 
2020-12-02T16:41:40.741588+09:00 0 0 경기70사6504 3 31 200000108 226000039 27 
2020-12-02T16:41:40.741604+09:00 0 0 경기70바5372 3 48 200000108 201000186 71 
2020-12-02T16:41:40.741618+09:00 0 0 경기70사6520 3 41 200000108 200000111 16 
2020-12-02T16:41:40.741632+09:00 0 0 경기70바5358 3 36 200000108 121000223 47 
2020-12-02T16:41:40.741646+09:00 0 0 경기70바5367 3 36 200000108 277103314 56 
2020-12-02T16:42:40.455480+09:00 0 0 경기70사6582 3 33 200000108 277102784 35 
2020-12-02T16:42:40.455540+09:00 0 0 경기70사6500 3 41 200000108 201000125 4 
2020-12-02T16:42:40.455560+09:00 0 0 경기70바5370 3 40 200000108 121000920 43 
2020-12-02T16:42:40.455577+09:00 0 0 경기70사6504 3 31 200000108 226000039 27 
2020-12-02T16:42:40.455593+09:00 0 0 경기70바5367 3 36 200000108 277103314 56 
2020-12-02T16:42:40.455625+09:00 0 0 경기70바5358 3 36 200000108 121000209 48 
2020-12-02T16:42:40.455643+09:00 0 0 경기70바5372 3 49 200000108 201000035 72 
2020-12-02T16:42:40.455658+09:00 0 0 경기70사6520 3 41 200000108 200000110 17 
2020-12-02T16:43:40.409593+09:00 0 0 경기70사6582 3 33 200000108 277102784 35 
2020-12-02T16:43:40.409655+09:00 0 0 경기70사6500 3 41 200000108 201000125 4 
2020-12-02T16:43:40.409678+09:00 0 0 경기70바5370 3 40 200000108 121000056 44 
2020-12-02T16:43:40.409694+09:00 0 0 경기70사6504 3 31 200000108 277103221 28 
2020-12-02T16:43:40.409710+09:00 0 0 경기70바5367 3 36 200000108 277103314 56 
2020-12-02T16:43:40.409725+09:00 0 0 경기70사6520 3 40 200000108 200000110 17 
2020-12-02T16:43:40.409739+09:00 0 0 경기70바5372 3 49 200000108 201000035 72 
2020-12-02T16:43:40.409753+09:00 0 0 경기70바5358 3 36 200000108 121000209 48 
2020-12-02T16:44:39.883576+09:00 0 0 경기70사6504 3 31 200000108 277103221 28 
2020-12-02T16:44:39.883639+09:00 0 0 경기70사6582 3 33 200000108 121000520 37 
2020-12-02T16:44:39.883659+09:00 0 0 경기70사6500 3 41 200000108 201000218 5 
2020-12-02T16:44:39.883674+09:00 0 0 경기70바5370 3 37 200000108 121000971 45 
2020-12-02T16:44:39.883691+09:00 0 0 경기70바5367 3 36 200000108 277103314 56 
2020-12-02T16:44:39.883705+09:00 0 0 경기70바5358 3 36 200000108 121000209 48 
2020-12-02T16:44:39.883719+09:00 0 0 경기70바5372 3 49 200000108 201000034 73 
2020-12-02T16:44:39.883733+09:00 0 0 경기70사6520 3 39 200000108 200000099 19 
2020-12-02T16:45:39.667554+09:00 0 0 경기70바5370 3 37 200000108 121000971 45 
2020-12-02T16:45:39.667615+09:00 0 0 경기70사6582 3 32 200000108 121000520 37 
2020-12-02T16:45:39.667635+09:00 0 0 경기70사6504 3 31 200000108 277103159 29 
2020-12-02T16:45:39.667652+09:00 0 0 경기70사6500 3 41 200000108 201000218 5 
2020-12-02T16:45:39.667669+09:00 0 0 경기70바5372 3 49 200000108 201000252 75 
2020-12-02T16:45:39.667684+09:00 0 0 경기70사6520 3 38 200000108 200000107 20 
2020-12-02T16:45:39.667698+09:00 0 0 경기70바5358 3 36 200000108 220000011 49 
2020-12-02T16:45:39.667712+09:00 0 0 경기70바5367 3 36 200000108 277103314 56 
