200000109 2020-12-02T00:00:29.570012+09:00
2020-12-02T14:23:32.354236+09:00 0 0 경기70바5436 3 41 200000109 209000152 22 
2020-12-02T14:23:32.354302+09:00 0 0 경기70사6594 3 28 200000109 201000403 39 
2020-12-02T14:23:32.354326+09:00 0 0 경기70사6585 3 26 200000109 228002017 30 
2020-12-02T14:23:32.354345+09:00 0 0 경기70사6591 3 26 200000109 203000042 11 
2020-12-02T14:24:32.188282+09:00 0 0 경기70바5436 3 41 200000109 209000152 22 
2020-12-02T14:24:32.188346+09:00 0 0 경기70사6585 3 26 200000109 228002017 30 
2020-12-02T14:24:32.188366+09:00 0 0 경기70사6591 3 26 200000109 203000339 12 
2020-12-02T14:24:32.188382+09:00 0 0 경기70사6594 3 28 200000109 201000403 39 
2020-12-02T14:25:31.622300+09:00 0 0 경기70바5436 3 41 200000109 209000152 22 
2020-12-02T14:25:31.622361+09:00 0 0 경기70사6591 3 26 200000109 203000339 12 
2020-12-02T14:25:31.622380+09:00 0 0 경기70사6594 3 28 200000109 201000403 39 
2020-12-02T14:25:31.622396+09:00 0 0 경기70사6585 3 26 200000109 203000319 31 
2020-12-02T14:26:31.346390+09:00 0 0 경기70바5436 3 41 200000109 209000151 23 
2020-12-02T14:26:31.346453+09:00 0 0 경기70사6591 3 26 200000109 203000339 12 
2020-12-02T14:26:31.346474+09:00 0 0 경기70사6594 3 28 200000109 201000403 39 
2020-12-02T14:26:31.346490+09:00 0 0 경기70사6585 3 26 200000109 203000319 31 
2020-12-02T14:27:31.140516+09:00 0 0 경기70바5436 3 41 200000109 209000151 23 
2020-12-02T14:27:31.140576+09:00 0 0 경기70사6594 3 28 200000109 201000403 39 
2020-12-02T14:27:31.140597+09:00 0 0 경기70사6585 3 26 200000109 203000319 31 
2020-12-02T14:27:31.140612+09:00 0 0 경기70사6591 3 26 200000109 203000320 13 
2020-12-02T14:28:30.764978+09:00 0 0 경기70바5436 3 41 200000109 209000151 23 
2020-12-02T14:28:30.765079+09:00 0 0 경기70사6594 3 28 200000109 201000403 39 
2020-12-02T14:28:30.765105+09:00 0 0 경기70사6585 3 26 200000109 203000319 31 
2020-12-02T14:28:30.765122+09:00 0 0 경기70사6591 3 26 200000109 203000320 13 
2020-12-02T14:29:29.778638+09:00 0 0 경기70바5436 3 41 200000109 226000056 24 
2020-12-02T14:29:29.778702+09:00 0 0 경기70사6585 3 26 200000109 203000319 31 
2020-12-02T14:29:29.778723+09:00 0 0 경기70사6591 3 26 200000109 228002018 14 
2020-12-02T14:29:29.778739+09:00 0 0 경기70사6594 3 28 200000109 201000430 40 
2020-12-02T14:30:29.372776+09:00 0 0 경기70바5436 3 41 200000109 226000117 25 
2020-12-02T14:30:29.372838+09:00 0 0 경기70사6585 3 27 200000109 203000340 32 
2020-12-02T14:30:29.372860+09:00 0 0 경기70사6591 3 26 200000109 228002018 14 
2020-12-02T14:30:29.372877+09:00 0 0 경기70사6594 3 28 200000109 201000268 41 
2020-12-02T14:31:28.546875+09:00 0 0 경기70바5436 3 41 200000109 226000117 25 
2020-12-02T14:31:28.546935+09:00 0 0 경기70사6585 3 27 200000109 203000340 32 
2020-12-02T14:31:28.546956+09:00 0 0 경기70사6591 3 26 200000109 228002018 14 
2020-12-02T14:32:28.520905+09:00 0 0 경기70사6592 3 28 200000109 201000200 2 
2020-12-02T14:32:28.520966+09:00 0 0 경기70바5436 3 41 200000109 226000115 26 
2020-12-02T14:32:28.520986+09:00 0 0 경기70사6591 3 26 200000109 228002018 14 
2020-12-02T14:32:28.521002+09:00 0 0 경기70사6585 3 27 200000109 203000340 32 
2020-12-02T14:33:27.925103+09:00 0 0 경기70바5436 3 41 200000109 226000115 26 
2020-12-02T14:33:27.925165+09:00 0 0 경기70사6592 3 28 200000109 201000199 4 
2020-12-02T14:33:27.925185+09:00 0 0 경기70사6585 3 27 200000109 203000041 33 
2020-12-02T14:33:27.925202+09:00 0 0 경기70사6591 3 26 200000109 277103645 15 
2020-12-02T14:34:27.929178+09:00 0 0 경기70바5436 3 41 200000109 226000115 26 
2020-12-02T14:34:27.929241+09:00 0 0 경기70사6592 3 28 200000109 201000199 4 
2020-12-02T14:34:27.929273+09:00 0 0 경기70사6591 3 26 200000109 277103645 15 
2020-12-02T14:34:27.929290+09:00 0 0 경기70사6585 3 27 200000109 202000041 34 
2020-12-02T14:35:27.773243+09:00 0 0 경기70사6592 3 28 200000109 201000382 5 
2020-12-02T14:35:27.773296+09:00 0 0 경기70바5436 3 41 200000109 226000115 26 
2020-12-02T14:35:27.773318+09:00 0 0 경기70사6591 3 26 200000109 277103645 15 
2020-12-02T14:35:27.773335+09:00 0 0 경기70사6585 3 27 200000109 202000041 34 
2020-12-02T14:36:27.277354+09:00 0 0 경기70사6592 3 28 200000109 201000382 5 
2020-12-02T14:36:27.277417+09:00 0 0 경기70바5436 3 41 200000109 226000115 26 
2020-12-02T14:36:27.277438+09:00 0 0 경기70사6591 3 26 200000109 277103724 16 
2020-12-02T14:36:27.277454+09:00 0 0 경기70사6585 3 27 200000109 202000092 35 
2020-12-02T14:37:27.171480+09:00 0 0 경기70바5436 3 41 200000109 277104450 27 
2020-12-02T14:37:27.171540+09:00 0 0 경기70사6592 3 28 200000109 201000382 5 
2020-12-02T14:37:27.171560+09:00 0 0 경기70사6585 3 27 200000109 202000092 35 
2020-12-02T14:37:27.171576+09:00 0 0 경기70사6591 3 26 200000109 277103724 16 
2020-12-02T14:38:26.765492+09:00 0 0 경기70바5436 3 41 200000109 277104450 27 
2020-12-02T14:38:26.765541+09:00 0 0 경기70사6592 3 28 200000109 201000382 5 
2020-12-02T14:38:26.765562+09:00 0 0 경기70사6585 3 27 200000109 202000092 35 
2020-12-02T14:38:26.765577+09:00 0 0 경기70사6591 3 26 200000109 277103724 16 
2020-12-02T14:39:26.299661+09:00 0 0 경기70바5436 3 41 200000109 277104450 27 
2020-12-02T14:39:26.299724+09:00 0 0 경기70사6592 3 28 200000109 202000020 6 
2020-12-02T14:39:26.299743+09:00 0 0 경기70사6585 3 27 200000109 202000092 35 
2020-12-02T14:39:26.299759+09:00 0 0 경기70사6591 3 26 200000109 277103724 16 
2020-12-02T14:40:25.833742+09:00 0 0 경기70사6592 3 28 200000109 202000019 7 
2020-12-02T14:40:25.833804+09:00 0 0 경기70바5436 3 41 200000109 277104450 27 
2020-12-02T14:40:25.833824+09:00 0 0 경기70사6591 3 26 200000109 277104451 17 
2020-12-02T14:40:25.833841+09:00 0 0 경기70사6585 3 27 200000109 202000092 35 
2020-12-02T14:41:25.757962+09:00 0 0 경기70사6592 3 28 200000109 202000019 7 
2020-12-02T14:41:25.758041+09:00 0 0 경기70바5436 3 41 200000109 277103723 28 
2020-12-02T14:41:25.758064+09:00 0 0 경기70사6585 3 27 200000109 202000092 35 
2020-12-02T14:41:25.758083+09:00 0 0 경기70사6591 3 26 200000109 277101960 18 
2020-12-02T14:42:25.482208+09:00 0 0 경기70바5436 3 41 200000109 277103723 28 
2020-12-02T14:42:25.482271+09:00 0 0 경기70사6592 3 28 200000109 202000019 7 
2020-12-02T14:42:25.482291+09:00 0 0 경기70사6591 3 26 200000109 277101960 18 
2020-12-02T14:42:25.482307+09:00 0 0 경기70사6585 3 28 200000109 202000012 36 
2020-12-02T14:43:25.166407+09:00 0 0 경기70바5436 3 41 200000109 277103723 28 
2020-12-02T14:43:25.166473+09:00 0 0 경기70사6592 3 28 200000109 202000018 8 
2020-12-02T14:43:25.166493+09:00 0 0 경기70사6585 3 28 200000109 202000012 36 
2020-12-02T14:43:25.166512+09:00 0 0 경기70사6591 3 26 200000109 277101960 18 
2020-12-02T14:44:24.420639+09:00 0 0 경기70바5436 3 41 200000109 277103644 29 
2020-12-02T14:44:24.420701+09:00 0 0 경기70사6592 3 28 200000109 202000091 9 
2020-12-02T14:44:24.420721+09:00 0 0 경기70사6585 3 28 200000109 202000012 36 
2020-12-02T14:44:24.420737+09:00 0 0 경기70사6591 3 26 200000109 226000120 19 
2020-12-02T14:45:24.134870+09:00 0 0 경기70바5436 3 41 200000109 277103644 29 
2020-12-02T14:45:24.134936+09:00 0 0 경기70사6592 3 28 200000109 202000091 9 
2020-12-02T14:45:24.134957+09:00 0 0 경기70사6585 3 28 200000109 202000010 38 
2020-12-02T14:45:24.134973+09:00 0 0 경기70사6591 3 26 200000109 226000118 20 
2020-12-02T14:46:23.358932+09:00 0 0 경기70바5436 3 41 200000109 277103644 29 
2020-12-02T14:46:23.358981+09:00 0 0 경기70사6592 3 28 200000109 202000091 9 
2020-12-02T14:46:23.359001+09:00 0 0 경기70사6591 3 26 200000109 226000118 20 
2020-12-02T14:46:23.359016+09:00 0 0 경기70사6585 3 28 200000109 202000010 38 
2020-12-02T14:47:23.213173+09:00 0 0 경기70바5436 3 41 200000109 277103644 29 
2020-12-02T14:47:23.213236+09:00 0 0 경기70사6592 3 28 200000109 202000042 10 
2020-12-02T14:47:23.213257+09:00 0 0 경기70사6585 3 28 200000109 202000010 38 
2020-12-02T14:47:23.213273+09:00 0 0 경기70사6591 3 26 200000109 226000057 21 
2020-12-02T14:48:23.247402+09:00 0 0 경기70사6592 3 28 200000109 202000042 10 
2020-12-02T14:48:23.247464+09:00 0 0 경기70바5436 3 41 200000109 228002017 30 
2020-12-02T14:48:23.247484+09:00 0 0 경기70사6591 3 26 200000109 226000057 21 
2020-12-02T14:48:23.247500+09:00 0 0 경기70사6585 3 28 200000109 202000010 38 
2020-12-02T14:49:22.531567+09:00 0 0 경기70바5436 3 41 200000109 228002017 30 
2020-12-02T14:49:22.531624+09:00 0 0 경기70사6592 3 28 200000109 202000042 10 
2020-12-02T14:49:22.531644+09:00 0 0 경기70사6585 3 28 200000109 201000403 39 
2020-12-02T14:49:22.531660+09:00 0 0 경기70사6591 3 26 200000109 209000152 22 
2020-12-02T14:50:22.355670+09:00 0 0 경기70바5436 3 41 200000109 228002017 30 
2020-12-02T14:50:22.355733+09:00 0 0 경기70사6592 3 28 200000109 203000042 11 
2020-12-02T14:50:22.355754+09:00 0 0 경기70사6585 3 28 200000109 201000403 39 
2020-12-02T14:50:22.355770+09:00 0 0 경기70사6591 3 28 200000109 209000152 22 
2020-12-02T14:51:21.999819+09:00 0 0 경기70바5436 3 40 200000109 203000319 31 
2020-12-02T14:51:21.999877+09:00 0 0 경기70사6592 3 28 200000109 203000042 11 
2020-12-02T14:51:21.999897+09:00 0 0 경기70사6591 3 28 200000109 209000152 22 
2020-12-02T14:51:21.999920+09:00 0 0 경기70사6585 3 28 200000109 201000403 39 
2020-12-02T14:52:20.893969+09:00 0 0 경기70바5436 3 40 200000109 203000319 31 
2020-12-02T14:52:20.894033+09:00 0 0 경기70사6592 3 28 200000109 203000042 11 
2020-12-02T14:52:20.894053+09:00 0 0 경기70사6591 3 28 200000109 209000152 22 
2020-12-02T14:52:20.894073+09:00 0 0 경기70사6585 3 28 200000109 201000403 39 
2020-12-02T14:53:20.697997+09:00 0 0 경기70바5436 3 40 200000109 203000319 31 
2020-12-02T14:53:20.698043+09:00 0 0 경기70사6592 3 28 200000109 203000339 12 
2020-12-02T14:53:20.698064+09:00 0 0 경기70사6591 3 28 200000109 209000151 23 
2020-12-02T14:53:20.698080+09:00 0 0 경기70사6585 3 28 200000109 201000430 40 
2020-12-02T14:54:19.992318+09:00 0 0 경기70사6592 3 28 200000109 203000339 12 
2020-12-02T14:54:19.992380+09:00 0 0 경기70바5436 3 40 200000109 203000340 32 
2020-12-02T14:54:19.992400+09:00 0 0 경기70사6591 3 26 200000109 209000151 23 
2020-12-02T14:54:19.992415+09:00 0 0 경기70사6585 3 28 200000109 201000430 40 
2020-12-02T14:55:19.326469+09:00 0 0 경기70사6592 3 28 200000109 203000339 12 
2020-12-02T14:55:19.326532+09:00 0 0 경기70바5436 3 40 200000109 203000340 32 
2020-12-02T14:55:19.326554+09:00 0 0 경기70사6591 3 26 200000109 209000151 23 
2020-12-02T14:55:19.326571+09:00 0 0 경기70사6585 3 28 200000109 201000268 41 
2020-12-02T14:56:19.320579+09:00 0 0 경기70사6592 3 28 200000109 203000320 13 
2020-12-02T14:56:19.320644+09:00 0 0 경기70바5436 3 40 200000109 203000340 32 
2020-12-02T14:56:19.320665+09:00 0 0 경기70사6585 3 28 200000109 201000268 41 
2020-12-02T14:56:19.320681+09:00 0 0 경기70사6591 3 26 200000109 209000151 23 
2020-12-02T14:57:19.274650+09:00 0 0 경기70사6592 3 28 200000109 203000320 13 
2020-12-02T14:57:19.274712+09:00 0 0 경기70바5436 3 39 200000109 203000041 33 
2020-12-02T14:57:19.274733+09:00 0 0 경기70사6585 3 28 200000109 201000268 41 
2020-12-02T14:57:19.274749+09:00 0 0 경기70사6591 3 26 200000109 226000056 24 
2020-12-02T14:58:18.588838+09:00 0 0 경기70바5436 3 39 200000109 202000041 34 
2020-12-02T14:58:18.588902+09:00 0 0 경기70사6592 3 28 200000109 203000320 13 
2020-12-02T14:58:18.588922+09:00 0 0 경기70사6585 3 28 200000109 201000268 41 
2020-12-02T14:58:18.588938+09:00 0 0 경기70사6591 3 26 200000109 226000056 24 
2020-12-02T14:59:18.582960+09:00 0 0 경기70바5436 3 39 200000109 202000041 34 
2020-12-02T14:59:18.583025+09:00 0 0 경기70사6592 3 28 200000109 228002018 14 
2020-12-02T14:59:18.583045+09:00 0 0 경기70사6585 3 28 200000109 201000268 41 
2020-12-02T14:59:18.583061+09:00 0 0 경기70사6591 3 26 200000109 226000117 25 
2020-12-02T15:00:17.817108+09:00 0 0 경기70사6592 3 28 200000109 228002018 14 
2020-12-02T15:00:17.817172+09:00 0 0 경기70바5436 3 39 200000109 202000092 35 
2020-12-02T15:00:17.817192+09:00 0 0 경기70사6585 3 28 200000109 201000268 41 
2020-12-02T15:00:17.817208+09:00 0 0 경기70사6591 3 26 200000109 226000115 26 
2020-12-02T15:01:17.761311+09:00 0 0 경기70사6592 3 28 200000109 228002018 14 
2020-12-02T15:01:17.761373+09:00 0 0 경기70바5436 3 39 200000109 202000092 35 
2020-12-02T15:01:17.761394+09:00 0 0 경기70사6585 3 28 200000109 201000268 41 
2020-12-02T15:01:17.761410+09:00 0 0 경기70사6591 3 26 200000109 226000115 26 
2020-12-02T15:02:17.055380+09:00 0 0 경기70사6592 3 28 200000109 228002018 14 
2020-12-02T15:02:17.055445+09:00 0 0 경기70바5436 3 39 200000109 202000092 35 
2020-12-02T15:02:17.055465+09:00 0 0 경기70사6585 3 28 200000109 201000268 41 
2020-12-02T15:02:17.055482+09:00 0 0 경기70사6591 3 26 200000109 226000115 26 
2020-12-02T15:03:16.649586+09:00 0 0 경기70바5436 3 39 200000109 202000092 35 
2020-12-02T15:03:16.649651+09:00 0 0 경기70사6592 3 28 200000109 277103645 15 
2020-12-02T15:03:16.649672+09:00 0 0 경기70사6585 3 28 200000109 201000268 41 
2020-12-02T15:03:16.649688+09:00 0 0 경기70사6591 3 26 200000109 226000115 26 
2020-12-02T15:04:16.443548+09:00 0 0 경기70사6592 3 28 200000109 277103645 15 
2020-12-02T15:04:16.443601+09:00 0 0 경기70바5436 3 39 200000109 202000092 35 
2020-12-02T15:04:16.443621+09:00 0 0 경기70사6593 3 20 200000109 201000472 1 
2020-12-02T15:04:16.443637+09:00 0 0 경기70사6585 3 28 200000109 201000268 41 
2020-12-02T15:04:16.443653+09:00 0 0 경기70사6591 3 26 200000109 226000115 26 
2020-12-02T15:05:15.937756+09:00 0 0 경기70바5436 3 39 200000109 202000092 35 
2020-12-02T15:05:15.937820+09:00 0 0 경기70사6593 3 20 200000109 201000200 2 
2020-12-02T15:05:15.937841+09:00 0 0 경기70사6592 3 28 200000109 277103645 15 
2020-12-02T15:05:15.937858+09:00 0 0 경기70사6585 3 28 200000109 201000268 41 
2020-12-02T15:05:15.937874+09:00 0 0 경기70사6591 3 26 200000109 226000115 26 
2020-12-02T15:06:15.731967+09:00 0 0 경기70사6592 3 28 200000109 277103724 16 
2020-12-02T15:06:15.732028+09:00 0 0 경기70사6593 3 20 200000109 201000199 4 
2020-12-02T15:06:15.732049+09:00 0 0 경기70바5436 3 39 200000109 202000012 36 
2020-12-02T15:06:15.732068+09:00 0 0 경기70사6585 3 28 200000109 201000268 41 
2020-12-02T15:06:15.732085+09:00 0 0 경기70사6591 3 26 200000109 277104450 27 
2020-12-02T15:07:15.036130+09:00 0 0 경기70바5436 3 39 200000109 202000012 36 
2020-12-02T15:07:15.036194+09:00 0 0 경기70사6593 3 19 200000109 201000199 4 
2020-12-02T15:07:15.036215+09:00 0 0 경기70사6592 3 28 200000109 277103724 16 
2020-12-02T15:07:15.036231+09:00 0 0 경기70사6585 3 28 200000109 201000268 41 
2020-12-02T15:07:15.036247+09:00 0 0 경기70사6591 3 26 200000109 277104450 27 
2020-12-02T15:08:14.700127+09:00 0 0 경기70바5436 3 39 200000109 202000012 36 
2020-12-02T15:08:14.700183+09:00 0 0 경기70사6592 3 28 200000109 277103724 16 
2020-12-02T15:08:14.700203+09:00 0 0 경기70사6593 3 19 200000109 201000199 4 
2020-12-02T15:08:14.700219+09:00 0 0 경기70사6585 3 28 200000109 201000268 41 
2020-12-02T15:08:14.700235+09:00 0 0 경기70사6591 3 26 200000109 277104450 27 
2020-12-02T15:09:13.904258+09:00 0 0 경기70사6592 3 28 200000109 277103724 16 
2020-12-02T15:09:13.904314+09:00 0 0 경기70사6593 3 19 200000109 201000199 4 
2020-12-02T15:09:13.904335+09:00 0 0 경기70바5436 3 41 200000109 202000011 37 
2020-12-02T15:09:13.904351+09:00 0 0 경기70사6585 3 28 200000109 201000268 41 
2020-12-02T15:09:13.904367+09:00 0 0 경기70사6591 3 26 200000109 277103723 28 
2020-12-02T15:10:13.638402+09:00 0 0 경기70바5436 3 41 200000109 202000010 38 
2020-12-02T15:10:13.638451+09:00 0 0 경기70사6592 3 28 200000109 277104451 17 
2020-12-02T15:10:13.638470+09:00 0 0 경기70사6593 3 19 200000109 201000199 4 
2020-12-02T15:10:13.638486+09:00 0 0 경기70사6591 3 26 200000109 277103723 28 
2020-12-02T15:11:13.532536+09:00 0 0 경기70바5436 3 41 200000109 202000010 38 
2020-12-02T15:11:13.532593+09:00 0 0 경기70사6593 3 19 200000109 201000382 5 
2020-12-02T15:11:13.532612+09:00 0 0 경기70사6592 3 28 200000109 277101960 18 
2020-12-02T15:11:13.532628+09:00 0 0 경기70사6591 3 26 200000109 277103723 28 
2020-12-02T15:12:13.356686+09:00 0 0 경기70사6593 3 19 200000109 201000382 5 
2020-12-02T15:12:13.356750+09:00 0 0 경기70사6592 3 28 200000109 277101960 18 
2020-12-02T15:12:13.356770+09:00 0 0 경기70바5436 3 41 200000109 202000010 38 
2020-12-02T15:12:13.356786+09:00 0 0 경기70사6591 3 26 200000109 277103644 29 
2020-12-02T15:13:13.080823+09:00 0 0 경기70바5436 3 41 200000109 202000010 38 
2020-12-02T15:13:13.080884+09:00 0 0 경기70사6593 3 19 200000109 201000382 5 
2020-12-02T15:13:13.080905+09:00 0 0 경기70사6592 3 28 200000109 277101960 18 
2020-12-02T15:13:13.080921+09:00 0 0 경기70사6591 3 26 200000109 277103644 29 
2020-12-02T15:14:12.864896+09:00 0 0 경기70바5436 3 41 200000109 202000010 38 
2020-12-02T15:14:12.864956+09:00 0 0 경기70사6593 3 19 200000109 201000382 5 
2020-12-02T15:14:12.864976+09:00 0 0 경기70사6592 3 28 200000109 277101960 18 
2020-12-02T15:14:12.864992+09:00 0 0 경기70사6591 3 26 200000109 277103644 29 
2020-12-02T15:15:12.229001+09:00 0 0 경기70바5436 3 41 200000109 202000010 38 
2020-12-02T15:15:12.229097+09:00 0 0 경기70사6593 3 19 200000109 201000382 5 
2020-12-02T15:15:12.229119+09:00 0 0 경기70사6592 3 28 200000109 226000120 19 
2020-12-02T15:15:12.229136+09:00 0 0 경기70사6591 3 26 200000109 277103644 29 
2020-12-02T15:16:11.933110+09:00 0 0 경기70바5436 3 41 200000109 201000403 39 
2020-12-02T15:16:11.933155+09:00 0 0 경기70사6592 3 28 200000109 226000118 20 
2020-12-02T15:16:11.933173+09:00 0 0 경기70사6593 3 19 200000109 202000019 7 
2020-12-02T15:16:11.933189+09:00 0 0 경기70사6591 3 26 200000109 277103644 29 
2020-12-02T15:17:11.827305+09:00 0 0 경기70바5436 3 41 200000109 201000403 39 
2020-12-02T15:17:11.827365+09:00 0 0 경기70사6593 3 19 200000109 202000019 7 
2020-12-02T15:17:11.827385+09:00 0 0 경기70사6592 3 28 200000109 226000118 20 
2020-12-02T15:17:11.827400+09:00 0 0 경기70사6591 3 26 200000109 277103644 29 
2020-12-02T15:18:11.511395+09:00 0 0 경기70사6592 3 28 200000109 226000057 21 
2020-12-02T15:18:11.511456+09:00 0 0 경기70바5436 3 41 200000109 201000403 39 
2020-12-02T15:18:11.511476+09:00 0 0 경기70사6593 3 19 200000109 202000019 7 
2020-12-02T15:18:11.511492+09:00 0 0 경기70사6591 3 26 200000109 228002017 30 
2020-12-02T15:19:11.335630+09:00 0 0 경기70사6592 3 28 200000109 226000057 21 
2020-12-02T15:19:11.335692+09:00 0 0 경기70바5436 3 41 200000109 201000403 39 
2020-12-02T15:19:11.335714+09:00 0 0 경기70사6593 3 19 200000109 202000018 8 
2020-12-02T15:19:11.335730+09:00 0 0 경기70사6591 3 26 200000109 228002017 30 
2020-12-02T15:20:10.319475+09:00 0 0 경기70사6593 3 19 200000109 202000018 8 
2020-12-02T15:20:10.319521+09:00 0 0 경기70사6592 3 28 200000109 226000057 21 
2020-12-02T15:20:10.319540+09:00 0 0 경기70바5436 3 41 200000109 201000403 39 
2020-12-02T15:20:10.319556+09:00 0 0 경기70사6591 3 26 200000109 228002017 30 
2020-12-02T15:21:09.973778+09:00 0 0 경기70사6593 3 19 200000109 202000018 8 
2020-12-02T15:21:09.973840+09:00 0 0 경기70사6592 3 28 200000109 226000057 21 
2020-12-02T15:21:09.973872+09:00 0 0 경기70바5436 3 41 200000109 201000430 40 
2020-12-02T15:21:09.973888+09:00 0 0 경기70사6591 3 26 200000109 203000319 31 
2020-12-02T15:22:09.317718+09:00 0 0 경기70사6592 3 28 200000109 209000152 22 
2020-12-02T15:22:09.317778+09:00 0 0 경기70사6593 3 19 200000109 202000018 8 
2020-12-02T15:22:09.317803+09:00 0 0 경기70바5436 3 41 200000109 201000268 41 
2020-12-02T15:22:09.317819+09:00 0 0 경기70사6591 3 26 200000109 203000319 31 
2020-12-02T15:23:09.231872+09:00 0 0 경기70사6592 3 28 200000109 209000152 22 
2020-12-02T15:23:09.231925+09:00 0 0 경기70사6593 3 19 200000109 202000091 9 
2020-12-02T15:23:09.231948+09:00 0 0 경기70사6591 3 26 200000109 203000340 32 
2020-12-02T15:24:09.206151+09:00 0 0 경기70사6593 3 19 200000109 202000091 9 
2020-12-02T15:24:09.206209+09:00 0 0 경기70사6592 3 28 200000109 209000152 22 
2020-12-02T15:24:09.206228+09:00 0 0 경기70사6591 3 26 200000109 203000340 32 
2020-12-02T15:25:08.980249+09:00 0 0 경기70사6593 3 19 200000109 202000091 9 
2020-12-02T15:25:08.980312+09:00 0 0 경기70사6592 3 28 200000109 209000152 22 
2020-12-02T15:25:08.980334+09:00 0 0 경기70사6591 3 26 200000109 203000340 32 
2020-12-02T15:26:08.604297+09:00 0 0 경기70사6592 3 28 200000109 209000152 22 
2020-12-02T15:26:08.604358+09:00 0 0 경기70사6593 3 19 200000109 202000091 9 
2020-12-02T15:26:08.604378+09:00 0 0 경기70사6591 3 26 200000109 203000041 33 
2020-12-02T15:27:07.610684+09:00 0 0 경기70사6592 3 28 200000109 209000152 22 
2020-12-02T15:27:07.610731+09:00 0 0 경기70사6593 3 19 200000109 202000042 10 
2020-12-02T15:27:07.610751+09:00 0 0 경기70사6591 3 26 200000109 203000041 33 
2020-12-02T15:28:07.302478+09:00 0 0 경기70사6592 3 28 200000109 209000152 22 
2020-12-02T15:28:07.302543+09:00 0 0 경기70사6593 3 19 200000109 202000042 10 
2020-12-02T15:28:07.302564+09:00 0 0 경기70사6591 3 26 200000109 202000041 34 
2020-12-02T15:29:06.526810+09:00 0 0 경기70사6592 3 28 200000109 209000152 22 
2020-12-02T15:29:06.526860+09:00 0 0 경기70사6593 3 19 200000109 202000042 10 
2020-12-02T15:29:06.526880+09:00 0 0 경기70사6591 3 26 200000109 202000041 34 
2020-12-02T15:30:06.360851+09:00 0 0 경기70사6592 3 28 200000109 209000152 22 
2020-12-02T15:30:06.360913+09:00 0 0 경기70사6593 3 19 200000109 203000042 11 
2020-12-02T15:30:06.360933+09:00 0 0 경기70사6591 3 26 200000109 202000092 35 
2020-12-02T15:31:05.504823+09:00 0 0 경기70사6592 3 28 200000109 209000152 22 
2020-12-02T15:31:05.504887+09:00 0 0 경기70사6593 3 19 200000109 203000339 12 
2020-12-02T15:31:05.504907+09:00 0 0 경기70사6591 3 26 200000109 202000092 35 
2020-12-02T15:32:05.419014+09:00 0 0 경기70사6592 3 28 200000109 209000152 22 
2020-12-02T15:32:05.419077+09:00 0 0 경기70사6593 3 19 200000109 203000339 12 
2020-12-02T15:32:05.419098+09:00 0 0 경기70사6591 3 26 200000109 202000092 35 
2020-12-02T15:32:05.419114+09:00 0 0 경기70사6594 3 28 200000109 201000200 2 
2020-12-02T15:33:04.453021+09:00 0 0 경기70사6593 3 19 200000109 203000339 12 
2020-12-02T15:33:04.453110+09:00 0 0 경기70사6592 3 28 200000109 209000151 23 
2020-12-02T15:33:04.453130+09:00 0 0 경기70사6591 3 26 200000109 202000092 35 
2020-12-02T15:33:04.453145+09:00 0 0 경기70사6594 3 28 200000109 277102879 3 
2020-12-02T15:34:03.977123+09:00 0 0 경기70사6593 3 19 200000109 203000320 13 
2020-12-02T15:34:03.977177+09:00 0 0 경기70사6592 3 28 200000109 209000151 23 
2020-12-02T15:34:03.977200+09:00 0 0 경기70사6591 3 26 200000109 202000092 35 
2020-12-02T15:34:03.977217+09:00 0 0 경기70사6594 3 28 200000109 201000199 4 
2020-12-02T15:35:03.921277+09:00 0 0 경기70사6593 3 19 200000109 203000320 13 
2020-12-02T15:35:03.921338+09:00 0 0 경기70사6592 3 28 200000109 209000151 23 
2020-12-02T15:35:03.921359+09:00 0 0 경기70사6594 3 28 200000109 201000199 4 
2020-12-02T15:35:03.921376+09:00 0 0 경기70사6591 3 26 200000109 202000092 35 
2020-12-02T15:36:03.615453+09:00 0 0 경기70사6592 3 28 200000109 226000056 24 
2020-12-02T15:36:03.615517+09:00 0 0 경기70사6593 3 19 200000109 228002018 14 
2020-12-02T15:36:03.615537+09:00 0 0 경기70사6594 3 28 200000109 201000199 4 
2020-12-02T15:36:03.615554+09:00 0 0 경기70사6591 3 26 200000109 202000012 36 
2020-12-02T15:37:03.419702+09:00 0 0 경기70사6592 3 28 200000109 226000056 24 
2020-12-02T15:37:03.419764+09:00 0 0 경기70사6593 3 20 200000109 228002018 14 
2020-12-02T15:37:03.419786+09:00 0 0 경기70사6594 3 28 200000109 201000199 4 
2020-12-02T15:37:03.419802+09:00 0 0 경기70사6591 3 26 200000109 202000012 36 
2020-12-02T15:38:02.903701+09:00 0 0 경기70사6592 3 28 200000109 226000056 24 
2020-12-02T15:38:02.903763+09:00 0 0 경기70사6593 3 20 200000109 228002018 14 
2020-12-02T15:38:02.903782+09:00 0 0 경기70사6591 3 26 200000109 202000012 36 
2020-12-02T15:38:02.903798+09:00 0 0 경기70사6594 3 28 200000109 201000382 5 
2020-12-02T15:39:02.587815+09:00 0 0 경기70사6593 3 20 200000109 228002018 14 
2020-12-02T15:39:02.587876+09:00 0 0 경기70사6592 3 28 200000109 226000117 25 
2020-12-02T15:39:02.587898+09:00 0 0 경기70사6594 3 28 200000109 201000382 5 
2020-12-02T15:39:02.587914+09:00 0 0 경기70사6591 3 26 200000109 202000011 37 
2020-12-02T15:40:01.702097+09:00 0 0 경기70사6593 3 20 200000109 228002018 14 
2020-12-02T15:40:01.702165+09:00 0 0 경기70사6592 3 28 200000109 226000117 25 
2020-12-02T15:40:01.702186+09:00 0 0 경기70사6594 3 28 200000109 201000382 5 
2020-12-02T15:40:01.702202+09:00 0 0 경기70사6591 3 28 200000109 202000010 38 
2020-12-02T15:41:01.296082+09:00 0 0 경기70사6592 3 28 200000109 226000117 25 
2020-12-02T15:41:01.296144+09:00 0 0 경기70사6593 3 20 200000109 277103645 15 
2020-12-02T15:41:01.296164+09:00 0 0 경기70사6591 3 28 200000109 202000010 38 
2020-12-02T15:41:01.296180+09:00 0 0 경기70사6594 3 28 200000109 201000382 5 
2020-12-02T15:42:00.840487+09:00 0 0 경기70사6593 3 20 200000109 277103645 15 
2020-12-02T15:42:00.840532+09:00 0 0 경기70사6592 3 28 200000109 226000115 26 
2020-12-02T15:42:00.840552+09:00 0 0 경기70사6594 3 28 200000109 201000382 5 
2020-12-02T15:42:00.840568+09:00 0 0 경기70사6591 3 28 200000109 202000010 38 
2020-12-02T15:43:00.594146+09:00 0 0 경기70사6593 3 20 200000109 277103645 15 
2020-12-02T15:43:00.594202+09:00 0 0 경기70사6592 3 28 200000109 226000115 26 
2020-12-02T15:43:00.594221+09:00 0 0 경기70사6594 3 28 200000109 201000382 5 
2020-12-02T15:43:00.594237+09:00 0 0 경기70사6591 3 28 200000109 202000010 38 
2020-12-02T15:44:00.508376+09:00 0 0 경기70사6593 3 20 200000109 277103724 16 
2020-12-02T15:44:00.508438+09:00 0 0 경기70사6592 3 28 200000109 226000115 26 
2020-12-02T15:44:00.508463+09:00 0 0 경기70사6591 3 28 200000109 202000010 38 
2020-12-02T15:44:00.508479+09:00 0 0 경기70사6594 3 28 200000109 201000382 5 
2020-12-02T15:45:00.112529+09:00 0 0 경기70사6593 3 20 200000109 277103724 16 
2020-12-02T15:45:00.112593+09:00 0 0 경기70사6592 3 28 200000109 277104450 27 
2020-12-02T15:45:00.112614+09:00 0 0 경기70사6591 3 28 200000109 202000010 38 
2020-12-02T15:45:00.112629+09:00 0 0 경기70사6594 3 28 200000109 202000020 6 
2020-12-02T15:45:59.916613+09:00 0 0 경기70사6592 3 28 200000109 277104450 27 
2020-12-02T15:45:59.916675+09:00 0 0 경기70사6593 3 20 200000109 277103724 16 
2020-12-02T15:45:59.916695+09:00 0 0 경기70사6591 3 28 200000109 201000403 39 
2020-12-02T15:45:59.916711+09:00 0 0 경기70사6594 3 27 200000109 202000019 7 
2020-12-02T15:46:59.610685+09:00 0 0 경기70사6593 3 20 200000109 277103724 16 
2020-12-02T15:46:59.610743+09:00 0 0 경기70사6592 3 28 200000109 277104450 27 
2020-12-02T15:46:59.610763+09:00 0 0 경기70사6591 3 28 200000109 201000403 39 
2020-12-02T15:46:59.610778+09:00 0 0 경기70사6594 3 27 200000109 202000019 7 
2020-12-02T15:47:59.565122+09:00 0 0 경기70사6593 3 20 200000109 277103724 16 
2020-12-02T15:47:59.565185+09:00 0 0 경기70사6592 3 28 200000109 277104450 27 
2020-12-02T15:47:59.565205+09:00 0 0 경기70사6594 3 27 200000109 202000019 7 
2020-12-02T15:47:59.565222+09:00 0 0 경기70사6591 3 28 200000109 201000403 39 
2020-12-02T15:48:59.458962+09:00 0 0 경기70사6592 3 28 200000109 277103723 28 
2020-12-02T15:48:59.459020+09:00 0 0 경기70사6593 3 20 200000109 277104451 17 
2020-12-02T15:48:59.459040+09:00 0 0 경기70사6591 3 28 200000109 201000403 39 
2020-12-02T15:48:59.459055+09:00 0 0 경기70사6594 3 27 200000109 202000018 8 
2020-12-02T15:49:58.942985+09:00 0 0 경기70사6592 3 28 200000109 277103723 28 
2020-12-02T15:49:58.943035+09:00 0 0 경기70사6593 3 20 200000109 277104451 17 
2020-12-02T15:49:58.943055+09:00 0 0 경기70사6594 3 27 200000109 202000018 8 
2020-12-02T15:49:58.943071+09:00 0 0 경기70사6591 3 28 200000109 201000403 39 
2020-12-02T15:50:58.837005+09:00 0 0 경기70사6592 3 28 200000109 277103723 28 
2020-12-02T15:50:58.837095+09:00 0 0 경기70사6593 3 20 200000109 277101960 18 
2020-12-02T15:50:58.837117+09:00 0 0 경기70사6591 3 28 200000109 201000430 40 
2020-12-02T15:50:58.837134+09:00 0 0 경기70사6594 3 27 200000109 202000091 9 
2020-12-02T15:51:58.340897+09:00 0 0 경기70사6593 3 20 200000109 277101960 18 
2020-12-02T15:51:58.340955+09:00 0 0 경기70사6592 3 28 200000109 277103644 29 
2020-12-02T15:51:58.340974+09:00 0 0 경기70사6594 3 27 200000109 202000091 9 
2020-12-02T15:51:58.340990+09:00 0 0 경기70사6591 3 28 200000109 201000268 41 
2020-12-02T15:52:58.405348+09:00 0 0 경기70사6592 3 28 200000109 277103644 29 
2020-12-02T15:52:58.405410+09:00 0 0 경기70사6593 3 20 200000109 277101960 18 
2020-12-02T15:52:58.405431+09:00 0 0 경기70사6591 3 28 200000109 201000268 41 
2020-12-02T15:52:58.405446+09:00 0 0 경기70사6594 3 27 200000109 202000042 10 
2020-12-02T15:53:57.939169+09:00 0 0 경기70사6592 3 28 200000109 277103644 29 
2020-12-02T15:53:57.939228+09:00 0 0 경기70사6593 3 20 200000109 226000120 19 
2020-12-02T15:53:57.939251+09:00 0 0 경기70사6594 3 27 200000109 202000042 10 
2020-12-02T15:53:57.939269+09:00 0 0 경기70사6591 3 28 200000109 201000268 41 
2020-12-02T15:54:57.753246+09:00 0 0 경기70사6593 3 20 200000109 226000120 19 
2020-12-02T15:54:57.753302+09:00 0 0 경기70사6592 3 28 200000109 277103644 29 
2020-12-02T15:54:57.753323+09:00 0 0 경기70사6594 3 27 200000109 202000042 10 
2020-12-02T15:55:57.347175+09:00 0 0 경기70사6592 3 28 200000109 277103644 29 
2020-12-02T15:55:57.347237+09:00 0 0 경기70사6593 3 20 200000109 226000118 20 
2020-12-02T15:55:57.347272+09:00 0 0 경기70사6594 3 27 200000109 202000042 10 
2020-12-02T15:56:57.191176+09:00 0 0 경기70사6592 3 28 200000109 277103644 29 
2020-12-02T15:56:57.191239+09:00 0 0 경기70사6593 3 20 200000109 226000057 21 
2020-12-02T15:56:57.191260+09:00 0 0 경기70사6594 3 27 200000109 203000042 11 
2020-12-02T15:57:57.105315+09:00 0 0 경기70사6593 3 20 200000109 226000057 21 
2020-12-02T15:57:57.105375+09:00 0 0 경기70사6592 3 28 200000109 228002017 30 
2020-12-02T15:57:57.105395+09:00 0 0 경기70사6594 3 27 200000109 203000339 12 
2020-12-02T15:58:57.069389+09:00 0 0 경기70사6593 3 20 200000109 226000057 21 
2020-12-02T15:58:57.069453+09:00 0 0 경기70사6592 3 28 200000109 228002017 30 
2020-12-02T15:58:57.069474+09:00 0 0 경기70사6594 3 27 200000109 203000339 12 
2020-12-02T15:59:56.873315+09:00 0 0 경기70사6592 3 28 200000109 228002017 30 
2020-12-02T15:59:56.873373+09:00 0 0 경기70사6593 3 20 200000109 226000057 21 
2020-12-02T15:59:56.873394+09:00 0 0 경기70사6594 3 27 200000109 203000339 12 
2020-12-02T16:00:56.607572+09:00 0 0 경기70사6593 3 20 200000109 226000057 21 
2020-12-02T16:00:56.607637+09:00 0 0 경기70사6592 3 28 200000109 203000319 31 
2020-12-02T16:00:56.607658+09:00 0 0 경기70사6594 3 27 200000109 203000320 13 
2020-12-02T16:01:56.021657+09:00 0 0 경기70사6592 3 28 200000109 203000319 31 
2020-12-02T16:01:56.021718+09:00 0 0 경기70사6593 3 20 200000109 209000152 22 
2020-12-02T16:01:56.021738+09:00 0 0 경기70사6594 3 27 200000109 203000320 13 
2020-12-02T16:01:56.021754+09:00 0 0 경기70사6585 3 28 200000109 201000200 2 
2020-12-02T16:02:55.755718+09:00 0 0 경기70사6593 3 20 200000109 209000152 22 
2020-12-02T16:02:55.755780+09:00 0 0 경기70사6592 3 28 200000109 203000319 31 
2020-12-02T16:02:55.755800+09:00 0 0 경기70사6585 3 28 200000109 277102879 3 
2020-12-02T16:02:55.755816+09:00 0 0 경기70사6594 3 27 200000109 203000320 13 
2020-12-02T16:03:55.559843+09:00 0 0 경기70사6593 3 20 200000109 209000152 22 
2020-12-02T16:03:55.559906+09:00 0 0 경기70사6592 3 28 200000109 203000319 31 
2020-12-02T16:03:55.559930+09:00 0 0 경기70사6585 3 28 200000109 201000199 4 
2020-12-02T16:03:55.559947+09:00 0 0 경기70사6594 3 27 200000109 228002018 14 
2020-12-02T16:04:55.403805+09:00 0 0 경기70사6593 3 20 200000109 209000152 22 
2020-12-02T16:04:55.403865+09:00 0 0 경기70사6592 3 28 200000109 203000319 31 
2020-12-02T16:04:55.403885+09:00 0 0 경기70사6585 3 28 200000109 201000199 4 
2020-12-02T16:04:55.403901+09:00 0 0 경기70사6594 3 27 200000109 228002018 14 
2020-12-02T16:05:55.057968+09:00 0 0 경기70사6593 3 20 200000109 209000152 22 
2020-12-02T16:05:55.058032+09:00 0 0 경기70사6592 3 28 200000109 203000340 32 
2020-12-02T16:05:55.058052+09:00 0 0 경기70사6585 3 28 200000109 201000199 4 
2020-12-02T16:05:55.058067+09:00 0 0 경기70사6594 3 27 200000109 228002018 14 
2020-12-02T16:06:54.541853+09:00 0 0 경기70사6593 3 20 200000109 209000152 22 
2020-12-02T16:06:54.541911+09:00 0 0 경기70사6592 3 28 200000109 203000340 32 
2020-12-02T16:06:54.541931+09:00 0 0 경기70사6585 3 28 200000109 201000199 4 
2020-12-02T16:06:54.541947+09:00 0 0 경기70사6594 3 27 200000109 228002018 14 
2020-12-02T16:07:54.466441+09:00 0 0 경기70사6593 3 20 200000109 209000152 22 
2020-12-02T16:07:54.466503+09:00 0 0 경기70사6592 3 28 200000109 203000340 32 
2020-12-02T16:07:54.466523+09:00 0 0 경기70사6594 3 27 200000109 277103645 15 
2020-12-02T16:07:54.466540+09:00 0 0 경기70사6585 3 28 200000109 201000382 5 
2020-12-02T16:08:54.200224+09:00 0 0 경기70사6593 3 20 200000109 209000152 22 
2020-12-02T16:08:54.200282+09:00 0 0 경기70사6592 3 28 200000109 203000041 33 
2020-12-02T16:08:54.200302+09:00 0 0 경기70사6594 3 27 200000109 277103645 15 
2020-12-02T16:08:54.200318+09:00 0 0 경기70사6585 3 28 200000109 201000382 5 
2020-12-02T16:09:53.794330+09:00 0 0 경기70사6593 3 20 200000109 209000152 22 
2020-12-02T16:09:53.794387+09:00 0 0 경기70사6592 3 28 200000109 203000041 33 
2020-12-02T16:09:53.794406+09:00 0 0 경기70사6594 3 27 200000109 277103645 15 
2020-12-02T16:09:53.794422+09:00 0 0 경기70사6585 3 28 200000109 201000382 5 
2020-12-02T16:10:53.368282+09:00 0 0 경기70사6592 3 28 200000109 202000041 34 
2020-12-02T16:10:53.368344+09:00 0 0 경기70사6593 3 20 200000109 209000151 23 
2020-12-02T16:10:53.368365+09:00 0 0 경기70사6594 3 27 200000109 277103645 15 
2020-12-02T16:10:53.368381+09:00 0 0 경기70사6585 3 28 200000109 201000382 5 
2020-12-02T16:11:53.182571+09:00 0 0 경기70사6593 3 20 200000109 209000151 23 
2020-12-02T16:11:53.182631+09:00 0 0 경기70사6592 3 28 200000109 202000041 34 
2020-12-02T16:11:53.182651+09:00 0 0 경기70사6594 3 27 200000109 277103645 15 
2020-12-02T16:11:53.182667+09:00 0 0 경기70사6585 3 28 200000109 201000382 5 
2020-12-02T16:12:53.186600+09:00 0 0 경기70사6593 3 19 200000109 209000151 23 
2020-12-02T16:12:53.186662+09:00 0 0 경기70사6592 3 28 200000109 202000092 35 
2020-12-02T16:12:53.186682+09:00 0 0 경기70사6585 3 28 200000109 202000020 6 
2020-12-02T16:12:53.186698+09:00 0 0 경기70사6594 3 27 200000109 277103724 16 
2020-12-02T16:13:52.640581+09:00 0 0 경기70사6592 3 28 200000109 202000092 35 
2020-12-02T16:13:52.640619+09:00 0 0 경기70사6593 3 19 200000109 209000151 23 
2020-12-02T16:13:52.640638+09:00 0 0 경기70사6585 3 28 200000109 202000019 7 
2020-12-02T16:13:52.640654+09:00 0 0 경기70사6594 3 27 200000109 277103724 16 
2020-12-02T16:14:52.414795+09:00 0 0 경기70사6592 3 28 200000109 202000092 35 
2020-12-02T16:14:52.414854+09:00 0 0 경기70사6593 3 19 200000109 226000056 24 
2020-12-02T16:14:52.414874+09:00 0 0 경기70사6585 3 28 200000109 202000019 7 
2020-12-02T16:14:52.414896+09:00 0 0 경기70사6594 3 27 200000109 277103724 16 
2020-12-02T16:15:51.548826+09:00 0 0 경기70사6592 3 28 200000109 202000092 35 
2020-12-02T16:15:51.548888+09:00 0 0 경기70사6593 3 19 200000109 226000056 24 
2020-12-02T16:15:51.548909+09:00 0 0 경기70사6594 3 27 200000109 277103724 16 
2020-12-02T16:15:51.548925+09:00 0 0 경기70사6585 3 28 200000109 202000019 7 
2020-12-02T16:16:51.392980+09:00 0 0 경기70사6593 3 19 200000109 226000056 24 
2020-12-02T16:16:51.393124+09:00 0 0 경기70사6592 3 28 200000109 202000092 35 
2020-12-02T16:16:51.393150+09:00 0 0 경기70사6594 3 27 200000109 277103724 16 
2020-12-02T16:16:51.393166+09:00 0 0 경기70사6585 3 28 200000109 202000018 8 
2020-12-02T16:17:51.327086+09:00 0 0 경기70사6593 3 19 200000109 226000117 25 
2020-12-02T16:17:51.327148+09:00 0 0 경기70사6592 3 28 200000109 202000012 36 
2020-12-02T16:17:51.327168+09:00 0 0 경기70사6585 3 28 200000109 202000018 8 
2020-12-02T16:17:51.327184+09:00 0 0 경기70사6594 3 27 200000109 277104451 17 
2020-12-02T16:18:50.741461+09:00 0 0 경기70사6593 3 19 200000109 226000117 25 
2020-12-02T16:18:50.741536+09:00 0 0 경기70사6592 3 28 200000109 202000012 36 
2020-12-02T16:18:50.741560+09:00 0 0 경기70사6585 3 28 200000109 202000018 8 
2020-12-02T16:18:50.741576+09:00 0 0 경기70사6594 3 27 200000109 277101960 18 
2020-12-02T16:19:49.975157+09:00 0 0 경기70사6593 3 19 200000109 226000117 25 
2020-12-02T16:19:49.975220+09:00 0 0 경기70사6592 3 28 200000109 202000012 36 
2020-12-02T16:19:49.975241+09:00 0 0 경기70사6594 3 27 200000109 277101960 18 
2020-12-02T16:19:49.975257+09:00 0 0 경기70사6585 3 28 200000109 202000018 8 
2020-12-02T16:20:49.249311+09:00 0 0 경기70사6593 3 19 200000109 226000115 26 
2020-12-02T16:20:49.249370+09:00 0 0 경기70사6592 3 28 200000109 202000011 37 
2020-12-02T16:20:49.249394+09:00 0 0 경기70사6585 3 28 200000109 202000091 9 
2020-12-02T16:20:49.249412+09:00 0 0 경기70사6594 3 27 200000109 277101960 18 
2020-12-02T16:21:49.193420+09:00 0 0 경기70사6593 3 19 200000109 226000115 26 
2020-12-02T16:21:49.193480+09:00 0 0 경기70사6592 3 28 200000109 202000010 38 
2020-12-02T16:21:49.193500+09:00 0 0 경기70사6585 3 28 200000109 202000091 9 
2020-12-02T16:21:49.193516+09:00 0 0 경기70사6594 3 27 200000109 226000120 19 
2020-12-02T16:22:49.047628+09:00 0 0 경기70사6592 3 28 200000109 202000010 38 
2020-12-02T16:22:49.047690+09:00 0 0 경기70사6593 3 19 200000109 226000115 26 
2020-12-02T16:22:49.047709+09:00 0 0 경기70사6594 3 27 200000109 226000120 19 
2020-12-02T16:22:49.047725+09:00 0 0 경기70사6585 3 28 200000109 202000042 10 
2020-12-02T16:23:48.351447+09:00 0 0 경기70사6592 3 28 200000109 202000010 38 
2020-12-02T16:23:48.351492+09:00 0 0 경기70사6593 3 19 200000109 226000115 26 
2020-12-02T16:23:48.351511+09:00 0 0 경기70사6585 3 28 200000109 202000042 10 
2020-12-02T16:23:48.351527+09:00 0 0 경기70사6594 3 27 200000109 226000120 19 
2020-12-02T16:24:47.775265+09:00 0 0 경기70사6593 3 19 200000109 277104450 27 
2020-12-02T16:24:47.775322+09:00 0 0 경기70사6592 3 28 200000109 202000010 38 
2020-12-02T16:24:47.775343+09:00 0 0 경기70사6585 3 28 200000109 202000042 10 
2020-12-02T16:24:47.775359+09:00 0 0 경기70사6594 3 27 200000109 226000118 20 
2020-12-02T16:25:47.619002+09:00 0 0 경기70사6593 3 19 200000109 277104450 27 
2020-12-02T16:25:47.619063+09:00 0 0 경기70사6592 3 28 200000109 202000010 38 
2020-12-02T16:25:47.619084+09:00 0 0 경기70사6585 3 28 200000109 202000042 10 
2020-12-02T16:25:47.619099+09:00 0 0 경기70사6594 3 27 200000109 226000118 20 
2020-12-02T16:26:47.332752+09:00 0 0 경기70사6592 3 28 200000109 202000010 38 
2020-12-02T16:26:47.332815+09:00 0 0 경기70사6593 3 19 200000109 277104450 27 
2020-12-02T16:26:47.332837+09:00 0 0 경기70사6585 3 28 200000109 203000042 11 
2020-12-02T16:26:47.332856+09:00 0 0 경기70사6594 3 27 200000109 226000057 21 
2020-12-02T16:27:47.036663+09:00 0 0 경기70사6593 3 19 200000109 277104450 27 
2020-12-02T16:27:47.036723+09:00 0 0 경기70사6592 3 28 200000109 201000403 39 
2020-12-02T16:27:47.036744+09:00 0 0 경기70사6594 3 27 200000109 226000057 21 
2020-12-02T16:27:47.036760+09:00 0 0 경기70사6585 3 28 200000109 203000042 11 
2020-12-02T16:28:46.780400+09:00 0 0 경기70사6592 3 28 200000109 201000403 39 
2020-12-02T16:28:46.780463+09:00 0 0 경기70사6593 3 19 200000109 277103723 28 
2020-12-02T16:28:46.780484+09:00 0 0 경기70사6594 3 27 200000109 226000057 21 
2020-12-02T16:28:46.780499+09:00 0 0 경기70사6585 3 28 200000109 203000042 11 
2020-12-02T16:29:46.734292+09:00 0 0 경기70사6593 3 19 200000109 277103723 28 
2020-12-02T16:29:46.734354+09:00 0 0 경기70사6592 3 28 200000109 201000403 39 
2020-12-02T16:29:46.734374+09:00 0 0 경기70사6594 3 27 200000109 209000152 22 
2020-12-02T16:29:46.734389+09:00 0 0 경기70사6585 3 28 200000109 203000339 12 
2020-12-02T16:30:46.058065+09:00 0 0 경기70사6593 3 19 200000109 277103723 28 
2020-12-02T16:30:46.058129+09:00 0 0 경기70사6592 3 28 200000109 201000403 39 
2020-12-02T16:30:46.058150+09:00 0 0 경기70사6585 3 28 200000109 203000339 12 
2020-12-02T16:30:46.058166+09:00 0 0 경기70사6594 3 28 200000109 209000152 22 
2020-12-02T16:31:45.871936+09:00 0 0 경기70사6592 3 28 200000109 201000403 39 
2020-12-02T16:31:45.871991+09:00 0 0 경기70사6593 3 19 200000109 277103644 29 
2020-12-02T16:31:45.872011+09:00 0 0 경기70사6585 3 28 200000109 203000339 12 
2020-12-02T16:31:45.872027+09:00 0 0 경기70사6594 3 28 200000109 209000152 22 
2020-12-02T16:32:45.455913+09:00 0 0 경기70사6593 3 19 200000109 277103644 29 
2020-12-02T16:32:45.455975+09:00 0 0 경기70사6592 3 28 200000109 201000430 40 
2020-12-02T16:32:45.455996+09:00 0 0 경기70사6594 3 28 200000109 209000152 22 
2020-12-02T16:32:45.456011+09:00 0 0 경기70사6585 3 28 200000109 203000320 13 
2020-12-02T16:33:45.099875+09:00 0 0 경기70사6593 3 19 200000109 277103644 29 
2020-12-02T16:33:45.099939+09:00 0 0 경기70사6592 3 28 200000109 201000268 41 
2020-12-02T16:33:45.099960+09:00 0 0 경기70사6594 3 28 200000109 209000152 22 
2020-12-02T16:33:45.099975+09:00 0 0 경기70사6585 3 28 200000109 203000320 13 
2020-12-02T16:34:45.053804+09:00 0 0 경기70사6592 3 28 200000109 201000268 41 
2020-12-02T16:34:45.053858+09:00 0 0 경기70사6593 3 19 200000109 277103644 29 
2020-12-02T16:34:45.053889+09:00 0 0 경기70사6586 3 28 200000109 201000200 2 
2020-12-02T16:34:45.053906+09:00 0 0 경기70사6594 3 28 200000109 209000152 22 
2020-12-02T16:34:45.053923+09:00 0 0 경기70사6585 3 28 200000109 203000320 13 
2020-12-02T16:35:44.157653+09:00 0 0 경기70사6593 3 19 200000109 277103644 29 
2020-12-02T16:35:44.157710+09:00 0 0 경기70사6586 3 28 200000109 201000200 2 
2020-12-02T16:35:44.157730+09:00 0 0 경기70사6592 3 28 200000109 201000268 41 
2020-12-02T16:35:44.157745+09:00 0 0 경기70사6594 3 28 200000109 209000152 22 
2020-12-02T16:35:44.157761+09:00 0 0 경기70사6585 3 28 200000109 203000320 13 
2020-12-02T16:36:43.421637+09:00 0 0 경기70사6592 3 28 200000109 201000268 41 
2020-12-02T16:36:43.421698+09:00 0 0 경기70사6586 3 28 200000109 201000199 4 
2020-12-02T16:36:43.421718+09:00 0 0 경기70사6593 3 19 200000109 277103644 29 
2020-12-02T16:36:43.421734+09:00 0 0 경기70사6594 3 28 200000109 209000152 22 
2020-12-02T16:36:43.421751+09:00 0 0 경기70사6585 3 28 200000109 228002018 14 
2020-12-02T16:37:43.125601+09:00 0 0 경기70사6592 3 28 200000109 201000268 41 
2020-12-02T16:37:43.125663+09:00 0 0 경기70사6586 3 28 200000109 201000199 4 
2020-12-02T16:37:43.125684+09:00 0 0 경기70사6593 3 20 200000109 228002017 30 
2020-12-02T16:37:43.125700+09:00 0 0 경기70사6594 3 28 200000109 209000152 22 
2020-12-02T16:37:43.125717+09:00 0 0 경기70사6585 3 28 200000109 228002018 14 
2020-12-02T16:38:43.009705+09:00 0 0 경기70사6592 3 28 200000109 201000268 41 
2020-12-02T16:38:43.009771+09:00 0 0 경기70사6593 3 20 200000109 228002017 30 
2020-12-02T16:38:43.009794+09:00 0 0 경기70사6586 3 28 200000109 201000199 4 
2020-12-02T16:38:43.009810+09:00 0 0 경기70사6585 3 28 200000109 228002018 14 
2020-12-02T16:38:43.009826+09:00 0 0 경기70사6594 3 28 200000109 209000151 23 
2020-12-02T16:39:42.043474+09:00 0 0 경기70사6592 3 28 200000109 201000268 41 
2020-12-02T16:39:42.043522+09:00 0 0 경기70사6586 3 28 200000109 201000199 4 
2020-12-02T16:39:42.043542+09:00 0 0 경기70사6593 3 20 200000109 203000319 31 
2020-12-02T16:39:42.043558+09:00 0 0 경기70사6585 3 28 200000109 228002018 14 
2020-12-02T16:39:42.043574+09:00 0 0 경기70사6594 3 28 200000109 209000151 23 
2020-12-02T16:40:41.577488+09:00 0 0 경기70사6592 3 28 200000109 201000268 41 
2020-12-02T16:40:41.577537+09:00 0 0 경기70사6586 3 28 200000109 201000199 4 
2020-12-02T16:40:41.577560+09:00 0 0 경기70사6593 3 20 200000109 203000319 31 
2020-12-02T16:40:41.577576+09:00 0 0 경기70사6594 3 28 200000109 209000151 23 
2020-12-02T16:40:41.577592+09:00 0 0 경기70사6585 3 28 200000109 277103645 15 
2020-12-02T16:41:40.831495+09:00 0 0 경기70사6592 3 28 200000109 201000268 41 
2020-12-02T16:41:40.831556+09:00 0 0 경기70사6593 3 20 200000109 203000319 31 
2020-12-02T16:41:40.831575+09:00 0 0 경기70사6586 3 28 200000109 201000382 5 
2020-12-02T16:41:40.831590+09:00 0 0 경기70사6585 3 28 200000109 277103645 15 
2020-12-02T16:41:40.831607+09:00 0 0 경기70사6594 3 28 200000109 226000056 24 
2020-12-02T16:42:40.545463+09:00 0 0 경기70사6592 3 28 200000109 201000268 41 
2020-12-02T16:42:40.545515+09:00 0 0 경기70사6593 3 20 200000109 203000319 31 
2020-12-02T16:42:40.545536+09:00 0 0 경기70사6586 3 28 200000109 201000382 5 
2020-12-02T16:42:40.545553+09:00 0 0 경기70사6585 3 28 200000109 277103645 15 
2020-12-02T16:42:40.545570+09:00 0 0 경기70사6594 3 28 200000109 226000056 24 
2020-12-02T16:43:40.499514+09:00 0 0 경기70사6592 3 28 200000109 201000268 41 
2020-12-02T16:43:40.499573+09:00 0 0 경기70사6593 3 20 200000109 203000319 31 
2020-12-02T16:43:40.499593+09:00 0 0 경기70사6586 3 28 200000109 201000382 5 
2020-12-02T16:43:40.499609+09:00 0 0 경기70사6585 3 28 200000109 277103645 15 
2020-12-02T16:43:40.499625+09:00 0 0 경기70사6594 3 28 200000109 226000056 24 
