222000107 2020-12-02T00:00:29.581116+09:00
2020-12-02T14:23:34.754335+09:00 0 0 경기74아3421 4 69 222000107 222000604 75 
2020-12-02T14:23:34.754397+09:00 0 0 경기74아3397 3 41 222000107 222001499 61 
2020-12-02T14:23:34.754418+09:00 0 0 경기74아3385 3 39 222000107 277103216 52 
2020-12-02T14:23:34.754434+09:00 0 0 경기74아3106 3 39 222000107 277103310 45 
2020-12-02T14:23:34.754450+09:00 0 0 경기74아3087 3 34 222000107 277103211 32 
2020-12-02T14:23:34.754465+09:00 0 0 경기74아3085 3 41 222000107 277102302 42 
2020-12-02T14:23:34.754479+09:00 0 0 경기74아3368 4 74 222000107 222000686 9 
2020-12-02T14:23:34.754493+09:00 0 0 경기74아3384 3 38 222000107 222001537 30 
2020-12-02T14:24:34.618445+09:00 0 0 경기74아3085 3 41 222000107 277102302 42 
2020-12-02T14:24:34.618506+09:00 0 0 경기74아3106 3 39 222000107 277102675 46 
2020-12-02T14:24:34.618527+09:00 0 0 경기74아3087 3 34 222000107 277103215 33 
2020-12-02T14:24:34.618543+09:00 0 0 경기74아3385 3 39 222000107 277103216 52 
2020-12-02T14:24:34.618563+09:00 0 0 경기74아3397 3 42 222000107 222001493 63 
2020-12-02T14:24:34.618579+09:00 0 0 경기74아3421 4 69 222000107 222001314 77 
2020-12-02T14:24:34.618594+09:00 0 0 경기74아3384 3 37 222000107 222001537 30 
2020-12-02T14:24:34.618608+09:00 0 0 경기74아3368 4 74 222000107 222000617 11 
2020-12-02T14:25:33.852591+09:00 0 0 경기74아3106 3 39 222000107 277102675 46 
2020-12-02T14:25:33.852651+09:00 0 0 경기74아3397 3 42 222000107 222001521 64 
2020-12-02T14:25:33.852672+09:00 0 0 경기74아3421 4 69 222000107 222001314 77 
2020-12-02T14:25:33.852688+09:00 0 0 경기74아3385 3 39 222000107 277103216 52 
2020-12-02T14:25:33.852704+09:00 0 0 경기74아3085 3 42 222000107 277102302 42 
2020-12-02T14:25:33.852719+09:00 0 0 경기74아3087 3 34 222000107 277103217 34 
2020-12-02T14:25:33.852733+09:00 0 0 경기74아3384 3 37 222000107 222001537 30 
2020-12-02T14:25:33.852747+09:00 0 0 경기74아3368 4 74 222000107 222000616 14 
2020-12-02T14:26:33.546722+09:00 0 0 경기74아3087 3 34 222000107 277103217 34 
2020-12-02T14:26:33.546782+09:00 0 0 경기74아3421 4 69 222000107 222000601 79 
2020-12-02T14:26:33.546802+09:00 0 0 경기74아3085 3 42 222000107 123000611 43 
2020-12-02T14:26:33.546818+09:00 0 0 경기74아3385 3 39 222000107 277103212 53 
2020-12-02T14:26:33.546835+09:00 0 0 경기74아3397 3 42 222000107 222001521 64 
2020-12-02T14:26:33.546849+09:00 0 0 경기74아3106 3 39 222000107 277102675 46 
2020-12-02T14:26:33.546863+09:00 0 0 경기74아3368 4 74 222000107 222000616 14 
2020-12-02T14:26:33.546877+09:00 0 0 경기74아3384 3 36 222000107 222001513 31 
2020-12-02T14:27:33.510717+09:00 0 0 경기74아3085 3 42 222000107 123000611 43 
2020-12-02T14:27:33.510779+09:00 0 0 경기74아3385 3 39 222000107 277103212 53 
2020-12-02T14:27:33.510800+09:00 0 0 경기74아3087 3 34 222000107 221000256 35 
2020-12-02T14:27:33.510816+09:00 0 0 경기74아3397 3 42 222000107 222001490 65 
2020-12-02T14:27:33.510833+09:00 0 0 경기74아3106 3 39 222000107 277103307 47 
2020-12-02T14:27:33.510848+09:00 0 0 경기74아3421 4 70 222000107 222000600 80 
2020-12-02T14:27:33.510862+09:00 0 0 경기74아3384 3 36 222000107 222001513 31 
2020-12-02T14:27:33.510876+09:00 0 0 경기74아3368 4 74 222000107 222001584 15 
2020-12-02T14:28:33.124860+09:00 0 0 경기74아3085 3 42 222000107 123000611 43 
2020-12-02T14:28:33.124924+09:00 0 0 경기74아3385 3 40 222000107 277103212 53 
2020-12-02T14:28:33.124944+09:00 0 0 경기74아3087 3 34 222000107 221000256 35 
2020-12-02T14:28:33.124961+09:00 0 0 경기74아3397 3 42 222000107 222001490 65 
2020-12-02T14:28:33.124977+09:00 0 0 경기74아3106 3 39 222000107 277103313 48 
2020-12-02T14:28:33.124991+09:00 0 0 경기74아3384 3 36 222000107 222001513 31 
2020-12-02T14:28:33.125006+09:00 0 0 경기74아3368 4 74 222000107 222001494 18 
2020-12-02T14:29:32.038950+09:00 0 0 경기74아3085 3 42 222000107 123000611 43 
2020-12-02T14:29:32.039013+09:00 0 0 경기74아3385 3 40 222000107 277103212 53 
2020-12-02T14:29:32.039032+09:00 0 0 경기74아3087 3 34 222000107 221000039 36 
2020-12-02T14:29:32.039048+09:00 0 0 경기74아3397 3 43 222000107 222001495 66 
2020-12-02T14:29:32.039064+09:00 0 0 경기74아3106 3 39 222000107 221000238 49 
2020-12-02T14:29:32.039079+09:00 0 0 경기74아3368 4 74 222000107 222001494 18 
2020-12-02T14:29:32.039093+09:00 0 0 경기74아3384 3 36 222000107 222001513 31 
2020-12-02T14:30:31.642939+09:00 0 0 경기74아3085 3 42 222000107 123000611 43 
2020-12-02T14:30:31.643000+09:00 0 0 경기74아3106 3 39 222000107 221000238 49 
2020-12-02T14:30:31.643020+09:00 0 0 경기74아3397 3 44 222000107 222001465 67 
2020-12-02T14:30:31.643036+09:00 0 0 경기74아3087 3 34 222000107 277100104 37 
2020-12-02T14:30:31.643052+09:00 0 0 경기74아3385 3 40 222000107 222001512 54 
2020-12-02T14:30:31.643067+09:00 0 0 경기74아3384 3 36 222000107 277103211 32 
2020-12-02T14:30:31.643082+09:00 0 0 경기74아3368 4 74 222000107 222001491 19 
2020-12-02T14:31:30.967057+09:00 0 0 경기74아3085 3 42 222000107 123000611 43 
2020-12-02T14:31:30.967121+09:00 0 0 경기74아3397 3 44 222000107 222001583 68 
2020-12-02T14:31:30.967142+09:00 0 0 경기74아3087 3 34 222000107 277103306 38 
2020-12-02T14:31:30.967159+09:00 0 0 경기74아3106 3 39 222000107 221000238 49 
2020-12-02T14:31:30.967175+09:00 0 0 경기74아3385 3 41 222000107 222001538 55 
2020-12-02T14:31:30.967189+09:00 0 0 경기74아3384 3 36 222000107 277103211 32 
2020-12-02T14:31:30.967204+09:00 0 0 경기74아3368 4 74 222000107 222001491 19 
2020-12-02T14:32:30.406887+09:00 0 0 경기74아3085 3 42 222000107 123000611 43 
2020-12-02T14:32:30.406944+09:00 0 0 경기74아3087 3 34 222000107 277103306 38 
2020-12-02T14:32:30.406964+09:00 0 0 경기74아3360 3 45 222000107 222001626 1 
2020-12-02T14:32:30.406981+09:00 0 0 경기74아3106 3 39 222000107 221000257 50 
2020-12-02T14:32:30.406997+09:00 0 0 경기74아3385 3 41 222000107 222001515 56 
2020-12-02T14:32:30.407012+09:00 0 0 경기74아3397 3 44 222000107 222000609 69 
2020-12-02T14:32:30.407027+09:00 0 0 경기74아3368 4 72 222000107 222001522 20 
2020-12-02T14:32:30.407040+09:00 0 0 경기74아3384 3 36 222000107 277103211 32 
2020-12-02T14:33:30.305284+09:00 0 0 경기74아3085 3 42 222000107 123000611 43 
2020-12-02T14:33:30.305348+09:00 0 0 경기74아3087 3 34 222000107 277103306 38 
2020-12-02T14:33:30.305368+09:00 0 0 경기74아3106 3 39 222000107 277103218 51 
2020-12-02T14:33:30.305384+09:00 0 0 경기74아3385 3 41 222000107 222001530 58 
2020-12-02T14:33:30.305400+09:00 0 0 경기74아3397 3 44 222000107 222000607 72 
2020-12-02T14:33:30.305414+09:00 0 0 경기74아3360 3 45 222000107 222001626 1 
2020-12-02T14:33:30.305429+09:00 0 0 경기74아3384 3 36 222000107 277103215 33 
2020-12-02T14:33:30.305442+09:00 0 0 경기74아3368 4 71 222000107 222001492 21 
2020-12-02T14:34:30.169431+09:00 0 0 경기74아3085 3 42 222000107 123000611 43 
2020-12-02T14:34:30.169492+09:00 0 0 경기74아3385 3 42 222000107 222001915 59 
2020-12-02T14:34:30.169513+09:00 0 0 경기74아3360 3 45 222000107 222001300 2 
2020-12-02T14:34:30.169529+09:00 0 0 경기74아3397 3 44 222000107 222001411 74 
2020-12-02T14:34:30.169546+09:00 0 0 경기74아3106 3 39 222000107 277103216 52 
2020-12-02T14:34:30.169560+09:00 0 0 경기74아3087 3 34 222000107 277102674 39 
2020-12-02T14:34:30.169574+09:00 0 0 경기74아3368 4 71 222000107 222001030 23 
2020-12-02T14:34:30.169588+09:00 0 0 경기74아3384 3 36 222000107 277103217 34 
2020-12-02T14:35:29.843398+09:00 0 0 경기74아3085 3 42 222000107 123000611 43 
2020-12-02T14:35:29.843450+09:00 0 0 경기74아3385 3 42 222000107 222001528 60 
2020-12-02T14:35:29.843470+09:00 0 0 경기74아3087 3 34 222000107 277103309 40 
2020-12-02T14:35:29.843486+09:00 0 0 경기74아3360 3 45 222000107 222001300 2 
2020-12-02T14:35:29.843502+09:00 0 0 경기74아3106 3 39 222000107 277103216 52 
2020-12-02T14:35:29.843516+09:00 0 0 경기74아3397 3 44 222000107 222000603 76 
2020-12-02T14:35:29.843530+09:00 0 0 경기74아3384 3 36 222000107 277103217 34 
2020-12-02T14:35:29.843544+09:00 0 0 경기74아3368 4 70 222000107 222001527 25 
2020-12-02T14:36:29.537512+09:00 0 0 경기74아3085 3 42 222000107 123000611 43 
2020-12-02T14:36:29.537574+09:00 0 0 경기74아3106 3 39 222000107 277103216 52 
2020-12-02T14:36:29.537594+09:00 0 0 경기74아3087 3 34 222000107 277103309 40 
2020-12-02T14:36:29.537610+09:00 0 0 경기74아3360 3 45 222000107 222000623 4 
2020-12-02T14:36:29.537626+09:00 0 0 경기74아3397 3 44 222000107 222001314 77 
2020-12-02T14:36:29.537645+09:00 0 0 경기74아3385 3 42 222000107 222001528 60 
2020-12-02T14:36:29.537659+09:00 0 0 경기74아3368 4 68 222000107 222001527 25 
2020-12-02T14:36:29.537672+09:00 0 0 경기74아3384 3 36 222000107 221000256 35 
2020-12-02T14:37:29.541687+09:00 0 0 경기74아3085 3 42 222000107 123000611 43 
2020-12-02T14:37:29.541749+09:00 0 0 경기74아3397 3 44 222000107 222000602 78 
2020-12-02T14:37:29.541769+09:00 0 0 경기74아3385 3 42 222000107 222001646 62 
2020-12-02T14:37:29.541785+09:00 0 0 경기74아3106 3 39 222000107 277103212 53 
2020-12-02T14:37:29.541800+09:00 0 0 경기74아3360 3 44 222000107 222001313 6 
2020-12-02T14:37:29.541814+09:00 0 0 경기74아3087 3 34 222000107 277103309 40 
2020-12-02T14:37:29.541828+09:00 0 0 경기74아3368 4 69 222000107 222001914 26 
2020-12-02T14:37:29.541841+09:00 0 0 경기74아3384 3 36 222000107 221000256 35 
2020-12-02T14:38:29.005734+09:00 0 0 경기74아3106 3 39 222000107 277103212 53 
2020-12-02T14:38:29.005797+09:00 0 0 경기74아3087 3 34 222000107 277103308 41 
2020-12-02T14:38:29.005817+09:00 0 0 경기74아3397 3 44 222000107 222000600 80 
2020-12-02T14:38:29.005833+09:00 0 0 경기74아3385 3 43 222000107 222001493 63 
2020-12-02T14:38:29.005849+09:00 0 0 경기74아3085 3 37 222000107 123000611 43 
2020-12-02T14:38:29.005864+09:00 0 0 경기74아3360 3 44 222000107 222000621 7 
2020-12-02T14:38:29.005878+09:00 0 0 경기74아3368 4 69 222000107 222001529 27 
2020-12-02T14:38:29.005891+09:00 0 0 경기74아3384 3 36 222000107 221000039 36 
2020-12-02T14:39:28.509873+09:00 0 0 경기74아3106 3 39 222000107 277103212 53 
2020-12-02T14:39:28.509935+09:00 0 0 경기74아3360 3 44 222000107 222000620 8 
2020-12-02T14:39:28.509956+09:00 0 0 경기74아3087 3 34 222000107 277102302 42 
2020-12-02T14:39:28.509973+09:00 0 0 경기74아3085 3 37 222000107 123000611 43 
2020-12-02T14:39:28.509989+09:00 0 0 경기74아3385 3 43 222000107 222001521 64 
2020-12-02T14:39:28.510004+09:00 0 0 경기74아3368 4 68 222000107 222001518 28 
2020-12-02T14:39:28.510019+09:00 0 0 경기74아3384 3 36 222000107 277100104 37 
2020-12-02T14:40:28.103963+09:00 0 0 경기74아3087 3 34 222000107 277102302 42 
2020-12-02T14:40:28.104026+09:00 0 0 경기74아3106 3 39 222000107 277103212 53 
2020-12-02T14:40:28.104048+09:00 0 0 경기74아3385 3 43 222000107 222001490 65 
2020-12-02T14:40:28.104064+09:00 0 0 경기74아3085 3 37 222000107 277102301 44 
2020-12-02T14:40:28.104081+09:00 0 0 경기74아3360 3 44 222000107 222000686 9 
2020-12-02T14:40:28.104096+09:00 0 0 경기74아3368 4 68 222000107 222001514 29 
2020-12-02T14:40:28.104110+09:00 0 0 경기74아3384 3 36 222000107 277103306 38 
2020-12-02T14:41:28.128191+09:00 0 0 경기74아3106 3 39 222000107 277103212 53 
2020-12-02T14:41:28.128252+09:00 0 0 경기74아3087 3 34 222000107 123000611 43 
2020-12-02T14:41:28.128272+09:00 0 0 경기74아3385 3 44 222000107 222001490 65 
2020-12-02T14:41:28.128288+09:00 0 0 경기74아3360 3 44 222000107 222000687 12 
2020-12-02T14:41:28.128304+09:00 0 0 경기74아3085 3 37 222000107 277103310 45 
2020-12-02T14:41:28.128318+09:00 0 0 경기74아3368 4 67 222000107 222001514 29 
2020-12-02T14:41:28.128332+09:00 0 0 경기74아3384 3 36 222000107 277103306 38 
2020-12-02T14:42:27.752514+09:00 0 0 경기74아3087 3 34 222000107 123000611 43 
2020-12-02T14:42:27.752577+09:00 0 0 경기74아3360 3 44 222000107 222000687 12 
2020-12-02T14:42:27.752597+09:00 0 0 경기74아3085 3 37 222000107 277102675 46 
2020-12-02T14:42:27.752614+09:00 0 0 경기74아3106 3 40 222000107 222001512 54 
2020-12-02T14:42:27.752630+09:00 0 0 경기74아3385 3 44 222000107 222001495 66 
2020-12-02T14:42:27.752645+09:00 0 0 경기74아3384 3 36 222000107 277103306 38 
2020-12-02T14:42:27.752659+09:00 0 0 경기74아3368 4 67 222000107 222001537 30 
2020-12-02T14:43:27.466593+09:00 0 0 경기74아3087 3 34 222000107 123000611 43 
2020-12-02T14:43:27.466655+09:00 0 0 경기74아3085 3 37 222000107 277102675 46 
2020-12-02T14:43:27.466676+09:00 0 0 경기74아3106 3 40 222000107 222001538 55 
2020-12-02T14:43:27.466691+09:00 0 0 경기74아3360 3 44 222000107 222001484 13 
2020-12-02T14:43:27.466707+09:00 0 0 경기74아3385 3 44 222000107 222001465 67 
2020-12-02T14:43:27.466721+09:00 0 0 경기74아3368 4 67 222000107 222001513 31 
2020-12-02T14:43:27.466735+09:00 0 0 경기74아3384 3 36 222000107 277102674 39 
2020-12-02T14:44:26.530869+09:00 0 0 경기74아3087 3 34 222000107 123000611 43 
2020-12-02T14:44:26.530932+09:00 0 0 경기74아3085 3 37 222000107 277102675 46 
2020-12-02T14:44:26.530953+09:00 0 0 경기74아3106 3 40 222000107 222001515 56 
2020-12-02T14:44:26.530969+09:00 0 0 경기74아3360 3 44 222000107 222001464 17 
2020-12-02T14:44:26.530986+09:00 0 0 경기74아3385 3 45 222000107 222001485 70 
2020-12-02T14:44:26.531001+09:00 0 0 경기74아3368 4 67 222000107 222001513 31 
2020-12-02T14:44:26.531015+09:00 0 0 경기74아3384 3 36 222000107 277103309 40 
2020-12-02T14:45:26.245076+09:00 0 0 경기74아3087 3 34 222000107 123000611 43 
2020-12-02T14:45:26.245138+09:00 0 0 경기74아3106 3 40 222000107 222001515 56 
2020-12-02T14:45:26.245158+09:00 0 0 경기74아3360 3 44 222000107 222001494 18 
2020-12-02T14:45:26.245174+09:00 0 0 경기74아3385 3 45 222000107 222001485 70 
2020-12-02T14:45:26.245190+09:00 0 0 경기74아3085 3 37 222000107 277103307 47 
2020-12-02T14:45:26.245204+09:00 0 0 경기74아3368 4 67 222000107 222001513 31 
2020-12-02T14:45:26.245218+09:00 0 0 경기74아3384 3 36 222000107 277103309 40 
2020-12-02T14:46:25.709158+09:00 0 0 경기74아3087 3 34 222000107 123000611 43 
2020-12-02T14:46:25.709221+09:00 0 0 경기74아3085 3 37 222000107 277103307 47 
2020-12-02T14:46:25.709241+09:00 0 0 경기74아3385 3 45 222000107 222000607 72 
2020-12-02T14:46:25.709257+09:00 0 0 경기74아3106 3 42 222000107 222001515 56 
2020-12-02T14:46:25.709273+09:00 0 0 경기74아3379 4 72 222000107 222001300 2 
2020-12-02T14:46:25.709288+09:00 0 0 경기74아3360 3 44 222000107 222001491 19 
2020-12-02T14:46:25.709302+09:00 0 0 경기74아3368 4 67 222000107 222001513 31 
2020-12-02T14:46:25.709315+09:00 0 0 경기74아3384 3 36 222000107 277103308 41 
2020-12-02T14:47:25.543338+09:00 0 0 경기74아3087 3 34 222000107 123000611 43 
2020-12-02T14:47:25.543402+09:00 0 0 경기74아3360 3 44 222000107 222001491 19 
2020-12-02T14:47:25.543422+09:00 0 0 경기74아3085 3 37 222000107 221000238 49 
2020-12-02T14:47:25.543442+09:00 0 0 경기74아3379 4 72 222000107 222001300 2 
2020-12-02T14:47:25.543458+09:00 0 0 경기74아3385 3 45 222000107 222001411 74 
2020-12-02T14:47:25.543473+09:00 0 0 경기74아3106 3 42 222000107 222001530 58 
2020-12-02T14:47:25.543487+09:00 0 0 경기74아3368 4 67 222000107 222001513 31 
2020-12-02T14:47:25.543500+09:00 0 0 경기74아3384 3 36 222000107 277103308 41 
2020-12-02T14:48:25.497626+09:00 0 0 경기74아3360 3 44 222000107 222001491 19 
2020-12-02T14:48:25.497688+09:00 0 0 경기74아3106 3 42 222000107 222001915 59 
2020-12-02T14:48:25.497709+09:00 0 0 경기74아3385 3 45 222000107 222000604 75 
2020-12-02T14:48:25.497725+09:00 0 0 경기74아3087 3 39 222000107 123000611 43 
2020-12-02T14:48:25.497741+09:00 0 0 경기74아3379 4 72 222000107 222001300 2 
2020-12-02T14:48:25.497757+09:00 0 0 경기74아3085 3 36 222000107 221000238 49 
2020-12-02T14:48:25.497771+09:00 0 0 경기74아3368 4 67 222000107 277103211 32 
2020-12-02T14:48:25.497785+09:00 0 0 경기74아3384 3 36 222000107 277102302 42 
2020-12-02T14:49:24.841803+09:00 0 0 경기74아3385 3 45 222000107 222000603 76 
2020-12-02T14:49:24.841866+09:00 0 0 경기74아3106 3 42 222000107 222001528 60 
2020-12-02T14:49:24.841886+09:00 0 0 경기74아3379 4 72 222000107 222000622 5 
2020-12-02T14:49:24.841903+09:00 0 0 경기74아3087 3 39 222000107 123000611 43 
2020-12-02T14:49:24.841919+09:00 0 0 경기74아3360 3 44 222000107 222001491 19 
2020-12-02T14:49:24.841935+09:00 0 0 경기74아3085 3 36 222000107 221000238 49 
2020-12-02T14:49:24.841949+09:00 0 0 경기74아3384 3 36 222000107 277102302 42 
2020-12-02T14:49:24.841963+09:00 0 0 경기74아3368 4 67 222000107 277103211 32 
2020-12-02T14:50:24.755994+09:00 0 0 경기74아3106 3 42 222000107 222001528 60 
2020-12-02T14:50:24.756053+09:00 0 0 경기74아3385 3 45 222000107 222001314 77 
2020-12-02T14:50:24.756073+09:00 0 0 경기74아3379 4 72 222000107 222001313 6 
2020-12-02T14:50:24.756090+09:00 0 0 경기74아3085 3 36 222000107 221000238 49 
2020-12-02T14:50:24.756107+09:00 0 0 경기74아3087 3 39 222000107 123000611 43 
2020-12-02T14:50:24.756121+09:00 0 0 경기74아3360 3 39 222000107 222001522 20 
2020-12-02T14:50:24.756136+09:00 0 0 경기74아3384 3 36 222000107 277102302 42 
2020-12-02T14:50:24.756149+09:00 0 0 경기74아3368 4 67 222000107 277103211 32 
2020-12-02T14:51:24.320091+09:00 0 0 경기74아3085 3 36 222000107 221000238 49 
2020-12-02T14:51:24.320154+09:00 0 0 경기74아3360 3 39 222000107 222001492 21 
2020-12-02T14:51:24.320175+09:00 0 0 경기74아3379 4 72 222000107 222000621 7 
2020-12-02T14:51:24.320191+09:00 0 0 경기74아3106 3 42 222000107 222001646 62 
2020-12-02T14:51:24.320207+09:00 0 0 경기74아3087 3 39 222000107 277102301 44 
2020-12-02T14:51:24.320222+09:00 0 0 경기74아3385 3 45 222000107 222000601 79 
2020-12-02T14:51:24.320236+09:00 0 0 경기74아3384 3 36 222000107 277102302 42 
2020-12-02T14:51:24.320249+09:00 0 0 경기74아3368 4 67 222000107 277103215 33 
2020-12-02T14:52:23.354254+09:00 0 0 경기74아3385 3 45 222000107 222000600 80 
2020-12-02T14:52:23.354328+09:00 0 0 경기74아3085 3 36 222000107 221000257 50 
2020-12-02T14:52:23.354348+09:00 0 0 경기74아3360 3 38 222000107 222001647 22 
2020-12-02T14:52:23.354363+09:00 0 0 경기74아3087 3 39 222000107 277103310 45 
2020-12-02T14:52:23.354393+09:00 0 0 경기74아3379 4 72 222000107 222000620 8 
2020-12-02T14:52:23.354410+09:00 0 0 경기74아3106 3 43 222000107 222001493 63 
2020-12-02T14:52:23.354424+09:00 0 0 경기74아3384 3 36 222000107 123000611 43 
2020-12-02T14:52:23.354438+09:00 0 0 경기74아3368 4 67 222000107 277103217 34 
2020-12-02T14:53:23.218374+09:00 0 0 경기74아3087 3 39 222000107 277102675 46 
2020-12-02T14:53:23.218437+09:00 0 0 경기74아3379 4 72 222000107 222000618 10 
2020-12-02T14:53:23.218457+09:00 0 0 경기74아3085 3 36 222000107 277103218 51 
2020-12-02T14:53:23.218473+09:00 0 0 경기74아3106 3 44 222000107 222001521 64 
2020-12-02T14:53:23.218489+09:00 0 0 경기74아3360 3 39 222000107 222001527 25 
2020-12-02T14:53:23.218503+09:00 0 0 경기74아3384 3 36 222000107 123000611 43 
2020-12-02T14:53:23.218517+09:00 0 0 경기74아3368 4 67 222000107 277103217 34 
2020-12-02T14:54:27.282867+09:00 0 0 경기74아3087 3 39 222000107 277102675 46 
2020-12-02T14:54:27.282929+09:00 0 0 경기74아3085 3 36 222000107 277103218 51 
2020-12-02T14:54:27.282949+09:00 0 0 경기74아3360 3 38 222000107 222001527 25 
2020-12-02T14:54:27.282965+09:00 0 0 경기74아3106 3 44 222000107 222001521 64 
2020-12-02T14:54:27.282983+09:00 0 0 경기74아3379 4 72 222000107 222001484 13 
2020-12-02T14:54:27.282997+09:00 0 0 경기74아3384 3 36 222000107 123000611 43 
2020-12-02T14:54:27.283011+09:00 0 0 경기74아3368 4 67 222000107 221000256 35 
2020-12-02T14:55:21.566504+09:00 0 0 경기74아3360 3 38 222000107 222001914 26 
2020-12-02T14:55:21.566568+09:00 0 0 경기74아3379 4 72 222000107 222000616 14 
2020-12-02T14:55:21.566588+09:00 0 0 경기74아3087 3 39 222000107 277102675 46 
2020-12-02T14:55:21.566604+09:00 0 0 경기74아3106 3 44 222000107 222001490 65 
2020-12-02T14:55:21.566620+09:00 0 0 경기74아3085 3 36 222000107 277103216 52 
2020-12-02T14:55:21.566634+09:00 0 0 경기74아3368 4 67 222000107 221000256 35 
2020-12-02T14:55:21.566648+09:00 0 0 경기74아3384 3 36 222000107 123000611 43 
2020-12-02T14:56:21.550766+09:00 0 0 경기74아3106 3 44 222000107 222001490 65 
2020-12-02T14:56:21.550828+09:00 0 0 경기74아3087 3 39 222000107 277103307 47 
2020-12-02T14:56:21.550848+09:00 0 0 경기74아3379 4 72 222000107 222000616 14 
2020-12-02T14:56:21.550865+09:00 0 0 경기74아3360 3 38 222000107 222001518 28 
2020-12-02T14:56:21.550881+09:00 0 0 경기74아3085 3 36 222000107 277103216 52 
2020-12-02T14:56:21.550896+09:00 0 0 경기74아3368 4 67 222000107 221000039 36 
2020-12-02T14:56:21.550909+09:00 0 0 경기74아3384 3 36 222000107 123000611 43 
2020-12-02T14:57:21.987325+09:00 0 0 경기74아3360 3 38 222000107 222001518 28 
2020-12-02T14:57:21.987382+09:00 0 0 경기74아3379 4 72 222000107 222001464 17 
2020-12-02T14:57:21.987402+09:00 0 0 경기74아3085 3 36 222000107 277103212 53 
2020-12-02T14:57:21.987418+09:00 0 0 경기74아3087 3 39 222000107 221000238 49 
2020-12-02T14:57:21.987434+09:00 0 0 경기74아3106 3 44 222000107 222001490 65 
2020-12-02T14:57:21.987448+09:00 0 0 경기74아3368 4 67 222000107 277100104 37 
2020-12-02T14:57:21.987462+09:00 0 0 경기74아3384 3 36 222000107 123000611 43 
2020-12-02T14:58:20.899057+09:00 0 0 경기74아3085 3 36 222000107 277103212 53 
2020-12-02T14:58:20.899121+09:00 0 0 경기74아3087 3 39 222000107 221000238 49 
2020-12-02T14:58:20.899141+09:00 0 0 경기74아3106 3 44 222000107 222001495 66 
2020-12-02T14:58:20.899158+09:00 0 0 경기74아3360 3 38 222000107 222001518 28 
2020-12-02T14:58:20.899175+09:00 0 0 경기74아3379 4 72 222000107 222001494 18 
2020-12-02T14:58:20.899190+09:00 0 0 경기74아3368 4 67 222000107 277103306 38 
2020-12-02T14:58:20.899204+09:00 0 0 경기74아3384 3 36 222000107 123000611 43 
2020-12-02T14:59:20.933321+09:00 0 0 경기74아3085 3 36 222000107 277103212 53 
2020-12-02T14:59:20.933381+09:00 0 0 경기74아3360 3 36 222000107 222001514 29 
2020-12-02T14:59:20.933400+09:00 0 0 경기74아3087 3 39 222000107 221000238 49 
2020-12-02T14:59:20.933416+09:00 0 0 경기74아3379 4 72 222000107 222001491 19 
2020-12-02T14:59:20.933432+09:00 0 0 경기74아3106 3 44 222000107 222001465 67 
2020-12-02T14:59:20.933447+09:00 0 0 경기74아3384 3 38 222000107 123000611 43 
2020-12-02T14:59:20.933461+09:00 0 0 경기74아3368 4 67 222000107 277103306 38 
2020-12-02T15:00:20.157306+09:00 0 0 경기74아3085 3 36 222000107 277103212 53 
2020-12-02T15:00:20.157376+09:00 0 0 경기74아3360 3 36 222000107 222001514 29 
2020-12-02T15:00:20.157396+09:00 0 0 경기74아3379 4 72 222000107 222001491 19 
2020-12-02T15:00:20.157412+09:00 0 0 경기74아3106 3 44 222000107 222001485 70 
2020-12-02T15:00:20.157428+09:00 0 0 경기74아3087 3 39 222000107 221000257 50 
2020-12-02T15:00:20.157442+09:00 0 0 경기74아3384 3 38 222000107 123000611 43 
2020-12-02T15:00:20.157457+09:00 0 0 경기74아3368 4 67 222000107 277103306 38 
2020-12-02T15:01:19.961456+09:00 0 0 경기74아3087 3 39 222000107 221000257 50 
2020-12-02T15:01:19.961517+09:00 0 0 경기74아3106 3 44 222000107 222001485 70 
2020-12-02T15:01:19.961538+09:00 0 0 경기74아3085 3 36 222000107 277103212 53 
2020-12-02T15:01:19.961555+09:00 0 0 경기74아3360 3 36 222000107 222001537 30 
2020-12-02T15:01:19.961571+09:00 0 0 경기74아3379 4 72 222000107 222001491 19 
2020-12-02T15:01:19.961587+09:00 0 0 경기74아3368 4 67 222000107 277103306 38 
2020-12-02T15:01:19.961601+09:00 0 0 경기74아3384 3 38 222000107 277102301 44 
2020-12-02T15:02:19.435604+09:00 0 0 경기74아3085 3 36 222000107 277103212 53 
2020-12-02T15:02:19.435678+09:00 0 0 경기74아3360 3 36 222000107 222001537 30 
2020-12-02T15:02:19.435698+09:00 0 0 경기74아3379 4 72 222000107 222001522 20 
2020-12-02T15:02:19.435731+09:00 0 0 경기74아3087 3 39 222000107 277103218 51 
2020-12-02T15:02:19.435747+09:00 0 0 경기74아3106 3 44 222000107 222000607 72 
2020-12-02T15:02:19.435762+09:00 0 0 경기74아3368 4 67 222000107 277102674 39 
2020-12-02T15:02:19.435777+09:00 0 0 경기74아2905 3 45 222000107 222001626 1 
2020-12-02T15:02:19.435791+09:00 0 0 경기74아3384 3 38 222000107 277102301 44 
2020-12-02T15:03:19.109739+09:00 0 0 경기74아3379 4 72 222000107 222001492 21 
2020-12-02T15:03:19.109803+09:00 0 0 경기74아3085 3 37 222000107 222001512 54 
2020-12-02T15:03:19.109824+09:00 0 0 경기74아3360 3 36 222000107 222001513 31 
2020-12-02T15:03:19.109840+09:00 0 0 경기74아3087 3 39 222000107 277103216 52 
2020-12-02T15:03:19.109856+09:00 0 0 경기74아3106 3 44 222000107 222001411 74 
2020-12-02T15:03:19.109871+09:00 0 0 경기74아2905 3 45 222000107 222001626 1 
2020-12-02T15:03:19.109885+09:00 0 0 경기74아3368 4 67 222000107 277103309 40 
2020-12-02T15:03:19.109898+09:00 0 0 경기74아3384 3 38 222000107 277102675 46 
2020-12-02T15:04:18.533948+09:00 0 0 경기74아3360 3 36 222000107 222001513 31 
2020-12-02T15:04:18.534009+09:00 0 0 경기74아3106 3 44 222000107 222000604 75 
2020-12-02T15:04:18.534030+09:00 0 0 경기74아3379 4 72 222000107 222001647 22 
2020-12-02T15:04:18.534046+09:00 0 0 경기74아3085 3 37 222000107 222001538 55 
2020-12-02T15:04:18.534062+09:00 0 0 경기74아3087 3 39 222000107 277103216 52 
2020-12-02T15:04:18.534077+09:00 0 0 경기74아3368 4 67 222000107 277103309 40 
2020-12-02T15:04:18.534091+09:00 0 0 경기74아2905 3 45 222000107 222001300 2 
2020-12-02T15:04:18.534105+09:00 0 0 경기74아3384 3 38 222000107 277102675 46 
2020-12-02T15:05:17.977987+09:00 0 0 경기74아3360 3 36 222000107 222001513 31 
2020-12-02T15:05:17.978050+09:00 0 0 경기74아3106 3 44 222000107 222001314 77 
2020-12-02T15:05:17.978071+09:00 0 0 경기74아3087 3 39 222000107 277103216 52 
2020-12-02T15:05:17.978087+09:00 0 0 경기74아3085 3 39 222000107 222001515 56 
2020-12-02T15:05:17.978104+09:00 0 0 경기74아3379 4 71 222000107 222001498 24 
2020-12-02T15:05:17.978119+09:00 0 0 경기74아3384 3 38 222000107 277102675 46 
2020-12-02T15:05:17.978133+09:00 0 0 경기74아3368 4 67 222000107 277103308 41 
2020-12-02T15:05:17.978146+09:00 0 0 경기74아2905 3 45 222000107 222001300 2 
2020-12-02T15:06:18.072169+09:00 0 0 경기74아3085 3 39 222000107 222001515 56 
2020-12-02T15:06:18.072233+09:00 0 0 경기74아3379 4 71 222000107 222001498 24 
2020-12-02T15:06:18.072254+09:00 0 0 경기74아3087 3 39 222000107 277103212 53 
2020-12-02T15:06:18.072271+09:00 0 0 경기74아3360 3 36 222000107 277103211 32 
2020-12-02T15:06:18.072287+09:00 0 0 경기74아3106 3 45 222000107 222001314 77 
2020-12-02T15:06:18.072302+09:00 0 0 경기74아2905 3 45 222000107 222000624 3 
2020-12-02T15:06:18.072316+09:00 0 0 경기74아3368 4 67 222000107 277102302 42 
2020-12-02T15:06:18.072330+09:00 0 0 경기74아3384 3 38 222000107 277103307 47 
2020-12-02T15:07:17.306193+09:00 0 0 경기74아3085 3 39 222000107 222001515 56 
2020-12-02T15:07:17.306254+09:00 0 0 경기74아3087 3 39 222000107 277103212 53 
2020-12-02T15:07:17.306276+09:00 0 0 경기74아3379 4 71 222000107 222001527 25 
2020-12-02T15:07:17.306292+09:00 0 0 경기74아3106 3 45 222000107 222000601 79 
2020-12-02T15:07:17.306308+09:00 0 0 경기74아3360 3 36 222000107 277103211 32 
2020-12-02T15:07:17.306323+09:00 0 0 경기74아2905 3 45 222000107 222001313 6 
2020-12-02T15:07:17.306337+09:00 0 0 경기74아3384 3 38 222000107 277103307 47 
2020-12-02T15:07:17.306351+09:00 0 0 경기74아3368 4 67 222000107 277102302 42 
2020-12-02T15:08:17.210344+09:00 0 0 경기74아3087 3 39 222000107 277103212 53 
2020-12-02T15:08:17.210405+09:00 0 0 경기74아3360 3 36 222000107 277103211 32 
2020-12-02T15:08:17.210424+09:00 0 0 경기74아3379 4 71 222000107 222001529 27 
2020-12-02T15:08:17.210440+09:00 0 0 경기74아3085 3 40 222000107 222001530 58 
2020-12-02T15:08:17.210456+09:00 0 0 경기74아3106 3 45 222000107 222000600 80 
2020-12-02T15:08:17.210470+09:00 0 0 경기74아2905 3 45 222000107 222000621 7 
2020-12-02T15:08:17.210484+09:00 0 0 경기74아3368 4 67 222000107 277102302 42 
2020-12-02T15:08:17.210497+09:00 0 0 경기74아3384 3 38 222000107 277103313 48 
2020-12-02T15:09:16.224518+09:00 0 0 경기74아3087 3 39 222000107 277103212 53 
2020-12-02T15:09:16.224578+09:00 0 0 경기74아3085 3 40 222000107 222001530 58 
2020-12-02T15:09:16.224598+09:00 0 0 경기74아3379 4 69 222000107 222001518 28 
2020-12-02T15:09:16.224614+09:00 0 0 경기74아3360 3 36 222000107 277103215 33 
2020-12-02T15:09:16.224630+09:00 0 0 경기74아3384 3 38 222000107 221000238 49 
2020-12-02T15:09:16.224645+09:00 0 0 경기74아3368 4 67 222000107 277102302 42 
2020-12-02T15:09:16.224659+09:00 0 0 경기74아2905 3 45 222000107 222000686 9 
2020-12-02T15:10:16.038678+09:00 0 0 경기74아3379 4 69 222000107 222001518 28 
2020-12-02T15:10:16.038738+09:00 0 0 경기74아3360 3 36 222000107 277103215 33 
2020-12-02T15:10:16.038758+09:00 0 0 경기74아3087 3 40 222000107 222001512 54 
2020-12-02T15:10:16.038774+09:00 0 0 경기74아3085 3 40 222000107 222001528 60 
2020-12-02T15:10:16.038791+09:00 0 0 경기74아3384 3 38 222000107 221000238 49 
2020-12-02T15:10:16.038806+09:00 0 0 경기74아2905 3 45 222000107 222000617 11 
2020-12-02T15:10:16.038820+09:00 0 0 경기74아3368 4 67 222000107 123000611 43 
2020-12-02T15:11:15.802730+09:00 0 0 경기74아3087 3 41 222000107 222001538 55 
2020-12-02T15:11:15.802792+09:00 0 0 경기74아3360 3 36 222000107 277103217 34 
2020-12-02T15:11:15.802812+09:00 0 0 경기74아3379 4 69 222000107 222001514 29 
2020-12-02T15:11:15.802828+09:00 0 0 경기74아3085 3 40 222000107 222001646 62 
2020-12-02T15:11:15.802844+09:00 0 0 경기74아2905 3 45 222000107 222000616 14 
2020-12-02T15:11:15.802859+09:00 0 0 경기74아3368 4 67 222000107 123000611 43 
2020-12-02T15:11:15.802873+09:00 0 0 경기74아3384 3 38 222000107 221000257 50 
2020-12-02T15:12:15.826881+09:00 0 0 경기74아3379 4 69 222000107 222001514 29 
2020-12-02T15:12:15.826944+09:00 0 0 경기74아3087 3 42 222000107 222001515 56 
2020-12-02T15:12:15.826964+09:00 0 0 경기74아3360 3 36 222000107 221000256 35 
2020-12-02T15:12:15.826981+09:00 0 0 경기74아3085 3 41 222000107 222001493 63 
2020-12-02T15:12:15.826997+09:00 0 0 경기74아2905 3 45 222000107 222000616 14 
2020-12-02T15:12:15.827012+09:00 0 0 경기74아3368 4 67 222000107 123000611 43 
2020-12-02T15:12:15.827026+09:00 0 0 경기74아3384 3 38 222000107 221000257 50 
2020-12-02T15:13:15.351046+09:00 0 0 경기74아3087 3 42 222000107 222001515 56 
2020-12-02T15:13:15.351109+09:00 0 0 경기74아3379 4 69 222000107 222001537 30 
2020-12-02T15:13:15.351129+09:00 0 0 경기74아3360 3 36 222000107 221000256 35 
2020-12-02T15:13:15.351145+09:00 0 0 경기74아3085 3 41 222000107 222001521 64 
2020-12-02T15:13:15.351162+09:00 0 0 경기74아2905 3 44 222000107 222000212 16 
2020-12-02T15:13:15.351176+09:00 0 0 경기74아3368 4 67 222000107 123000611 43 
2020-12-02T15:13:15.351190+09:00 0 0 경기74아3384 3 38 222000107 277103218 51 
2020-12-02T15:14:15.005201+09:00 0 0 경기74아3379 4 69 222000107 222001537 30 
2020-12-02T15:14:15.005266+09:00 0 0 경기74아3085 3 41 222000107 222001521 64 
2020-12-02T15:14:15.005286+09:00 0 0 경기74아3087 3 43 222000107 222001515 56 
2020-12-02T15:14:15.005302+09:00 0 0 경기74아3360 3 36 222000107 221000039 36 
2020-12-02T15:14:15.005319+09:00 0 0 경기74아3368 4 67 222000107 123000611 43 
2020-12-02T15:14:15.005334+09:00 0 0 경기74아3384 3 38 222000107 277103216 52 
2020-12-02T15:14:15.005348+09:00 0 0 경기74아2905 3 44 222000107 222001494 18 
2020-12-02T15:15:14.449812+09:00 0 0 경기74아3379 4 69 222000107 222001513 31 
2020-12-02T15:15:14.449872+09:00 0 0 경기74아3087 3 43 222000107 222001530 58 
2020-12-02T15:15:14.449893+09:00 0 0 경기74아3085 3 42 222000107 222001490 65 
2020-12-02T15:15:14.449909+09:00 0 0 경기74아3360 3 36 222000107 277100104 37 
2020-12-02T15:15:14.449925+09:00 0 0 경기74아2905 3 43 222000107 222001494 18 
2020-12-02T15:15:14.449939+09:00 0 0 경기74아3368 4 62 222000107 123000611 43 
2020-12-02T15:15:14.449953+09:00 0 0 경기74아3384 3 38 222000107 277103216 52 
2020-12-02T15:16:14.353402+09:00 0 0 경기74아3360 3 36 222000107 277100104 37 
2020-12-02T15:16:14.353464+09:00 0 0 경기74아3379 4 69 222000107 222001513 31 
2020-12-02T15:16:14.353484+09:00 0 0 경기74아3087 3 44 222000107 222001915 59 
2020-12-02T15:16:14.353509+09:00 0 0 경기74아3085 3 42 222000107 222001490 65 
2020-12-02T15:16:14.353525+09:00 0 0 경기74아3403 3 72 222000107 222001300 2 
2020-12-02T15:16:14.353540+09:00 0 0 경기74아3368 4 62 222000107 277102301 44 
2020-12-02T15:16:14.353553+09:00 0 0 경기74아2905 3 43 222000107 222001491 19 
2020-12-02T15:16:14.353566+09:00 0 0 경기74아3384 3 38 222000107 277103216 52 
2020-12-02T15:17:14.147536+09:00 0 0 경기74아3379 4 69 222000107 222001513 31 
2020-12-02T15:17:14.147600+09:00 0 0 경기74아3087 3 44 222000107 222001528 60 
2020-12-02T15:17:14.147619+09:00 0 0 경기74아3360 3 36 222000107 277103306 38 
2020-12-02T15:17:14.147634+09:00 0 0 경기74아3085 3 42 222000107 222001495 66 
2020-12-02T15:17:14.147650+09:00 0 0 경기74아3403 3 72 222000107 222000623 4 
2020-12-02T15:17:14.147664+09:00 0 0 경기74아3368 4 62 222000107 277102301 44 
2020-12-02T15:17:14.147678+09:00 0 0 경기74아3384 3 38 222000107 277103212 53 
2020-12-02T15:17:14.147692+09:00 0 0 경기74아2905 3 43 222000107 222001491 19 
2020-12-02T15:18:13.801516+09:00 0 0 경기74아3087 3 44 222000107 222001528 60 
2020-12-02T15:18:13.801579+09:00 0 0 경기74아3360 3 36 222000107 277103306 38 
2020-12-02T15:18:13.801599+09:00 0 0 경기74아3403 3 71 222000107 222001313 6 
2020-12-02T15:18:13.801616+09:00 0 0 경기74아3379 4 69 222000107 277103211 32 
2020-12-02T15:18:13.801632+09:00 0 0 경기74아3085 3 42 222000107 222001583 68 
2020-12-02T15:18:13.801647+09:00 0 0 경기74아2905 3 40 222000107 222001522 20 
2020-12-02T15:18:13.801660+09:00 0 0 경기74아3384 3 38 222000107 277103212 53 
2020-12-02T15:18:13.801674+09:00 0 0 경기74아3368 4 62 222000107 277103310 45 
2020-12-02T15:19:13.735645+09:00 0 0 경기74아3360 3 36 222000107 277103306 38 
2020-12-02T15:19:13.735704+09:00 0 0 경기74아3085 3 42 222000107 222001485 70 
2020-12-02T15:19:13.735725+09:00 0 0 경기74아3087 3 44 222000107 222001499 61 
2020-12-02T15:19:13.735741+09:00 0 0 경기74아3379 4 69 222000107 277103211 32 
2020-12-02T15:19:13.735759+09:00 0 0 경기74아3403 3 71 222000107 222001313 6 
2020-12-02T15:19:13.735774+09:00 0 0 경기74아2905 3 40 222000107 222001492 21 
2020-12-02T15:19:13.735788+09:00 0 0 경기74아3384 3 38 222000107 277103212 53 
2020-12-02T15:19:13.735802+09:00 0 0 경기74아3368 4 62 222000107 277102675 46 
2020-12-02T15:20:12.419804+09:00 0 0 경기74아3085 3 42 222000107 222001485 70 
2020-12-02T15:20:12.419867+09:00 0 0 경기74아3403 3 71 222000107 222001313 6 
2020-12-02T15:20:12.419887+09:00 0 0 경기74아3360 3 36 222000107 277102674 39 
2020-12-02T15:20:12.419903+09:00 0 0 경기74아3087 3 45 222000107 222001493 63 
2020-12-02T15:20:12.419919+09:00 0 0 경기74아3379 4 69 222000107 277103211 32 
2020-12-02T15:20:12.419933+09:00 0 0 경기74아3368 4 62 222000107 277102675 46 
2020-12-02T15:20:12.419948+09:00 0 0 경기74아2905 3 40 222000107 222001030 23 
2020-12-02T15:20:12.419961+09:00 0 0 경기74아3384 3 38 222000107 277103212 53 
2020-12-02T15:21:12.313961+09:00 0 0 경기74아3403 3 71 222000107 222000621 7 
2020-12-02T15:21:12.314023+09:00 0 0 경기74아3087 3 45 222000107 222001521 64 
2020-12-02T15:21:12.314043+09:00 0 0 경기74아3379 4 69 222000107 277103215 33 
2020-12-02T15:21:12.314059+09:00 0 0 경기74아3085 3 42 222000107 222000606 73 
2020-12-02T15:21:12.314075+09:00 0 0 경기74아3360 3 36 222000107 277103309 40 
2020-12-02T15:21:12.314090+09:00 0 0 경기74아2905 3 40 222000107 222001527 25 
2020-12-02T15:21:12.314103+09:00 0 0 경기74아3384 3 38 222000107 277103212 53 
2020-12-02T15:21:12.314117+09:00 0 0 경기74아3368 4 62 222000107 277102675 46 
2020-12-02T15:22:11.778173+09:00 0 0 경기74아3087 3 45 222000107 222001521 64 
2020-12-02T15:22:11.778233+09:00 0 0 경기74아3379 4 69 222000107 277103215 33 
2020-12-02T15:22:11.778253+09:00 0 0 경기74아3085 3 42 222000107 222001411 74 
2020-12-02T15:22:11.778268+09:00 0 0 경기74아3360 3 36 222000107 277103308 41 
2020-12-02T15:22:11.778284+09:00 0 0 경기74아3403 3 71 222000107 222000620 8 
2020-12-02T15:22:11.778299+09:00 0 0 경기74아3384 3 40 222000107 222001538 55 
2020-12-02T15:22:11.778313+09:00 0 0 경기74아3368 4 62 222000107 277103307 47 
2020-12-02T15:22:11.778326+09:00 0 0 경기74아2905 3 40 222000107 222001529 27 
2020-12-02T15:23:11.742167+09:00 0 0 경기74아3085 3 42 222000107 222000604 75 
2020-12-02T15:23:11.742227+09:00 0 0 경기74아3360 3 36 222000107 277103308 41 
2020-12-02T15:23:11.742246+09:00 0 0 경기74아3403 3 71 222000107 222000618 10 
2020-12-02T15:23:11.742262+09:00 0 0 경기74아3379 4 69 222000107 277103217 34 
2020-12-02T15:23:11.742278+09:00 0 0 경기74아3087 3 45 222000107 222001490 65 
2020-12-02T15:23:11.742292+09:00 0 0 경기74아3368 4 62 222000107 277103313 48 
2020-12-02T15:23:11.742306+09:00 0 0 경기74아3384 3 40 222000107 222001538 55 
2020-12-02T15:23:11.742320+09:00 0 0 경기74아2905 3 40 222000107 222001518 28 
2020-12-02T15:24:11.656381+09:00 0 0 경기74아3379 4 69 222000107 277103217 34 
2020-12-02T15:24:11.656443+09:00 0 0 경기74아3360 3 36 222000107 277102302 42 
2020-12-02T15:24:11.656463+09:00 0 0 경기74아3087 3 45 222000107 222001490 65 
2020-12-02T15:24:11.656478+09:00 0 0 경기74아3403 3 71 222000107 222001484 13 
2020-12-02T15:24:11.656494+09:00 0 0 경기74아3085 3 42 222000107 222000603 76 
2020-12-02T15:24:11.656508+09:00 0 0 경기74아2905 3 40 222000107 222001514 29 
2020-12-02T15:24:11.656522+09:00 0 0 경기74아3368 4 62 222000107 221000238 49 
2020-12-02T15:24:11.656536+09:00 0 0 경기74아3384 3 40 222000107 222001515 56 
2020-12-02T15:25:11.210591+09:00 0 0 경기74아3085 3 42 222000107 222001314 77 
2020-12-02T15:25:11.210656+09:00 0 0 경기74아3360 3 36 222000107 123000611 43 
2020-12-02T15:25:11.210677+09:00 0 0 경기74아3087 3 45 222000107 222001495 66 
2020-12-02T15:25:11.210693+09:00 0 0 경기74아3379 4 69 222000107 221000256 35 
2020-12-02T15:25:11.210709+09:00 0 0 경기74아3403 3 71 222000107 222000616 14 
2020-12-02T15:25:11.210723+09:00 0 0 경기74아3384 3 40 222000107 222001515 56 
2020-12-02T15:25:11.210738+09:00 0 0 경기74아2905 3 39 222000107 222001514 29 
2020-12-02T15:25:11.210751+09:00 0 0 경기74아3368 4 62 222000107 221000238 49 
2020-12-02T15:26:11.104568+09:00 0 0 경기74아3360 3 36 222000107 123000611 43 
2020-12-02T15:26:11.104631+09:00 0 0 경기74아3379 4 69 222000107 221000256 35 
2020-12-02T15:26:11.104650+09:00 0 0 경기74아3085 3 42 222000107 222000602 78 
2020-12-02T15:26:11.104670+09:00 0 0 경기74아3087 3 45 222000107 222000609 69 
2020-12-02T15:26:11.104686+09:00 0 0 경기74아3403 3 71 222000107 222000212 16 
2020-12-02T15:26:11.104700+09:00 0 0 경기74아2905 3 39 222000107 222001514 29 
2020-12-02T15:26:11.104714+09:00 0 0 경기74아3368 4 62 222000107 221000238 49 
2020-12-02T15:26:11.104727+09:00 0 0 경기74아3384 3 40 222000107 222001519 57 
2020-12-02T15:27:09.848576+09:00 0 0 경기74아3360 3 36 222000107 123000611 43 
2020-12-02T15:27:09.848637+09:00 0 0 경기74아3379 4 69 222000107 221000039 36 
2020-12-02T15:27:09.848657+09:00 0 0 경기74아3085 3 43 222000107 222000601 79 
2020-12-02T15:27:09.848673+09:00 0 0 경기74아3087 3 45 222000107 222000607 72 
2020-12-02T15:27:09.848689+09:00 0 0 경기74아3403 3 71 222000107 222001494 18 
2020-12-02T15:27:09.848704+09:00 0 0 경기74아3368 4 62 222000107 221000257 50 
2020-12-02T15:27:09.848718+09:00 0 0 경기74아2905 3 39 222000107 222001537 30 
2020-12-02T15:27:09.848731+09:00 0 0 경기74아3384 3 40 222000107 222001530 58 
2020-12-02T15:28:09.712770+09:00 0 0 경기74아3360 3 36 222000107 123000611 43 
2020-12-02T15:28:09.712835+09:00 0 0 경기74아3379 4 69 222000107 221000039 36 
2020-12-02T15:28:09.712855+09:00 0 0 경기74아3403 3 71 222000107 222001494 18 
2020-12-02T15:28:09.712871+09:00 0 0 경기74아3087 3 45 222000107 222001411 74 
2020-12-02T15:28:09.712888+09:00 0 0 경기74아3085 3 45 222000107 222000600 80 
2020-12-02T15:28:09.712902+09:00 0 0 경기74아3368 4 62 222000107 221000257 50 
2020-12-02T15:28:09.712917+09:00 0 0 경기74아2905 3 39 222000107 222001537 30 
2020-12-02T15:28:09.712930+09:00 0 0 경기74아3384 3 40 222000107 222001915 59 
2020-12-02T15:29:08.686877+09:00 0 0 경기74아3360 3 36 222000107 123000611 43 
2020-12-02T15:29:08.686939+09:00 0 0 경기74아3403 3 71 222000107 222001491 19 
2020-12-02T15:29:08.686960+09:00 0 0 경기74아3379 4 69 222000107 277100104 37 
2020-12-02T15:29:08.686976+09:00 0 0 경기74아3087 3 45 222000107 222000604 75 
2020-12-02T15:29:08.686993+09:00 0 0 경기74아3384 3 42 222000107 222001528 60 
2020-12-02T15:29:08.687008+09:00 0 0 경기74아3368 4 61 222000107 277103218 51 
2020-12-02T15:29:08.687022+09:00 0 0 경기74아2905 3 37 222000107 222001513 31 
2020-12-02T15:30:08.781011+09:00 0 0 경기74아3360 3 36 222000107 123000611 43 
2020-12-02T15:30:08.781113+09:00 0 0 경기74아3087 3 45 222000107 222000604 75 
2020-12-02T15:30:08.781135+09:00 0 0 경기74아3403 3 71 222000107 222001491 19 
2020-12-02T15:30:08.781152+09:00 0 0 경기74아3379 4 69 222000107 277100104 37 
2020-12-02T15:30:08.781168+09:00 0 0 경기74아3384 3 42 222000107 222001528 60 
2020-12-02T15:30:08.781184+09:00 0 0 경기74아3368 4 61 222000107 277103218 51 
2020-12-02T15:30:08.781198+09:00 0 0 경기74아2905 3 37 222000107 222001513 31 
2020-12-02T15:31:07.735078+09:00 0 0 경기74아3360 3 36 222000107 123000611 43 
2020-12-02T15:31:07.735140+09:00 0 0 경기74아3403 3 71 222000107 222001491 19 
2020-12-02T15:31:07.735160+09:00 0 0 경기74아3379 4 69 222000107 277103306 38 
2020-12-02T15:31:07.735180+09:00 0 0 경기74아3087 3 45 222000107 222000603 76 
2020-12-02T15:31:07.735212+09:00 0 0 경기74아3384 3 42 222000107 222001499 61 
2020-12-02T15:31:07.735227+09:00 0 0 경기74아2905 3 37 222000107 222001513 31 
2020-12-02T15:31:07.735241+09:00 0 0 경기74아3368 4 61 222000107 277103216 52 
2020-12-02T15:32:07.729250+09:00 0 0 경기74아3360 3 36 222000107 123000611 43 
2020-12-02T15:32:07.729312+09:00 0 0 경기74아3379 4 69 222000107 277103306 38 
2020-12-02T15:32:07.729332+09:00 0 0 경기74아3403 3 71 222000107 222001522 20 
2020-12-02T15:32:07.729348+09:00 0 0 경기74아3087 3 45 222000107 222001314 77 
2020-12-02T15:32:07.729364+09:00 0 0 경기74아3368 4 61 222000107 277103216 52 
2020-12-02T15:32:07.729379+09:00 0 0 경기74아2905 3 37 222000107 222001513 31 
2020-12-02T15:32:07.729393+09:00 0 0 경기74아3384 3 42 222000107 222001493 63 
2020-12-02T15:33:06.483194+09:00 0 0 경기74아3379 4 69 222000107 277103306 38 
2020-12-02T15:33:06.483256+09:00 0 0 경기74아3360 3 29 222000107 123000611 43 
2020-12-02T15:33:06.483275+09:00 0 0 경기74아3403 3 67 222000107 222001492 21 
2020-12-02T15:33:06.483290+09:00 0 0 경기74아3087 3 45 222000107 222000601 79 
2020-12-02T15:33:06.483306+09:00 0 0 경기74아3384 3 42 222000107 222001521 64 
2020-12-02T15:33:06.483320+09:00 0 0 경기74아2905 3 37 222000107 277103211 32 
2020-12-02T15:33:06.483334+09:00 0 0 경기74아3368 4 61 222000107 277103216 52 
2020-12-02T15:34:06.407398+09:00 0 0 경기74아3379 4 69 222000107 277103306 38 
2020-12-02T15:34:06.407460+09:00 0 0 경기74아3403 3 67 222000107 222001647 22 
2020-12-02T15:34:06.407480+09:00 0 0 경기74아3358 3 44 222000107 222001300 2 
2020-12-02T15:34:06.407497+09:00 0 0 경기74아3360 3 29 222000107 123000611 43 
2020-12-02T15:34:06.407514+09:00 0 0 경기74아3087 3 45 222000107 222000600 80 
2020-12-02T15:34:06.407529+09:00 0 0 경기74아3384 3 44 222000107 222001521 64 
2020-12-02T15:34:06.407543+09:00 0 0 경기74아2905 3 37 222000107 277103211 32 
2020-12-02T15:34:06.407558+09:00 0 0 경기74아3368 4 61 222000107 277103212 53 
2020-12-02T15:35:06.231723+09:00 0 0 경기74아3379 4 69 222000107 277102674 39 
2020-12-02T15:35:06.231788+09:00 0 0 경기74아3360 3 29 222000107 277102301 44 
2020-12-02T15:35:06.231809+09:00 0 0 경기74아3358 3 44 222000107 222001300 2 
2020-12-02T15:35:06.231825+09:00 0 0 경기74아3403 3 66 222000107 222001498 24 
2020-12-02T15:35:06.231841+09:00 0 0 경기74아3368 4 61 222000107 277103212 53 
2020-12-02T15:35:06.231856+09:00 0 0 경기74아2905 3 37 222000107 277103211 32 
2020-12-02T15:35:06.231870+09:00 0 0 경기74아3384 3 44 222000107 222001490 65 
2020-12-02T15:36:06.005783+09:00 0 0 경기74아3403 3 66 222000107 222001527 25 
2020-12-02T15:36:06.005854+09:00 0 0 경기74아3360 3 29 222000107 277103310 45 
2020-12-02T15:36:06.005874+09:00 0 0 경기74아3358 3 44 222000107 222000624 3 
2020-12-02T15:36:06.005890+09:00 0 0 경기74아3379 4 69 222000107 277103309 40 
2020-12-02T15:36:06.005906+09:00 0 0 경기74아2905 3 37 222000107 277103215 33 
2020-12-02T15:36:06.005921+09:00 0 0 경기74아3384 3 44 222000107 222001490 65 
2020-12-02T15:36:06.005935+09:00 0 0 경기74아3368 4 61 222000107 277103212 53 
2020-12-02T15:37:05.669742+09:00 0 0 경기74아3403 3 66 222000107 222001914 26 
2020-12-02T15:37:05.669805+09:00 0 0 경기74아3379 4 69 222000107 277103308 41 
2020-12-02T15:37:05.669824+09:00 0 0 경기74아3360 3 29 222000107 277102675 46 
2020-12-02T15:37:05.669840+09:00 0 0 경기74아3358 3 42 222000107 222000622 5 
2020-12-02T15:37:05.669856+09:00 0 0 경기74아3368 4 61 222000107 277103212 53 
2020-12-02T15:37:05.669871+09:00 0 0 경기74아3384 3 44 222000107 222001490 65 
2020-12-02T15:37:05.669885+09:00 0 0 경기74아2905 3 37 222000107 277103215 33 
2020-12-02T15:38:05.053899+09:00 0 0 경기74아3360 3 29 222000107 277102675 46 
2020-12-02T15:38:05.053964+09:00 0 0 경기74아3379 4 69 222000107 277103308 41 
2020-12-02T15:38:05.053984+09:00 0 0 경기74아3358 3 42 222000107 222001313 6 
2020-12-02T15:38:05.054001+09:00 0 0 경기74아3403 3 66 222000107 222001529 27 
2020-12-02T15:38:05.054017+09:00 0 0 경기74아2905 3 37 222000107 277103217 34 
2020-12-02T15:38:05.054032+09:00 0 0 경기74아3368 4 61 222000107 222001512 54 
2020-12-02T15:38:05.054046+09:00 0 0 경기74아3384 3 44 222000107 222001495 66 
2020-12-02T15:39:05.058057+09:00 0 0 경기74아3360 3 29 222000107 277102675 46 
2020-12-02T15:39:05.058123+09:00 0 0 경기74아3403 3 65 222000107 222001518 28 
2020-12-02T15:39:05.058144+09:00 0 0 경기74아3379 4 69 222000107 277102302 42 
2020-12-02T15:39:05.058160+09:00 0 0 경기74아3358 3 42 222000107 222000620 8 
2020-12-02T15:39:05.058176+09:00 0 0 경기74아2905 3 37 222000107 221000256 35 
2020-12-02T15:39:05.058191+09:00 0 0 경기74아3384 3 44 222000107 222001465 67 
2020-12-02T15:39:05.058205+09:00 0 0 경기74아3368 4 65 222000107 222001538 55 
2020-12-02T15:40:03.912256+09:00 0 0 경기74아3403 3 65 222000107 222001518 28 
2020-12-02T15:40:03.912317+09:00 0 0 경기74아3379 4 69 222000107 123000611 43 
2020-12-02T15:40:03.912337+09:00 0 0 경기74아3358 3 42 222000107 222000686 9 
2020-12-02T15:40:03.912353+09:00 0 0 경기74아3360 3 29 222000107 277103307 47 
2020-12-02T15:40:03.912369+09:00 0 0 경기74아3368 4 68 222000107 222001515 56 
2020-12-02T15:40:03.912384+09:00 0 0 경기74아2905 3 37 222000107 221000256 35 
2020-12-02T15:40:03.912398+09:00 0 0 경기74아3384 3 44 222000107 222001485 70 
2020-12-02T15:41:03.426084+09:00 0 0 경기74아3379 4 69 222000107 123000611 43 
2020-12-02T15:41:03.426148+09:00 0 0 경기74아3358 3 42 222000107 222000686 9 
2020-12-02T15:41:03.426168+09:00 0 0 경기74아3403 3 63 222000107 222001514 29 
2020-12-02T15:41:03.426187+09:00 0 0 경기74아3360 3 29 222000107 277103313 48 
2020-12-02T15:41:03.426204+09:00 0 0 경기74아3368 4 68 222000107 222001515 56 
2020-12-02T15:41:03.426219+09:00 0 0 경기74아2905 3 37 222000107 221000039 36 
2020-12-02T15:41:03.426233+09:00 0 0 경기74아3384 3 44 222000107 222000608 71 
2020-12-02T15:42:03.170352+09:00 0 0 경기74아3379 4 69 222000107 123000611 43 
2020-12-02T15:42:03.170414+09:00 0 0 경기74아3403 3 63 222000107 222001514 29 
2020-12-02T15:42:03.170434+09:00 0 0 경기74아3360 3 29 222000107 221000238 49 
2020-12-02T15:42:03.170450+09:00 0 0 경기74아3358 3 42 222000107 222001484 13 
2020-12-02T15:42:03.170465+09:00 0 0 경기74아2905 3 37 222000107 277100104 37 
2020-12-02T15:42:03.170480+09:00 0 0 경기74아3368 4 68 222000107 222001515 56 
2020-12-02T15:42:03.170494+09:00 0 0 경기74아3384 3 44 222000107 222000607 72 
2020-12-02T15:43:02.914383+09:00 0 0 경기74아3379 4 69 222000107 123000611 43 
2020-12-02T15:43:02.914454+09:00 0 0 경기74아3360 3 29 222000107 221000238 49 
2020-12-02T15:43:02.914474+09:00 0 0 경기74아3358 3 42 222000107 222001464 17 
2020-12-02T15:43:02.914491+09:00 0 0 경기74아3403 3 62 222000107 222001537 30 
2020-12-02T15:43:02.914507+09:00 0 0 경기74아2905 3 37 222000107 277100104 37 
2020-12-02T15:43:02.914522+09:00 0 0 경기74아3384 3 44 222000107 222000606 73 
2020-12-02T15:43:02.914536+09:00 0 0 경기74아3368 4 69 222000107 222001530 58 
2020-12-02T15:44:02.748641+09:00 0 0 경기74아3379 4 69 222000107 123000611 43 
2020-12-02T15:44:02.748701+09:00 0 0 경기74아3403 3 62 222000107 222001537 30 
2020-12-02T15:44:02.748721+09:00 0 0 경기74아3358 3 42 222000107 222001494 18 
2020-12-02T15:44:02.748738+09:00 0 0 경기74아3360 3 29 222000107 221000238 49 
2020-12-02T15:44:02.748754+09:00 0 0 경기74아3368 4 69 222000107 222001915 59 
2020-12-02T15:44:02.748768+09:00 0 0 경기74아2905 3 37 222000107 277103306 38 
2020-12-02T15:44:02.748782+09:00 0 0 경기74아3384 3 44 222000107 222000604 75 
2020-12-02T15:45:02.492662+09:00 0 0 경기74아3379 4 69 222000107 123000611 43 
2020-12-02T15:45:02.492724+09:00 0 0 경기74아3358 3 43 222000107 222001494 18 
2020-12-02T15:45:02.492743+09:00 0 0 경기74아3360 3 29 222000107 221000257 50 
2020-12-02T15:45:02.492759+09:00 0 0 경기74아3403 3 62 222000107 222001513 31 
2020-12-02T15:45:02.492775+09:00 0 0 경기74아2905 3 37 222000107 277103306 38 
2020-12-02T15:45:02.492790+09:00 0 0 경기74아3368 4 69 222000107 222001528 60 
2020-12-02T15:45:02.492804+09:00 0 0 경기74아3384 3 44 222000107 222000603 76 
2020-12-02T15:46:02.366841+09:00 0 0 경기74아3379 4 69 222000107 123000611 43 
2020-12-02T15:46:02.366905+09:00 0 0 경기74아3360 3 29 222000107 221000257 50 
2020-12-02T15:46:02.366926+09:00 0 0 경기74아3358 3 43 222000107 222001491 19 
2020-12-02T15:46:02.366943+09:00 0 0 경기74아3421 4 70 222000107 222001626 1 
2020-12-02T15:46:02.366959+09:00 0 0 경기74아3403 3 61 222000107 222001513 31 
2020-12-02T15:46:02.366974+09:00 0 0 경기74아2905 3 37 222000107 277103306 38 
2020-12-02T15:46:02.366988+09:00 0 0 경기74아3368 4 69 222000107 222001528 60 
2020-12-02T15:46:02.367002+09:00 0 0 경기74아3384 3 45 222000107 222000601 79 
2020-12-02T15:47:01.960970+09:00 0 0 경기74아3358 3 43 222000107 222001491 19 
2020-12-02T15:47:01.961065+09:00 0 0 경기74아3360 3 29 222000107 277103218 51 
2020-12-02T15:47:01.961093+09:00 0 0 경기74아3379 4 65 222000107 123000611 43 
2020-12-02T15:47:01.961110+09:00 0 0 경기74아3421 4 70 222000107 222000624 3 
2020-12-02T15:47:01.961127+09:00 0 0 경기74아3403 3 61 222000107 222001513 31 
2020-12-02T15:47:01.961143+09:00 0 0 경기74아3384 3 45 222000107 222000601 79 
2020-12-02T15:47:01.961157+09:00 0 0 경기74아2905 3 37 222000107 277102674 39 
2020-12-02T15:47:01.961170+09:00 0 0 경기74아3368 4 69 222000107 222001499 61 
2020-12-02T15:48:01.865082+09:00 0 0 경기74아3358 3 43 222000107 222001522 20 
2020-12-02T15:48:01.865145+09:00 0 0 경기74아3403 3 61 222000107 277103211 32 
2020-12-02T15:48:01.865168+09:00 0 0 경기74아3421 4 69 222000107 222000622 5 
2020-12-02T15:48:01.865187+09:00 0 0 경기74아3379 4 65 222000107 123000611 43 
2020-12-02T15:48:01.865206+09:00 0 0 경기74아3360 3 29 222000107 277103216 52 
2020-12-02T15:48:01.865223+09:00 0 0 경기74아2905 3 37 222000107 277103309 40 
2020-12-02T15:48:01.865239+09:00 0 0 경기74아3368 4 71 222000107 222001493 63 
2020-12-02T15:49:01.689067+09:00 0 0 경기74아3379 4 65 222000107 123000611 43 
2020-12-02T15:49:01.689114+09:00 0 0 경기74아3421 4 69 222000107 222001313 6 
2020-12-02T15:49:01.689134+09:00 0 0 경기74아3360 3 29 222000107 277103216 52 
2020-12-02T15:49:01.689150+09:00 0 0 경기74아3358 3 42 222000107 222001492 21 
2020-12-02T15:49:01.689167+09:00 0 0 경기74아3403 3 61 222000107 277103211 32 
2020-12-02T15:49:01.689181+09:00 0 0 경기74아2905 3 37 222000107 277103309 40 
2020-12-02T15:49:01.689195+09:00 0 0 경기74아3368 4 73 222000107 222001521 64 
2020-12-02T15:50:01.263153+09:00 0 0 경기74아3421 4 69 222000107 222001313 6 
2020-12-02T15:50:01.263216+09:00 0 0 경기74아3403 3 61 222000107 277103211 32 
2020-12-02T15:50:01.263236+09:00 0 0 경기74아3379 4 65 222000107 277102301 44 
2020-12-02T15:50:01.263252+09:00 0 0 경기74아3360 3 29 222000107 277103216 52 
2020-12-02T15:50:01.263267+09:00 0 0 경기74아3358 3 42 222000107 222001647 22 
2020-12-02T15:50:01.263282+09:00 0 0 경기74아3368 4 73 222000107 222001521 64 
2020-12-02T15:50:01.263296+09:00 0 0 경기74아2905 3 37 222000107 277103308 41 
2020-12-02T15:51:01.047245+09:00 0 0 경기74아3421 4 69 222000107 222000621 7 
2020-12-02T15:51:01.047308+09:00 0 0 경기74아3403 3 61 222000107 277103211 32 
2020-12-02T15:51:01.047328+09:00 0 0 경기74아3360 3 29 222000107 277103212 53 
2020-12-02T15:51:01.047344+09:00 0 0 경기74아3358 3 41 222000107 222001498 24 
2020-12-02T15:51:01.047360+09:00 0 0 경기74아3379 4 65 222000107 277103310 45 
2020-12-02T15:51:01.047376+09:00 0 0 경기74아3368 4 73 222000107 222001490 65 
2020-12-02T15:51:01.047390+09:00 0 0 경기74아2905 3 37 222000107 277102302 42 
2020-12-02T15:52:00.621313+09:00 0 0 경기74아3360 3 29 222000107 277103212 53 
2020-12-02T15:52:00.621382+09:00 0 0 경기74아3403 3 61 222000107 277103215 33 
2020-12-02T15:52:00.621403+09:00 0 0 경기74아3358 3 41 222000107 222001914 26 
2020-12-02T15:52:00.621422+09:00 0 0 경기74아3421 4 69 222000107 222000620 8 
2020-12-02T15:52:00.621439+09:00 0 0 경기74아3379 4 65 222000107 277102675 46 
2020-12-02T15:52:00.621454+09:00 0 0 경기74아2905 3 37 222000107 277102302 42 
2020-12-02T15:52:00.621468+09:00 0 0 경기74아3368 4 73 222000107 222001495 66 
2020-12-02T15:53:00.805311+09:00 0 0 경기74아3358 3 41 222000107 222001914 26 
2020-12-02T15:53:00.805371+09:00 0 0 경기74아3379 4 65 222000107 277102675 46 
2020-12-02T15:53:00.805448+09:00 0 0 경기74아3360 3 30 222000107 277103212 53 
2020-12-02T15:53:00.805466+09:00 0 0 경기74아3421 4 69 222000107 222000620 8 
2020-12-02T15:53:00.805483+09:00 0 0 경기74아3403 3 61 222000107 277103217 34 
2020-12-02T15:53:00.805498+09:00 0 0 경기74아2905 3 37 222000107 277102302 42 
2020-12-02T15:53:00.805512+09:00 0 0 경기74아3368 4 73 222000107 222001583 68 
2020-12-02T15:54:00.289285+09:00 0 0 경기74아3379 4 65 222000107 277102675 46 
2020-12-02T15:54:00.289348+09:00 0 0 경기74아3403 3 61 222000107 277103217 34 
2020-12-02T15:54:00.289368+09:00 0 0 경기74아3421 4 69 222000107 222000686 9 
2020-12-02T15:54:00.289384+09:00 0 0 경기74아3360 3 31 222000107 277103212 53 
2020-12-02T15:54:00.289400+09:00 0 0 경기74아3358 3 40 222000107 222001529 27 
2020-12-02T15:54:00.289414+09:00 0 0 경기74아2905 3 37 222000107 123000611 43 
2020-12-02T15:54:00.289428+09:00 0 0 경기74아3368 4 73 222000107 222000607 72 
2020-12-02T15:55:00.043323+09:00 0 0 경기74아3379 4 65 222000107 277102675 46 
2020-12-02T15:55:00.043386+09:00 0 0 경기74아3403 3 61 222000107 221000256 35 
2020-12-02T15:55:00.043406+09:00 0 0 경기74아3358 3 40 222000107 222001518 28 
2020-12-02T15:55:00.043423+09:00 0 0 경기74아3421 4 69 222000107 222000617 11 
2020-12-02T15:55:00.043439+09:00 0 0 경기74아3360 3 30 222000107 222001512 54 
2020-12-02T15:55:00.043454+09:00 0 0 경기74아3368 4 73 222000107 222000606 73 
2020-12-02T15:55:00.043468+09:00 0 0 경기74아2905 3 37 222000107 123000611 43 
2020-12-02T15:55:59.727663+09:00 0 0 경기74아3358 3 40 222000107 222001518 28 
2020-12-02T15:55:59.727727+09:00 0 0 경기74아3360 3 31 222000107 222001538 55 
2020-12-02T15:55:59.727748+09:00 0 0 경기74아3421 4 69 222000107 222001484 13 
2020-12-02T15:55:59.727765+09:00 0 0 경기74아3379 4 65 222000107 277103307 47 
2020-12-02T15:55:59.727781+09:00 0 0 경기74아3403 3 62 222000107 221000039 36 
2020-12-02T15:55:59.727797+09:00 0 0 경기74아3368 4 73 222000107 222001411 74 
2020-12-02T15:55:59.727810+09:00 0 0 경기74아2905 3 37 222000107 123000611 43 
2020-12-02T15:56:59.571410+09:00 0 0 경기74아3421 4 69 222000107 222000616 14 
2020-12-02T15:56:59.571476+09:00 0 0 경기74아3403 3 62 222000107 221000039 36 
2020-12-02T15:56:59.571496+09:00 0 0 경기74아3360 3 32 222000107 222001515 56 
2020-12-02T15:56:59.571512+09:00 0 0 경기74아3379 4 65 222000107 277103313 48 
2020-12-02T15:56:59.571528+09:00 0 0 경기74아3358 3 41 222000107 222001537 30 
2020-12-02T15:56:59.571543+09:00 0 0 경기74아3368 4 73 222000107 222000604 75 
2020-12-02T15:56:59.571556+09:00 0 0 경기74아2905 3 37 222000107 123000611 43 
2020-12-02T15:57:59.335507+09:00 0 0 경기74아3360 3 32 222000107 222001515 56 
2020-12-02T15:57:59.335568+09:00 0 0 경기74아3403 3 62 222000107 221000039 36 
2020-12-02T15:57:59.335587+09:00 0 0 경기74아3358 3 41 222000107 222001537 30 
2020-12-02T15:57:59.335603+09:00 0 0 경기74아3421 4 69 222000107 222000616 14 
2020-12-02T15:57:59.335619+09:00 0 0 경기74아3379 4 65 222000107 221000238 49 
2020-12-02T15:57:59.335633+09:00 0 0 경기74아3368 4 73 222000107 222000603 76 
2020-12-02T15:57:59.335647+09:00 0 0 경기74아2905 3 37 222000107 123000611 43 
2020-12-02T15:58:59.319525+09:00 0 0 경기74아3403 3 62 222000107 277100104 37 
2020-12-02T15:58:59.319587+09:00 0 0 경기74아3421 4 69 222000107 222001464 17 
2020-12-02T15:58:59.319607+09:00 0 0 경기74아3360 3 31 222000107 222001519 57 
2020-12-02T15:58:59.319622+09:00 0 0 경기74아3358 3 41 222000107 222001513 31 
2020-12-02T15:58:59.319638+09:00 0 0 경기74아3379 4 65 222000107 221000238 49 
2020-12-02T15:58:59.319653+09:00 0 0 경기74아2905 3 37 222000107 123000611 43 
2020-12-02T15:58:59.319667+09:00 0 0 경기74아3368 4 73 222000107 222000601 79 
2020-12-02T15:59:59.133715+09:00 0 0 경기74아3421 4 67 222000107 222001494 18 
2020-12-02T15:59:59.133779+09:00 0 0 경기74아3379 4 65 222000107 221000238 49 
2020-12-02T15:59:59.133799+09:00 0 0 경기74아3360 3 32 222000107 222001530 58 
2020-12-02T15:59:59.133815+09:00 0 0 경기74아3358 3 41 222000107 222001513 31 
2020-12-02T15:59:59.133831+09:00 0 0 경기74아3403 3 62 222000107 277103306 38 
2020-12-02T15:59:59.133845+09:00 0 0 경기74아2905 3 37 222000107 123000611 43 
2020-12-02T15:59:59.133859+09:00 0 0 경기74아3368 4 73 222000107 222000601 79 
2020-12-02T16:00:58.757662+09:00 0 0 경기74아3358 3 41 222000107 222001513 31 
2020-12-02T16:00:58.757734+09:00 0 0 경기74아3379 4 65 222000107 221000257 50 
2020-12-02T16:00:58.757755+09:00 0 0 경기74아3403 3 62 222000107 277103306 38 
2020-12-02T16:00:58.757771+09:00 0 0 경기74아3360 3 32 222000107 222001528 60 
2020-12-02T16:00:58.757787+09:00 0 0 경기74아3421 4 67 222000107 222001494 18 
2020-12-02T16:00:58.757802+09:00 0 0 경기74아2905 3 37 222000107 123000611 43 
2020-12-02T16:01:58.341754+09:00 0 0 경기74아3379 4 65 222000107 221000257 50 
2020-12-02T16:01:58.341816+09:00 0 0 경기74아3403 3 62 222000107 277103306 38 
2020-12-02T16:01:58.341837+09:00 0 0 경기74아3360 3 32 222000107 222001528 60 
2020-12-02T16:01:58.341853+09:00 0 0 경기74아3358 3 41 222000107 222001513 31 
2020-12-02T16:01:58.341869+09:00 0 0 경기74아3421 4 67 222000107 222001491 19 
2020-12-02T16:01:58.341884+09:00 0 0 경기74아3397 3 45 222000107 222001626 1 
2020-12-02T16:01:58.341898+09:00 0 0 경기74아2905 3 37 222000107 123000611 43 
2020-12-02T16:02:58.066008+09:00 0 0 경기74아3421 4 67 222000107 222001491 19 
2020-12-02T16:02:58.066070+09:00 0 0 경기74아3360 3 33 222000107 222001499 61 
2020-12-02T16:02:58.066090+09:00 0 0 경기74아3379 4 64 222000107 277103218 51 
2020-12-02T16:02:58.066106+09:00 0 0 경기74아3358 3 41 222000107 277103211 32 
2020-12-02T16:02:58.066123+09:00 0 0 경기74아3397 3 45 222000107 222001300 2 
2020-12-02T16:02:58.066137+09:00 0 0 경기74아3403 3 62 222000107 277102674 39 
2020-12-02T16:02:58.066151+09:00 0 0 경기74아2905 3 34 222000107 123000611 43 
2020-12-02T16:03:57.869961+09:00 0 0 경기74아3421 4 67 222000107 222001522 20 
2020-12-02T16:03:57.870023+09:00 0 0 경기74아3358 3 41 222000107 277103211 32 
2020-12-02T16:03:57.870044+09:00 0 0 경기74아3403 3 62 222000107 277103309 40 
2020-12-02T16:03:57.870060+09:00 0 0 경기74아3379 4 64 222000107 277103218 51 
2020-12-02T16:03:57.870076+09:00 0 0 경기74아3360 3 34 222000107 222001493 63 
2020-12-02T16:03:57.870091+09:00 0 0 경기74아3397 3 45 222000107 222001300 2 
2020-12-02T16:03:57.870104+09:00 0 0 경기74아2905 3 34 222000107 123000611 43 
2020-12-02T16:04:57.624079+09:00 0 0 경기74아3379 4 64 222000107 277103216 52 
2020-12-02T16:04:57.624140+09:00 0 0 경기74아3360 3 34 222000107 222001493 63 
2020-12-02T16:04:57.624160+09:00 0 0 경기74아3403 3 62 222000107 277103309 40 
2020-12-02T16:04:57.624176+09:00 0 0 경기74아3421 4 66 222000107 222001522 20 
2020-12-02T16:04:57.624192+09:00 0 0 경기74아3358 3 41 222000107 277103211 32 
2020-12-02T16:04:57.624207+09:00 0 0 경기74아3397 3 45 222000107 222000624 3 
2020-12-02T16:04:57.624221+09:00 0 0 경기74아2905 3 34 222000107 277102301 44 
2020-12-02T16:05:57.179470+09:00 0 0 경기74아3360 3 34 222000107 222001493 63 
2020-12-02T16:05:57.179529+09:00 0 0 경기74아3379 4 64 222000107 277103216 52 
2020-12-02T16:05:57.179549+09:00 0 0 경기74아3421 4 66 222000107 222001492 21 
2020-12-02T16:05:57.179564+09:00 0 0 경기74아3403 3 62 222000107 277103308 41 
2020-12-02T16:05:57.179580+09:00 0 0 경기74아3397 3 45 222000107 222000622 5 
2020-12-02T16:05:57.179595+09:00 0 0 경기74아3358 3 41 222000107 277103215 33 
2020-12-02T16:05:57.179609+09:00 0 0 경기74아2905 3 34 222000107 277102301 44 
2020-12-02T16:06:56.912151+09:00 0 0 경기74아3360 3 34 222000107 222001521 64 
2020-12-02T16:06:56.912212+09:00 0 0 경기74아3358 3 41 222000107 277103215 33 
2020-12-02T16:06:56.912232+09:00 0 0 경기74아3403 3 62 222000107 277103308 41 
2020-12-02T16:06:56.912248+09:00 0 0 경기74아3397 3 45 222000107 222001313 6 
2020-12-02T16:06:56.912264+09:00 0 0 경기74아3421 4 65 222000107 222001647 22 
2020-12-02T16:06:56.912279+09:00 0 0 경기74아3379 4 64 222000107 277103212 53 
2020-12-02T16:06:56.912293+09:00 0 0 경기74아2905 3 34 222000107 277103310 45 
2020-12-02T16:07:56.866324+09:00 0 0 경기74아3360 3 34 222000107 222001521 64 
2020-12-02T16:07:56.866386+09:00 0 0 경기74아3421 4 65 222000107 222001030 23 
2020-12-02T16:07:56.866405+09:00 0 0 경기74아3403 3 62 222000107 277102302 42 
2020-12-02T16:07:56.866421+09:00 0 0 경기74아3397 3 45 222000107 222000621 7 
2020-12-02T16:07:56.866437+09:00 0 0 경기74아3379 4 64 222000107 277103212 53 
2020-12-02T16:07:56.866452+09:00 0 0 경기74아3358 3 41 222000107 277103217 34 
2020-12-02T16:07:56.866467+09:00 0 0 경기74아2905 3 34 222000107 277102675 46 
2020-12-02T16:08:56.490821+09:00 0 0 경기74아3360 3 34 222000107 222001521 64 
2020-12-02T16:08:56.490883+09:00 0 0 경기74아3379 4 64 222000107 277103212 53 
2020-12-02T16:08:56.490904+09:00 0 0 경기74아3358 3 41 222000107 277103217 34 
2020-12-02T16:08:56.490920+09:00 0 0 경기74아3403 3 62 222000107 277102302 42 
2020-12-02T16:08:56.490936+09:00 0 0 경기74아3397 3 45 222000107 222000621 7 
2020-12-02T16:08:56.490951+09:00 0 0 경기74아3421 4 64 222000107 222001498 24 
2020-12-02T16:08:56.490965+09:00 0 0 경기74아2905 3 34 222000107 277102675 46 
2020-12-02T16:09:56.104512+09:00 0 0 경기74아3360 3 34 222000107 222001521 64 
2020-12-02T16:09:56.104572+09:00 0 0 경기74아3403 3 62 222000107 123000611 43 
2020-12-02T16:09:56.104593+09:00 0 0 경기74아3358 3 41 222000107 221000256 35 
2020-12-02T16:09:56.104608+09:00 0 0 경기74아3379 4 64 222000107 277103212 53 
2020-12-02T16:09:56.104624+09:00 0 0 경기74아3421 4 64 222000107 222001914 26 
2020-12-02T16:09:56.104639+09:00 0 0 경기74아3397 3 45 222000107 222000620 8 
2020-12-02T16:09:56.104652+09:00 0 0 경기74아2905 3 34 222000107 277102675 46 
2020-12-02T16:10:55.536911+09:00 0 0 경기74아3360 3 34 222000107 222001521 64 
2020-12-02T16:10:55.536964+09:00 0 0 경기74아3403 3 62 222000107 123000611 43 
2020-12-02T16:10:55.536983+09:00 0 0 경기74아3379 4 64 222000107 277103212 53 
2020-12-02T16:10:55.537000+09:00 0 0 경기74아3421 4 63 222000107 222001518 28 
2020-12-02T16:10:55.537015+09:00 0 0 경기74아3358 3 41 222000107 221000256 35 
2020-12-02T16:10:55.537066+09:00 0 0 경기74아3397 3 45 222000107 222000620 8 
2020-12-02T16:10:55.537087+09:00 0 0 경기74아2905 3 34 222000107 277103307 47 
2020-12-02T16:11:55.592648+09:00 0 0 경기74아3403 3 62 222000107 123000611 43 
2020-12-02T16:11:55.592710+09:00 0 0 경기74아3379 4 64 222000107 277103212 53 
2020-12-02T16:11:55.592731+09:00 0 0 경기74아3421 4 63 222000107 222001518 28 
2020-12-02T16:11:55.592750+09:00 0 0 경기74아3360 3 34 222000107 222001521 64 
2020-12-02T16:11:55.592768+09:00 0 0 경기74아3397 3 45 222000107 222000686 9 
2020-12-02T16:11:55.592785+09:00 0 0 경기74아3358 3 41 222000107 221000039 36 
2020-12-02T16:11:55.592801+09:00 0 0 경기74아2905 3 34 222000107 277103307 47 
2020-12-02T16:12:55.516877+09:00 0 0 경기74아3403 3 62 222000107 123000611 43 
2020-12-02T16:12:55.516938+09:00 0 0 경기74아3360 3 34 222000107 222001521 64 
2020-12-02T16:12:55.516960+09:00 0 0 경기74아3358 3 41 222000107 277100104 37 
2020-12-02T16:12:55.516977+09:00 0 0 경기74아3421 4 63 222000107 222001514 29 
2020-12-02T16:12:55.516994+09:00 0 0 경기74아3379 4 65 222000107 222001512 54 
2020-12-02T16:12:55.517009+09:00 0 0 경기74아3397 3 45 222000107 222000618 10 
2020-12-02T16:12:55.517025+09:00 0 0 경기74아2905 3 34 222000107 277103313 48 
2020-12-02T16:13:54.900879+09:00 0 0 경기74아3403 3 62 222000107 123000611 43 
2020-12-02T16:13:54.900940+09:00 0 0 경기74아3360 3 34 222000107 222001490 65 
2020-12-02T16:13:54.900961+09:00 0 0 경기74아3421 4 61 222000107 222001514 29 
2020-12-02T16:13:54.900978+09:00 0 0 경기74아3379 4 67 222000107 222001538 55 
2020-12-02T16:13:54.900994+09:00 0 0 경기74아3358 3 41 222000107 277103306 38 
2020-12-02T16:13:54.901009+09:00 0 0 경기74아3397 3 45 222000107 222000687 12 
2020-12-02T16:13:54.901024+09:00 0 0 경기74아2905 3 34 222000107 221000238 49 
2020-12-02T16:14:54.864930+09:00 0 0 경기74아3403 3 62 222000107 123000611 43 
2020-12-02T16:14:54.864990+09:00 0 0 경기74아3421 4 61 222000107 222001514 29 
2020-12-02T16:14:54.865009+09:00 0 0 경기74아3379 4 67 222000107 222001538 55 
2020-12-02T16:14:54.865024+09:00 0 0 경기74아3358 3 41 222000107 277103306 38 
2020-12-02T16:14:54.865080+09:00 0 0 경기74아3360 3 34 222000107 222001490 65 
2020-12-02T16:14:54.865097+09:00 0 0 경기74아3397 3 45 222000107 222001584 15 
2020-12-02T16:14:54.865111+09:00 0 0 경기74아2905 3 34 222000107 221000238 49 
2020-12-02T16:15:54.119821+09:00 0 0 경기74아3403 3 62 222000107 123000611 43 
2020-12-02T16:15:54.119883+09:00 0 0 경기74아3358 3 41 222000107 277103306 38 
2020-12-02T16:15:54.119903+09:00 0 0 경기74아3379 4 67 222000107 222001515 56 
2020-12-02T16:15:54.119920+09:00 0 0 경기74아3385 3 45 222000107 222001626 1 
2020-12-02T16:15:54.119937+09:00 0 0 경기74아3360 3 35 222000107 222001495 66 
2020-12-02T16:15:54.119952+09:00 0 0 경기74아3397 3 45 222000107 222001494 18 
2020-12-02T16:15:54.119965+09:00 0 0 경기74아3421 4 61 222000107 222001513 31 
2020-12-02T16:15:54.119979+09:00 0 0 경기74아2905 3 34 222000107 221000238 49 
2020-12-02T16:16:53.893213+09:00 0 0 경기74아3379 4 67 222000107 222001515 56 
2020-12-02T16:16:53.893277+09:00 0 0 경기74아3421 4 61 222000107 222001513 31 
2020-12-02T16:16:53.893298+09:00 0 0 경기74아3385 3 45 222000107 222001300 2 
2020-12-02T16:16:53.893314+09:00 0 0 경기74아3360 3 35 222000107 222001465 67 
2020-12-02T16:16:53.893331+09:00 0 0 경기74아3358 3 41 222000107 277102674 39 
2020-12-02T16:16:53.893345+09:00 0 0 경기74아3403 3 59 222000107 123000611 43 
2020-12-02T16:16:53.893359+09:00 0 0 경기74아3397 3 43 222000107 222001494 18 
2020-12-02T16:16:53.893372+09:00 0 0 경기74아2905 3 34 222000107 221000257 50 
2020-12-02T16:17:53.667146+09:00 0 0 경기74아3403 3 59 222000107 123000611 43 
2020-12-02T16:17:53.667187+09:00 0 0 경기74아3360 3 35 222000107 222001485 70 
2020-12-02T16:17:53.667206+09:00 0 0 경기74아3421 4 61 222000107 222001513 31 
2020-12-02T16:17:53.667222+09:00 0 0 경기74아3397 3 43 222000107 222001491 19 
2020-12-02T16:17:53.667238+09:00 0 0 경기74아3358 3 41 222000107 277103309 40 
2020-12-02T16:17:53.667253+09:00 0 0 경기74아3379 4 67 222000107 222001519 57 
2020-12-02T16:17:53.667267+09:00 0 0 경기74아3385 3 45 222000107 222000623 4 
2020-12-02T16:17:53.667280+09:00 0 0 경기74아2905 3 34 222000107 221000257 50 
2020-12-02T16:18:53.301389+09:00 0 0 경기74아3421 4 61 222000107 222001513 31 
2020-12-02T16:18:53.301450+09:00 0 0 경기74아3397 3 43 222000107 222001491 19 
2020-12-02T16:18:53.301469+09:00 0 0 경기74아3360 3 35 222000107 222001485 70 
2020-12-02T16:18:53.301485+09:00 0 0 경기74아3403 3 59 222000107 123000611 43 
2020-12-02T16:18:53.301501+09:00 0 0 경기74아3385 3 45 222000107 222001313 6 
2020-12-02T16:18:53.301516+09:00 0 0 경기74아3379 4 67 222000107 222001530 58 
2020-12-02T16:18:53.301530+09:00 0 0 경기74아3358 3 41 222000107 277103309 40 
2020-12-02T16:18:53.301543+09:00 0 0 경기74아2905 3 34 222000107 277103218 51 
2020-12-02T16:19:52.615407+09:00 0 0 경기74아3397 3 43 222000107 222001491 19 
2020-12-02T16:19:52.615466+09:00 0 0 경기74아3403 3 59 222000107 277102301 44 
2020-12-02T16:19:52.615485+09:00 0 0 경기74아3385 3 45 222000107 222001313 6 
2020-12-02T16:19:52.615501+09:00 0 0 경기74아3358 3 41 222000107 277103308 41 
2020-12-02T16:19:52.615517+09:00 0 0 경기74아3421 4 61 222000107 222001513 31 
2020-12-02T16:19:52.615531+09:00 0 0 경기74아3360 3 35 222000107 222000606 73 
2020-12-02T16:19:52.615545+09:00 0 0 경기74아3379 4 67 222000107 222001528 60 
2020-12-02T16:19:52.615558+09:00 0 0 경기74아2905 3 34 222000107 277103218 51 
2020-12-02T16:20:51.439566+09:00 0 0 경기74아3397 3 43 222000107 222001491 19 
2020-12-02T16:20:51.439627+09:00 0 0 경기74아3385 3 45 222000107 222000621 7 
2020-12-02T16:20:51.439647+09:00 0 0 경기74아3358 3 41 222000107 277102302 42 
2020-12-02T16:20:51.439663+09:00 0 0 경기74아3379 4 69 222000107 222001499 61 
2020-12-02T16:20:51.439679+09:00 0 0 경기74아3403 3 59 222000107 277103310 45 
2020-12-02T16:20:51.439694+09:00 0 0 경기74아3360 3 35 222000107 222001411 74 
2020-12-02T16:20:51.439708+09:00 0 0 경기74아3421 4 61 222000107 277103211 32 
2020-12-02T16:20:51.439721+09:00 0 0 경기74아2905 3 34 222000107 277103216 52 
2020-12-02T16:21:51.483656+09:00 0 0 경기74아3358 3 41 222000107 277102302 42 
2020-12-02T16:21:51.483718+09:00 0 0 경기74아3403 3 59 222000107 277102675 46 
2020-12-02T16:21:51.483738+09:00 0 0 경기74아3421 4 61 222000107 277103211 32 
2020-12-02T16:21:51.483754+09:00 0 0 경기74아3360 3 35 222000107 222000603 76 
2020-12-02T16:21:51.483771+09:00 0 0 경기74아3379 4 70 222000107 222001646 62 
2020-12-02T16:21:51.483785+09:00 0 0 경기74아3397 3 44 222000107 222001522 20 
2020-12-02T16:21:51.483799+09:00 0 0 경기74아3385 3 45 222000107 222000620 8 
2020-12-02T16:21:51.483813+09:00 0 0 경기74아2905 3 34 222000107 277103216 52 
2020-12-02T16:22:51.467822+09:00 0 0 경기74아3403 3 59 222000107 277102675 46 
2020-12-02T16:22:51.467885+09:00 0 0 경기74아3379 4 70 222000107 222001493 63 
2020-12-02T16:22:51.467906+09:00 0 0 경기74아3421 4 61 222000107 277103211 32 
2020-12-02T16:22:51.467921+09:00 0 0 경기74아3360 3 36 222000107 222001314 77 
2020-12-02T16:22:51.467938+09:00 0 0 경기74아3385 3 45 222000107 222000686 9 
2020-12-02T16:22:51.467952+09:00 0 0 경기74아3397 3 43 222000107 222001492 21 
2020-12-02T16:22:51.467966+09:00 0 0 경기74아3358 3 41 222000107 277102302 42 
2020-12-02T16:22:51.467979+09:00 0 0 경기74아2905 3 34 222000107 277103216 52 
2020-12-02T16:23:50.601702+09:00 0 0 경기74아3403 3 59 222000107 277102675 46 
2020-12-02T16:23:50.601763+09:00 0 0 경기74아3360 3 36 222000107 222001314 77 
2020-12-02T16:23:50.601784+09:00 0 0 경기74아3379 4 70 222000107 222001521 64 
2020-12-02T16:23:50.601800+09:00 0 0 경기74아3358 3 41 222000107 123000611 43 
2020-12-02T16:23:50.601817+09:00 0 0 경기74아3385 3 45 222000107 222000618 10 
2020-12-02T16:23:50.601832+09:00 0 0 경기74아3421 4 61 222000107 277103211 32 
2020-12-02T16:23:50.601846+09:00 0 0 경기74아3397 3 42 222000107 222001647 22 
2020-12-02T16:23:50.601859+09:00 0 0 경기74아2905 3 34 222000107 277103212 53 
2020-12-02T16:24:49.935411+09:00 0 0 경기74아3403 3 59 222000107 277102675 46 
2020-12-02T16:24:49.935473+09:00 0 0 경기74아3358 3 41 222000107 123000611 43 
2020-12-02T16:24:49.935493+09:00 0 0 경기74아3421 4 61 222000107 277103215 33 
2020-12-02T16:24:49.935510+09:00 0 0 경기74아3379 4 70 222000107 222001521 64 
2020-12-02T16:24:49.935526+09:00 0 0 경기74아3360 3 37 222000107 222000602 78 
2020-12-02T16:24:49.935541+09:00 0 0 경기74아3397 3 41 222000107 222001498 24 
2020-12-02T16:24:49.935555+09:00 0 0 경기74아3385 3 45 222000107 222000687 12 
2020-12-02T16:24:49.935569+09:00 0 0 경기74아2905 3 34 222000107 277103212 53 
2020-12-02T16:25:49.959185+09:00 0 0 경기74아3358 3 41 222000107 123000611 43 
2020-12-02T16:25:49.959246+09:00 0 0 경기74아3379 4 70 222000107 222001490 65 
2020-12-02T16:25:49.959267+09:00 0 0 경기74아3385 3 45 222000107 222000616 14 
2020-12-02T16:25:49.959284+09:00 0 0 경기74아3397 3 41 222000107 222001914 26 
2020-12-02T16:25:49.959301+09:00 0 0 경기74아3360 3 42 222000107 222000601 79 
2020-12-02T16:25:49.959316+09:00 0 0 경기74아3421 4 61 222000107 277103217 34 
2020-12-02T16:25:49.959330+09:00 0 0 경기74아3403 3 59 222000107 277103307 47 
2020-12-02T16:25:49.959343+09:00 0 0 경기74아2905 3 34 222000107 277103212 53 
2020-12-02T16:26:49.586152+09:00 0 0 경기74아3358 3 41 222000107 123000611 43 
2020-12-02T16:26:49.586208+09:00 0 0 경기74아3379 4 70 222000107 222001490 65 
2020-12-02T16:26:49.586228+09:00 0 0 경기74아3421 4 61 222000107 277103217 34 
2020-12-02T16:26:49.586243+09:00 0 0 경기74아3360 3 44 222000107 222000600 80 
2020-12-02T16:26:49.586259+09:00 0 0 경기74아3397 3 40 222000107 222001518 28 
2020-12-02T16:26:49.586274+09:00 0 0 경기74아3385 3 45 222000107 222000616 14 
2020-12-02T16:26:49.586287+09:00 0 0 경기74아3403 3 59 222000107 277103307 47 
2020-12-02T16:26:49.586301+09:00 0 0 경기74아2905 3 34 222000107 277103212 53 
2020-12-02T16:27:49.126920+09:00 0 0 경기74아3358 3 41 222000107 123000611 43 
2020-12-02T16:27:49.126988+09:00 0 0 경기74아3397 3 40 222000107 222001518 28 
2020-12-02T16:27:49.127008+09:00 0 0 경기74아3403 3 59 222000107 277103313 48 
2020-12-02T16:27:49.127024+09:00 0 0 경기74아3421 4 61 222000107 221000256 35 
2020-12-02T16:27:49.127040+09:00 0 0 경기74아3385 3 45 222000107 222001464 17 
2020-12-02T16:27:49.127054+09:00 0 0 경기74아3379 4 71 222000107 222001490 65 
2020-12-02T16:27:49.127068+09:00 0 0 경기74아2905 3 34 222000107 222001538 55 
2020-12-02T16:28:49.210599+09:00 0 0 경기74아3358 3 41 222000107 123000611 43 
2020-12-02T16:28:49.210661+09:00 0 0 경기74아3397 3 40 222000107 222001518 28 
2020-12-02T16:28:49.210682+09:00 0 0 경기74아3385 3 45 222000107 222001494 18 
2020-12-02T16:28:49.210698+09:00 0 0 경기74아3379 4 71 222000107 222001495 66 
2020-12-02T16:28:49.210715+09:00 0 0 경기74아3421 4 61 222000107 221000256 35 
2020-12-02T16:28:49.210730+09:00 0 0 경기74아3403 3 59 222000107 221000238 49 
2020-12-02T16:28:49.210744+09:00 0 0 경기74아2905 3 34 222000107 222001538 55 
2020-12-02T16:29:49.164420+09:00 0 0 경기74아3358 3 41 222000107 123000611 43 
2020-12-02T16:29:49.164481+09:00 0 0 경기74아3403 3 59 222000107 221000238 49 
2020-12-02T16:29:49.164501+09:00 0 0 경기74아3421 4 61 222000107 221000039 36 
2020-12-02T16:29:49.164517+09:00 0 0 경기74아3379 4 71 222000107 222001495 66 
2020-12-02T16:29:49.164534+09:00 0 0 경기74아3397 3 38 222000107 222001537 30 
2020-12-02T16:29:49.164549+09:00 0 0 경기74아3385 3 45 222000107 222001494 18 
2020-12-02T16:29:49.164562+09:00 0 0 경기74아2905 3 35 222000107 222001515 56 
2020-12-02T16:30:48.308445+09:00 0 0 경기74아3358 3 41 222000107 123000611 43 
2020-12-02T16:30:48.308509+09:00 0 0 경기74아3421 4 61 222000107 221000039 36 
2020-12-02T16:30:48.308529+09:00 0 0 경기74아3385 3 45 222000107 222001491 19 
2020-12-02T16:30:48.308545+09:00 0 0 경기74아3397 3 38 222000107 222001537 30 
2020-12-02T16:30:48.308562+09:00 0 0 경기74아3379 4 71 222000107 222000609 69 
2020-12-02T16:30:48.308576+09:00 0 0 경기74아3403 3 59 222000107 221000257 50 
2020-12-02T16:30:48.308590+09:00 0 0 경기74아2905 3 35 222000107 222001515 56 
2020-12-02T16:31:47.952242+09:00 0 0 경기74아3403 3 59 222000107 221000257 50 
2020-12-02T16:31:47.952305+09:00 0 0 경기74아3379 4 71 222000107 222001485 70 
2020-12-02T16:31:47.952325+09:00 0 0 경기74아3421 4 61 222000107 277100104 37 
2020-12-02T16:31:47.952342+09:00 0 0 경기74아3358 3 29 222000107 123000611 43 
2020-12-02T16:31:47.952358+09:00 0 0 경기74아3385 3 45 222000107 222001522 20 
2020-12-02T16:31:47.952373+09:00 0 0 경기74아3106 3 45 222000107 222001626 1 
2020-12-02T16:31:47.952387+09:00 0 0 경기74아3397 3 38 222000107 222001513 31 
2020-12-02T16:31:47.952400+09:00 0 0 경기74아2905 3 35 222000107 222001519 57 
2020-12-02T16:32:47.646112+09:00 0 0 경기74아3397 3 38 222000107 222001513 31 
2020-12-02T16:32:47.646163+09:00 0 0 경기74아3358 3 29 222000107 123000611 43 
2020-12-02T16:32:47.646194+09:00 0 0 경기74아3421 4 61 222000107 277103306 38 
2020-12-02T16:32:47.646210+09:00 0 0 경기74아3379 4 71 222000107 222000607 72 
2020-12-02T16:32:47.646228+09:00 0 0 경기74아3385 3 45 222000107 222001522 20 
2020-12-02T16:32:47.646243+09:00 0 0 경기74아3106 3 44 222000107 222000624 3 
2020-12-02T16:32:47.646257+09:00 0 0 경기74아3403 3 59 222000107 277103218 51 
2020-12-02T16:32:47.646271+09:00 0 0 경기74아2905 3 38 222000107 222001530 58 
2020-12-02T16:33:47.407116+09:00 0 0 경기74아3397 3 38 222000107 222001513 31 
2020-12-02T16:33:47.407174+09:00 0 0 경기74아3403 3 59 222000107 277103218 51 
2020-12-02T16:33:47.407193+09:00 0 0 경기74아3421 4 61 222000107 277103306 38 
2020-12-02T16:33:47.407208+09:00 0 0 경기74아3106 3 44 222000107 222000622 5 
2020-12-02T16:33:47.407225+09:00 0 0 경기74아3385 3 45 222000107 222001492 21 
2020-12-02T16:33:47.407239+09:00 0 0 경기74아3379 4 71 222000107 222000606 73 
2020-12-02T16:33:47.407253+09:00 0 0 경기74아3358 3 29 222000107 277102301 44 
2020-12-02T16:33:47.407266+09:00 0 0 경기74아2905 3 38 222000107 222001915 59 
2020-12-02T16:34:47.114007+09:00 0 0 경기74아3421 4 61 222000107 277103306 38 
2020-12-02T16:34:47.114080+09:00 0 0 경기74아3397 3 38 222000107 222001513 31 
2020-12-02T16:34:47.114100+09:00 0 0 경기74아3358 3 29 222000107 277102301 44 
2020-12-02T16:34:47.114116+09:00 0 0 경기74아3403 3 59 222000107 277103216 52 
2020-12-02T16:34:47.114132+09:00 0 0 경기74아3385 3 44 222000107 222001030 23 
2020-12-02T16:34:47.114147+09:00 0 0 경기74아3379 4 71 222000107 222000604 75 
2020-12-02T16:34:47.114161+09:00 0 0 경기74아3106 3 44 222000107 222000621 7 
2020-12-02T16:34:47.114175+09:00 0 0 경기74아2905 3 38 222000107 222001915 59 
2020-12-02T16:35:46.147902+09:00 0 0 경기74아3421 4 61 222000107 277103306 38 
2020-12-02T16:35:46.147966+09:00 0 0 경기74아3403 3 59 222000107 277103216 52 
2020-12-02T16:35:46.147986+09:00 0 0 경기74아3397 3 38 222000107 277103211 32 
2020-12-02T16:35:46.148001+09:00 0 0 경기74아3385 3 44 222000107 222001498 24 
2020-12-02T16:35:46.148017+09:00 0 0 경기74아3106 3 44 222000107 222000620 8 
2020-12-02T16:35:46.148043+09:00 0 0 경기74아3358 3 29 222000107 277103310 45 
2020-12-02T16:35:46.148057+09:00 0 0 경기74아3379 4 71 222000107 222000603 76 
2020-12-02T16:35:46.148070+09:00 0 0 경기74아2905 3 38 222000107 222001528 60 
2020-12-02T16:36:45.701726+09:00 0 0 경기74아3358 3 29 222000107 277102675 46 
2020-12-02T16:36:45.701782+09:00 0 0 경기74아3379 4 71 222000107 222001314 77 
2020-12-02T16:36:45.701802+09:00 0 0 경기74아3421 4 61 222000107 277102674 39 
2020-12-02T16:36:45.701817+09:00 0 0 경기74아3403 3 59 222000107 277103216 52 
2020-12-02T16:36:45.701833+09:00 0 0 경기74아3106 3 44 222000107 222000686 9 
2020-12-02T16:36:45.701848+09:00 0 0 경기74아3397 3 38 222000107 277103211 32 
2020-12-02T16:36:45.701862+09:00 0 0 경기74아3385 3 44 222000107 222001498 24 
2020-12-02T16:36:45.701876+09:00 0 0 경기74아2905 3 38 222000107 222001499 61 
2020-12-02T16:37:45.525796+09:00 0 0 경기74아3358 3 29 222000107 277102675 46 
2020-12-02T16:37:45.525856+09:00 0 0 경기74아3397 3 38 222000107 277103211 32 
2020-12-02T16:37:45.525876+09:00 0 0 경기74아3421 4 61 222000107 277103309 40 
2020-12-02T16:37:45.525892+09:00 0 0 경기74아3379 4 71 222000107 222000601 79 
2020-12-02T16:37:45.525908+09:00 0 0 경기74아3106 3 44 222000107 222000617 11 
2020-12-02T16:37:45.525923+09:00 0 0 경기74아3385 3 44 222000107 222001914 26 
2020-12-02T16:37:45.525937+09:00 0 0 경기74아3403 3 59 222000107 277103212 53 
2020-12-02T16:37:45.525950+09:00 0 0 경기74아2905 3 38 222000107 222001646 62 
2020-12-02T16:38:45.419793+09:00 0 0 경기74아3358 3 29 222000107 277102675 46 
2020-12-02T16:38:45.419859+09:00 0 0 경기74아3403 3 59 222000107 277103212 53 
2020-12-02T16:38:45.419880+09:00 0 0 경기74아3421 4 61 222000107 277103309 40 
2020-12-02T16:38:45.419896+09:00 0 0 경기74아3106 3 44 222000107 222001484 13 
2020-12-02T16:38:45.419913+09:00 0 0 경기74아3379 4 71 222000107 222000600 80 
2020-12-02T16:38:45.419928+09:00 0 0 경기74아3385 3 45 222000107 222001518 28 
2020-12-02T16:38:45.419942+09:00 0 0 경기74아3397 3 38 222000107 277103215 33 
2020-12-02T16:38:45.419956+09:00 0 0 경기74아2905 3 40 222000107 222001493 63 
2020-12-02T16:39:44.263838+09:00 0 0 경기74아3358 3 29 222000107 277102675 46 
2020-12-02T16:39:44.263899+09:00 0 0 경기74아3397 3 38 222000107 277103215 33 
2020-12-02T16:39:44.263920+09:00 0 0 경기74아3385 3 45 222000107 222001518 28 
2020-12-02T16:39:44.263936+09:00 0 0 경기74아3106 3 44 222000107 222000616 14 
2020-12-02T16:39:44.263954+09:00 0 0 경기74아3421 4 61 222000107 277103308 41 
2020-12-02T16:39:44.263969+09:00 0 0 경기74아3403 3 59 222000107 277103212 53 
2020-12-02T16:39:44.263983+09:00 0 0 경기74아2905 3 38 222000107 222001521 64 
2020-12-02T16:40:43.787794+09:00 0 0 경기74아3358 3 29 222000107 277102675 46 
2020-12-02T16:40:43.787856+09:00 0 0 경기74아3385 3 45 222000107 222001518 28 
2020-12-02T16:40:43.787876+09:00 0 0 경기74아3403 3 59 222000107 277103212 53 
2020-12-02T16:40:43.787891+09:00 0 0 경기74아3397 3 38 222000107 277103217 34 
2020-12-02T16:40:43.787907+09:00 0 0 경기74아3421 4 61 222000107 277103308 41 
2020-12-02T16:40:43.787922+09:00 0 0 경기74아3106 3 44 222000107 222001584 15 
2020-12-02T16:40:43.787936+09:00 0 0 경기74아2905 3 38 222000107 222001521 64 
2020-12-02T16:41:43.001703+09:00 0 0 경기74아3397 3 38 222000107 277103217 34 
2020-12-02T16:41:43.001766+09:00 0 0 경기74아3385 3 45 222000107 222001537 30 
2020-12-02T16:41:43.001786+09:00 0 0 경기74아3421 4 61 222000107 277102302 42 
2020-12-02T16:41:43.001801+09:00 0 0 경기74아3403 3 60 222000107 222001512 54 
2020-12-02T16:41:43.001818+09:00 0 0 경기74아3358 3 29 222000107 277103307 47 
2020-12-02T16:41:43.001832+09:00 0 0 경기74아3106 3 44 222000107 222001464 17 
2020-12-02T16:41:43.001846+09:00 0 0 경기74아2905 3 39 222000107 222001490 65 
2020-12-02T16:42:42.895692+09:00 0 0 경기74아3385 3 43 222000107 222001537 30 
2020-12-02T16:42:42.895752+09:00 0 0 경기74아3403 3 60 222000107 222001538 55 
2020-12-02T16:42:42.895771+09:00 0 0 경기74아3421 4 61 222000107 277102302 42 
2020-12-02T16:42:42.895787+09:00 0 0 경기74아3397 3 38 222000107 221000256 35 
2020-12-02T16:42:42.895803+09:00 0 0 경기74아3358 3 29 222000107 277103313 48 
2020-12-02T16:42:42.895818+09:00 0 0 경기74아3106 3 44 222000107 222001494 18 
2020-12-02T16:42:42.895831+09:00 0 0 경기74아2905 3 39 222000107 222001490 65 
2020-12-02T16:43:42.759615+09:00 0 0 경기74아3421 4 61 222000107 277102302 42 
2020-12-02T16:43:42.759672+09:00 0 0 경기74아3358 3 29 222000107 221000238 49 
2020-12-02T16:43:42.759692+09:00 0 0 경기74아3403 3 60 222000107 222001515 56 
2020-12-02T16:43:42.759707+09:00 0 0 경기74아3106 3 44 222000107 222001491 19 
2020-12-02T16:43:42.759728+09:00 0 0 경기74아3397 3 38 222000107 221000256 35 
2020-12-02T16:43:42.759743+09:00 0 0 경기74아3385 3 41 222000107 222001513 31 
2020-12-02T16:43:42.759757+09:00 0 0 경기74아2905 3 39 222000107 222001490 65 
2020-12-02T16:44:42.323778+09:00 0 0 경기74아3403 3 60 222000107 222001515 56 
2020-12-02T16:44:42.323838+09:00 0 0 경기74아3385 3 41 222000107 222001513 31 
2020-12-02T16:44:42.323858+09:00 0 0 경기74아3421 4 61 222000107 123000611 43 
2020-12-02T16:44:42.323874+09:00 0 0 경기74아3397 3 38 222000107 221000039 36 
2020-12-02T16:44:42.323890+09:00 0 0 경기74아3106 3 44 222000107 222001491 19 
2020-12-02T16:44:42.323904+09:00 0 0 경기74아3358 3 29 222000107 221000238 49 
2020-12-02T16:44:42.323918+09:00 0 0 경기74아2905 3 39 222000107 222001495 66 
2020-12-02T16:45:42.187709+09:00 0 0 경기74아3385 3 41 222000107 222001513 31 
2020-12-02T16:45:42.187770+09:00 0 0 경기74아3421 4 61 222000107 123000611 43 
2020-12-02T16:45:42.187790+09:00 0 0 경기74아3397 3 38 222000107 221000039 36 
2020-12-02T16:45:42.187805+09:00 0 0 경기74아3358 3 29 222000107 221000238 49 
2020-12-02T16:45:42.187821+09:00 0 0 경기74아3403 3 60 222000107 222001519 57 
2020-12-02T16:45:42.187835+09:00 0 0 경기74아3106 3 44 222000107 222001522 20 
2020-12-02T16:45:42.187848+09:00 0 0 경기74아2905 3 40 222000107 222001495 66 
